-1.03008 2.45793
-1.03017 2.45771
-1.03026 2.45748
-1.03035 2.45725
-1.03044 2.45703
-1.03053 2.45680
-1.03062 2.45657
-1.03071 2.45635
-1.03079 2.45612
-1.03088 2.45589
-1.03097 2.45567
-1.03106 2.45544
-1.03115 2.45522
-1.03124 2.45499
-1.03133 2.45476
-1.03142 2.45454
-1.03150 2.45431
-1.03159 2.45408
-1.03168 2.45386
-1.03177 2.45363
-1.03186 2.45340
-1.03194 2.45318
-1.03203 2.45295
-1.03212 2.45272
-1.03221 2.45250
-1.03229 2.45227
-1.03238 2.45204
-1.03247 2.45182
-1.03255 2.45159
-1.03264 2.45136
-1.03273 2.45114
-1.03281 2.45091
-1.03290 2.45068
-1.03299 2.45046
-1.03307 2.45023
-1.03316 2.45000
-1.03324 2.44978
-1.03333 2.44955
-1.03342 2.44932
-1.03350 2.44910
-1.03359 2.44887
-1.03367 2.44864
-1.03376 2.44842
-1.03384 2.44819
-1.03393 2.44796
-1.03401 2.44773
-1.03410 2.44751
-1.03419 2.44728
-1.03427 2.44705
-1.03436 2.44683
-1.03445 2.44660
-1.03453 2.44637
-1.03462 2.44615
-1.03471 2.44592
-1.03479 2.44569
-1.03488 2.44546
-1.03497 2.44524
-1.03505 2.44501
-1.03514 2.44478
-1.03522 2.44455
-1.03531 2.44433
-1.03539 2.44410
-1.03548 2.44387
-1.03557 2.44365
-1.03565 2.44342
-1.03574 2.44319
-1.03582 2.44296
-1.03591 2.44274
-1.03599 2.44251
-1.03607 2.44228
-1.03616 2.44205
-1.03624 2.44183
-1.03633 2.44160
-1.03641 2.44137
-1.03650 2.44114
-1.03658 2.44092
-1.03666 2.44069
-1.03675 2.44046
-1.03683 2.44023
-1.03691 2.44001
-1.03700 2.43978
-1.03708 2.43955
-1.03716 2.43932
-1.03725 2.43910
-1.03733 2.43887
-1.03741 2.43864
-1.03749 2.43841
-1.03758 2.43819
-1.03766 2.43796
-1.03774 2.43773
-1.03782 2.43750
-1.03791 2.43727
-1.03799 2.43705
-1.03807 2.43682
-1.03815 2.43659
-1.03823 2.43636
-1.03831 2.43614
-1.03840 2.43591
-1.03848 2.43568
-1.03856 2.43545
-1.03864 2.43522
-1.03872 2.43500
-1.03880 2.43477
-1.03888 2.43454
-1.03896 2.43431
-1.03904 2.43409
-1.03912 2.43386
-1.03920 2.43363
-1.03928 2.43340
-1.03937 2.43317
-1.03945 2.43294
-1.03953 2.43272
-1.03962 2.43249
-1.03970 2.43226
-1.03979 2.43203
-1.03987 2.43180
-1.03995 2.43157
-1.04004 2.43135
-1.04012 2.43112
-1.04020 2.43089
-1.04029 2.43066
-1.04037 2.43043
-1.04045 2.43020
-1.04053 2.42998
-1.04062 2.42975
-1.04070 2.42952
-1.04078 2.42929
-1.04086 2.42906
-1.04095 2.42883
-1.04103 2.42861
-1.04111 2.42838
-1.04119 2.42815
-1.04127 2.42792
-1.04136 2.42769
-1.04144 2.42746
-1.04152 2.42723
-1.04160 2.42700
-1.04168 2.42678
-1.04176 2.42655
-1.04184 2.42632
-1.04192 2.42609
-1.04200 2.42586
-1.04208 2.42563
-1.04217 2.42540
-1.04225 2.42518
-1.04233 2.42495
-1.04241 2.42472
-1.04249 2.42449
-1.04257 2.42426
-1.04265 2.42403
-1.04273 2.42380
-1.04280 2.42357
-1.04288 2.42334
-1.04296 2.42312
-1.04304 2.42289
-1.04312 2.42266
-1.04320 2.42243
-1.04328 2.42220
-1.04336 2.42197
-1.04344 2.42174
-1.04352 2.42151
-1.04359 2.42128
-1.04367 2.42105
-1.04375 2.42083
-1.04383 2.42060
-1.04391 2.42037
-1.04398 2.42014
-1.04406 2.41991
-1.04414 2.41968
-1.04422 2.41945
-1.04429 2.41922
-1.04437 2.41899
-1.04445 2.41876
-1.04453 2.41853
-1.04460 2.41830
-1.04468 2.41807
-1.04476 2.41785
-1.04483 2.41762
-1.04491 2.41739
-1.04499 2.41716
-1.04507 2.41693
-1.04515 2.41670
-1.04523 2.41647
-1.04531 2.41624
-1.04540 2.41601
-1.04548 2.41578
-1.04556 2.41555
-1.04564 2.41532
-1.04572 2.41509
-1.04580 2.41486
-1.04589 2.41463
-1.04597 2.41440
-1.04605 2.41417
-1.04613 2.41394
-1.04621 2.41371
-1.04629 2.41348
-1.04637 2.41325
-1.04645 2.41302
-1.04653 2.41279
-1.04661 2.41256
-1.04669 2.41233
-1.04677 2.41210
-1.04685 2.41187
-1.04693 2.41164
-1.04701 2.41141
-1.04709 2.41118
-1.04717 2.41095
-1.04725 2.41072
-1.04733 2.41049
-1.04741 2.41026
-1.04749 2.41003
-1.04757 2.40980
-1.04765 2.40957
-1.04773 2.40934
-1.04781 2.40911
-1.04789 2.40888
-1.04796 2.40865
-1.04804 2.40842
-1.04812 2.40819
-1.04820 2.40796
-1.04828 2.40772
-1.04835 2.40749
-1.04843 2.40726
-1.04851 2.40703
-1.04859 2.40680
-1.04867 2.40657
-1.04874 2.40634
-1.04882 2.40611
-1.04890 2.40588
-1.04897 2.40565
-1.04905 2.40542
-1.04913 2.40519
-1.04921 2.40496
-1.04928 2.40473
-1.04936 2.40450
-1.04943 2.40427
-1.04951 2.40404
-1.04959 2.40381
-1.04966 2.40357
-1.04974 2.40334
-1.04981 2.40311
-1.04989 2.40288
-1.04997 2.40265
-1.05004 2.40242
-1.05012 2.40219
-1.05019 2.40196
-1.05027 2.40173
-1.05034 2.40150
-1.05042 2.40127
-1.05049 2.40104
-1.05057 2.40080
-1.05064 2.40057
-1.05072 2.40034
-1.05079 2.40011
-1.05087 2.39988
-1.05094 2.39965
-1.05101 2.39942
-1.05109 2.39919
-1.05116 2.39896
-1.05124 2.39873
-1.05131 2.39849
-1.05138 2.39826
-1.05146 2.39803
-1.05153 2.39780
-1.05160 2.39757
-1.05168 2.39734
-1.05175 2.39711
-1.05183 2.39688
-1.05191 2.39664
-1.05200 2.39641
-1.05208 2.39618
-1.05216 2.39595
-1.05225 2.39572
-1.05233 2.39548
-1.05242 2.39525
-1.05250 2.39502
-1.05258 2.39479
-1.05266 2.39455
-1.05275 2.39432
-1.05283 2.39409
-1.05291 2.39386
-1.05300 2.39363
-1.05308 2.39339
-1.05316 2.39316
-1.05324 2.39293
-1.05333 2.39270
-1.05341 2.39246
-1.05349 2.39223
-1.05357 2.39200
-1.05365 2.39177
-1.05373 2.39153
-1.05382 2.39130
-1.05390 2.39107
-1.05398 2.39084
-1.05406 2.39060
-1.05414 2.39037
-1.05422 2.39014
-1.05430 2.38991
-1.05438 2.38967
-1.05446 2.38944
-1.05454 2.38921
-1.05462 2.38898
-1.05470 2.38874
-1.05478 2.38851
-1.05486 2.38828
-1.05494 2.38805
-1.05502 2.38781
-1.05510 2.38758
-1.05518 2.38735
-1.05526 2.38711
-1.05534 2.38688
-1.05542 2.38665
-1.05550 2.38642
-1.05558 2.38618
-1.05566 2.38595
-1.05574 2.38572
-1.05582 2.38548
-1.05589 2.38525
-1.05597 2.38502
-1.05605 2.38479
-1.05613 2.38455
-1.05621 2.38432
-1.05628 2.38409
-1.05636 2.38385
-1.05644 2.38362
-1.05652 2.38339
-1.05660 2.38315
-1.05667 2.38292
-1.05675 2.38269
-1.05683 2.38245
-1.05690 2.38222
-1.05698 2.38199
-1.05706 2.38176
-1.05714 2.38152
-1.05721 2.38129
-1.05729 2.38106
-1.05737 2.38082
-1.05744 2.38059
-1.05752 2.38036
-1.05759 2.38012
-1.05767 2.37989
-1.05775 2.37966
-1.05782 2.37942
-1.05790 2.37919
-1.05797 2.37895
-1.05805 2.37872
-1.05812 2.37849
-1.05820 2.37825
-1.05827 2.37802
-1.05835 2.37779
-1.05842 2.37755
-1.05850 2.37732
-1.05857 2.37709
-1.05865 2.37685
-1.05872 2.37662
-1.05880 2.37639
-1.05887 2.37615
-1.05894 2.37592
-1.05902 2.37568
-1.05909 2.37545
-1.05917 2.37522
-1.05924 2.37498
-1.05932 2.37475
-1.05939 2.37451
-1.05947 2.37428
-1.05955 2.37405
-1.05962 2.37381
-1.05970 2.37358
-1.05978 2.37334
-1.05985 2.37311
-1.05993 2.37288
-1.06000 2.37264
-1.06008 2.37241
-1.06016 2.37217
-1.06023 2.37194
-1.06031 2.37170
-1.06038 2.37147
-1.06046 2.37123
-1.06053 2.37100
-1.06061 2.37077
-1.06068 2.37053
-1.06076 2.37030
-1.06083 2.37006
-1.06091 2.36983
-1.06098 2.36959
-1.06106 2.36936
-1.06113 2.36912
-1.06120 2.36889
-1.06128 2.36866
-1.06135 2.36842
-1.06143 2.36819
-1.06150 2.36795
-1.06157 2.36772
-1.06165 2.36748
-1.06172 2.36725
-1.06179 2.36701
-1.06187 2.36678
-1.06194 2.36654
-1.06201 2.36631
-1.06209 2.36607
-1.06216 2.36584
-1.06223 2.36560
-1.06230 2.36537
-1.06238 2.36513
-1.06245 2.36490
-1.06252 2.36466
-1.06259 2.36443
-1.06267 2.36419
-1.06274 2.36396
-1.06281 2.36372
-1.06288 2.36349
-1.06295 2.36325
-1.06303 2.36302
-1.06310 2.36278
-1.06317 2.36255
-1.06324 2.36231
-1.06331 2.36208
-1.06338 2.36184
-1.06345 2.36161
-1.06352 2.36137
-1.06359 2.36114
-1.06366 2.36090
-1.06373 2.36067
-1.06381 2.36043
-1.06388 2.36020
-1.06395 2.35996
-1.06402 2.35973
-1.06409 2.35949
-1.06416 2.35925
-1.06423 2.35902
-1.06429 2.35878
-1.06436 2.35855
-1.06443 2.35831
-1.06450 2.35808
-1.06457 2.35784
-1.06464 2.35761
-1.06471 2.35737
-1.06478 2.35714
-1.06485 2.35690
-1.06492 2.35666
-1.06499 2.35643
-1.06505 2.35619
-1.06512 2.35596
-1.06519 2.35572
-1.06526 2.35549
-1.06533 2.35525
-1.06539 2.35501
-1.06546 2.35478
-1.06553 2.35454
-1.06560 2.35431
-1.06567 2.35407
-1.06573 2.35384
-1.06580 2.35360
-1.06587 2.35336
-1.06593 2.35313
-1.06600 2.35289
-1.06607 2.35266
-1.06614 2.35242
-1.06620 2.35218
-1.06627 2.35195
-1.06634 2.35171
-1.06640 2.35148
-1.06647 2.35124
-1.06653 2.35100
-1.06660 2.35077
-1.06667 2.35053
-1.06673 2.35030
-1.06680 2.35006
-1.06687 2.34982
-1.06693 2.34959
-1.06700 2.34935
-1.06707 2.34911
-1.06714 2.34888
-1.06720 2.34864
-1.06727 2.34840
-1.06734 2.34817
-1.06740 2.34793
-1.06747 2.34769
-1.06753 2.34746
-1.06760 2.34722
-1.06767 2.34698
-1.06773 2.34675
-1.06780 2.34651
-1.06786 2.34627
-1.06793 2.34604
-1.06799 2.34580
-1.06806 2.34556
-1.06813 2.34533
-1.06819 2.34509
-1.06826 2.34485
-1.06832 2.34462
-1.06839 2.34438
-1.06845 2.34414
-1.06852 2.34391
-1.06858 2.34367
-1.06864 2.34343
-1.06871 2.34320
-1.06877 2.34296
-1.06884 2.34272
-1.06890 2.34249
-1.06897 2.34225
-1.06903 2.34201
-1.06909 2.34177
-1.06916 2.34154
-1.06922 2.34130
-1.06928 2.34106
-1.06935 2.34083
-1.06941 2.34059
-1.06947 2.34035
-1.06954 2.34012
-1.06960 2.33988
-1.06966 2.33964
-1.06973 2.33940
-1.06979 2.33917
-1.06985 2.33893
-1.06991 2.33869
-1.06998 2.33845
-1.07004 2.33822
-1.07010 2.33798
-1.07016 2.33774
-1.07022 2.33751
-1.07029 2.33727
-1.07035 2.33703
-1.07041 2.33679
-1.07047 2.33656
-1.07053 2.33632
-1.07059 2.33608
-1.07065 2.33584
-1.07072 2.33561
-1.07078 2.33537
-1.07084 2.33513
-1.07090 2.33489
-1.07096 2.33465
-1.07102 2.33442
-1.07108 2.33418
-1.07114 2.33394
-1.07120 2.33370
-1.07126 2.33347
-1.07132 2.33323
-1.07138 2.33299
-1.07144 2.33275
-1.07150 2.33252
-1.07156 2.33228
-1.07162 2.33204
-1.07168 2.33180
-1.07174 2.33156
-1.07180 2.33133
-1.07186 2.33109
-1.07192 2.33085
-1.07198 2.33061
-1.07204 2.33037
-1.07210 2.33014
-1.07215 2.32990
-1.07221 2.32966
-1.07227 2.32942
-1.07233 2.32918
-1.07239 2.32895
-1.07245 2.32871
-1.07251 2.32847
-1.07256 2.32823
-1.07262 2.32799
-1.07268 2.32776
-1.07274 2.32752
-1.07279 2.32728
-1.07285 2.32704
-1.07291 2.32680
-1.07297 2.32656
-1.07302 2.32633
-1.07308 2.32609
-1.07314 2.32585
-1.07320 2.32561
-1.07325 2.32537
-1.07332 2.32513
-1.07338 2.32489
-1.07345 2.32465
-1.07351 2.32441
-1.07358 2.32417
-1.07364 2.32394
-1.07371 2.32370
-1.07377 2.32346
-1.07384 2.32322
-1.07390 2.32298
-1.07397 2.32274
-1.07403 2.32250
-1.07410 2.32226
-1.07416 2.32202
-1.07423 2.32178
-1.07429 2.32154
-1.07435 2.32130
-1.07442 2.32106
-1.07448 2.32082
-1.07455 2.32058
-1.07461 2.32034
-1.07467 2.32010
-1.07474 2.31986
-1.07480 2.31962
-1.07486 2.31938
-1.07493 2.31914
-1.07499 2.31890
-1.07505 2.31866
-1.07511 2.31842
-1.07518 2.31818
-1.07524 2.31794
-1.07530 2.31770
-1.07536 2.31746
-1.07543 2.31722
-1.07549 2.31698
-1.07555 2.31674
-1.07561 2.31650
-1.07567 2.31626
-1.07574 2.31602
-1.07580 2.31578
-1.07586 2.31554
-1.07592 2.31530
-1.07598 2.31506
-1.07604 2.31482
-1.07610 2.31458
-1.07617 2.31434
-1.07623 2.31410
-1.07629 2.31386
-1.07635 2.31362
-1.07641 2.31338
-1.07647 2.31313
-1.07653 2.31289
-1.07659 2.31265
-1.07665 2.31241
-1.07671 2.31217
-1.07677 2.31193
-1.07683 2.31169
-1.07689 2.31145
-1.07695 2.31121
-1.07701 2.31097
-1.07707 2.31073
-1.07713 2.31049
-1.07719 2.31025
-1.07725 2.31001
-1.07731 2.30977
-1.07737 2.30952
-1.07743 2.30928
-1.07748 2.30904
-1.07754 2.30880
-1.07760 2.30856
-1.07766 2.30832
-1.07772 2.30808
-1.07778 2.30784
-1.07784 2.30760
-1.07789 2.30736
-1.07795 2.30712
-1.07801 2.30687
-1.07807 2.30663
-1.07813 2.30639
-1.07818 2.30615
-1.07824 2.30591
-1.07830 2.30567
-1.07836 2.30543
-1.07841 2.30519
-1.07847 2.30494
-1.07853 2.30470
-1.07858 2.30446
-1.07864 2.30422
-1.07870 2.30398
-1.07876 2.30374
-1.07881 2.30350
-1.07887 2.30326
-1.07893 2.30301
-1.07898 2.30277
-1.07904 2.30253
-1.07909 2.30229
-1.07915 2.30205
-1.07921 2.30181
-1.07926 2.30157
-1.07932 2.30132
-1.07937 2.30108
-1.07943 2.30084
-1.07948 2.30060
-1.07954 2.30036
-1.07960 2.30012
-1.07965 2.29987
-1.07972 2.29963
-1.07979 2.29939
-1.07986 2.29914
-1.07993 2.29890
-1.08000 2.29866
-1.08007 2.29841
-1.08014 2.29817
-1.08021 2.29792
-1.08028 2.29768
-1.08035 2.29744
-1.08042 2.29719
-1.08049 2.29695
-1.08056 2.29670
-1.08063 2.29646
-1.08070 2.29622
-1.08076 2.29597
-1.08083 2.29573
-1.08090 2.29548
-1.08097 2.29524
-1.08104 2.29500
-1.08111 2.29475
-1.08118 2.29451
-1.08125 2.29426
-1.08131 2.29402
-1.08138 2.29377
-1.08145 2.29353
-1.08152 2.29329
-1.08159 2.29304
-1.08165 2.29280
-1.08172 2.29255
-1.08179 2.29231
-1.08186 2.29206
-1.08192 2.29182
-1.08199 2.29157
-1.08206 2.29133
-1.08213 2.29109
-1.08219 2.29084
-1.08226 2.29060
-1.08233 2.29035
-1.08239 2.29011
-1.08246 2.28986
-1.08253 2.28962
-1.08259 2.28937
-1.08266 2.28913
-1.08272 2.28888
-1.08279 2.28864
-1.08286 2.28839
-1.08292 2.28815
-1.08299 2.28790
-1.08305 2.28766
-1.08312 2.28741
-1.08318 2.28717
-1.08325 2.28692
-1.08331 2.28668
-1.08338 2.28643
-1.08344 2.28619
-1.08351 2.28594
-1.08357 2.28570
-1.08364 2.28545
-1.08370 2.28521
-1.08377 2.28496
-1.08383 2.28472
-1.08390 2.28447
-1.08396 2.28423
-1.08402 2.28398
-1.08409 2.28374
-1.08415 2.28349
-1.08422 2.28324
-1.08428 2.28300
-1.08434 2.28275
-1.08441 2.28251
-1.08447 2.28226
-1.08453 2.28202
-1.08460 2.28177
-1.08466 2.28153
-1.08472 2.28128
-1.08478 2.28103
-1.08485 2.28079
-1.08491 2.28054
-1.08497 2.28030
-1.08504 2.28005
-1.08510 2.27981
-1.08516 2.27956
-1.08522 2.27931
-1.08528 2.27907
-1.08535 2.27882
-1.08541 2.27858
-1.08547 2.27833
-1.08553 2.27808
-1.08559 2.27784
-1.08565 2.27759
-1.08572 2.27735
-1.08578 2.27710
-1.08584 2.27685
-1.08590 2.27661
-1.08596 2.27636
-1.08602 2.27612
-1.08608 2.27587
-1.08615 2.27562
-1.08621 2.27538
-1.08628 2.27513
-1.08634 2.27488
-1.08641 2.27464
-1.08647 2.27439
-1.08654 2.27414
-1.08660 2.27389
-1.08667 2.27365
-1.08673 2.27340
-1.08680 2.27315
-1.08686 2.27290
-1.08693 2.27266
-1.08699 2.27241
-1.08706 2.27216
-1.08712 2.27192
-1.08719 2.27167
-1.08725 2.27142
-1.08731 2.27117
-1.08738 2.27093
-1.08744 2.27068
-1.08750 2.27043
-1.08757 2.27018
-1.08763 2.26994
-1.08769 2.26969
-1.08776 2.26944
-1.08782 2.26919
-1.08788 2.26895
-1.08795 2.26870
-1.08801 2.26845
-1.08807 2.26820
-1.08813 2.26795
-1.08820 2.26771
-1.08826 2.26746
-1.08832 2.26721
-1.08838 2.26696
-1.08845 2.26671
-1.08851 2.26647
-1.08857 2.26622
-1.08863 2.26597
-1.08869 2.26572
-1.08876 2.26547
-1.08882 2.26523
-1.08888 2.26498
-1.08894 2.26473
-1.08900 2.26448
-1.08906 2.26423
-1.08912 2.26399
-1.08918 2.26374
-1.08924 2.26349
-1.08930 2.26324
-1.08937 2.26299
-1.08943 2.26274
-1.08949 2.26250
-1.08955 2.26225
-1.08961 2.26200
-1.08967 2.26175
-1.08973 2.26150
-1.08979 2.26125
-1.08985 2.26101
-1.08991 2.26076
-1.08997 2.26051
-1.09003 2.26026
-1.09008 2.26001
-1.09014 2.25976
-1.09020 2.25951
-1.09026 2.25926
-1.09032 2.25902
-1.09038 2.25877
-1.09044 2.25852
-1.09050 2.25827
-1.09056 2.25802
-1.09061 2.25777
-1.09067 2.25752
-1.09073 2.25727
-1.09079 2.25703
-1.09085 2.25678
-1.09091 2.25653
-1.09096 2.25628
-1.09102 2.25603
-1.09108 2.25578
-1.09114 2.25553
-1.09119 2.25528
-1.09125 2.25503
-1.09131 2.25478
-1.09137 2.25453
-1.09142 2.25428
-1.09148 2.25404
-1.09154 2.25379
-1.09159 2.25354
-1.09165 2.25329
-1.09171 2.25304
-1.09176 2.25279
-1.09182 2.25254
-1.09188 2.25229
-1.09193 2.25204
-1.09199 2.25179
-1.09204 2.25154
-1.09210 2.25129
-1.09216 2.25104
-1.09221 2.25079
-1.09227 2.25054
-1.09233 2.25029
-1.09238 2.25004
-1.09244 2.24979
-1.09250 2.24954
-1.09255 2.24929
-1.09261 2.24904
-1.09266 2.24879
-1.09272 2.24854
-1.09278 2.24829
-1.09283 2.24804
-1.09289 2.24779
-1.09294 2.24754
-1.09300 2.24729
-1.09306 2.24704
-1.09311 2.24679
-1.09317 2.24654
-1.09322 2.24629
-1.09328 2.24604
-1.09333 2.24579
-1.09339 2.24554
-1.09344 2.24529
-1.09350 2.24504
-1.09355 2.24479
-1.09360 2.24454
-1.09366 2.24429
-1.09371 2.24404
-1.09377 2.24379
-1.09382 2.24354
-1.09388 2.24328
-1.09393 2.24303
-1.09398 2.24278
-1.09404 2.24253
-1.09409 2.24228
-1.09414 2.24203
-1.09420 2.24178
-1.09425 2.24153
-1.09430 2.24128
-1.09436 2.24103
-1.09441 2.24078
-1.09446 2.24053
-1.09452 2.24027
-1.09457 2.24002
-1.09462 2.23977
-1.09467 2.23952
-1.09473 2.23927
-1.09478 2.23902
-1.09483 2.23877
-1.09488 2.23852
-1.09494 2.23827
-1.09499 2.23801
-1.09504 2.23776
-1.09509 2.23751
-1.09514 2.23726
-1.09520 2.23701
-1.09525 2.23676
-1.09530 2.23651
-1.09535 2.23626
-1.09540 2.23600
-1.09545 2.23575
-1.09550 2.23550
-1.09555 2.23525
-1.09561 2.23500
-1.09566 2.23475
-1.09571 2.23449
-1.09576 2.23424
-1.09581 2.23399
-1.09586 2.23374
-1.09591 2.23349
-1.09596 2.23324
-1.09601 2.23298
-1.09606 2.23273
-1.09611 2.23248
-1.09616 2.23223
-1.09621 2.23198
-1.09626 2.23173
-1.09631 2.23147
-1.09636 2.23122
-1.09641 2.23097
-1.09646 2.23072
-1.09650 2.23047
-1.09655 2.23021
-1.09660 2.22996
-1.09665 2.22971
-1.09670 2.22946
-1.09675 2.22920
-1.09680 2.22895
-1.09685 2.22870
-1.09689 2.22845
-1.09694 2.22820
-1.09699 2.22794
-1.09704 2.22769
-1.09709 2.22744
-1.09714 2.22719
-1.09718 2.22693
-1.09723 2.22668
-1.09728 2.22643
-1.09734 2.22618
-1.09739 2.22592
-1.09744 2.22567
-1.09749 2.22542
-1.09754 2.22516
-1.09759 2.22491
-1.09764 2.22466
-1.09769 2.22440
-1.09774 2.22415
-1.09779 2.22390
-1.09784 2.22364
-1.09789 2.22339
-1.09794 2.22314
-1.09799 2.22288
-1.09804 2.22263
-1.09808 2.22238
-1.09813 2.22212
-1.09818 2.22187
-1.09823 2.22162
-1.09828 2.22136
-1.09833 2.22111
-1.09838 2.22085
-1.09843 2.22060
-1.09848 2.22035
-1.09852 2.22009
-1.09857 2.21984
-1.09862 2.21959
-1.09867 2.21933
-1.09872 2.21908
-1.09876 2.21882
-1.09881 2.21857
-1.09886 2.21832
-1.09891 2.21806
-1.09896 2.21781
-1.09900 2.21755
-1.09905 2.21730
-1.09910 2.21705
-1.09914 2.21679
-1.09919 2.21654
-1.09924 2.21628
-1.09929 2.21603
-1.09933 2.21578
-1.09938 2.21552
-1.09943 2.21527
-1.09947 2.21501
-1.09952 2.21476
-1.09957 2.21450
-1.09961 2.21425
-1.09966 2.21400
-1.09970 2.21374
-1.09975 2.21349
-1.09980 2.21323
-1.09984 2.21298
-1.09989 2.21272
-1.09993 2.21247
-1.09998 2.21221
-1.10002 2.21196
-1.10007 2.21170
-1.10012 2.21145
-1.10016 2.21120
-1.10021 2.21094
-1.10025 2.21069
-1.10030 2.21043
-1.10034 2.21018
-1.10038 2.20992
-1.10043 2.20967
-1.10047 2.20941
-1.10052 2.20916
-1.10056 2.20890
-1.10061 2.20865
-1.10065 2.20839
-1.10070 2.20814
-1.10074 2.20788
-1.10078 2.20763
-1.10083 2.20737
-1.10087 2.20712
-1.10091 2.20686
-1.10096 2.20661
-1.10100 2.20635
-1.10104 2.20610
-1.10109 2.20584
-1.10113 2.20558
-1.10117 2.20533
-1.10122 2.20507
-1.10126 2.20482
-1.10130 2.20456
-1.10135 2.20431
-1.10139 2.20405
-1.10143 2.20380
-1.10147 2.20354
-1.10152 2.20329
-1.10156 2.20303
-1.10161 2.20277
-1.10167 2.20251
-1.10172 2.20226
-1.10177 2.20200
-1.10182 2.20174
-1.10188 2.20148
-1.10193 2.20122
-1.10198 2.20097
-1.10203 2.20071
-1.10209 2.20045
-1.10214 2.20019
-1.10219 2.19993
-1.10224 2.19968
-1.10229 2.19942
-1.10235 2.19916
-1.10240 2.19890
-1.10245 2.19864
-1.10250 2.19838
-1.10255 2.19813
-1.10260 2.19787
-1.10265 2.19761
-1.10271 2.19735
-1.10276 2.19709
-1.10281 2.19683
-1.10286 2.19657
-1.10291 2.19632
-1.10296 2.19606
-1.10301 2.19580
-1.10306 2.19554
-1.10311 2.19528
-1.10316 2.19502
-1.10321 2.19476
-1.10326 2.19450
-1.10331 2.19425
-1.10336 2.19399
-1.10341 2.19373
-1.10346 2.19347
-1.10351 2.19321
-1.10356 2.19295
-1.10361 2.19269
-1.10366 2.19243
-1.10371 2.19217
-1.10376 2.19191
-1.10381 2.19166
-1.10385 2.19140
-1.10390 2.19114
-1.10395 2.19088
-1.10400 2.19062
-1.10405 2.19036
-1.10410 2.19010
-1.10415 2.18984
-1.10419 2.18958
-1.10424 2.18932
-1.10429 2.18906
-1.10434 2.18880
-1.10439 2.18854
-1.10443 2.18828
-1.10448 2.18802
-1.10453 2.18776
-1.10458 2.18750
-1.10462 2.18725
-1.10467 2.18699
-1.10472 2.18673
-1.10476 2.18647
-1.10481 2.18621
-1.10486 2.18595
-1.10491 2.18569
-1.10495 2.18543
-1.10500 2.18517
-1.10505 2.18491
-1.10509 2.18465
-1.10514 2.18439
-1.10518 2.18413
-1.10523 2.18387
-1.10528 2.18361
-1.10532 2.18335
-1.10537 2.18309
-1.10541 2.18283
-1.10546 2.18257
-1.10550 2.18230
-1.10555 2.18204
-1.10559 2.18178
-1.10564 2.18152
-1.10568 2.18127
-1.10572 2.18101
-1.10576 2.18075
-1.10581 2.18049
-1.10585 2.18023
-1.10589 2.17997
-1.10593 2.17971
-1.10597 2.17945
-1.10602 2.17919
-1.10606 2.17893
-1.10610 2.17867
-1.10614 2.17841
-1.10618 2.17814
-1.10622 2.17788
-1.10626 2.17762
-1.10630 2.17736
-1.10635 2.17710
-1.10639 2.17684
-1.10643 2.17658
-1.10647 2.17632
-1.10651 2.17606
-1.10655 2.17580
-1.10659 2.17554
-1.10663 2.17528
-1.10667 2.17502
-1.10671 2.17476
-1.10675 2.17450
-1.10679 2.17424
-1.10683 2.17398
-1.10687 2.17372
-1.10691 2.17346
-1.10695 2.17320
-1.10699 2.17293
-1.10703 2.17267
-1.10707 2.17241
-1.10711 2.17215
-1.10715 2.17189
-1.10719 2.17163
-1.10723 2.17137
-1.10726 2.17111
-1.10730 2.17085
-1.10734 2.17059
-1.10738 2.17033
-1.10742 2.17006
-1.10746 2.16980
-1.10750 2.16954
-1.10753 2.16928
-1.10757 2.16902
-1.10761 2.16876
-1.10765 2.16850
-1.10769 2.16824
-1.10772 2.16797
-1.10776 2.16771
-1.10780 2.16745
-1.10784 2.16719
-1.10788 2.16693
-1.10791 2.16667
-1.10795 2.16641
-1.10799 2.16614
-1.10802 2.16588
-1.10806 2.16562
-1.10810 2.16536
-1.10814 2.16510
-1.10817 2.16484
-1.10821 2.16457
-1.10825 2.16431
-1.10828 2.16405
-1.10832 2.16379
-1.10835 2.16353
-1.10839 2.16326
-1.10843 2.16300
-1.10846 2.16274
-1.10850 2.16248
-1.10854 2.16222
-1.10857 2.16195
-1.10861 2.16169
-1.10864 2.16143
-1.10868 2.16117
-1.10871 2.16091
-1.10875 2.16064
-1.10878 2.16038
-1.10883 2.16012
-1.10887 2.15985
-1.10892 2.15959
-1.10896 2.15932
-1.10901 2.15906
-1.10906 2.15879
-1.10910 2.15853
-1.10915 2.15826
-1.10919 2.15800
-1.10924 2.15773
-1.10928 2.15747
-1.10933 2.15720
-1.10937 2.15694
-1.10942 2.15667
-1.10946 2.15640
-1.10951 2.15614
-1.10955 2.15587
-1.10960 2.15561
-1.10964 2.15534
-1.10969 2.15508
-1.10973 2.15481
-1.10978 2.15455
-1.10982 2.15428
-1.10987 2.15401
-1.10991 2.15375
-1.10995 2.15348
-1.11000 2.15322
-1.11004 2.15295
-1.11009 2.15269
-1.11013 2.15242
-1.11017 2.15215
-1.11022 2.15189
-1.11026 2.15162
-1.11030 2.15136
-1.11035 2.15109
-1.11039 2.15082
-1.11043 2.15056
-1.11048 2.15029
-1.11052 2.15002
-1.11056 2.14976
-1.11060 2.14949
-1.11065 2.14923
-1.11069 2.14896
-1.11073 2.14869
-1.11077 2.14843
-1.11082 2.14816
-1.11086 2.14789
-1.11090 2.14763
-1.11094 2.14736
-1.11098 2.14709
-1.11102 2.14683
-1.11107 2.14656
-1.11111 2.14629
-1.11115 2.14603
-1.11119 2.14576
-1.11123 2.14549
-1.11127 2.14523
-1.11131 2.14496
-1.11135 2.14469
-1.11140 2.14443
-1.11144 2.14416
-1.11148 2.14389
-1.11152 2.14362
-1.11156 2.14336
-1.11160 2.14309
-1.11164 2.14282
-1.11168 2.14256
-1.11172 2.14229
-1.11176 2.14202
-1.11180 2.14175
-1.11184 2.14149
-1.11188 2.14122
-1.11192 2.14095
-1.11197 2.14068
-1.11202 2.14041
-1.11207 2.14014
-1.11211 2.13987
-1.11216 2.13960
-1.11221 2.13933
-1.11226 2.13906
-1.11230 2.13879
-1.11235 2.13852
-1.11240 2.13825
-1.11245 2.13798
-1.11249 2.13771
-1.11254 2.13744
-1.11259 2.13717
-1.11263 2.13690
-1.11268 2.13663
-1.11273 2.13636
-1.11277 2.13609
-1.11282 2.13582
-1.11287 2.13555
-1.11291 2.13528
-1.11296 2.13501
-1.11300 2.13474
-1.11305 2.13447
-1.11310 2.13420
-1.11314 2.13393
-1.11319 2.13366
-1.11323 2.13339
-1.11328 2.13312
-1.11332 2.13285
-1.11337 2.13258
-1.11341 2.13230
-1.11346 2.13203
-1.11350 2.13176
-1.11355 2.13149
-1.11359 2.13122
-1.11364 2.13095
-1.11368 2.13068
-1.11373 2.13041
-1.11377 2.13014
-1.11382 2.12987
-1.11386 2.12959
-1.11390 2.12932
-1.11395 2.12905
-1.11399 2.12878
-1.11404 2.12851
-1.11408 2.12824
-1.11412 2.12797
-1.11417 2.12770
-1.11421 2.12742
-1.11425 2.12715
-1.11430 2.12688
-1.11434 2.12661
-1.11438 2.12634
-1.11442 2.12607
-1.11447 2.12579
-1.11451 2.12552
-1.11455 2.12525
-1.11460 2.12498
-1.11464 2.12471
-1.11468 2.12444
-1.11472 2.12416
-1.11476 2.12389
-1.11481 2.12362
-1.11485 2.12335
-1.11489 2.12308
-1.11493 2.12280
-1.11497 2.12253
-1.11502 2.12226
-1.11506 2.12199
-1.11510 2.12172
-1.11514 2.12144
-1.11518 2.12117
-1.11522 2.12090
-1.11526 2.12063
-1.11530 2.12036
-1.11533 2.12008
-1.11536 2.11981
-1.11540 2.11954
-1.11543 2.11927
-1.11547 2.11900
-1.11550 2.11873
-1.11553 2.11846
-1.11557 2.11819
-1.11560 2.11792
-1.11564 2.11765
-1.11567 2.11738
-1.11570 2.11711
-1.11574 2.11683
-1.11577 2.11656
-1.11580 2.11629
-1.11584 2.11602
-1.11587 2.11575
-1.11590 2.11548
-1.11593 2.11521
-1.11597 2.11494
-1.11600 2.11466
-1.11603 2.11439
-1.11606 2.11412
-1.11610 2.11385
-1.11613 2.11358
-1.11616 2.11331
-1.11619 2.11304
-1.11622 2.11276
-1.11626 2.11249
-1.11629 2.11222
-1.11632 2.11195
-1.11635 2.11168
-1.11638 2.11141
-1.11641 2.11113
-1.11645 2.11086
-1.11648 2.11059
-1.11651 2.11032
-1.11654 2.11005
-1.11657 2.10977
-1.11660 2.10950
-1.11663 2.10923
-1.11666 2.10896
-1.11669 2.10869
-1.11672 2.10841
-1.11675 2.10814
-1.11678 2.10787
-1.11681 2.10760
-1.11684 2.10732
-1.11688 2.10705
-1.11691 2.10678
-1.11693 2.10651
-1.11696 2.10623
-1.11699 2.10596
-1.11702 2.10569
-1.11705 2.10542
-1.11708 2.10514
-1.11711 2.10487
-1.11714 2.10460
-1.11717 2.10433
-1.11720 2.10405
-1.11723 2.10378
-1.11726 2.10351
-1.11729 2.10324
-1.11732 2.10296
-1.11734 2.10269
-1.11737 2.10242
-1.11740 2.10214
-1.11743 2.10187
-1.11747 2.10160
-1.11750 2.10132
-1.11754 2.10104
-1.11757 2.10077
-1.11761 2.10049
-1.11765 2.10022
-1.11768 2.09994
-1.11772 2.09967
-1.11775 2.09939
-1.11779 2.09912
-1.11782 2.09884
-1.11786 2.09856
-1.11789 2.09829
-1.11793 2.09801
-1.11796 2.09774
-1.11800 2.09746
-1.11803 2.09718
-1.11807 2.09691
-1.11810 2.09663
-1.11814 2.09636
-1.11817 2.09608
-1.11820 2.09580
-1.11824 2.09553
-1.11827 2.09525
-1.11831 2.09498
-1.11834 2.09470
-1.11837 2.09442
-1.11841 2.09415
-1.11844 2.09387
-1.11848 2.09359
-1.11851 2.09332
-1.11854 2.09304
-1.11858 2.09276
-1.11861 2.09249
-1.11864 2.09221
-1.11868 2.09193
-1.11871 2.09166
-1.11874 2.09138
-1.11877 2.09110
-1.11881 2.09083
-1.11884 2.09055
-1.11887 2.09027
-1.11890 2.09000
-1.11894 2.08972
-1.11897 2.08944
-1.11900 2.08916
-1.11903 2.08889
-1.11906 2.08861
-1.11910 2.08833
-1.11913 2.08806
-1.11916 2.08778
-1.11919 2.08750
-1.11922 2.08722
-1.11925 2.08695
-1.11928 2.08667
-1.11932 2.08639
-1.11935 2.08611
-1.11938 2.08584
-1.11941 2.08556
-1.11944 2.08528
-1.11947 2.08500
-1.11950 2.08473
-1.11953 2.08445
-1.11956 2.08417
-1.11959 2.08389
-1.11962 2.08361
-1.11965 2.08334
-1.11968 2.08306
-1.11971 2.08278
-1.11974 2.08250
-1.11977 2.08223
-1.11980 2.08195
-1.11984 2.08167
-1.11989 2.08138
-1.11993 2.08110
-1.11998 2.08082
-1.12002 2.08053
-1.12006 2.08025
-1.12011 2.07997
-1.12015 2.07968
-1.12020 2.07940
-1.12024 2.07912
-1.12028 2.07883
-1.12033 2.07855
-1.12037 2.07827
-1.12041 2.07798
-1.12046 2.07770
-1.12050 2.07742
-1.12054 2.07713
-1.12058 2.07685
-1.12063 2.07657
-1.12067 2.07628
-1.12071 2.07600
-1.12075 2.07572
-1.12080 2.07543
-1.12084 2.07515
-1.12088 2.07486
-1.12092 2.07458
-1.12096 2.07430
-1.12101 2.07401
-1.12105 2.07373
-1.12109 2.07344
-1.12113 2.07316
-1.12117 2.07288
-1.12121 2.07259
-1.12126 2.07231
-1.12130 2.07202
-1.12134 2.07174
-1.12138 2.07145
-1.12142 2.07117
-1.12146 2.07089
-1.12150 2.07060
-1.12154 2.07032
-1.12158 2.07003
-1.12162 2.06975
-1.12166 2.06946
-1.12170 2.06918
-1.12174 2.06889
-1.12178 2.06861
-1.12182 2.06832
-1.12186 2.06804
-1.12190 2.06775
-1.12194 2.06747
-1.12198 2.06718
-1.12202 2.06690
-1.12206 2.06661
-1.12210 2.06633
-1.12214 2.06604
-1.12218 2.06576
-1.12221 2.06547
-1.12225 2.06519
-1.12229 2.06490
-1.12233 2.06462
-1.12237 2.06433
-1.12241 2.06404
-1.12245 2.06376
-1.12249 2.06347
-1.12253 2.06318
-1.12257 2.06290
-1.12262 2.06261
-1.12266 2.06232
-1.12270 2.06204
-1.12274 2.06175
-1.12278 2.06146
-1.12282 2.06117
-1.12286 2.06089
-1.12290 2.06060
-1.12294 2.06031
-1.12299 2.06002
-1.12303 2.05974
-1.12307 2.05945
-1.12311 2.05916
-1.12315 2.05887
-1.12319 2.05859
-1.12323 2.05830
-1.12327 2.05801
-1.12331 2.05772
-1.12335 2.05744
-1.12339 2.05715
-1.12343 2.05686
-1.12347 2.05657
-1.12350 2.05628
-1.12354 2.05600
-1.12358 2.05571
-1.12362 2.05542
-1.12366 2.05513
-1.12370 2.05484
-1.12374 2.05455
-1.12378 2.05427
-1.12382 2.05398
-1.12385 2.05369
-1.12389 2.05340
-1.12393 2.05311
-1.12397 2.05282
-1.12401 2.05253
-1.12405 2.05225
-1.12408 2.05196
-1.12412 2.05167
-1.12416 2.05138
-1.12420 2.05109
-1.12423 2.05080
-1.12427 2.05051
-1.12431 2.05022
-1.12435 2.04993
-1.12438 2.04965
-1.12442 2.04936
-1.12446 2.04907
-1.12449 2.04878
-1.12453 2.04849
-1.12457 2.04820
-1.12460 2.04791
-1.12464 2.04762
-1.12468 2.04733
-1.12471 2.04704
-1.12475 2.04675
-1.12478 2.04646
-1.12482 2.04617
-1.12486 2.04588
-1.12489 2.04559
-1.12493 2.04530
-1.12496 2.04501
-1.12500 2.04472
-1.12503 2.04443
-1.12507 2.04414
-1.12511 2.04385
-1.12514 2.04356
-1.12518 2.04327
-1.12522 2.04298
-1.12526 2.04269
-1.12530 2.04240
-1.12534 2.04210
-1.12537 2.04181
-1.12541 2.04152
-1.12545 2.04123
-1.12549 2.04094
-1.12553 2.04065
-1.12556 2.04035
-1.12560 2.04006
-1.12564 2.03977
-1.12568 2.03948
-1.12571 2.03919
-1.12575 2.03889
-1.12579 2.03860
-1.12582 2.03831
-1.12586 2.03802
-1.12590 2.03772
-1.12593 2.03743
-1.12597 2.03714
-1.12601 2.03685
-1.12604 2.03655
-1.12608 2.03626
-1.12612 2.03597
-1.12615 2.03568
-1.12619 2.03538
-1.12622 2.03509
-1.12626 2.03480
-1.12630 2.03450
-1.12633 2.03421
-1.12637 2.03392
-1.12640 2.03363
-1.12644 2.03333
-1.12647 2.03304
-1.12651 2.03275
-1.12654 2.03245
-1.12658 2.03216
-1.12661 2.03187
-1.12665 2.03157
-1.12668 2.03128
-1.12672 2.03099
-1.12675 2.03069
-1.12678 2.03040
-1.12682 2.03011
-1.12685 2.02981
-1.12689 2.02952
-1.12692 2.02922
-1.12695 2.02893
-1.12699 2.02864
-1.12702 2.02834
-1.12705 2.02805
-1.12709 2.02775
-1.12712 2.02746
-1.12715 2.02717
-1.12719 2.02687
-1.12722 2.02658
-1.12725 2.02628
-1.12729 2.02599
-1.12732 2.02569
-1.12736 2.02540
-1.12740 2.02510
-1.12743 2.02481
-1.12747 2.02451
-1.12751 2.02421
-1.12754 2.02392
-1.12758 2.02362
-1.12761 2.02332
-1.12765 2.02303
-1.12768 2.02273
-1.12772 2.02244
-1.12775 2.02214
-1.12779 2.02184
-1.12782 2.02155
-1.12786 2.02125
-1.12789 2.02095
-1.12793 2.02066
-1.12796 2.02036
-1.12800 2.02006
-1.12803 2.01977
-1.12807 2.01947
-1.12810 2.01917
-1.12813 2.01888
-1.12817 2.01858
-1.12820 2.01828
-1.12824 2.01798
-1.12827 2.01769
-1.12830 2.01739
-1.12834 2.01709
-1.12837 2.01680
-1.12840 2.01650
-1.12844 2.01620
-1.12847 2.01590
-1.12850 2.01561
-1.12854 2.01531
-1.12857 2.01501
-1.12860 2.01471
-1.12863 2.01442
-1.12867 2.01412
-1.12870 2.01382
-1.12873 2.01352
-1.12876 2.01323
-1.12880 2.01293
-1.12883 2.01263
-1.12886 2.01233
-1.12889 2.01203
-1.12892 2.01173
-1.12895 2.01144
-1.12899 2.01114
-1.12902 2.01084
-1.12905 2.01054
-1.12908 2.01024
-1.12911 2.00995
-1.12914 2.00965
-1.12917 2.00935
-1.12920 2.00905
-1.12923 2.00875
-1.12926 2.00845
-1.12929 2.00815
-1.12933 2.00785
-1.12936 2.00756
-1.12939 2.00726
-1.12942 2.00696
-1.12945 2.00666
-1.12948 2.00636
-1.12951 2.00606
-1.12954 2.00576
-1.12957 2.00546
-1.12960 2.00516
-1.12964 2.00486
-1.12967 2.00456
-1.12970 2.00426
-1.12973 2.00396
-1.12976 2.00366
-1.12980 2.00336
-1.12983 2.00306
-1.12986 2.00275
-1.12989 2.00245
-1.12992 2.00215
-1.12995 2.00185
-1.12998 2.00155
-1.13002 2.00125
-1.13005 2.00095
-1.13008 2.00065
-1.13011 2.00035
-1.13014 2.00005
-1.13017 1.99974
-1.13020 1.99944
-1.13023 1.99914
-1.13026 1.99884
-1.13029 1.99854
-1.13032 1.99824
-1.13035 1.99794
-1.13038 1.99763
-1.13041 1.99733
-1.13044 1.99703
-1.13047 1.99673
-1.13050 1.99643
-1.13053 1.99612
-1.13056 1.99582
-1.13059 1.99552
-1.13061 1.99522
-1.13064 1.99492
-1.13067 1.99461
-1.13070 1.99431
-1.13073 1.99401
-1.13076 1.99371
-1.13079 1.99340
-1.13081 1.99310
-1.13084 1.99280
-1.13087 1.99250
-1.13090 1.99219
-1.13093 1.99189
-1.13095 1.99159
-1.13098 1.99129
-1.13101 1.99098
-1.13104 1.99068
-1.13106 1.99038
-1.13109 1.99008
-1.13112 1.98977
-1.13115 1.98947
-1.13117 1.98917
-1.13120 1.98886
-1.13123 1.98856
-1.13125 1.98826
-1.13128 1.98795
-1.13131 1.98765
-1.13133 1.98735
-1.13136 1.98704
-1.13139 1.98674
-1.13141 1.98644
-1.13144 1.98613
-1.13146 1.98583
-1.13149 1.98552
-1.13153 1.98521
-1.13157 1.98490
-1.13161 1.98459
-1.13165 1.98428
-1.13169 1.98397
-1.13173 1.98366
-1.13177 1.98335
-1.13180 1.98304
-1.13184 1.98273
-1.13188 1.98242
-1.13192 1.98211
-1.13196 1.98180
-1.13199 1.98149
-1.13203 1.98118
-1.13207 1.98087
-1.13211 1.98056
-1.13214 1.98025
-1.13218 1.97994
-1.13222 1.97963
-1.13225 1.97932
-1.13229 1.97901
-1.13233 1.97870
-1.13236 1.97839
-1.13240 1.97808
-1.13244 1.97776
-1.13247 1.97745
-1.13251 1.97714
-1.13255 1.97683
-1.13258 1.97652
-1.13262 1.97621
-1.13265 1.97590
-1.13269 1.97559
-1.13272 1.97527
-1.13276 1.97496
-1.13280 1.97465
-1.13283 1.97434
-1.13287 1.97403
-1.13290 1.97372
-1.13294 1.97340
-1.13297 1.97309
-1.13301 1.97278
-1.13304 1.97247
-1.13307 1.97216
-1.13311 1.97184
-1.13314 1.97153
-1.13318 1.97122
-1.13321 1.97091
-1.13324 1.97059
-1.13328 1.97028
-1.13331 1.96997
-1.13335 1.96966
-1.13338 1.96934
-1.13341 1.96903
-1.13345 1.96872
-1.13348 1.96841
-1.13351 1.96809
-1.13354 1.96778
-1.13358 1.96747
-1.13361 1.96715
-1.13364 1.96684
-1.13368 1.96653
-1.13371 1.96621
-1.13374 1.96590
-1.13377 1.96559
-1.13380 1.96527
-1.13384 1.96496
-1.13387 1.96465
-1.13390 1.96433
-1.13393 1.96402
-1.13396 1.96371
-1.13399 1.96339
-1.13403 1.96308
-1.13406 1.96276
-1.13410 1.96245
-1.13413 1.96213
-1.13417 1.96181
-1.13420 1.96150
-1.13424 1.96118
-1.13428 1.96086
-1.13431 1.96055
-1.13435 1.96023
-1.13438 1.95991
-1.13442 1.95960
-1.13445 1.95928
-1.13449 1.95896
-1.13453 1.95864
-1.13456 1.95833
-1.13460 1.95801
-1.13463 1.95769
-1.13467 1.95737
-1.13470 1.95706
-1.13473 1.95674
-1.13477 1.95642
-1.13480 1.95610
-1.13484 1.95579
-1.13487 1.95547
-1.13491 1.95515
-1.13494 1.95483
-1.13497 1.95451
-1.13501 1.95420
-1.13504 1.95388
-1.13507 1.95356
-1.13511 1.95324
-1.13514 1.95292
-1.13517 1.95260
-1.13521 1.95229
-1.13524 1.95197
-1.13527 1.95165
-1.13531 1.95133
-1.13534 1.95101
-1.13537 1.95069
-1.13540 1.95037
-1.13544 1.95005
-1.13547 1.94974
-1.13550 1.94942
-1.13553 1.94910
-1.13556 1.94878
-1.13559 1.94846
-1.13563 1.94814
-1.13566 1.94782
-1.13569 1.94750
-1.13572 1.94718
-1.13575 1.94686
-1.13578 1.94654
-1.13581 1.94622
-1.13584 1.94590
-1.13588 1.94558
-1.13591 1.94526
-1.13594 1.94494
-1.13597 1.94462
-1.13600 1.94430
-1.13603 1.94398
-1.13606 1.94366
-1.13609 1.94334
-1.13612 1.94302
-1.13615 1.94270
-1.13618 1.94238
-1.13621 1.94206
-1.13624 1.94174
-1.13626 1.94142
-1.13629 1.94110
-1.13632 1.94078
-1.13635 1.94046
-1.13638 1.94014
-1.13641 1.93981
-1.13644 1.93949
-1.13647 1.93917
-1.13650 1.93885
-1.13653 1.93853
-1.13656 1.93820
-1.13659 1.93788
-1.13662 1.93756
-1.13665 1.93724
-1.13668 1.93691
-1.13671 1.93659
-1.13674 1.93627
-1.13677 1.93595
-1.13680 1.93562
-1.13683 1.93530
-1.13686 1.93498
-1.13689 1.93465
-1.13691 1.93433
-1.13694 1.93401
-1.13697 1.93369
-1.13700 1.93336
-1.13703 1.93304
-1.13706 1.93271
-1.13709 1.93239
-1.13711 1.93207
-1.13714 1.93174
-1.13717 1.93142
-1.13720 1.93110
-1.13723 1.93077
-1.13725 1.93045
-1.13728 1.93013
-1.13731 1.92980
-1.13734 1.92948
-1.13736 1.92915
-1.13739 1.92883
-1.13742 1.92850
-1.13744 1.92818
-1.13747 1.92786
-1.13750 1.92753
-1.13752 1.92721
-1.13755 1.92688
-1.13758 1.92656
-1.13760 1.92623
-1.13763 1.92591
-1.13765 1.92558
-1.13768 1.92526
-1.13771 1.92493
-1.13773 1.92461
-1.13776 1.92428
-1.13778 1.92396
-1.13781 1.92363
-1.13783 1.92331
-1.13786 1.92298
-1.13788 1.92266
-1.13791 1.92233
-1.13793 1.92201
-1.13796 1.92168
-1.13798 1.92135
-1.13801 1.92103
-1.13803 1.92070
-1.13805 1.92038
-1.13808 1.92005
-1.13810 1.91973
-1.13813 1.91940
-1.13815 1.91907
-1.13817 1.91875
-1.13820 1.91842
-1.13822 1.91809
-1.13824 1.91777
-1.13827 1.91744
-1.13829 1.91712
-1.13831 1.91679
-1.13834 1.91646
-1.13836 1.91614
-1.13838 1.91581
-1.13840 1.91548
-1.13843 1.91515
-1.13845 1.91483
-1.13847 1.91450
-1.13849 1.91418
-1.13850 1.91385
-1.13852 1.91353
-1.13854 1.91320
-1.13855 1.91288
-1.13857 1.91256
-1.13859 1.91223
-1.13860 1.91191
-1.13862 1.91158
-1.13864 1.91126
-1.13865 1.91093
-1.13867 1.91061
-1.13869 1.91028
-1.13870 1.90996
-1.13872 1.90963
-1.13873 1.90930
-1.13875 1.90898
-1.13876 1.90865
-1.13878 1.90833
-1.13880 1.90800
-1.13881 1.90768
-1.13883 1.90735
-1.13884 1.90703
-1.13886 1.90670
-1.13887 1.90637
-1.13889 1.90605
-1.13890 1.90572
-1.13892 1.90540
-1.13893 1.90507
-1.13894 1.90474
-1.13896 1.90442
-1.13897 1.90409
-1.13899 1.90376
-1.13900 1.90344
-1.13901 1.90311
-1.13903 1.90278
-1.13904 1.90246
-1.13906 1.90213
-1.13907 1.90180
-1.13908 1.90148
-1.13910 1.90115
-1.13911 1.90082
-1.13912 1.90050
-1.13914 1.90017
-1.13915 1.89984
-1.13916 1.89951
-1.13917 1.89919
-1.13919 1.89886
-1.13920 1.89853
-1.13921 1.89821
-1.13922 1.89788
-1.13924 1.89755
-1.13925 1.89722
-1.13926 1.89689
-1.13927 1.89657
-1.13928 1.89624
-1.13929 1.89591
-1.13931 1.89558
-1.13932 1.89526
-1.13933 1.89493
-1.13934 1.89460
-1.13935 1.89427
-1.13936 1.89394
-1.13937 1.89361
-1.13938 1.89329
-1.13939 1.89296
-1.13941 1.89263
-1.13942 1.89230
-1.13943 1.89197
-1.13944 1.89164
-1.13945 1.89131
-1.13946 1.89098
-1.13947 1.89066
-1.13948 1.89033
-1.13949 1.89000
-1.13951 1.88966
-1.13954 1.88932
-1.13956 1.88898
-1.13958 1.88865
-1.13961 1.88831
-1.13963 1.88797
-1.13965 1.88763
-1.13968 1.88729
-1.13970 1.88696
-1.13972 1.88662
-1.13974 1.88628
-1.13977 1.88594
-1.13979 1.88560
-1.13981 1.88527
-1.13983 1.88493
-1.13985 1.88459
-1.13988 1.88425
-1.13990 1.88391
-1.13992 1.88357
-1.13994 1.88323
-1.13996 1.88289
-1.13998 1.88256
-1.14000 1.88222
-1.14003 1.88188
-1.14005 1.88154
-1.14007 1.88120
-1.14009 1.88086
-1.14011 1.88052
-1.14013 1.88018
-1.14015 1.87984
-1.14017 1.87950
-1.14019 1.87916
-1.14021 1.87882
-1.14023 1.87848
-1.14025 1.87814
-1.14027 1.87780
-1.14029 1.87746
-1.14031 1.87712
-1.14033 1.87678
-1.14035 1.87644
-1.14036 1.87610
-1.14038 1.87576
-1.14040 1.87542
-1.14042 1.87508
-1.14044 1.87474
-1.14046 1.87440
-1.14048 1.87406
-1.14050 1.87372
-1.14051 1.87338
-1.14053 1.87304
-1.14055 1.87270
-1.14057 1.87235
-1.14058 1.87201
-1.14060 1.87167
-1.14062 1.87133
-1.14064 1.87099
-1.14065 1.87065
-1.14067 1.87031
-1.14069 1.86996
-1.14071 1.86962
-1.14072 1.86928
-1.14074 1.86894
-1.14076 1.86860
-1.14077 1.86826
-1.14079 1.86791
-1.14080 1.86757
-1.14082 1.86723
-1.14084 1.86689
-1.14085 1.86654
-1.14087 1.86620
-1.14088 1.86586
-1.14090 1.86552
-1.14092 1.86517
-1.14094 1.86483
-1.14096 1.86448
-1.14097 1.86414
-1.14099 1.86379
-1.14101 1.86345
-1.14103 1.86310
-1.14105 1.86275
-1.14107 1.86241
-1.14109 1.86206
-1.14111 1.86172
-1.14112 1.86137
-1.14114 1.86102
-1.14116 1.86068
-1.14118 1.86033
-1.14120 1.85999
-1.14121 1.85964
-1.14123 1.85929
-1.14125 1.85895
-1.14127 1.85860
-1.14128 1.85825
-1.14130 1.85791
-1.14132 1.85756
-1.14133 1.85721
-1.14135 1.85686
-1.14137 1.85652
-1.14138 1.85617
-1.14140 1.85582
-1.14142 1.85548
-1.14143 1.85513
-1.14145 1.85478
-1.14147 1.85443
-1.14148 1.85408
-1.14150 1.85374
-1.14151 1.85339
-1.14153 1.85304
-1.14154 1.85269
-1.14156 1.85235
-1.14157 1.85200
-1.14159 1.85165
-1.14160 1.85130
-1.14162 1.85095
-1.14163 1.85060
-1.14165 1.85026
-1.14166 1.84991
-1.14168 1.84956
-1.14169 1.84921
-1.14171 1.84886
-1.14172 1.84851
-1.14173 1.84816
-1.14175 1.84781
-1.14176 1.84746
-1.14177 1.84712
-1.14179 1.84677
-1.14180 1.84642
-1.14181 1.84607
-1.14183 1.84572
-1.14184 1.84537
-1.14185 1.84502
-1.14187 1.84467
-1.14188 1.84432
-1.14189 1.84397
-1.14190 1.84362
-1.14192 1.84327
-1.14193 1.84292
-1.14194 1.84257
-1.14195 1.84222
-1.14196 1.84187
-1.14198 1.84152
-1.14199 1.84117
-1.14200 1.84082
-1.14201 1.84047
-1.14203 1.84011
-1.14205 1.83975
-1.14207 1.83940
-1.14209 1.83904
-1.14211 1.83868
-1.14213 1.83832
-1.14215 1.83797
-1.14217 1.83761
-1.14219 1.83725
-1.14221 1.83689
-1.14222 1.83653
-1.14224 1.83618
-1.14226 1.83582
-1.14228 1.83546
-1.14230 1.83510
-1.14232 1.83474
-1.14234 1.83438
-1.14236 1.83402
-1.14238 1.83367
-1.14239 1.83331
-1.14241 1.83295
-1.14243 1.83259
-1.14245 1.83223
-1.14247 1.83187
-1.14248 1.83151
-1.14250 1.83115
-1.14252 1.83079
-1.14253 1.83043
-1.14255 1.83007
-1.14257 1.82971
-1.14259 1.82935
-1.14260 1.82899
-1.14262 1.82863
-1.14264 1.82827
-1.14265 1.82791
-1.14267 1.82755
-1.14268 1.82719
-1.14270 1.82683
-1.14272 1.82647
-1.14273 1.82611
-1.14275 1.82575
-1.14276 1.82539
-1.14278 1.82503
-1.14279 1.82467
-1.14281 1.82431
-1.14282 1.82395
-1.14284 1.82359
-1.14285 1.82323
-1.14287 1.82286
-1.14288 1.82250
-1.14290 1.82214
-1.14291 1.82178
-1.14293 1.82142
-1.14294 1.82106
-1.14295 1.82069
-1.14297 1.82033
-1.14298 1.81997
-1.14300 1.81961
-1.14301 1.81925
-1.14302 1.81888
-1.14304 1.81852
-1.14305 1.81816
-1.14306 1.81780
-1.14307 1.81743
-1.14309 1.81707
-1.14310 1.81671
-1.14311 1.81635
-1.14313 1.81598
-1.14314 1.81562
-1.14315 1.81526
-1.14316 1.81489
-1.14317 1.81453
-1.14319 1.81417
-1.14320 1.81380
-1.14322 1.81343
-1.14324 1.81306
-1.14327 1.81269
-1.14329 1.81231
-1.14331 1.81194
-1.14333 1.81157
-1.14335 1.81120
-1.14337 1.81083
-1.14339 1.81046
-1.14341 1.81009
-1.14343 1.80971
-1.14345 1.80934
-1.14347 1.80897
-1.14349 1.80860
-1.14351 1.80822
-1.14353 1.80785
-1.14355 1.80748
-1.14357 1.80711
-1.14358 1.80673
-1.14360 1.80636
-1.14362 1.80599
-1.14364 1.80562
-1.14366 1.80524
-1.14368 1.80487
-1.14370 1.80450
-1.14371 1.80412
-1.14373 1.80375
-1.14375 1.80338
-1.14377 1.80300
-1.14378 1.80263
-1.14380 1.80225
-1.14382 1.80188
-1.14384 1.80151
-1.14385 1.80113
-1.14387 1.80076
-1.14389 1.80038
-1.14390 1.80001
-1.14392 1.79964
-1.14394 1.79926
-1.14395 1.79889
-1.14397 1.79851
-1.14398 1.79814
-1.14400 1.79776
-1.14402 1.79739
-1.14403 1.79701
-1.14405 1.79664
-1.14406 1.79626
-1.14408 1.79589
-1.14409 1.79551
-1.14411 1.79513
-1.14412 1.79476
-1.14414 1.79438
-1.14415 1.79401
-1.14417 1.79363
-1.14418 1.79325
-1.14419 1.79288
-1.14421 1.79250
-1.14422 1.79213
-1.14424 1.79175
-1.14425 1.79137
-1.14426 1.79100
-1.14428 1.79062
-1.14429 1.79024
-1.14430 1.78987
-1.14432 1.78949
-1.14433 1.78911
-1.14434 1.78873
-1.14436 1.78835
-1.14438 1.78797
-1.14439 1.78759
-1.14441 1.78721
-1.14443 1.78683
-1.14444 1.78645
-1.14446 1.78606
-1.14447 1.78568
-1.14449 1.78530
-1.14451 1.78492
-1.14452 1.78454
-1.14454 1.78415
-1.14455 1.78377
-1.14457 1.78339
-1.14458 1.78301
-1.14460 1.78263
-1.14461 1.78224
-1.14463 1.78186
-1.14464 1.78148
-1.14466 1.78109
-1.14467 1.78071
-1.14468 1.78033
-1.14470 1.77995
-1.14471 1.77956
-1.14473 1.77918
-1.14474 1.77880
-1.14475 1.77841
-1.14477 1.77803
-1.14478 1.77764
-1.14479 1.77726
-1.14481 1.77688
-1.14482 1.77649
-1.14483 1.77611
-1.14484 1.77572
-1.14486 1.77534
-1.14487 1.77495
-1.14488 1.77457
-1.14489 1.77419
-1.14490 1.77380
-1.14492 1.77342
-1.14493 1.77303
-1.14494 1.77265
-1.14495 1.77226
-1.14496 1.77187
-1.14497 1.77149
-1.14498 1.77110
-1.14499 1.77072
-1.14501 1.77033
-1.14502 1.76995
-1.14503 1.76956
-1.14504 1.76917
-1.14505 1.76879
-1.14506 1.76840
-1.14507 1.76802
-1.14508 1.76763
-1.14509 1.76724
-1.14510 1.76686
-1.14510 1.76647
-1.14511 1.76608
-1.14512 1.76570
-1.14513 1.76531
-1.14514 1.76492
-1.14515 1.76453
-1.14516 1.76415
-1.14517 1.76376
-1.14518 1.76337
-1.14520 1.76297
-1.14521 1.76258
-1.14522 1.76219
-1.14524 1.76179
-1.14525 1.76140
-1.14526 1.76101
-1.14528 1.76061
-1.14529 1.76022
-1.14530 1.75982
-1.14532 1.75943
-1.14533 1.75904
-1.14534 1.75864
-1.14535 1.75825
-1.14537 1.75785
-1.14538 1.75746
-1.14539 1.75706
-1.14540 1.75667
-1.14542 1.75627
-1.14543 1.75588
-1.14544 1.75548
-1.14545 1.75509
-1.14546 1.75469
-1.14547 1.75430
-1.14548 1.75390
-1.14549 1.75351
-1.14550 1.75311
-1.14552 1.75271
-1.14553 1.75232
-1.14554 1.75192
-1.14555 1.75153
-1.14556 1.75113
-1.14557 1.75073
-1.14558 1.75034
-1.14558 1.74994
-1.14559 1.74954
-1.14560 1.74915
-1.14561 1.74875
-1.14562 1.74835
-1.14563 1.74796
-1.14564 1.74756
-1.14565 1.74716
-1.14566 1.74676
-1.14566 1.74637
-1.14567 1.74597
-1.14568 1.74557
-1.14569 1.74517
-1.14570 1.74477
-1.14570 1.74438
-1.14571 1.74398
-1.14572 1.74358
-1.14573 1.74318
-1.14573 1.74278
-1.14574 1.74238
-1.14575 1.74198
-1.14575 1.74158
-1.14577 1.74118
-1.14579 1.74076
-1.14582 1.74034
-1.14584 1.73993
-1.14587 1.73951
-1.14589 1.73909
-1.14592 1.73867
-1.14594 1.73825
-1.14597 1.73784
-1.14599 1.73742
-1.14602 1.73700
-1.14604 1.73658
-1.14606 1.73616
-1.14609 1.73574
-1.14611 1.73532
-1.14613 1.73490
-1.14616 1.73448
-1.14618 1.73406
-1.14620 1.73364
-1.14622 1.73322
-1.14625 1.73280
-1.14627 1.73238
-1.14629 1.73196
-1.14631 1.73154
-1.14633 1.73112
-1.14636 1.73070
-1.14638 1.73028
-1.14640 1.72986
-1.14642 1.72944
-1.14644 1.72902
-1.14646 1.72860
-1.14648 1.72818
-1.14650 1.72775
-1.14652 1.72733
-1.14654 1.72691
-1.14656 1.72649
-1.14658 1.72607
-1.14660 1.72565
-1.14662 1.72522
-1.14664 1.72480
-1.14666 1.72438
-1.14668 1.72395
-1.14670 1.72353
-1.14672 1.72311
-1.14673 1.72269
-1.14675 1.72226
-1.14677 1.72184
-1.14681 1.72140
-1.14684 1.72095
-1.14688 1.72051
-1.14692 1.72007
-1.14695 1.71962
-1.14699 1.71918
-1.14702 1.71874
-1.14706 1.71829
-1.14709 1.71785
-1.14713 1.71741
-1.14716 1.71696
-1.14720 1.71652
-1.14723 1.71607
-1.14727 1.71563
-1.14730 1.71518
-1.14734 1.71474
-1.14737 1.71429
-1.14740 1.71385
-1.14744 1.71340
-1.14747 1.71295
-1.14750 1.71251
-1.14754 1.71206
-1.14757 1.71162
-1.14760 1.71117
-1.14763 1.71072
-1.14766 1.71028
-1.14770 1.70983
-1.14773 1.70938
-1.14776 1.70894
-1.14779 1.70849
-1.14782 1.70804
-1.14785 1.70759
-1.14788 1.70715
-1.14791 1.70670
-1.14795 1.70624
-1.14799 1.70579
-1.14803 1.70533
-1.14807 1.70487
-1.14811 1.70441
-1.14814 1.70395
-1.14818 1.70349
-1.14822 1.70303
-1.14826 1.70257
-1.14830 1.70211
-1.14834 1.70165
-1.14837 1.70119
-1.14841 1.70073
-1.14845 1.70027
-1.14848 1.69981
-1.14852 1.69935
-1.14856 1.69889
-1.14859 1.69842
-1.14863 1.69796
-1.14867 1.69750
-1.14870 1.69704
-1.14874 1.69658
-1.14877 1.69611
-1.14881 1.69565
-1.14884 1.69519
-1.14888 1.69473
-1.14891 1.69426
-1.14896 1.69378
-1.14903 1.69328
-1.14910 1.69278
-1.14917 1.69227
-1.14924 1.69177
-1.14930 1.69127
-1.14937 1.69077
-1.14944 1.69026
-1.14950 1.68976
-1.14957 1.68925
-1.14964 1.68875
-1.14970 1.68825
-1.14977 1.68774
-1.14983 1.68724
-1.14990 1.68673
-1.14996 1.68623
