-0.84823 1.89491
-0.84791 1.89468
-0.84759 1.89445
-0.84727 1.89421
-0.84695 1.89398
-0.84663 1.89375
-0.84631 1.89351
-0.84599 1.89328
-0.84568 1.89305
-0.84536 1.89281
-0.84504 1.89258
-0.84472 1.89235
-0.84440 1.89211
-0.84408 1.89188
-0.84382 1.89164
-0.84364 1.89140
-0.84345 1.89116
-0.84327 1.89093
-0.84309 1.89069
-0.84291 1.89045
-0.84272 1.89021
-0.84254 1.88997
-0.84236 1.88973
-0.84218 1.88949
-0.84199 1.88925
-0.84181 1.88901
-0.84163 1.88877
-0.84144 1.88853
-0.84126 1.88829
-0.84108 1.88806
-0.84090 1.88782
-0.84071 1.88758
-0.84053 1.88734
-0.84035 1.88710
-0.84017 1.88686
-0.83998 1.88662
-0.83980 1.88638
-0.83962 1.88614
-0.83943 1.88590
-0.83925 1.88566
-0.83907 1.88542
-0.83889 1.88518
-0.83870 1.88494
-0.83852 1.88470
-0.83834 1.88446
-0.83816 1.88422
-0.83797 1.88398
-0.83779 1.88374
-0.83761 1.88350
-0.83743 1.88326
-0.83724 1.88302
-0.83706 1.88278
-0.83690 1.88254
-0.83675 1.88230
-0.83660 1.88206
-0.83644 1.88182
-0.83629 1.88158
-0.83614 1.88133
-0.83598 1.88109
-0.83583 1.88085
-0.83568 1.88061
-0.83553 1.88037
-0.83537 1.88013
-0.83522 1.87989
-0.83507 1.87965
-0.83491 1.87940
-0.83476 1.87916
-0.83461 1.87892
-0.83445 1.87868
-0.83430 1.87844
-0.83415 1.87820
-0.83399 1.87796
-0.83384 1.87771
-0.83369 1.87747
-0.83353 1.87723
-0.83338 1.87699
-0.83323 1.87675
-0.83307 1.87651
-0.83292 1.87627
-0.83277 1.87602
-0.83261 1.87578
-0.83246 1.87554
-0.83231 1.87530
-0.83215 1.87506
-0.83200 1.87481
-0.83185 1.87457
-0.83170 1.87433
-0.83154 1.87409
-0.83139 1.87385
-0.83124 1.87361
-0.83108 1.87336
-0.83093 1.87312
-0.83078 1.87288
-0.83062 1.87264
-0.83047 1.87239
-0.83032 1.87215
-0.83016 1.87191
-0.83001 1.87167
-0.82986 1.87143
-0.82970 1.87118
-0.82955 1.87094
-0.82940 1.87070
-0.82924 1.87046
-0.82909 1.87021
-0.82894 1.86997
-0.82878 1.86973
-0.82864 1.86949
-0.82850 1.86924
-0.82837 1.86900
-0.82824 1.86876
-0.82810 1.86852
-0.82797 1.86827
-0.82783 1.86803
-0.82770 1.86779
-0.82757 1.86754
-0.82743 1.86730
-0.82730 1.86706
-0.82716 1.86681
-0.82703 1.86657
-0.82690 1.86633
-0.82676 1.86608
-0.82663 1.86584
-0.82649 1.86560
-0.82636 1.86535
-0.82623 1.86511
-0.82609 1.86487
-0.82596 1.86462
-0.82582 1.86438
-0.82569 1.86414
-0.82555 1.86389
-0.82542 1.86365
-0.82529 1.86341
-0.82515 1.86316
-0.82502 1.86292
-0.82488 1.86268
-0.82475 1.86243
-0.82462 1.86219
-0.82448 1.86195
-0.82435 1.86170
-0.82421 1.86146
-0.82408 1.86121
-0.82395 1.86097
-0.82381 1.86073
-0.82368 1.86048
-0.82354 1.86024
-0.82341 1.86000
-0.82327 1.85975
-0.82314 1.85951
-0.82301 1.85926
-0.82287 1.85902
-0.82274 1.85878
-0.82260 1.85853
-0.82247 1.85829
-0.82234 1.85804
-0.82220 1.85780
-0.82207 1.85756
-0.82193 1.85731
-0.82180 1.85707
-0.82166 1.85682
-0.82153 1.85658
-0.82140 1.85634
-0.82126 1.85609
-0.82113 1.85585
-0.82099 1.85560
-0.82086 1.85536
-0.82072 1.85511
-0.82059 1.85487
-0.82046 1.85463
-0.82032 1.85438
-0.82019 1.85414
-0.82005 1.85389
-0.81992 1.85365
-0.81978 1.85340
-0.81965 1.85316
-0.81952 1.85291
-0.81938 1.85267
-0.81925 1.85242
-0.81911 1.85218
-0.81898 1.85194
-0.81884 1.85169
-0.81871 1.85145
-0.81858 1.85120
-0.81846 1.85096
-0.81833 1.85071
-0.81821 1.85047
-0.81808 1.85022
-0.81795 1.84998
-0.81783 1.84973
-0.81770 1.84949
-0.81758 1.84924
-0.81745 1.84900
-0.81733 1.84875
-0.81720 1.84851
-0.81708 1.84826
-0.81695 1.84802
-0.81683 1.84777
-0.81670 1.84753
-0.81658 1.84728
-0.81645 1.84703
-0.81633 1.84679
-0.81620 1.84654
-0.81608 1.84630
-0.81595 1.84605
-0.81583 1.84581
-0.81570 1.84556
-0.81558 1.84532
-0.81545 1.84507
-0.81532 1.84483
-0.81520 1.84458
-0.81507 1.84434
-0.81495 1.84409
-0.81482 1.84384
-0.81470 1.84360
-0.81457 1.84335
-0.81445 1.84311
-0.81432 1.84286
-0.81420 1.84262
-0.81407 1.84237
-0.81395 1.84212
-0.81382 1.84188
-0.81370 1.84163
-0.81357 1.84139
-0.81344 1.84114
-0.81332 1.84089
-0.81319 1.84065
-0.81307 1.84040
-0.81294 1.84016
-0.81282 1.83991
-0.81269 1.83967
-0.81257 1.83942
-0.81244 1.83917
-0.81231 1.83893
-0.81219 1.83868
-0.81206 1.83843
-0.81194 1.83819
-0.81181 1.83794
-0.81169 1.83770
-0.81156 1.83745
-0.81144 1.83720
-0.81131 1.83696
-0.81118 1.83671
-0.81106 1.83646
-0.81093 1.83622
-0.81081 1.83597
-0.81068 1.83573
-0.81056 1.83548
-0.81043 1.83523
-0.81031 1.83499
-0.81018 1.83474
-0.81005 1.83449
-0.80993 1.83425
-0.80980 1.83400
-0.80968 1.83375
-0.80955 1.83351
-0.80943 1.83326
-0.80930 1.83301
-0.80917 1.83277
-0.80905 1.83252
-0.80892 1.83227
-0.80880 1.83203
-0.80867 1.83178
-0.80855 1.83153
-0.80842 1.83129
-0.80829 1.83104
-0.80817 1.83079
-0.80804 1.83055
-0.80793 1.83030
-0.80781 1.83005
-0.80770 1.82980
-0.80758 1.82956
-0.80747 1.82931
-0.80735 1.82906
-0.80724 1.82882
-0.80712 1.82857
-0.80700 1.82832
-0.80689 1.82807
-0.80677 1.82783
-0.80666 1.82758
-0.80654 1.82733
-0.80643 1.82708
-0.80631 1.82684
-0.80620 1.82659
-0.80608 1.82634
-0.80597 1.82610
-0.80585 1.82585
-0.80573 1.82560
-0.80562 1.82535
-0.80550 1.82511
-0.80539 1.82486
-0.80527 1.82461
-0.80516 1.82436
-0.80504 1.82411
-0.80493 1.82387
-0.80481 1.82362
-0.80469 1.82337
-0.80458 1.82312
-0.80446 1.82288
-0.80435 1.82263
-0.80423 1.82238
-0.80412 1.82213
-0.80400 1.82188
-0.80389 1.82164
-0.80377 1.82139
-0.80365 1.82114
-0.80354 1.82089
-0.80342 1.82064
-0.80331 1.82040
-0.80319 1.82015
-0.80308 1.81990
-0.80296 1.81965
-0.80284 1.81940
-0.80273 1.81916
-0.80261 1.81891
-0.80250 1.81866
-0.80238 1.81841
-0.80226 1.81816
-0.80215 1.81791
-0.80203 1.81767
-0.80192 1.81742
-0.80180 1.81717
-0.80169 1.81692
-0.80157 1.81667
-0.80145 1.81642
-0.80134 1.81618
-0.80122 1.81593
-0.80111 1.81568
-0.80099 1.81543
-0.80087 1.81518
-0.80076 1.81493
-0.80064 1.81469
-0.80053 1.81444
-0.80041 1.81419
-0.80029 1.81394
-0.80018 1.81369
-0.80006 1.81344
-0.79995 1.81319
-0.79983 1.81294
-0.79971 1.81270
-0.79960 1.81245
-0.79948 1.81220
-0.79936 1.81195
-0.79925 1.81170
-0.79913 1.81145
-0.79902 1.81120
-0.79890 1.81095
-0.79878 1.81070
-0.79867 1.81046
-0.79855 1.81021
-0.79844 1.80996
-0.79832 1.80971
-0.79820 1.80946
-0.79809 1.80921
-0.79797 1.80896
-0.79785 1.80871
-0.79774 1.80846
-0.79762 1.80821
-0.79751 1.80796
-0.79739 1.80772
-0.79727 1.80747
-0.79716 1.80722
-0.79704 1.80697
-0.79692 1.80672
-0.79681 1.80647
-0.79669 1.80622
-0.79657 1.80597
-0.79646 1.80572
-0.79634 1.80547
-0.79623 1.80522
-0.79611 1.80497
-0.79600 1.80472
-0.79589 1.80447
-0.79578 1.80422
-0.79567 1.80397
-0.79556 1.80372
-0.79545 1.80347
-0.79534 1.80322
-0.79523 1.80297
-0.79512 1.80272
-0.79501 1.80247
-0.79490 1.80222
-0.79479 1.80197
-0.79468 1.80172
-0.79457 1.80147
-0.79446 1.80122
-0.79435 1.80097
-0.79424 1.80072
-0.79413 1.80047
-0.79402 1.80022
-0.79391 1.79997
-0.79380 1.79972
-0.79369 1.79947
-0.79358 1.79922
-0.79347 1.79897
-0.79336 1.79872
-0.79325 1.79847
-0.79314 1.79822
-0.79303 1.79797
-0.79292 1.79772
-0.79281 1.79747
-0.79270 1.79722
-0.79259 1.79697
-0.79248 1.79672
-0.79237 1.79647
-0.79226 1.79622
-0.79215 1.79597
-0.79204 1.79572
-0.79193 1.79547
-0.79182 1.79522
-0.79171 1.79497
-0.79159 1.79472
-0.79148 1.79447
-0.79137 1.79422
-0.79126 1.79397
-0.79115 1.79371
-0.79104 1.79346
-0.79093 1.79321
-0.79082 1.79296
-0.79071 1.79271
-0.79060 1.79246
-0.79049 1.79221
-0.79038 1.79196
-0.79027 1.79171
-0.79016 1.79146
-0.79005 1.79121
-0.78994 1.79095
-0.78983 1.79070
-0.78971 1.79045
-0.78960 1.79020
-0.78949 1.78995
-0.78938 1.78970
-0.78927 1.78945
-0.78916 1.78920
-0.78905 1.78895
-0.78894 1.78870
-0.78883 1.78844
-0.78872 1.78819
-0.78861 1.78794
-0.78850 1.78769
-0.78839 1.78744
-0.78827 1.78719
-0.78816 1.78694
-0.78805 1.78668
-0.78794 1.78643
-0.78783 1.78618
-0.78772 1.78593
-0.78761 1.78568
-0.78750 1.78543
-0.78739 1.78518
-0.78728 1.78492
-0.78716 1.78467
-0.78705 1.78442
-0.78694 1.78417
-0.78683 1.78392
-0.78672 1.78367
-0.78661 1.78341
-0.78650 1.78316
-0.78639 1.78291
-0.78628 1.78266
-0.78616 1.78241
-0.78605 1.78216
-0.78594 1.78190
-0.78583 1.78165
-0.78572 1.78140
-0.78561 1.78115
-0.78550 1.78090
-0.78539 1.78064
-0.78528 1.78039
-0.78516 1.78014
-0.78505 1.77989
-0.78494 1.77964
-0.78484 1.77938
-0.78473 1.77913
-0.78463 1.77888
-0.78453 1.77863
-0.78443 1.77837
-0.78432 1.77812
-0.78422 1.77787
-0.78412 1.77762
-0.78402 1.77736
-0.78391 1.77711
-0.78381 1.77686
-0.78371 1.77661
-0.78360 1.77635
-0.78350 1.77610
-0.78340 1.77585
-0.78330 1.77560
-0.78319 1.77534
-0.78309 1.77509
-0.78299 1.77484
-0.78288 1.77459
-0.78278 1.77433
-0.78268 1.77408
-0.78258 1.77383
-0.78247 1.77357
-0.78237 1.77332
-0.78227 1.77307
-0.78216 1.77282
-0.78206 1.77256
-0.78196 1.77231
-0.78185 1.77206
-0.78175 1.77180
-0.78165 1.77155
-0.78155 1.77130
-0.78144 1.77105
-0.78134 1.77079
-0.78124 1.77054
-0.78113 1.77029
-0.78103 1.77003
-0.78093 1.76978
-0.78082 1.76953
-0.78072 1.76927
-0.78062 1.76902
-0.78051 1.76877
-0.78041 1.76851
-0.78031 1.76826
-0.78020 1.76801
-0.78010 1.76775
-0.78000 1.76750
-0.77989 1.76725
-0.77979 1.76699
-0.77969 1.76674
-0.77958 1.76649
-0.77948 1.76623
-0.77938 1.76598
-0.77927 1.76573
-0.77917 1.76547
-0.77907 1.76522
-0.77896 1.76496
-0.77886 1.76471
-0.77876 1.76446
-0.77865 1.76420
-0.77855 1.76395
-0.77844 1.76370
-0.77834 1.76344
-0.77824 1.76319
-0.77813 1.76293
-0.77803 1.76268
-0.77793 1.76243
-0.77782 1.76217
-0.77772 1.76192
-0.77762 1.76166
-0.77751 1.76141
-0.77741 1.76116
-0.77730 1.76090
-0.77720 1.76065
-0.77710 1.76039
-0.77699 1.76014
-0.77689 1.75989
-0.77678 1.75963
-0.77668 1.75938
-0.77658 1.75912
-0.77647 1.75887
-0.77637 1.75861
-0.77626 1.75836
-0.77616 1.75811
-0.77606 1.75785
-0.77595 1.75760
-0.77585 1.75734
-0.77574 1.75709
-0.77564 1.75683
-0.77554 1.75658
-0.77543 1.75632
-0.77533 1.75607
-0.77522 1.75581
-0.77512 1.75556
-0.77502 1.75531
-0.77491 1.75505
-0.77481 1.75480
-0.77470 1.75454
-0.77460 1.75429
-0.77449 1.75403
-0.77439 1.75378
-0.77429 1.75352
-0.77418 1.75327
-0.77408 1.75301
-0.77397 1.75276
-0.77387 1.75250
-0.77376 1.75225
-0.77366 1.75199
-0.77356 1.75174
-0.77345 1.75148
-0.77335 1.75123
-0.77324 1.75097
-0.77314 1.75072
-0.77303 1.75046
-0.77293 1.75021
-0.77282 1.74995
-0.77272 1.74970
-0.77261 1.74944
-0.77251 1.74919
-0.77241 1.74893
-0.77232 1.74868
-0.77222 1.74842
-0.77212 1.74816
-0.77203 1.74791
-0.77193 1.74765
-0.77183 1.74740
-0.77174 1.74714
-0.77164 1.74689
-0.77154 1.74663
-0.77144 1.74638
-0.77135 1.74612
-0.77125 1.74586
-0.77115 1.74561
-0.77106 1.74535
-0.77096 1.74510
-0.77086 1.74484
-0.77076 1.74458
-0.77067 1.74433
-0.77057 1.74407
-0.77047 1.74382
-0.77037 1.74356
-0.77028 1.74331
-0.77018 1.74305
-0.77008 1.74279
-0.76999 1.74254
-0.76989 1.74228
-0.76979 1.74202
-0.76969 1.74177
-0.76960 1.74151
-0.76950 1.74126
-0.76940 1.74100
-0.76930 1.74074
-0.76921 1.74049
-0.76911 1.74023
-0.76901 1.73997
-0.76891 1.73972
-0.76882 1.73946
-0.76872 1.73921
-0.76862 1.73895
-0.76852 1.73869
-0.76842 1.73844
-0.76833 1.73818
-0.76823 1.73792
-0.76813 1.73767
-0.76803 1.73741
-0.76794 1.73715
-0.76784 1.73690
-0.76774 1.73664
-0.76764 1.73638
-0.76754 1.73613
-0.76745 1.73587
-0.76735 1.73561
-0.76725 1.73536
-0.76715 1.73510
-0.76705 1.73484
-0.76696 1.73459
-0.76686 1.73433
-0.76676 1.73407
-0.76666 1.73381
-0.76656 1.73356
-0.76647 1.73330
-0.76637 1.73304
-0.76627 1.73279
-0.76617 1.73253
-0.76607 1.73227
-0.76598 1.73202
-0.76588 1.73176
-0.76578 1.73150
-0.76568 1.73124
-0.76558 1.73099
-0.76548 1.73073
-0.76539 1.73047
-0.76529 1.73021
-0.76519 1.72996
-0.76509 1.72970
-0.76499 1.72944
-0.76489 1.72918
-0.76480 1.72893
-0.76470 1.72867
-0.76460 1.72841
-0.76450 1.72815
-0.76440 1.72790
-0.76430 1.72764
-0.76420 1.72738
-0.76411 1.72712
-0.76401 1.72687
-0.76391 1.72661
-0.76381 1.72635
-0.76371 1.72609
-0.76361 1.72583
-0.76351 1.72558
-0.76342 1.72532
-0.76332 1.72506
-0.76322 1.72480
-0.76312 1.72454
-0.76302 1.72429
-0.76292 1.72403
-0.76282 1.72377
-0.76272 1.72351
-0.76263 1.72325
-0.76253 1.72300
-0.76243 1.72274
-0.76233 1.72248
-0.76223 1.72222
-0.76213 1.72196
-0.76203 1.72171
-0.76193 1.72145
-0.76183 1.72119
-0.76173 1.72093
-0.76164 1.72067
-0.76154 1.72041
-0.76144 1.72016
-0.76134 1.71990
-0.76124 1.71964
-0.76114 1.71938
-0.76104 1.71912
-0.76094 1.71886
-0.76084 1.71860
-0.76074 1.71835
-0.76064 1.71809
-0.76054 1.71783
-0.76045 1.71757
-0.76035 1.71731
-0.76025 1.71705
-0.76015 1.71679
-0.76005 1.71653
-0.75995 1.71627
-0.75985 1.71602
-0.75975 1.71576
-0.75966 1.71550
-0.75956 1.71524
-0.75946 1.71498
-0.75936 1.71472
-0.75926 1.71446
-0.75917 1.71420
-0.75907 1.71394
-0.75897 1.71368
-0.75887 1.71343
-0.75877 1.71317
-0.75868 1.71291
-0.75858 1.71265
-0.75848 1.71239
-0.75838 1.71213
-0.75828 1.71187
-0.75819 1.71161
-0.75809 1.71135
-0.75799 1.71109
-0.75789 1.71083
-0.75779 1.71057
-0.75769 1.71031
-0.75760 1.71005
-0.75750 1.70979
-0.75740 1.70953
-0.75730 1.70927
-0.75720 1.70901
-0.75710 1.70875
-0.75701 1.70849
-0.75691 1.70824
-0.75681 1.70798
-0.75671 1.70772
-0.75661 1.70746
-0.75651 1.70720
-0.75641 1.70694
-0.75632 1.70668
-0.75622 1.70642
-0.75612 1.70616
-0.75602 1.70590
-0.75592 1.70564
-0.75582 1.70538
-0.75572 1.70512
-0.75562 1.70486
-0.75553 1.70460
-0.75543 1.70434
-0.75533 1.70407
-0.75523 1.70381
-0.75513 1.70355
-0.75503 1.70329
-0.75493 1.70303
-0.75483 1.70277
-0.75474 1.70251
-0.75464 1.70225
-0.75454 1.70199
-0.75444 1.70173
-0.75434 1.70147
-0.75424 1.70121
-0.75414 1.70095
-0.75404 1.70069
-0.75394 1.70043
-0.75384 1.70017
-0.75374 1.69991
-0.75365 1.69965
-0.75355 1.69939
-0.75345 1.69912
-0.75335 1.69886
-0.75325 1.69860
-0.75315 1.69834
-0.75305 1.69808
-0.75295 1.69782
-0.75285 1.69756
-0.75275 1.69730
-0.75265 1.69704
-0.75255 1.69678
-0.75245 1.69652
-0.75235 1.69625
-0.75226 1.69599
-0.75216 1.69573
-0.75206 1.69547
-0.75196 1.69521
-0.75186 1.69495
-0.75176 1.69469
-0.75166 1.69443
-0.75156 1.69416
-0.75146 1.69390
-0.75136 1.69364
-0.75126 1.69338
-0.75116 1.69312
-0.75106 1.69286
-0.75096 1.69260
-0.75086 1.69233
-0.75076 1.69207
-0.75066 1.69181
-0.75056 1.69155
-0.75046 1.69129
-0.75036 1.69103
-0.75026 1.69076
-0.75016 1.69050
-0.75006 1.69024
-0.74996 1.68998
-0.74986 1.68972
-0.74976 1.68946
-0.74966 1.68919
-0.74956 1.68893
-0.74946 1.68867
-0.74936 1.68841
-0.74926 1.68815
-0.74916 1.68788
-0.74906 1.68762
-0.74896 1.68736
-0.74886 1.68710
-0.74876 1.68683
-0.74866 1.68657
-0.74856 1.68631
-0.74846 1.68605
-0.74836 1.68579
-0.74826 1.68552
-0.74816 1.68526
-0.74806 1.68500
-0.74796 1.68474
-0.74786 1.68447
-0.74776 1.68421
-0.74766 1.68395
-0.74755 1.68369
-0.74745 1.68342
-0.74735 1.68316
-0.74725 1.68290
-0.74715 1.68264
-0.74705 1.68237
-0.74695 1.68211
-0.74684 1.68185
-0.74674 1.68159
-0.74664 1.68132
-0.74654 1.68106
-0.74644 1.68080
-0.74634 1.68053
-0.74624 1.68027
-0.74613 1.68001
-0.74603 1.67974
-0.74593 1.67948
-0.74583 1.67922
-0.74573 1.67896
-0.74563 1.67869
-0.74552 1.67843
-0.74542 1.67817
-0.74532 1.67790
-0.74522 1.67764
-0.74512 1.67738
-0.74502 1.67711
-0.74491 1.67685
-0.74481 1.67659
-0.74471 1.67632
-0.74461 1.67606
-0.74451 1.67580
-0.74440 1.67553
-0.74430 1.67527
-0.74420 1.67501
-0.74410 1.67474
-0.74400 1.67448
-0.74389 1.67422
-0.74379 1.67395
-0.74369 1.67369
-0.74359 1.67342
-0.74349 1.67316
-0.74338 1.67290
-0.74328 1.67263
-0.74318 1.67237
-0.74308 1.67211
-0.74297 1.67184
-0.74287 1.67158
-0.74277 1.67131
-0.74267 1.67105
-0.74257 1.67079
-0.74246 1.67052
-0.74236 1.67026
-0.74226 1.66999
-0.74216 1.66973
-0.74205 1.66946
-0.74195 1.66920
-0.74185 1.66894
-0.74175 1.66867
-0.74164 1.66841
-0.74154 1.66814
-0.74144 1.66788
-0.74134 1.66761
-0.74123 1.66735
-0.74113 1.66709
-0.74103 1.66682
-0.74093 1.66656
-0.74082 1.66629
-0.74072 1.66603
-0.74062 1.66576
-0.74051 1.66550
-0.74041 1.66523
-0.74031 1.66497
-0.74021 1.66470
-0.74010 1.66444
-0.74000 1.66418
-0.73990 1.66391
-0.73980 1.66365
-0.73969 1.66338
-0.73959 1.66312
-0.73949 1.66285
-0.73938 1.66259
-0.73928 1.66232
-0.73918 1.66206
-0.73907 1.66179
-0.73897 1.66153
-0.73887 1.66126
-0.73877 1.66100
-0.73866 1.66073
-0.73856 1.66046
-0.73846 1.66020
-0.73835 1.65993
-0.73825 1.65967
-0.73815 1.65940
-0.73804 1.65914
-0.73794 1.65887
-0.73784 1.65861
-0.73773 1.65834
-0.73763 1.65808
-0.73753 1.65781
-0.73742 1.65754
-0.73732 1.65728
-0.73722 1.65701
-0.73711 1.65675
-0.73701 1.65648
-0.73691 1.65622
-0.73680 1.65595
-0.73670 1.65569
-0.73660 1.65542
-0.73649 1.65515
-0.73639 1.65489
-0.73628 1.65462
-0.73617 1.65436
-0.73607 1.65409
-0.73596 1.65382
-0.73585 1.65356
-0.73574 1.65329
-0.73563 1.65303
-0.73553 1.65276
-0.73542 1.65249
-0.73531 1.65223
-0.73520 1.65196
-0.73509 1.65169
-0.73499 1.65143
-0.73488 1.65116
-0.73477 1.65090
-0.73466 1.65063
-0.73455 1.65036
-0.73444 1.65010
-0.73434 1.64983
-0.73423 1.64956
-0.73412 1.64930
-0.73401 1.64903
-0.73390 1.64876
-0.73380 1.64850
-0.73369 1.64823
-0.73358 1.64796
-0.73347 1.64770
-0.73336 1.64743
-0.73325 1.64716
-0.73314 1.64690
-0.73304 1.64663
-0.73293 1.64636
-0.73282 1.64610
-0.73271 1.64583
-0.73260 1.64556
-0.73249 1.64530
-0.73238 1.64503
-0.73228 1.64476
-0.73217 1.64449
-0.73206 1.64423
-0.73195 1.64396
-0.73184 1.64369
-0.73173 1.64343
-0.73162 1.64316
-0.73152 1.64289
-0.73141 1.64262
-0.73130 1.64236
-0.73119 1.64209
-0.73108 1.64182
-0.73097 1.64155
-0.73086 1.64129
-0.73075 1.64102
-0.73064 1.64075
-0.73054 1.64048
-0.73043 1.64022
-0.73032 1.63995
-0.73021 1.63968
-0.73010 1.63941
-0.72999 1.63915
-0.72988 1.63888
-0.72977 1.63861
-0.72966 1.63834
-0.72955 1.63807
-0.72945 1.63781
-0.72934 1.63754
-0.72923 1.63727
-0.72912 1.63700
-0.72901 1.63674
-0.72890 1.63647
-0.72879 1.63620
-0.72868 1.63593
-0.72857 1.63566
-0.72846 1.63539
-0.72835 1.63513
-0.72824 1.63486
-0.72813 1.63459
-0.72802 1.63432
-0.72792 1.63405
-0.72781 1.63378
-0.72770 1.63352
-0.72759 1.63325
-0.72748 1.63298
-0.72737 1.63271
-0.72726 1.63244
-0.72715 1.63217
-0.72704 1.63190
-0.72693 1.63164
-0.72682 1.63137
-0.72671 1.63110
-0.72660 1.63083
-0.72649 1.63056
-0.72638 1.63029
-0.72627 1.63002
-0.72616 1.62975
-0.72605 1.62949
-0.72594 1.62922
-0.72583 1.62895
-0.72572 1.62868
-0.72561 1.62841
-0.72550 1.62814
-0.72539 1.62787
-0.72528 1.62760
-0.72517 1.62733
-0.72506 1.62706
-0.72495 1.62679
-0.72484 1.62653
-0.72473 1.62626
-0.72462 1.62599
-0.72451 1.62572
-0.72440 1.62545
-0.72429 1.62518
-0.72418 1.62491
-0.72407 1.62464
-0.72396 1.62437
-0.72385 1.62410
-0.72374 1.62383
-0.72363 1.62356
-0.72352 1.62329
-0.72341 1.62302
-0.72330 1.62275
-0.72319 1.62248
-0.72308 1.62221
-0.72297 1.62194
-0.72286 1.62167
-0.72275 1.62140
-0.72264 1.62113
-0.72253 1.62086
-0.72242 1.62059
-0.72231 1.62032
-0.72220 1.62005
-0.72209 1.61978
-0.72198 1.61951
-0.72187 1.61924
-0.72175 1.61897
-0.72164 1.61870
-0.72153 1.61843
-0.72142 1.61816
-0.72131 1.61789
-0.72120 1.61762
-0.72109 1.61735
-0.72098 1.61708
-0.72087 1.61681
-0.72076 1.61654
-0.72065 1.61627
-0.72054 1.61600
-0.72043 1.61573
-0.72032 1.61545
-0.72020 1.61518
-0.72009 1.61491
-0.71998 1.61464
-0.71987 1.61437
-0.71976 1.61410
-0.71965 1.61383
-0.71954 1.61356
-0.71943 1.61329
-0.71932 1.61302
-0.71921 1.61275
-0.71909 1.61247
-0.71898 1.61220
-0.71887 1.61193
-0.71876 1.61166
-0.71865 1.61139
-0.71854 1.61112
-0.71843 1.61085
-0.71832 1.61058
-0.71821 1.61030
-0.71809 1.61003
-0.71798 1.60976
-0.71787 1.60949
-0.71776 1.60922
-0.71765 1.60895
-0.71754 1.60868
-0.71743 1.60840
-0.71731 1.60813
-0.71720 1.60786
-0.71709 1.60759
-0.71698 1.60732
-0.71687 1.60705
-0.71676 1.60677
-0.71665 1.60650
-0.71653 1.60623
-0.71642 1.60596
-0.71631 1.60569
-0.71620 1.60541
-0.71609 1.60514
-0.71598 1.60487
-0.71586 1.60460
-0.71575 1.60433
-0.71564 1.60405
-0.71553 1.60378
-0.71542 1.60351
-0.71531 1.60324
-0.71519 1.60297
-0.71508 1.60269
-0.71497 1.60242
-0.71486 1.60215
-0.71475 1.60188
-0.71463 1.60160
-0.71452 1.60133
-0.71441 1.60106
-0.71430 1.60079
-0.71419 1.60051
-0.71407 1.60024
-0.71396 1.59997
-0.71385 1.59969
-0.71374 1.59942
-0.71363 1.59915
-0.71351 1.59888
-0.71340 1.59860
-0.71329 1.59833
-0.71318 1.59806
-0.71307 1.59778
-0.71295 1.59751
-0.71284 1.59724
-0.71273 1.59697
-0.71262 1.59669
-0.71250 1.59642
-0.71239 1.59615
-0.71228 1.59587
-0.71217 1.59560
-0.71206 1.59533
-0.71194 1.59505
-0.71183 1.59478
-0.71172 1.59451
-0.71161 1.59423
-0.71149 1.59396
-0.71138 1.59369
-0.71127 1.59341
-0.71116 1.59314
-0.71104 1.59287
-0.71093 1.59259
-0.71082 1.59232
-0.71070 1.59204
-0.71059 1.59177
-0.71048 1.59150
-0.71037 1.59122
-0.71025 1.59095
-0.71014 1.59067
-0.71003 1.59040
-0.70992 1.59013
-0.70980 1.58985
-0.70969 1.58958
-0.70958 1.58930
-0.70946 1.58903
-0.70935 1.58876
-0.70924 1.58848
-0.70913 1.58821
-0.70901 1.58793
-0.70890 1.58766
-0.70879 1.58739
-0.70867 1.58711
-0.70856 1.58684
-0.70845 1.58656
-0.70833 1.58629
-0.70822 1.58601
-0.70811 1.58574
-0.70799 1.58546
-0.70788 1.58519
-0.70777 1.58491
-0.70765 1.58464
-0.70754 1.58437
-0.70743 1.58409
-0.70732 1.58382
-0.70720 1.58354
-0.70709 1.58327
-0.70698 1.58299
-0.70686 1.58272
-0.70675 1.58244
-0.70663 1.58217
-0.70652 1.58189
-0.70641 1.58162
-0.70629 1.58134
-0.70618 1.58107
-0.70607 1.58079
-0.70595 1.58051
-0.70584 1.58024
-0.70573 1.57996
-0.70561 1.57969
-0.70550 1.57941
-0.70539 1.57914
-0.70527 1.57886
-0.70516 1.57859
-0.70504 1.57831
-0.70493 1.57804
-0.70482 1.57776
-0.70470 1.57748
-0.70459 1.57721
-0.70448 1.57693
-0.70436 1.57666
-0.70425 1.57638
-0.70413 1.57611
-0.70402 1.57583
-0.70391 1.57555
-0.70379 1.57528
-0.70368 1.57500
-0.70356 1.57473
-0.70345 1.57445
-0.70334 1.57417
-0.70322 1.57390
-0.70311 1.57362
-0.70299 1.57335
-0.70288 1.57307
-0.70277 1.57279
-0.70265 1.57252
-0.70254 1.57224
-0.70242 1.57196
-0.70231 1.57169
-0.70219 1.57141
-0.70208 1.57113
-0.70197 1.57086
-0.70185 1.57058
-0.70174 1.57030
-0.70162 1.57003
-0.70151 1.56975
-0.70139 1.56947
-0.70128 1.56920
-0.70116 1.56892
-0.70105 1.56864
-0.70094 1.56837
-0.70082 1.56809
-0.70071 1.56781
-0.70059 1.56754
-0.70048 1.56726
-0.70036 1.56698
-0.70025 1.56670
-0.70013 1.56643
-0.70002 1.56615
-0.69990 1.56587
-0.69979 1.56560
-0.69967 1.56532
-0.69956 1.56504
-0.69945 1.56476
-0.69933 1.56449
-0.69922 1.56421
-0.69910 1.56393
-0.69899 1.56365
-0.69887 1.56338
-0.69876 1.56310
-0.69864 1.56282
-0.69853 1.56254
-0.69841 1.56227
-0.69830 1.56199
-0.69818 1.56171
-0.69807 1.56143
-0.69795 1.56115
-0.69784 1.56088
-0.69772 1.56060
-0.69761 1.56032
-0.69749 1.56004
-0.69737 1.55976
-0.69726 1.55949
-0.69714 1.55921
-0.69703 1.55893
-0.69691 1.55865
-0.69680 1.55837
-0.69668 1.55809
-0.69657 1.55782
-0.69645 1.55754
-0.69634 1.55726
-0.69622 1.55698
-0.69611 1.55670
-0.69599 1.55642
-0.69588 1.55615
-0.69576 1.55587
-0.69564 1.55559
-0.69553 1.55531
-0.69541 1.55503
-0.69530 1.55475
-0.69518 1.55447
-0.69507 1.55419
-0.69495 1.55392
-0.69483 1.55364
-0.69472 1.55336
-0.69460 1.55308
-0.69449 1.55280
-0.69437 1.55252
-0.69426 1.55224
-0.69414 1.55196
-0.69402 1.55168
-0.69391 1.55140
-0.69379 1.55112
-0.69368 1.55085
-0.69356 1.55057
-0.69344 1.55029
-0.69333 1.55001
-0.69321 1.54973
-0.69310 1.54945
-0.69298 1.54917
-0.69286 1.54889
-0.69275 1.54861
-0.69263 1.54833
-0.69252 1.54805
-0.69240 1.54777
-0.69228 1.54749
-0.69217 1.54721
-0.69205 1.54693
-0.69194 1.54665
-0.69182 1.54637
-0.69170 1.54609
-0.69159 1.54581
-0.69147 1.54553
-0.69135 1.54525
-0.69124 1.54497
-0.69112 1.54469
-0.69100 1.54441
-0.69089 1.54413
-0.69077 1.54385
-0.69065 1.54357
-0.69054 1.54329
-0.69042 1.54301
-0.69031 1.54273
-0.69019 1.54245
-0.69007 1.54217
-0.68996 1.54189
-0.68984 1.54161
-0.68972 1.54132
-0.68961 1.54104
-0.68949 1.54076
-0.68937 1.54048
-0.68926 1.54020
-0.68914 1.53992
-0.68902 1.53964
-0.68890 1.53936
-0.68879 1.53908
-0.68867 1.53880
-0.68855 1.53852
-0.68844 1.53823
-0.68832 1.53795
-0.68820 1.53767
-0.68809 1.53739
-0.68797 1.53711
-0.68785 1.53683
-0.68773 1.53655
-0.68762 1.53627
-0.68750 1.53598
-0.68738 1.53570
-0.68727 1.53542
-0.68715 1.53514
-0.68703 1.53486
-0.68691 1.53458
-0.68680 1.53430
-0.68668 1.53401
-0.68656 1.53373
-0.68645 1.53345
-0.68633 1.53317
-0.68621 1.53289
-0.68609 1.53260
-0.68598 1.53232
-0.68586 1.53204
-0.68574 1.53176
-0.68562 1.53148
-0.68551 1.53119
-0.68539 1.53091
-0.68527 1.53063
-0.68515 1.53035
-0.68504 1.53007
-0.68492 1.52978
-0.68480 1.52950
-0.68468 1.52922
-0.68456 1.52894
-0.68445 1.52865
-0.68433 1.52837
-0.68421 1.52809
-0.68409 1.52781
-0.68398 1.52752
-0.68386 1.52724
-0.68374 1.52696
-0.68362 1.52667
-0.68350 1.52639
-0.68339 1.52611
-0.68327 1.52583
-0.68315 1.52554
-0.68303 1.52526
-0.68291 1.52498
-0.68280 1.52469
-0.68268 1.52441
-0.68256 1.52413
-0.68244 1.52384
-0.68232 1.52356
-0.68221 1.52328
-0.68209 1.52299
-0.68197 1.52271
-0.68185 1.52243
-0.68173 1.52214
-0.68161 1.52186
-0.68150 1.52158
-0.68138 1.52129
-0.68126 1.52101
-0.68114 1.52073
-0.68102 1.52044
-0.68090 1.52016
-0.68079 1.51988
-0.68067 1.51959
-0.68055 1.51931
-0.68043 1.51902
-0.68031 1.51874
-0.68019 1.51846
-0.68008 1.51817
-0.67996 1.51789
-0.67984 1.51760
-0.67972 1.51732
-0.67960 1.51704
-0.67948 1.51675
-0.67936 1.51647
-0.67924 1.51618
-0.67913 1.51590
-0.67901 1.51561
-0.67889 1.51533
-0.67877 1.51505
-0.67865 1.51476
-0.67853 1.51448
-0.67841 1.51419
-0.67829 1.51391
-0.67817 1.51362
-0.67806 1.51334
-0.67794 1.51305
-0.67782 1.51277
-0.67770 1.51248
-0.67758 1.51220
-0.67746 1.51191
-0.67734 1.51163
-0.67722 1.51134
-0.67710 1.51106
-0.67698 1.51077
-0.67686 1.51049
-0.67674 1.51020
-0.67663 1.50992
-0.67651 1.50963
-0.67639 1.50935
-0.67627 1.50906
-0.67615 1.50878
-0.67603 1.50849
-0.67591 1.50820
-0.67579 1.50792
-0.67567 1.50763
-0.67555 1.50735
-0.67543 1.50706
-0.67531 1.50678
-0.67519 1.50649
-0.67507 1.50621
-0.67495 1.50592
-0.67483 1.50563
-0.67471 1.50535
-0.67459 1.50506
-0.67447 1.50478
-0.67435 1.50449
-0.67424 1.50420
-0.67412 1.50392
-0.67400 1.50363
-0.67388 1.50334
-0.67376 1.50306
-0.67364 1.50277
-0.67352 1.50249
-0.67340 1.50220
-0.67328 1.50191
-0.67316 1.50163
-0.67304 1.50134
-0.67292 1.50105
-0.67280 1.50077
-0.67268 1.50048
-0.67256 1.50019
-0.67244 1.49991
-0.67232 1.49962
-0.67220 1.49933
-0.67208 1.49905
-0.67196 1.49876
-0.67183 1.49847
-0.67171 1.49818
-0.67159 1.49790
-0.67147 1.49761
-0.67135 1.49732
-0.67123 1.49704
-0.67111 1.49675
-0.67099 1.49646
-0.67087 1.49617
-0.67075 1.49589
-0.67063 1.49560
-0.67051 1.49531
-0.67039 1.49502
-0.67026 1.49474
-0.67014 1.49445
-0.67001 1.49416
-0.66989 1.49387
-0.66976 1.49359
-0.66964 1.49330
-0.66951 1.49301
-0.66939 1.49272
-0.66926 1.49244
-0.66914 1.49215
-0.66901 1.49186
-0.66888 1.49157
-0.66876 1.49128
-0.66863 1.49100
-0.66851 1.49071
-0.66838 1.49042
-0.66826 1.49013
-0.66813 1.48984
-0.66801 1.48956
-0.66788 1.48927
-0.66775 1.48898
-0.66763 1.48869
-0.66750 1.48840
-0.66738 1.48811
-0.66725 1.48782
-0.66713 1.48754
-0.66700 1.48725
-0.66687 1.48696
-0.66675 1.48667
-0.66662 1.48638
-0.66650 1.48609
-0.66637 1.48580
-0.66625 1.48551
-0.66612 1.48523
-0.66599 1.48494
-0.66587 1.48465
-0.66574 1.48436
-0.66562 1.48407
-0.66549 1.48378
-0.66536 1.48349
-0.66524 1.48320
-0.66511 1.48291
-0.66499 1.48262
-0.66486 1.48233
-0.66473 1.48204
-0.66461 1.48176
-0.66448 1.48147
-0.66435 1.48118
-0.66423 1.48089
-0.66410 1.48060
-0.66398 1.48031
-0.66385 1.48002
-0.66372 1.47973
-0.66360 1.47944
-0.66347 1.47915
-0.66334 1.47886
-0.66322 1.47857
-0.66309 1.47828
-0.66296 1.47799
-0.66284 1.47770
-0.66271 1.47741
-0.66258 1.47712
-0.66246 1.47683
-0.66233 1.47654
-0.66220 1.47625
-0.66208 1.47596
-0.66195 1.47567
-0.66182 1.47537
-0.66170 1.47508
-0.66157 1.47479
-0.66144 1.47450
-0.66132 1.47421
-0.66119 1.47392
-0.66106 1.47363
-0.66094 1.47334
-0.66081 1.47305
-0.66068 1.47276
-0.66056 1.47247
-0.66043 1.47218
-0.66030 1.47189
-0.66017 1.47159
-0.66005 1.47130
-0.65992 1.47101
-0.65979 1.47072
-0.65967 1.47043
-0.65954 1.47014
-0.65941 1.46985
-0.65928 1.46956
-0.65916 1.46926
-0.65903 1.46897
-0.65890 1.46868
-0.65878 1.46839
-0.65865 1.46810
-0.65852 1.46781
-0.65839 1.46751
-0.65827 1.46722
-0.65814 1.46693
-0.65801 1.46664
-0.65788 1.46635
-0.65776 1.46605
-0.65763 1.46576
-0.65750 1.46547
-0.65737 1.46518
-0.65724 1.46489
-0.65711 1.46459
-0.65699 1.46430
-0.65686 1.46401
-0.65673 1.46372
-0.65660 1.46343
-0.65647 1.46313
-0.65634 1.46284
-0.65622 1.46255
-0.65609 1.46226
-0.65596 1.46196
-0.65583 1.46167
-0.65570 1.46138
-0.65557 1.46108
-0.65545 1.46079
-0.65532 1.46050
-0.65519 1.46021
-0.65506 1.45991
-0.65493 1.45962
-0.65480 1.45933
-0.65467 1.45903
-0.65454 1.45874
-0.65442 1.45845
-0.65429 1.45815
-0.65416 1.45786
-0.65403 1.45757
-0.65390 1.45727
-0.65377 1.45698
-0.65364 1.45669
-0.65351 1.45639
-0.65339 1.45610
-0.65326 1.45581
-0.65313 1.45551
-0.65300 1.45522
-0.65287 1.45493
-0.65274 1.45463
-0.65261 1.45434
-0.65248 1.45404
-0.65235 1.45375
-0.65222 1.45346
-0.65209 1.45316
-0.65197 1.45287
-0.65184 1.45257
-0.65171 1.45228
-0.65158 1.45199
-0.65145 1.45169
-0.65132 1.45140
-0.65119 1.45110
-0.65106 1.45081
-0.65093 1.45051
-0.65080 1.45022
-0.65067 1.44992
-0.65054 1.44963
-0.65041 1.44933
-0.65028 1.44904
-0.65015 1.44875
-0.65002 1.44845
-0.64990 1.44816
-0.64977 1.44786
-0.64964 1.44757
-0.64951 1.44727
-0.64938 1.44698
-0.64925 1.44668
-0.64912 1.44639
-0.64899 1.44609
-0.64886 1.44579
-0.64873 1.44550
-0.64860 1.44520
-0.64847 1.44491
-0.64834 1.44461
-0.64821 1.44432
-0.64808 1.44402
-0.64795 1.44373
-0.64782 1.44343
-0.64769 1.44314
-0.64756 1.44284
-0.64743 1.44254
-0.64730 1.44225
-0.64717 1.44195
-0.64704 1.44166
-0.64691 1.44136
-0.64678 1.44106
-0.64665 1.44077
-0.64652 1.44047
-0.64639 1.44018
-0.64626 1.43988
-0.64613 1.43958
-0.64600 1.43929
-0.64587 1.43899
-0.64574 1.43869
-0.64560 1.43840
-0.64547 1.43810
-0.64534 1.43780
-0.64521 1.43751
-0.64508 1.43721
-0.64495 1.43691
-0.64482 1.43662
-0.64469 1.43632
-0.64456 1.43602
-0.64443 1.43573
-0.64430 1.43543
-0.64417 1.43513
-0.64404 1.43484
-0.64391 1.43454
-0.64378 1.43424
-0.64364 1.43394
-0.64351 1.43365
-0.64338 1.43335
-0.64324 1.43305
-0.64311 1.43275
-0.64297 1.43246
-0.64284 1.43216
-0.64271 1.43186
-0.64257 1.43156
-0.64244 1.43127
-0.64230 1.43097
-0.64217 1.43067
-0.64203 1.43037
-0.64190 1.43008
-0.64176 1.42978
-0.64163 1.42948
-0.64150 1.42918
-0.64136 1.42888
-0.64123 1.42859
-0.64109 1.42829
-0.64096 1.42799
-0.64082 1.42769
-0.64069 1.42739
-0.64055 1.42709
-0.64042 1.42680
-0.64028 1.42650
-0.64015 1.42620
-0.64002 1.42590
-0.63988 1.42560
-0.63975 1.42530
-0.63961 1.42500
-0.63948 1.42471
-0.63934 1.42441
-0.63921 1.42411
-0.63907 1.42381
-0.63894 1.42351
-0.63880 1.42321
-0.63867 1.42291
-0.63853 1.42261
-0.63840 1.42231
-0.63826 1.42201
-0.63813 1.42171
-0.63799 1.42142
-0.63786 1.42112
-0.63772 1.42082
-0.63759 1.42052
-0.63745 1.42022
-0.63732 1.41992
-0.63718 1.41962
-0.63705 1.41932
-0.63691 1.41902
-0.63677 1.41872
-0.63664 1.41842
-0.63650 1.41812
-0.63637 1.41782
-0.63623 1.41752
-0.63610 1.41722
-0.63596 1.41692
-0.63583 1.41662
-0.63569 1.41632
-0.63556 1.41602
-0.63542 1.41572
-0.63528 1.41542
-0.63515 1.41512
-0.63501 1.41482
-0.63488 1.41452
-0.63474 1.41422
-0.63461 1.41391
-0.63447 1.41361
-0.63433 1.41331
-0.63420 1.41301
-0.63406 1.41271
-0.63393 1.41241
-0.63379 1.41211
-0.63365 1.41181
-0.63352 1.41151
-0.63338 1.41121
-0.63325 1.41091
-0.63311 1.41060
-0.63297 1.41030
-0.63284 1.41000
-0.63270 1.40970
-0.63257 1.40940
-0.63243 1.40910
-0.63229 1.40880
-0.63216 1.40849
-0.63202 1.40819
-0.63189 1.40789
-0.63175 1.40759
-0.63161 1.40729
-0.63148 1.40699
-0.63134 1.40668
-0.63120 1.40638
-0.63107 1.40608
-0.63093 1.40578
-0.63079 1.40548
-0.63066 1.40517
-0.63052 1.40487
-0.63038 1.40457
-0.63025 1.40427
-0.63011 1.40396
-0.62997 1.40366
-0.62984 1.40336
-0.62970 1.40306
-0.62957 1.40275
-0.62944 1.40245
-0.62931 1.40215
-0.62918 1.40185
-0.62905 1.40154
-0.62892 1.40124
-0.62879 1.40094
-0.62866 1.40063
-0.62853 1.40033
-0.62840 1.40003
-0.62827 1.39972
-0.62814 1.39942
-0.62801 1.39912
-0.62788 1.39881
-0.62775 1.39851
-0.62762 1.39821
-0.62749 1.39790
-0.62736 1.39760
-0.62723 1.39730
-0.62710 1.39699
-0.62697 1.39669
-0.62684 1.39638
-0.62671 1.39608
-0.62658 1.39578
-0.62644 1.39547
-0.62631 1.39517
-0.62618 1.39486
-0.62605 1.39456
-0.62592 1.39426
-0.62579 1.39395
-0.62566 1.39365
-0.62553 1.39334
-0.62540 1.39304
-0.62527 1.39273
-0.62514 1.39243
-0.62501 1.39213
-0.62487 1.39182
-0.62474 1.39152
-0.62461 1.39121
-0.62448 1.39091
-0.62435 1.39060
-0.62422 1.39030
-0.62409 1.38999
-0.62396 1.38969
-0.62382 1.38938
-0.62369 1.38908
-0.62356 1.38877
-0.62343 1.38847
-0.62330 1.38816
-0.62317 1.38786
-0.62304 1.38755
-0.62290 1.38724
-0.62277 1.38694
-0.62264 1.38663
-0.62251 1.38633
-0.62238 1.38602
-0.62225 1.38572
-0.62212 1.38541
-0.62198 1.38510
-0.62185 1.38480
-0.62172 1.38449
-0.62159 1.38419
-0.62146 1.38388
-0.62132 1.38357
-0.62119 1.38327
-0.62106 1.38296
-0.62093 1.38266
-0.62080 1.38235
-0.62067 1.38204
-0.62053 1.38174
-0.62040 1.38143
-0.62027 1.38112
-0.62014 1.38082
-0.62000 1.38051
-0.61987 1.38020
-0.61974 1.37990
-0.61961 1.37959
-0.61948 1.37928
-0.61934 1.37898
-0.61921 1.37867
-0.61908 1.37836
-0.61895 1.37805
-0.61881 1.37775
-0.61868 1.37744
-0.61855 1.37713
-0.61842 1.37682
-0.61828 1.37652
-0.61815 1.37621
-0.61802 1.37590
-0.61789 1.37559
-0.61775 1.37529
-0.61762 1.37498
-0.61749 1.37467
-0.61736 1.37436
-0.61722 1.37406
-0.61709 1.37375
-0.61696 1.37344
-0.61683 1.37313
-0.61669 1.37282
-0.61656 1.37251
-0.61643 1.37221
-0.61629 1.37190
-0.61616 1.37159
-0.61603 1.37128
-0.61589 1.37097
-0.61576 1.37066
-0.61563 1.37036
-0.61550 1.37005
-0.61536 1.36974
-0.61523 1.36943
-0.61509 1.36912
-0.61496 1.36881
-0.61483 1.36850
-0.61469 1.36819
-0.61456 1.36789
-0.61443 1.36758
-0.61429 1.36727
-0.61416 1.36696
-0.61402 1.36665
-0.61389 1.36634
-0.61376 1.36603
-0.61362 1.36572
-0.61349 1.36541
-0.61335 1.36510
-0.61322 1.36479
-0.61309 1.36448
-0.61295 1.36417
-0.61282 1.36386
-0.61268 1.36355
-0.61255 1.36324
-0.61241 1.36293
-0.61228 1.36262
-0.61215 1.36231
-0.61201 1.36200
-0.61188 1.36169
-0.61174 1.36138
-0.61161 1.36107
-0.61147 1.36076
-0.61134 1.36045
-0.61120 1.36014
-0.61107 1.35983
-0.61093 1.35952
-0.61080 1.35921
-0.61067 1.35890
-0.61053 1.35859
-0.61040 1.35828
-0.61026 1.35796
-0.61013 1.35765
-0.60999 1.35734
-0.60986 1.35703
-0.60972 1.35672
-0.60959 1.35641
-0.60945 1.35610
-0.60932 1.35579
-0.60918 1.35548
-0.60905 1.35516
-0.60891 1.35485
-0.60878 1.35454
-0.60864 1.35423
-0.60851 1.35392
-0.60837 1.35361
-0.60824 1.35329
-0.60810 1.35298
-0.60796 1.35267
-0.60783 1.35236
-0.60769 1.35205
-0.60756 1.35173
-0.60742 1.35142
-0.60729 1.35111
-0.60715 1.35080
-0.60702 1.35048
-0.60688 1.35017
-0.60675 1.34986
-0.60661 1.34955
-0.60647 1.34923
-0.60634 1.34892
-0.60620 1.34861
-0.60607 1.34830
-0.60593 1.34798
-0.60580 1.34767
-0.60566 1.34736
-0.60552 1.34704
-0.60539 1.34673
-0.60525 1.34642
-0.60512 1.34610
-0.60498 1.34579
-0.60484 1.34548
-0.60471 1.34516
-0.60457 1.34485
-0.60444 1.34454
-0.60430 1.34422
-0.60416 1.34391
-0.60403 1.34360
-0.60389 1.34328
-0.60375 1.34297
-0.60362 1.34266
-0.60348 1.34234
-0.60335 1.34203
-0.60321 1.34171
-0.60307 1.34140
-0.60294 1.34109
-0.60280 1.34077
-0.60266 1.34046
-0.60253 1.34014
-0.60239 1.33983
-0.60225 1.33951
-0.60212 1.33920
-0.60198 1.33888
-0.60184 1.33857
-0.60171 1.33825
-0.60157 1.33794
-0.60145 1.33762
-0.60133 1.33731
-0.60121 1.33699
-0.60109 1.33668
-0.60097 1.33636
-0.60085 1.33605
-0.60073 1.33573
-0.60060 1.33542
-0.60048 1.33510
-0.60036 1.33479
-0.60024 1.33447
-0.60012 1.33415
-0.60000 1.33384
-0.59987 1.33352
-0.59975 1.33321
-0.59963 1.33289
-0.59951 1.33258
-0.59939 1.33226
-0.59927 1.33194
-0.59914 1.33163
-0.59902 1.33131
-0.59890 1.33099
-0.59878 1.33068
-0.59866 1.33036
-0.59853 1.33004
-0.59841 1.32973
-0.59829 1.32941
-0.59817 1.32909
-0.59804 1.32878
-0.59792 1.32846
-0.59780 1.32814
-0.59768 1.32783
-0.59756 1.32751
-0.59743 1.32719
-0.59731 1.32687
-0.59719 1.32656
-0.59707 1.32624
-0.59694 1.32592
-0.59682 1.32561
-0.59670 1.32529
-0.59658 1.32497
-0.59645 1.32465
-0.59633 1.32433
-0.59621 1.32402
-0.59608 1.32370
-0.59596 1.32338
-0.59584 1.32306
-0.59572 1.32275
-0.59559 1.32243
-0.59547 1.32211
-0.59535 1.32179
-0.59522 1.32147
-0.59510 1.32115
-0.59498 1.32084
-0.59485 1.32052
-0.59473 1.32020
-0.59461 1.31988
-0.59449 1.31956
-0.59436 1.31924
-0.59424 1.31892
-0.59412 1.31860
-0.59399 1.31829
-0.59387 1.31797
-0.59374 1.31765
-0.59362 1.31733
-0.59350 1.31701
-0.59337 1.31669
-0.59325 1.31637
-0.59313 1.31605
-0.59300 1.31573
-0.59288 1.31541
-0.59276 1.31509
-0.59263 1.31477
-0.59251 1.31445
-0.59238 1.31413
-0.59226 1.31381
-0.59214 1.31349
-0.59201 1.31317
-0.59189 1.31285
-0.59176 1.31253
-0.59164 1.31221
-0.59152 1.31189
-0.59139 1.31157
-0.59127 1.31125
-0.59114 1.31093
-0.59102 1.31061
-0.59089 1.31029
-0.59077 1.30997
-0.59065 1.30965
-0.59052 1.30933
-0.59040 1.30901
-0.59027 1.30869
-0.59015 1.30836
-0.59002 1.30804
-0.58990 1.30772
-0.58978 1.30740
-0.58966 1.30708
-0.58954 1.30676
-0.58942 1.30644
-0.58930 1.30612
-0.58918 1.30579
-0.58906 1.30547
-0.58894 1.30515
-0.58881 1.30483
-0.58869 1.30451
-0.58857 1.30418
-0.58845 1.30386
-0.58833 1.30354
-0.58821 1.30322
-0.58809 1.30290
-0.58797 1.30257
-0.58785 1.30225
-0.58773 1.30193
-0.58761 1.30161
-0.58749 1.30128
-0.58737 1.30096
-0.58724 1.30064
-0.58712 1.30032
-0.58700 1.29999
-0.58688 1.29967
-0.58676 1.29935
-0.58664 1.29902
-0.58652 1.29870
-0.58640 1.29838
-0.58628 1.29805
-0.58615 1.29773
-0.58603 1.29741
-0.58591 1.29708
-0.58579 1.29676
-0.58567 1.29644
-0.58555 1.29611
-0.58543 1.29579
-0.58530 1.29547
-0.58518 1.29514
-0.58506 1.29482
-0.58494 1.29449
-0.58482 1.29417
-0.58469 1.29385
-0.58457 1.29352
-0.58445 1.29320
-0.58433 1.29287
-0.58421 1.29255
-0.58409 1.29222
-0.58396 1.29190
-0.58384 1.29157
-0.58372 1.29125
-0.58360 1.29092
-0.58347 1.29060
-0.58335 1.29027
-0.58323 1.28995
-0.58311 1.28962
-0.58299 1.28930
-0.58286 1.28897
-0.58274 1.28865
-0.58262 1.28832
-0.58250 1.28800
-0.58237 1.28767
-0.58225 1.28735
-0.58213 1.28702
-0.58200 1.28670
-0.58188 1.28637
-0.58176 1.28604
-0.58164 1.28572
-0.58151 1.28539
-0.58139 1.28507
-0.58127 1.28474
-0.58114 1.28441
-0.58102 1.28409
-0.58090 1.28376
-0.58078 1.28343
-0.58065 1.28311
-0.58053 1.28278
-0.58041 1.28245
-0.58028 1.28213
-0.58016 1.28180
-0.58004 1.28147
-0.57991 1.28115
-0.57979 1.28082
-0.57967 1.28049
-0.57958 1.28017
-0.57949 1.27984
-0.57939 1.27951
-0.57930 1.27918
-0.57920 1.27885
-0.57911 1.27853
-0.57901 1.27820
-0.57892 1.27787
-0.57882 1.27754
-0.57873 1.27721
-0.57863 1.27688
-0.57854 1.27656
-0.57844 1.27623
-0.57835 1.27590
-0.57825 1.27557
-0.57816 1.27524
-0.57806 1.27491
-0.57797 1.27458
-0.57787 1.27425
-0.57777 1.27392
-0.57768 1.27359
-0.57758 1.27326
-0.57749 1.27294
-0.57739 1.27261
-0.57730 1.27228
-0.57720 1.27195
-0.57711 1.27162
-0.57701 1.27129
-0.57691 1.27096
-0.57682 1.27063
-0.57672 1.27030
-0.57663 1.26997
-0.57653 1.26964
-0.57643 1.26931
-0.57634 1.26898
-0.57624 1.26865
-0.57614 1.26832
-0.57605 1.26798
-0.57595 1.26765
-0.57586 1.26732
-0.57576 1.26699
-0.57566 1.26666
-0.57557 1.26633
-0.57547 1.26600
-0.57537 1.26567
-0.57528 1.26534
-0.57518 1.26501
-0.57508 1.26467
-0.57499 1.26434
-0.57489 1.26401
-0.57479 1.26368
-0.57469 1.26335
-0.57460 1.26302
-0.57450 1.26268
-0.57440 1.26235
-0.57431 1.26202
-0.57421 1.26169
-0.57411 1.26135
-0.57401 1.26102
-0.57392 1.26069
-0.57382 1.26036
-0.57372 1.26003
-0.57362 1.25969
-0.57353 1.25936
-0.57343 1.25903
-0.57333 1.25869
-0.57323 1.25836
-0.57313 1.25803
-0.57304 1.25770
-0.57294 1.25736
-0.57284 1.25703
-0.57274 1.25670
-0.57264 1.25636
-0.57255 1.25603
-0.57245 1.25569
-0.57235 1.25536
-0.57225 1.25503
-0.57215 1.25469
-0.57205 1.25436
-0.57196 1.25403
-0.57191 1.25369
-0.57185 1.25335
-0.57180 1.25302
-0.57174 1.25268
-0.57168 1.25235
-0.57163 1.25201
-0.57157 1.25167
-0.57152 1.25134
-0.57146 1.25100
-0.57141 1.25067
-0.57135 1.25033
-0.57129 1.24999
-0.57124 1.24966
-0.57118 1.24932
-0.57113 1.24898
-0.57107 1.24865
-0.57101 1.24831
-0.57096 1.24797
-0.57090 1.24763
-0.57084 1.24730
-0.57079 1.24696
-0.57073 1.24662
-0.57067 1.24628
-0.57062 1.24595
-0.57056 1.24561
-0.57050 1.24527
-0.57045 1.24493
-0.57039 1.24459
-0.57033 1.24426
-0.57027 1.24392
-0.57022 1.24358
-0.57016 1.24324
