-0.95479 2.38007
-0.95447 2.37990
-0.95414 2.37972
-0.95382 2.37954
-0.95350 2.37936
-0.95317 2.37919
-0.95285 2.37901
-0.95252 2.37883
-0.95220 2.37866
-0.95188 2.37848
-0.95155 2.37830
-0.95123 2.37812
-0.95090 2.37794
-0.95058 2.37777
-0.95026 2.37759
-0.94994 2.37741
-0.94961 2.37723
-0.94929 2.37705
-0.94897 2.37688
-0.94864 2.37670
-0.94832 2.37652
-0.94800 2.37634
-0.94767 2.37616
-0.94735 2.37598
-0.94703 2.37581
-0.94671 2.37563
-0.94638 2.37545
-0.94606 2.37527
-0.94574 2.37509
-0.94542 2.37491
-0.94510 2.37473
-0.94477 2.37455
-0.94445 2.37437
-0.94413 2.37420
-0.94381 2.37399
-0.94348 2.37378
-0.94315 2.37357
-0.94283 2.37336
-0.94250 2.37316
-0.94217 2.37295
-0.94185 2.37274
-0.94152 2.37253
-0.94120 2.37232
-0.94087 2.37211
-0.94055 2.37190
-0.94022 2.37169
-0.93990 2.37149
-0.93957 2.37128
-0.93924 2.37107
-0.93892 2.37086
-0.93859 2.37065
-0.93827 2.37044
-0.93795 2.37023
-0.93762 2.37002
-0.93730 2.36981
-0.93697 2.36960
-0.93665 2.36939
-0.93632 2.36918
-0.93600 2.36897
-0.93567 2.36876
-0.93535 2.36855
-0.93503 2.36834
-0.93470 2.36813
-0.93438 2.36792
-0.93406 2.36771
-0.93373 2.36750
-0.93341 2.36729
-0.93309 2.36708
-0.93276 2.36687
-0.93244 2.36666
-0.93212 2.36645
-0.93179 2.36624
-0.93147 2.36602
-0.93115 2.36581
-0.93082 2.36560
-0.93050 2.36539
-0.93018 2.36518
-0.92986 2.36497
-0.92953 2.36476
-0.92921 2.36455
-0.92889 2.36433
-0.92857 2.36412
-0.92824 2.36389
-0.92792 2.36365
-0.92759 2.36341
-0.92726 2.36317
-0.92694 2.36293
-0.92661 2.36270
-0.92629 2.36246
-0.92596 2.36222
-0.92564 2.36198
-0.92531 2.36174
-0.92499 2.36150
-0.92466 2.36126
-0.92434 2.36102
-0.92401 2.36078
-0.92369 2.36054
-0.92336 2.36030
-0.92304 2.36006
-0.92271 2.35982
-0.92239 2.35958
-0.92206 2.35934
-0.92174 2.35910
-0.92141 2.35886
-0.92109 2.35862
-0.92077 2.35838
-0.92044 2.35814
-0.92012 2.35789
-0.91979 2.35765
-0.91947 2.35741
-0.91915 2.35717
-0.91882 2.35693
-0.91850 2.35669
-0.91818 2.35645
-0.91785 2.35621
-0.91753 2.35597
-0.91721 2.35572
-0.91688 2.35548
-0.91656 2.35524
-0.91624 2.35500
-0.91592 2.35476
-0.91559 2.35452
-0.91527 2.35427
-0.91495 2.35403
-0.91463 2.35379
-0.91431 2.35355
-0.91398 2.35331
-0.91366 2.35306
-0.91334 2.35282
-0.91302 2.35258
-0.91270 2.35234
-0.91237 2.35209
-0.91205 2.35185
-0.91173 2.35161
-0.91141 2.35137
-0.91109 2.35112
-0.91077 2.35088
-0.91045 2.35064
-0.91013 2.35039
-0.90981 2.35015
-0.90948 2.34990
-0.90916 2.34966
-0.90884 2.34941
-0.90852 2.34917
-0.90820 2.34892
-0.90788 2.34868
-0.90756 2.34843
-0.90724 2.34818
-0.90692 2.34794
-0.90660 2.34769
-0.90628 2.34745
-0.90596 2.34720
-0.90564 2.34695
-0.90532 2.34671
-0.90500 2.34646
-0.90468 2.34621
-0.90436 2.34597
-0.90404 2.34572
-0.90372 2.34547
-0.90340 2.34523
-0.90308 2.34498
-0.90277 2.34473
-0.90245 2.34449
-0.90213 2.34424
-0.90181 2.34399
-0.90149 2.34374
-0.90117 2.34350
-0.90085 2.34325
-0.90053 2.34300
-0.90022 2.34275
-0.89990 2.34251
-0.89958 2.34226
-0.89926 2.34201
-0.89894 2.34176
-0.89863 2.34151
-0.89831 2.34127
-0.89799 2.34102
-0.89767 2.34077
-0.89736 2.34052
-0.89704 2.34027
-0.89672 2.34002
-0.89640 2.33978
-0.89609 2.33953
-0.89577 2.33928
-0.89545 2.33903
-0.89514 2.33878
-0.89482 2.33853
-0.89450 2.33828
-0.89419 2.33803
-0.89387 2.33779
-0.89355 2.33754
-0.89324 2.33729
-0.89292 2.33704
-0.89261 2.33679
-0.89229 2.33654
-0.89197 2.33629
-0.89166 2.33604
-0.89134 2.33579
-0.89103 2.33554
-0.89071 2.33529
-0.89040 2.33504
-0.89008 2.33479
-0.88976 2.33454
-0.88945 2.33429
-0.88913 2.33404
-0.88882 2.33379
-0.88850 2.33354
-0.88819 2.33329
-0.88787 2.33304
-0.88756 2.33279
-0.88724 2.33253
-0.88693 2.33228
-0.88662 2.33203
-0.88630 2.33177
-0.88599 2.33152
-0.88567 2.33127
-0.88536 2.33102
-0.88504 2.33076
-0.88473 2.33051
-0.88441 2.33025
-0.88410 2.33000
-0.88379 2.32975
-0.88347 2.32949
-0.88316 2.32924
-0.88285 2.32899
-0.88253 2.32873
-0.88222 2.32848
-0.88191 2.32822
-0.88159 2.32797
-0.88128 2.32772
-0.88097 2.32746
-0.88065 2.32721
-0.88034 2.32695
-0.88003 2.32670
-0.87971 2.32644
-0.87940 2.32619
-0.87909 2.32594
-0.87878 2.32568
-0.87846 2.32543
-0.87815 2.32517
-0.87784 2.32492
-0.87753 2.32466
-0.87722 2.32441
-0.87690 2.32415
-0.87659 2.32390
-0.87628 2.32364
-0.87597 2.32338
-0.87566 2.32313
-0.87535 2.32287
-0.87503 2.32262
-0.87472 2.32236
-0.87441 2.32211
-0.87410 2.32185
-0.87379 2.32160
-0.87348 2.32134
-0.87317 2.32108
-0.87286 2.32083
-0.87255 2.32057
-0.87224 2.32032
-0.87192 2.32006
-0.87161 2.31980
-0.87130 2.31955
-0.87099 2.31929
-0.87068 2.31903
-0.87037 2.31878
-0.87006 2.31852
-0.86975 2.31826
-0.86944 2.31801
-0.86913 2.31775
-0.86882 2.31749
-0.86851 2.31724
-0.86820 2.31698
-0.86790 2.31672
-0.86759 2.31646
-0.86728 2.31621
-0.86697 2.31595
-0.86666 2.31569
-0.86635 2.31543
-0.86604 2.31518
-0.86573 2.31492
-0.86542 2.31466
-0.86511 2.31440
-0.86481 2.31415
-0.86450 2.31389
-0.86419 2.31362
-0.86388 2.31336
-0.86357 2.31310
-0.86326 2.31284
-0.86295 2.31257
-0.86264 2.31231
-0.86234 2.31205
-0.86203 2.31179
-0.86172 2.31153
-0.86141 2.31126
-0.86110 2.31100
-0.86080 2.31074
-0.86049 2.31047
-0.86018 2.31021
-0.85987 2.30995
-0.85956 2.30969
-0.85926 2.30942
-0.85895 2.30916
-0.85864 2.30890
-0.85833 2.30863
-0.85803 2.30837
-0.85772 2.30811
-0.85741 2.30784
-0.85711 2.30758
-0.85680 2.30732
-0.85649 2.30705
-0.85618 2.30679
-0.85588 2.30652
-0.85557 2.30626
-0.85527 2.30600
-0.85496 2.30573
-0.85465 2.30547
-0.85435 2.30520
-0.85404 2.30494
-0.85373 2.30468
-0.85343 2.30441
-0.85312 2.30415
-0.85282 2.30388
-0.85251 2.30362
-0.85220 2.30335
-0.85190 2.30309
-0.85159 2.30282
-0.85129 2.30256
-0.85098 2.30229
-0.85068 2.30203
-0.85037 2.30176
-0.85007 2.30150
-0.84976 2.30123
-0.84946 2.30097
-0.84915 2.30070
-0.84885 2.30044
-0.84854 2.30017
-0.84824 2.29991
-0.84793 2.29964
-0.84763 2.29938
-0.84732 2.29911
-0.84702 2.29885
-0.84672 2.29858
-0.84641 2.29831
-0.84611 2.29805
-0.84580 2.29778
-0.84550 2.29752
-0.84520 2.29725
-0.84489 2.29698
-0.84459 2.29672
-0.84429 2.29645
-0.84398 2.29618
-0.84368 2.29592
-0.84338 2.29565
-0.84307 2.29538
-0.84277 2.29512
-0.84247 2.29485
-0.84216 2.29458
-0.84186 2.29432
-0.84156 2.29405
-0.84125 2.29378
-0.84095 2.29352
-0.84065 2.29325
-0.84035 2.29298
-0.84004 2.29272
-0.83974 2.29245
-0.83944 2.29218
-0.83913 2.29190
-0.83883 2.29162
-0.83853 2.29133
-0.83822 2.29105
-0.83792 2.29077
-0.83762 2.29049
-0.83731 2.29021
-0.83701 2.28993
-0.83671 2.28965
-0.83640 2.28937
-0.83610 2.28908
-0.83580 2.28880
-0.83549 2.28852
-0.83519 2.28824
-0.83489 2.28796
-0.83459 2.28768
-0.83428 2.28739
-0.83398 2.28711
-0.83368 2.28683
-0.83338 2.28655
-0.83307 2.28627
-0.83277 2.28598
-0.83247 2.28570
-0.83217 2.28542
-0.83186 2.28514
-0.83156 2.28485
-0.83126 2.28457
-0.83096 2.28429
-0.83066 2.28401
-0.83036 2.28372
-0.83005 2.28344
-0.82975 2.28316
-0.82945 2.28288
-0.82915 2.28259
-0.82885 2.28231
-0.82855 2.28203
-0.82825 2.28174
-0.82795 2.28146
-0.82764 2.28118
-0.82734 2.28089
-0.82704 2.28061
-0.82674 2.28033
-0.82644 2.28004
-0.82614 2.27976
-0.82584 2.27948
-0.82554 2.27919
-0.82524 2.27891
-0.82494 2.27862
-0.82464 2.27834
-0.82434 2.27806
-0.82404 2.27777
-0.82374 2.27749
-0.82344 2.27720
-0.82314 2.27692
-0.82284 2.27663
-0.82254 2.27635
-0.82224 2.27607
-0.82194 2.27578
-0.82164 2.27550
-0.82134 2.27521
-0.82104 2.27493
-0.82074 2.27464
-0.82045 2.27436
-0.82015 2.27407
-0.81985 2.27379
-0.81955 2.27350
-0.81925 2.27322
-0.81895 2.27293
-0.81865 2.27265
-0.81835 2.27236
-0.81806 2.27208
-0.81776 2.27179
-0.81746 2.27151
-0.81716 2.27122
-0.81686 2.27093
-0.81656 2.27065
-0.81627 2.27036
-0.81597 2.27008
-0.81567 2.26979
-0.81537 2.26950
-0.81507 2.26922
-0.81478 2.26893
-0.81448 2.26865
-0.81418 2.26836
-0.81388 2.26807
-0.81359 2.26779
-0.81329 2.26750
-0.81299 2.26722
-0.81270 2.26693
-0.81240 2.26664
-0.81210 2.26636
-0.81180 2.26607
-0.81151 2.26579
-0.81121 2.26550
-0.81091 2.26521
-0.81062 2.26493
-0.81032 2.26464
-0.81002 2.26435
-0.80973 2.26407
-0.80943 2.26378
-0.80914 2.26349
-0.80884 2.26321
-0.80854 2.26292
-0.80825 2.26263
-0.80795 2.26234
-0.80766 2.26206
-0.80736 2.26177
-0.80706 2.26148
-0.80677 2.26120
-0.80647 2.26091
-0.80618 2.26062
-0.80588 2.26033
-0.80559 2.26005
-0.80529 2.25976
-0.80500 2.25947
-0.80470 2.25918
-0.80441 2.25889
-0.80411 2.25861
-0.80382 2.25832
-0.80352 2.25803
-0.80323 2.25774
-0.80293 2.25745
-0.80264 2.25717
-0.80234 2.25688
-0.80205 2.25659
-0.80175 2.25630
-0.80146 2.25601
-0.80117 2.25572
-0.80087 2.25543
-0.80058 2.25515
-0.80028 2.25486
-0.79999 2.25457
-0.79970 2.25428
-0.79940 2.25399
-0.79911 2.25370
-0.79881 2.25341
-0.79852 2.25312
-0.79823 2.25283
-0.79793 2.25254
-0.79764 2.25226
-0.79735 2.25197
-0.79705 2.25168
-0.79676 2.25139
-0.79647 2.25110
-0.79617 2.25081
-0.79588 2.25052
-0.79559 2.25023
-0.79530 2.24994
-0.79500 2.24965
-0.79471 2.24936
-0.79442 2.24907
-0.79412 2.24878
-0.79383 2.24849
-0.79354 2.24820
-0.79325 2.24791
-0.79295 2.24762
-0.79266 2.24733
-0.79237 2.24704
-0.79208 2.24675
-0.79179 2.24646
-0.79149 2.24616
-0.79120 2.24587
-0.79091 2.24558
-0.79062 2.24529
-0.79033 2.24500
-0.79004 2.24471
-0.78974 2.24442
-0.78945 2.24413
-0.78916 2.24384
-0.78887 2.24354
-0.78858 2.24325
-0.78829 2.24295
-0.78799 2.24266
-0.78770 2.24237
-0.78741 2.24207
-0.78712 2.24178
-0.78683 2.24148
-0.78654 2.24119
-0.78625 2.24090
-0.78596 2.24060
-0.78566 2.24031
-0.78537 2.24001
-0.78508 2.23972
-0.78479 2.23942
-0.78450 2.23913
-0.78421 2.23884
-0.78392 2.23854
-0.78363 2.23825
-0.78334 2.23795
-0.78305 2.23766
-0.78276 2.23736
-0.78247 2.23707
-0.78218 2.23677
-0.78189 2.23648
-0.78160 2.23618
-0.78131 2.23589
-0.78102 2.23559
-0.78073 2.23530
-0.78044 2.23500
-0.78015 2.23470
-0.77986 2.23441
-0.77957 2.23411
-0.77928 2.23382
-0.77899 2.23352
-0.77870 2.23323
-0.77841 2.23293
-0.77812 2.23263
-0.77784 2.23234
-0.77755 2.23204
-0.77726 2.23175
-0.77697 2.23145
-0.77668 2.23115
-0.77639 2.23086
-0.77610 2.23056
-0.77581 2.23026
-0.77552 2.22997
-0.77524 2.22967
-0.77495 2.22938
-0.77466 2.22908
-0.77437 2.22878
-0.77408 2.22848
-0.77379 2.22819
-0.77351 2.22789
-0.77322 2.22759
-0.77293 2.22730
-0.77264 2.22700
-0.77235 2.22670
-0.77207 2.22641
-0.77178 2.22611
-0.77149 2.22581
-0.77120 2.22551
-0.77092 2.22522
-0.77063 2.22492
-0.77034 2.22462
-0.77005 2.22432
-0.76977 2.22403
-0.76948 2.22373
-0.76919 2.22343
-0.76890 2.22313
-0.76862 2.22283
-0.76833 2.22254
-0.76804 2.22224
-0.76776 2.22194
-0.76747 2.22164
-0.76718 2.22134
-0.76690 2.22105
-0.76661 2.22075
-0.76632 2.22046
-0.76604 2.22017
-0.76575 2.21988
-0.76547 2.21960
-0.76518 2.21931
-0.76490 2.21902
-0.76461 2.21874
-0.76433 2.21845
-0.76404 2.21816
-0.76376 2.21788
-0.76348 2.21759
-0.76319 2.21730
-0.76291 2.21702
-0.76262 2.21673
-0.76234 2.21644
-0.76205 2.21615
-0.76177 2.21587
-0.76149 2.21558
-0.76120 2.21529
-0.76092 2.21501
-0.76063 2.21472
-0.76035 2.21443
-0.76007 2.21414
-0.75978 2.21386
-0.75950 2.21357
-0.75922 2.21328
-0.75893 2.21299
-0.75865 2.21270
-0.75836 2.21242
-0.75808 2.21213
-0.75780 2.21184
-0.75751 2.21155
-0.75723 2.21126
-0.75695 2.21098
-0.75667 2.21069
-0.75638 2.21040
-0.75610 2.21011
-0.75582 2.20982
-0.75553 2.20953
-0.75525 2.20924
-0.75497 2.20896
-0.75469 2.20867
-0.75440 2.20838
-0.75412 2.20809
-0.75384 2.20780
-0.75356 2.20751
-0.75327 2.20722
-0.75299 2.20693
-0.75271 2.20664
-0.75243 2.20636
-0.75214 2.20607
-0.75186 2.20578
-0.75158 2.20549
-0.75130 2.20520
-0.75102 2.20491
-0.75073 2.20462
-0.75045 2.20433
-0.75017 2.20404
-0.74989 2.20375
-0.74961 2.20346
-0.74933 2.20317
-0.74904 2.20288
-0.74876 2.20259
-0.74848 2.20230
-0.74820 2.20201
-0.74792 2.20172
-0.74764 2.20143
-0.74736 2.20114
-0.74708 2.20085
-0.74680 2.20056
-0.74651 2.20027
-0.74623 2.19998
-0.74595 2.19969
-0.74567 2.19940
-0.74539 2.19911
-0.74511 2.19882
-0.74483 2.19852
-0.74455 2.19823
-0.74427 2.19794
-0.74399 2.19766
-0.74371 2.19738
-0.74343 2.19709
-0.74315 2.19681
-0.74287 2.19653
-0.74259 2.19625
-0.74231 2.19597
-0.74204 2.19569
-0.74176 2.19541
-0.74148 2.19513
-0.74120 2.19484
-0.74092 2.19456
-0.74064 2.19428
-0.74036 2.19400
-0.74008 2.19372
-0.73981 2.19343
-0.73953 2.19315
-0.73925 2.19287
-0.73897 2.19259
-0.73869 2.19231
-0.73841 2.19202
-0.73814 2.19174
-0.73786 2.19146
-0.73758 2.19118
-0.73730 2.19090
-0.73702 2.19061
-0.73675 2.19033
-0.73647 2.19005
-0.73619 2.18977
-0.73591 2.18948
-0.73564 2.18920
-0.73536 2.18892
-0.73508 2.18863
-0.73480 2.18835
-0.73453 2.18807
-0.73425 2.18779
-0.73397 2.18750
-0.73369 2.18722
-0.73342 2.18694
-0.73314 2.18665
-0.73286 2.18637
-0.73259 2.18609
-0.73231 2.18580
-0.73203 2.18552
-0.73176 2.18524
-0.73148 2.18495
-0.73120 2.18467
-0.73093 2.18438
-0.73065 2.18410
-0.73037 2.18382
-0.73010 2.18353
-0.72982 2.18325
-0.72954 2.18296
-0.72927 2.18268
-0.72899 2.18240
-0.72871 2.18211
-0.72844 2.18183
-0.72816 2.18154
-0.72789 2.18126
-0.72761 2.18097
-0.72733 2.18069
-0.72706 2.18041
-0.72678 2.18012
-0.72651 2.17984
-0.72623 2.17955
-0.72595 2.17927
-0.72568 2.17898
-0.72540 2.17870
-0.72513 2.17841
-0.72485 2.17813
-0.72458 2.17784
-0.72430 2.17756
-0.72403 2.17727
-0.72375 2.17699
-0.72348 2.17672
-0.72320 2.17645
-0.72293 2.17618
-0.72266 2.17591
-0.72238 2.17564
-0.72211 2.17537
-0.72184 2.17510
-0.72156 2.17483
-0.72129 2.17456
-0.72102 2.17429
-0.72075 2.17402
-0.72047 2.17375
-0.72020 2.17348
-0.71993 2.17321
-0.71965 2.17293
-0.71938 2.17266
-0.71911 2.17239
-0.71884 2.17212
-0.71856 2.17185
-0.71829 2.17158
-0.71802 2.17131
-0.71775 2.17104
-0.71747 2.17076
-0.71720 2.17049
-0.71693 2.17022
-0.71666 2.16995
-0.71638 2.16968
-0.71611 2.16941
-0.71584 2.16913
-0.71557 2.16886
-0.71530 2.16859
-0.71502 2.16832
-0.71475 2.16805
-0.71448 2.16777
-0.71421 2.16750
-0.71394 2.16723
-0.71367 2.16696
-0.71339 2.16668
-0.71312 2.16641
-0.71285 2.16614
-0.71258 2.16587
-0.71231 2.16559
-0.71204 2.16532
-0.71176 2.16505
-0.71149 2.16478
-0.71122 2.16450
-0.71095 2.16423
-0.71068 2.16396
-0.71041 2.16368
-0.71014 2.16341
-0.70987 2.16314
-0.70960 2.16286
-0.70932 2.16259
-0.70905 2.16232
-0.70878 2.16204
-0.70851 2.16177
-0.70824 2.16150
-0.70797 2.16122
-0.70770 2.16095
-0.70743 2.16068
-0.70716 2.16040
-0.70689 2.16013
-0.70662 2.15986
-0.70635 2.15958
-0.70608 2.15931
-0.70581 2.15903
-0.70554 2.15876
-0.70527 2.15849
-0.70500 2.15821
-0.70473 2.15794
-0.70446 2.15766
-0.70419 2.15739
-0.70392 2.15711
-0.70365 2.15684
-0.70338 2.15655
-0.70311 2.15627
-0.70283 2.15598
-0.70256 2.15569
-0.70229 2.15541
-0.70202 2.15512
-0.70175 2.15483
-0.70148 2.15455
-0.70121 2.15426
-0.70094 2.15397
-0.70067 2.15368
-0.70040 2.15340
-0.70013 2.15311
-0.69986 2.15282
-0.69958 2.15254
-0.69931 2.15225
-0.69904 2.15196
-0.69877 2.15167
-0.69850 2.15139
-0.69823 2.15110
-0.69796 2.15081
-0.69769 2.15052
-0.69742 2.15023
-0.69715 2.14995
-0.69688 2.14966
-0.69661 2.14937
-0.69634 2.14908
-0.69607 2.14879
-0.69580 2.14851
-0.69553 2.14822
-0.69526 2.14793
-0.69499 2.14764
-0.69472 2.14735
-0.69445 2.14706
-0.69418 2.14678
-0.69392 2.14649
-0.69365 2.14620
-0.69338 2.14591
-0.69311 2.14562
-0.69284 2.14533
-0.69257 2.14504
-0.69230 2.14475
-0.69203 2.14447
-0.69176 2.14418
-0.69149 2.14389
-0.69122 2.14360
-0.69095 2.14331
-0.69068 2.14302
-0.69042 2.14273
-0.69015 2.14244
-0.68988 2.14215
-0.68961 2.14186
-0.68934 2.14157
-0.68907 2.14128
-0.68880 2.14099
-0.68853 2.14070
-0.68827 2.14041
-0.68800 2.14013
-0.68773 2.13984
-0.68746 2.13955
-0.68719 2.13926
-0.68692 2.13897
-0.68666 2.13868
-0.68639 2.13839
-0.68612 2.13811
-0.68585 2.13783
-0.68559 2.13756
-0.68532 2.13728
-0.68506 2.13701
-0.68479 2.13674
-0.68452 2.13646
-0.68426 2.13619
-0.68399 2.13591
-0.68373 2.13564
-0.68346 2.13536
-0.68319 2.13509
-0.68293 2.13481
-0.68266 2.13454
-0.68240 2.13426
-0.68213 2.13399
-0.68187 2.13371
-0.68160 2.13344
-0.68133 2.13316
-0.68107 2.13289
-0.68080 2.13261
-0.68054 2.13234
-0.68027 2.13206
-0.68001 2.13179
-0.67974 2.13151
-0.67948 2.13124
-0.67921 2.13096
-0.67895 2.13069
-0.67868 2.13041
-0.67842 2.13013
-0.67815 2.12986
-0.67789 2.12958
-0.67762 2.12931
-0.67736 2.12903
-0.67709 2.12875
-0.67683 2.12848
-0.67656 2.12820
-0.67630 2.12793
-0.67603 2.12765
-0.67577 2.12737
-0.67550 2.12710
-0.67524 2.12682
-0.67497 2.12655
-0.67471 2.12627
-0.67445 2.12599
-0.67418 2.12572
-0.67392 2.12544
-0.67365 2.12516
-0.67339 2.12489
-0.67312 2.12461
-0.67286 2.12433
-0.67260 2.12405
-0.67233 2.12378
-0.67207 2.12350
-0.67180 2.12322
-0.67154 2.12295
-0.67128 2.12267
-0.67101 2.12239
-0.67075 2.12212
-0.67048 2.12184
-0.67022 2.12156
-0.66996 2.12128
-0.66969 2.12101
-0.66943 2.12073
-0.66917 2.12045
-0.66890 2.12017
-0.66864 2.11989
-0.66838 2.11962
-0.66811 2.11934
-0.66785 2.11906
-0.66759 2.11878
-0.66732 2.11851
-0.66706 2.11823
-0.66680 2.11794
-0.66653 2.11766
-0.66627 2.11738
-0.66601 2.11710
-0.66574 2.11682
-0.66548 2.11654
-0.66522 2.11625
-0.66495 2.11597
-0.66469 2.11569
-0.66443 2.11541
-0.66416 2.11513
-0.66390 2.11484
-0.66364 2.11456
-0.66337 2.11428
-0.66311 2.11400
-0.66285 2.11372
-0.66258 2.11343
-0.66232 2.11315
-0.66206 2.11287
-0.66180 2.11259
-0.66153 2.11230
-0.66127 2.11202
-0.66101 2.11174
-0.66075 2.11146
-0.66048 2.11117
-0.66022 2.11089
-0.65996 2.11061
-0.65970 2.11033
-0.65943 2.11004
-0.65917 2.10976
-0.65891 2.10948
-0.65865 2.10919
-0.65838 2.10891
-0.65812 2.10863
-0.65786 2.10834
-0.65760 2.10806
-0.65734 2.10778
-0.65707 2.10749
-0.65681 2.10721
-0.65655 2.10693
-0.65629 2.10664
-0.65603 2.10636
-0.65576 2.10607
-0.65550 2.10579
-0.65524 2.10551
-0.65498 2.10522
-0.65472 2.10494
-0.65446 2.10466
-0.65419 2.10437
-0.65393 2.10409
-0.65367 2.10380
-0.65341 2.10352
-0.65315 2.10323
-0.65289 2.10295
-0.65263 2.10267
-0.65236 2.10238
-0.65210 2.10210
-0.65184 2.10181
-0.65158 2.10153
-0.65132 2.10124
-0.65106 2.10096
-0.65080 2.10067
-0.65054 2.10039
-0.65028 2.10010
-0.65001 2.09982
-0.64976 2.09956
-0.64950 2.09930
-0.64924 2.09903
-0.64898 2.09877
-0.64872 2.09851
-0.64847 2.09825
-0.64821 2.09798
-0.64795 2.09772
-0.64769 2.09746
-0.64743 2.09720
-0.64718 2.09693
-0.64692 2.09667
-0.64666 2.09641
-0.64640 2.09615
-0.64614 2.09588
-0.64589 2.09562
-0.64563 2.09536
-0.64537 2.09510
-0.64511 2.09483
-0.64486 2.09457
-0.64460 2.09431
-0.64434 2.09404
-0.64408 2.09378
-0.64383 2.09352
-0.64357 2.09325
-0.64331 2.09299
-0.64305 2.09273
-0.64280 2.09246
-0.64254 2.09220
-0.64228 2.09194
-0.64202 2.09167
-0.64177 2.09141
-0.64151 2.09114
-0.64125 2.09088
-0.64100 2.09062
-0.64074 2.09035
-0.64048 2.09009
-0.64023 2.08983
-0.63997 2.08956
-0.63971 2.08930
-0.63945 2.08903
-0.63920 2.08877
-0.63894 2.08850
-0.63868 2.08824
-0.63843 2.08798
-0.63817 2.08771
-0.63791 2.08745
-0.63766 2.08718
-0.63740 2.08692
-0.63715 2.08665
-0.63689 2.08639
-0.63663 2.08612
-0.63638 2.08586
-0.63612 2.08559
-0.63586 2.08533
-0.63561 2.08506
-0.63535 2.08480
-0.63510 2.08453
-0.63484 2.08427
-0.63458 2.08400
-0.63433 2.08374
-0.63407 2.08347
-0.63381 2.08321
-0.63356 2.08294
-0.63330 2.08268
-0.63305 2.08241
-0.63279 2.08215
-0.63254 2.08188
-0.63228 2.08162
-0.63202 2.08135
-0.63177 2.08108
-0.63151 2.08081
-0.63126 2.08054
-0.63100 2.08027
-0.63074 2.07999
-0.63049 2.07972
-0.63023 2.07944
-0.62997 2.07917
-0.62972 2.07889
-0.62946 2.07862
-0.62921 2.07835
-0.62895 2.07807
-0.62869 2.07780
-0.62844 2.07752
-0.62818 2.07725
-0.62792 2.07697
-0.62767 2.07670
-0.62741 2.07643
-0.62716 2.07615
-0.62690 2.07588
-0.62665 2.07560
-0.62639 2.07533
-0.62613 2.07505
-0.62588 2.07478
-0.62562 2.07450
-0.62537 2.07423
-0.62511 2.07395
-0.62486 2.07368
-0.62460 2.07340
-0.62434 2.07313
-0.62409 2.07285
-0.62383 2.07257
-0.62358 2.07230
-0.62332 2.07202
-0.62307 2.07175
-0.62281 2.07147
-0.62256 2.07120
-0.62230 2.07092
-0.62205 2.07065
-0.62179 2.07037
-0.62154 2.07009
-0.62128 2.06982
-0.62103 2.06954
-0.62077 2.06927
-0.62052 2.06899
-0.62026 2.06871
-0.62001 2.06844
-0.61975 2.06816
-0.61950 2.06788
-0.61924 2.06761
-0.61899 2.06733
-0.61873 2.06706
-0.61848 2.06678
-0.61822 2.06650
-0.61797 2.06623
-0.61771 2.06595
-0.61746 2.06567
-0.61720 2.06540
-0.61695 2.06512
-0.61669 2.06484
-0.61644 2.06456
-0.61619 2.06429
-0.61593 2.06401
-0.61568 2.06373
-0.61542 2.06346
-0.61517 2.06318
-0.61491 2.06290
-0.61466 2.06264
-0.61441 2.06237
-0.61415 2.06210
-0.61390 2.06183
-0.61365 2.06156
-0.61340 2.06129
-0.61314 2.06102
-0.61289 2.06075
-0.61264 2.06048
-0.61238 2.06021
-0.61213 2.05994
-0.61188 2.05967
-0.61162 2.05941
-0.61137 2.05914
-0.61112 2.05887
-0.61087 2.05860
-0.61061 2.05833
-0.61036 2.05806
-0.61011 2.05779
-0.60986 2.05752
-0.60960 2.05725
-0.60935 2.05698
-0.60910 2.05671
-0.60885 2.05644
-0.60859 2.05617
-0.60834 2.05590
-0.60809 2.05563
-0.60784 2.05536
-0.60758 2.05509
-0.60733 2.05482
-0.60708 2.05455
-0.60683 2.05428
-0.60657 2.05400
-0.60632 2.05373
-0.60607 2.05346
-0.60582 2.05319
-0.60557 2.05292
-0.60531 2.05265
-0.60506 2.05238
-0.60481 2.05211
-0.60456 2.05184
-0.60431 2.05157
-0.60405 2.05130
-0.60380 2.05103
-0.60355 2.05075
-0.60330 2.05048
-0.60305 2.05021
-0.60280 2.04994
-0.60254 2.04967
-0.60229 2.04940
-0.60204 2.04913
-0.60179 2.04885
-0.60154 2.04858
-0.60129 2.04831
-0.60104 2.04804
-0.60078 2.04777
-0.60053 2.04750
-0.60028 2.04722
-0.60003 2.04695
-0.59978 2.04668
-0.59953 2.04641
-0.59928 2.04614
-0.59902 2.04586
-0.59877 2.04559
-0.59852 2.04532
-0.59827 2.04505
-0.59802 2.04478
-0.59777 2.04450
-0.59752 2.04423
-0.59727 2.04396
-0.59702 2.04369
-0.59677 2.04341
-0.59651 2.04314
-0.59626 2.04287
-0.59601 2.04259
-0.59576 2.04232
-0.59551 2.04205
-0.59526 2.04179
-0.59501 2.04154
-0.59476 2.04128
-0.59452 2.04102
-0.59427 2.04076
-0.59402 2.04050
-0.59377 2.04025
-0.59352 2.03999
-0.59327 2.03973
-0.59302 2.03947
-0.59277 2.03921
-0.59252 2.03895
-0.59228 2.03869
-0.59203 2.03844
-0.59178 2.03818
-0.59153 2.03792
-0.59128 2.03766
-0.59103 2.03740
-0.59078 2.03714
-0.59054 2.03688
-0.59029 2.03662
-0.59004 2.03636
-0.58979 2.03611
-0.58954 2.03585
-0.58929 2.03559
-0.58905 2.03533
-0.58880 2.03507
-0.58855 2.03481
-0.58830 2.03455
-0.58805 2.03429
-0.58780 2.03403
-0.58756 2.03377
-0.58731 2.03351
-0.58706 2.03325
-0.58681 2.03299
-0.58656 2.03273
-0.58632 2.03247
-0.58607 2.03221
-0.58582 2.03195
-0.58557 2.03169
-0.58533 2.03143
-0.58508 2.03117
-0.58483 2.03091
-0.58458 2.03065
-0.58433 2.03039
-0.58409 2.03013
-0.58384 2.02987
-0.58359 2.02961
-0.58334 2.02935
-0.58310 2.02909
-0.58285 2.02883
-0.58260 2.02857
-0.58235 2.02831
-0.58211 2.02805
-0.58186 2.02779
-0.58161 2.02752
-0.58136 2.02726
-0.58112 2.02700
-0.58087 2.02674
-0.58062 2.02648
-0.58037 2.02622
-0.58013 2.02596
-0.57988 2.02570
-0.57963 2.02544
-0.57939 2.02517
-0.57914 2.02491
-0.57889 2.02465
-0.57864 2.02439
-0.57840 2.02413
-0.57815 2.02387
-0.57790 2.02361
-0.57766 2.02334
-0.57741 2.02308
-0.57716 2.02282
-0.57692 2.02256
-0.57667 2.02230
-0.57642 2.02204
-0.57618 2.02180
-0.57594 2.02156
-0.57569 2.02132
-0.57545 2.02108
-0.57520 2.02084
-0.57496 2.02060
-0.57471 2.02036
-0.57447 2.02012
-0.57423 2.01988
-0.57398 2.01964
-0.57374 2.01940
-0.57349 2.01916
-0.57325 2.01892
-0.57301 2.01868
-0.57276 2.01843
-0.57252 2.01819
-0.57227 2.01795
-0.57203 2.01771
-0.57179 2.01747
-0.57154 2.01723
-0.57130 2.01699
-0.57106 2.01675
-0.57081 2.01650
-0.57057 2.01626
-0.57032 2.01602
-0.57008 2.01578
-0.56984 2.01554
-0.56959 2.01530
-0.56935 2.01506
-0.56911 2.01481
-0.56886 2.01457
-0.56862 2.01433
-0.56838 2.01409
-0.56813 2.01385
-0.56789 2.01360
-0.56765 2.01336
-0.56740 2.01312
-0.56716 2.01288
-0.56692 2.01263
-0.56667 2.01239
-0.56643 2.01215
-0.56619 2.01191
-0.56594 2.01167
-0.56570 2.01142
-0.56546 2.01118
-0.56521 2.01094
-0.56497 2.01070
-0.56473 2.01045
-0.56448 2.01021
-0.56424 2.00997
-0.56400 2.00972
-0.56376 2.00948
-0.56351 2.00924
-0.56327 2.00900
-0.56303 2.00875
-0.56278 2.00851
-0.56254 2.00827
-0.56230 2.00802
-0.56206 2.00778
-0.56181 2.00754
-0.56157 2.00729
-0.56133 2.00705
-0.56109 2.00681
-0.56084 2.00656
-0.56060 2.00632
-0.56036 2.00608
-0.56012 2.00583
-0.55987 2.00559
-0.55963 2.00534
-0.55939 2.00510
-0.55915 2.00486
-0.55890 2.00461
-0.55866 2.00437
-0.55842 2.00412
-0.55818 2.00388
-0.55793 2.00364
-0.55769 2.00339
-0.55745 2.00315
-0.55721 2.00290
-0.55697 2.00266
-0.55672 2.00242
-0.55648 2.00217
-0.55624 2.00193
-0.55600 2.00168
-0.55576 2.00144
-0.55552 2.00120
-0.55527 2.00096
-0.55503 2.00072
-0.55479 2.00048
-0.55455 2.00024
-0.55431 2.00000
-0.55407 1.99976
-0.55383 1.99952
-0.55358 1.99928
-0.55334 1.99904
-0.55310 1.99880
-0.55286 1.99855
-0.55262 1.99831
-0.55238 1.99807
-0.55214 1.99783
-0.55190 1.99759
-0.55165 1.99735
-0.55141 1.99711
-0.55117 1.99687
-0.55093 1.99662
-0.55069 1.99638
-0.55045 1.99614
-0.55021 1.99590
-0.54997 1.99566
-0.54973 1.99542
-0.54949 1.99517
-0.54924 1.99493
-0.54900 1.99469
-0.54876 1.99445
-0.54852 1.99421
-0.54828 1.99396
-0.54804 1.99372
-0.54780 1.99348
-0.54756 1.99324
-0.54732 1.99300
-0.54708 1.99275
-0.54684 1.99251
-0.54660 1.99227
-0.54636 1.99203
-0.54612 1.99178
-0.54588 1.99154
-0.54564 1.99130
-0.54540 1.99106
-0.54515 1.99081
-0.54491 1.99057
-0.54467 1.99033
-0.54443 1.99009
-0.54419 1.98984
-0.54395 1.98960
-0.54371 1.98936
-0.54347 1.98911
-0.54323 1.98887
-0.54299 1.98863
-0.54275 1.98838
-0.54251 1.98814
-0.54227 1.98790
-0.54203 1.98765
-0.54179 1.98741
-0.54155 1.98717
-0.54131 1.98692
-0.54107 1.98668
-0.54083 1.98644
-0.54059 1.98619
-0.54035 1.98595
-0.54011 1.98571
-0.53987 1.98546
-0.53963 1.98522
-0.53939 1.98497
-0.53915 1.98473
-0.53891 1.98449
-0.53867 1.98424
-0.53843 1.98400
-0.53819 1.98375
-0.53795 1.98351
-0.53772 1.98327
-0.53748 1.98302
-0.53724 1.98278
-0.53700 1.98255
-0.53676 1.98232
-0.53652 1.98209
-0.53629 1.98186
-0.53605 1.98164
-0.53581 1.98141
-0.53557 1.98118
-0.53534 1.98096
-0.53510 1.98073
-0.53486 1.98050
-0.53462 1.98027
-0.53439 1.98004
-0.53415 1.97982
-0.53391 1.97959
-0.53367 1.97936
-0.53344 1.97913
-0.53320 1.97891
-0.53296 1.97868
-0.53272 1.97845
-0.53249 1.97822
-0.53225 1.97799
-0.53201 1.97777
-0.53178 1.97754
-0.53154 1.97731
-0.53130 1.97708
-0.53106 1.97685
-0.53083 1.97662
-0.53059 1.97640
-0.53035 1.97617
-0.53012 1.97594
-0.52988 1.97571
-0.52964 1.97548
-0.52941 1.97525
-0.52917 1.97502
-0.52893 1.97479
-0.52870 1.97457
-0.52846 1.97434
-0.52822 1.97411
-0.52798 1.97388
-0.52775 1.97365
-0.52751 1.97342
-0.52727 1.97319
-0.52704 1.97296
-0.52680 1.97273
-0.52656 1.97250
-0.52633 1.97227
-0.52609 1.97205
-0.52586 1.97182
-0.52562 1.97159
-0.52538 1.97136
-0.52515 1.97113
-0.52491 1.97090
-0.52467 1.97067
-0.52444 1.97044
-0.52420 1.97021
-0.52396 1.96998
-0.52373 1.96975
-0.52349 1.96952
-0.52325 1.96929
-0.52302 1.96906
-0.52278 1.96883
-0.52255 1.96860
-0.52231 1.96837
-0.52207 1.96814
-0.52184 1.96791
-0.52160 1.96768
-0.52137 1.96745
-0.52113 1.96722
-0.52089 1.96699
-0.52066 1.96676
-0.52042 1.96652
-0.52019 1.96629
-0.51995 1.96606
-0.51971 1.96583
-0.51948 1.96560
-0.51924 1.96537
-0.51901 1.96514
-0.51877 1.96491
-0.51853 1.96468
-0.51830 1.96445
-0.51806 1.96422
-0.51783 1.96399
-0.51759 1.96375
-0.51736 1.96352
-0.51712 1.96329
-0.51688 1.96306
-0.51665 1.96283
-0.51641 1.96261
-0.51618 1.96239
-0.51595 1.96217
-0.51571 1.96194
-0.51548 1.96172
-0.51524 1.96150
-0.51501 1.96128
-0.51477 1.96106
-0.51454 1.96083
-0.51430 1.96061
-0.51407 1.96039
-0.51384 1.96017
-0.51360 1.95994
-0.51337 1.95972
-0.51313 1.95950
-0.51290 1.95928
-0.51266 1.95905
-0.51243 1.95883
-0.51220 1.95861
-0.51196 1.95839
-0.51173 1.95816
-0.51149 1.95794
-0.51126 1.95772
-0.51103 1.95749
-0.51079 1.95727
-0.51056 1.95705
-0.51032 1.95683
-0.51009 1.95660
-0.50986 1.95638
-0.50962 1.95616
-0.50939 1.95593
-0.50915 1.95571
-0.50892 1.95549
-0.50869 1.95526
-0.50845 1.95504
-0.50822 1.95482
-0.50798 1.95459
-0.50775 1.95437
-0.50752 1.95414
-0.50728 1.95392
-0.50705 1.95370
-0.50682 1.95347
-0.50658 1.95325
-0.50635 1.95303
-0.50612 1.95280
-0.50588 1.95258
-0.50565 1.95235
-0.50541 1.95213
-0.50518 1.95190
-0.50495 1.95168
-0.50471 1.95146
-0.50448 1.95123
-0.50425 1.95101
-0.50401 1.95078
-0.50378 1.95056
-0.50355 1.95033
-0.50331 1.95011
-0.50308 1.94989
-0.50285 1.94966
-0.50261 1.94944
-0.50238 1.94921
-0.50215 1.94899
-0.50191 1.94876
-0.50168 1.94854
-0.50145 1.94831
-0.50121 1.94809
-0.50098 1.94786
-0.50075 1.94764
-0.50052 1.94741
-0.50028 1.94719
-0.50005 1.94696
-0.49982 1.94674
-0.49958 1.94651
-0.49935 1.94628
-0.49912 1.94606
-0.49888 1.94583
-0.49865 1.94561
-0.49842 1.94538
-0.49819 1.94516
-0.49795 1.94493
-0.49772 1.94471
-0.49749 1.94451
-0.49726 1.94433
-0.49703 1.94414
-0.49680 1.94395
-0.49658 1.94377
-0.49635 1.94358
-0.49612 1.94340
-0.49589 1.94321
-0.49566 1.94302
-0.49543 1.94284
-0.49521 1.94265
-0.49498 1.94246
-0.49475 1.94228
-0.49452 1.94209
-0.49429 1.94190
-0.49406 1.94172
-0.49384 1.94153
-0.49361 1.94134
-0.49338 1.94116
-0.49315 1.94097
-0.49292 1.94078
-0.49269 1.94060
-0.49247 1.94041
-0.49224 1.94022
-0.49201 1.94004
-0.49178 1.93985
-0.49155 1.93966
-0.49133 1.93948
-0.49110 1.93929
-0.49087 1.93910
-0.49064 1.93891
-0.49041 1.93873
-0.49018 1.93854
-0.48996 1.93835
-0.48973 1.93816
-0.48950 1.93798
-0.48927 1.93779
-0.48904 1.93760
-0.48882 1.93741
-0.48859 1.93723
-0.48836 1.93704
-0.48813 1.93685
-0.48791 1.93666
-0.48768 1.93647
-0.48745 1.93629
-0.48722 1.93610
-0.48699 1.93591
-0.48677 1.93572
-0.48654 1.93553
-0.48631 1.93535
-0.48608 1.93516
-0.48586 1.93497
-0.48563 1.93478
-0.48540 1.93459
-0.48517 1.93440
-0.48495 1.93422
-0.48472 1.93403
-0.48449 1.93384
-0.48426 1.93365
-0.48404 1.93346
-0.48381 1.93327
-0.48358 1.93308
-0.48335 1.93290
-0.48313 1.93271
-0.48290 1.93252
-0.48267 1.93233
-0.48244 1.93214
-0.48222 1.93195
-0.48199 1.93176
-0.48176 1.93157
-0.48153 1.93138
-0.48131 1.93119
-0.48108 1.93100
-0.48085 1.93081
-0.48062 1.93063
-0.48040 1.93044
-0.48017 1.93025
-0.47994 1.93006
-0.47972 1.92987
-0.47949 1.92968
-0.47926 1.92949
-0.47903 1.92930
-0.47881 1.92911
-0.47858 1.92892
-0.47835 1.92873
-0.47813 1.92854
-0.47790 1.92835
-0.47767 1.92816
-0.47745 1.92797
-0.47722 1.92778
-0.47699 1.92760
-0.47677 1.92742
-0.47654 1.92723
-0.47631 1.92705
-0.47609 1.92686
-0.47586 1.92668
-0.47563 1.92649
-0.47541 1.92631
-0.47518 1.92613
-0.47496 1.92594
-0.47473 1.92576
-0.47450 1.92557
-0.47428 1.92539
-0.47405 1.92520
-0.47383 1.92502
-0.47360 1.92483
-0.47337 1.92465
-0.47315 1.92446
-0.47292 1.92428
-0.47269 1.92409
-0.47247 1.92391
-0.47224 1.92372
-0.47202 1.92354
-0.47179 1.92335
-0.47157 1.92317
-0.47134 1.92298
-0.47111 1.92280
-0.47089 1.92261
-0.47066 1.92243
-0.47044 1.92224
-0.47021 1.92206
-0.46998 1.92187
-0.46976 1.92168
-0.46953 1.92150
-0.46931 1.92131
-0.46908 1.92113
-0.46886 1.92094
-0.46863 1.92076
-0.46840 1.92057
-0.46818 1.92038
-0.46795 1.92020
-0.46773 1.92001
-0.46750 1.91983
-0.46728 1.91964
-0.46705 1.91945
-0.46682 1.91927
-0.46660 1.91908
-0.46637 1.91889
-0.46615 1.91871
-0.46592 1.91852
-0.46570 1.91833
-0.46547 1.91815
-0.46525 1.91796
-0.46502 1.91778
-0.46480 1.91759
-0.46457 1.91740
-0.46434 1.91721
-0.46412 1.91703
-0.46389 1.91684
-0.46367 1.91665
-0.46344 1.91647
-0.46322 1.91628
-0.46299 1.91609
-0.46277 1.91591
-0.46254 1.91572
-0.46232 1.91553
-0.46209 1.91534
-0.46187 1.91516
-0.46164 1.91497
-0.46142 1.91478
-0.46119 1.91460
-0.46097 1.91441
-0.46074 1.91422
-0.46052 1.91403
-0.46029 1.91385
-0.46007 1.91366
-0.45984 1.91347
-0.45962 1.91328
-0.45939 1.91309
-0.45917 1.91291
-0.45894 1.91272
-0.45872 1.91253
-0.45849 1.91234
-0.45827 1.91215
-0.45804 1.91197
-0.45782 1.91178
-0.45759 1.91161
-0.45737 1.91144
-0.45715 1.91127
-0.45692 1.91110
-0.45670 1.91092
-0.45648 1.91075
-0.45625 1.91058
-0.45603 1.91041
-0.45581 1.91024
-0.45558 1.91007
-0.45536 1.90989
-0.45514 1.90972
-0.45491 1.90955
-0.45469 1.90938
-0.45447 1.90920
-0.45425 1.90903
-0.45402 1.90886
-0.45380 1.90869
-0.45358 1.90852
-0.45335 1.90834
-0.45313 1.90817
-0.45291 1.90800
-0.45269 1.90783
-0.45246 1.90765
-0.45224 1.90748
-0.45202 1.90731
-0.45179 1.90714
-0.45157 1.90696
-0.45135 1.90679
-0.45113 1.90662
-0.45090 1.90644
-0.45068 1.90627
-0.45046 1.90610
-0.45023 1.90593
-0.45001 1.90575
-0.44979 1.90558
-0.44957 1.90541
-0.44934 1.90523
-0.44912 1.90506
-0.44890 1.90489
-0.44868 1.90471
-0.44845 1.90454
-0.44823 1.90437
-0.44801 1.90419
-0.44779 1.90402
-0.44756 1.90385
-0.44734 1.90367
-0.44712 1.90350
-0.44689 1.90332
-0.44667 1.90315
-0.44645 1.90298
-0.44623 1.90280
-0.44600 1.90263
-0.44578 1.90246
-0.44556 1.90228
-0.44534 1.90211
-0.44512 1.90193
-0.44489 1.90176
-0.44467 1.90158
-0.44445 1.90141
-0.44423 1.90124
-0.44400 1.90106
-0.44378 1.90089
-0.44356 1.90071
-0.44334 1.90054
-0.44311 1.90036
-0.44289 1.90019
-0.44267 1.90001
-0.44245 1.89984
-0.44223 1.89967
-0.44200 1.89949
-0.44178 1.89932
-0.44156 1.89914
-0.44134 1.89897
-0.44111 1.89879
-0.44089 1.89862
-0.44067 1.89844
-0.44045 1.89827
-0.44023 1.89809
-0.44000 1.89792
-0.43978 1.89774
-0.43956 1.89757
-0.43934 1.89739
-0.43912 1.89721
-0.43889 1.89704
-0.43867 1.89686
-0.43845 1.89669
-0.43823 1.89651
-0.43801 1.89634
-0.43778 1.89616
-0.43756 1.89599
-0.43734 1.89581
-0.43712 1.89563
-0.43690 1.89546
-0.43668 1.89530
-0.43646 1.89514
-0.43624 1.89498
-0.43602 1.89483
-0.43580 1.89467
-0.43558 1.89451
-0.43536 1.89435
-0.43514 1.89419
-0.43492 1.89403
-0.43470 1.89387
-0.43448 1.89372
-0.43426 1.89356
-0.43404 1.89340
-0.43382 1.89324
-0.43360 1.89308
-0.43338 1.89292
-0.43316 1.89276
-0.43294 1.89260
-0.43272 1.89244
-0.43250 1.89228
-0.43228 1.89213
-0.43206 1.89197
-0.43184 1.89181
-0.43162 1.89165
-0.43140 1.89149
-0.43118 1.89133
-0.43096 1.89117
-0.43074 1.89101
-0.43052 1.89085
-0.43030 1.89069
-0.43008 1.89053
-0.42986 1.89037
-0.42964 1.89021
-0.42942 1.89005
-0.42920 1.88989
-0.42898 1.88973
-0.42876 1.88957
-0.42854 1.88941
-0.42832 1.88925
-0.42810 1.88909
-0.42788 1.88893
-0.42766 1.88877
-0.42744 1.88861
-0.42722 1.88845
-0.42700 1.88829
-0.42678 1.88813
-0.42656 1.88797
-0.42634 1.88781
-0.42612 1.88765
-0.42590 1.88749
-0.42568 1.88733
-0.42546 1.88717
-0.42524 1.88701
-0.42503 1.88684
-0.42481 1.88668
-0.42459 1.88652
-0.42437 1.88636
-0.42415 1.88620
-0.42393 1.88604
-0.42371 1.88588
-0.42349 1.88572
-0.42327 1.88556
-0.42305 1.88540
-0.42283 1.88523
-0.42261 1.88507
-0.42239 1.88491
-0.42217 1.88475
-0.42195 1.88459
-0.42173 1.88443
-0.42151 1.88427
-0.42130 1.88410
-0.42108 1.88394
-0.42086 1.88378
-0.42064 1.88362
-0.42042 1.88346
-0.42020 1.88330
-0.41998 1.88313
-0.41976 1.88297
-0.41954 1.88281
-0.41932 1.88265
-0.41910 1.88249
-0.41888 1.88232
-0.41867 1.88216
-0.41845 1.88200
-0.41823 1.88184
-0.41801 1.88168
-0.41779 1.88151
-0.41757 1.88135
-0.41735 1.88119
-0.41713 1.88103
-0.41691 1.88086
-0.41669 1.88070
-0.41647 1.88054
-0.41626 1.88040
-0.41604 1.88025
-0.41582 1.88011
-0.41560 1.87996
-0.41539 1.87982
-0.41517 1.87967
-0.41495 1.87953
-0.41474 1.87938
-0.41452 1.87923
-0.41430 1.87909
-0.41408 1.87894
-0.41387 1.87880
-0.41365 1.87865
-0.41343 1.87851
-0.41321 1.87836
-0.41300 1.87822
-0.41278 1.87807
-0.41256 1.87792
-0.41235 1.87778
-0.41213 1.87763
-0.41191 1.87749
-0.41169 1.87734
-0.41148 1.87719
-0.41126 1.87705
-0.41104 1.87690
-0.41082 1.87676
-0.41061 1.87661
-0.41039 1.87646
-0.41017 1.87632
-0.40996 1.87617
-0.40974 1.87602
-0.40952 1.87588
-0.40930 1.87573
-0.40909 1.87558
-0.40887 1.87544
-0.40865 1.87529
-0.40844 1.87514
-0.40822 1.87500
-0.40800 1.87485
-0.40779 1.87470
-0.40757 1.87456
-0.40735 1.87441
-0.40713 1.87426
-0.40692 1.87412
-0.40670 1.87397
-0.40648 1.87382
-0.40627 1.87367
-0.40605 1.87353
-0.40583 1.87338
-0.40562 1.87323
-0.40540 1.87309
-0.40518 1.87294
-0.40496 1.87279
-0.40475 1.87264
-0.40453 1.87250
-0.40431 1.87235
-0.40410 1.87220
-0.40388 1.87205
-0.40366 1.87190
-0.40345 1.87176
-0.40323 1.87161
-0.40301 1.87146
-0.40280 1.87131
-0.40258 1.87117
-0.40236 1.87102
-0.40215 1.87087
-0.40193 1.87072
-0.40171 1.87057
-0.40150 1.87042
-0.40128 1.87028
-0.40106 1.87013
-0.40085 1.86998
-0.40063 1.86983
-0.40041 1.86968
-0.40020 1.86953
-0.39998 1.86939
-0.39976 1.86924
-0.39955 1.86909
-0.39933 1.86894
-0.39911 1.86879
-0.39890 1.86864
-0.39868 1.86849
-0.39846 1.86834
-0.39825 1.86820
-0.39803 1.86805
-0.39781 1.86790
-0.39760 1.86775
-0.39738 1.86760
-0.39716 1.86745
-0.39695 1.86730
-0.39673 1.86715
-0.39651 1.86701
-0.39630 1.86688
-0.39608 1.86674
-0.39587 1.86661
-0.39565 1.86648
-0.39544 1.86634
-0.39522 1.86621
-0.39501 1.86607
-0.39479 1.86594
-0.39458 1.86580
-0.39436 1.86567
-0.39415 1.86553
-0.39393 1.86540
-0.39372 1.86526
-0.39350 1.86513
-0.39329 1.86500
-0.39307 1.86486
-0.39286 1.86473
-0.39264 1.86459
-0.39243 1.86446
-0.39221 1.86432
-0.39200 1.86419
-0.39178 1.86405
-0.39157 1.86391
-0.39135 1.86378
-0.39114 1.86364
-0.39092 1.86351
-0.39071 1.86337
-0.39049 1.86324
-0.39028 1.86310
-0.39006 1.86297
-0.38985 1.86283
-0.38963 1.86270
-0.38942 1.86256
-0.38920 1.86242
-0.38899 1.86229
-0.38877 1.86215
-0.38856 1.86202
-0.38834 1.86188
-0.38813 1.86174
-0.38791 1.86161
-0.38770 1.86147
-0.38748 1.86134
-0.38727 1.86120
-0.38705 1.86106
-0.38684 1.86093
-0.38662 1.86079
-0.38641 1.86066
-0.38619 1.86052
-0.38598 1.86038
-0.38576 1.86025
-0.38555 1.86011
-0.38533 1.85997
-0.38512 1.85984
-0.38490 1.85970
-0.38469 1.85956
-0.38448 1.85943
-0.38426 1.85929
-0.38405 1.85915
-0.38383 1.85901
-0.38362 1.85888
-0.38340 1.85874
-0.38319 1.85860
-0.38297 1.85847
-0.38276 1.85833
-0.38254 1.85819
-0.38233 1.85805
-0.38211 1.85792
-0.38190 1.85778
-0.38168 1.85764
-0.38147 1.85751
-0.38125 1.85737
-0.38104 1.85723
-0.38083 1.85709
-0.38061 1.85696
-0.38040 1.85682
-0.38018 1.85668
-0.37997 1.85654
-0.37975 1.85640
-0.37954 1.85627
-0.37932 1.85613
-0.37911 1.85599
-0.37889 1.85585
-0.37868 1.85571
-0.37847 1.85557
-0.37825 1.85543
-0.37804 1.85530
-0.37782 1.85516
-0.37761 1.85502
-0.37739 1.85488
-0.37718 1.85474
-0.37696 1.85460
-0.37675 1.85446
-0.37653 1.85432
-0.37632 1.85418
-0.37611 1.85404
-0.37589 1.85390
-0.37568 1.85376
-0.37546 1.85362
-0.37525 1.85348
-0.37503 1.85334
-0.37482 1.85320
-0.37460 1.85306
-0.37439 1.85292
-0.37418 1.85278
-0.37396 1.85264
-0.37375 1.85250
-0.37353 1.85236
-0.37332 1.85222
-0.37310 1.85208
-0.37289 1.85194
-0.37267 1.85180
-0.37246 1.85166
-0.37225 1.85152
-0.37203 1.85138
-0.37182 1.85124
-0.37160 1.85110
-0.37139 1.85096
-0.37117 1.85082
-0.37096 1.85068
-0.37075 1.85054
-0.37053 1.85040
-0.37032 1.85026
-0.37010 1.85012
-0.36989 1.84998
-0.36967 1.84984
-0.36946 1.84970
-0.36925 1.84955
-0.36903 1.84941
-0.36882 1.84927
-0.36860 1.84913
-0.36839 1.84899
-0.36817 1.84885
-0.36796 1.84871
-0.36775 1.84857
-0.36753 1.84842
-0.36732 1.84828
-0.36710 1.84814
-0.36689 1.84800
-0.36668 1.84786
-0.36646 1.84772
-0.36625 1.84758
-0.36603 1.84743
-0.36582 1.84729
-0.36561 1.84715
-0.36539 1.84701
-0.36518 1.84687
-0.36496 1.84672
-0.36475 1.84658
-0.36453 1.84644
-0.36432 1.84630
-0.36411 1.84616
-0.36389 1.84601
-0.36368 1.84587
-0.36346 1.84573
-0.36325 1.84559
-0.36304 1.84545
-0.36282 1.84530
-0.36261 1.84516
-0.36240 1.84502
-0.36218 1.84488
-0.36197 1.84475
-0.36176 1.84463
-0.36154 1.84451
-0.36133 1.84439
-0.36112 1.84427
-0.36091 1.84415
-0.36070 1.84403
-0.36048 1.84391
-0.36027 1.84379
-0.36006 1.84367
-0.35985 1.84355
-0.35963 1.84344
-0.35942 1.84332
-0.35921 1.84320
-0.35900 1.84308
-0.35879 1.84296
-0.35857 1.84284
-0.35836 1.84272
-0.35815 1.84260
-0.35794 1.84248
-0.35772 1.84236
-0.35751 1.84224
-0.35730 1.84212
-0.35709 1.84200
-0.35688 1.84188
-0.35666 1.84176
-0.35645 1.84164
-0.35624 1.84152
-0.35603 1.84140
-0.35582 1.84128
-0.35560 1.84115
-0.35539 1.84103
-0.35518 1.84091
-0.35497 1.84079
-0.35476 1.84067
-0.35454 1.84055
-0.35433 1.84043
-0.35412 1.84031
-0.35391 1.84019
-0.35370 1.84007
-0.35348 1.83995
-0.35327 1.83983
-0.35306 1.83971
-0.35285 1.83958
-0.35264 1.83946
-0.35242 1.83934
-0.35221 1.83922
-0.35200 1.83910
-0.35179 1.83898
-0.35158 1.83886
-0.35136 1.83874
-0.35115 1.83861
-0.35094 1.83849
-0.35073 1.83837
-0.35052 1.83825
-0.35030 1.83813
-0.35009 1.83801
-0.34988 1.83788
-0.34967 1.83776
-0.34946 1.83764
-0.34924 1.83752
-0.34903 1.83740
-0.34882 1.83727
-0.34861 1.83715
-0.34840 1.83703
-0.34818 1.83691
-0.34797 1.83678
-0.34776 1.83664
-0.34755 1.83651
-0.34733 1.83638
-0.34712 1.83625
-0.34691 1.83611
-0.34670 1.83598
-0.34648 1.83585
-0.34627 1.83571
-0.34606 1.83558
-0.34585 1.83545
-0.34563 1.83531
-0.34542 1.83518
-0.34521 1.83505
-0.34500 1.83491
-0.34478 1.83478
-0.34457 1.83465
-0.34436 1.83451
-0.34415 1.83438
-0.34393 1.83424
-0.34372 1.83411
-0.34351 1.83398
-0.34330 1.83384
-0.34308 1.83371
-0.34287 1.83358
-0.34266 1.83344
-0.34245 1.83331
-0.34223 1.83317
-0.34202 1.83304
-0.34181 1.83290
-0.34160 1.83277
-0.34139 1.83264
-0.34117 1.83250
-0.34096 1.83237
-0.34075 1.83223
-0.34054 1.83210
-0.34032 1.83196
-0.34011 1.83183
-0.33990 1.83169
-0.33969 1.83156
-0.33947 1.83142
-0.33926 1.83129
-0.33905 1.83116
-0.33884 1.83102
-0.33862 1.83089
-0.33841 1.83075
-0.33820 1.83062
-0.33799 1.83048
-0.33778 1.83035
-0.33756 1.83021
-0.33735 1.83007
-0.33714 1.82994
-0.33693 1.82980
-0.33671 1.82967
-0.33650 1.82953
-0.33629 1.82940
-0.33608 1.82926
-0.33587 1.82913
-0.33565 1.82899
-0.33544 1.82886
-0.33523 1.82873
-0.33502 1.82862
-0.33481 1.82850
-0.33460 1.82838
-0.33439 1.82827
-0.33418 1.82815
-0.33396 1.82804
-0.33375 1.82792
-0.33354 1.82780
-0.33333 1.82769
-0.33312 1.82757
-0.33291 1.82745
-0.33270 1.82734
-0.33249 1.82722
-0.33228 1.82711
-0.33207 1.82699
-0.33186 1.82687
-0.33164 1.82676
-0.33143 1.82664
-0.33122 1.82652
-0.33101 1.82640
-0.33080 1.82629
-0.33059 1.82617
-0.33038 1.82605
-0.33017 1.82594
-0.32996 1.82582
-0.32975 1.82570
-0.32954 1.82559
-0.32933 1.82547
-0.32911 1.82535
-0.32890 1.82523
-0.32869 1.82512
-0.32848 1.82500
-0.32827 1.82488
-0.32806 1.82476
-0.32785 1.82465
-0.32764 1.82453
-0.32743 1.82441
-0.32722 1.82429
-0.32701 1.82417
-0.32680 1.82406
-0.32659 1.82394
-0.32637 1.82382
-0.32616 1.82370
-0.32595 1.82358
-0.32574 1.82347
