-0.98512 1.98685
-0.98489 1.98685
-0.98466 1.98686
-0.98444 1.98687
-0.98421 1.98688
-0.98398 1.98689
-0.98375 1.98689
-0.98352 1.98690
-0.98329 1.98691
-0.98307 1.98692
-0.98284 1.98692
-0.98261 1.98693
-0.98238 1.98694
-0.98215 1.98694
-0.98192 1.98695
-0.98169 1.98696
-0.98147 1.98697
-0.98124 1.98697
-0.98101 1.98698
-0.98078 1.98699
-0.98055 1.98699
-0.98032 1.98700
-0.98009 1.98701
-0.97987 1.98701
-0.97964 1.98702
-0.97941 1.98703
-0.97918 1.98703
-0.97895 1.98704
-0.97872 1.98704
-0.97849 1.98705
-0.97826 1.98706
-0.97803 1.98706
-0.97781 1.98707
-0.97758 1.98707
-0.97735 1.98708
-0.97712 1.98709
-0.97691 1.98713
-0.97669 1.98717
-0.97648 1.98721
-0.97627 1.98725
-0.97605 1.98729
-0.97584 1.98733
-0.97562 1.98737
-0.97541 1.98741
-0.97520 1.98745
-0.97498 1.98749
-0.97477 1.98753
-0.97455 1.98757
-0.97434 1.98761
-0.97413 1.98765
-0.97391 1.98769
-0.97370 1.98773
-0.97348 1.98777
-0.97327 1.98781
-0.97305 1.98785
-0.97284 1.98789
-0.97263 1.98793
-0.97241 1.98797
-0.97220 1.98800
-0.97198 1.98804
-0.97177 1.98808
-0.97155 1.98812
-0.97134 1.98816
-0.97112 1.98820
-0.97091 1.98824
-0.97069 1.98828
-0.97048 1.98831
-0.97026 1.98835
-0.97005 1.98839
-0.96983 1.98843
-0.96962 1.98847
-0.96940 1.98851
-0.96919 1.98854
-0.96897 1.98858
-0.96876 1.98862
-0.96854 1.98866
-0.96833 1.98869
-0.96811 1.98873
-0.96790 1.98877
-0.96768 1.98881
-0.96747 1.98885
-0.96725 1.98888
-0.96704 1.98892
-0.96682 1.98896
-0.96661 1.98899
-0.96639 1.98903
-0.96618 1.98907
-0.96596 1.98912
-0.96575 1.98916
-0.96554 1.98920
-0.96532 1.98924
-0.96511 1.98929
-0.96490 1.98933
-0.96468 1.98937
-0.96447 1.98941
-0.96426 1.98946
-0.96404 1.98950
-0.96383 1.98954
-0.96362 1.98958
-0.96340 1.98962
-0.96319 1.98967
-0.96298 1.98971
-0.96276 1.98975
-0.96255 1.98979
-0.96233 1.98983
-0.96212 1.98987
-0.96191 1.98991
-0.96169 1.98996
-0.96148 1.99000
-0.96126 1.99004
-0.96105 1.99008
-0.96084 1.99012
-0.96062 1.99016
-0.96041 1.99020
-0.96019 1.99024
-0.95998 1.99028
-0.95977 1.99032
-0.95955 1.99036
-0.95934 1.99041
-0.95912 1.99045
-0.95891 1.99049
-0.95869 1.99053
-0.95848 1.99057
-0.95826 1.99061
-0.95805 1.99065
-0.95784 1.99069
-0.95762 1.99073
-0.95741 1.99077
-0.95719 1.99081
-0.95698 1.99085
-0.95676 1.99089
-0.95655 1.99093
-0.95633 1.99096
-0.95612 1.99100
-0.95590 1.99104
-0.95569 1.99108
-0.95547 1.99112
-0.95526 1.99116
-0.95504 1.99120
-0.95483 1.99124
-0.95461 1.99128
-0.95440 1.99132
-0.95418 1.99136
-0.95398 1.99142
-0.95377 1.99148
-0.95356 1.99154
-0.95336 1.99160
-0.95315 1.99166
-0.95294 1.99172
-0.95274 1.99178
-0.95253 1.99184
-0.95232 1.99190
-0.95212 1.99195
-0.95191 1.99201
-0.95170 1.99207
-0.95150 1.99213
-0.95129 1.99219
-0.95108 1.99225
-0.95087 1.99231
-0.95067 1.99236
-0.95046 1.99242
-0.95025 1.99248
-0.95004 1.99254
-0.94984 1.99260
-0.94963 1.99266
-0.94942 1.99271
-0.94921 1.99277
-0.94901 1.99283
-0.94880 1.99289
-0.94859 1.99295
-0.94838 1.99300
-0.94818 1.99306
-0.94797 1.99312
-0.94776 1.99318
-0.94755 1.99323
-0.94734 1.99329
-0.94714 1.99335
-0.94693 1.99341
-0.94672 1.99346
-0.94651 1.99352
-0.94630 1.99358
-0.94610 1.99363
-0.94589 1.99369
-0.94568 1.99375
-0.94547 1.99380
-0.94526 1.99386
-0.94505 1.99392
-0.94485 1.99397
-0.94464 1.99403
-0.94443 1.99409
-0.94422 1.99414
-0.94401 1.99420
-0.94380 1.99426
-0.94359 1.99431
-0.94339 1.99437
-0.94318 1.99442
-0.94297 1.99448
-0.94276 1.99453
-0.94255 1.99459
-0.94234 1.99465
-0.94213 1.99470
-0.94192 1.99476
-0.94171 1.99481
-0.94150 1.99487
-0.94129 1.99492
-0.94109 1.99498
-0.94088 1.99503
-0.94067 1.99509
-0.94046 1.99514
-0.94025 1.99520
-0.94004 1.99525
-0.93983 1.99531
-0.93962 1.99537
-0.93941 1.99543
-0.93921 1.99549
-0.93900 1.99555
-0.93879 1.99561
-0.93859 1.99567
-0.93838 1.99573
-0.93817 1.99580
-0.93796 1.99586
-0.93776 1.99592
-0.93755 1.99598
-0.93734 1.99604
-0.93714 1.99610
-0.93693 1.99616
-0.93672 1.99622
-0.93651 1.99628
-0.93631 1.99634
-0.93610 1.99640
-0.93589 1.99646
-0.93568 1.99652
-0.93547 1.99658
-0.93527 1.99664
-0.93506 1.99670
-0.93485 1.99676
-0.93464 1.99682
-0.93444 1.99688
-0.93423 1.99694
-0.93402 1.99700
-0.93381 1.99706
-0.93360 1.99712
-0.93339 1.99718
-0.93319 1.99724
-0.93298 1.99730
-0.93277 1.99736
-0.93256 1.99742
-0.93235 1.99748
-0.93214 1.99753
-0.93194 1.99759
-0.93173 1.99765
-0.93152 1.99771
-0.93131 1.99777
-0.93110 1.99783
-0.93089 1.99789
-0.93068 1.99795
-0.93048 1.99800
-0.93027 1.99806
-0.93006 1.99812
-0.92985 1.99818
-0.92964 1.99824
-0.92943 1.99829
-0.92922 1.99835
-0.92901 1.99841
-0.92880 1.99847
-0.92859 1.99853
-0.92838 1.99858
-0.92817 1.99864
-0.92797 1.99870
-0.92776 1.99876
-0.92755 1.99881
-0.92734 1.99887
-0.92713 1.99893
-0.92692 1.99899
-0.92671 1.99904
-0.92650 1.99910
-0.92629 1.99916
-0.92608 1.99921
-0.92587 1.99927
-0.92566 1.99933
-0.92545 1.99938
-0.92524 1.99944
-0.92503 1.99950
-0.92482 1.99955
-0.92462 1.99963
-0.92441 1.99970
-0.92421 1.99977
-0.92400 1.99984
-0.92380 1.99991
-0.92359 1.99998
-0.92339 2.00005
-0.92318 2.00013
-0.92298 2.00020
-0.92278 2.00027
-0.92257 2.00034
-0.92237 2.00041
-0.92216 2.00048
-0.92196 2.00055
-0.92175 2.00062
-0.92155 2.00069
-0.92134 2.00076
-0.92114 2.00083
-0.92093 2.00090
-0.92073 2.00097
-0.92052 2.00104
-0.92032 2.00111
-0.92011 2.00118
-0.91991 2.00125
-0.91970 2.00132
-0.91950 2.00139
-0.91929 2.00146
-0.91909 2.00153
-0.91888 2.00160
-0.91867 2.00167
-0.91847 2.00174
-0.91826 2.00181
-0.91806 2.00188
-0.91785 2.00195
-0.91765 2.00202
-0.91744 2.00209
-0.91723 2.00216
-0.91703 2.00223
-0.91682 2.00229
-0.91662 2.00236
-0.91641 2.00243
-0.91620 2.00250
-0.91600 2.00257
-0.91579 2.00264
-0.91559 2.00271
-0.91538 2.00277
-0.91517 2.00284
-0.91497 2.00291
-0.91476 2.00298
-0.91455 2.00305
-0.91435 2.00312
-0.91414 2.00318
-0.91393 2.00325
-0.91373 2.00332
-0.91352 2.00339
-0.91331 2.00345
-0.91311 2.00352
-0.91290 2.00359
-0.91269 2.00366
-0.91248 2.00372
-0.91228 2.00379
-0.91207 2.00386
-0.91186 2.00393
-0.91166 2.00399
-0.91145 2.00406
-0.91124 2.00413
-0.91103 2.00419
-0.91083 2.00426
-0.91062 2.00433
-0.91041 2.00440
-0.91020 2.00446
-0.91000 2.00453
-0.90979 2.00459
-0.90958 2.00466
-0.90937 2.00473
-0.90917 2.00479
-0.90896 2.00486
-0.90875 2.00493
-0.90854 2.00499
-0.90833 2.00506
-0.90813 2.00512
-0.90792 2.00519
-0.90771 2.00526
-0.90751 2.00534
-0.90731 2.00543
-0.90711 2.00552
-0.90691 2.00560
-0.90671 2.00569
-0.90651 2.00578
-0.90631 2.00587
-0.90611 2.00595
-0.90591 2.00604
-0.90571 2.00613
-0.90551 2.00622
-0.90531 2.00630
-0.90511 2.00639
-0.90491 2.00648
-0.90471 2.00657
-0.90451 2.00665
-0.90431 2.00674
-0.90410 2.00683
-0.90390 2.00691
-0.90370 2.00700
-0.90350 2.00709
-0.90330 2.00717
-0.90310 2.00726
-0.90290 2.00735
-0.90270 2.00743
-0.90250 2.00752
-0.90230 2.00760
-0.90209 2.00769
-0.90189 2.00778
-0.90169 2.00786
-0.90149 2.00795
-0.90129 2.00803
-0.90109 2.00812
-0.90089 2.00821
-0.90068 2.00829
-0.90048 2.00838
-0.90028 2.00846
-0.90008 2.00855
-0.89988 2.00863
-0.89968 2.00872
-0.89947 2.00880
-0.89927 2.00889
-0.89907 2.00897
-0.89887 2.00906
-0.89866 2.00914
-0.89846 2.00923
-0.89826 2.00931
-0.89806 2.00940
-0.89786 2.00948
-0.89765 2.00957
-0.89745 2.00965
-0.89725 2.00973
-0.89704 2.00982
-0.89684 2.00990
-0.89664 2.00999
-0.89644 2.01007
-0.89623 2.01015
-0.89603 2.01024
-0.89583 2.01032
-0.89562 2.01041
-0.89542 2.01049
-0.89522 2.01057
-0.89502 2.01066
-0.89481 2.01074
-0.89461 2.01082
-0.89441 2.01091
-0.89420 2.01099
-0.89400 2.01107
-0.89379 2.01116
-0.89359 2.01124
-0.89339 2.01132
-0.89318 2.01141
-0.89298 2.01149
-0.89278 2.01157
-0.89257 2.01165
-0.89237 2.01174
-0.89216 2.01182
-0.89196 2.01190
-0.89176 2.01198
-0.89155 2.01207
-0.89135 2.01215
-0.89114 2.01223
-0.89094 2.01231
-0.89073 2.01240
-0.89053 2.01248
-0.89033 2.01256
-0.89012 2.01264
-0.88992 2.01272
-0.88971 2.01280
-0.88951 2.01289
-0.88930 2.01297
-0.88910 2.01305
-0.88889 2.01313
-0.88869 2.01321
-0.88848 2.01329
-0.88828 2.01337
-0.88807 2.01346
-0.88787 2.01354
-0.88766 2.01362
-0.88746 2.01370
-0.88725 2.01378
-0.88705 2.01386
-0.88684 2.01394
-0.88663 2.01402
-0.88643 2.01410
-0.88622 2.01418
-0.88602 2.01426
-0.88581 2.01434
-0.88561 2.01442
-0.88540 2.01450
-0.88519 2.01458
-0.88499 2.01466
-0.88478 2.01474
-0.88458 2.01482
-0.88437 2.01490
-0.88416 2.01498
-0.88396 2.01506
-0.88375 2.01514
-0.88355 2.01522
-0.88334 2.01530
-0.88313 2.01538
-0.88293 2.01546
-0.88272 2.01554
-0.88251 2.01562
-0.88231 2.01570
-0.88210 2.01578
-0.88189 2.01586
-0.88169 2.01594
-0.88148 2.01601
-0.88127 2.01609
-0.88107 2.01617
-0.88086 2.01625
-0.88065 2.01633
-0.88044 2.01641
-0.88024 2.01649
-0.88003 2.01656
-0.87982 2.01664
-0.87961 2.01672
-0.87941 2.01680
-0.87920 2.01688
-0.87899 2.01695
-0.87878 2.01703
-0.87858 2.01711
-0.87837 2.01719
-0.87816 2.01727
-0.87795 2.01734
-0.87775 2.01742
-0.87754 2.01750
-0.87733 2.01758
-0.87712 2.01765
-0.87691 2.01773
-0.87671 2.01781
-0.87650 2.01788
-0.87629 2.01796
-0.87608 2.01804
-0.87587 2.01812
-0.87566 2.01819
-0.87546 2.01827
-0.87525 2.01835
-0.87504 2.01842
-0.87483 2.01850
-0.87462 2.01858
-0.87441 2.01865
-0.87420 2.01873
-0.87400 2.01880
-0.87379 2.01888
-0.87358 2.01896
-0.87337 2.01903
-0.87316 2.01911
-0.87295 2.01918
-0.87274 2.01926
-0.87253 2.01934
-0.87232 2.01941
-0.87211 2.01949
-0.87190 2.01956
-0.87169 2.01964
-0.87148 2.01971
-0.87128 2.01979
-0.87107 2.01986
-0.87086 2.01994
-0.87065 2.02001
-0.87044 2.02009
-0.87023 2.02017
-0.87002 2.02025
-0.86981 2.02032
-0.86960 2.02040
-0.86939 2.02048
-0.86918 2.02056
-0.86898 2.02064
-0.86877 2.02071
-0.86856 2.02079
-0.86835 2.02087
-0.86814 2.02095
-0.86793 2.02102
-0.86772 2.02110
-0.86751 2.02118
-0.86730 2.02125
-0.86709 2.02133
-0.86688 2.02141
-0.86667 2.02149
-0.86646 2.02156
-0.86625 2.02164
-0.86604 2.02172
-0.86583 2.02179
-0.86562 2.02187
-0.86541 2.02195
-0.86520 2.02202
-0.86499 2.02210
-0.86478 2.02218
-0.86457 2.02225
-0.86436 2.02233
-0.86415 2.02240
-0.86394 2.02248
-0.86373 2.02256
-0.86352 2.02263
-0.86331 2.02271
-0.86310 2.02278
-0.86289 2.02286
-0.86268 2.02293
-0.86247 2.02301
-0.86226 2.02309
-0.86205 2.02316
-0.86184 2.02324
-0.86163 2.02331
-0.86142 2.02339
-0.86120 2.02346
-0.86099 2.02354
-0.86078 2.02361
-0.86057 2.02369
-0.86036 2.02376
-0.86015 2.02384
-0.85994 2.02391
-0.85973 2.02398
-0.85951 2.02406
-0.85930 2.02413
-0.85909 2.02421
-0.85888 2.02428
-0.85867 2.02436
-0.85846 2.02443
-0.85824 2.02450
-0.85803 2.02458
-0.85782 2.02465
-0.85761 2.02473
-0.85740 2.02480
-0.85718 2.02487
-0.85697 2.02495
-0.85676 2.02502
-0.85655 2.02509
-0.85634 2.02517
-0.85612 2.02524
-0.85591 2.02531
-0.85570 2.02539
-0.85549 2.02546
-0.85527 2.02553
-0.85506 2.02561
-0.85485 2.02568
-0.85464 2.02575
-0.85442 2.02582
-0.85421 2.02590
-0.85400 2.02597
-0.85378 2.02604
-0.85357 2.02611
-0.85336 2.02619
-0.85315 2.02626
-0.85293 2.02633
-0.85272 2.02640
-0.85251 2.02648
-0.85229 2.02655
-0.85208 2.02662
-0.85187 2.02669
-0.85165 2.02676
-0.85144 2.02683
-0.85123 2.02691
-0.85101 2.02698
-0.85080 2.02705
-0.85058 2.02711
-0.85036 2.02717
-0.85015 2.02723
-0.84993 2.02729
-0.84971 2.02734
-0.84949 2.02740
-0.84927 2.02746
-0.84906 2.02752
-0.84884 2.02758
-0.84862 2.02763
-0.84840 2.02769
-0.84818 2.02775
-0.84796 2.02781
-0.84774 2.02786
-0.84753 2.02792
-0.84731 2.02798
-0.84709 2.02804
-0.84687 2.02809
-0.84665 2.02815
-0.84643 2.02821
-0.84621 2.02826
-0.84600 2.02832
-0.84578 2.02838
-0.84556 2.02844
-0.84534 2.02849
-0.84512 2.02855
-0.84490 2.02861
-0.84468 2.02866
-0.84446 2.02872
-0.84424 2.02877
-0.84402 2.02883
-0.84380 2.02889
-0.84358 2.02894
-0.84336 2.02900
-0.84315 2.02905
-0.84293 2.02911
-0.84271 2.02917
-0.84249 2.02922
-0.84227 2.02928
-0.84205 2.02933
-0.84183 2.02939
-0.84161 2.02944
-0.84139 2.02950
-0.84117 2.02956
-0.84095 2.02961
-0.84073 2.02967
-0.84051 2.02972
-0.84029 2.02978
-0.84007 2.02983
-0.83985 2.02989
-0.83963 2.02994
-0.83941 2.02999
-0.83919 2.03005
-0.83897 2.03010
-0.83875 2.03016
-0.83852 2.03021
-0.83830 2.03027
-0.83808 2.03032
-0.83786 2.03038
-0.83764 2.03043
-0.83742 2.03048
-0.83720 2.03054
-0.83698 2.03059
-0.83676 2.03065
-0.83654 2.03070
-0.83632 2.03075
-0.83610 2.03081
-0.83588 2.03086
-0.83565 2.03091
-0.83543 2.03097
-0.83521 2.03102
-0.83499 2.03107
-0.83477 2.03113
-0.83455 2.03118
-0.83433 2.03123
-0.83411 2.03129
-0.83388 2.03134
-0.83366 2.03139
-0.83344 2.03144
-0.83322 2.03150
-0.83300 2.03155
-0.83278 2.03160
-0.83255 2.03165
-0.83233 2.03171
-0.83211 2.03176
-0.83189 2.03181
-0.83167 2.03186
-0.83144 2.03191
-0.83122 2.03197
-0.83100 2.03202
-0.83078 2.03207
-0.83055 2.03212
-0.83033 2.03216
-0.83011 2.03221
-0.82988 2.03226
-0.82966 2.03230
-0.82944 2.03235
-0.82921 2.03240
-0.82899 2.03244
-0.82876 2.03249
-0.82854 2.03253
-0.82832 2.03258
-0.82809 2.03263
-0.82787 2.03267
-0.82764 2.03272
-0.82742 2.03276
-0.82719 2.03281
-0.82697 2.03286
-0.82675 2.03290
-0.82652 2.03295
-0.82630 2.03299
-0.82607 2.03304
-0.82585 2.03308
-0.82562 2.03313
-0.82540 2.03317
-0.82517 2.03322
-0.82495 2.03326
-0.82473 2.03331
-0.82450 2.03335
-0.82428 2.03340
-0.82405 2.03344
-0.82383 2.03349
-0.82360 2.03353
-0.82338 2.03358
-0.82315 2.03362
-0.82293 2.03367
-0.82270 2.03371
-0.82248 2.03375
-0.82225 2.03380
-0.82202 2.03384
-0.82180 2.03389
-0.82157 2.03393
-0.82135 2.03397
-0.82112 2.03402
-0.82090 2.03406
-0.82067 2.03411
-0.82045 2.03415
-0.82022 2.03419
-0.82000 2.03424
-0.81977 2.03428
-0.81954 2.03432
-0.81932 2.03437
-0.81909 2.03441
-0.81887 2.03445
-0.81864 2.03449
-0.81842 2.03454
-0.81819 2.03458
-0.81796 2.03462
-0.81774 2.03467
-0.81751 2.03471
-0.81728 2.03475
-0.81706 2.03479
-0.81683 2.03484
-0.81661 2.03488
-0.81638 2.03492
-0.81615 2.03496
-0.81593 2.03500
-0.81570 2.03505
-0.81547 2.03509
-0.81525 2.03513
-0.81502 2.03517
-0.81479 2.03521
-0.81457 2.03526
-0.81434 2.03530
-0.81411 2.03534
-0.81389 2.03538
-0.81366 2.03542
-0.81343 2.03546
-0.81321 2.03550
-0.81298 2.03554
-0.81275 2.03559
-0.81253 2.03563
-0.81230 2.03567
-0.81207 2.03570
-0.81184 2.03572
-0.81161 2.03575
-0.81138 2.03578
-0.81114 2.03581
-0.81091 2.03583
-0.81068 2.03586
-0.81045 2.03589
-0.81022 2.03592
-0.80999 2.03594
-0.80976 2.03597
-0.80953 2.03600
-0.80930 2.03602
-0.80906 2.03605
-0.80883 2.03608
-0.80860 2.03610
-0.80837 2.03613
-0.80814 2.03616
-0.80791 2.03618
-0.80768 2.03621
-0.80744 2.03624
-0.80721 2.03626
-0.80698 2.03629
-0.80675 2.03632
-0.80652 2.03634
-0.80629 2.03637
-0.80605 2.03639
-0.80582 2.03642
-0.80559 2.03644
-0.80536 2.03647
-0.80513 2.03650
-0.80489 2.03652
-0.80466 2.03655
-0.80443 2.03657
-0.80420 2.03660
-0.80397 2.03662
-0.80373 2.03665
-0.80350 2.03667
-0.80327 2.03670
-0.80304 2.03672
-0.80280 2.03675
-0.80257 2.03677
-0.80234 2.03680
-0.80211 2.03682
-0.80188 2.03685
-0.80164 2.03687
-0.80141 2.03690
-0.80118 2.03692
-0.80095 2.03694
-0.80071 2.03697
-0.80048 2.03699
-0.80025 2.03702
-0.80001 2.03704
-0.79978 2.03707
-0.79955 2.03709
-0.79932 2.03711
-0.79908 2.03714
-0.79885 2.03716
-0.79862 2.03718
-0.79838 2.03721
-0.79815 2.03723
-0.79792 2.03725
-0.79769 2.03728
-0.79745 2.03730
-0.79722 2.03732
-0.79699 2.03735
-0.79675 2.03737
-0.79652 2.03739
-0.79629 2.03742
-0.79605 2.03744
-0.79582 2.03746
-0.79559 2.03748
-0.79535 2.03751
-0.79512 2.03753
-0.79489 2.03755
-0.79465 2.03757
-0.79442 2.03760
-0.79419 2.03762
-0.79395 2.03764
-0.79372 2.03765
-0.79348 2.03766
-0.79324 2.03767
-0.79300 2.03767
-0.79277 2.03768
-0.79253 2.03769
-0.79229 2.03770
-0.79205 2.03770
-0.79182 2.03771
-0.79158 2.03772
-0.79134 2.03773
-0.79110 2.03773
-0.79086 2.03774
-0.79063 2.03775
-0.79039 2.03775
-0.79015 2.03776
-0.78991 2.03777
-0.78967 2.03777
-0.78944 2.03778
-0.78920 2.03779
-0.78896 2.03779
-0.78872 2.03780
-0.78848 2.03780
-0.78825 2.03781
-0.78801 2.03782
-0.78777 2.03782
-0.78753 2.03783
-0.78729 2.03783
-0.78705 2.03784
-0.78682 2.03785
-0.78658 2.03785
-0.78634 2.03786
-0.78610 2.03786
-0.78586 2.03787
-0.78562 2.03787
-0.78539 2.03788
-0.78515 2.03788
-0.78491 2.03789
-0.78467 2.03789
-0.78443 2.03790
-0.78419 2.03790
-0.78395 2.03791
-0.78372 2.03791
-0.78348 2.03792
-0.78324 2.03792
-0.78300 2.03793
-0.78276 2.03793
-0.78252 2.03794
-0.78228 2.03794
-0.78204 2.03794
-0.78181 2.03795
-0.78157 2.03795
-0.78133 2.03796
-0.78109 2.03796
-0.78085 2.03797
-0.78061 2.03797
-0.78037 2.03797
-0.78013 2.03798
-0.77989 2.03798
-0.77965 2.03798
-0.77942 2.03799
-0.77918 2.03799
-0.77894 2.03799
-0.77870 2.03800
-0.77846 2.03800
-0.77822 2.03800
-0.77798 2.03801
-0.77774 2.03801
-0.77750 2.03801
-0.77726 2.03801
-0.77702 2.03801
-0.77678 2.03801
-0.77654 2.03801
-0.77630 2.03801
-0.77606 2.03800
-0.77582 2.03800
-0.77558 2.03800
-0.77534 2.03800
-0.77510 2.03800
-0.77486 2.03800
-0.77462 2.03800
-0.77438 2.03800
-0.77414 2.03800
-0.77390 2.03800
-0.77366 2.03800
-0.77341 2.03799
-0.77317 2.03799
-0.77293 2.03799
-0.77269 2.03799
-0.77245 2.03799
-0.77221 2.03799
-0.77197 2.03798
-0.77173 2.03798
-0.77149 2.03798
-0.77125 2.03798
-0.77101 2.03798
-0.77077 2.03798
-0.77053 2.03797
-0.77029 2.03797
-0.77004 2.03797
-0.76980 2.03797
-0.76956 2.03796
-0.76932 2.03796
-0.76908 2.03796
-0.76884 2.03796
-0.76860 2.03795
-0.76836 2.03795
-0.76812 2.03795
-0.76788 2.03794
-0.76763 2.03794
-0.76739 2.03794
-0.76715 2.03793
-0.76691 2.03793
-0.76667 2.03793
-0.76643 2.03792
-0.76619 2.03792
-0.76595 2.03792
-0.76571 2.03791
-0.76546 2.03791
-0.76522 2.03791
-0.76498 2.03790
-0.76474 2.03790
-0.76450 2.03789
-0.76426 2.03789
-0.76402 2.03789
-0.76377 2.03788
-0.76353 2.03788
-0.76329 2.03787
-0.76304 2.03785
-0.76280 2.03782
-0.76255 2.03779
-0.76230 2.03777
-0.76206 2.03774
-0.76181 2.03772
-0.76156 2.03769
-0.76131 2.03766
-0.76107 2.03764
-0.76082 2.03761
-0.76057 2.03758
-0.76033 2.03756
-0.76008 2.03753
-0.75983 2.03750
-0.75959 2.03748
-0.75934 2.03745
-0.75909 2.03742
-0.75884 2.03740
-0.75860 2.03737
-0.75835 2.03734
-0.75810 2.03732
-0.75786 2.03729
-0.75761 2.03726
-0.75736 2.03723
-0.75711 2.03721
-0.75687 2.03718
-0.75662 2.03715
-0.75637 2.03712
-0.75612 2.03710
-0.75588 2.03707
-0.75563 2.03704
-0.75538 2.03701
-0.75514 2.03699
-0.75489 2.03696
-0.75464 2.03693
-0.75439 2.03690
-0.75415 2.03687
-0.75390 2.03684
-0.75365 2.03682
-0.75340 2.03679
-0.75316 2.03676
-0.75291 2.03673
-0.75266 2.03670
-0.75241 2.03667
-0.75217 2.03664
-0.75192 2.03661
