-0.84193 1.45766
-0.84184 1.45731
-0.84176 1.45697
-0.84168 1.45662
-0.84160 1.45627
-0.84151 1.45593
-0.84143 1.45558
-0.84135 1.45523
-0.84127 1.45489
-0.84118 1.45454
-0.84110 1.45419
-0.84102 1.45384
-0.84094 1.45350
-0.84085 1.45315
-0.84077 1.45280
-0.84069 1.45245
-0.84060 1.45211
-0.84052 1.45176
-0.84044 1.45141
-0.84035 1.45106
-0.84027 1.45071
-0.84019 1.45036
-0.84010 1.45002
-0.84002 1.44967
-0.83994 1.44932
-0.83985 1.44897
-0.83977 1.44862
-0.83969 1.44827
-0.83960 1.44793
-0.83952 1.44758
-0.83943 1.44723
-0.83935 1.44688
-0.83927 1.44653
-0.83918 1.44618
-0.83910 1.44583
-0.83901 1.44548
-0.83893 1.44513
-0.83884 1.44478
-0.83876 1.44443
-0.83868 1.44408
-0.83859 1.44373
-0.83851 1.44338
-0.83842 1.44304
-0.83834 1.44269
-0.83825 1.44234
-0.83817 1.44199
-0.83808 1.44164
-0.83800 1.44128
-0.83791 1.44093
-0.83783 1.44058
-0.83774 1.44023
-0.83766 1.43988
-0.83757 1.43953
-0.83749 1.43918
-0.83740 1.43883
-0.83731 1.43849
-0.83721 1.43814
-0.83712 1.43779
-0.83703 1.43744
-0.83694 1.43710
-0.83685 1.43675
-0.83676 1.43640
-0.83667 1.43605
-0.83658 1.43570
-0.83649 1.43535
-0.83639 1.43501
-0.83630 1.43466
-0.83621 1.43431
-0.83612 1.43396
-0.83603 1.43361
-0.83594 1.43326
-0.83584 1.43291
-0.83575 1.43256
-0.83566 1.43221
-0.83557 1.43187
-0.83548 1.43152
-0.83539 1.43117
-0.83529 1.43082
-0.83520 1.43047
-0.83511 1.43012
-0.83502 1.42977
-0.83492 1.42942
-0.83483 1.42907
-0.83474 1.42872
-0.83465 1.42837
-0.83455 1.42802
-0.83446 1.42767
-0.83437 1.42732
-0.83428 1.42697
-0.83418 1.42662
-0.83409 1.42627
-0.83400 1.42592
-0.83391 1.42557
-0.83381 1.42522
-0.83372 1.42487
-0.83363 1.42452
-0.83353 1.42416
-0.83344 1.42381
-0.83335 1.42346
-0.83325 1.42311
-0.83316 1.42276
-0.83307 1.42241
-0.83297 1.42206
-0.83288 1.42171
-0.83279 1.42135
-0.83269 1.42100
-0.83260 1.42065
-0.83251 1.42030
-0.83241 1.41995
-0.83232 1.41960
-0.83222 1.41924
-0.83213 1.41889
-0.83204 1.41854
-0.83194 1.41819
-0.83185 1.41784
-0.83175 1.41748
-0.83166 1.41713
-0.83156 1.41678
-0.83147 1.41643
-0.83138 1.41607
-0.83128 1.41572
-0.83119 1.41537
-0.83109 1.41501
-0.83100 1.41466
-0.83090 1.41431
-0.83081 1.41396
-0.83071 1.41361
-0.83061 1.41325
-0.83051 1.41290
-0.83041 1.41255
-0.83032 1.41220
-0.83022 1.41185
-0.83012 1.41149
-0.83002 1.41114
-0.82992 1.41079
-0.82983 1.41044
-0.82973 1.41009
-0.82963 1.40973
-0.82953 1.40938
-0.82943 1.40903
-0.82934 1.40868
-0.82924 1.40832
-0.82914 1.40797
-0.82904 1.40762
-0.82894 1.40726
-0.82884 1.40691
-0.82874 1.40656
-0.82865 1.40621
-0.82855 1.40585
-0.82845 1.40550
-0.82835 1.40515
-0.82825 1.40479
-0.82815 1.40444
-0.82805 1.40408
-0.82795 1.40373
-0.82785 1.40338
-0.82775 1.40302
-0.82766 1.40267
-0.82756 1.40231
-0.82746 1.40196
-0.82736 1.40161
-0.82726 1.40125
-0.82716 1.40090
-0.82706 1.40054
-0.82696 1.40019
-0.82686 1.39983
-0.82676 1.39948
-0.82666 1.39912
-0.82656 1.39877
-0.82646 1.39841
-0.82636 1.39806
-0.82626 1.39770
-0.82616 1.39735
-0.82606 1.39699
-0.82596 1.39664
-0.82586 1.39628
-0.82576 1.39593
-0.82566 1.39557
-0.82556 1.39522
-0.82546 1.39486
-0.82536 1.39450
-0.82525 1.39415
-0.82515 1.39379
-0.82505 1.39344
-0.82495 1.39308
-0.82485 1.39272
-0.82475 1.39237
-0.82465 1.39201
-0.82455 1.39166
-0.82445 1.39130
-0.82435 1.39094
-0.82424 1.39059
-0.82414 1.39023
-0.82404 1.38987
-0.82394 1.38951
-0.82384 1.38916
-0.82374 1.38880
-0.82364 1.38844
-0.82353 1.38809
-0.82343 1.38773
-0.82333 1.38737
-0.82323 1.38701
-0.82313 1.38666
-0.82303 1.38630
-0.82292 1.38594
-0.82282 1.38558
-0.82272 1.38522
-0.82262 1.38487
-0.82251 1.38451
-0.82241 1.38415
-0.82231 1.38379
-0.82220 1.38344
-0.82210 1.38308
-0.82199 1.38272
-0.82189 1.38237
-0.82179 1.38201
-0.82168 1.38165
-0.82158 1.38129
-0.82147 1.38093
-0.82137 1.38058
-0.82126 1.38022
-0.82116 1.37986
-0.82105 1.37950
-0.82095 1.37914
-0.82085 1.37878
-0.82074 1.37843
-0.82064 1.37807
-0.82053 1.37771
-0.82043 1.37735
-0.82032 1.37699
-0.82022 1.37663
-0.82011 1.37627
-0.82001 1.37591
-0.81990 1.37556
-0.81979 1.37520
-0.81969 1.37484
-0.81958 1.37448
-0.81948 1.37412
-0.81937 1.37376
-0.81927 1.37340
-0.81916 1.37304
-0.81906 1.37268
-0.81895 1.37232
-0.81884 1.37196
-0.81874 1.37160
-0.81863 1.37124
-0.81853 1.37088
-0.81842 1.37052
-0.81832 1.37016
-0.81821 1.36980
-0.81810 1.36944
-0.81800 1.36908
-0.81789 1.36872
-0.81778 1.36835
-0.81768 1.36799
-0.81757 1.36763
-0.81746 1.36727
-0.81736 1.36691
-0.81725 1.36655
-0.81714 1.36619
-0.81704 1.36583
-0.81693 1.36546
-0.81682 1.36510
-0.81672 1.36474
-0.81661 1.36438
-0.81650 1.36402
-0.81640 1.36366
-0.81629 1.36329
-0.81618 1.36293
-0.81607 1.36257
-0.81597 1.36221
-0.81586 1.36184
-0.81575 1.36148
-0.81564 1.36112
-0.81554 1.36076
-0.81543 1.36039
-0.81532 1.36003
-0.81521 1.35967
-0.81511 1.35931
-0.81500 1.35894
-0.81489 1.35858
-0.81478 1.35822
-0.81467 1.35785
-0.81457 1.35749
-0.81446 1.35713
-0.81435 1.35676
-0.81424 1.35640
-0.81413 1.35604
-0.81403 1.35567
-0.81392 1.35531
-0.81381 1.35494
-0.81370 1.35458
-0.81359 1.35422
-0.81348 1.35385
-0.81337 1.35349
-0.81326 1.35312
-0.81316 1.35276
-0.81305 1.35239
-0.81294 1.35203
-0.81283 1.35166
-0.81272 1.35130
-0.81261 1.35094
-0.81250 1.35057
-0.81239 1.35021
-0.81228 1.34984
-0.81217 1.34948
-0.81206 1.34911
-0.81194 1.34875
-0.81183 1.34838
-0.81172 1.34802
-0.81161 1.34765
-0.81150 1.34729
-0.81139 1.34692
-0.81128 1.34656
-0.81117 1.34619
-0.81106 1.34583
-0.81095 1.34546
-0.81084 1.34510
-0.81073 1.34473
-0.81061 1.34436
-0.81050 1.34400
-0.81039 1.34363
-0.81028 1.34327
-0.81017 1.34290
-0.81006 1.34253
-0.80995 1.34217
-0.80983 1.34180
-0.80972 1.34143
-0.80961 1.34107
-0.80950 1.34070
-0.80939 1.34033
-0.80928 1.33997
-0.80916 1.33960
-0.80905 1.33923
-0.80894 1.33887
-0.80883 1.33850
-0.80872 1.33813
-0.80860 1.33776
-0.80849 1.33740
-0.80838 1.33703
-0.80827 1.33666
-0.80815 1.33629
-0.80804 1.33593
-0.80793 1.33556
-0.80782 1.33519
-0.80770 1.33482
-0.80759 1.33445
-0.80748 1.33408
-0.80736 1.33372
-0.80725 1.33335
-0.80714 1.33298
-0.80703 1.33261
-0.80691 1.33224
-0.80680 1.33187
-0.80669 1.33150
-0.80657 1.33113
-0.80646 1.33076
-0.80635 1.33040
-0.80623 1.33003
-0.80612 1.32966
-0.80601 1.32929
-0.80589 1.32892
-0.80578 1.32855
-0.80566 1.32818
-0.80555 1.32781
-0.80544 1.32744
-0.80532 1.32707
-0.80521 1.32670
-0.80509 1.32633
-0.80498 1.32596
-0.80487 1.32559
-0.80475 1.32522
-0.80464 1.32485
-0.80452 1.32447
-0.80441 1.32410
-0.80429 1.32373
-0.80418 1.32336
-0.80407 1.32299
-0.80395 1.32262
-0.80384 1.32225
-0.80372 1.32188
-0.80361 1.32151
-0.80349 1.32113
-0.80338 1.32076
-0.80326 1.32039
-0.80315 1.32002
-0.80303 1.31965
-0.80292 1.31927
-0.80280 1.31890
-0.80269 1.31853
-0.80257 1.31816
-0.80245 1.31779
-0.80234 1.31741
-0.80222 1.31704
-0.80210 1.31667
-0.80199 1.31630
-0.80187 1.31593
-0.80176 1.31555
-0.80164 1.31518
-0.80152 1.31481
-0.80141 1.31443
-0.80129 1.31406
-0.80117 1.31369
-0.80106 1.31332
-0.80094 1.31294
-0.80082 1.31257
-0.80071 1.31220
-0.80059 1.31182
-0.80047 1.31145
-0.80035 1.31108
-0.80024 1.31070
-0.80012 1.31033
-0.80000 1.30995
-0.79988 1.30958
-0.79977 1.30921
-0.79965 1.30883
-0.79953 1.30846
-0.79941 1.30808
-0.79930 1.30771
-0.79918 1.30733
-0.79906 1.30696
-0.79894 1.30658
-0.79883 1.30621
-0.79871 1.30583
-0.79859 1.30546
-0.79847 1.30508
-0.79835 1.30471
-0.79823 1.30433
-0.79812 1.30396
-0.79800 1.30358
-0.79788 1.30321
-0.79776 1.30283
-0.79764 1.30246
-0.79752 1.30208
-0.79740 1.30170
-0.79729 1.30133
-0.79717 1.30095
-0.79705 1.30058
-0.79693 1.30020
-0.79681 1.29982
-0.79669 1.29945
-0.79657 1.29907
-0.79645 1.29869
-0.79633 1.29832
-0.79621 1.29794
-0.79610 1.29756
-0.79598 1.29718
-0.79586 1.29681
-0.79574 1.29643
-0.79562 1.29605
-0.79550 1.29567
-0.79538 1.29530
-0.79526 1.29492
-0.79514 1.29454
-0.79502 1.29416
-0.79490 1.29378
-0.79478 1.29341
-0.79466 1.29303
-0.79454 1.29265
-0.79442 1.29227
-0.79430 1.29189
-0.79418 1.29151
-0.79406 1.29114
-0.79394 1.29076
-0.79382 1.29038
-0.79370 1.29000
-0.79357 1.28962
-0.79345 1.28924
-0.79333 1.28886
-0.79321 1.28848
-0.79309 1.28810
-0.79297 1.28772
-0.79285 1.28734
-0.79273 1.28696
-0.79261 1.28658
-0.79249 1.28620
-0.79236 1.28582
-0.79224 1.28544
-0.79212 1.28506
-0.79200 1.28468
-0.79188 1.28430
-0.79176 1.28392
-0.79163 1.28354
-0.79151 1.28316
-0.79139 1.28278
-0.79127 1.28240
-0.79115 1.28202
-0.79102 1.28164
-0.79090 1.28126
-0.79078 1.28087
-0.79066 1.28049
-0.79053 1.28011
-0.79041 1.27973
-0.79029 1.27935
-0.79016 1.27897
-0.79004 1.27858
-0.78992 1.27820
-0.78980 1.27782
-0.78967 1.27744
-0.78955 1.27706
-0.78943 1.27667
-0.78930 1.27629
-0.78918 1.27591
-0.78906 1.27553
-0.78893 1.27514
-0.78881 1.27476
-0.78869 1.27438
-0.78856 1.27400
-0.78844 1.27361
-0.78832 1.27323
-0.78819 1.27285
-0.78807 1.27246
-0.78794 1.27208
-0.78782 1.27170
-0.78770 1.27131
-0.78757 1.27093
-0.78745 1.27054
-0.78732 1.27016
-0.78720 1.26978
-0.78707 1.26939
-0.78695 1.26901
-0.78683 1.26862
-0.78670 1.26824
-0.78658 1.26785
-0.78645 1.26747
-0.78633 1.26708
-0.78620 1.26670
-0.78608 1.26631
-0.78595 1.26593
-0.78583 1.26554
-0.78570 1.26516
-0.78558 1.26477
-0.78545 1.26439
-0.78533 1.26400
-0.78520 1.26361
-0.78508 1.26323
-0.78495 1.26284
-0.78482 1.26246
-0.78470 1.26207
-0.78457 1.26168
-0.78445 1.26130
-0.78432 1.26091
-0.78420 1.26052
-0.78407 1.26014
-0.78394 1.25975
-0.78382 1.25936
-0.78369 1.25898
-0.78357 1.25859
-0.78344 1.25820
-0.78331 1.25781
-0.78319 1.25743
-0.78306 1.25704
-0.78293 1.25665
-0.78281 1.25626
-0.78268 1.25588
-0.78255 1.25549
-0.78243 1.25510
-0.78230 1.25471
-0.78217 1.25432
-0.78205 1.25393
-0.78192 1.25355
-0.78179 1.25316
-0.78167 1.25277
-0.78154 1.25238
-0.78141 1.25199
-0.78128 1.25160
-0.78116 1.25121
-0.78103 1.25082
-0.78090 1.25043
-0.78077 1.25004
-0.78064 1.24965
-0.78052 1.24927
-0.78039 1.24888
-0.78026 1.24849
-0.78013 1.24810
-0.78000 1.24771
-0.77988 1.24732
-0.77975 1.24692
-0.77962 1.24653
-0.77949 1.24614
-0.77936 1.24575
-0.77923 1.24536
-0.77911 1.24497
-0.77898 1.24458
-0.77885 1.24419
-0.77872 1.24380
-0.77859 1.24341
-0.77846 1.24302
-0.77833 1.24262
-0.77820 1.24223
-0.77807 1.24184
-0.77794 1.24145
-0.77782 1.24106
-0.77769 1.24066
-0.77756 1.24027
-0.77743 1.23988
-0.77730 1.23949
-0.77717 1.23910
-0.77704 1.23870
-0.77691 1.23831
-0.77678 1.23792
-0.77665 1.23752
-0.77652 1.23713
-0.77639 1.23674
-0.77626 1.23634
-0.77613 1.23595
-0.77600 1.23556
-0.77587 1.23516
-0.77574 1.23477
-0.77561 1.23438
-0.77548 1.23398
-0.77535 1.23359
-0.77522 1.23319
-0.77509 1.23280
-0.77495 1.23240
-0.77482 1.23201
-0.77469 1.23162
-0.77456 1.23122
-0.77443 1.23083
-0.77430 1.23043
-0.77417 1.23004
-0.77404 1.22964
-0.77391 1.22924
-0.77377 1.22885
-0.77364 1.22845
-0.77351 1.22806
-0.77338 1.22766
-0.77325 1.22727
-0.77312 1.22687
-0.77298 1.22647
-0.77285 1.22608
-0.77272 1.22568
-0.77259 1.22528
-0.77246 1.22489
-0.77233 1.22449
-0.77219 1.22409
-0.77206 1.22370
-0.77193 1.22330
-0.77180 1.22290
-0.77167 1.22250
-0.77153 1.22211
-0.77140 1.22171
-0.77127 1.22131
-0.77114 1.22091
-0.77100 1.22052
-0.77087 1.22012
-0.77074 1.21972
-0.77060 1.21932
-0.77047 1.21892
-0.77034 1.21852
-0.77021 1.21812
-0.77007 1.21773
-0.76994 1.21733
-0.76981 1.21693
-0.76967 1.21653
-0.76954 1.21613
-0.76941 1.21573
-0.76927 1.21533
-0.76914 1.21493
-0.76901 1.21453
-0.76887 1.21413
-0.76874 1.21373
-0.76860 1.21333
-0.76847 1.21293
-0.76834 1.21253
-0.76820 1.21213
-0.76807 1.21173
-0.76793 1.21133
-0.76780 1.21093
-0.76767 1.21052
-0.76753 1.21012
-0.76740 1.20972
-0.76726 1.20932
-0.76713 1.20892
-0.76699 1.20852
-0.76686 1.20812
-0.76672 1.20771
-0.76659 1.20731
-0.76645 1.20691
-0.76632 1.20651
-0.76618 1.20610
-0.76605 1.20570
