-0.56831 1.55451
-0.56809 1.55427
-0.56787 1.55402
-0.56764 1.55378
-0.56742 1.55354
-0.56720 1.55329
-0.56698 1.55305
-0.56675 1.55281
-0.56653 1.55256
-0.56631 1.55232
-0.56609 1.55208
-0.56587 1.55183
-0.56564 1.55159
-0.56542 1.55135
-0.56520 1.55110
-0.56498 1.55086
-0.56476 1.55061
-0.56453 1.55037
-0.56431 1.55013
-0.56409 1.54988
-0.56387 1.54964
-0.56364 1.54939
-0.56342 1.54915
-0.56320 1.54891
-0.56298 1.54866
-0.56276 1.54842
-0.56253 1.54817
-0.56231 1.54793
-0.56209 1.54768
-0.56187 1.54744
-0.56164 1.54719
-0.56142 1.54695
-0.56120 1.54670
-0.56098 1.54646
-0.56076 1.54622
-0.56053 1.54597
-0.56031 1.54572
-0.56009 1.54548
-0.55987 1.54523
-0.55965 1.54499
-0.55942 1.54474
-0.55920 1.54450
-0.55898 1.54425
-0.55876 1.54401
-0.55853 1.54376
-0.55831 1.54352
-0.55809 1.54327
-0.55787 1.54303
-0.55765 1.54278
-0.55743 1.54255
-0.55721 1.54231
-0.55699 1.54208
-0.55677 1.54184
-0.55655 1.54160
-0.55633 1.54137
-0.55612 1.54113
-0.55590 1.54089
-0.55568 1.54066
-0.55546 1.54042
-0.55524 1.54018
-0.55502 1.53995
-0.55480 1.53971
-0.55458 1.53947
-0.55436 1.53924
-0.55415 1.53900
-0.55393 1.53876
-0.55371 1.53852
-0.55349 1.53829
-0.55327 1.53805
-0.55305 1.53781
-0.55283 1.53757
-0.55261 1.53734
-0.55240 1.53710
-0.55218 1.53686
-0.55196 1.53662
-0.55174 1.53639
-0.55152 1.53615
-0.55130 1.53591
-0.55108 1.53567
-0.55086 1.53543
-0.55064 1.53520
-0.55043 1.53496
-0.55021 1.53472
-0.54999 1.53448
-0.54977 1.53424
-0.54955 1.53401
-0.54933 1.53377
-0.54911 1.53353
-0.54889 1.53329
-0.54867 1.53305
-0.54846 1.53281
-0.54824 1.53257
-0.54802 1.53234
-0.54780 1.53210
-0.54758 1.53186
-0.54736 1.53162
-0.54714 1.53138
-0.54692 1.53114
-0.54670 1.53090
-0.54649 1.53066
-0.54627 1.53042
-0.54605 1.53018
-0.54583 1.52995
-0.54561 1.52971
-0.54539 1.52947
-0.54517 1.52923
-0.54495 1.52899
-0.54473 1.52875
-0.54452 1.52851
-0.54430 1.52827
-0.54408 1.52803
-0.54386 1.52779
-0.54364 1.52755
-0.54342 1.52731
-0.54320 1.52707
-0.54298 1.52683
-0.54277 1.52659
-0.54255 1.52635
-0.54233 1.52612
-0.54211 1.52588
-0.54189 1.52564
-0.54167 1.52540
-0.54146 1.52516
-0.54124 1.52492
-0.54102 1.52469
-0.54080 1.52445
-0.54058 1.52421
-0.54036 1.52397
-0.54015 1.52373
-0.53993 1.52349
-0.53971 1.52325
-0.53949 1.52301
-0.53927 1.52278
-0.53906 1.52254
-0.53884 1.52230
-0.53862 1.52206
-0.53840 1.52182
-0.53818 1.52158
-0.53796 1.52134
-0.53775 1.52110
-0.53753 1.52086
-0.53731 1.52062
-0.53709 1.52038
-0.53687 1.52014
-0.53665 1.51990
-0.53644 1.51966
-0.53622 1.51942
-0.53600 1.51918
-0.53578 1.51894
-0.53556 1.51870
-0.53535 1.51846
-0.53513 1.51822
-0.53491 1.51798
-0.53469 1.51774
-0.53447 1.51750
-0.53425 1.51726
-0.53404 1.51702
-0.53382 1.51678
-0.53360 1.51654
-0.53338 1.51630
-0.53316 1.51606
-0.53294 1.51582
-0.53273 1.51558
-0.53251 1.51534
-0.53229 1.51510
-0.53207 1.51486
-0.53185 1.51461
-0.53163 1.51437
-0.53142 1.51413
-0.53120 1.51389
-0.53098 1.51365
-0.53076 1.51341
-0.53054 1.51317
-0.53032 1.51293
-0.53011 1.51268
-0.52989 1.51244
-0.52967 1.51220
-0.52945 1.51196
-0.52923 1.51172
-0.52901 1.51148
-0.52880 1.51123
-0.52858 1.51099
-0.52836 1.51075
-0.52814 1.51051
-0.52792 1.51027
-0.52770 1.51002
-0.52749 1.50978
-0.52727 1.50954
-0.52705 1.50930
-0.52683 1.50905
-0.52661 1.50881
-0.52639 1.50857
-0.52617 1.50832
-0.52595 1.50806
-0.52572 1.50779
-0.52550 1.50753
-0.52527 1.50727
-0.52504 1.50700
-0.52482 1.50674
-0.52459 1.50648
-0.52437 1.50621
-0.52414 1.50595
-0.52392 1.50569
-0.52369 1.50542
-0.52347 1.50516
-0.52324 1.50490
-0.52301 1.50463
-0.52279 1.50437
-0.52256 1.50410
-0.52234 1.50384
-0.52211 1.50358
-0.52189 1.50331
-0.52166 1.50305
-0.52144 1.50278
-0.52121 1.50252
-0.52098 1.50226
-0.52076 1.50199
-0.52053 1.50173
-0.52031 1.50146
-0.52008 1.50120
-0.51986 1.50093
-0.51963 1.50067
-0.51941 1.50040
-0.51918 1.50014
-0.51895 1.49987
-0.51873 1.49961
-0.51850 1.49934
-0.51828 1.49908
-0.51805 1.49881
-0.51783 1.49855
-0.51760 1.49828
-0.51737 1.49802
-0.51715 1.49775
-0.51692 1.49748
-0.51670 1.49722
-0.51647 1.49695
-0.51625 1.49669
-0.51602 1.49642
-0.51580 1.49616
-0.51557 1.49589
-0.51534 1.49562
-0.51512 1.49536
-0.51489 1.49509
-0.51467 1.49483
-0.51444 1.49456
-0.51422 1.49429
-0.51399 1.49403
-0.51376 1.49376
-0.51354 1.49349
-0.51331 1.49323
-0.51309 1.49296
-0.51286 1.49269
-0.51263 1.49243
-0.51241 1.49216
-0.51218 1.49189
-0.51196 1.49163
-0.51173 1.49136
-0.51151 1.49109
-0.51128 1.49082
-0.51105 1.49056
-0.51083 1.49029
-0.51060 1.49002
-0.51038 1.48975
-0.51015 1.48949
-0.50993 1.48922
-0.50970 1.48895
-0.50947 1.48868
-0.50925 1.48842
-0.50902 1.48815
-0.50880 1.48788
-0.50857 1.48761
-0.50834 1.48734
-0.50812 1.48708
-0.50789 1.48681
-0.50767 1.48654
-0.50744 1.48627
-0.50721 1.48600
-0.50699 1.48573
-0.50676 1.48547
-0.50654 1.48520
-0.50631 1.48493
-0.50608 1.48464
-0.50585 1.48436
-0.50562 1.48408
-0.50539 1.48379
-0.50516 1.48351
-0.50492 1.48323
-0.50469 1.48294
-0.50446 1.48266
-0.50423 1.48237
-0.50400 1.48209
-0.50377 1.48181
-0.50354 1.48152
-0.50331 1.48124
-0.50308 1.48096
-0.50285 1.48067
-0.50261 1.48039
-0.50238 1.48010
-0.50215 1.47982
-0.50192 1.47953
-0.50169 1.47925
-0.50146 1.47897
-0.50123 1.47868
-0.50100 1.47840
-0.50077 1.47811
-0.50054 1.47783
-0.50030 1.47754
-0.50007 1.47726
-0.49984 1.47697
-0.49961 1.47669
-0.49938 1.47640
-0.49915 1.47612
-0.49892 1.47583
-0.49869 1.47554
-0.49846 1.47526
-0.49822 1.47497
-0.49799 1.47469
-0.49776 1.47440
-0.49753 1.47412
-0.49730 1.47383
-0.49707 1.47354
-0.49684 1.47326
-0.49661 1.47297
-0.49637 1.47269
-0.49614 1.47240
-0.49591 1.47211
-0.49568 1.47183
-0.49545 1.47154
-0.49522 1.47125
-0.49499 1.47097
-0.49476 1.47068
-0.49452 1.47039
-0.49429 1.47011
-0.49406 1.46982
-0.49383 1.46953
-0.49360 1.46925
-0.49337 1.46896
-0.49314 1.46867
-0.49291 1.46839
-0.49267 1.46810
-0.49244 1.46781
-0.49221 1.46752
-0.49198 1.46724
-0.49175 1.46695
-0.49152 1.46666
-0.49129 1.46637
-0.49105 1.46609
-0.49082 1.46580
-0.49059 1.46551
-0.49036 1.46522
-0.49013 1.46493
-0.48990 1.46465
-0.48967 1.46436
-0.48943 1.46407
-0.48920 1.46378
-0.48897 1.46349
-0.48874 1.46320
-0.48851 1.46291
-0.48828 1.46263
-0.48805 1.46234
-0.48781 1.46205
-0.48758 1.46176
-0.48735 1.46147
-0.48712 1.46118
-0.48689 1.46089
-0.48666 1.46060
-0.48642 1.46031
-0.48619 1.46002
-0.48596 1.45973
-0.48573 1.45945
-0.48550 1.45916
-0.48527 1.45887
-0.48504 1.45858
-0.48480 1.45829
-0.48457 1.45800
-0.48434 1.45769
-0.48410 1.45739
-0.48386 1.45709
-0.48363 1.45679
-0.48339 1.45649
-0.48316 1.45618
-0.48292 1.45588
-0.48269 1.45558
-0.48245 1.45528
-0.48221 1.45497
-0.48198 1.45467
-0.48174 1.45437
-0.48151 1.45407
-0.48127 1.45376
-0.48103 1.45346
-0.48080 1.45316
-0.48056 1.45285
-0.48033 1.45255
-0.48009 1.45225
-0.47985 1.45194
-0.47962 1.45164
-0.47938 1.45134
-0.47915 1.45103
-0.47891 1.45073
-0.47867 1.45043
-0.47844 1.45012
-0.47820 1.44982
-0.47797 1.44952
-0.47773 1.44921
-0.47749 1.44891
-0.47726 1.44860
-0.47702 1.44830
-0.47679 1.44800
-0.47655 1.44769
-0.47631 1.44739
-0.47608 1.44708
-0.47584 1.44678
-0.47561 1.44647
-0.47537 1.44617
-0.47513 1.44586
-0.47490 1.44556
-0.47466 1.44525
-0.47442 1.44495
-0.47419 1.44464
-0.47395 1.44434
-0.47372 1.44403
-0.47348 1.44373
-0.47324 1.44342
-0.47301 1.44312
-0.47277 1.44281
-0.47253 1.44250
-0.47230 1.44220
-0.47206 1.44189
-0.47183 1.44159
-0.47159 1.44128
-0.47135 1.44097
-0.47112 1.44067
-0.47088 1.44036
-0.47064 1.44006
-0.47041 1.43975
-0.47017 1.43944
-0.46993 1.43914
-0.46970 1.43883
-0.46946 1.43852
-0.46923 1.43822
-0.46899 1.43791
-0.46875 1.43760
-0.46852 1.43729
-0.46828 1.43699
-0.46804 1.43668
-0.46781 1.43637
-0.46757 1.43607
-0.46733 1.43576
-0.46710 1.43545
-0.46686 1.43514
-0.46662 1.43483
-0.46639 1.43453
-0.46615 1.43422
-0.46591 1.43391
-0.46568 1.43360
-0.46544 1.43330
-0.46520 1.43299
-0.46497 1.43268
-0.46473 1.43237
-0.46449 1.43206
-0.46426 1.43175
-0.46402 1.43144
-0.46378 1.43114
-0.46355 1.43083
-0.46331 1.43052
-0.46307 1.43021
-0.46284 1.42990
-0.46260 1.42959
-0.46236 1.42928
-0.46213 1.42897
-0.46188 1.42865
-0.46164 1.42833
-0.46140 1.42801
-0.46116 1.42769
-0.46092 1.42736
-0.46068 1.42704
-0.46044 1.42672
-0.46020 1.42640
-0.45996 1.42608
-0.45972 1.42576
-0.45948 1.42544
-0.45924 1.42511
-0.45899 1.42479
-0.45875 1.42447
-0.45851 1.42415
-0.45827 1.42383
-0.45803 1.42350
-0.45779 1.42318
-0.45755 1.42286
-0.45731 1.42254
-0.45707 1.42221
-0.45682 1.42189
-0.45658 1.42157
-0.45634 1.42125
-0.45610 1.42092
-0.45586 1.42060
-0.45562 1.42028
-0.45538 1.41995
-0.45514 1.41963
-0.45490 1.41931
-0.45465 1.41898
-0.45441 1.41866
-0.45417 1.41834
-0.45393 1.41801
-0.45369 1.41769
-0.45345 1.41737
-0.45321 1.41704
-0.45297 1.41672
-0.45272 1.41639
-0.45248 1.41607
-0.45224 1.41575
-0.45200 1.41542
-0.45176 1.41510
-0.45152 1.41477
-0.45128 1.41445
-0.45103 1.41412
-0.45079 1.41380
-0.45055 1.41347
-0.45031 1.41315
-0.45007 1.41282
-0.44983 1.41250
-0.44959 1.41217
-0.44934 1.41185
-0.44910 1.41152
-0.44886 1.41120
-0.44862 1.41087
-0.44838 1.41055
-0.44814 1.41022
-0.44789 1.40989
-0.44765 1.40957
-0.44741 1.40924
-0.44717 1.40892
-0.44693 1.40859
-0.44669 1.40826
-0.44644 1.40794
-0.44620 1.40761
-0.44596 1.40728
-0.44572 1.40696
-0.44548 1.40663
-0.44524 1.40630
-0.44499 1.40598
-0.44475 1.40565
-0.44451 1.40532
-0.44427 1.40500
-0.44403 1.40467
-0.44378 1.40434
-0.44354 1.40401
-0.44330 1.40369
-0.44306 1.40336
-0.44282 1.40303
-0.44257 1.40270
-0.44233 1.40238
-0.44209 1.40205
-0.44185 1.40172
-0.44161 1.40139
-0.44136 1.40106
-0.44112 1.40074
-0.44088 1.40041
-0.44064 1.40008
-0.44040 1.39975
-0.44015 1.39941
-0.43990 1.39906
-0.43966 1.39872
-0.43941 1.39838
-0.43916 1.39804
-0.43892 1.39770
-0.43867 1.39735
-0.43842 1.39701
-0.43817 1.39667
-0.43793 1.39633
-0.43768 1.39598
-0.43743 1.39564
-0.43719 1.39530
-0.43694 1.39495
-0.43669 1.39461
-0.43645 1.39427
-0.43620 1.39392
-0.43595 1.39358
-0.43570 1.39324
-0.43546 1.39289
-0.43521 1.39255
-0.43496 1.39221
-0.43472 1.39186
-0.43447 1.39152
-0.43422 1.39117
-0.43397 1.39083
-0.43373 1.39048
-0.43348 1.39014
-0.43323 1.38980
-0.43299 1.38945
-0.43274 1.38911
-0.43249 1.38876
-0.43224 1.38842
-0.43200 1.38807
-0.43175 1.38773
-0.43150 1.38738
-0.43125 1.38704
-0.43101 1.38669
-0.43076 1.38635
-0.43051 1.38600
-0.43026 1.38565
-0.43002 1.38531
-0.42977 1.38496
-0.42952 1.38462
-0.42927 1.38427
-0.42903 1.38392
-0.42878 1.38358
-0.42853 1.38323
-0.42828 1.38288
-0.42804 1.38254
-0.42779 1.38219
-0.42754 1.38184
-0.42729 1.38150
-0.42705 1.38115
-0.42680 1.38080
-0.42655 1.38046
-0.42630 1.38011
-0.42605 1.37976
-0.42581 1.37941
-0.42556 1.37907
-0.42531 1.37872
-0.42506 1.37837
-0.42482 1.37802
-0.42457 1.37768
-0.42432 1.37733
-0.42407 1.37698
-0.42382 1.37663
-0.42358 1.37628
-0.42333 1.37594
-0.42308 1.37559
-0.42283 1.37524
-0.42258 1.37489
-0.42233 1.37454
-0.42209 1.37419
-0.42184 1.37384
-0.42159 1.37349
-0.42134 1.37314
-0.42109 1.37280
-0.42085 1.37245
-0.42060 1.37210
-0.42034 1.37173
-0.42009 1.37136
-0.41983 1.37099
-0.41958 1.37063
-0.41932 1.37026
-0.41907 1.36989
-0.41881 1.36952
-0.41856 1.36915
-0.41830 1.36878
-0.41805 1.36841
-0.41779 1.36804
-0.41754 1.36767
-0.41728 1.36730
-0.41703 1.36693
-0.41677 1.36656
-0.41652 1.36619
-0.41626 1.36582
-0.41601 1.36545
-0.41575 1.36508
-0.41550 1.36471
-0.41524 1.36434
-0.41499 1.36397
-0.41473 1.36360
-0.41447 1.36322
-0.41422 1.36285
-0.41396 1.36248
-0.41371 1.36211
-0.41345 1.36174
-0.41320 1.36137
-0.41294 1.36100
-0.41269 1.36062
-0.41243 1.36025
-0.41217 1.35988
-0.41192 1.35951
-0.41166 1.35913
-0.41141 1.35876
-0.41115 1.35839
-0.41090 1.35802
-0.41064 1.35764
-0.41038 1.35727
-0.41013 1.35690
-0.40987 1.35653
-0.40962 1.35615
-0.40936 1.35578
-0.40910 1.35541
-0.40885 1.35503
-0.40859 1.35466
-0.40834 1.35429
-0.40808 1.35391
-0.40782 1.35354
-0.40757 1.35316
-0.40731 1.35279
-0.40706 1.35242
-0.40680 1.35204
-0.40654 1.35167
-0.40629 1.35129
-0.40603 1.35092
-0.40577 1.35054
-0.40552 1.35017
-0.40526 1.34979
-0.40500 1.34942
-0.40475 1.34904
-0.40449 1.34867
-0.40424 1.34829
-0.40398 1.34792
-0.40372 1.34753
-0.40345 1.34712
-0.40318 1.34671
-0.40291 1.34630
-0.40265 1.34589
-0.40238 1.34549
-0.40211 1.34508
-0.40184 1.34467
-0.40157 1.34426
-0.40131 1.34385
-0.40104 1.34344
-0.40077 1.34303
-0.40050 1.34262
-0.40023 1.34221
-0.39997 1.34180
-0.39970 1.34139
-0.39943 1.34098
-0.39916 1.34057
-0.39889 1.34016
-0.39863 1.33975
-0.39836 1.33934
-0.39809 1.33893
-0.39782 1.33852
-0.39755 1.33811
-0.39728 1.33770
-0.39701 1.33729
-0.39675 1.33688
-0.39648 1.33647
-0.39621 1.33606
-0.39594 1.33565
-0.39567 1.33523
-0.39540 1.33482
-0.39513 1.33441
-0.39487 1.33400
-0.39460 1.33359
-0.39433 1.33317
-0.39406 1.33276
-0.39379 1.33235
-0.39352 1.33194
-0.39325 1.33152
-0.39298 1.33111
-0.39271 1.33070
-0.39244 1.33028
-0.39217 1.32987
-0.39191 1.32946
-0.39164 1.32904
-0.39137 1.32863
-0.39110 1.32822
-0.39083 1.32780
-0.39056 1.32739
-0.39029 1.32697
-0.39002 1.32655
-0.38973 1.32607
-0.38943 1.32559
-0.38914 1.32511
-0.38885 1.32463
-0.38856 1.32415
-0.38826 1.32367
-0.38797 1.32319
-0.38768 1.32271
-0.38738 1.32223
-0.38709 1.32174
-0.38680 1.32126
-0.38651 1.32078
-0.38621 1.32030
-0.38592 1.31982
-0.38563 1.31933
-0.38533 1.31885
-0.38504 1.31837
-0.38475 1.31788
-0.38445 1.31740
-0.38416 1.31692
-0.38387 1.31643
-0.38357 1.31595
-0.38328 1.31547
-0.38299 1.31498
-0.38269 1.31450
-0.38240 1.31401
-0.38211 1.31353
-0.38181 1.31304
-0.38152 1.31256
-0.38122 1.31208
-0.38093 1.31159
-0.38064 1.31110
-0.38034 1.31062
-0.38005 1.31013
-0.37975 1.30965
