1.130000000000000000e+02 1.010000000000000000e+02
1.110000000000000000e+02 9.900000000000000000e+01
1.100000000000000000e+02 9.800000000000000000e+01
1.080000000000000000e+02 9.800000000000000000e+01
1.070000000000000000e+02 9.700000000000000000e+01
1.020000000000000000e+02 9.600000000000000000e+01
1.010000000000000000e+02 9.600000000000000000e+01
9.600000000000000000e+01 9.700000000000000000e+01
9.500000000000000000e+01 9.700000000000000000e+01
9.000000000000000000e+01 9.700000000000000000e+01
8.900000000000000000e+01 9.700000000000000000e+01
8.600000000000000000e+01 9.700000000000000000e+01
8.500000000000000000e+01 9.700000000000000000e+01
8.300000000000000000e+01 9.700000000000000000e+01
8.200000000000000000e+01 9.700000000000000000e+01
7.700000000000000000e+01 9.800000000000000000e+01
7.600000000000000000e+01 9.800000000000000000e+01
7.100000000000000000e+01 9.800000000000000000e+01
7.000000000000000000e+01 9.800000000000000000e+01
6.500000000000000000e+01 9.800000000000000000e+01
6.400000000000000000e+01 9.800000000000000000e+01
6.100000000000000000e+01 9.900000000000000000e+01
6.000000000000000000e+01 9.900000000000000000e+01
5.800000000000000000e+01 9.900000000000000000e+01
5.700000000000000000e+01 9.900000000000000000e+01
5.200000000000000000e+01 9.900000000000000000e+01
5.100000000000000000e+01 9.900000000000000000e+01
4.600000000000000000e+01 1.000000000000000000e+02
4.500000000000000000e+01 1.000000000000000000e+02
4.000000000000000000e+01 1.000000000000000000e+02
3.900000000000000000e+01 1.000000000000000000e+02
3.400000000000000000e+01 1.010000000000000000e+02
3.300000000000000000e+01 1.010000000000000000e+02
2.800000000000000000e+01 1.020000000000000000e+02
2.700000000000000000e+01 1.020000000000000000e+02
2.200000000000000000e+01 1.020000000000000000e+02
2.100000000000000000e+01 1.010000000000000000e+02
1.900000000000000000e+01 1.010000000000000000e+02
