9.900000000000000000e+01 1.020000000000000000e+02
9.700000000000000000e+01 1.000000000000000000e+02
9.600000000000000000e+01 1.000000000000000000e+02
9.300000000000000000e+01 1.000000000000000000e+02
9.200000000000000000e+01 1.000000000000000000e+02
8.900000000000000000e+01 1.010000000000000000e+02
8.800000000000000000e+01 1.010000000000000000e+02
8.500000000000000000e+01 1.010000000000000000e+02
8.400000000000000000e+01 1.010000000000000000e+02
8.000000000000000000e+01 1.020000000000000000e+02
7.900000000000000000e+01 1.020000000000000000e+02
7.600000000000000000e+01 1.020000000000000000e+02
7.500000000000000000e+01 1.020000000000000000e+02
7.200000000000000000e+01 1.020000000000000000e+02
7.100000000000000000e+01 1.030000000000000000e+02
7.000000000000000000e+01 1.020000000000000000e+02
