-0.63824 1.96204
-0.63812 1.96170
-0.63799 1.96136
-0.63787 1.96102
-0.63774 1.96068
-0.63762 1.96034
-0.63749 1.96001
-0.63737 1.95967
-0.63724 1.95933
-0.63712 1.95899
-0.63700 1.95865
-0.63687 1.95831
-0.63675 1.95797
-0.63662 1.95763
-0.63650 1.95729
-0.63637 1.95695
-0.63625 1.95662
-0.63612 1.95628
-0.63600 1.95594
-0.63587 1.95560
-0.63575 1.95526
-0.63562 1.95492
-0.63549 1.95458
-0.63537 1.95424
-0.63524 1.95390
-0.63512 1.95356
-0.63499 1.95322
-0.63487 1.95288
-0.63474 1.95254
-0.63462 1.95220
-0.63449 1.95186
-0.63437 1.95152
-0.63424 1.95118
-0.63411 1.95084
-0.63399 1.95050
-0.63386 1.95016
-0.63374 1.94982
-0.63361 1.94948
-0.63349 1.94914
-0.63336 1.94880
-0.63323 1.94846
-0.63311 1.94812
-0.63302 1.94779
-0.63292 1.94746
-0.63282 1.94713
-0.63273 1.94679
-0.63263 1.94646
-0.63253 1.94613
-0.63244 1.94579
-0.63234 1.94546
-0.63224 1.94513
-0.63215 1.94480
-0.63205 1.94446
-0.63195 1.94413
-0.63185 1.94380
-0.63176 1.94347
-0.63166 1.94313
-0.63156 1.94280
-0.63147 1.94247
-0.63137 1.94213
-0.63127 1.94180
-0.63117 1.94147
-0.63108 1.94113
-0.63098 1.94080
-0.63088 1.94047
-0.63078 1.94014
-0.63069 1.93980
-0.63059 1.93947
-0.63049 1.93914
-0.63039 1.93880
-0.63030 1.93847
-0.63020 1.93814
-0.63010 1.93780
-0.63000 1.93747
-0.62990 1.93713
-0.62981 1.93680
-0.62971 1.93647
-0.62961 1.93613
-0.62951 1.93580
-0.62941 1.93547
-0.62932 1.93513
-0.62922 1.93480
-0.62912 1.93447
-0.62902 1.93413
-0.62892 1.93380
-0.62882 1.93346
-0.62873 1.93313
-0.62863 1.93280
-0.62853 1.93246
-0.62843 1.93213
-0.62833 1.93179
-0.62823 1.93146
-0.62813 1.93112
-0.62804 1.93079
-0.62794 1.93046
-0.62784 1.93012
-0.62774 1.92979
-0.62764 1.92945
-0.62755 1.92912
-0.62747 1.92879
-0.62739 1.92846
-0.62730 1.92813
-0.62722 1.92780
-0.62714 1.92747
-0.62705 1.92714
-0.62697 1.92681
-0.62688 1.92648
-0.62680 1.92615
-0.62672 1.92582
-0.62663 1.92549
-0.62655 1.92516
-0.62646 1.92483
-0.62638 1.92449
-0.62630 1.92416
-0.62621 1.92383
-0.62613 1.92350
-0.62604 1.92317
-0.62596 1.92284
-0.62587 1.92251
-0.62579 1.92218
-0.62570 1.92185
-0.62562 1.92152
-0.62553 1.92118
-0.62545 1.92085
-0.62536 1.92052
-0.62528 1.92019
-0.62519 1.91986
-0.62511 1.91953
-0.62502 1.91920
-0.62494 1.91887
-0.62485 1.91853
-0.62477 1.91820
-0.62468 1.91787
-0.62460 1.91754
-0.62451 1.91721
-0.62443 1.91688
-0.62434 1.91654
-0.62426 1.91621
-0.62417 1.91588
-0.62409 1.91555
-0.62400 1.91522
-0.62391 1.91488
-0.62383 1.91455
-0.62374 1.91422
-0.62366 1.91389
-0.62357 1.91356
-0.62348 1.91322
-0.62340 1.91289
-0.62331 1.91256
-0.62323 1.91223
-0.62314 1.91190
-0.62305 1.91156
-0.62297 1.91123
-0.62288 1.91090
-0.62279 1.91057
-0.62271 1.91023
-0.62262 1.90990
-0.62253 1.90957
-0.62245 1.90924
-0.62238 1.90891
-0.62230 1.90858
-0.62223 1.90825
-0.62216 1.90792
-0.62208 1.90759
-0.62201 1.90726
-0.62194 1.90693
-0.62186 1.90660
-0.62179 1.90627
-0.62171 1.90594
-0.62164 1.90562
-0.62157 1.90529
-0.62149 1.90496
-0.62142 1.90463
-0.62134 1.90430
-0.62127 1.90397
-0.62119 1.90364
-0.62112 1.90331
-0.62105 1.90298
-0.62097 1.90265
-0.62090 1.90232
-0.62082 1.90199
-0.62075 1.90166
-0.62067 1.90133
-0.62060 1.90100
-0.62052 1.90067
-0.62045 1.90034
-0.62037 1.90001
-0.62030 1.89968
-0.62022 1.89935
-0.62015 1.89902
-0.62007 1.89869
-0.62000 1.89836
-0.61992 1.89803
-0.61985 1.89770
-0.61977 1.89737
-0.61969 1.89704
-0.61962 1.89671
-0.61954 1.89637
-0.61947 1.89604
-0.61939 1.89571
-0.61932 1.89538
-0.61924 1.89505
-0.61917 1.89472
-0.61909 1.89439
-0.61901 1.89406
-0.61894 1.89373
-0.61886 1.89340
-0.61878 1.89307
-0.61871 1.89274
-0.61863 1.89241
-0.61856 1.89207
-0.61848 1.89174
-0.61840 1.89141
-0.61833 1.89108
-0.61825 1.89075
-0.61817 1.89042
-0.61810 1.89009
-0.61802 1.88976
-0.61794 1.88942
-0.61787 1.88909
-0.61779 1.88876
-0.61771 1.88843
-0.61764 1.88810
-0.61756 1.88777
-0.61748 1.88743
-0.61740 1.88710
-0.61733 1.88677
-0.61725 1.88644
-0.61717 1.88611
-0.61710 1.88578
-0.61702 1.88544
-0.61695 1.88511
-0.61688 1.88479
-0.61682 1.88446
-0.61675 1.88413
-0.61668 1.88380
-0.61662 1.88347
-0.61655 1.88314
-0.61648 1.88281
-0.61642 1.88248
-0.61635 1.88215
-0.61628 1.88182
-0.61621 1.88149
-0.61615 1.88116
-0.61608 1.88083
-0.61601 1.88050
-0.61594 1.88017
-0.61588 1.87984
-0.61581 1.87952
-0.61574 1.87919
-0.61567 1.87886
-0.61561 1.87853
-0.61554 1.87820
-0.61547 1.87787
-0.61540 1.87754
-0.61534 1.87721
-0.61527 1.87688
-0.61520 1.87655
-0.61513 1.87622
-0.61506 1.87589
-0.61500 1.87556
-0.61493 1.87523
-0.61486 1.87490
-0.61479 1.87456
-0.61472 1.87423
-0.61465 1.87390
-0.61458 1.87357
-0.61452 1.87324
-0.61445 1.87291
-0.61438 1.87258
-0.61431 1.87225
-0.61424 1.87192
-0.61417 1.87159
-0.61410 1.87126
-0.61403 1.87093
-0.61397 1.87060
-0.61390 1.87027
-0.61383 1.86994
-0.61376 1.86960
-0.61369 1.86927
-0.61362 1.86894
-0.61355 1.86861
-0.61348 1.86828
-0.61341 1.86795
-0.61334 1.86762
-0.61327 1.86729
-0.61320 1.86696
-0.61313 1.86662
-0.61306 1.86629
-0.61299 1.86596
-0.61292 1.86563
-0.61285 1.86530
-0.61278 1.86497
-0.61271 1.86464
-0.61264 1.86430
-0.61257 1.86397
-0.61250 1.86364
-0.61243 1.86331
-0.61236 1.86298
-0.61229 1.86264
-0.61222 1.86231
-0.61215 1.86198
-0.61208 1.86165
-0.61201 1.86132
-0.61195 1.86099
-0.61189 1.86066
-0.61183 1.86033
-0.61177 1.86000
-0.61171 1.85967
-0.61164 1.85934
-0.61158 1.85901
-0.61152 1.85868
-0.61146 1.85835
-0.61140 1.85802
-0.61134 1.85769
-0.61127 1.85736
-0.61121 1.85703
-0.61115 1.85670
-0.61109 1.85637
-0.61103 1.85604
-0.61096 1.85571
-0.61090 1.85538
-0.61084 1.85505
-0.61078 1.85472
-0.61071 1.85439
-0.61065 1.85406
-0.61059 1.85373
-0.61052 1.85340
-0.61046 1.85307
-0.61040 1.85274
-0.61034 1.85241
-0.61027 1.85207
-0.61021 1.85174
-0.61015 1.85141
-0.61008 1.85108
-0.61002 1.85075
-0.60996 1.85042
-0.60989 1.85009
-0.60983 1.84976
-0.60977 1.84943
-0.60970 1.84910
-0.60964 1.84877
-0.60958 1.84843
-0.60951 1.84810
-0.60945 1.84777
-0.60939 1.84744
-0.60932 1.84711
-0.60926 1.84678
-0.60919 1.84645
-0.60913 1.84611
-0.60907 1.84578
-0.60900 1.84545
-0.60894 1.84512
-0.60887 1.84479
-0.60881 1.84446
-0.60874 1.84412
-0.60868 1.84379
-0.60861 1.84346
-0.60855 1.84313
-0.60849 1.84280
-0.60842 1.84246
-0.60836 1.84213
-0.60829 1.84180
-0.60823 1.84147
-0.60816 1.84114
-0.60810 1.84080
-0.60803 1.84047
-0.60797 1.84014
-0.60790 1.83981
-0.60784 1.83947
-0.60777 1.83914
-0.60770 1.83881
-0.60764 1.83848
-0.60757 1.83814
-0.60751 1.83781
-0.60744 1.83748
-0.60738 1.83714
-0.60731 1.83681
-0.60725 1.83648
-0.60718 1.83615
-0.60712 1.83581
-0.60705 1.83548
-0.60699 1.83515
-0.60693 1.83482
-0.60687 1.83449
-0.60680 1.83415
-0.60674 1.83382
-0.60668 1.83349
-0.60662 1.83316
-0.60655 1.83282
-0.60649 1.83249
-0.60643 1.83216
-0.60636 1.83183
-0.60630 1.83149
-0.60624 1.83116
-0.60618 1.83083
-0.60611 1.83050
-0.60605 1.83016
-0.60599 1.82983
-0.60592 1.82950
-0.60586 1.82916
-0.60579 1.82883
-0.60573 1.82850
-0.60567 1.82817
-0.60560 1.82783
-0.60554 1.82750
-0.60548 1.82717
-0.60541 1.82683
-0.60535 1.82650
-0.60528 1.82617
-0.60522 1.82583
-0.60516 1.82550
-0.60509 1.82517
-0.60503 1.82483
-0.60496 1.82450
-0.60490 1.82417
-0.60483 1.82383
-0.60477 1.82350
-0.60471 1.82316
-0.60464 1.82283
-0.60458 1.82250
-0.60451 1.82216
-0.60445 1.82183
-0.60438 1.82150
-0.60432 1.82116
-0.60425 1.82083
-0.60419 1.82049
-0.60412 1.82016
-0.60406 1.81982
-0.60399 1.81949
-0.60393 1.81916
-0.60386 1.81882
-0.60379 1.81849
-0.60373 1.81815
-0.60366 1.81782
-0.60360 1.81748
-0.60353 1.81715
-0.60347 1.81681
-0.60340 1.81648
-0.60333 1.81614
-0.60327 1.81581
-0.60320 1.81547
-0.60314 1.81514
-0.60307 1.81480
-0.60300 1.81447
-0.60294 1.81413
-0.60287 1.81380
-0.60280 1.81346
-0.60274 1.81313
-0.60267 1.81279
-0.60260 1.81246
-0.60253 1.81212
-0.60246 1.81178
-0.60239 1.81145
-0.60232 1.81111
-0.60225 1.81078
-0.60218 1.81044
-0.60211 1.81010
-0.60204 1.80977
-0.60197 1.80943
-0.60190 1.80909
-0.60183 1.80876
-0.60176 1.80842
-0.60169 1.80808
-0.60162 1.80775
-0.60155 1.80741
-0.60148 1.80707
-0.60141 1.80674
-0.60134 1.80640
-0.60127 1.80606
-0.60120 1.80572
-0.60113 1.80539
-0.60105 1.80505
-0.60098 1.80471
-0.60091 1.80438
-0.60084 1.80404
-0.60077 1.80370
-0.60070 1.80336
-0.60063 1.80303
-0.60056 1.80269
-0.60049 1.80235
-0.60042 1.80201
-0.60034 1.80168
-0.60027 1.80134
-0.60020 1.80100
-0.60013 1.80066
-0.60006 1.80032
-0.59999 1.79999
-0.59991 1.79965
-0.59984 1.79931
-0.59977 1.79897
-0.59970 1.79863
-0.59963 1.79830
-0.59956 1.79796
-0.59948 1.79762
-0.59941 1.79728
-0.59934 1.79694
-0.59927 1.79661
-0.59919 1.79627
-0.59912 1.79593
-0.59905 1.79559
-0.59898 1.79525
-0.59891 1.79491
-0.59883 1.79457
-0.59876 1.79424
-0.59869 1.79390
-0.59861 1.79356
-0.59854 1.79322
-0.59847 1.79288
-0.59840 1.79254
-0.59832 1.79220
-0.59825 1.79186
-0.59818 1.79152
-0.59810 1.79118
-0.59803 1.79085
-0.59796 1.79051
-0.59788 1.79017
-0.59781 1.78983
-0.59774 1.78949
-0.59766 1.78915
-0.59759 1.78881
-0.59752 1.78847
-0.59746 1.78814
-0.59741 1.78780
-0.59735 1.78747
-0.59729 1.78713
-0.59724 1.78679
-0.59718 1.78646
-0.59712 1.78612
-0.59706 1.78579
-0.59701 1.78545
-0.59695 1.78512
-0.59689 1.78478
-0.59684 1.78445
-0.59678 1.78411
-0.59672 1.78378
-0.59666 1.78344
-0.59660 1.78310
-0.59655 1.78277
-0.59649 1.78243
-0.59643 1.78210
-0.59637 1.78176
-0.59632 1.78142
-0.59626 1.78109
-0.59620 1.78075
-0.59614 1.78042
-0.59608 1.78008
-0.59602 1.77974
-0.59597 1.77941
-0.59591 1.77907
-0.59585 1.77873
-0.59579 1.77840
-0.59573 1.77806
-0.59567 1.77772
-0.59561 1.77739
-0.59556 1.77705
-0.59550 1.77671
-0.59544 1.77638
-0.59538 1.77604
-0.59532 1.77570
-0.59526 1.77537
-0.59520 1.77503
-0.59514 1.77469
-0.59508 1.77436
-0.59502 1.77402
-0.59496 1.77368
-0.59490 1.77334
-0.59484 1.77301
-0.59478 1.77267
-0.59472 1.77233
-0.59466 1.77199
-0.59461 1.77166
-0.59455 1.77132
-0.59449 1.77098
-0.59442 1.77064
-0.59436 1.77031
-0.59430 1.76997
-0.59424 1.76963
-0.59418 1.76929
-0.59412 1.76895
-0.59406 1.76862
-0.59400 1.76828
-0.59394 1.76794
-0.59388 1.76760
-0.59382 1.76726
-0.59376 1.76692
-0.59370 1.76659
-0.59364 1.76625
-0.59358 1.76591
-0.59352 1.76557
-0.59345 1.76523
-0.59338 1.76489
-0.59330 1.76455
-0.59323 1.76421
-0.59316 1.76386
-0.59309 1.76352
-0.59302 1.76318
-0.59294 1.76284
-0.59287 1.76250
-0.59280 1.76215
-0.59273 1.76181
-0.59265 1.76147
-0.59258 1.76113
-0.59251 1.76079
-0.59243 1.76044
-0.59236 1.76010
-0.59229 1.75976
-0.59222 1.75942
-0.59214 1.75907
-0.59207 1.75873
-0.59200 1.75839
-0.59192 1.75805
-0.59185 1.75770
-0.59178 1.75736
-0.59170 1.75702
-0.59163 1.75667
-0.59156 1.75633
-0.59148 1.75599
-0.59141 1.75565
-0.59134 1.75530
-0.59126 1.75496
-0.59119 1.75462
-0.59111 1.75427
-0.59104 1.75393
-0.59097 1.75359
-0.59089 1.75324
-0.59082 1.75290
-0.59074 1.75256
-0.59067 1.75221
-0.59059 1.75187
-0.59052 1.75152
-0.59045 1.75118
-0.59037 1.75084
-0.59030 1.75049
-0.59022 1.75015
-0.59015 1.74981
-0.59007 1.74946
-0.59000 1.74912
-0.58992 1.74877
-0.58985 1.74843
-0.58977 1.74809
-0.58970 1.74774
-0.58962 1.74740
-0.58955 1.74705
-0.58947 1.74671
-0.58940 1.74636
-0.58932 1.74602
-0.58925 1.74567
-0.58917 1.74533
-0.58909 1.74498
-0.58902 1.74464
-0.58894 1.74430
-0.58887 1.74395
-0.58879 1.74361
-0.58872 1.74326
-0.58864 1.74292
-0.58856 1.74257
-0.58849 1.74222
-0.58841 1.74188
-0.58834 1.74153
-0.58826 1.74119
-0.58818 1.74084
-0.58811 1.74050
-0.58803 1.74015
-0.58795 1.73981
-0.58788 1.73946
-0.58780 1.73912
-0.58772 1.73877
-0.58763 1.73842
-0.58755 1.73807
-0.58747 1.73773
-0.58738 1.73738
-0.58730 1.73703
-0.58722 1.73668
-0.58713 1.73633
-0.58705 1.73599
-0.58697 1.73564
-0.58688 1.73529
-0.58680 1.73494
-0.58671 1.73459
-0.58663 1.73425
-0.58655 1.73390
-0.58646 1.73355
-0.58638 1.73320
-0.58630 1.73285
-0.58621 1.73250
-0.58613 1.73216
-0.58604 1.73181
-0.58596 1.73146
-0.58587 1.73111
-0.58579 1.73076
-0.58571 1.73041
-0.58562 1.73006
-0.58554 1.72972
-0.58545 1.72937
-0.58537 1.72902
-0.58528 1.72867
-0.58520 1.72832
-0.58511 1.72797
-0.58503 1.72762
-0.58494 1.72727
-0.58486 1.72692
-0.58477 1.72657
-0.58469 1.72622
-0.58460 1.72587
-0.58452 1.72552
-0.58443 1.72518
-0.58435 1.72483
-0.58426 1.72448
-0.58418 1.72413
-0.58409 1.72378
-0.58401 1.72343
-0.58392 1.72308
-0.58383 1.72273
-0.58375 1.72238
-0.58366 1.72203
-0.58358 1.72168
-0.58349 1.72133
-0.58340 1.72098
-0.58332 1.72063
-0.58323 1.72028
-0.58315 1.71992
-0.58306 1.71957
-0.58297 1.71922
-0.58289 1.71887
-0.58280 1.71852
-0.58271 1.71817
-0.58263 1.71782
-0.58254 1.71747
-0.58246 1.71712
-0.58237 1.71677
-0.58228 1.71642
-0.58220 1.71607
-0.58210 1.71571
-0.58200 1.71536
-0.58190 1.71500
-0.58180 1.71465
-0.58170 1.71429
-0.58160 1.71394
-0.58150 1.71358
-0.58140 1.71323
-0.58130 1.71287
-0.58120 1.71252
-0.58110 1.71216
-0.58100 1.71181
-0.58090 1.71145
-0.58080 1.71110
-0.58070 1.71074
-0.58060 1.71039
-0.58050 1.71003
-0.58040 1.70968
-0.58030 1.70932
-0.58020 1.70897
-0.58010 1.70861
-0.58000 1.70825
-0.57990 1.70790
-0.57979 1.70754
-0.57969 1.70719
-0.57959 1.70683
-0.57949 1.70647
-0.57939 1.70612
-0.57929 1.70576
-0.57919 1.70541
-0.57909 1.70505
-0.57899 1.70469
-0.57889 1.70434
-0.57879 1.70398
-0.57868 1.70362
-0.57858 1.70327
-0.57848 1.70291
-0.57838 1.70256
-0.57828 1.70220
-0.57818 1.70184
-0.57807 1.70149
-0.57797 1.70113
-0.57787 1.70077
-0.57777 1.70041
-0.57767 1.70006
-0.57757 1.69970
-0.57746 1.69934
-0.57736 1.69899
-0.57726 1.69863
-0.57716 1.69827
-0.57706 1.69791
-0.57695 1.69756
-0.57685 1.69720
-0.57675 1.69684
-0.57665 1.69648
-0.57654 1.69613
-0.57644 1.69577
-0.57634 1.69541
-0.57624 1.69505
-0.57613 1.69470
-0.57603 1.69434
-0.57593 1.69398
-0.57583 1.69362
-0.57572 1.69326
-0.57562 1.69290
-0.57552 1.69255
-0.57541 1.69219
-0.57531 1.69183
-0.57521 1.69147
-0.57511 1.69111
-0.57500 1.69075
-0.57490 1.69040
-0.57480 1.69004
-0.57469 1.68968
-0.57459 1.68932
-0.57449 1.68896
-0.57437 1.68860
-0.57426 1.68824
-0.57414 1.68787
-0.57402 1.68751
-0.57391 1.68715
-0.57379 1.68679
-0.57368 1.68642
-0.57356 1.68606
-0.57344 1.68570
-0.57333 1.68534
-0.57321 1.68497
-0.57310 1.68461
-0.57298 1.68425
-0.57286 1.68388
-0.57275 1.68352
-0.57263 1.68316
-0.57251 1.68280
-0.57240 1.68243
-0.57228 1.68207
-0.57216 1.68171
-0.57205 1.68134
-0.57193 1.68098
-0.57181 1.68062
-0.57170 1.68025
-0.57158 1.67989
-0.57146 1.67952
-0.57134 1.67916
-0.57123 1.67880
-0.57111 1.67843
-0.57099 1.67807
-0.57088 1.67770
-0.57076 1.67734
-0.57064 1.67698
-0.57052 1.67661
-0.57041 1.67625
-0.57029 1.67588
-0.57017 1.67552
-0.57005 1.67516
-0.56994 1.67479
-0.56982 1.67443
-0.56970 1.67406
-0.56958 1.67370
-0.56946 1.67333
-0.56935 1.67297
-0.56923 1.67260
-0.56911 1.67224
-0.56899 1.67187
-0.56887 1.67151
-0.56876 1.67114
-0.56864 1.67078
-0.56852 1.67041
-0.56840 1.67005
-0.56828 1.66968
-0.56816 1.66932
-0.56805 1.66895
-0.56793 1.66859
-0.56781 1.66822
-0.56769 1.66785
-0.56757 1.66749
-0.56745 1.66712
-0.56733 1.66676
-0.56722 1.66639
-0.56710 1.66603
-0.56698 1.66566
-0.56686 1.66529
-0.56674 1.66493
-0.56662 1.66456
-0.56650 1.66419
-0.56638 1.66383
-0.56627 1.66346
-0.56616 1.66310
-0.56604 1.66273
-0.56593 1.66237
-0.56582 1.66200
-0.56570 1.66164
-0.56559 1.66127
-0.56548 1.66091
-0.56536 1.66054
-0.56525 1.66018
-0.56513 1.65981
-0.56502 1.65945
-0.56491 1.65908
-0.56479 1.65872
-0.56468 1.65835
-0.56457 1.65799
-0.56445 1.65762
-0.56434 1.65725
-0.56422 1.65689
-0.56411 1.65652
-0.56399 1.65616
-0.56388 1.65579
-0.56377 1.65542
-0.56365 1.65506
-0.56354 1.65469
-0.56342 1.65433
-0.56331 1.65396
-0.56319 1.65359
-0.56308 1.65323
-0.56296 1.65286
-0.56285 1.65249
-0.56273 1.65213
-0.56262 1.65176
-0.56250 1.65139
-0.56239 1.65103
-0.56227 1.65066
-0.56216 1.65029
-0.56204 1.64993
-0.56193 1.64956
-0.56181 1.64919
-0.56170 1.64882
-0.56158 1.64846
-0.56147 1.64809
-0.56135 1.64772
-0.56124 1.64736
-0.56112 1.64699
-0.56101 1.64662
-0.56089 1.64625
-0.56077 1.64588
-0.56066 1.64552
-0.56054 1.64515
-0.56043 1.64478
-0.56031 1.64441
-0.56019 1.64405
-0.56008 1.64368
-0.55996 1.64331
-0.55985 1.64294
-0.55973 1.64257
-0.55961 1.64220
-0.55950 1.64184
-0.55938 1.64147
-0.55926 1.64110
-0.55915 1.64073
-0.55903 1.64036
-0.55892 1.63999
-0.55880 1.63962
-0.55868 1.63926
-0.55857 1.63889
-0.55845 1.63852
-0.55833 1.63815
-0.55821 1.63778
-0.55810 1.63741
-0.55798 1.63704
-0.55786 1.63667
-0.55774 1.63630
-0.55762 1.63593
-0.55750 1.63556
-0.55738 1.63519
-0.55726 1.63482
-0.55714 1.63445
-0.55702 1.63408
-0.55690 1.63371
-0.55678 1.63334
-0.55665 1.63296
-0.55653 1.63259
-0.55641 1.63222
-0.55629 1.63185
-0.55617 1.63148
-0.55605 1.63111
-0.55593 1.63074
-0.55581 1.63037
-0.55568 1.62999
-0.55556 1.62962
-0.55544 1.62925
-0.55532 1.62888
-0.55520 1.62851
-0.55508 1.62814
-0.55495 1.62776
-0.55483 1.62739
-0.55471 1.62702
-0.55459 1.62665
-0.55447 1.62628
-0.55434 1.62590
-0.55422 1.62553
-0.55410 1.62516
-0.55398 1.62479
-0.55385 1.62441
-0.55373 1.62404
-0.55361 1.62367
-0.55349 1.62330
-0.55336 1.62292
-0.55324 1.62255
-0.55312 1.62218
-0.55300 1.62181
-0.55287 1.62143
-0.55275 1.62106
-0.55263 1.62069
-0.55251 1.62031
-0.55238 1.61994
-0.55226 1.61957
-0.55214 1.61919
-0.55201 1.61882
-0.55189 1.61845
-0.55177 1.61807
-0.55164 1.61770
-0.55152 1.61733
-0.55140 1.61695
-0.55127 1.61658
-0.55115 1.61620
-0.55103 1.61583
-0.55090 1.61546
-0.55078 1.61508
-0.55066 1.61471
-0.55053 1.61433
-0.55041 1.61396
-0.55029 1.61358
-0.55016 1.61321
-0.55004 1.61284
-0.54991 1.61246
-0.54979 1.61209
-0.54966 1.61171
-0.54953 1.61133
-0.54941 1.61096
-0.54928 1.61058
-0.54915 1.61021
-0.54902 1.60983
-0.54890 1.60946
-0.54877 1.60908
-0.54864 1.60870
-0.54852 1.60833
-0.54839 1.60795
-0.54826 1.60758
-0.54813 1.60720
-0.54801 1.60682
-0.54788 1.60645
-0.54775 1.60607
-0.54762 1.60569
-0.54750 1.60532
-0.54737 1.60494
-0.54724 1.60456
-0.54711 1.60419
-0.54699 1.60381
-0.54686 1.60343
-0.54673 1.60306
-0.54660 1.60268
-0.54647 1.60230
-0.54635 1.60192
-0.54622 1.60155
-0.54609 1.60117
-0.54596 1.60079
-0.54583 1.60041
-0.54571 1.60004
-0.54558 1.59966
-0.54545 1.59928
-0.54532 1.59890
-0.54519 1.59853
-0.54506 1.59815
-0.54493 1.59777
-0.54481 1.59739
-0.54468 1.59701
-0.54455 1.59663
-0.54442 1.59626
-0.54429 1.59588
-0.54416 1.59550
-0.54403 1.59512
-0.54390 1.59474
-0.54377 1.59436
-0.54365 1.59399
-0.54352 1.59361
-0.54339 1.59323
-0.54326 1.59285
-0.54313 1.59247
-0.54300 1.59209
-0.54287 1.59171
-0.54274 1.59133
-0.54261 1.59095
-0.54248 1.59057
-0.54235 1.59019
-0.54222 1.58981
-0.54209 1.58944
-0.54196 1.58906
-0.54183 1.58868
-0.54170 1.58830
-0.54157 1.58792
-0.54144 1.58754
-0.54131 1.58716
-0.54118 1.58678
-0.54105 1.58640
-0.54092 1.58602
-0.54079 1.58564
-0.54066 1.58526
-0.54053 1.58488
-0.54040 1.58449
-0.54026 1.58411
-0.54013 1.58373
-0.53999 1.58335
-0.53986 1.58297
-0.53973 1.58258
-0.53959 1.58220
-0.53946 1.58182
-0.53932 1.58144
-0.53919 1.58106
-0.53905 1.58067
-0.53891 1.58029
-0.53878 1.57991
-0.53864 1.57953
-0.53851 1.57914
-0.53837 1.57876
-0.53824 1.57838
-0.53810 1.57799
-0.53797 1.57761
-0.53783 1.57723
-0.53770 1.57685
-0.53756 1.57646
-0.53742 1.57608
-0.53729 1.57570
-0.53715 1.57531
-0.53702 1.57493
-0.53688 1.57454
-0.53675 1.57416
-0.53661 1.57378
-0.53647 1.57339
-0.53634 1.57301
-0.53620 1.57263
-0.53606 1.57224
-0.53593 1.57186
-0.53579 1.57147
-0.53566 1.57109
-0.53552 1.57071
-0.53538 1.57032
-0.53525 1.56994
-0.53511 1.56955
-0.53497 1.56917
-0.53484 1.56878
-0.53470 1.56840
-0.53456 1.56801
-0.53443 1.56763
-0.53429 1.56724
-0.53415 1.56686
-0.53401 1.56647
-0.53388 1.56609
-0.53374 1.56570
-0.53360 1.56532
-0.53347 1.56493
-0.53333 1.56455
-0.53319 1.56416
-0.53305 1.56378
-0.53292 1.56339
-0.53278 1.56300
-0.53264 1.56262
-0.53250 1.56223
-0.53237 1.56185
-0.53223 1.56146
-0.53209 1.56107
-0.53195 1.56069
-0.53181 1.56030
-0.53168 1.55991
-0.53154 1.55953
-0.53140 1.55914
-0.53126 1.55875
-0.53112 1.55837
-0.53098 1.55798
-0.53084 1.55759
-0.53070 1.55721
-0.53056 1.55682
-0.53042 1.55643
-0.53028 1.55604
-0.53014 1.55566
-0.53000 1.55527
-0.52986 1.55488
-0.52972 1.55449
-0.52958 1.55410
-0.52944 1.55372
-0.52930 1.55333
-0.52916 1.55294
-0.52902 1.55255
-0.52888 1.55216
-0.52874 1.55177
-0.52860 1.55139
-0.52846 1.55100
-0.52832 1.55061
-0.52818 1.55022
-0.52804 1.54983
-0.52789 1.54944
-0.52775 1.54905
-0.52761 1.54866
-0.52747 1.54828
-0.52733 1.54789
-0.52719 1.54750
-0.52705 1.54711
-0.52691 1.54672
-0.52677 1.54633
-0.52662 1.54594
-0.52648 1.54555
-0.52634 1.54516
-0.52620 1.54477
-0.52606 1.54438
-0.52592 1.54399
-0.52578 1.54360
-0.52563 1.54321
-0.52549 1.54282
-0.52535 1.54243
-0.52521 1.54204
-0.52507 1.54165
-0.52492 1.54126
-0.52478 1.54087
-0.52464 1.54048
-0.52450 1.54009
-0.52436 1.53970
-0.52421 1.53930
-0.52407 1.53891
-0.52393 1.53852
-0.52379 1.53813
-0.52364 1.53774
-0.52350 1.53735
-0.52336 1.53696
-0.52322 1.53657
-0.52307 1.53617
-0.52293 1.53578
-0.52279 1.53539
-0.52265 1.53500
-0.52250 1.53461
-0.52236 1.53422
-0.52222 1.53382
-0.52207 1.53343
-0.52193 1.53304
-0.52179 1.53265
-0.52165 1.53225
-0.52150 1.53186
-0.52136 1.53147
-0.52122 1.53108
-0.52107 1.53068
-0.52093 1.53029
-0.52079 1.52990
-0.52064 1.52951
-0.52049 1.52911
-0.52034 1.52872
-0.52020 1.52832
-0.52005 1.52793
-0.51990 1.52753
-0.51975 1.52714
-0.51960 1.52674
-0.51945 1.52635
-0.51931 1.52595
-0.51916 1.52556
-0.51901 1.52516
-0.51886 1.52477
-0.51871 1.52437
-0.51856 1.52398
-0.51841 1.52358
-0.51827 1.52319
-0.51812 1.52279
-0.51797 1.52240
-0.51782 1.52200
-0.51767 1.52160
-0.51752 1.52121
-0.51737 1.52081
-0.51722 1.52042
-0.51707 1.52002
-0.51692 1.51962
-0.51677 1.51923
-0.51663 1.51883
-0.51648 1.51844
-0.51633 1.51804
-0.51618 1.51764
-0.51603 1.51725
-0.51588 1.51685
-0.51573 1.51645
-0.51558 1.51605
-0.51543 1.51566
-0.51528 1.51526
-0.51513 1.51486
-0.51498 1.51447
-0.51483 1.51407
-0.51468 1.51367
-0.51453 1.51327
-0.51438 1.51288
-0.51423 1.51248
-0.51408 1.51208
-0.51393 1.51168
-0.51378 1.51129
-0.51363 1.51089
-0.51348 1.51049
-0.51333 1.51009
-0.51318 1.50969
-0.51303 1.50929
-0.51287 1.50890
-0.51272 1.50850
-0.51257 1.50810
-0.51242 1.50770
-0.51227 1.50730
-0.51212 1.50690
-0.51197 1.50650
-0.51182 1.50610
-0.51167 1.50570
-0.51152 1.50531
-0.51137 1.50491
-0.51121 1.50451
-0.51106 1.50411
-0.51091 1.50371
-0.51076 1.50331
-0.51061 1.50291
-0.51046 1.50251
-0.51032 1.50211
-0.51018 1.50172
-0.51005 1.50132
-0.50991 1.50093
-0.50977 1.50053
-0.50964 1.50014
-0.50950 1.49974
-0.50937 1.49934
-0.50923 1.49895
-0.50909 1.49855
-0.50896 1.49816
-0.50882 1.49776
-0.50869 1.49736
-0.50855 1.49697
-0.50841 1.49657
-0.50828 1.49618
-0.50814 1.49578
-0.50800 1.49538
-0.50787 1.49499
-0.50773 1.49459
-0.50759 1.49419
-0.50746 1.49380
-0.50732 1.49340
-0.50718 1.49300
-0.50705 1.49260
-0.50691 1.49221
-0.50677 1.49181
-0.50663 1.49141
-0.50650 1.49102
-0.50636 1.49062
-0.50622 1.49022
-0.50608 1.48982
-0.50595 1.48942
-0.50581 1.48903
-0.50567 1.48863
-0.50553 1.48823
-0.50540 1.48783
-0.50526 1.48743
-0.50512 1.48704
-0.50498 1.48664
-0.50485 1.48624
-0.50471 1.48584
-0.50457 1.48544
-0.50443 1.48504
-0.50429 1.48464
-0.50416 1.48424
-0.50402 1.48385
-0.50388 1.48345
-0.50374 1.48305
-0.50360 1.48265
-0.50346 1.48225
-0.50332 1.48185
-0.50319 1.48145
-0.50305 1.48105
-0.50291 1.48065
-0.50277 1.48025
-0.50263 1.47985
-0.50249 1.47945
-0.50235 1.47905
-0.50221 1.47865
-0.50208 1.47825
-0.50194 1.47785
-0.50180 1.47745
-0.50166 1.47705
-0.50152 1.47665
-0.50138 1.47625
-0.50124 1.47585
-0.50110 1.47545
-0.50096 1.47504
-0.50082 1.47464
-0.50068 1.47424
-0.50054 1.47384
-0.50040 1.47344
-0.50026 1.47304
-0.50012 1.47264
-0.49998 1.47223
-0.49984 1.47183
-0.49970 1.47143
-0.49956 1.47103
-0.49942 1.47063
-0.49928 1.47023
-0.49914 1.46982
-0.49900 1.46942
-0.49886 1.46902
-0.49872 1.46862
-0.49858 1.46821
-0.49844 1.46781
-0.49830 1.46741
-0.49816 1.46701
-0.49802 1.46660
-0.49788 1.46620
-0.49773 1.46580
-0.49759 1.46539
-0.49745 1.46499
-0.49731 1.46459
-0.49717 1.46418
-0.49703 1.46378
-0.49689 1.46338
-0.49675 1.46297
-0.49660 1.46257
-0.49646 1.46216
-0.49632 1.46176
-0.49618 1.46136
-0.49604 1.46095
-0.49590 1.46055
-0.49576 1.46014
-0.49561 1.45974
-0.49547 1.45934
-0.49533 1.45893
-0.49519 1.45853
-0.49505 1.45812
-0.49490 1.45772
-0.49476 1.45731
-0.49462 1.45691
-0.49448 1.45650
-0.49433 1.45610
-0.49419 1.45569
-0.49405 1.45528
-0.49391 1.45488
-0.49376 1.45447
-0.49362 1.45407
-0.49348 1.45366
-0.49334 1.45326
-0.49319 1.45285
-0.49305 1.45244
-0.49291 1.45204
-0.49276 1.45163
-0.49262 1.45123
-0.49248 1.45082
-0.49234 1.45041
-0.49219 1.45001
-0.49205 1.44960
-0.49191 1.44919
-0.49176 1.44879
-0.49162 1.44838
-0.49147 1.44797
-0.49133 1.44756
-0.49119 1.44716
-0.49104 1.44675
-0.49090 1.44634
-0.49076 1.44593
-0.49061 1.44553
-0.49047 1.44512
-0.49032 1.44471
-0.49018 1.44430
-0.49004 1.44389
-0.48989 1.44349
-0.48975 1.44308
-0.48960 1.44267
-0.48946 1.44226
-0.48931 1.44185
-0.48917 1.44144
-0.48902 1.44104
-0.48888 1.44063
-0.48874 1.44022
-0.48859 1.43981
-0.48845 1.43940
-0.48830 1.43899
-0.48816 1.43858
-0.48801 1.43817
-0.48787 1.43776
-0.48772 1.43735
-0.48758 1.43694
-0.48743 1.43653
-0.48728 1.43612
-0.48714 1.43571
-0.48699 1.43530
-0.48685 1.43489
-0.48670 1.43448
-0.48656 1.43407
-0.48641 1.43366
-0.48627 1.43325
-0.48612 1.43284
-0.48597 1.43243
-0.48583 1.43202
-0.48568 1.43161
-0.48554 1.43120
-0.48539 1.43078
-0.48524 1.43037
-0.48510 1.42996
-0.48495 1.42955
-0.48480 1.42914
-0.48466 1.42873
-0.48451 1.42832
-0.48436 1.42790
-0.48422 1.42749
-0.48407 1.42708
-0.48392 1.42667
-0.48378 1.42626
-0.48363 1.42584
-0.48348 1.42543
-0.48334 1.42502
-0.48319 1.42461
-0.48304 1.42419
-0.48290 1.42378
-0.48275 1.42337
-0.48260 1.42295
-0.48245 1.42254
-0.48231 1.42213
-0.48216 1.42171
-0.48201 1.42130
-0.48186 1.42089
-0.48172 1.42047
-0.48157 1.42006
-0.48142 1.41965
-0.48127 1.41923
-0.48112 1.41882
-0.48098 1.41840
-0.48083 1.41799
-0.48068 1.41758
-0.48053 1.41716
-0.48038 1.41675
-0.48023 1.41633
-0.48009 1.41592
-0.47994 1.41550
-0.47979 1.41509
-0.47964 1.41467
-0.47949 1.41426
-0.47934 1.41384
-0.47919 1.41343
-0.47905 1.41301
-0.47890 1.41260
-0.47875 1.41218
-0.47860 1.41176
-0.47845 1.41135
-0.47830 1.41093
-0.47815 1.41052
-0.47800 1.41010
-0.47785 1.40968
-0.47770 1.40927
-0.47755 1.40885
-0.47740 1.40843
-0.47725 1.40802
-0.47710 1.40760
-0.47695 1.40718
-0.47681 1.40677
-0.47666 1.40635
-0.47651 1.40593
-0.47635 1.40551
-0.47619 1.40509
-0.47603 1.40467
-0.47587 1.40425
-0.47571 1.40383
-0.47555 1.40341
-0.47539 1.40299
-0.47522 1.40257
-0.47506 1.40214
-0.47490 1.40172
-0.47474 1.40130
-0.47458 1.40088
-0.47442 1.40046
-0.47426 1.40004
-0.47410 1.39961
-0.47394 1.39919
-0.47378 1.39877
-0.47362 1.39835
-0.47346 1.39793
-0.47329 1.39750
-0.47313 1.39708
-0.47297 1.39666
-0.47281 1.39624
-0.47265 1.39581
-0.47249 1.39539
-0.47233 1.39497
-0.47216 1.39454
-0.47200 1.39412
-0.47184 1.39370
-0.47168 1.39327
-0.47152 1.39285
-0.47135 1.39243
-0.47119 1.39200
-0.47103 1.39158
-0.47087 1.39115
-0.47071 1.39073
-0.47054 1.39031
-0.47038 1.38988
-0.47022 1.38946
-0.47006 1.38903
-0.46989 1.38861
-0.46973 1.38818
-0.46957 1.38776
-0.46941 1.38733
-0.46924 1.38691
-0.46908 1.38648
-0.46892 1.38606
-0.46875 1.38563
-0.46859 1.38521
-0.46843 1.38478
-0.46827 1.38435
-0.46810 1.38393
-0.46794 1.38350
-0.46778 1.38308
-0.46761 1.38265
-0.46745 1.38222
-0.46728 1.38180
-0.46712 1.38137
-0.46696 1.38094
-0.46679 1.38052
-0.46663 1.38009
-0.46647 1.37966
-0.46630 1.37924
-0.46614 1.37881
-0.46597 1.37838
-0.46581 1.37796
-0.46565 1.37753
-0.46548 1.37710
-0.46532 1.37667
-0.46517 1.37625
-0.46501 1.37582
-0.46486 1.37540
-0.46471 1.37498
-0.46456 1.37455
-0.46441 1.37413
-0.46426 1.37370
-0.46411 1.37328
-0.46395 1.37286
-0.46380 1.37243
-0.46365 1.37201
-0.46350 1.37158
-0.46335 1.37116
-0.46319 1.37073
-0.46304 1.37031
-0.46289 1.36988
-0.46274 1.36946
-0.46259 1.36903
-0.46243 1.36860
-0.46228 1.36818
-0.46213 1.36775
-0.46198 1.36733
-0.46182 1.36690
-0.46167 1.36647
-0.46152 1.36605
-0.46137 1.36562
-0.46121 1.36520
-0.46106 1.36477
-0.46091 1.36434
-0.46075 1.36391
-0.46060 1.36349
-0.46045 1.36306
-0.46029 1.36263
-0.46014 1.36221
-0.45999 1.36178
-0.45983 1.36135
-0.45968 1.36092
-0.45953 1.36050
-0.45937 1.36007
-0.45922 1.35964
-0.45907 1.35921
-0.45891 1.35878
-0.45876 1.35836
-0.45860 1.35793
-0.45845 1.35750
-0.45830 1.35707
-0.45814 1.35664
-0.45799 1.35621
-0.45783 1.35578
-0.45768 1.35535
-0.45752 1.35492
-0.45737 1.35449
-0.45721 1.35407
-0.45706 1.35364
-0.45691 1.35321
-0.45675 1.35278
-0.45660 1.35235
-0.45644 1.35192
-0.45629 1.35149
-0.45613 1.35106
-0.45597 1.35063
-0.45582 1.35019
-0.45566 1.34976
-0.45551 1.34933
-0.45535 1.34890
-0.45520 1.34847
-0.45504 1.34804
-0.45489 1.34761
-0.45473 1.34718
-0.45457 1.34675
-0.45442 1.34631
-0.45426 1.34588
-0.45411 1.34545
-0.45395 1.34502
-0.45379 1.34459
-0.45364 1.34415
-0.45348 1.34372
-0.45333 1.34329
-0.45317 1.34286
-0.45303 1.34243
-0.45290 1.34201
-0.45277 1.34158
-0.45264 1.34116
-0.45250 1.34073
-0.45237 1.34031
-0.45224 1.33988
-0.45210 1.33945
-0.45197 1.33903
-0.45184 1.33860
-0.45171 1.33818
-0.45157 1.33775
-0.45144 1.33732
-0.45131 1.33690
-0.45117 1.33647
-0.45104 1.33604
-0.45090 1.33562
-0.45077 1.33519
-0.45064 1.33476
-0.45050 1.33434
-0.45037 1.33391
-0.45023 1.33348
-0.45010 1.33305
-0.44997 1.33263
-0.44983 1.33220
-0.44970 1.33177
-0.44956 1.33134
-0.44943 1.33092
-0.44929 1.33049
-0.44916 1.33006
-0.44902 1.32963
-0.44889 1.32920
-0.44875 1.32877
-0.44862 1.32834
-0.44848 1.32791
-0.44835 1.32749
-0.44821 1.32706
-0.44808 1.32663
-0.44794 1.32620
-0.44781 1.32577
-0.44767 1.32534
-0.44754 1.32491
-0.44740 1.32448
-0.44726 1.32405
-0.44713 1.32362
-0.44699 1.32319
-0.44686 1.32276
-0.44672 1.32233
-0.44658 1.32190
-0.44645 1.32147
-0.44631 1.32103
-0.44617 1.32060
-0.44604 1.32017
-0.44590 1.31974
-0.44576 1.31931
-0.44563 1.31888
-0.44549 1.31845
-0.44535 1.31801
-0.44522 1.31758
-0.44508 1.31715
-0.44494 1.31672
-0.44480 1.31629
-0.44467 1.31585
-0.44453 1.31542
-0.44439 1.31499
-0.44425 1.31456
-0.44412 1.31412
-0.44398 1.31369
-0.44384 1.31326
-0.44370 1.31282
-0.44357 1.31239
-0.44343 1.31196
-0.44329 1.31152
-0.44315 1.31109
-0.44302 1.31066
-0.44290 1.31023
-0.44278 1.30980
-0.44266 1.30937
-0.44254 1.30894
-0.44242 1.30851
-0.44230 1.30809
-0.44218 1.30766
-0.44205 1.30723
-0.44193 1.30680
-0.44181 1.30637
-0.44169 1.30594
-0.44157 1.30551
-0.44145 1.30508
-0.44133 1.30465
-0.44121 1.30422
-0.44108 1.30379
-0.44096 1.30336
-0.44084 1.30293
-0.44072 1.30250
-0.44060 1.30207
-0.44047 1.30164
-0.44035 1.30121
-0.44023 1.30077
-0.44011 1.30034
-0.43999 1.29991
-0.43986 1.29948
-0.43974 1.29905
-0.43962 1.29862
-0.43950 1.29819
-0.43937 1.29775
-0.43925 1.29732
-0.43913 1.29689
-0.43900 1.29646
-0.43888 1.29602
-0.43876 1.29559
-0.43863 1.29516
-0.43851 1.29473
-0.43839 1.29429
-0.43826 1.29386
-0.43814 1.29343
-0.43802 1.29299
-0.43789 1.29256
-0.43777 1.29212
-0.43764 1.29169
-0.43752 1.29126
-0.43739 1.29082
-0.43727 1.29039
-0.43715 1.28995
-0.43702 1.28952
-0.43690 1.28909
-0.43677 1.28865
-0.43665 1.28822
-0.43652 1.28778
-0.43640 1.28734
-0.43627 1.28691
-0.43615 1.28647
-0.43602 1.28604
-0.43590 1.28560
-0.43577 1.28517
-0.43565 1.28473
-0.43552 1.28429
-0.43539 1.28386
-0.43527 1.28342
-0.43514 1.28299
-0.43502 1.28255
-0.43489 1.28211
-0.43477 1.28167
-0.43464 1.28124
-0.43451 1.28080
-0.43439 1.28036
-0.43426 1.27993
-0.43413 1.27949
-0.43401 1.27905
-0.43388 1.27861
-0.43377 1.27818
-0.43367 1.27775
-0.43357 1.27732
-0.43347 1.27689
-0.43336 1.27646
-0.43326 1.27603
-0.43315 1.27560
-0.43305 1.27516
-0.43295 1.27473
-0.43284 1.27430
-0.43274 1.27387
-0.43264 1.27344
-0.43253 1.27301
-0.43243 1.27257
-0.43232 1.27214
-0.43222 1.27171
-0.43211 1.27128
-0.43201 1.27084
-0.43190 1.27041
-0.43180 1.26998
-0.43169 1.26954
-0.43159 1.26911
-0.43148 1.26868
-0.43138 1.26824
-0.43127 1.26781
-0.43117 1.26738
-0.43106 1.26694
-0.43096 1.26651
-0.43085 1.26607
-0.43075 1.26564
-0.43064 1.26520
-0.43053 1.26477
-0.43043 1.26433
-0.43032 1.26390
-0.43022 1.26346
-0.43011 1.26303
-0.43000 1.26259
-0.42990 1.26216
-0.42979 1.26172
-0.42968 1.26128
-0.42958 1.26085
-0.42947 1.26041
-0.42936 1.25998
-0.42925 1.25954
-0.42915 1.25910
-0.42904 1.25867
-0.42893 1.25823
-0.42882 1.25779
-0.42872 1.25735
-0.42861 1.25692
-0.42850 1.25648
-0.42839 1.25604
-0.42828 1.25560
-0.42818 1.25517
-0.42807 1.25473
-0.42796 1.25429
-0.42785 1.25385
-0.42774 1.25341
-0.42763 1.25297
-0.42753 1.25253
-0.42742 1.25209
-0.42731 1.25165
-0.42721 1.25122
-0.42712 1.25079
-0.42703 1.25035
-0.42693 1.24992
-0.42684 1.24948
-0.42675 1.24905
-0.42665 1.24861
-0.42656 1.24818
-0.42646 1.24774
-0.42637 1.24730
-0.42628 1.24687
-0.42618 1.24643
-0.42609 1.24600
-0.42599 1.24556
-0.42590 1.24512
-0.42580 1.24469
-0.42571 1.24425
-0.42562 1.24381
-0.42552 1.24338
-0.42543 1.24294
-0.42533 1.24250
-0.42523 1.24206
-0.42514 1.24163
-0.42504 1.24119
-0.42495 1.24075
-0.42485 1.24031
-0.42476 1.23987
-0.42466 1.23944
-0.42457 1.23900
-0.42447 1.23856
-0.42437 1.23812
-0.42428 1.23768
-0.42418 1.23724
-0.42408 1.23680
-0.42399 1.23636
-0.42389 1.23592
-0.42379 1.23548
-0.42370 1.23504
-0.42360 1.23460
-0.42350 1.23416
-0.42340 1.23372
-0.42331 1.23328
-0.42321 1.23284
-0.42311 1.23240
-0.42301 1.23196
-0.42292 1.23152
-0.42282 1.23107
-0.42272 1.23063
-0.42262 1.23019
-0.42252 1.22975
-0.42243 1.22931
-0.42233 1.22886
-0.42223 1.22842
-0.42213 1.22798
-0.42203 1.22754
-0.42193 1.22709
-0.42186 1.22666
-0.42179 1.22623
-0.42173 1.22579
-0.42167 1.22536
-0.42160 1.22493
-0.42154 1.22450
-0.42148 1.22406
-0.42141 1.22363
-0.42135 1.22320
-0.42129 1.22277
-0.42122 1.22233
-0.42116 1.22190
-0.42109 1.22146
-0.42103 1.22103
-0.42096 1.22060
-0.42090 1.22016
-0.42083 1.21973
-0.42077 1.21929
-0.42070 1.21886
-0.42064 1.21842
-0.42057 1.21799
-0.42051 1.21755
-0.42044 1.21712
-0.42038 1.21668
-0.42031 1.21625
-0.42024 1.21581
-0.42018 1.21537
-0.42011 1.21494
-0.42005 1.21450
-0.41998 1.21406
-0.41991 1.21363
-0.41985 1.21319
-0.41978 1.21275
-0.41971 1.21231
-0.41964 1.21188
-0.41958 1.21144
-0.41951 1.21100
-0.41944 1.21056
-0.41937 1.21012
-0.41931 1.20968
-0.41925 1.20925
-0.41920 1.20882
-0.41915 1.20838
-0.41910 1.20795
-0.41905 1.20751
-0.41900 1.20708
-0.41895 1.20665
-0.41890 1.20621
-0.41884 1.20578
-0.41879 1.20534
-0.41874 1.20491
-0.41869 1.20447
-0.41864 1.20403
-0.41859 1.20360
-0.41853 1.20316
-0.41848 1.20273
-0.41843 1.20229
-0.41838 1.20185
-0.41833 1.20142
-0.41827 1.20098
-0.41822 1.20054
-0.41817 1.20011
-0.41811 1.19967
-0.41806 1.19923
-0.41801 1.19879
-0.41795 1.19835
-0.41790 1.19792
-0.41785 1.19748
-0.41779 1.19704
-0.41774 1.19660
-0.41769 1.19616
-0.41763 1.19572
-0.41758 1.19528
-0.41973 1.18940
-0.41991 1.18955
-0.42009 1.18969
-0.42027 1.18983
-0.42045 1.18998
-0.42063 1.19012
-0.42082 1.19026
-0.42100 1.19041
-0.42118 1.19055
-0.42136 1.19069
-0.42154 1.19084
-0.42172 1.19098
-0.42190 1.19112
-0.42208 1.19127
-0.42226 1.19141
-0.42245 1.19155
-0.42263 1.19170
-0.42281 1.19184
-0.42299 1.19198
-0.42317 1.19212
-0.42335 1.19227
-0.42353 1.19241
-0.42371 1.19255
-0.42389 1.19270
-0.42408 1.19284
-0.42426 1.19298
-0.42444 1.19312
-0.42462 1.19327
-0.42480 1.19341
-0.42498 1.19355
-0.42516 1.19369
-0.42534 1.19383
-0.42552 1.19398
-0.42570 1.19412
-0.42589 1.19426
-0.42607 1.19440
-0.42625 1.19454
-0.42643 1.19469
-0.42661 1.19483
-0.42679 1.19497
-0.42697 1.19511
-0.42715 1.19525
-0.42734 1.19541
-0.42753 1.19557
-0.42772 1.19574
-0.42791 1.19591
-0.42810 1.19607
-0.42829 1.19624
-0.42848 1.19641
-0.42867 1.19657
-0.42886 1.19674
-0.42906 1.19691
-0.42925 1.19707
-0.42944 1.19724
-0.42963 1.19741
-0.42982 1.19757
-0.43001 1.19774
-0.43020 1.19791
-0.43039 1.19807
-0.43058 1.19824
-0.43077 1.19840
-0.43096 1.19857
-0.43115 1.19874
-0.43134 1.19890
-0.43153 1.19907
-0.43172 1.19923
-0.43192 1.19940
-0.43211 1.19956
-0.43230 1.19973
-0.43249 1.19989
-0.43268 1.20006
-0.43287 1.20022
-0.43306 1.20039
-0.43325 1.20056
-0.43344 1.20072
-0.43363 1.20089
-0.43382 1.20105
-0.43401 1.20122
-0.43420 1.20138
-0.43439 1.20154
-0.43458 1.20171
-0.43477 1.20187
-0.43496 1.20204
-0.43515 1.20220
-0.43534 1.20237
-0.43553 1.20253
-0.43572 1.20270
-0.43591 1.20286
-0.43610 1.20303
-0.43629 1.20319
-0.43648 1.20335
-0.43668 1.20352
-0.43687 1.20369
-0.43706 1.20387
-0.43726 1.20405
-0.43746 1.20423
-0.43766 1.20441
-0.43785 1.20459
-0.43805 1.20477
-0.43825 1.20495
-0.43844 1.20513
-0.43864 1.20531
-0.43884 1.20549
-0.43903 1.20567
-0.43923 1.20585
-0.43943 1.20603
-0.43962 1.20621
-0.43982 1.20639
-0.44002 1.20657
-0.44021 1.20675
-0.44041 1.20693
-0.44061 1.20711
-0.44080 1.20729
-0.44100 1.20747
-0.44120 1.20765
-0.44139 1.20783
-0.44159 1.20801
-0.44179 1.20819
-0.44198 1.20837
-0.44218 1.20855
-0.44238 1.20873
-0.44257 1.20890
-0.44277 1.20908
-0.44296 1.20926
-0.44316 1.20944
-0.44336 1.20962
-0.44355 1.20980
-0.44375 1.20998
-0.44395 1.21016
-0.44414 1.21033
-0.44434 1.21051
-0.44454 1.21069
-0.44473 1.21087
-0.44493 1.21105
-0.44512 1.21123
-0.44532 1.21140
-0.44552 1.21158
-0.44571 1.21176
-0.44591 1.21194
-0.44611 1.21211
-0.44630 1.21229
-0.44650 1.21247
-0.44669 1.21265
-0.44689 1.21283
-0.44709 1.21300
-0.44728 1.21318
-0.44748 1.21336
-0.44768 1.21355
-0.44789 1.21375
-0.44809 1.21394
-0.44829 1.21413
-0.44849 1.21432
-0.44869 1.21451
-0.44889 1.21470
-0.44910 1.21490
-0.44930 1.21509
-0.44950 1.21528
-0.44970 1.21547
-0.44990 1.21566
-0.45011 1.21585
-0.45031 1.21604
-0.45051 1.21624
-0.45071 1.21643
-0.45091 1.21662
-0.45111 1.21681
-0.45132 1.21700
-0.45152 1.21719
-0.45172 1.21738
-0.45192 1.21757
-0.45212 1.21776
-0.45232 1.21795
-0.45253 1.21814
-0.45273 1.21833
-0.45293 1.21852
-0.45313 1.21871
-0.45333 1.21890
-0.45353 1.21909
-0.45374 1.21928
-0.45394 1.21947
-0.45414 1.21966
-0.45434 1.21985
-0.45454 1.22004
-0.45474 1.22023
-0.45494 1.22042
-0.45515 1.22061
-0.45535 1.22080
-0.45555 1.22099
-0.45575 1.22118
-0.45595 1.22137
-0.45615 1.22156
-0.45635 1.22175
-0.45656 1.22194
-0.45676 1.22213
-0.45696 1.22231
-0.45716 1.22250
-0.45736 1.22269
-0.45756 1.22288
-0.45776 1.22307
-0.45796 1.22326
-0.45817 1.22345
-0.45838 1.22366
-0.45858 1.22386
-0.45879 1.22407
-0.45900 1.22427
-0.45921 1.22448
-0.45942 1.22468
-0.45962 1.22489
-0.45983 1.22509
-0.46004 1.22530
-0.46025 1.22550
-0.46046 1.22571
-0.46066 1.22591
-0.46087 1.22612
-0.46108 1.22632
-0.46129 1.22653
-0.46149 1.22673
-0.46170 1.22694
-0.46191 1.22714
-0.46212 1.22734
-0.46233 1.22755
-0.46253 1.22775
-0.46274 1.22796
-0.46295 1.22816
-0.46316 1.22836
-0.46336 1.22857
-0.46357 1.22877
-0.46378 1.22898
-0.46399 1.22918
-0.46419 1.22938
-0.46440 1.22959
-0.46461 1.22979
-0.46482 1.22999
-0.46502 1.23020
-0.46523 1.23040
-0.46544 1.23060
-0.46565 1.23080
-0.46585 1.23101
-0.46606 1.23121
-0.46627 1.23141
-0.46648 1.23162
-0.46668 1.23182
-0.46689 1.23202
-0.46710 1.23222
-0.46731 1.23243
-0.46751 1.23263
-0.46772 1.23283
-0.46793 1.23304
-0.46815 1.23327
-0.46837 1.23350
-0.46859 1.23373
-0.46880 1.23396
-0.46902 1.23419
-0.46924 1.23442
-0.46946 1.23464
-0.46968 1.23487
-0.46989 1.23510
-0.47011 1.23533
-0.47033 1.23556
-0.47055 1.23579
-0.47077 1.23602
-0.47098 1.23624
-0.47120 1.23647
-0.47142 1.23670
-0.47164 1.23693
-0.47186 1.23716
-0.47207 1.23739
-0.47229 1.23761
-0.47251 1.23784
-0.47273 1.23807
-0.47295 1.23830
-0.47316 1.23852
-0.47338 1.23875
-0.47360 1.23898
-0.47382 1.23921
-0.47403 1.23943
-0.47425 1.23966
-0.47447 1.23989
-0.47469 1.24011
-0.47491 1.24034
-0.47512 1.24057
-0.47534 1.24080
-0.47556 1.24102
