torque_1 torque_1_t torque_2 torque_2_t
1.2589 -0.196875 0.478681 -0.175
1.2535 -0.546875 0.488009 0.284375
1.24765 -0.809375 0.498209 0.284375
0.962123 -1.02812 0.519457 0.39375
0.954965 -1.225 0.53082 0.415625
1.22315 -1.18125 0.538403 0.503125
1.0257 -1.33438 0.549466 0.65625
1.13398 -1.29062 0.554433 0.56875
0.962992 -1.37813 0.56725 0.6125
0.79376 -1.4 0.573961 0.65625
0.828046 -1.20312 0.583579 0.678125
1.16847 -1.225 0.586801 0.6125
1.16176 -1.4 0.59642 0.875
0.846707 -1.42188 0.59877 0.721875
0.629939 -1.24687 0.606353 0.7
0.658541 -1.05 0.614227 0.721875
0.721902 -1.05 0.614533 0.7875
0.959256 -1.07187 0.61572 0.74375
0.861401 -1.1375 0.618361 0.91875
0.571497 -1.07187 0.627979 0.9625
0.513328 -0.9625 0.627422 0.896875
0.544547 -0.896875 0.632389 0.4375
0.604841 -0.853125 0.640553 1.02812
0.723732 -0.853125 0.640868 1.02812
0.551433 -0.9625 0.64787 0.896875
0.655788 -0.7875 0.644114 0.91875
0.598477 -0.875 0.646464 0.853125
0.541616 -0.853125 0.64707 1.05
0.336317 -0.765625 0.648839 1.02812
0.393136 -0.74375 0.652061 0.984375
0.498349 -0.721875 0.653829 0.809375
0.574938 -0.721875 0.651818 0.875
0.608774 -0.7 0.649807 0.74375
0.433858 -0.721875 0.649831 0.74375
0.213165 -0.7 0.653344 0.7875
0.153237 -0.590625 0.653077 0.875
0.301203 -0.546875 0.649613 0.7875
0.450027 -0.546875 0.644403 0.875
0.438085 -0.546875 0.63367 0.91875
0.264478 -0.525 0.620901 0.74375
0.175476 -0.48125 0.613948 0.896875
0.0710785 -0.546875 0.610192 0.9625
0.306308 -0.39375 0.600903 1.02812
0.208044 -0.546875 0.58609 0.9625
0.311991 -0.39375 0.583779 0.9625
0.183794 -0.48125 0.568976 0.9625
0.127833 -0.415625 0.559396 0.91875
0.157786 -0.371875 0.553596 0.940625
0.100966 -0.30625 0.551294 0.940625
0.0873081 -0.30625 0.544331 0.896875
0.322088 -0.240625 0.54609 0.9625
0.151589 -0.35 0.543779 0.83125
0.211924 -0.284375 0.54235 0.853125
0.243185 -0.0875 0.546726 0.7875
-0.00175759 -0.328125 0.553137 0.809375
0.0127998 -0.240625 0.556931 0.809375
0.131283 -0.21875 0.563642 0.7875
0.280149 -0.2625 0.563657 0.809375
0.301248 -0.284375 0.569196 0.7875
0.17391 -0.21875 0.578524 0.809375
0.117949 -0.240625 0.5829 0.853125
-0.0543085 -0.175 0.591927 0.853125
0.022322 0.196875 0.602418 0.74375
0.128885 0.175 0.605922 0.7875
0.207682 -0.240625 0.611461 0.7875
0.271942 -0.2625 0.61322 0.83125
0.192591 -0.2625 0.626909 0.7875
0.139246 -0.2625 0.630703 0.875
0.364722 0.13125 0.638859 0.809375
0.0800933 -0.328125 0.65342 0.809375
0.276945 -0.2625 0.658959 0.83125
0.342514 -0.328125 0.667987 0.896875
0.45431 -0.240625 0.670918 0.83125
0.258212 -0.39375 0.678201 0.83125
0.442693 -0.35 0.682877 0.83125
0.437335 -0.4375 0.700337 0.875
0.431527 -0.4375 0.709364 0.9625
0.427027 -0.39375 0.71782 0.896875
0.422527 -0.459375 0.724231 0.9625
0.418027 -0.48125 0.724246 0.896875
0.413977 -0.48125 0.731829 0.984375
0.409477 -0.525 0.743764 1.00625
0.404977 -0.39375 0.744651 0.984375
0.400477 -0.525 0.752235 0.984375
0.395977 -0.503125 0.755157 0.984375
0.391477 -0.525 0.772626 1.07187
0.387427 -0.39375 0.777292 1.05
0.382927 -0.525 0.787192 0.9625
0.378427 -0.525 0.785763 1.02812
0.373927 -0.525 0.797407 1.05
0.369427 -0.525 0.80499 1.07187
0.364927 -0.4375 0.814309 1.05
0.360427 -0.525 0.809681 1.11563
0.356377 -0.525 0.83092 0.9625
0.351877 -0.48125 0.830063 1.11563
0.346068 -0.525 0.846659 1.18125
0.341568 -0.4375 0.853942 1.11563
0.337068 -0.56875 0.846989 1.11563
0.329093 -0.546875 0.868809 1.18125
0.325493 -0.459375 0.873476 1.15938
0.175215 -0.39375 0.882503 1.15938
0.315227 -0.525 0.890659 1.02812
0.311627 -0.525 0.896198 1.37813
0.306718 -0.371875 0.899992 1.15938
0.302668 -0.48125 0.903787 1.24687
0.10747 -0.415625 0.913977 1.24687
0.292402 -0.4375 0.921261 1.1375
0.171197 -0.35 0.928544 1.20312
0.283893 -0.4375 0.929722 1.1375
0.278535 -0.328125 0.935261 1.15938
0.274935 -0.4375 0.939346 1.11563
0.0369841 -0.35 0.944013 1.24687
0.264668 -0.415625 0.948979 1.18125
0.261068 -0.284375 0.951901 1.33438
0.257018 0.109375 0.956859 1.33438
0.25211 -0.35 0.958037 1.26875
0.246752 -0.35 0.960959 1.3125
0.243152 -0.35 0.961264 1.225
0.121497 -0.371875 0.966222 1.18125
0.232885 -0.328125 0.964783 1.26875
0.228835 -0.328125 0.964216 1.24687
0.223927 -0.328125 0.966266 1.15938
0.21726 -0.284375 0.964255 1.225
0.21366 -0.39375 0.963689 1.15938
0.208302 -0.328125 0.963994 1.1375
0.203393 -0.30625 0.963427 1.1375
0.196727 -0.21875 0.964896 1.18125
0.191818 -0.2625 0.963457 1.18125
0.157386 -0.371875 0.96667 1.1375
0.181552 -0.30625 0.963487 1.26875
0.176193 -0.371875 0.964964 1.09375
0.171285 -0.328125 0.963816 1.35625
0.0919331 -0.30625 0.964413 1.3125
-0.0292715 -0.371875 0.957159 1.18125
0.123969 -0.196875 0.957755 1.20312
0.148135 -0.35 0.946722 1.07187
-0.0025937 -0.2625 0.938896 1.20312
0.0202637 -0.39375 0.929607 1.1375
0.131202 -0.196875 0.918574 1.24687
-0.019077 -0.35 0.905796 1.1375
-0.027052 -0.240625 0.894472 1.33438
-0.0324104 -0.284375 0.882866 1.20312
0.106743 -0.196875 0.869798 1.3125
-0.203893 -0.21875 0.854985 1.33438
-0.0938131 0.13125 0.844533 1.20312
-0.0991715 -0.196875 0.835244 1.3125
-0.222134 0.240625 0.834105 1.18125
0.0465443 0.175 0.82249 1.29062
-0.205944 -0.240625 0.821051 1.07187
0.0640433 0.2625 0.81845 1.33438
0.058685 -0.284375 0.815266 1.1375
-0.224185 -0.175 0.815872 1.15938
0.04711 0.284375 0.815014 1.225
0.0417517 0.065625 0.813576 1.11563
0.0377017 0.13125 0.811846 1.15938
-0.201108 0.109375 0.815068 1.09375
-0.250077 0.284375 0.81799 1.18125
0.0220767 0.284375 0.82004 1.02812
0.0184767 0.13125 0.823835 1.1375
0.0153267 0.065625 0.825013 1.09375
0.0117267 0.109375 0.827063 1.1375
0.00857667 0.196875 0.83202 0.9625
0.00542667 0.0875 0.832907 1.09375
0.00182667 0.109375 0.834085 1.18125
-0.00132333 0.109375 0.83817 1.15938
-0.00447333 0.0875 0.838476 0.9625
-0.006765 -0.196875 0.841398 1.1375
-0.009915 -0.2625 0.839087 1.20312
0.10409 0.13125 0.841427 1.09375
-0.0140483 -0.240625 0.845213 1.07187
-0.0171983 -0.153125 0.839994 1.05
0.0968063 -0.21875 0.84059 1.225
-0.0213317 -0.21875 0.842931 1.00625
-0.0249317 -0.196875 0.84062 1.02812
-0.0267733 0.109375 0.83482 1.00625
-0.0303733 0.0875 0.833672 1.07187
-0.0335233 0.109375 0.833105 1.07187
0.110005 0.0875 0.827596 1.05
-0.038965 -0.21875 0.820051 1.09375
-0.042115 0.13125 0.817159 1.05
-0.045715 0.109375 0.80787 0.91875
-0.048865 0.0875 0.804105 0.91875
-0.052465 0.109375 0.7922 0.9625
-0.055615 0.0875 0.785818 1.05
-0.059215 0.109375 0.773331 1.02812
-0.062365 0.109375 0.762298 1.00625
-0.065965 0.109375 0.754463 0.940625
-0.069115 0.0875 0.737324 1.05
-0.072715 0.21875 0.722801 0.7875
-0.075865 0.0875 0.711187 1.00625
-0.079465 0.109375 0.692303 0.91875
-0.082615 0.0875 0.668768 0.91875
-0.086215 0.13125 0.649013 1.05
-0.089365 0.0875 0.62257 0.940625
-0.092965 0.0875 0.60485 0.940625
-0.096565 0.13125 0.581896 0.984375
-0.099715 0.109375 0.567955 1.05
-0.103315 0.109375 0.556931 1.00625
-0.106465 0.13125 0.547061 0.74375
-0.110065 0.109375 0.54097 0.875
-0.113215 0.109375 0.537496 0.83125
-0.116815 0.0875 0.536639 1.05
-0.119965 0.109375 0.532292 0.7875
-0.123565 0.109375 0.536087 0.875
-0.127165 0.13125 0.547731 0.721875
-0.130315 0.109375 0.544257 0.721875
-0.133915 0.21875 0.546889 0.65625
-0.137515 0.0875 0.564057 0.7
-0.140665 0.109375 0.568724 0.809375
-0.144265 0.13125 0.578624 0.7
-0.147415 0.13125 0.582427 0.7
-0.151015 0.13125 0.596979 0.765625
-0.154615 0.13125 0.605135 0.7
-0.157765 0.13125 0.613581 0.590625
-0.161365 0.13125 0.617957 0.7
-0.162348 0.109375 0.628148 0.7875
-0.165498 0.153125 0.637176 0.74375
-0.166482 0.13125 0.640098 0.721875
-0.023403 0.13125 0.645937 0.765625
-0.169307 0.153125 0.645951 0.809375
0.0173831 0.13125 0.658759 0.765625
0.0150915 0.0875 0.663426 0.7875
0.0568609 0.0875 0.671872 0.765625
0.0545693 0.065625 0.672177 0.765625
-0.177698 -0.284375 0.678016 0.765625
0.097522 0.153125 0.682974 0.7875
0.0969887 0.0875 0.682989 0.7875
0.125079 -0.2625 0.685039 0.875
-0.0648854 -0.240625 0.689996 0.83125
0.0508776 0.065625 0.692046 0.7875
-0.182698 -0.21875 0.692942 0.809375
0.0480526 0.065625 0.693248 0.83125
0.0924387 0.0875 0.697033 0.853125
0.00644148 -0.21875 0.694722 0.83125
0.167124 0.109375 0.695027 0.875
-0.066002 -0.284375 0.690972 0.83125
-0.109696 0.109375 0.690405 0.896875
-0.182915 0.0875 0.68664 0.91875
-0.18214 0.13125 0.681713 0.91875
-0.0355446 0.153125 0.680274 0.91875
0.0947554 0.109375 0.673601 0.7875
0.168216 0.13125 0.672453 0.896875
0.124071 -0.35 0.667526 0.91875
-0.182598 -0.284375 0.666959 1.00625
-0.183132 0.13125 0.656798 0.896875
-0.039603 0.21875 0.65187 0.91875
-0.186815 0.13125 0.650431 0.83125
-0.041528 0.196875 0.644631 0.853125
-0.0724437 0.13125 0.641439 0.83125
-0.190582 0.175 0.630114 0.503125
-0.193732 0.175 0.627803 0.721875
-0.196432 0.196875 0.622876 0.83125
-0.199582 0.196875 0.619692 0.7
-0.202732 0.21875 0.615637 0.940625
-0.205882 0.21875 0.612453 0.721875
-0.208582 0.21875 0.602874 0.83125
-0.211732 0.196875 0.601435 0.74375
-0.214882 0.21875 0.604648 0.83125
-0.218032 0.21875 0.59972 0.634375
-0.221182 0.284375 0.593629 0.83125
-0.223882 0.21875 0.593353 0.6125
-0.227032 0.284375 0.59017 0.91875
-0.230182 0.284375 0.582335 0.7
-0.233332 0.284375 0.578579 0.765625
-0.236482 0.284375 0.57714 0.91875
-0.239632 0.284375 0.573957 0.7
-0.242782 0.284375 0.571646 0.765625
-0.245482 0.30625 0.568463 0.765625
-0.248632 0.35 0.564989 0.65625
-0.251782 0.30625 0.568201 0.678125
-0.254932 0.284375 0.56589 0.678125
-0.258082 0.30625 0.559218 0.7
-0.261232 0.371875 0.558651 0.65625
-0.264382 0.30625 0.56012 0.765625
-0.267532 0.328125 0.552285 0.765625
-0.270232 0.35 0.551718 0.765625
-0.273382 0.371875 0.551151 0.809375
-0.276532 0.39375 0.543607 0.940625
-0.279682 0.35 0.538689 0.83125
-0.282832 0.30625 0.53725 0.7875
-0.285982 0.35 0.530287 0.7875
-0.289132 0.35 0.527685 0.74375
-0.292282 0.39375 0.529735 0.765625
-0.295432 0.35 0.528005 0.91875
-0.298582 0.371875 0.529183 0.940625
-0.301732 0.35 0.532687 0.7875
-0.304882 0.328125 0.536481 0.721875
-0.308032 0.39375 0.543192 0.525
-0.311182 0.39375 0.548731 0.765625
-0.314332 0.4375 0.555142 0.809375
-0.317482 0.39375 0.555157 0.875
-0.0867307 0.39375 0.56244 0.634375
-0.322473 0.30625 0.569142 0.765625
-0.135334 0.39375 0.573809 0.721875
-0.326157 0.30625 0.582264 0.721875
-0.300233 0.371875 0.589548 0.91875
-0.32984 0.35 0.594505 0.74375
-0.186311 0.35 0.599172 0.765625
-0.144542 0.35 0.602966 0.634375
-0.21776 0.30625 0.606189 0.83125
-0.0306206 0.284375 0.609111 0.765625
-0.221444 0.284375 0.616394 0.809375
-0.34089 0.30625 0.616409 0.721875
-0.226435 0.30625 0.623983 0.765625
-0.341507 0.30625 0.624289 0.875
-0.064078 0.328125 0.626339 0.7875
-0.193686 0.284375 0.627516 0.853125
-0.0338622 0.30625 0.631311 0.678125
-0.0352539 0.196875 0.63685 0.721875
-0.109781 0.21875 0.637155 0.91875
-0.153475 0.240625 0.637461 0.83125
-0.227552 0.21875 0.642127 0.91875
-0.067728 0.196875 0.643305 0.83125
-0.0387372 0.196875 0.648844 0.940625
-0.0678946 0.175 0.648277 0.7875
-0.112039 0.13125 0.653235 0.875
-0.346023 0.21875 0.656157 0.83125
-0.346107 0.240625 0.656172 0.875
-0.0712946 0.2625 0.659094 0.721875
-0.0409956 0.196875 0.664051 0.940625
-0.114214 0.21875 0.663485 0.74375
-0.348198 0.21875 0.662918 0.896875
-0.118306 0.30625 0.670201 0.91875
-0.35229 0.21875 0.669635 1.11563
-0.118922 0.328125 0.670813 0.74375
-0.119006 0.284375 0.671118 0.896875
-0.0767863 0.284375 0.669679 0.74375
-0.122239 0.240625 0.676381 0.91875
-0.210853 0.13125 0.675814 0.875
-0.358923 0.240625 0.674085 0.940625
-0.361623 0.328125 0.681659 0.853125
-0.363465 0.30625 0.677903 0.875
-0.130956 0.39375 0.675592 0.7875
-0.363632 0.240625 0.678514 0.940625
-0.365473 0.2625 0.674459 0.853125
-0.366865 0.415625 0.679416 0.896875
-0.369565 0.415625 0.677105 0.765625
-0.371407 0.39375 0.682063 0.83125
-0.374107 0.415625 0.679751 0.809375
-0.186517 0.35 0.679185 0.809375
-0.304655 0.30625 0.677746 0.83125
-0.378732 0.30625 0.673981 0.809375
-0.381432 0.48125 0.670226 0.809375
-0.384582 0.525 0.670531 0.809375
-0.387282 0.415625 0.665603 0.853125
-0.388673 0.459375 0.661839 0.853125
-0.391823 0.503125 0.659818 0.83125
-0.394523 0.525 0.654018 0.91875
-0.396365 0.525 0.647346 0.7875
-0.253695 0.525 0.643009 0.91875
-0.401765 0.415625 0.634592 0.809375
-0.404915 0.503125 0.628792 0.91875
-0.407615 0.525 0.618631 0.809375
-0.410765 0.503125 0.611959 0.940625
-0.413465 0.525 0.592494 0.809375
-0.416615 0.546875 0.586994 1.02812
-0.419315 0.56875 0.578577 0.91875
-0.422465 0.525 0.568998 0.875
-0.425165 0.546875 0.558255 0.83125
-0.427865 0.546875 0.555072 0.875
-0.431015 0.590625 0.550153 0.875
-0.433715 0.546875 0.553948 0.7875
-0.436865 0.56875 0.552509 0.74375
-0.439565 0.56875 0.547872 0.7875
-0.442715 0.590625 0.553701 0.721875
-0.445415 0.590625 0.555761 0.765625
-0.448565 0.590625 0.563335 0.721875
-0.451265 0.590625 0.560733 0.721875
-0.454415 0.590625 0.567435 0.765625
-0.457115 0.590625 0.566877 0.721875
-0.460265 0.590625 0.574161 0.7
-0.463415 0.590625 0.577955 0.940625
-0.466115 0.6125 0.579133 0.809375
-0.467957 0.546875 0.583227 0.634375
-0.469348 0.590625 0.587894 0.7
-0.472498 0.590625 0.591689 0.74375
-0.238681 0.65625 0.593166 0.7
-0.473115 0.503125 0.594344 0.721875
-0.474507 0.590625 0.599011 0.7
-0.477657 0.590625 0.600189 0.7875
-0.47774 0.6125 0.604283 0.74375
-0.172996 0.590625 0.608077 0.765625
-0.289375 0.546875 0.606639 0.721875
-0.448058 0.525 0.609561 0.74375
-0.333153 0.546875 0.6151 0.7875
-0.479057 0.525 0.61745 0.74375
-0.201628 0.525 0.618918 0.721875
-0.329928 0.459375 0.616316 0.91875
-0.330011 0.459375 0.620401 0.765625
-0.169329 0.459375 0.622751 0.765625
-0.357085 0.415625 0.623929 0.853125
-0.123268 0.415625 0.62249 0.765625
-0.122493 0.21875 0.626285 0.74375
-0.164879 0.328125 0.625146 0.74375
-0.32487 0.35 0.624579 0.853125
-0.39633 0.371875 0.628374 0.74375
-0.234339 0.39375 0.627807 0.74375
-0.231806 0.35 0.626668 0.853125
-0.229272 0.39375 0.624357 0.7875
-0.344794 0.35 0.626407 0.809375
-0.227272 0.48125 0.625268 0.7875
-0.227806 0.35 0.625574 0.853125
-0.225272 0.328125 0.623263 0.7875
-0.312578 0.35 0.626185 0.896875
-0.18097 0.35 0.624174 0.7875
-0.384571 0.30625 0.623607 0.7875
-0.17852 0.415625 0.623913 0.809375
-0.147362 0.35 0.621901 0.809375
-0.102526 0.371875 0.620463 0.7875
-0.146671 0.284375 0.626874 0.83125
-0.335735 0.30625 0.623118 0.875
-0.452115 0.30625 0.62604 0.765625
-0.175136 0.415625 0.627218 0.7875
-0.144837 0.21875 0.627824 0.74375
-0.100451 0.284375 0.625513 0.765625
-0.449423 0.2625 0.627563 0.853125
-0.377271 0.415625 0.629913 0.765625
-0.217447 0.39375 0.633998 0.74375
-0.374821 0.284375 0.62937 0.765625
-0.259059 0.39375 0.629676 0.48125
-0.448123 0.415625 0.629109 0.7
-0.216064 0.459375 0.63175 0.74375
-0.0998511 0.415625 0.629439 0.7
-0.331669 0.284375 0.628 0.765625
-0.418974 0.415625 0.627151 0.765625
-0.44989 0.415625 0.623096 0.74375
-0.17377 0.4375 0.620213 0.7
-0.376513 0.371875 0.615285 0.7875
-0.142696 0.4375 0.613274 0.65625
-0.173611 0.30625 0.611253 0.74375
-0.420824 0.35 0.607198 0.809375
-0.453048 0.415625 0.604314 0.7
-0.149612 0.546875 0.597642 0.678125
-0.104776 0.39375 0.591561 0.721875
-0.336594 0.2625 0.584016 0.7
-0.452973 0.371875 0.577644 0.65625
-0.456123 0.415625 0.57824 0.678125
-0.181311 0.371875 0.568379 0.65625
-0.109159 0.39375 0.557055 0.634375
-0.458582 0.30625 0.551846 0.678125
-0.461282 0.4375 0.540522 0.678125
-0.434049 0.4375 0.535894 0.7
-0.187003 0.503125 0.524861 0.7
-0.46374 0.415625 0.515581 0.634375
-0.232989 0.4375 0.508037 0.678125
-0.468282 0.415625 0.502537 0.7
-0.471432 0.459375 0.494701 0.7
-0.356977 0.503125 0.490655 0.74375
-0.400671 0.503125 0.481948 0.525
-0.475198 0.678125 0.47732 0.765625
-0.478348 0.525 0.47559 0.765625
-0.48019 0.590625 0.476196 0.721875
-0.482032 0.546875 0.477383 0.7875
-0.483873 0.546875 0.481177 0.809375
-0.253122 0.503125 0.477131 0.940625
-0.254964 0.56875 0.48645 0.503125
-0.371794 0.546875 0.485892 0.765625
-0.49124 0.503125 0.493476 0.503125
-0.49439 0.56875 0.494363 0.634375
-0.494923 0.525 0.49962 0.9625
-0.219253 0.634375 0.504587 0.7875
-0.466916 0.56875 0.512742 0.83125
-0.265239 0.546875 0.515092 0.634375
-0.309384 0.525 0.522094 0.721875
-0.264997 0.48125 0.522981 0.4375
-0.426746 0.415625 0.529983 0.30625
-0.267372 0.546875 0.53495 0.721875
-0.311517 0.48125 0.533511 0.853125
-0.427038 0.328125 0.534116 0.875
-0.35227 0.503125 0.535594 0.35
-0.262964 0.459375 0.537363 0.896875
-0.262189 0.39375 0.537668 0.525
-0.0570372 0.21875 0.533913 0.875
-0.214861 0.35 0.532483 0.9625
-0.257697 0.35 0.538313 0.91875
-0.415521 0.459375 0.53165 0.765625
-0.340753 0.109375 0.533418 0.721875
-0.0902317 0.415625 0.531116 0.678125
-0.0128465 0.415625 0.528805 0.328125
-0.0372206 0.328125 0.524177 0.371875
-0.122359 0.39375 0.523039 0.984375
-0.237881 0.13125 0.523353 0.721875
-0.07634 0.2625 0.524822 0.284375
-0.0742567 0.30625 0.524264 1.02812
-0.0285622 0.35 0.52487 0.6125
0.00390352 0.13125 0.530709 0.721875
-0.109001 0.284375 0.524046 0.7875
-0.223214 0.175 0.525224 0.74375
-0.105284 0.328125 0.536587 0.6125
-0.0159789 0.175 0.529342 0.721875
-0.101118 0.30625 0.547392 0.74375
-0.0990344 0.175 0.550614 0.721875
-0.00972889 0.13125 0.554118 0.7875
-0.00633722 0.175 0.547164 0.74375
-0.048315 0.175 0.55969 0.91875
-0.162528 0.30625 0.566401 0.91875
-0.130062 -0.153125 0.573403 0.809375
0.00547111 -0.13125 0.572546 1.02812
0.00972111 0.065625 0.572279 0.74375
-0.0754178 0.30625 0.581898 1.00625
-0.188322 -0.153125 0.584829 0.9625
-0.0250233 0.35 0.581946 0.875
-0.0203233 0.153125 0.584296 0.83125
0.100223 0.13125 0.59217 0.546875
0.0626202 0.196875 0.595092 0.91875
0.0369378 0.196875 0.588429 0.9625
0.0398794 0.0875 0.592524 0.415625
-0.00034 0.04375 0.603014 0.765625
0.120656 0.196875 0.598096 0.809375
0.0513628 -0.175 0.608587 0.7875
0.128298 -0.0875 0.605703 0.896875
0.0167017 -0.196875 0.604274 0.7875
0.137698 0.109375 0.606914 0.940625
0.185559 -0.4375 0.604613 0.7875
-0.0132594 -0.39375 0.612187 0.875
0.0337433 0.0875 0.614537 0.546875
0.15429 0.13125 0.613398 0.809375
0.0863044 -0.415625 0.614876 0.853125
0.11877 -0.0875 0.616353 0.721875
0.166631 -0.153125 0.615214 0.83125
0.126412 -0.153125 0.618727 0.853125
0.0571183 -0.39375 0.621077 0.74375
0.133645 -0.04375 0.620511 0.809375
0.137937 -0.459375 0.621116 0.721875
0.0254822 -0.065625 0.622294 0.765625
0.072935 0.175 0.623772 0.7
0.120838 -0.13125 0.624668 0.83125
0.07976 -0.04375 0.621194 0.809375
0.0399906 -0.13125 0.618311 0.984375
0.0438322 0.109375 0.625013 0.809375
0.00320444 0.021875 0.622129 0.765625
0.0942683 -0.04375 0.619818 0.74375
0.0968017 -0.04375 0.622168 0.765625
0.0138711 -0.35 0.618113 0.74375
0.0150961 -0.0875 0.621626 0.74375
0.0189378 0.0875 0.61757 0.7875
-0.0512141 -0.04375 0.617303 0.7875
0.0240044 0.065625 0.6182 0.875
-0.0470057 -0.04375 0.612981 0.74375
0.0718239 0.065625 0.613877 0.721875
0.0730489 -0.0875 0.609822 0.74375
0.0319711 0.0875 0.605485 0.721875
0.120868 -0.021875 0.607253 0.74375
0.00579704 -0.196875 0.60407 0.765625
0.0836322 0.065625 0.589266 0.7875
0.0848572 -0.0875 0.577361 0.83125
-0.0738252 -0.109375 0.566627 0.7875
-0.232508 -0.021875 0.557929 0.809375
-0.0696169 0.065625 0.544279 0.7875
-0.112003 0.240625 0.538779 0.7875
-0.110778 0.2625 0.527174 0.765625
0.019972 0.065625 0.516722 0.765625
0.0925739 0.109375 0.509477 0.7875
-0.0238057 0.2625 0.498453 0.765625
-0.25779 0.109375 0.490618 0.765625
-0.258732 0.109375 0.486863 0.7875
-0.112136 0.175 0.481072 0.74375
0.0926072 0.153125 0.477016 0.7
-0.0660752 0.196875 0.469481 0.875
0.0488294 0.13125 0.467179 0.721875
-0.256532 0.196875 0.466613 0.74375
-0.259232 0.13125 0.466055 0.284375
-0.259315 0.0875 0.468696 0.7
-0.0268057 0.196875 0.468711 0.678125
-0.0268891 0.175 0.472805 0.678125
-0.0256641 0.39375 0.472539 0.634375
-0.143352 0.175 0.474016 0.678125
-0.0720585 0.240625 0.479555 0.65625
-0.262432 0.021875 0.480161 0.65625
-0.0299224 0.415625 0.483383 0.634375
-0.262598 0.13125 0.487768 0.65625
0.0443544 0.153125 0.488946 0.634375
-0.231933 0.13125 0.486644 0.6125
-0.11572 0.175 0.49539 0.634375
-0.145327 0.0875 0.495124 0.634375
-0.14541 0.065625 0.495139 0.39375
-0.0278891 0.065625 0.496907 0.6125
0.0473294 0.021875 0.49664 0.6125
-0.110045 0.109375 0.494629 0.65625
0.13831 0.153125 0.496979 0.65625
-0.0203724 -0.04375 0.49554 0.678125
-0.0640669 -0.021875 0.494401 0.634375
-0.0179224 0.153125 0.495007 0.634375
0.100907 0.109375 0.490379 0.6125
0.0611378 0.109375 0.490403 0.6125
0.150893 0.04375 0.491881 0.56875
0.152118 -0.328125 0.487826 0.65625
-0.0937863 -0.328125 0.489594 0.590625
-0.00403074 0.065625 0.484966 0.634375
0.15841 -0.04375 0.482083 0.634375
0.233179 -0.48125 0.475711 0.6125
-0.0409419 -0.35 0.477479 0.634375
0.00561093 0.13125 0.467618 0.590625
0.0513054 0.175 0.46299 0.6125
-0.0338335 0.2625 0.453429 0.6125
0.17046 -0.109375 0.448801 0.590625
0.0126359 -0.328125 0.442139 0.7
-0.0293419 0.0875 0.438674 0.546875
0.0586554 0.196875 0.432011 0.590625
0.177035 -0.04375 0.4303 0.590625
0.222729 -0.415625 0.419566 0.590625
-0.0689946 -0.30625 0.414648 0.678125
0.0626137 0.328125 0.414381 0.7
-0.0965187 0.153125 0.410626 0.6125
0.0940961 0.196875 0.40717 0.56875
-0.211715 0.13125 0.404287 0.590625
0.0216526 -0.0875 0.401403 0.546875
0.0224276 0.153125 0.397939 0.371875
0.0967461 0.175 0.392739 0.48125
-0.0200835 0.153125 0.392472 0.546875
0.065297 0.21875 0.391624 0.48125
-0.182816 -0.284375 0.386705 0.6125
0.0188609 -0.13125 0.388774 0.35
-0.183883 -0.13125 0.380657 0.459375
-0.184866 0.21875 0.383589 0.4375
-0.214473 -0.109375 0.372864 0.56875
0.061197 0.2625 0.370563 0.56875
-0.21599 0.240625 0.357794 0.4375
-0.145146 0.371875 0.356946 0.6125
-0.0293835 0.21875 0.352037 0.459375
0.0119359 0.196875 0.336651 0.109375
-0.106202 0.30625 0.321266 0.415625
0.0514137 0.175 0.31374 0.39375
-0.110335 0.196875 0.307659 0.503125
0.0477304 -0.153125 0.292274 0.459375
-0.230765 -0.13125 0.283585 0.30625
-0.0436252 0.175 0.274596 0.39375
-0.234898 -0.21875 0.261827 0.39375
-0.238048 0.21875 0.253139 0.415625
-0.0949696 0.284375 0.238626 0.371875
-0.24349 0.21875 0.227029 0.4375
-0.244023 0.21875 0.219494 0.525
-0.247623 0.415625 0.214576 0.4375
-0.250773 0.56875 0.213737 0.590625
-0.254373 0.30625 0.212598 0.525
-0.257523 0.284375 0.210296 0.328125
-0.261123 0.153125 0.207422 0.328125
-0.264273 0.328125 0.205992 0.525
-0.267873 0.415625 0.209514 0.284375
0.0064887 0.30625 0.216516 0.48125
-0.273315 0.196875 0.22032 0.48125
-0.276465 0.30625 0.22297 0.35
-0.280065 0.415625 0.229681 0.240625
-0.283215 0.30625 0.236692 0.48125
-0.286815 0.371875 0.239624 0.56875
-0.215971 -0.04375 0.242274 0.175
-0.290948 0.371875 0.250729 0.328125
-0.220105 0.35 0.255996 -0.0875
-0.293773 0.503125 0.264742 0.30625
-0.296065 0.459375 0.27437 0.328125
-0.18161 0.459375 0.27672 0.284375
-0.297582 0.35 0.277035 0.39375
-0.181819 0.459375 0.284337 0.21875
-0.299098 0.30625 0.29192 0.48125
-0.299632 0.328125 0.297187 0.503125
0.00597111 0.30625 0.301281 0.48125
0.0948267 0.240625 0.29957 0.503125
0.0519906 -0.0875 0.306581 0.30625
-0.0652891 0.284375 0.30864 0.39375
-0.0222113 -0.13125 0.315942 0.4375
0.0507989 -0.153125 0.320909 0.39375
0.00882111 0.153125 0.324431 0.39375
-0.105392 0.196875 0.329398 0.525
-0.0165363 0.196875 0.325651 0.525
-0.0585141 0.196875 0.328001 0.503125
0.0162544 0.284375 0.333268 0.39375
0.10511 0.284375 0.337363 0.39375
-0.21438 0.371875 0.33914 0.4375
-0.0982085 0.196875 0.347024 0.525
-0.140186 -0.240625 0.346766 0.35
0.0213544 0.240625 0.359292 0.39375
0.0648406 0.328125 0.357 0.525
0.0651656 0.371875 0.37157 0.459375
0.0218794 0.153125 0.366661 0.546875
-0.0945419 0.21875 0.381231 0.4375
0.0220794 0.21875 0.381546 0.415625
0.0660156 0.30625 0.385068 0.525
0.0658906 0.175 0.396731 0.546875
-0.135995 -0.196875 0.393566 0.503125
-0.252416 -0.0875 0.40174 0.721875
0.112643 0.240625 0.410487 0.590625
0.0706656 0.021875 0.413137 0.503125
-0.160744 0.371875 0.411135 0.74375
-0.248949 0.109375 0.418437 0.503125
-0.132328 0.284375 0.427192 0.48125
-0.0452307 0.240625 0.427226 0.525
0.0277794 -0.21875 0.433937 0.503125
-0.00272796 0.21875 0.440366 0.525
-0.205921 0.13125 0.440109 0.546875
-0.0474474 0.240625 0.447411 0.546875
0.0255628 0.30625 0.447444 0.525
-0.0904085 -0.196875 0.453001 0.48125
-0.00461963 0.240625 0.453035 0.525
-0.209121 0.175 0.454513 0.525
0.0220378 0.284375 0.453674 0.525
-0.0503224 0.21875 0.457487 0.503125
-0.284348 0.240625 0.458392 0.678125
-0.138653 0.284375 0.4561 0.109375
-0.286765 0.284375 0.452353 0.65625
-0.258674 0.284375 0.456166 0.56875
-0.215188 0.2625 0.450094 0.590625
-0.216171 0.2625 0.448383 0.65625
-0.0590057 0.30625 0.447544 0.546875
-0.1036 0.415625 0.44874 0.721875
-0.295323 0.21875 0.441505 0.503125
-0.298923 0.30625 0.442701 0.525
-0.0677641 0.39375 0.444179 0.525
-0.302648 0.21875 0.443631 0.546875
-0.158711 0.284375 0.437268 0.48125
-0.306373 0.284375 0.439337 0.590625
-0.309115 -0.13125 0.434137 0.56875
-0.311407 0.35 0.430681 0.546875
-0.314148 0.415625 0.431877 0.590625
-0.0842974 0.503125 0.426387 0.56875
-0.173811 0.284375 0.42235 0.590625
-0.132942 0.2625 0.423255 0.590625
-0.325523 0.2625 0.418055 0.56875
-0.329573 0.415625 0.410239 0.546875
-0.333623 0.21875 0.408527 0.56875
-0.335915 0.371875 0.401583 0.525
-0.338657 0.590625 0.400744 0.56875
-0.342257 0.546875 0.392937 0.634375
-0.227394 0.35 0.387737 0.546875
-0.201061 0.4375 0.383409 0.56875
-0.276038 0.415625 0.379953 0.56875
-0.352773 0.371875 0.373009 0.590625
-0.356823 0.56875 0.371007 0.634375
-0.360423 0.4375 0.364935 0.634375
-0.364473 0.39375 0.362933 0.546875
-0.368073 0.415625 0.360059 0.56875
-0.0655372 0.415625 0.358348 0.525
-0.374865 0.39375 0.359253 0.04375
-0.378465 0.371875 0.357251 0.30625
-0.382965 0.590625 0.35555 0.48125
-0.197175 0.415625 0.354711 0.525
-0.390657 0.56875 0.360277 0.56875
-0.395157 0.415625 0.365544 0.503125
-0.399657 0.415625 0.369366 0.4375
-0.404157 0.590625 0.378122 0.546875
-0.407348 0.48125 0.3802 0.7
-0.411848 0.503125 0.381977 0.525
-0.342355 0.4375 0.384927 0.503125
-0.416923 0.35 0.38845 0.48125
-0.187522 0.525 0.398377 0.546875
-0.421998 0.4375 0.4019 0.546875
-0.42519 0.48125 0.405722 0.48125
-0.428382 0.459375 0.410116 0.48125
-0.242592 0.546875 0.413939 0.503125
-0.241859 0.371875 0.412227 0.546875
-0.286045 0.525 0.415468 0.525
-0.317002 0.415625 0.416083 0.503125
-0.15767 0.525 0.42194 0.546875
-0.0842511 -0.04375 0.417613 0.546875
-0.128437 0.35 0.426087 0.503125
-0.129012 0.371875 0.421187 0.48125
-0.202272 0.21875 0.420057 0.503125
-0.129304 0.04375 0.423298 0.503125
-0.0849594 0.30625 0.41897 0.4375
-0.040615 0.04375 0.413779 0.30625
-0.0385733 0.04375 0.418183 0.459375
-0.0814511 -0.021875 0.413564 0.48125
-0.284236 0.021875 0.413316 0.4375
-0.196281 0.21875 0.404337 0.459375
-0.03564 0.175 0.406705 0.525
-0.151203 0.21875 0.402387 0.525
0.0107461 0.240625 0.399803 0.525
-0.0321317 0.196875 0.39752 0.459375
-0.119071 0.021875 0.389713 0.546875
-0.192331 0.35 0.394398 0.546875
-0.192906 0.196875 0.392696 0.56875
-0.147253 0.30625 0.38924 0.503125
-0.0302233 0.109375 0.388701 0.546875
-0.116712 0.196875 0.387 0.525
-0.0715094 0.13125 0.388777 0.546875
-0.231992 0.109375 0.388239 0.590625
-0.231259 0.065625 0.390316 0.546875
-0.0706178 0.153125 0.389777 0.371875
-0.0685761 0.109375 0.390683 0.634375
-0.182831 0.0875 0.391889 0.546875
-0.183856 0.21875 0.393676 0.546875
-0.0668261 0.175 0.397489 0.678125
-0.182389 0.175 0.399566 0.546875
-0.0230567 0.21875 0.40775 0.525
-0.13862 0.175 0.404594 0.525
-0.02204 0.109375 0.411024 0.634375
-0.181214 0.0875 0.413974 0.240625
-0.0641844 0.175 0.414307 0.503125
-0.0634511 0.175 0.417257 0.546875
-0.0195567 0.0875 0.419035 0.459375
-0.222342 0.0875 0.413263 0.525
-0.0193983 0.175 0.419992 0.546875
-0.104579 0.0875 0.420326 0.546875
-0.0606844 0.13125 0.419777 0.503125
-0.0150317 0.13125 0.416622 0.56875
-0.0579094 0.13125 0.413466 0.546875
-0.0597928 0.13125 0.412927 0.4375
-0.263028 0.109375 0.4089 0.56875
-0.103696 0.153125 0.409233 0.525
-0.0144317 0.13125 0.406068 0.525
0.0294628 0.109375 0.400296 0.459375
-0.013415 0.13125 0.395396 0.590625
-0.128978 0.109375 0.397764 0.459375
-0.0581761 0.109375 0.392574 0.48125
-0.100196 0.109375 0.38244 0.48125
0.0300628 0.065625 0.37724 0.459375
-0.172722 0.153125 0.37234 0.39375
-0.26097 0.0875 0.369476 0.4375
-0.100329 0.196875 0.365448 0.415625
0.0312378 0.13125 0.357931 0.721875
-0.01254 0.065625 0.351287 0.4375
-0.0584844 0.065625 0.347259 0.48125
-0.408848 0.153125 0.344403 0.459375
-0.411632 0.284375 0.338631 0.39375
-0.0624594 0.196875 0.330824 0.459375
-0.0177067 0.153125 0.32069 0.459375
0.0248794 0.2625 0.317835 0.35
-0.223725 0.065625 0.317296 0.4375
-0.27012 0.2625 0.311233 0.4375
-0.390058 0.284375 0.310694 0.4375
-0.114021 0.175 0.30435 0.39375
-0.0252067 0.153125 0.298287 0.4375
-0.0266817 0.0875 0.296876 0.39375
-0.144453 0.21875 0.291403 0.459375
-0.146786 0.284375 0.292609 0.415625
-0.193181 0.4375 0.290907 0.459375
-0.123279 0.13125 0.290368 0.546875
-0.313285 0.21875 0.291874 0.459375
-0.0821678 0.35 0.293661 0.634375
-0.199939 0.21875 0.293994 0.546875
-0.200964 0.35 0.297244 0.4375
-0.128446 0.0875 0.297577 0.415625
-0.0876178 0.30625 0.302272 0.415625
-0.366155 0.30625 0.306394 0.525
-0.368938 0.328125 0.308181 0.415625
-0.325494 0.13125 0.313466 0.4375
-0.165753 0.371875 0.314672 0.525
-0.136396 0.13125 0.316459 0.4375
-0.0929511 0.109375 0.318837 0.4375
-0.165803 0.13125 0.320914 0.525
-0.29897 0.13125 0.328816 0.4375
-0.416741 0.328125 0.329731 0.39375
-0.142012 0.328125 0.334716 0.546875
0.0190369 0.0875 0.335059 0.328125
0.109159 0.328125 0.3383 0.415625
-0.00730389 0 0.339805 0.590625
-0.168686 0.021875 0.345372 0.415625
-0.211156 0.04375 0.342216 0.48125
-0.138187 -0.175 0.35099 0.371875
-0.00490389 0 0.349289 0.459375
0.0253119 0.240625 0.345561 0.546875
0.0277619 0.21875 0.351418 0.459375
0.0289035 0.21875 0.345655 0.415625
-0.0844928 -0.065625 0.349768 0.459375
-0.125654 0.2625 0.347494 0.6125
0.00632111 -0.13125 0.345211 0.4375
0.0378452 0.2625 0.343227 0.56875
0.0839063 -0.21875 0.345305 0.48125
0.130417 -0.196875 0.343903 0.4375
0.131559 -0.13125 0.346272 0.525
0.090398 -0.175 0.346905 0.48125
-0.0696761 -0.2625 0.3516 0.35
-0.0685344 0.284375 0.35107 0.4375
0.0224461 -0.21875 0.351403 0.39375
0.185254 0.21875 0.351164 0.503125
0.145401 -0.21875 0.351498 0.459375
0.102931 -0.109375 0.353876 0.6125
0.0313878 -0.109375 0.348985 0.4375
-0.0110817 0.196875 0.360076 0.546875
0.0349794 0.196875 0.358092 0.546875
0.153726 -0.153125 0.36017 0.503125
0.113015 -0.175 0.364292 0.546875
0.0427794 -0.175 0.365498 0.546875
0.162834 -0.153125 0.359735 0.503125
0.165284 -0.2625 0.369381 0.48125
0.0818202 -0.153125 0.373203 0.48125
0.170184 -0.196875 0.368313 0.459375
-0.0308844 -0.175 0.377087 0.56875
0.0865535 0.21875 0.380037 0.48125
0.0881452 -0.30625 0.378635 0.48125
0.0910452 0.196875 0.385364 0.590625
0.0644211 0.240625 0.389777 0.459375
0.0660128 -0.196875 0.391564 0.459375
0.0966785 0.240625 0.393942 0.634375
-0.089853 -0.153125 0.392531 0.48125
0.0267267 -0.021875 0.396653 0.546875
0.10362 -0.021875 0.39815 0.503125
0.103454 -0.30625 0.400527 0.503125
0.0759711 -0.175 0.401442 0.546875
-0.0114178 -0.175 0.405855 0.525
-0.0825113 0.21875 0.408805 0.48125
0.151673 0.21875 0.407403 0.48125
0.03521 -0.175 0.413261 0.590625
-0.0517289 0 0.415639 0.525
-0.00783444 0.240625 0.4151 0.525
-0.0780696 -0.13125 0.413989 0.634375
-0.0487122 0.13125 0.416366 0.503125
0.112337 0 0.417572 0.546875
-0.0472872 -0.284375 0.414716 0.56875
0.0397683 -0.065625 0.418539 0.525
-0.0471706 -0.2625 0.425568 0.525
-0.119572 0.21875 0.422713 0.678125
-0.237344 0.240625 0.429151 0.48125
-0.0493872 0.065625 0.426296 0.4375
0.03636 0.39375 0.432153 0.546875
-0.00696778 -0.21875 0.432787 0.503125
-0.35864 0.153125 0.430803 0.546875
-0.330591 0.109375 0.435789 0.590625
-0.0122511 0.30625 0.436422 0.459375
-0.084653 0.21875 0.434729 0.459375
-0.216961 0.2625 0.433318 0.503125
-0.0884613 0.284375 0.435114 0.48125
-0.178467 0.13125 0.42877 0.459375
-0.179492 0.2625 0.42794 0.525
-0.095053 0.284375 0.426248 0.503125
-0.0670039 0.35 0.416414 0.546875
-0.184775 0.240625 0.407153 0.525
-0.0708122 0.284375 0.399064 0.525
-0.378873 0.328125 0.39272 0.48125
-0.0759289 0.175 0.382887 0.590625
-0.195009 0.284375 0.372463 0.56875
-0.197342 0.2625 0.361757 0.765625
-0.111595 0.35 0.355413 0.56875
-0.39144 0.2625 0.347896 0.546875
-0.11802 0.328125 0.331666 0.371875
-0.207575 0.284375 0.325322 0.809375
-0.168056 0.35 0.31607 0.7875
-0.215759 0.196875 0.3074 0.6125
-0.379308 0.153125 0.305116 0.6125
-0.412473 0.371875 0.295864 0.634375
-0.414807 0.30625 0.299987 0.525
-0.0687011 0.4375 0.29684 0.634375
-0.421682 0.284375 0.296883 0.48125
-0.426632 0.4375 0.299261 0.525
-0.401649 0.328125 0.303383 0.525
-0.435673 0.525 0.308959 0.503125
-0.439765 0.590625 0.311337 0.503125
-0.443857 0.39375 0.321564 0.525
-0.448807 0.4375 0.320735 0.415625
-0.452898 0.546875 0.334742 0.503125
-0.458298 0.415625 0.344098 0.48125
-0.184428 0.7 0.343568 0.459375
-0.393346 0.48125 0.352924 0.503125
-0.468365 0.525 0.363733 0.459375
-0.473765 0.590625 0.369309 0.4375
-0.477857 0.48125 0.375166 0.415625
-0.174912 0.503125 0.381905 0.503125
-0.40898 0.48125 0.388935 0.4375
-0.208245 0.546875 0.391313 0.4375
-0.48854 0.459375 0.395435 0.415625
-0.461799 0.56875 0.397813 0.30625
-0.304675 0.6125 0.402807 0.503125
-0.30615 0.459375 0.40344 0.48125
-0.191329 0.503125 0.409598 0.371875
-0.104273 0.459375 0.408487 0.48125
-0.426871 0.459375 0.411737 0.459375
-0.50234 0.459375 0.414114 0.48125
-0.358445 0.48125 0.412131 0.459375
-0.198704 0.415625 0.412764 0.48125
-0.11034 0.371875 0.412526 0.459375
-0.111815 0.371875 0.411414 0.48125
-0.229586 0.30625 0.411176 0.39375
-0.158826 0.35 0.410655 0.4375
-0.276597 0.153125 0.410416 0.48125
-0.116857 0.35 0.412213 0.48125
-0.205554 0.2625 0.405577 0.525
-0.118498 0.30625 0.407083 0.503125
-0.163584 0.240625 0.401611 0.546875
-0.118832 0.21875 0.397883 0.525
-0.0753872 0.196875 0.396772 0.30625
-0.122232 0.21875 0.394216 0.525
-0.238695 0.240625 0.390489 0.525
-0.168793 0.240625 0.391994 0.546875
-0.242953 0.240625 0.387394 0.721875
-0.125515 0.21875 0.384539 0.590625
-0.125682 0.240625 0.381683 0.634375
-0.128915 0.240625 0.383489 0.503125
-0.335217 0.175 0.381214 0.56875
-0.336692 0.240625 0.380103 0.590625
-0.381778 0.328125 0.379864 0.503125
-0.381945 0.328125 0.376137 0.503125
-0.179043 0.371875 0.368929 0.546875
-0.138215 0.35 0.377703 0.503125
-0.181993 0.21875 0.3795 0.48125
-0.534973 0.35 0.380133 0.415625
-0.391528 0.546875 0.37467 0.634375
-0.465688 0.48125 0.375594 0.415625
-0.14604 0.459375 0.371866 0.590625
-0.101287 0.371875 0.371918 0.459375
-0.189126 0.371875 0.366746 0.525
-0.395428 0.35 0.364763 0.459375
-0.469588 0.415625 0.361907 0.459375
-0.267545 0.39375 0.365739 0.6125
-0.356692 0.4375 0.357659 0.39375
-0.109729 0.4375 0.354222 0.39375
-0.240729 0.328125 0.350785 0.503125
-0.154982 0.328125 0.348229 0.39375
-0.244129 0.35 0.344792 0.39375
-0.433277 0.284375 0.333505 0.415625
-0.203468 0.48125 0.3231 0.328125
-0.250312 0.371875 0.317918 0.328125
-0.250479 0.35 0.301689 0.459375
-0.163423 0.459375 0.292155 0.35
-0.325256 0.39375 0.278833 0.328125
-0.413953 0.415625 0.264348 0.328125
-0.531724 0.328125 0.253651 0.4375
-0.257446 0.4375 0.245563 0.39375
-0.171698 0.48125 0.235157 0.35
-0.259087 0.415625 0.222416 0.39375
-0.217401 0.48125 0.214909 0.48125
-0.335172 0.35 0.206248 0.4375
-0.497863 0.4375 0.19874 0.39375
-0.501096 0.459375 0.195894 0.415625
-0.299053 0.503125 0.186642 0.415625
-0.182923 0.48125 0.186413 0.371875
-0.227151 0.39375 0.184429 0.39375
-0.185015 0.4375 0.181283 0.39375
-0.274162 0.4375 0.182798 0.35
-0.307328 0.371875 0.183431 0.546875
-0.31187 0.371875 0.192214 0.328125
-0.591307 0.525 0.20187 0.240625
-0.4038 0.590625 0.20512 0.415625
-0.244509 0.48125 0.207798 0.328125
-0.406342 0.503125 0.209303 0.2625
-0.363347 0.48125 0.220994 0.371875
-0.248526 0.459375 0.220464 0.328125
-0.600648 0.459375 0.227503 0.371875
-0.252376 0.546875 0.234833 0.284375
-0.208932 0.459375 0.232559 0.284375
-0.210857 0.415625 0.239889 0.328125
-0.414992 0.459375 0.240522 0.240625
-0.213398 0.459375 0.244944 0.30625
-0.417084 0.371875 0.243842 0.371875
-0.212873 0.415625 0.251744 0.2625
-0.0958854 0.546875 0.25355 0.284375
-0.167879 0.328125 0.256227 0.30625
-0.166737 0.328125 0.259477 0.30625
-0.209657 0.39375 0.256922 0.328125
-0.210273 0.328125 0.260472 0.284375
-0.135588 0.284375 0.258198 0.415625
-0.134446 0.35 0.264655 0.328125
-0.0888354 0.2625 0.267333 0.35
-0.159521 0.196875 0.263605 0.415625
0.00369519 0.21875 0.2689 0.328125
0.00700352 0.2625 0.262855 0.328125
-0.075152 0.240625 0.264661 0.2625
-0.115455 0.175 0.260061 0.39375
-0.0262326 0.240625 0.260122 0.4375
0.0206869 0.153125 0.261927 0.35
0.0530693 0.0875 0.264605 0.4375
0.0290619 0.240625 0.260005 0.39375
0.0336785 -0.240625 0.255414 0.328125
0.0647526 0.13125 0.258092 0.415625
0.11298 0.13125 0.26077 0.371875
0.0739859 0.065625 0.255007 0.415625
0.00460907 -0.503125 0.25594 0.371875
0.0515285 -0.021875 0.256001 0.4375
0.0565952 0.196875 0.256644 0.590625
0.0599035 0.13125 0.26659 0.371875
0.0645202 0 0.259092 0.4375
0.258118 -0.240625 0.266413 0.371875
0.101519 -0.21875 0.26502 0.328125
0.0783702 -0.240625 0.278746 0.4375
0.197975 -0.153125 0.276772 0.30625
0.115369 -0.21875 0.286718 0.328125
0.0896035 -0.021875 0.27922 0.39375
0.212275 -0.39375 0.281598 0.30625
0.17328 -0.39375 0.285148 0.459375
0.222816 -0.415625 0.287826 0.371875
0.227433 -0.13125 0.291666 0.30625
0.276969 -0.415625 0.304229 0.459375
0.31066 -0.175 0.295859 0.371875
0.242591 -0.153125 0.300572 0.328125
0.248516 -0.196875 0.301214 0.371875
0.253133 -0.0875 0.316103 0.39375
0.256441 -0.48125 0.319653 0.48125
0.261058 -0.153125 0.31012 0.546875
0.222064 -0.065625 0.322101 0.4375
0.272908 -0.459375 0.323898 0.328125
0.352827 -0.371875 0.326576 0.546875
0.329678 -0.546875 0.32024 0.415625
0.203461 -0.04375 0.319139 0.371875
0.252997 -0.525 0.328503 0.39375
0.256305 -0.109375 0.325657 0.48125
0.188237 0 0.32659 0.284375
0.265539 0.021875 0.333048 0.459375
0.227853 -0.459375 0.328457 0.39375
0.27608 -0.13125 0.332298 0.415625
0.208012 -0.065625 0.335848 0.35
0.0804869 -0.4375 0.337944 0.48125
0.169709 -0.13125 0.33975 0.459375
0.173017 -0.4375 0.340983 0.39375
0.130956 -0.13125 0.341626 0.4375
0.177876 -0.459375 0.342559 0.415625
0.180734 -0.4375 0.3464 0.328125
0.182734 -0.415625 0.343844 0.4375
0.141123 -0.4375 0.350601 0.415625
0.0699878 -0.021875 0.347755 0.39375
0.189592 -0.021875 0.347816 0.4375
0.233445 -0.371875 0.354274 0.39375
0.0319267 -0.153125 0.349101 0.371875
0.104854 0.153125 0.353242 0.39375
0.106404 0.065625 0.351559 0.39375
0.150706 -0.04375 0.35162 0.371875
0.0795711 -0.175 0.352844 0.30625
0.110645 -0.21875 0.350589 0.39375
0.0818128 0.021875 0.345416 0.35
-0.0483289 0.04375 0.348385 0.371875
0.039135 -0.13125 0.343513 0.371875
-0.0473956 -0.175 0.339503 0.503125
-0.00354278 0.196875 0.32997 0.415625
0.113445 -0.153125 0.329159 0.415625
-0.00522611 -0.328125 0.327194 0.4375
0.111312 0.0875 0.317661 0.415625
0.03801 0 0.313361 0.415625
0.0382517 0.175 0.304127 0.4375
-0.167192 0.13125 0.299246 0.415625
-0.242252 0.21875 0.298153 0.328125
-0.0829613 0.196875 0.288329 0.503125
-0.0113428 0.284375 0.277051 0.39375
0.0312017 0.153125 0.27247 0.415625
-0.0566372 -0.153125 0.262937 0.415625
-0.249302 -0.13125 0.253403 0.4375
-0.0917696 0.30625 0.245914 0.503125
0.0226017 -0.0875 0.235218 0.4375
-0.0960696 0.240625 0.22395 0.4375
-0.185217 -0.0875 0.213544 0.39375
-0.145289 0.175 0.199068 0.39375
-0.26396 -0.0875 0.194777 0.4375
-0.0332928 0.240625 0.188733 0.39375
-0.26826 -0.065625 0.187059 0.415625
-0.0829622 0.13125 0.179561 0.415625
-0.0861956 0.04375 0.178759 0.415625
-0.366083 0.35 0.177657 0.39375
-0.369766 0.2625 0.187031 0.35
-0.170789 0.415625 0.19029 0.371875
-0.101787 0.30625 0.200537 0.328125
-0.410748 0.2625 0.211064 0.35
-0.41574 0.634375 0.218403 0.284375
-0.420282 0.35 0.227477 0.2625
-0.425273 0.39375 0.233072 0.240625
-0.121062 0.459375 0.23197 0.284375
-0.154678 0.371875 0.240472 0.240625
-0.435873 0.30625 0.249255 0.021875
-0.442173 0.525 0.256013 0.284375
-0.141887 0.4375 0.261307 0.30625
-0.174195 0.371875 0.264285 0.30625
-0.307403 0.328125 0.271042 0.30625
-0.457765 0.48125 0.271685 0.328125
-0.461448 0.65625 0.278442 0.240625
-0.158096 0.503125 0.278503 0.2625
-0.07194 0.328125 0.277992 0.30625
-0.116618 0.39375 0.279226 0.30625
-0.236597 0.30625 0.279287 0.371875
-0.2852 0.30625 0.282264 0.109375
-0.476107 0.240625 0.282044 0.328125
-0.202278 0.35 0.281233 0.153125
-0.0421289 0.328125 0.27985 0.328125
-0.129109 0.240625 0.280211 0.2625
-0.130176 0.284375 0.275039 0.30625
-0.292459 0.196875 0.273655 0.328125
-0.251222 0.240625 0.275179 0.284375
-0.135993 0.371875 0.273496 0.35
-0.135751 0.196875 0.267751 0.39375
-0.0932067 0.240625 0.263751 0.35
-0.0942733 0.2625 0.257135 0.39375
-0.09534 0.21875 0.256324 0.39375
-0.097715 0.21875 0.252324 0.371875
-0.0974733 0.153125 0.245416 0.371875
-0.259756 0.21875 0.248685 0.371875
-0.145834 0.21875 0.2348 0.04375
-0.10329 0.30625 0.237477 0.328125
-0.146659 0.196875 0.231733 0.415625
-0.146418 0.30625 0.225116 0.4375
-0.352311 0.21875 0.225477 0.39375
-0.223853 0.284375 0.22235 0.371875
-0.153543 0.30625 0.221839 0.30625
-0.110998 0.21875 0.220155 0.371875
-0.155676 0.240625 0.216737 0.328125
-0.113132 0.21875 0.215353 0.328125
-0.159118 0.240625 0.21775 0.21875
-0.439005 0.21875 0.216366 0.48125
-0.44183 0.415625 0.218472 0.328125
-0.166693 0.328125 0.215344 0.371875
-0.167759 0.35 0.212216 0.284375
-0.0512215 0.30625 0.211696 0.35
-0.328492 0.30625 0.212057 0.21875
-0.332175 0.35 0.204277 0.284375
-0.335859 0.30625 0.207546 0.525
-0.221937 0.35 0.202674 0.240625
-0.13709 0.39375 0.20129 0.175
-0.183526 0.30625 0.199907 0.240625
-0.140982 0.2625 0.199687 0.30625
-0.230579 0.35 0.192779 0.065625
-0.262028 0 0.190814 0.0875
-0.191718 0.2625 0.183035 0.196875
-0.15179 0.2625 0.183396 0.240625
-0.517591 0.284375 0.18114 0.240625
-0.200601 0.415625 0.17714 0.153125
-0.158057 0.371875 0.171396 0.30625
-0.202734 0.2625 0.165651 0.153125
-0.161498 0.35 0.164268 0.13125
-0.412311 0.30625 0.16492 0.196875
-0.256537 0.35 0.162664 0.153125
-0.420128 0.39375 0.162153 0.153125
-0.174065 0.4375 0.159026 0.328125
-0.220051 0.525 0.149792 0.21875
-0.178815 0.35 0.144629 0.240625
-0.57414 0.35 0.14122 0.240625
-0.548749 0.35 0.129661 0.39375
-0.274921 0.459375 0.123044 0.240625
-0.274679 0.459375 0.117881 0.21875
-0.144054 0.39375 0.112718 0.35
-0.349947 0.371875 0.113079 0.196875
-0.557149 0.4375 0.107916 0.371875
-0.443228 0.546875 0.108859 0.284375
-0.475127 0.4375 0.115044 0.2625
-0.287212 0.546875 0.115987 0.196875
-0.199748 0.4375 0.121581 0.21875
-0.202123 0.371875 0.120779 0.328125
-0.20364 0.415625 0.129281 0.284375
-0.454453 0.35 0.13662 0.21875
-0.325995 0.4375 0.139898 0.328125
-0.257443 0.65625 0.149272 0.35
-0.302121 0.415625 0.151959 0.196875
-0.301879 0.415625 0.151448 0.328125
-0.172112 0.39375 0.159087 0.065625
-0.258234 0.240625 0.161483 0.21875
-0.172079 0.39375 0.167077 0.284375
-0.260368 0.240625 0.167148 0.21875
-0.218273 0.371875 0.167809 0.04375
-0.379247 0.2625 0.17602 0.196875
-0.21779 0.30625 0.176381 0.284375
-0.0580909 0.35 0.183139 0.196875
-0.0992937 0.328125 0.183509 0.21875
-0.0558909 0.30625 0.182998 0.2625
-0.170637 0.196875 0.185403 0.284375
-0.258068 0.196875 0.19187 0.2625
-0.095752 0.2625 0.191659 0.35
0.0691804 0.21875 0.191148 0.2625
0.0279776 0.153125 0.194426 0.175
3.51852e-06 0.153125 0.197403 0.35
-0.203273 0.153125 0.196901 0.2625
-0.203482 0.175 0.19639 0.371875
-0.128388 0.175 0.207809 0.284375
0.00616185 0.153125 0.207007 0.284375
0.0402609 0.153125 0.208831 0.240625
0.0135952 0.0875 0.203377 0.328125
-0.0712187 0.153125 0.203748 0.240625
-0.114588 0.065625 0.210214 0.503125
-0.0685687 0.2625 0.226285 0.48125
-0.0674687 0.109375 0.224611 0.2625
-0.063752 0.109375 0.224109 0
0.0271869 0.065625 0.228259 0.2625
-0.0127076 0 0.235016 0.2625
-0.0116076 -0.04375 0.238003 0.2625
-0.128112 -0.021875 0.245342 0.35
-0.0979381 0.109375 0.251237 0.13125
-0.0955298 0.04375 0.265563 0.415625
-0.0918131 0.21875 0.260109 0.35
-0.000424259 0.21875 0.264259 0.328125
-0.0442437 -0.065625 0.270726 0.328125
-0.160748 0 0.281272 0.371875
-0.0869631 0.240625 0.290074 0.2625
0.00266741 0.196875 0.30032 0.328125
-0.037227 0.39375 0.292259 0.39375
-0.036127 0.240625 0.297281 0.39375
-0.152632 -0.284375 0.312479 0.525
-0.267828 -0.021875 0.30877 0.4375
-0.0341354 0.021875 0.313792 0.48125
-0.104412 0.2625 0.318233 0.39375
0.0129841 0.240625 0.329351 0.371875
-0.103521 0.2625 0.339026 0.35
-0.263636 0.2625 0.346664 0.39375
-0.192468 0.284375 0.346163 0.56875
-0.149065 0.284375 0.346233 0.415625
-0.194193 0.2625 0.360268 0.371875
-0.15079 0.284375 0.363546 0.415625
-0.0783131 -0.153125 0.36944 0.065625
-0.0785215 0.284375 0.378814 0.39375
-0.0774215 0.284375 0.377731 0.459375
-0.150315 0.021875 0.382753 0.371875
-0.428035 0.240625 0.386031 0.721875
-0.314564 0.30625 0.392216 0.39375
-0.108637 0.371875 0.395494 0.48125
-0.0339937 0.30625 0.394111 0.525
-0.0778131 -0.21875 0.397389 0.546875
-0.154632 0.2625 0.398922 0.4375
-0.477271 0.21875 0.4022 0.415625
-0.203893 0.284375 0.405768 0.48125
-0.116879 0.30625 0.407301 0.525
-0.160698 0.284375 0.407963 0.459375
-0.323431 0.328125 0.41124 0.48125
-0.326256 0.284375 0.412774 0.39375
-0.256396 0.35 0.413135 0.48125
-0.215609 0.30625 0.417576 0.48125
-0.333872 0.35 0.418237 0.525
-0.265321 0.35 0.421514 0.56875
-0.224534 0.39375 0.422466 0.284375
-0.183748 0.371875 0.419639 0.546875
-0.186573 0.30625 0.419427 0.525
-0.392917 0.35 0.419507 0.48125
-0.352989 0.39375 0.421913 0.48125
-0.311753 0.39375 0.414424 0.48125
-0.313678 0.371875 0.421481 0.525
-0.243368 0.39375 0.414864 0.459375
-0.362039 0.39375 0.412327 0.48125
-0.365272 0.39375 0.406583 0.503125
-0.48656 0.6125 0.399685 0.459375
-0.604782 0.459375 0.387844 0.2625
-0.300571 0.503125 0.381518 0.525
-0.258026 0.4375 0.372876 0.503125
-0.492544 0.459375 0.363642 0.525
-0.539838 0.65625 0.354127 0.48125
-0.615757 0.503125 0.346939 0.459375
-0.343236 0.590625 0.331309 0.525
-0.228007 0.525 0.318887 0.153125
-0.506135 0.6125 0.303548 0.503125
-0.435825 0.546875 0.287927 0.503125
-0.395897 0.459375 0.278994 0.546875
-0.35552 0.546875 0.270342 0.4375
-0.330129 0.56875 0.266351 0.48125
-0.610016 0.546875 0.261779 0.56875
-0.411039 0.590625 0.258361 0.56875
-0.368495 0.546875 0.252916 0.525
-0.501703 0.56875 0.246309 0.48125
-0.417714 0.328125 0.244935 0.590625
-0.656607 0.175 0.24704 0.415625
-0.427697 0.678125 0.250318 0.415625
-0.663973 0.678125 0.249816 -0.0875
-0.55091 0.74375 0.252794 0.371875
-0.526828 0.678125 0.260433 0.39375
-0.488209 0.7 0.263711 0.371875
-0.405978 0.678125 0.273385 0.371875
-0.41052 0.634375 0.278116 0.4375
-0.691715 0.634375 0.282839 0.35
-0.696707 0.7875 0.288151 0.35
-0.672624 0.765625 0.294918 0.371875
-0.673241 0.984375 0.295579 0.371875
-0.55932 0.809375 0.300601 0.35
-0.430861 0.74375 0.296601 0.328125
-0.56407 0.721875 0.305403 0.35
-0.408704 0.765625 0.307809 0.240625
-0.717665 0.678125 0.311087 0.415625
-0.649971 0.765625 0.314364 0.2625
-0.534742 0.7 0.315316 0.371875
-0.259605 0.7 0.318594 0.4375
-0.287987 0.65625 0.315766 0.328125
-0.537492 0.6125 0.309731 0.30625
-0.656163 0.65625 0.312427 0.35
-0.616235 0.678125 0.313089 0.39375
-0.33979 0.809375 0.307644 0.35
-0.133413 0.6125 0.299583 0.30625
-0.264005 0.503125 0.297046 0.328125
-0.452295 0.56875 0.291601 0.371875
-0.45467 0.546875 0.293716 0.590625
-0.457045 0.56875 0.287981 0.415625
-0.33789 0.546875 0.275559 0.4375
-0.173816 0.35 0.262264 0.39375
-0.377093 0.678125 0.255076 0.39375
-0.331932 0.525 0.248759 0.459375
-0.286771 0.48125 0.238953 0.39375
-0.418221 0.48125 0.23002 0.35
-0.375676 0.39375 0.220214 0.371875
-0.417737 0.525 0.211281 0.328125
-0.284046 0.525 0.202348 0.153125
-0.12128 0.4375 0.19167 0.284375
-0.250563 0.328125 0.180992 0.30625
-0.527834 0.4375 0.173803 0.56875
-0.57382 0.4375 0.171266 0.284375
-0.252455 0.48125 0.160016 0.30625
-0.0883807 0.503125 0.150211 0.328125
-0.201819 0.415625 0.133137 0.21875
-0.5227 0.371875 0.125076 0.35
-0.525075 0.459375 0.12312 0.153125
-0.321315 0.525 0.110698 0.175
-0.20216 0.459375 0.106126 0.371875
-0.20061 0.39375 0.0902237 0.240625
-0.271746 0.459375 0.0847793 0.021875
-0.361343 0.39375 0.0775904 0.240625
-0.406021 0.4375 0.070983 0.13125
-0.405779 0.4375 0.0646663 0.21875
-0.318315 0.48125 0.0574774 0.13125
-0.318073 0.459375 0.0540774 0.0875
-0.361443 0.503125 0.0468885 0.021875
-0.31759 0.4375 0.0405719 0.021875
-0.405879 0.48125 0.0377441 0.0875
-0.568161 0.590625 0.0352163 0.0875
-0.410629 0.56875 0.0303533 0.13125
-0.249171 0.35 0.0275256 0.0875
-0.20401 0.415625 0.0209181 0.109375
-0.320065 0.503125 0.021007 0.04375
-0.482347 0.48125 0.0207959 0.065625
-0.719073 0.546875 0.021457 0.021875
-0.486239 0.503125 0.020383 0.196875
-0.207177 0.590625 0.0175552 -0.021875
-0.115788 0.2625 0.0173441 0.109375
-0.317757 0.35 0.0156885 0.04375
-0.439045 0.48125 0.0198385 -0.0875
-0.368734 0.503125 0.0251515 0.0875
-0.368493 0.04375 0.0208793 0.175
-0.206177 0.503125 0.018633 0.13125
-0.278621 0.415625 0.020757 0.328125
-0.246688 0.48125 0.017057 0.0875
-0.365359 0.415625 0.0246959 -0.0875
-0.439111 0.48125 0.0183885 0.065625
-0.43887 0.4375 0.0193404 -0.109375
-0.321023 0.525 0.0173941 0.065625
-0.276312 0.109375 0.0189274 0.39375
-0.158466 0.4375 0.0195885 0.109375
-0.274521 0.39375 0.01677 -0.0875
-0.566328 0.415625 0.0217922 -0.13125
-0.568703 0.39375 0.0279867 0.196875
-0.202869 0.175 0.0234144 -0.153125
-0.155091 0.503125 0.0240848 -0.153125
-0.108621 0.65625 0.0264904 -0.153125
-0.560336 0.35 0.0338478 0.240625
-0.708532 0.503125 0.0423589 -0.13125
-0.432086 0.0875 0.0337256 0.371875
-0.150408 0.525 0.0448626 -0.153125
0.0585859 0.459375 0.0510478 -0.153125
-0.187444 0.39375 0.05637 0.175
-0.582319 0.371875 0.0517978 -0.021875
-0.395712 0.459375 0.0652607 -0.13125
-0.308248 -0.021875 0.0711552 -0.13125
-0.263537 0.415625 0.07357 0.240625
-0.100771 0.415625 0.0911033 0.13125
-0.228746 0.284375 0.0847867 0.175
-0.30164 0.459375 0.0985404 0.13125
-0.506225 0.328125 0.0994922 -0.0875
-0.5086 0.459375 0.109176 -0.2625
-0.348451 0.48125 0.12729 0.196875
-0.142524 0.4375 0.122137 0.13125
-0.140974 0.328125 0.129203 0.196875
-0.226646 0.4375 0.13627 0.153125
-0.347076 0.371875 0.145653 0.21875
-0.69834 0.39375 0.155337 0.30625
-0.512184 0.56875 0.16502 0.175
-0.263504 0.4375 0.183426 0.21875
-0.0729724 0.39375 0.177981 0.30625
-0.143249 0.48125 0.190863 0.175
-0.464131 0.371875 0.191242 0.196875
-0.424203 0.415625 0.200926 0.328125
-0.354343 0.4375 0.209437 0.21875
-0.311798 0.503125 0.217376 0.21875
-0.312007 0.503125 0.224442 0.2625
-0.237771 0.48125 0.241976 0.21875
-0.310215 0.48125 0.246135 0.284375
-0.42672 -0.153125 0.247668 0.39375
-0.312798 0.459375 0.256479 0.30625
-0.357926 0.4375 0.267035 0.30625
-0.270462 0.415625 0.275264 0.2625
-0.402812 0.415625 0.269539 0.284375
-0.271737 0.415625 0.284746 0.39375
-0.271946 0.415625 0.283372 0.30625
-0.315315 0.415625 0.289857 0.30625
-0.477597 0.459375 0.30332 0.459375
-0.406429 0.459375 0.308642 0.48125
-0.407496 0.459375 0.315709 0.525
-0.274254 0.4375 0.31667 0.503125
-0.111488 0.4375 0.321992 0.48125
-0.24253 0.415625 0.320046 0.371875
-0.31759 0.525 0.327113 0.371875
-0.406329 0.525 0.337087 0.284375
-0.43647 0.415625 0.340955 0.39375
-0.246388 0.503125 0.344533 0.4375
-0.156758 0.328125 0.34375 0.371875
-0.316423 0.39375 0.346455 0.48125
-0.316632 0.30625 0.353813 0.503125
-0.521217 0.371875 0.351866 0.6125
-0.405129 0.39375 0.351955 0.39375
-0.404887 0.39375 0.35844 0.4375
-0.271646 0.503125 0.35475 0.48125
-0.270096 0.4375 0.353966 0.4375
-0.357526 0.240625 0.360451 0.35
-0.43042 0.4375 0.359668 0.4375
-0.402412 0.503125 0.364118 0.415625
-0.315398 0.4375 0.362463 0.525
-0.271546 0.525 0.362551 0.415625
-0.199069 0.2625 0.362068 0.371875
-0.240271 0.30625 0.36332 0.13125
-0.399937 0.48125 0.360792 0.065625
-0.401454 0.459375 0.359137 0.39375
-0.313132 0.2625 0.356609 0.39375
-0.237588 0.4375 0.354081 0.39375
-0.104346 0.39375 0.3501 0.39375
-0.235388 0.240625 0.347872 0.459375
-0.307832 0.371875 0.346507 0.4375
-0.425645 0.284375 0.346014 0.371875
-0.308248 0.459375 0.33709 0.39375
-0.263087 0.503125 0.332237 0.415625
-0.187994 0.35 0.325648 0.35
-0.186894 0.459375 0.319922 0.4375
-0.346559 0.39375 0.316813 0.4375
-0.463064 0.35 0.305272 0.459375
-0.304673 0.525 0.296357 0.459375
-0.258204 0.4375 0.281618 0.415625
-0.139499 0.371875 0.272113 0.4375
-0.180702 0.240625 0.262907 0.415625
-0.252287 0.328125 0.243516 0.415625
-0.296965 0.415625 0.2375 0.634375
-0.385704 0.459375 0.223642 0.021875
-0.29869 0.415625 0.215881 0.459375
-0.223596 0.35 0.199107 0.459375
-0.175819 0.415625 0.190483 0.415625
-0.248712 0.30625 0.183594 0.30625
-0.337451 0.371875 0.176414 0.39375
-0.338968 0.39375 0.16779 0.30625
-0.382787 0.48125 0.167589 0.0875
-0.382546 0.371875 0.167105 0.328125
-0.249304 0.4375 0.159926 0.30625
-0.338043 0.30625 0.1699 0.30625
-0.338251 0.56875 0.169998 0.30625
-0.500984 0.39375 0.173576 0.30625
-0.298982 0.503125 0.174837 0.284375
-0.385962 0.634375 0.180159 0.30625
-0.255337 0.48125 0.185781 0.284375
-0.505292 0.590625 0.193139 0.2625
-0.464506 0.65625 0.197598 0.240625
-0.349726 0.678125 0.204955 0.240625
-0.234946 0.0875 0.205344 0.2625
-0.393754 0.459375 0.203689 0.04375
-0.352518 0.328125 0.2128 0.04375
-0.513942 0.48125 0.213761 0.04375
-0.355551 0.525 0.216185 0.240625
-0.313457 0.546875 0.218318 0.240625
-0.357276 0.590625 0.220151 0.284375
-0.270262 0.590625 0.222285 0.13125
-0.473989 0.590625 0.219757 0.284375
-0.315598 0.634375 0.223635 0.30625
-0.475714 0.590625 0.220535 0.175
-0.316015 0.678125 0.21539 0.153125
-0.316223 0.39375 0.223048 0.30625
-0.403654 0.48125 0.217913 0.328125
-0.315332 0.634375 0.21742 0.2625
-0.241546 0.415625 0.216937 0.2625
-0.430736 0.4375 0.215 0.21875
-0.475414 0.4375 0.211309 0.196875
-0.270796 0.525 0.206464 0.2625
-0.314615 0.4375 0.207144 0.284375
-0.271662 0.56875 0.211022 0.2625
-0.362159 0.48125 0.205014 0.284375
-0.320515 0.459375 0.204531 0.30625
-0.409704 0.459375 0.20114 0.30625
-0.368059 0.590625 0.20589 0.2625
-0.281496 0.48125 0.205407 0.2625
-0.488289 0.415625 0.204633 0.328125
-0.330798 0.590625 0.207639 0.30625
-0.449061 0.459375 0.210072 0.30625
-0.291121 0.48125 0.210461 0.35
-0.496606 0.459375 0.214048 0.35
-0.295054 0.6125 0.218798 0.284375
-0.545459 0.459375 0.222676 0.196875
-0.386209 0.546875 0.228298 0.30625
-0.504472 0.525 0.227242 0.371875
-0.431137 0.590625 0.233737 0.415625
-0.390801 0.765625 0.239359 0.153125
-0.509064 0.459375 0.245853 0.30625
-0.437037 0.109375 0.247987 0.371875
-0.352232 0.678125 0.254781 0.48125
-0.354198 0.546875 0.258659 0.2625
-0.514764 0.503125 0.258176 0.35
-0.560342 0.6125 0.265542 0.328125
-0.563617 0.721875 0.275244 0.328125
-0.404368 0.525 0.273889 0.30625
-0.24381 0.590625 0.274859 0.35
-0.317604 0.525 0.282816 0.39375
-0.36449 0.853125 0.286694 0.30625
-0.643969 0.590625 0.287955 0.30625
-0.486028 0.74375 0.292424 0.371875
-0.457612 0.634375 0.294557 0.240625
-0.371498 0.721875 0.297563 0.546875
-0.327237 0.175 0.296798 0.371875
-0.416426 0.634375 0.296314 0.328125
-0.534689 0.634375 0.297003 0.35
-0.420359 0.590625 0.29652 0.328125
-0.582684 0.503125 0.296037 0.30625
-0.423434 0.634375 0.2944 0.30625
-0.424093 0.6125 0.290137 0.371875
-0.337529 0.6125 0.294024 0.30625
-0.472087 0.525 0.290051 0.35
-0.386832 0.6125 0.287251 0.35
-0.476021 0.546875 0.283279 0.35
-0.390765 0.56875 0.277863 0.13125
-0.348262 0.13125 0.273309 0.35
-0.437451 0.525 0.264113 0.39375
-0.644245 0.546875 0.257524 0.240625
-0.60305 0.634375 0.255887 0.39375
-0.356579 0.65625 0.25017 0.4375
-0.325546 0.6125 0.243009 0.371875
-0.356587 0.678125 0.23672 0.2625
-0.562522 0.590625 0.231585 0.2625
-0.567106 0.6125 0.229657 0.39375
-0.571689 0.7 0.225685 0.2625
-0.369279 0.503125 0.222885 0.30625
-0.500771 0.634375 0.217177 0.240625
-0.371046 0.6125 0.209716 0.0875
-0.415315 0.196875 0.207789 0.153125
-0.371054 0.7 0.19772 0.328125
-0.664211 0.56875 0.197237 0.371875
-0.463968 0.7 0.195309 0.2625
-0.376096 0.678125 0.189892 0.328125
-0.345513 0.56875 0.187664 0.30625
-0.258949 0.590625 0.183701 0.328125
-0.421273 0.4375 0.186135 0.39375
-0.379629 0.546875 0.18914 0.30625
-0.470126 0.546875 0.188085 0.284375
-0.545228 0.56875 0.189355 0.415625
-0.42959 0.590625 0.198476 0.2625
-0.386187 0.48125 0.194213 0.21875
-0.311544 0.590625 0.194901 0.21875
-0.428048 0.678125 0.194418 0.30625
-0.385954 0.590625 0.195679 0.284375
-0.547378 0.525 0.201601 0.459375
-0.43129 0.634375 0.200246 0.2625
-0.385271 0.56875 0.203842 0.196875
-0.222955 0.56875 0.202487 0.240625
-0.353138 0.4375 0.197351 0.48125
-0.424723 0.48125 0.195424 0.459375
-0.352246 0.503125 0.19872 0.240625
-0.349838 0.525 0.197664 0.21875
-0.215288 0.48125 0.200089 0.21875
-0.255633 0.4375 0.183624 0.546875
-0.295527 0.4375 0.184885 0.284375
-0.367112 0.459375 0.184701 0.21875
-0.248408 0.48125 0.182474 0.328125
-0.202388 0.503125 0.181418 0.39375
-0.20043 0.415625 0.181526 0.35
-0.195405 0.328125 0.173774 0.2625
-0.19038 0.328125 0.173881 0.240625
-0.187971 0.328125 0.167874 0.328125
-0.318155 0.35 0.172342 0.196875
-0.229833 0.371875 0.166635 0.21875
-0.271035 0.4375 0.169059 0.284375
-0.107411 0.30625 0.165387 0.240625
-0.0605335 0.415625 0.158507 0.153125
-0.142731 0.196875 0.154253 0.415625
-0.329304 0.30625 0.153198 0.21875
-0.25466 0.2625 0.15127 0.109375
-0.207333 0.175 0.141774 0.196875
-0.130931 0.35 0.138974 0.109375
-0.126356 0.328125 0.135883 0.21875
-0.122639 0.13125 0.134818 0.196875
-0.236527 0.2625 0.137251 0.2625
-0.235877 0.328125 0.135905 0.196875
-0.191166 0.328125 0.13485 0.196875
-0.23106 0.30625 0.137274 0.240625
-0.111497 0.2625 0.135927 0.175
-0.139471 0 0.138651 0.175
-0.181983 0.065625 0.138177 0.196875
-0.181333 0.371875 0.140611 0.175
-0.136621 0.30625 0.144779 0.21875
-0.295879 0.30625 0.145177 0.13125
-0.179791 0.35 0.147901 0.196875
-0.294987 0.30625 0.152951 0.240625
-0.178041 0.371875 0.151896 0.196875
-0.264163 0.35 0.156074 0.196875
-0.264821 0.328125 0.157635 0.13125
-0.26503 0.35 0.158324 0.21875
-0.294762 0.371875 0.160176 0.175
-0.264588 0.35 0.160864 0.175
-0.220327 0.371875 0.159509 0.196875
-0.293221 0.35 0.163977 0.175
-0.292121 0.284375 0.163794 0.175
-0.292779 0.56875 0.15925 0.109375
-0.336598 0.415625 0.159939 0.196875
-0.423171 0.415625 0.157139 0.04375
-0.292546 0.4375 0.15085 0.240625
-0.174291 0.459375 0.144561 0.35
-0.289937 0.48125 0.142924 -0.04375
-0.420979 0.415625 0.138679 0.21875
-0.495631 0.415625 0.137624 0.21875
-0.293629 0.459375 0.133951 0.21875
-0.294287 0.4375 0.131151 0.240625
-0.265421 0.415625 0.121955 0.21875
-0.296462 0.48125 0.124679 0.21875
-0.501497 0.4375 0.119844 0.175
-0.270871 0.503125 0.119661 0.240625
-0.505431 0.4375 0.115116 0.30625
-0.434262 0.503125 0.112616 0.196875
-0.465303 0.525 0.106037 0.35
-0.510431 0.546875 0.10469 0.21875
-0.439712 0.634375 0.10189 0.2625
-0.440371 0.6125 0.100544 0.21875
-0.632177 0.56875 0.105022 0.240625
-0.519156 0.65625 0.104548 -0.13125
-0.607895 0.634375 0.108726 -0.13125
-0.56625 0.74375 0.113776 0.175
-0.363798 0.175 0.11272 -0.0875
-0.524322 0.65625 0.123866 0.196875
-0.454871 0.65625 0.128626 0.196875
-0.762073 0.634375 0.133376 0.240625
-0.765757 0.765625 0.14017 0.196875
-0.373873 0.7875 0.146083 0.240625
-0.460404 0.678125 0.148226 0.39375
-0.491853 0.6125 0.154439 -0.021875
-0.653685 0.83125 0.158316 -0.21875
-0.584234 0.74375 0.163366 0.284375
-0.497628 0.765625 0.166372 0.2625
-0.497386 0.721875 0.168805 0.21875
-0.498003 0.721875 0.172111 0
-0.425934 0.634375 0.178605 0.2625
-0.500995 0.678125 0.182783 0.30625
-0.385315 0.678125 0.1826 0.30625
-0.662585 0.240625 0.189966 0.240625
-0.591825 0.503125 0.193272 -0.021875
-0.548831 0.7 0.196577 0.240625
-0.314688 0.765625 0.19435 0.240625
-0.431601 0.634375 0.194748 0
-0.637495 0.65625 0.198926 0.065625
-0.786098 0.65625 0.211244 0.04375
-0.715338 0.809375 0.212505 0.284375
-0.349054 0.875 0.212903 0.153125
-0.347054 0.7 0.215337 0.30625
-0.638861 0.65625 0.215153 0.284375
-0.788773 0.74375 0.221648 0.175
-0.602167 0.853125 0.231931 0.196875
-0.397957 0.853125 0.236109 0.175
-0.396407 0.721875 0.240287 0.284375
-0.485554 0.65625 0.247081 0.328125
-0.602917 0.721875 0.247479 0.35
-0.766058 0.765625 0.257181 0.35
-0.405007 0.721875 0.264848 0.371875
-0.449234 0.721875 0.267563 0.240625
-0.492604 0.721875 0.269996 0.240625
-0.610825 0.56875 0.275918 0.284375
-0.729496 0.74375 0.287074 0.371875
-0.527903 0.83125 0.296776 0.284375
-0.661111 0.7875 0.298918 0.30625
-0.69211 0.65625 0.311237 0.284375
-0.6218 0.875 0.318031 0.4375
-0.534336 1.00625 0.323953 0.503125
-0.578564 0.74375 0.324351 0.4375
-0.787074 0.896875 0.339287 0.328125
-0.82069 1.05 0.345209 0.48125
-0.704152 0.9625 0.346479 0.415625
-0.471318 0.9625 0.352692 0.415625
-0.383404 0.765625 0.358614 0.415625
-0.430698 0.765625 0.367744 0.56875
-0.596906 0.765625 0.375411 0.459375
-0.83404 0.7 0.381333 0.459375
-0.720119 0.91875 0.389872 0.4375
-0.444982 0.896875 0.39027 0.4375
-0.401987 0.721875 0.3991 0.48125
-0.6528 0.765625 0.396009 0.6125
-0.730477 0.7875 0.406883 0.503125
-0.573803 1.00625 0.409898 0.56875
-0.823308 0.83125 0.4196 0.48125
-0.78338 0.940625 0.42465 0.546875
-0.714378 0.940625 0.430572 0.371875
-0.584161 0.940625 0.434177 0.546875
-0.833666 0.896875 0.436611 0.525
-0.866423 1.00625 0.439044 0.590625
-0.871415 1.07187 0.448746 0.56875
-0.684359 1.07187 0.457003 0.546875
-0.685425 0.984375 0.456529 0.546875
-0.484282 1.00625 0.461579 0.546875
-0.880465 0.896875 0.465476 0.546875
-0.885007 1.07187 0.470526 0.590625
-0.77501 1.07187 0.477611 0.590625
-0.498565 1.00625 0.475983 0.6125
-0.541934 0.83125 0.478416 0.56875
-0.545168 0.83125 0.479396 0.503125
-0.824155 0.83125 0.479213 0.6125
-0.899623 0.984375 0.481937 0.56875
-0.903715 1.00625 0.48815 0.525
-0.671289 0.896875 0.480116 0.503125
-0.437555 0.984375 0.478479 0.6125
-0.509098 0.83125 0.470146 0.2625
-0.671789 0.853125 0.462985 0.65625
-0.836238 0.896875 0.457859 0.590625
-0.794102 0.9625 0.446337 0.56875
-0.518065 0.91875 0.43307 0.6125
-0.473312 0.875 0.4262 0.634375
-0.559393 1.00625 0.4077 0.525
-0.880683 0.74375 0.393561 0.546875
-0.636336 0.984375 0.382911 0.415625
-0.883633 0.83125 0.36819 0.4375
-0.475904 1.02812 0.347946 0.56875
-0.559368 0.634375 0.329155 0.459375
-0.472312 0.875 0.3124 0.39375
-0.911207 0.83125 0.296807 0.48125
-0.915298 1.02812 0.284413 0.459375
-0.64102 1.05 0.276089 0.590625
-0.40336 0.940625 0.257298 0.525
-0.40091 0.765625 0.250146 0.503125
-0.562293 0.765625 0.242694 0.48125
-0.916582 0.9625 0.237859 0.4375
-0.922432 0.940625 0.241164 0.525
-0.80761 1.00625 0.239818 0.4375
-0.45758 1.00625 0.241379 0.415625
-0.456438 0.875 0.240905 0.74375
-0.52974 0.7875 0.243639 0.175
-0.650128 0.7 0.247816 0.39375
-0.931732 0.853125 0.251994 0.371875
-0.937582 1.05 0.257916 0.371875
-0.590168 1.18125 0.263557 0.2625
-0.501804 1.09375 0.262211 0.371875
-0.546032 0.875 0.269296 0.459375
-0.753642 0.91875 0.272311 0.35
-0.948023 0.940625 0.279696 0.415625
-0.953873 1.09375 0.285618 0.328125
-0.606459 1.11563 0.29154 0.415625
-0.520712 0.678125 0.295146 0.35
-0.520021 0.875 0.296707 0.196875
-0.88623 0.809375 0.304964 0.35
-0.964765 1.02812 0.306526 0.525
-0.662271 1.07187 0.30925 0.415625
-0.573048 0.678125 0.312274 0.39375
-0.454302 0.9625 0.306857 0.30625
-0.570765 0.875 0.308137 0.328125
-0.733906 0.896875 0.301557 0.371875
-0.969282 0.809375 0.29992 0.39375
-0.898521 1.07187 0.294803 0.459375
-0.45996 1.09375 0.288514 0.4375
-0.365505 0.525 0.282816 0.546875
-0.405358 0.765625 0.269559 0.459375
-0.770709 0.765625 0.265014 0.35
-0.818411 0.875 0.257863 0.371875
-0.660429 0.875 0.255063 0.284375
-0.524529 0.940625 0.246457 0.39375
-0.200097 0.74375 0.241913 0.35
-0.44216 0.590625 0.234179 0.39375
-0.67537 0.678125 0.224701 0.328125
-0.677295 0.765625 0.225681 0.415625
-0.648387 0.7875 0.22667 0.328125
-0.646387 0.765625 0.217764 0.35
-0.437802 0.809375 0.208577 0.284375
-0.316889 0.809375 0.196192 0.328125
-0.549648 0.7 0.192239 0.30625
-0.827777 0.7875 0.188566 0.48125
-0.916924 1.20312 0.178798 0.35
-0.508746 1.00625 0.174553 0.328125
-0.224 0.83125 0.15867 0.30625
-0.175772 0.65625 0.147157 0.328125
-0.625279 0.6125 0.138551 0.284375
-0.935098 0.7875 0.134889 0.30625
-0.65992 0.503125 0.129472 0.175
-0.376441 0.74375 0.123183 0.328125
-0.163031 0.7 0.11137 0.21875
-0.289206 0.6125 0.10479 0.21875
-0.681422 0.459375 0.108096 0.30625
-0.728225 0.6125 0.10675 0.2625
-0.684331 0.7875 0.108311 0.175
-0.476154 0.809375 0.104648 0.153125
-0.279897 0.7 0.109116 -0.065625
-0.349683 0.56875 0.110387 -0.0875
-0.551159 0.678125 0.115437 -0.109375
-0.90324 0.7 0.121359 0.284375
-0.905573 0.940625 0.13077 0.21875
-0.466112 0.91875 0.132631 0.21875
-0.29938 0.940625 0.134192 0.153125
-0.337024 0.7875 0.133718 0.196875
-0.701475 0.678125 0.140803 0.065625
-0.894957 0.7875 0.151387 0.30625
-0.895982 0.940625 0.155564 0.0875
-0.293996 1.02812 0.157126 0.21875
-0.127264 0.7875 0.161603 0.240625
-0.282513 0.56875 0.160548 0.240625
-0.575587 0.678125 0.167051 0.21875
-0.885365 0.65625 0.176763 0.175
-0.889007 0.74375 0.185592 0.196875
-0.450854 0.875 0.195876 0.240625
-0.212745 0.765625 0.196864 0.2625
-0.119556 0.590625 0.197553 0.21875
-0.408705 0.48125 0.201159 0.2625
-0.59957 0.48125 0.21057 0.30625
-0.880723 0.765625 0.218246 0.2625
-0.736378 0.7875 0.221551 0.2625
-0.485898 0.7875 0.229518 0.30625
-0.321783 0.7875 0.230207 0.30625
-0.274821 0.6125 0.237301 0.284375
-0.433137 0.56875 0.24962 0.30625
-0.59407 0.65625 0.257587 0.2625
-0.639564 0.65625 0.255077 0.328125
-0.845416 0.809375 0.271476 0.284375
-0.568929 0.809375 0.268394 0.328125
-0.317141 0.678125 0.273444 0.328125
-0.240247 0.65625 0.277631 0.39375
-0.426329 0.6125 0.283553 0.2625
-0.587261 0.809375 0.302568 0.546875
-0.867965 0.7875 0.316059 0.30625
-0.86899 0.809375 0.312387 0.371875
-0.400905 0.853125 0.324424 0.371875
-0.145642 0.546875 0.322214 0.35
-0.226897 0.35 0.334251 0.35
-0.736719 0.48125 0.341918 0.48125
-0.857965 0.853125 0.351339 0.415625
-0.860298 0.765625 0.363957 0.415625
-0.258763 0.896875 0.373087 0.39375
-0.178803 0.56875 0.372613 0.4375
-0.218206 0.546875 0.376218 0.4375
-0.539046 0.546875 0.389418 0.4375
-0.849273 0.634375 0.389826 0.503125
-0.545021 0.7875 0.397792 0.4375
-0.380905 0.7875 0.415353 0.109375
-0.215031 0.590625 0.410527 0.48125
-0.328427 0.525 0.41675 0.48125
-0.488051 0.546875 0.425007 0.13125
-0.606231 0.7875 0.437035 0.525
-0.766263 0.678125 0.449353 0.525
-0.647475 0.853125 0.448307 0.546875
-0.396996 0.74375 0.455101 0.56875
-0.317894 0.65625 0.45609 0.56875
-0.360321 0.65625 0.463757 0.634375
-0.828698 0.634375 0.471724 0.590625
-0.83144 0.809375 0.486659 0.590625
-0.832015 0.896875 0.492009 0.590625
-0.392104 0.875 0.496487 0.56875
-0.196706 0.74375 0.496013 0.634375
-0.384954 0.65625 0.505142 0.65625
-0.634825 0.6125 0.512809 0.634375
-0.828307 0.7 0.52252 0.546875
-0.831048 0.809375 0.525835 0.6125
-0.436507 0.984375 0.534664 0.65625
-0.317719 0.765625 0.545248 0.83125
-0.431523 0.590625 0.547109 0.721875
-0.681845 0.7 0.555648 0.678125
-0.831265 0.721875 0.564487 0.721875
-0.834457 0.853125 0.569837 0.74375
-0.528446 0.940625 0.576059 0.721875
-0.438732 0.896875 0.582272 0.7
-0.481609 0.7875 0.585005 0.721875
-0.644259 0.809375 0.594716 0.7875
-0.83774 0.853125 0.604427 0.765625
-0.84179 0.83125 0.61065 0.7875
-0.844982 0.853125 0.618316 0.765625
-0.568903 1.05 0.62105 0.853125
-0.56817 0.896875 0.625527 0.765625
-0.570053 0.896875 0.632913 0.853125
-0.848998 0.853125 0.6371 0.809375
-0.853498 1.02812 0.644485 0.83125
-0.857998 1.29062 0.652451 0.83125
-0.580611 1.11563 0.65344 0.83125
-0.552112 0.896875 0.657918 0.83125
-0.744285 0.896875 0.662687 1.00625
-0.863323 0.9625 0.66542 0.896875
-0.867823 1.00625 0.675422 0.896875
-0.871015 1.35625 0.676411 0.7875
-0.476473 1.07187 0.6774 0.853125
-0.723728 0.896875 0.673155 0.83125
-0.639697 0.9625 0.675016 0.853125
-0.87679 0.896875 0.682692 0.875
-0.88129 0.9625 0.681937 0.940625
-0.60652 1.11563 0.680309 0.875
-0.605786 0.91875 0.67462 0.91875
-0.533676 1.09375 0.677935 0.853125
-0.885757 0.853125 0.67369 1.11563
-0.890257 1.00625 0.667411 0.7875
-0.892998 1.02812 0.666946 0.91875
-0.588296 1.05 0.661257 0.853125
-0.501648 0.940625 0.654396 0.83125
-0.619828 0.853125 0.655676 0.91875
-0.899223 1.05 0.647942 0.765625
-0.903723 1.02812 0.645742 0.896875
-0.628053 1.02812 0.638872 0.765625
-0.62597 0.9625 0.631711 0.74375
-0.669664 0.9625 0.62514 0.74375
-0.903648 1.09375 0.614781 0.721875
-0.670281 1.05 0.600642 0.721875
-0.624136 0.940625 0.582142 0.765625
-0.62422 0.853125 0.570048 0.809375
-0.756895 0.91875 0.555909 0.74375
-0.903657 0.853125 0.539735 0.7875
-0.757061 0.984375 0.527922 0.91875
-0.595071 1.09375 0.514083 0.765625
-0.62292 0.940625 0.49849 0.7875
-0.752978 0.896875 0.48814 0.9625
-0.901048 1.05 0.483305 0.83125
-0.90289 1.07187 0.474109 0.940625
-0.756295 1.07187 0.466957 0.875
-0.623378 1.1375 0.459214 0.74375
-0.591771 1.02812 0.459331 0.765625
-0.900198 0.940625 0.460892 0.853125
-0.902898 1.20312 0.464207 0.678125
-0.906048 1.05 0.468385 0.83125
-0.672231 1.26875 0.47199 0.65625
-0.629153 1.09375 0.470644 0.678125
-0.761378 0.984375 0.481227 0.678125
-0.909898 1.00625 0.484533 0.721875
-0.913048 1.02812 0.496861 0.83125
-0.91444 1.15938 0.49785 0.809375
-0.91759 1.09375 0.510168 0.678125
-0.918982 1.29062 0.514355 0.678125
-0.920823 1.225 0.517961 0.634375
-0.922665 1.50937 0.52679 0.65625
-0.925365 1.24687 0.533013 0.65625
-0.927207 1.24687 0.538363 0.240625
-0.930357 1.24687 0.544585 0.74375
-0.932198 1.24687 0.550507 0.7
-0.744609 1.33438 0.555276 0.721875
-0.701531 0.765625 0.555101 0.74375
-0.935965 1.18125 0.561614 0.678125
-0.939115 1.18125 0.566964 0.721875
-0.940507 1.20312 0.567953 0.74375
-0.706689 1.20312 0.573003 0.83125
-0.632329 1.18125 0.574564 0.765625
-0.93724 1.00625 0.574681 0.634375
-0.93949 1.29062 0.578859 0.7
-0.939123 1.11563 0.583627 0.809375
-0.588559 1.15938 0.586061 0.74375
-0.629187 1.1375 0.583261 0.74375
-0.701506 1.00625 0.582796 0.65625
-0.936798 0.56875 0.586974 0.721875
-0.93774 1.09375 0.584474 0.765625
-0.702164 1.09375 0.58022 0.74375
-0.742792 1.02812 0.578592 0.765625
-0.697506 1.07187 0.571731 0.765625
-0.78567 1.11563 0.568931 0.83125
-0.902049 1.15938 0.56585 0.721875
-0.784078 1.24687 0.554909 0.74375
-0.856396 1.07187 0.555316 0.678125
-0.897024 1.11563 0.53857 0.765625
-0.575534 1.15938 0.538387 0.765625
-0.645686 1.05 0.526292 0.7
-0.614937 0.984375 0.523792 0.809375
-0.848471 0.940625 0.518957 0.9625
-0.923857 1.05 0.516457 0.809375
-0.614287 1.02812 0.507561 0.765625
-0.44878 0.896875 0.507096 0.74375
-0.680147 0.853125 0.497327 0.809375
-0.91499 0.940625 0.499761 0.74375
-0.914623 1.11563 0.501622 0.9625
-0.608121 1.20312 0.496505 0.39375
-0.517915 0.940625 0.496622 0.74375
-0.559851 0.853125 0.493831 0.721875
-0.91144 0.853125 0.49104 0.91875
-0.91369 0.984375 0.494646 0.678125
-0.814323 1.05 0.660579 0.721875
-0.497021 1.02812 0.640961 0.83125
-0.646211 0.9625 0.629201 0.809375
-0.782173 1.02812 0.616279 0.853125
-0.774073 1.09375 0.609163 0.853125
-0.765973 0.56875 0.594496 0.765625
-0.757423 0.896875 0.581574 0.7875
-0.631719 0.984375 0.566607 0.48125
-0.739915 0.91875 0.555429 0.7875
-0.731815 0.74375 0.53989 0.9625
-0.723715 1.09375 0.52725 0.809375
-0.715615 0.984375 0.514327 0.765625
-0.707515 1.07187 0.500533 0.7875
-0.699415 0.984375 0.489637 0.721875
-0.691315 0.9625 0.482239 0.721875
-0.682765 0.9625 0.468153 0.721875
-0.674665 1.15938 0.459292 0.721875
-0.666565 0.940625 0.456837 0.7
-0.658465 0.940625 0.445659 0.875
-0.650365 0.91875 0.431574 0.678125
-0.642265 0.896875 0.422713 0.765625
-0.634165 0.896875 0.414733 0.634375
-0.626065 1.02812 0.403264 0.634375
-0.617965 0.765625 0.403707 0.6125
-0.609415 0.896875 0.402414 0.525
-0.601315 0.853125 0.393563 0.590625
-0.593215 0.940625 0.379187 0.525
-0.585115 0.765625 0.373814 0.56875
-0.577015 0.896875 0.369614 0.590625
-0.568915 0.765625 0.365414 0.525
-0.560815 0.765625 0.361214 0.525
-0.552715 1.05 0.357014 0.546875
-0.544615 0.853125 0.352514 0.56875
-0.536515 0.48125 0.348314 0.48125
-0.527965 0.721875 0.344114 0.48125
-0.519865 0.853125 0.339914 0.546875
-0.511765 0.74375 0.335714 0.525
-0.503665 0.634375 0.331214 0.721875
-0.495565 0.65625 0.327014 0.4375
-0.487465 0.7 0.322814 0.546875
-0.479365 0.65625 0.318614 0.4375
-0.471265 0.65625 0.314414 0.48125
-0.462715 0.590625 0.309614 0.4375
-0.454165 0.634375 0.304814 0.4375
-0.445615 0.7 0.299714 0.415625
-0.437065 0.7 0.294614 0.415625
-0.428515 0.634375 0.289814 0.459375
-0.419965 0.590625 0.284714 0.4375
-0.411415 0.6125 0.279614 0.39375
-0.402865 0.65625 0.274814 0.39375
-0.394315 0.56875 0.269714 0.4375
-0.385315 0.546875 0.264614 0.39375
-0.376765 0.634375 0.259814 0.39375
-0.368215 0.503125 0.254714 0.371875
-0.359665 0.634375 0.249614 0.30625
-0.351115 0.503125 0.244814 0.39375
-0.342565 0.503125 0.239714 0.35
-0.334015 0.634375 0.234614 0.371875
-0.325465 0.678125 0.229814 0.39375
-0.316915 0.48125 0.224714 0.35
-0.309673 0.56875 0.220787 0.35
-0.301123 0.459375 0.215687 0.35
-0.292573 0.546875 0.210587 0.4375
-0.284023 0.4375 0.205787 0.35
-0.275473 0.525 0.200687 0.30625
-0.266923 0.415625 0.194724 0.240625
-0.257923 0.503125 0.190787 0.35
-0.249373 0.415625 0.185987 0.35
-0.240823 0.371875 0.180887 0.35
-0.232273 0.35 0.176087 0.065625
-0.225032 0.415625 0.171859 0.35
-0.216482 0.328125 0.167059 0.065625
-0.207932 0.415625 0.161959 0.2625
-0.199382 0.328125 0.156859 0.39375
-0.190832 0.459375 0.152059 0.0875
-0.182282 0.2625 0.146959 0.0875
-0.173732 0.39375 0.142159 0.328125
-0.165182 0.328125 0.137059 0.30625
-0.156632 0.2625 0.132259 0.04375
-0.148082 0.2625 0.127459 0.2625
-0.139532 0.371875 0.122359 0.0875
-0.130982 0.240625 0.10622 0.30625
-0.122432 -0.13125 0.113331 0.30625
-0.113882 -0.153125 0.108531 0.2625
-0.105332 0.240625 0.103431 0.2625
-0.0967817 -0.109375 0.0986311 0.196875
-0.0882317 0.240625 0.0935311 0.2625
-0.0796817 0.240625 0.0887311 0.021875
-0.0711317 0.196875 0.0836311 0.2625
-0.0625817 -0.109375 0.0788311 0.240625
-0.0540317 -0.13125 0.0740311 0.240625
-0.0450317 -0.0875 0.0689311 -0.21875
-0.0364817 -0.13125 0.0638311 0.328125
-0.0279317 0.153125 0.0584311 0.196875
-0.0189317 0.284375 0.0492515 0
-0.00993167 0.21875 0.0485033 0.328125
-0.000931667 0.35 0.0431033 0.021875
0.00761833 0.196875 0.0377033 0.13125
0.0166183 0.240625 0.0323033 0.021875
0.0256183 -0.175 0.0269033 0.021875
0.0341683 0.240625 0.0215033 -0.04375
0.0431683 0.065625 0.0161033 0.2625
0.0521683 -0.21875 0.0107033 0.021875
0.0607183 0.196875 0.00530333 0.04375
0.0697183 -0.196875 -9.66667e-05 -0.109375
0.0787183 -0.284375 -0.00549667 0
0.0872683 -0.196875 -0.0108967 0.021875
0.0962683 -0.328125 -0.0162967 -0.04375
0.105268 -0.175 -0.0216967 -0.065625
0.113818 -0.196875 -0.0270967 0.240625
0.122818 -0.21875 -0.0324967 0.021875
0.131818 -0.175 -0.0378967 -0.109375
0.140368 -0.196875 -0.0432967 0
0.149368 -0.153125 -0.0486967 0.021875
0.158368 -0.0875 -0.0540967 -0.21875
0.166918 -0.13125 -0.0594967 0.109375
0.175918 -0.175 -0.0648967 -0.0875
0.184918 -0.175 -0.0702967 0.021875
0.193468 -0.21875 -0.0756967 -0.240625
0.202468 -0.240625 -0.0810967 -0.39375
0.208852 -0.175 -0.0847522 -0.39375
0.217402 -0.21875 -0.0898522 -0.175
0.226402 -0.284375 -0.0952522 -0.2625
0.234952 -0.21875 -0.09978 -0.21875
0.243952 -0.2625 -0.10518 -0.109375
0.252952 -0.2625 -0.11058 -0.065625
0.261502 -0.35 -0.11598 -0.21875
0.269193 -0.39375 -0.120508 -0.175
0.278193 -0.284375 -0.125036 -0.284375
0.286743 -0.35 -0.136823 -0.30625
0.295743 -0.415625 -0.134663 -0.284375
0.303435 -0.328125 -0.139191 -0.065625
0.311985 -0.328125 -0.144591 -0.196875
0.320985 -0.415625 -0.149119 -0.30625
0.299153 -0.39375 -0.153647 -0.30625
0.337227 -0.35 -0.158747 -0.175
0.346227 -0.48125 -0.163274 -0.065625
0.237172 -0.4375 -0.167802 -0.109375
0.362468 -0.415625 -0.173202 -0.21875
0.371468 -0.4375 -0.178302 -0.21875
0.37871 -0.415625 -0.181958 -0.13125
0.38771 -0.48125 -0.187358 -0.0875
0.249581 -0.459375 -0.191886 -0.546875
0.403952 -0.56875 -0.199321 -0.153125
0.338958 -0.4375 -0.200641 -0.35
0.420193 -0.503125 -0.206041 -0.35
0.427885 -0.48125 -0.212604 -0.153125
0.436885 -0.546875 -0.215397 -0.153125
0.445027 -0.4375 -0.220524 -0.240625
0.454027 -0.590625 -0.22826 -0.284375
0.227817 -0.503125 -0.229308 -0.21875
0.351805 -0.590625 -0.242567 -0.415625
0.477102 -0.6125 -0.238963 -0.175
0.486102 -0.56875 -0.246699 -0.328125
0.21804 -0.546875 -0.248919 -0.328125
0.501935 -0.525 -0.257526 -0.175
0.510935 -0.525 -0.257702 -0.284375
0.518627 -0.546875 -0.26253 -0.35
0.527627 -0.56875 -0.266486 -0.284375
0.390398 -0.634375 -0.271313 -0.240625
0.469466 -0.525 -0.279049 -0.35
0.551152 -0.6125 -0.279524 -0.415625
0.560152 -0.678125 -0.285224 -0.459375
0.422473 -0.590625 -0.294995 -0.328125
0.575535 -0.525 -0.293136 -0.371875
0.582368 -0.634375 -0.296219 -0.35
0.591368 -0.678125 -0.301919 -0.371875
0.45369 -0.634375 -0.316923 -0.328125
0.532758 -0.721875 -0.320006 -0.371875
0.307857 -0.6125 -0.313204 -0.284375
0.591753 -0.546875 -0.315124 -0.35
0.396376 -0.721875 -0.324895 -0.415625
0.63666 -0.678125 -0.32885 -0.503125
0.644352 -0.634375 -0.336295 -0.415625
0.652043 -0.765625 -0.335889 -0.4375
0.351841 -0.940625 -0.332286 -0.415625
0.387298 -0.721875 -0.344673 -0.503125
0.671643 -0.65625 -0.350373 -0.48125
0.679335 -0.896875 -0.342408 -0.525
0.687027 -0.809375 -0.346363 -0.4375
0.417206 -0.74375 -0.348574 -0.525
0.698485 -0.74375 -0.350786 -0.371875
0.704868 -0.74375 -0.359684 -0.371875
0.523579 -0.91875 -0.368873 -0.371875
0.718085 -0.853125 -0.362943 -0.503125
0.375579 -0.853125 -0.363119 -0.4375
0.614555 -0.503125 -0.373761 -0.48125
0.737235 -0.809375 -0.378589 -0.590625
0.744927 -0.853125 -0.379928 -0.415625
0.635014 -0.91875 -0.37458 -0.503125
0.449799 -0.896875 -0.375919 -0.2625
0.410404 -0.984375 -0.386561 -0.634375
0.6943 -0.91875 -0.391389 -0.546875
0.774677 -0.83125 -0.383997 -0.459375
0.504856 -0.896875 -0.38708 -0.503125
0.639456 -0.765625 -0.388419 -0.546875
0.513698 -0.765625 -0.399061 -0.546875
0.608612 -0.853125 -0.399528 -0.415625
0.803977 -0.853125 -0.407845 -0.546875
0.693205 -0.940625 -0.406567 -0.525
0.626045 -0.91875 -0.41403 -0.7
0.469904 -0.940625 -0.406365 -0.525
0.825627 -0.875 -0.4147 -0.590625
0.803386 -0.9625 -0.416339 -0.590625
0.56309 -1.07187 -0.423511 -0.546875
0.610917 -0.875 -0.420499 -0.634375
0.456085 -0.91875 -0.417786 -0.546875
0.782733 -0.83125 -0.422041 -0.56875
0.716881 -0.91875 -0.425724 -0.546875
0.869085 -0.940625 -0.429108 -0.546875
0.523104 -1.00625 -0.437734 -0.56875
0.526871 -1.05 -0.434721 -0.56875
0.576007 -0.853125 -0.443928 -0.503125
0.656834 -0.853125 -0.43888 -0.65625
0.664976 -0.91875 -0.444308 -0.546875
0.786347 -0.896875 -0.456123 -0.525
0.674267 -1.00625 -0.459806 -0.7
0.562188 -0.91875 -0.450397 -0.546875
0.769923 -0.875 -0.452326 -0.634375
0.689534 -1.05 -0.457754 -0.590625
0.533393 -1.15938 -0.456486 -0.590625
0.538918 -0.7875 -0.459297 -0.7
0.938252 -0.83125 -0.468495 -0.590625
0.8724 -1.05 -0.466063 -0.7
0.922394 -0.896875 -0.469747 -0.634375
0.561877 -1.09375 -0.470513 -0.6125
0.403569 -0.896875 -0.470708 -0.809375
0.522774 -0.896875 -0.472347 -0.546875
0.777595 -0.91875 -0.477765 -0.721875
0.976027 -0.940625 -0.48581 -0.546875
0.676274 -1.18125 -0.483669 -0.634375
0.548349 -1.00625 -0.483563 -0.74375
0.389591 -0.896875 -0.483758 -0.6125
0.640938 -0.83125 -0.4947 -0.6125
0.692691 -0.853125 -0.489943 -0.7
1.00611 -0.91875 -0.493036 -0.6125
0.865815 -1.05 -0.500499 -0.65625
0.618977 -1.05 -0.504173 -0.678125
0.576966 -0.9625 -0.498834 -0.65625
0.579874 -0.940625 -0.501645 -0.503125
0.993294 -0.896875 -0.496597 -0.809375
1.03051 -1.09375 -0.500852 -0.74375
0.687146 -1.35625 -0.514411 -0.65625
0.57245 -1.02812 -0.506465 -0.765625
0.647593 -1.09375 -0.503452 -0.65625
0.900248 -0.984375 -0.507999 -0.590625
0.77494 -1.1375 -0.507902 -0.65625
0.823217 -1.05 -0.513349 -0.678125
0.785581 -1.11563 -0.513852 -0.7
0.993766 -1.07187 -0.517263 -0.678125
0.794465 -1.20312 -0.519802 -0.678125
0.607533 -1.09375 -0.520597 -0.65625
0.449676 -1.00625 -0.533602 -0.765625
0.775466 -0.940625 -0.533806 -0.721875
0.899045 -1.02812 -0.529949 -0.765625
1.09748 -1.1375 -0.544117 -0.7875
0.710952 -0.74375 -0.546656 -0.765625
0.594089 -1.05 -0.53931 -0.634375
0.391312 -1.02812 -0.535452 -0.765625
0.670874 -1.15938 -0.537119 -0.7
0.99883 -0.9625 -0.550406 -0.7
1.12503 -1.29062 -0.54713 -0.853125
0.85349 -1.18125 -0.558973 -0.74375
0.505342 -1.1375 -0.558895 -0.721875
0.506084 -1.00625 -0.560852 -0.74375
0.697974 -0.91875 -0.551471 -0.721875
1.14268 -1.00625 -0.555163 -0.7875
1.12089 -1.24687 -0.558574 -0.74375
0.762127 -1.24687 -0.568673 -0.721875
0.530276 -1.11563 -0.572084 -0.765625
0.603253 -1.02812 -0.564437 -0.721875
0.812746 -1.05 -0.563197 -0.765625
1.02224 -0.9625 -0.57155 -0.65625
0.868307 -1.20312 -0.569437 -0.765625
0.783993 -1.18125 -0.5772 -0.853125
0.624828 -1.11563 -0.578867 -0.7875
0.7141 -0.83125 -0.577045 -0.503125
0.746532 -1.20312 -0.578411 -0.7875
0.720816 -1.05 -0.57281 -0.74375
0.883632 -1.00625 -0.572732 -0.7875
0.756157 -1.1375 -0.57905 -0.74375
0.890349 -0.7875 -0.56966 -0.875
