torque_1 torque_1_t torque_2 torque_2_t
-1.52076 -0.2625 -0.195452 0.175
-1.53386 0.590625 -0.193924 -0.2625
-1.42673 0.896875 -0.195013 -0.284375
-0.878253 1.11563 -0.199591 -0.30625
-0.718354 1.15938 -0.206486 -0.196875
-0.882195 1.02812 -0.211063 -0.21875
-1.3737 1.33438 -0.210408 -0.2625
-1.57316 1.4875 -0.210624 -0.328125
-1.18852 1.6625 -0.212586 -0.284375
-0.625649 1.61875 -0.232273 -0.2625
-0.57943 1.1375 -0.23656 -0.240625
-1.17677 1.11563 -0.246952 -0.2625
-1.22823 1.24687 -0.246587 -0.284375
-0.985038 1.3125 -0.248249 -0.284375
-0.500091 1.26875 -0.254861 -0.240625
-0.304576 0.984375 -0.263219 -0.328125
-0.580788 0.853125 -0.264008 -0.2625
-1.06575 0.896875 -0.263061 -0.196875
-1.11591 1.3125 -0.253684 -0.240625
-0.826489 1.1375 -0.251274 -0.21875
-0.548985 1.26875 -0.247421 -0.196875
-0.424847 1.00625 -0.247928 -0.415625
-0.581696 0.809375 -0.240286 -0.196875
-0.816914 1.00625 -0.234687 -0.196875
-1.02437 0.9625 -0.2256 -0.175
-0.867084 1.1375 -0.200804 -0.196875
-0.543352 1.02812 -0.190554 -0.328125
-0.13516 1.09375 -0.180304 -0.328125
-0.119469 0.6125 -0.167137 -0.30625
-0.628273 0.634375 -0.147874 -0.284375
-0.95333 0.74375 -0.133545 -0.30625
-0.794739 0.896875 -0.115154 -0.284375
-0.162096 0.9625 -0.104895 -0.328125
0.33246 0.634375 -0.103376 -0.328125
-0.0675937 0.590625 -0.102186 -0.328125
-0.620868 0.459375 -0.0966337 -0.35
-0.990394 0.7 -0.0881652 -0.065625
-0.832661 0.7 -0.0907541 -0.35
-0.345956 0.83125 -0.093343 -0.04375
0.196136 0.74375 -0.102319 -0.04375
0.0894396 0.4375 -0.117119 0.065625
-0.432144 0.4375 -0.122615 -0.240625
-0.843972 0.503125 -0.12346 -0.2625
-0.844839 0.7 -0.125749 -0.240625
-0.548423 0.765625 -0.127465 -0.240625
-0.0287187 0.371875 -0.139349 0.13125
-0.181643 0.56875 -0.147171 -0.2625
-0.531398 0.56875 -0.148887 0.196875
-0.900924 0.678125 -0.145071 -0.284375
-0.905716 0.853125 -0.145043 -0.240625
-0.629071 0.809375 -0.150249 -0.2625
-0.217667 0.809375 -0.15341 -0.284375
-0.182918 0.634375 -0.162104 -0.21875
-0.45868 0.56875 -0.162358 -0.284375
-0.829514 0.7 -0.161458 -0.2625
-1.0259 0.83125 -0.158813 -0.415625
-1.00424 0.9625 -0.161102 -0.2625
-0.595451 0.9625 -0.162819 -0.2625
-0.27127 0.809375 -0.17383 -0.2625
-0.194218 0.678125 -0.175256 -0.21875
-0.631196 0.634375 -0.179289 -0.2625
-1.00334 0.809375 -0.18653 -0.2625
-1.36225 1.05 -0.176317 0.04375
-1.01815 1.24687 -0.185302 -0.30625
-0.565757 1.11563 -0.184684 -0.2625
0.0372452 0.9625 -0.190761 0
-0.366734 0.7 -0.207297 -0.13125
-0.925241 0.83125 -0.209886 -0.35
-1.25508 1.00625 -0.1988 -0.021875
-1.22019 1.00625 -0.1979 -0.240625
-0.668646 1.26875 -0.20455 -0.30625
-0.255934 1.02812 -0.214108 -0.30625
-0.383709 0.875 -0.22193 -0.175
-0.734772 0.853125 -0.224219 -0.30625
-1.31174 0.984375 -0.225063 -0.2625
-1.11563 1.24687 -0.225026 -0.240625
-0.885214 1.42188 -0.222663 -0.328125
-0.431508 1.18125 -0.23223 -0.2625
-0.312153 0.940625 -0.234519 -0.328125
-0.587915 0.7875 -0.242632 -0.30625
-1.16227 0.9625 -0.239687 -0.240625
-1.17229 1.26875 -0.236743 -0.284375
-1.06079 1.26875 -0.239332 -0.284375
-0.534396 1.20312 -0.243365 -0.109375
-0.252518 0.984375 -0.245654 -0.39375
-0.322145 0.853125 -0.258128 -0.459375
-0.80535 0.853125 -0.252867 -0.13125
-1.17835 1.05 -0.25313 -0.284375
-1.30336 1.18125 -0.243217 -0.196875
-0.825817 1.24687 -0.247269 -0.13125
-0.224123 1.20312 -0.249567 -0.21875
-0.129918 0.809375 -0.252156 -0.284375
-0.449291 0.74375 -0.26056 -0.371875
-1.13949 0.83125 -0.255599 -0.284375
-1.26581 1.225 -0.245104 -0.13125
-0.94948 1.225 -0.241587 -0.2625
-0.509002 1.00625 -0.238943 -0.2625
-0.134668 0.875 -0.246184 -0.284375
-0.539955 0.809375 -0.246156 -0.284375
-0.906414 0.83125 -0.236834 -0.2625
-1.23625 1.225 -0.225758 -0.284375
-1.19874 1.18125 -0.217008 -0.2625
-0.599666 1.15938 -0.215236 -0.30625
-0.140726 0.984375 -0.213463 -0.328125
-0.105977 0.7875 -0.211691 -0.30625
-0.658801 0.7875 -0.208174 -0.30625
-1.26484 0.896875 -0.191574 -0.065625
-1.15727 1.15938 -0.179045 -0.371875
-0.793397 1.11563 -0.172339 -0.39375
-0.0239465 0.984375 -0.172893 -0.371875
-0.0553409 0.7 -0.180134 -0.284375
-0.53593 0.328125 -0.175745 -0.371875
-1.09791 0.83125 -0.166123 -0.30625
-1.31146 1.00625 -0.154465 -0.240625
-0.995124 1.09375 -0.150367 -0.240625
-0.115919 1.00625 -0.151211 -0.21875
0.143428 0.65625 -0.159034 -0.196875
-0.214323 0.6125 -0.156389 -0.196875
-1.06312 0.6125 -0.149384 -0.196875
-1.53833 0.940625 -0.134237 -0.065625
-1.07794 1.20312 -0.128104 -0.240625
-0.461708 1.07187 -0.128076 -0.284375
0.264132 0.809375 -0.137061 0.240625
0.112516 0.56875 -0.130347 -0.175
-0.73019 0.48125 -0.129447 -0.153125
-1.3807 0.74375 -0.119524 -0.175
-1.3022 1.07187 -0.111647 -0.153125
-0.705737 1.11563 -0.106095 -0.153125
0.152244 0.940625 -0.124965 -0.153125
0.284682 0.590625 -0.124647 0
-0.424574 0.371875 -0.126363 -0.240625
-1.32091 0.590625 -0.12023 0.021875
-1.52253 1.07187 -0.108863 -0.175
-0.809775 1.26875 -0.107091 -0.021875
0.21073 1.02812 -0.118974 0.065625
0.303482 0.634375 -0.130286 -0.021875
-0.449385 0.4375 -0.13113 -0.196875
-1.18888 0.678125 -0.118891 -0.0875
-1.50766 0.91875 -0.107524 -0.175
-0.752597 1.15938 -0.107197 -0.0875
0.222989 0.940625 -0.115891 -0.109375
0.514026 0.56875 -0.124586 -0.196875
-0.398749 0.459375 -0.12543 -0.153125
-1.29684 0.590625 -0.119297 -0.021875
-1.49977 1.00625 -0.105595 -0.13125
-1.50673 1.1375 -0.0985893 -0.21875
-0.233718 1.26875 -0.106439 -0.109375
0.34851 0.74375 -0.11806 -0.196875
0.200819 0.56875 -0.126782 -0.109375
-0.851497 0.65625 -0.126482 -0.13125
-1.49054 0.809375 -0.122411 -0.109375
-1.50404 1.18125 -0.112517 -0.175
-0.718598 1.24687 -0.113971 -0.196875
0.0949137 0.9625 -0.124137 -0.284375
0.399179 0.74375 -0.138093 -0.065625
-0.324164 0.634375 -0.141573 -0.065625
-1.33679 0.74375 -0.138956 -0.21875
-1.49742 1.02812 -0.127317 -0.021875
-1.50569 1.18125 -0.122956 -0.175
-0.066227 1.44375 -0.128471 -0.0875
0.482856 0.721875 -0.153765 -0.196875
0.332549 0.415625 -0.16335 -0.30625
-1.07127 0.503125 -0.159861 -0.21875
-1.71555 0.896875 -0.152584 -0.2625
-1.52684 1.29062 -0.142689 -0.21875
-0.45996 1.26875 -0.147923 -0.175
0.402396 0.896875 -0.160706 -0.153125
0.326082 0.459375 -0.168837 -0.21875
-0.709081 0.590625 -0.172617 -0.39375
-1.47896 0.765625 -0.16185 -0.21875
-1.52284 1.29062 -0.156908 -0.240625
-0.574873 1.26875 -0.15748 -0.328125
0.196336 0.853125 -0.168519 -0.153125
0.208553 0.6125 -0.178113 -0.153125
-0.549098 0.4375 -0.174324 -0.175
-1.47757 0.7 -0.170826 -0.371875
-1.49107 1.29062 -0.159187 -0.30625
-0.899846 1.3125 -0.156571 -0.30625
-0.0902594 1.07187 -0.15976 -0.196875
0.359377 0.65625 -0.169054 -0.153125
-0.204059 0.48125 -0.170799 -0.284375
-1.011 0.634375 -0.161776 -0.153125
-1.48838 0.91875 -0.153626 0
-1.50102 1.26875 -0.141987 -0.240625
-0.584298 1.29062 -0.142278 -0.196875
0.067548 0.9625 -0.147211 -0.21875
0.267888 0.6125 -0.151273 -0.175
-0.369992 0.65625 -0.150973 -0.30625
-1.20818 0.74375 -0.14573 -0.175
-1.49833 1.00625 -0.132647 -0.109375
-1.11279 1.3125 -0.12188 -0.30625
-0.262659 1.15938 -0.122452 -0.153125
0.236272 0.721875 -0.127095 -0.13125
-0.0765594 0.590625 -0.127958 -0.153125
-0.808203 0.7 -0.118936 -0.13125
-1.4891 1.09375 -0.111076 -0.109375
-1.50043 1.29062 -0.0988652 0.13125
-0.626009 1.37813 -0.0942041 -0.109375
0.102447 1.09375 -0.0965207 -0.04375
0.319941 0.7 -0.103489 -0.13125
-0.36155 0.590625 -0.0941763 -0.153125
-1.28827 0.678125 -0.0802115 -0.35
-1.4912 1.1375 -0.0668281 -0.21875
-0.986744 1.11563 -0.0461763 -0.21875
-0.177607 1.18125 -0.0455856 -0.021875
0.406788 0.459375 -0.0461578 -0.21875
-0.0655011 0.56875 -0.0391707 0.021875
-0.795836 0.74375 -0.0362541 -0.240625
-1.24152 0.940625 -0.0208356 -0.021875
-1.20794 1.07187 -0.013267 0
-0.612334 1.00625 -0.00657074 -0.021875
-0.00540759 0.875 -0.0176096 -0.4375
0.168475 0.525 -0.0321374 -0.240625
-0.305572 0.459375 -0.0359078 0.04375
-0.86408 0.74375 -0.0367707 -0.13125
-1.47098 0.853125 -0.0338541 -0.109375
-1.12819 1.29062 -0.0306467 -0.065625
-0.55774 1.02812 -0.0390689 0.065625
0.165483 0.940625 -0.05098 -0.415625
-0.0279854 0.634375 -0.0649263 -0.175
-0.538957 0.7 -0.0625911 0.153125
-1.39475 0.765625 -0.0625819 -0.109375
-1.48093 1.18125 -0.0593837 0.0875
-0.886638 1.29062 -0.0573485 -0.415625
-0.0458104 1.05 -0.0686874 0.196875
0.00785074 0.7 -0.0782819 0.109375
-0.515041 0.721875 -0.0817707 0.196875
-1.28316 0.809375 -0.0782726 0.065625
-1.48609 1.20312 -0.0692596 0.196875
-1.05563 1.3125 -0.0710041 0.0875
-0.337639 1.225 -0.074493 -0.13125
-0.0830761 0.875 -0.0814707 0.0875
-0.401141 0.74375 -0.0910652 0.065625
-1.09265 0.765625 -0.0846596 0.13125
-1.38149 1.09375 -0.082043 0.153125
-1.06864 1.33438 -0.0791356 -0.240625
-0.794609 1.20312 -0.0826244 -0.328125
-0.427674 1.07187 -0.0861133 0.109375
-0.351931 0.91875 -0.0927911 0.04375
-0.717082 0.590625 -0.100932 0.0875
-1.0443 1.00625 -0.0997689 -0.21875
-1.40277 1.15938 -0.10006 0.04375
-1.2212 1.4 -0.0951078 0
-0.698279 1.37813 -0.102086 0.021875
-0.330486 1.11563 -0.110226 -0.13125
-0.32567 0.940625 -0.117776 -0.21875
-0.734882 0.984375 -0.117486 -0.04375
-1.25456 1.09375 -0.122137 0.021875
-1.54341 1.29062 -0.114287 -0.021875
-1.27285 1.50937 -0.11108 -0.196875
-0.394956 1.46562 -0.121837 -0.284375
0.0961248 1.05 -0.133176 -0.021875
-0.494219 0.809375 -0.141599 0.021875
-1.30464 1.02812 -0.136656 -0.04375
-1.55118 1.33438 -0.127343 0
-1.56337 1.42188 -0.127634 -0.0875
-0.483266 1.575 -0.128215 0
-0.0357965 1.02812 -0.1378 -0.04375
-0.117344 0.56875 -0.151174 -0.196875
-1.11282 0.853125 -0.140989 -0.196875
-1.56288 1.18125 -0.136047 0
-1.57376 1.37813 -0.12558 -0.196875
-0.534652 1.44375 -0.135165 -0.13125
0.118503 1.09375 -0.14098 -0.13125
-0.353786 0.809375 -0.142424 -0.13125
-1.08935 0.896875 -0.140099 -0.153125
-1.56804 1.15938 -0.129623 -0.13125
-1.22787 1.42188 -0.121773 -0.13125
-0.537194 1.3125 -0.123217 -0.13125
-0.0452548 1.05 -0.124089 -0.13125
-0.475241 0.7875 -0.123789 -0.196875
-1.08928 0.875 -0.120591 -0.196875
-1.33321 1.20312 -0.104591 -0.175
-1.13403 1.26875 -0.0958689 -0.21875
-0.532335 1.225 -0.0926615 -0.21875
-0.0861743 1.00625 -0.0952689 -0.196875
-0.191562 0.83125 -0.09963 -0.196875
-0.995441 0.809375 -0.09148 -0.13125
-1.2539 1.05 -0.0714189 -0.109375
-1.13003 1.09375 -0.0606522 -0.13125
-0.3222 1.1375 -0.0594893 -0.04375
0.0890581 0.809375 -0.0632596 -0.109375
-0.220707 0.65625 -0.0638319 -0.175
-0.937813 0.678125 -0.0585985 -0.21875
-1.24075 0.91875 -0.0440522 -0.109375
-1.1134 0.809375 -0.0402633 -0.196875
-0.276493 1.11563 -0.0446244 0.153125
0.219821 0.7875 -0.0556633 0
-0.161771 0.6125 -0.0576893 0.153125
-1.12948 0.6125 -0.05798 -0.065625
-1.34564 0.9625 -0.0460504 -0.0875
-1.10285 1.1375 -0.0504022 -0.196875
-0.425859 1.07187 -0.0547633 0.153125
-0.00922148 0.809375 -0.0614411 -0.065625
-0.118084 0.678125 -0.063467 0.153125
-0.643593 0.65625 -0.0660744 -0.0875
-1.13289 0.809375 -0.0628763 -0.109375
-1.30282 0.91875 -0.0538541 0.109375
-0.749973 1.20312 -0.0544263 0.13125
-0.261509 0.9625 -0.0558707 0.109375
-0.0483909 0.765625 -0.0628485 -0.109375
-0.321086 0.7 -0.0631485 0.0875
-0.923205 0.721875 -0.0587874 -0.021875
-1.38343 0.83125 -0.0503652 -0.109375
-1.14109 1.26875 -0.04048 0.04375
-0.583866 1.18125 -0.04078 0
0.037598 0.91875 -0.0477578 -0.109375
0.047648 0.721875 -0.0530004 -0.13125
-0.636459 0.7 -0.05678 -0.021875
-1.49049 0.875 -0.0498115 -0.065625
-1.52959 1.26875 -0.0399263 -0.04375
-0.859995 1.35625 -0.0437152 -0.13125
0.155278 1.15938 -0.0559263 -0.04375
0.331777 0.7 -0.066693 -0.065625
-0.307411 0.6125 -0.0754152 -0.109375
-1.51033 0.678125 -0.0701819 -0.065625
-1.52428 1.24687 -0.0681559 -0.04375
-1.06344 1.33438 -0.0600152 -0.021875
-0.124776 1.05 -0.074843 -0.13125
0.322243 0.765625 -0.0867726 -0.175
-0.0350576 0.56875 -0.0925874 -0.065625
-0.91338 0.56875 -0.0920059 -0.0875
-1.3736 0.9625 -0.0923059 -0.065625
-1.22372 1.09375 -0.0870726 -0.021875
-0.774797 1.225 -0.0841652 -0.04375
-0.215407 0.91875 -0.0926059 -0.0875
-0.251584 0.765625 -0.0984207 -0.021875
-0.481119 0.74375 -0.104817 0
-0.848886 0.809375 -0.104245 0
-1.0162 1.09375 -0.101337 -0.0875
-1.14122 1.11563 -0.101628 0
-0.984341 1.1375 -0.0987207 -0.04375
-0.504177 1.15938 -0.105126 -0.065625
-0.425367 0.83125 -0.109487 -0.21875
-0.21879 0.7875 -0.116465 -0.175
-0.611707 0.765625 -0.121699 -0.065625
-1.30366 0.940625 -0.119082 -0.13125
-1.5489 1.24687 -0.111532 -0.284375
-0.954605 1.29062 -0.116765 -0.175
-0.280226 1.02812 -0.121126 -0.109375
0.254466 0.809375 -0.131593 -0.021875
-0.264501 0.6125 -0.141187 -0.065625
-1.23352 0.721875 -0.14265 -0.065625
-1.55275 1.24687 -0.136545 -0.240625
-1.56539 1.24687 -0.12666 -0.21875
-0.528444 1.46562 -0.13451 -0.284375
0.194779 0.940625 -0.144976 -0.153125
0.175755 0.634375 -0.155734 -0.175
-0.759407 0.634375 -0.155734 -0.109375
-1.43944 1.00625 -0.153989 -0.196875
-1.57055 1.225 -0.14265 -0.153125
-1.06785 1.4 -0.144395 -0.065625
-0.336634 1.26875 -0.149928 -0.21875
-0.0503798 0.7875 -0.15865 -0.175
-0.455667 0.678125 -0.163302 -0.153125
-0.970113 0.896875 -0.15865 -0.2625
-1.38718 1.05 -0.160976 -0.175
-1.23337 1.3125 -0.154871 -0.153125
-0.755371 1.4 -0.153126 -0.284375
-0.432497 1.05 -0.15836 -0.153125
-0.38452 0.896875 -0.160976 -0.196875
-0.706059 0.940625 -0.159523 -0.153125
-0.913061 0.984375 -0.157778 -0.153125
-1.03501 1.1375 -0.153708 -0.153125
-0.997496 1.3125 -0.143523 -0.153125
-0.999671 1.15938 -0.140324 -0.109375
-0.680273 1.15938 -0.139452 -0.2625
-0.486925 1.07187 -0.136836 -0.21875
-0.322651 0.9625 -0.139743 -0.175
-0.554352 0.83125 -0.139743 -0.13125
-1.04148 0.9625 -0.127532 -0.13125
-1.29864 1.26875 -0.117065 -0.153125
-1.14438 1.26875 -0.105726 -0.04375
-0.532074 1.1375 -0.101656 -0.153125
0.0325498 1.00625 -0.103973 -0.0875
0.0412915 0.634375 -0.0984485 -0.153125
-0.804032 0.74375 -0.0897263 -0.175
-1.52768 0.9625 -0.0740263 -0.13125
-1.61256 1.24687 -0.0618152 -0.109375
-0.827115 1.3125 -0.0522207 -0.065625
0.190774 1.00625 -0.0559911 -0.109375
0.454495 0.590625 -0.0530837 -0.109375
-0.224379 0.546875 -0.0530837 -0.21875
-1.14893 0.634375 -0.0440707 -0.0875
-1.40825 0.896875 -0.0315689 -0.021875
-1.16722 1.07187 -0.018767 -0.0875
-0.331626 1.02812 -0.0237096 0
0.206991 0.721875 -0.0359485 -0.04375
0.143905 0.546875 -0.0438263 0.021875
-0.537135 0.525 -0.0517041 -0.21875
-1.06657 0.634375 -0.0529041 0.065625
-1.18982 0.896875 -0.0529319 -0.021875
-0.915345 0.9625 -0.0520967 0.0875
-0.547552 0.9625 -0.0646263 0.021875
-0.262607 0.809375 -0.076293 0.13125
-0.0970243 0.721875 -0.0859152 0.04375
-0.529627 0.634375 -0.0923393 0.13125
-0.899153 0.853125 -0.0944115 0.04375
-1.30123 1.09375 -0.0918226 -0.196875
-1.23595 1.225 -0.0904059 -0.13125
-0.754029 1.18125 -0.0904337 -0.21875
-0.14841 1.02812 -0.100056 -0.196875
-0.00752704 0.74375 -0.111723 -0.196875
-0.57403 0.721875 -0.11553 -0.21875
-1.42937 0.896875 -0.107417 0.175
-1.58869 1.29062 -0.0998948 -0.21875
-1.08424 1.35625 -0.0978874 0.175
-0.113883 1.20312 -0.10751 0.021875
0.337512 0.765625 -0.120049 0.175
-0.299059 0.590625 -0.124147 -0.284375
-1.29629 0.74375 -0.129699 -0.0875
-1.586 1.1375 -0.121876 -0.153125
-1.59602 1.33438 -0.122204 -0.2625
-0.396553 1.44375 -0.12543 0.0875
0.298904 0.896875 -0.14581 -0.21875
0.151664 0.634375 -0.157176 -0.196875
-0.811264 0.634375 -0.165926 -0.21875
-1.58114 0.896875 -0.157532 -0.2625
-1.59464 1.35625 -0.154071 -0.2625
-1.04702 1.46562 -0.156715 0.021875
-0.123758 1.24687 -0.161104 -0.21875
0.0919776 0.809375 -0.178576 -0.21875
-0.339317 0.7 -0.183265 -0.2625
-1.07358 0.809375 -0.184456 -0.240625
-1.44964 1.11563 -0.183611 -0.240625
-1.37069 1.37813 -0.179278 -0.021875
-0.81784 1.42188 -0.18483 -0.284375
-0.360209 1.15938 -0.190963 -0.021875
-0.031652 0.91875 -0.195934 -0.04375
-0.48055 0.765625 -0.204102 -0.328125
-1.03861 0.940625 -0.203549 -0.021875
-1.29838 1.18125 -0.195726 -0.240625
-1.61499 1.3125 -0.189949 -0.109375
-0.9044 1.50937 -0.189104 -0.2625
-0.345009 1.11563 -0.192621 -0.13125
0.144313 0.896875 -0.206023 -0.153125
-0.286982 0.809375 -0.206923 -0.153125
-1.13885 0.940625 -0.202589 -0.175
-1.61798 1.1375 -0.186917 -0.240625
-1.63017 1.4 -0.179095 -0.21875
-0.711282 1.59688 -0.177378 -0.21875
0.0145581 1.09375 -0.188163 -0.21875
0.113139 0.83125 -0.191389 -0.196875
-0.732184 0.74375 -0.189091 -0.21875
-1.54436 0.984375 -0.174863 -0.2625
-1.81953 1.33438 -0.165297 -0.21875
-1.24284 1.50937 -0.158347 -0.30625
-0.113888 1.35625 -0.157502 -0.240625
0.293445 0.9625 -0.163636 -0.2625
-0.251529 0.7 -0.164536 -0.21875
-1.10339 0.765625 -0.161365 -0.2625
-1.62614 1.02812 -0.143658 -0.175
-1.63702 1.29062 -0.132347 -0.196875
-0.600527 1.46562 -0.13063 -0.21875
0.126621 1.02812 -0.134719 -0.175
0.319679 0.546875 -0.127187 -0.21875
-1.59817 0.459375 -0.111224 -0.2625
-1.61212 0.940625 -0.0981689 -0.196875
-1.01959 1.05 -0.0856948 -0.284375
-0.136458 0.896875 -0.0918189 -0.196875
0.447937 0.65625 -0.0976615 -0.2625
-0.0666548 0.546875 -0.100306 -0.153125
-1.03089 0.590625 -0.092193 -0.284375
-1.59725 0.896875 -0.0808819 -0.153125
-1.56017 1.55313 -0.0829356 0.04375
0.49422 1.8375 -0.0902319 0.021875
0.305535 0.765625 -0.104506 -0.13125
-0.451258 0.74375 -0.107732 -0.021875
-1.54226 0.809375 -0.0978652 0
-1.74911 1.26875 -0.0935319 0
-0.776857 1.44375 -0.0967485 0.021875
0.124736 1.05 -0.108115 0
0.343088 0.678125 -0.124706 0.021875
-0.293484 0.6125 -0.135491 -0.021875
-1.07266 0.590625 -0.133474 0.021875
-1.2439 0.9625 -0.125652 -0.0875
-0.838592 1.07187 -0.126252 0.021875
-0.353195 0.875 -0.129478 -0.240625
0.0938248 0.74375 -0.136184 0
-0.10271 0.56875 -0.149586 -0.284375
-0.61499 0.56875 -0.145534 -0.175
-1.19065 0.721875 -0.145852 -0.0875
-1.31652 1.02812 -0.145871 -0.153125
-0.927506 1.225 -0.136295 -0.2625
-0.444725 1.11563 -0.146208 -0.153125
-0.0293965 0.83125 -0.15175 -0.109375
-0.109635 0.6125 -0.155267 -0.21875
-0.545305 0.6125 -0.160228 -0.175
-1.03244 0.765625 -0.157339 -0.0875
-1.55387 1.11563 -0.153006 -0.175
-1.2137 1.18125 -0.145756 -0.13125
-0.484649 1.1375 -0.154497 -0.240625
0.167197 0.7875 -0.163828 -0.153125
0.133186 0.546875 -0.171406 -0.153125
-0.506002 0.590625 -0.172878 -0.196875
-1.27326 0.853125 -0.172034 -0.21875
-1.56342 1.09375 -0.162167 -0.240625
-1.22324 1.29062 -0.16015 -0.21875
-0.581863 1.1375 -0.159887 -0.240625
0.022447 1.00625 -0.170954 -0.153125
0.032047 0.678125 -0.182893 -0.21875
-0.560913 0.6125 -0.188726 -0.196875
-1.20926 0.809375 -0.186137 -0.2625
-1.29152 1.09375 -0.186156 -0.240625
-1.02142 1.1375 -0.18036 -0.240625
-0.539944 1.20312 -0.18881 -0.371875
-0.213146 0.875 -0.198132 -0.21875
-0.0449465 0.678125 -0.20601 -0.371875
-0.569146 0.590625 -0.21475 -0.2625
-1.21618 0.7 -0.211571 -0.21875
-1.22621 1.09375 -0.213334 -0.30625
-0.909878 1.18125 -0.209282 -0.2625
-0.38087 1.02812 -0.219767 -0.196875
-0.0976826 0.809375 -0.227354 -0.35
-0.251915 0.6125 -0.237839 -0.2625
-0.809114 0.6125 -0.241347 -0.2625
-1.26717 0.83125 -0.238458 -0.39375
-1.27589 1.24687 -0.233824 -0.39375
-0.871025 1.18125 -0.236169 -0.371875
-0.264098 0.984375 -0.242002 -0.284375
-0.0522881 0.721875 -0.250743 -0.240625
-0.295051 0.6125 -0.253087 -0.240625
-0.85225 0.7875 -0.25485 -0.284375
-1.29577 0.940625 -0.250217 -0.284375
-1.14458 1.05 -0.242095 -0.240625
-0.709334 1.1375 -0.242113 -0.415625
-0.26624 0.896875 -0.242713 -0.30625
-0.0544298 0.7 -0.24593 -0.240625
-0.297193 0.678125 -0.248565 -0.30625
-0.735479 0.678125 -0.241315 -0.240625
-1.13539 0.940625 -0.232321 -0.30625
-1.0688 1.05 -0.226815 -0.240625
-0.705384 0.984375 -0.220728 0.04375
-0.144685 0.984375 -0.221328 -0.21875
0.0261304 0.65625 -0.220184 -0.240625
-0.289318 0.56875 -0.220202 -0.21875
-0.890128 0.678125 -0.205974 -0.2625
-1.21735 0.984375 -0.20076 -0.153125
-0.976321 1.07187 -0.1781 -0.21875
-0.493541 0.940625 -0.178119 -0.196875
-0.0042187 0.721875 -0.174058 -0.2625
0.121678 0.590625 -0.173786 -0.240625
-0.310067 0.48125 -0.160139 -0.284375
-0.881803 0.6125 -0.150273 -0.30625
-1.21033 0.765625 -0.133428 -0.2625
-1.05567 0.984375 -0.125015 -0.284375
-0.295376 1.02812 -0.113986 -0.35
0.199179 0.6125 -0.117484 -0.328125
0.0924831 0.503125 -0.115176 -0.328125
-0.427792 0.503125 -0.111706 -0.328125
-0.912306 0.56875 -0.10591 -0.371875
-1.07962 0.765625 -0.103893 -0.328125
-0.923197 0.875 -0.10393 -0.109375
-0.469491 0.809375 -0.105711 -0.284375
-0.111452 0.7 -0.119695 -0.065625
-0.0146298 0.546875 -0.129326 -0.30625
-0.257393 0.6125 -0.140411 -0.240625
-0.858203 0.678125 -0.146845 -0.04375
-1.14181 0.7875 -0.157058 -0.328125
-1.1043 1.05 -0.154178 -0.328125
-0.550146 0.984375 -0.163228 -0.04375
-0.133959 0.875 -0.17693 -0.2625
0.035548 0.7 -0.19383 -0.2625
-0.530955 0.678125 -0.201426 -0.284375
-1.13569 0.809375 -0.201454 -0.284375
-1.51176 1.07187 -0.202654 -0.175
-1.19804 1.29062 -0.201237 -0.30625
-0.512194 1.15938 -0.20738 -0.284375
0.0207396 0.875 -0.220491 -0.284375
-0.0171965 0.678125 -0.229541 -0.328125
-0.747532 0.7 -0.233358 -0.30625
-1.47249 0.896875 -0.232804 -0.30625
-1.44197 1.29062 -0.228771 -0.328125
-0.893045 1.3125 -0.231715 -0.328125
-0.128827 1.05 -0.241919 -0.328125
0.010298 0.721875 -0.255621 -0.39375
-0.439909 0.65625 -0.262926 -0.284375
-1.11778 0.765625 -0.260047 -0.30625
-1.56522 1.09375 -0.259793 -0.30625
-1.26866 1.4875 -0.259821 -0.328125
-0.788498 1.225 -0.263637 -0.328125
-0.171409 1.09375 -0.275304 -0.39375
-0.295259 0.765625 -0.287543 -0.371875
-0.52741 0.83125 -0.292232 -0.328125
-1.05729 0.853125 -0.294295 -0.328125
-1.18362 1.11563 -0.291134 -0.328125
-1.18972 1.3125 -0.289417 -0.328125
-0.79939 1.26875 -0.296723 -0.284375
-0.476967 1.07187 -0.300239 -0.371875
-0.267773 0.91875 -0.306673 -0.35
-0.381011 0.83125 -0.313097 -0.35
-0.747062 0.896875 -0.316041 -0.459375
-1.19058 1.09375 -0.31258 -0.39375
-1.28783 1.26875 -0.30971 -0.328125
-0.92527 1.29062 -0.307993 -0.30625
-0.325334 1.1375 -0.317043 -0.35
0.0489998 0.875 -0.321432 -0.35
-0.176609 0.74375 -0.3296 -0.371875
-1.02762 0.74375 -0.32295 -0.371875
-1.44729 1.07187 -0.310476 -0.284375
-1.32563 1.29062 -0.305861 -0.2625
-0.608946 1.26875 -0.31025 -0.371875
0.128814 0.984375 -0.313767 -0.39375
0.213266 0.678125 -0.323108 -0.39375
-0.703434 0.6125 -0.320519 -0.35
-1.513 0.853125 -0.309208 -0.35
-1.59747 1.24687 -0.297324 -0.39375
-0.813332 1.35625 -0.298224 -0.39375
-0.0028863 1.05 -0.301741 -0.39375
0.300929 0.765625 -0.308465 -0.39375
-0.306568 0.56875 -0.308784 -0.39375
-1.14304 0.7 -0.302706 -0.39375
-1.2839 0.984375 -0.288206 -0.30625
-1.20277 1.11563 -0.277767 -0.39375
-0.515616 1.18125 -0.272561 -0.371875
-0.112208 0.83125 -0.272589 -0.39375
-0.018452 0.678125 -0.268556 -0.371875
-0.376203 0.634375 -0.269747 -0.35
-0.742254 0.7 -0.262797 -0.30625
-1.02587 0.83125 -0.246252 -0.328125
-1.03197 0.984375 -0.232034 -0.459375
-0.831072 1.00625 -0.228291 -0.371875
-0.4752 0.875 -0.219306 -0.39375
-0.0140937 0.765625 -0.218461 -0.30625
-0.0044937 0.634375 -0.215873 -0.328125
-0.453842 0.678125 -0.209504 -0.4375
-1.05727 0.765625 -0.198193 -0.35
-1.22634 0.940625 -0.183102 -0.328125
-0.954931 0.984375 -0.177324 -0.30625
-0.310076 0.875 -0.176752 -0.30625
0.271702 0.7 -0.178206 -0.35
0.034172 0.459375 -0.177343 -0.328125
-0.605466 0.525 -0.175308 -0.30625
-1.12298 0.56875 -0.170074 -0.240625
-1.21937 0.809375 -0.160489 -0.175
-0.784123 0.91875 -0.160489 -0.30625
-0.0930409 0.7875 -0.168339 -0.371875
0.196688 0.56875 -0.179678 -0.284375
-0.117902 0.48125 -0.186665 -0.153125
-0.8337 0.6125 -0.184049 -0.415625
-1.32214 0.74375 -0.184921 -0.284375
-1.0974 1.02812 -0.184049 -0.2625
-0.689926 1.00625 -0.183476 -0.2625
-0.161368 0.91875 -0.19656 -0.196875
-0.196687 0.7 -0.205282 -0.2625
-0.353986 0.678125 -0.208771 -0.284375
-0.792272 0.721875 -0.21256 -0.240625
-1.00103 0.875 -0.217211 -0.21875
-0.934447 1.02812 -0.211687 -0.328125
-0.84985 1.18125 -0.213432 -0.240625
-0.526977 0.984375 -0.218665 -0.21875
-0.319542 1.09375 -0.225643 -0.284375
-0.284793 0.765625 -0.232039 -0.284375
-0.675993 0.853125 -0.237573 -0.284375
-0.958296 0.940625 -0.232049 -0.284375
-1.16967 1.02812 -0.229432 -0.284375
-0.805806 1.35625 -0.234956 -0.328125
-0.201946 1.02812 -0.239899 -0.240625
-0.146118 0.83125 -0.250365 -0.328125
-0.506935 0.74375 -0.25211 -0.240625
-1.2412 0.853125 -0.254726 -0.48125
-1.44065 1.07187 -0.248621 -0.459375
-0.771507 1.26875 -0.247458 -0.415625
-0.0738826 1.02812 -0.269554 -0.284375
0.140544 0.74375 -0.273915 -0.328125
-0.614082 0.56875 -0.2838 -0.328125
-1.23597 0.721875 -0.280311 -0.371875
-1.40504 1.05 -0.27595 -0.371875
-0.763665 1.18125 -0.272171 -0.371875
0.019873 0.765625 -0.290778 -0.371875
0.062472 0.765625 -0.2995 -0.240625
-0.692154 0.546875 -0.305024 -0.35
-1.50041 0.83125 -0.300954 -0.2625
-1.26244 1.26875 -0.291941 -0.2625
-0.500844 1.15938 -0.293976 -0.328125
0.229779 0.940625 -0.310839 -0.371875
0.123083 0.503125 -0.313165 -0.328125
-0.517863 0.503125 -0.317236 -0.35
-1.12436 0.7875 -0.304734 -0.371875
-1.52819 0.940625 -0.300663 -0.371875
-0.907031 1.24687 -0.294258 -0.415625
-0.260418 0.984375 -0.292513 -0.415625
0.274682 0.590625 -0.297747 -0.35
0.123066 0.4375 -0.296874 -0.35
-0.429349 0.459375 -0.294258 -0.39375
-1.00239 0.590625 -0.284663 -0.39375
-1.24415 0.809375 -0.274769 -0.4375
-0.897889 0.896875 -0.268082 -0.459375
-0.252584 0.74375 -0.265174 -0.371875
0.282516 0.525 -0.273315 -0.39375
0.339652 0.415625 -0.27506 -0.39375
-0.342289 0.48125 -0.270399 -0.30625
-0.870414 0.459375 -0.262839 -0.328125
-1.38838 0.809375 -0.2515 -0.35
-0.841211 1.00625 -0.240161 -0.240625
-0.357122 0.721875 -0.241024 -0.2625
0.381496 0.634375 -0.241606 -0.284375
0.422787 0.459375 -0.242478 -0.30625
-0.0794761 0.30625 -0.237817 -0.35
-0.854731 0.503125 -0.222989 -0.328125
-1.18502 0.590625 -0.208161 -0.371875
-0.941824 0.896875 -0.19536 -0.39375
-0.383742 0.7875 -0.190126 -0.39375
0.397179 0.503125 -0.187219 -0.415625
0.409396 0.35 -0.186628 -0.328125
-0.0651011 0.35 -0.185465 -0.371875
-0.547448 0.371875 -0.181976 -0.415625
-1.2381 0.48125 -0.169756 -0.415625
-1.04113 0.875 -0.162487 -0.415625
-0.3672 0.721875 -0.165676 -0.371875
0.255572 0.678125 -0.177015 -0.371875
0.300338 0.634375 -0.186319 -0.328125
-0.333617 0.459375 -0.19823 -0.328125
-1.01149 0.4375 -0.195613 -0.328125
-1.22286 0.634375 -0.197058 -0.196875
-0.745317 0.7875 -0.19415 -0.328125
-0.182451 0.765625 -0.208378 -0.021875
0.0795119 0.634375 -0.227258 -0.2625
-0.351374 0.590625 -0.236243 -0.175
-0.969338 0.634375 -0.233608 -0.35
-1.41462 0.83125 -0.226602 -0.39375
-0.893458 1.3125 -0.231236 -0.371875
-0.171993 1.26875 -0.241965 -0.35
0.15828 0.896875 -0.251541 -0.503125
-0.38976 0.634375 -0.258782 -0.371875
-1.24469 0.896875 -0.252949 -0.39375
-1.44762 1.09375 -0.249432 -0.328125
-0.822539 1.24687 -0.245052 -0.328125
0.0328257 0.9625 -0.260724 -0.35
0.160889 0.7875 -0.272336 -0.35
-0.553601 0.65625 -0.269691 -0.35
-1.20501 0.765625 -0.270836 -0.35
-1.45156 1.09375 -0.266737 -0.35
-0.903083 1.26875 -0.266137 -0.35
-0.214167 1.07187 -0.27396 -0.35
-0.0451094 0.765625 -0.282363 -0.371875
-0.490083 0.634375 -0.289613 -0.371875
-1.00674 0.721875 -0.28726 -0.35
-1.14805 1.00625 -0.287532 -0.371875
-0.99293 1.15938 -0.284887 -0.371875
-0.540982 1.02812 -0.289221 -0.371875
-0.185109 0.853125 -0.296471 -0.39375
-0.0451261 0.7 -0.305165 -0.39375
-0.492716 0.48125 -0.309789 -0.6125
-1.05429 0.809375 -0.308317 -0.459375
-1.34183 0.984375 -0.297823 -0.415625
-0.86473 1.18125 -0.29576 -0.371875
0.0197091 0.9625 -0.305917 -0.2625
0.445054 0.853125 -0.322461 -0.284375
-0.18935 0.35 -0.326795 -0.30625
-1.15882 0.525 -0.32008 -0.525
-1.44942 0.853125 -0.31163 -0.371875
-0.827814 1.07187 -0.305206 -0.503125
0.0244841 0.9625 -0.316808 -0.371875
0.245453 0.65625 -0.322886 -0.39375
-0.229045 0.56875 -0.328391 -0.35
-1.15359 0.590625 -0.321676 -0.415625
-1.32529 0.809375 -0.312054 -0.4375
-0.891349 1.07187 -0.30563 -0.48125
-0.332409 0.875 -0.311126 -0.39375
0.15908 0.765625 -0.31605 -0.30625
-0.268739 0.634375 -0.322419 -0.35
-0.91361 0.634375 -0.309308 -0.328125
-1.28706 0.875 -0.303465 -0.35
-1.00418 1.09375 -0.28861 -0.35
-0.402485 1.05 -0.288 -0.39375
0.132615 0.7875 -0.286228 -0.415625
-0.104915 0.634375 -0.284756 -0.371875
-0.583337 0.634375 -0.273389 -0.39375
-1.23344 0.678125 -0.251265 -0.371875
-1.24085 0.91875 -0.240189 -0.30625
-0.556309 1.09375 -0.224171 -0.415625
0.170839 0.7875 -0.22676 -0.39375
0.273753 0.525 -0.228476 -0.371875
-0.362819 0.48125 -0.219436 -0.415625
-1.05653 0.590625 -0.202836 -0.459375
-1.13969 0.74375 -0.191469 -0.35
-0.748061 0.809375 -0.182428 -0.4375
-0.146818 0.678125 -0.1824 -0.371875
0.269819 0.56875 -0.187606 -0.30625
0.0715257 0.4375 -0.180891 -0.328125
-0.481748 0.459375 -0.179991 -0.415625
-1.01294 0.6125 -0.175602 -0.284375
-1.02035 0.765625 -0.167434 -0.284375
-0.792997 0.7875 -0.163917 -0.284375
-0.341049 0.721875 -0.159237 -0.415625
-0.0591706 0.65625 -0.167932 -0.284375
-0.0103344 0.525 -0.174882 -0.196875
-0.37201 0.4375 -0.179215 -0.284375
-0.784289 0.525 -0.177443 -0.371875
-1.14189 0.678125 -0.174799 -0.196875
-0.827321 0.91875 -0.173899 -0.196875
-0.640965 0.7875 -0.171536 -0.35
-0.156876 0.74375 -0.182265 -0.196875
-0.0631206 0.590625 -0.190087 -0.240625
-0.382494 0.56875 -0.195293 -0.240625
-0.867458 0.65625 -0.193521 -0.240625
-1.3149 0.853125 -0.193193 -0.2625
-1.04525 1.11563 -0.191411 -0.240625
-0.565084 1.07187 -0.192537 -0.109375
-0.0352178 0.853125 -0.198315 -0.065625
-0.0308511 0.634375 -0.207 -0.196875
-0.599112 0.590625 -0.208417 -0.153125
-1.13247 0.765625 -0.200239 -0.21875
-1.44953 1.05 -0.196423 -0.175
-0.989138 1.24687 -0.193478 -0.153125
-0.344284 1.15938 -0.196339 -0.175
0.0274341 0.875 -0.203861 -0.175
-0.291081 0.65625 -0.207023 -0.2625
-0.893199 0.721875 -0.203206 -0.240625
-1.45739 0.9625 -0.192411 -0.196875
-1.11853 1.37813 -0.192084 -0.371875
-0.714114 1.15938 -0.187095 -0.21875
-0.360859 0.91875 -0.195489 -0.240625
-0.195726 0.875 -0.195743 -0.30625
-0.517716 0.721875 -0.196287 -0.21875
-0.797853 0.7875 -0.197123 -0.240625
-1.12508 1.05 -0.193006 -0.371875
-1.01664 1.15938 -0.191806 -0.21875
-0.890596 1.00625 -0.183337 -0.21875
-0.498105 1.00625 -0.189987 -0.21875
-0.37875 0.940625 -0.196337 -0.30625
-0.376142 0.74375 -0.194847 -0.240625
-0.609601 0.74375 -0.203823 -0.240625
-0.935966 0.940625 -0.198843 -0.328125
-1.1482 0.9625 -0.19211 -0.21875
-1.11245 0.984375 -0.190037 -0.30625
-0.467144 1.05 -0.200176 -0.240625
-0.0681104 0.809375 -0.204782 -0.21875
-0.0162076 0.6125 -0.216084 -0.13125
-0.702073 0.634375 -0.216337 -0.175
-1.26581 0.91875 -0.210476 -0.240625
-1.51019 1.09375 -0.20695 -0.2625
-0.843661 0.984375 -0.207495 -0.371875
0.0535563 1.00625 -0.214426 -0.2625
0.343285 0.6125 -0.223693 -0.48125
-0.295045 0.48125 -0.228589 -0.2625
-1.21959 0.6125 -0.226517 -0.2625
-1.50889 1.09375 -0.218339 -0.240625
-1.0498 1.18125 -0.21335 -0.13125
-0.198365 1.11563 -0.221745 -0.415625
0.21913 0.678125 -0.229839 -0.196875
-0.0223243 0.48125 -0.238234 -0.371875
-0.782184 0.48125 -0.237024 -0.240625
-1.0658 0.875 -0.238441 -0.371875
-1.00097 0.940625 -0.228219 -0.2625
-0.682021 0.984375 -0.230508 -0.284375
-0.433591 0.809375 -0.2261 -0.2625
-0.241551 0.7875 -0.232169 -0.21875
-0.311628 0.590625 -0.232413 -0.284375
-0.30857 0.503125 -0.237319 -0.284375
-0.584782 0.721875 -0.234074 -0.415625
-0.71779 0.7875 -0.235491 -0.2625
-1.11815 0.765625 -0.22963 -0.328125
-0.889039 1.00625 -0.226976 -0.240625
-0.4054 0.853125 -0.22693 -0.2625
0.172453 0.7 -0.234743 -0.284375
0.0190785 0.590625 -0.237313 -0.30625
-0.548733 0.56875 -0.236104 -0.284375
-1.43405 0.7 -0.227054 -0.328125
-1.51806 1.11563 -0.220611 -0.284375
-0.733073 1.18125 -0.219411 -0.328125
0.238588 0.91875 -0.219656 -0.240625
0.45694 0.678125 -0.230658 -0.30625
-0.225001 0.48125 -0.233237 -0.2625
-1.15217 0.634375 -0.218654 -0.2625
-1.51546 0.984375 -0.201454 -0.2625
-1.08545 1.18125 -0.195311 -0.196875
-0.120776 1.05 -0.191195 -0.240625
0.209947 0.6125 -0.193474 -0.196875
-0.0319576 0.634375 -0.189658 -0.13125
-0.718682 0.503125 -0.175074 -0.153125
-1.12035 0.7 -0.163399 -0.21875
-0.921621 0.809375 -0.148524 -0.196875
-0.601815 0.940625 -0.13773 -0.196875
-0.364856 0.765625 -0.130415 -0.2625
-0.360939 0.74375 -0.114378 -0.284375
-0.517788 0.525 -0.104156 -0.240625
-0.473735 0.765625 -0.0892633 -0.30625
-0.428374 0.721875 -0.0874541 0.04375
-0.631901 0.809375 -0.0679096 -0.328125
-0.912896 0.721875 -0.0559244 -0.35
-0.915071 0.809375 -0.0456837 -0.13125
-0.4006 0.809375 -0.0467819 -0.284375
0.176803 0.765625 -0.0504967 -0.109375
0.0991804 0.525 -0.0559559 -0.284375
-0.615309 0.809375 -0.0619967 -0.30625
-1.46979 0.65625 -0.0508837 -0.240625
-1.36352 0.984375 -0.05518 -0.065625
-0.562683 1.1375 -0.0516263 -0.21875
0.247763 0.7875 -0.0727856 -0.021875
0.349818 0.525 -0.0817337 0
-0.566882 0.525 -0.0930078 -0.196875
-1.30683 0.7 -0.0882911 0
-1.50845 1.00625 -0.0844467 0
-0.754697 1.225 -0.0840911 0.065625
-0.150387 0.940625 -0.0971096 0.021875
0.0601146 0.7 -0.0982078 -0.196875
-0.463227 0.634375 -0.103958 0.109375
-1.06796 0.721875 -0.103021 -0.240625
-1.32381 1.00625 -0.0945244 -0.21875
-0.889872 1.20312 -0.101437 0.065625
-0.59869 1.11563 -0.09613 0.13125
-0.482402 0.940625 -0.102752 -0.240625
-0.641868 0.83125 -0.107049 0.109375
-0.686346 0.875 -0.108437 -0.240625
-0.762514 1.02812 -0.106919 0.153125
-0.735615 1.11563 -0.107436 0.109375
-1.2232 1.07187 -0.106499 -0.240625
-1.18568 1.225 -0.101491 0.35
-0.706829 1.15938 -0.101708 0.175
-0.0536743 1.02812 -0.117343 -0.196875
-0.00177148 0.809375 -0.124837 -0.196875
-0.925013 0.809375 -0.122737 -0.153125
-1.53543 1.02812 -0.115113 -0.175
-1.54938 1.29062 -0.106608 -0.21875
-0.556496 1.46562 -0.108869 -0.284375
0.142886 1.02812 -0.125086 0.065625
-0.0536493 0.765625 -0.129091 -0.196875
-1.06411 0.65625 -0.132797 -0.240625
-1.5437 1.07187 -0.122847 0.04375
-1.55634 1.35625 -0.114641 -0.196875
-0.52246 1.70625 -0.121263 0.109375
0.0421637 1.07187 -0.130202 -0.240625
-0.113377 0.853125 -0.134789 -0.240625
-0.874095 0.765625 -0.137341 -0.240625
-1.43698 0.984375 -0.138721 -0.0875
-1.28317 1.3125 -0.129352 0
-0.570413 1.35625 -0.135974 -0.21875
-0.288534 1.00625 -0.144041 0.021875
-0.358161 0.875 -0.150082 0.13125
-0.795139 0.765625 -0.150599 -0.153125
-0.930764 0.940625 -0.149071 -0.240625
-0.728562 1.11563 -0.153949 0.021875
-0.730737 1.00625 -0.154465 -0.04375
-0.806906 1.02812 -0.152937 -0.021875
-0.941222 0.940625 -0.15171 0.04375
-0.782182 0.984375 -0.151926 0
-0.296784 0.984375 -0.161165 -0.04375
-0.203887 0.83125 -0.166334 -0.065625
-0.52326 0.83125 -0.167423 0.021875
-1.17337 0.896875 -0.163578 -0.0875
-1.57851 1.1375 -0.1542 -0.04375
-0.911978 1.33438 -0.152673 -0.0875
0.012147 1.05 -0.158123 -0.2625
0.316413 0.721875 -0.168806 -0.39375
-0.320159 0.678125 -0.172211 -0.065625
-1.21825 0.721875 -0.166323 -0.13125
-1.58109 1.05 -0.15898 -0.2625
-1.35591 1.33438 -0.150174 -0.2625
-0.185959 1.3125 -0.155624 -0.153125
0.148689 0.809375 -0.158167 -0.196875
-0.211679 0.65625 -0.167097 -0.153125
-1.06224 0.721875 -0.161499 -0.175
-1.58498 0.984375 -0.150376 -0.153125
-1.03737 1.35625 -0.142443 -0.153125
-0.554585 1.1375 -0.143532 -0.284375
-0.152485 0.984375 -0.142286 -0.196875
-0.471859 0.503125 -0.141049 -0.196875
-1.02906 0.74375 -0.133697 -0.196875
-0.959406 1.02812 -0.130715 -0.21875
-0.711834 1.07187 -0.125399 -0.21875
-0.551485 1.00625 -0.121836 -0.21875
-0.80079 0.896875 -0.117691 -0.21875
-0.993255 0.940625 -0.11063 -0.196875
-0.760221 0.896875 -0.105613 -0.065625
-0.317126 0.940625 -0.108147 -0.21875
-0.26784 0.875 -0.116504 -0.13125
-0.825039 0.74375 -0.105663 -0.240625
-1.56322 1.00625 -0.0997744 0
-1.3235 1.29062 -0.0909689 -0.21875
-0.564519 1.225 -0.0908856 -0.21875
0.204932 0.984375 -0.104186 -0.175
0.0995443 0.721875 -0.104102 -0.21875
-0.953222 0.678125 -0.0999578 -0.175
-1.59227 0.984375 -0.0885356 -0.109375
-1.84012 1.29062 -0.081193 -0.175
-0.572335 1.575 -0.0793652 -0.065625
0.242485 1.00625 -0.0871319 -0.109375
0.209782 0.48125 -0.0917096 -0.175
-0.796757 0.6125 -0.0884281 -0.109375
-1.59571 0.83125 -0.0703281 -0.153125
-1.48682 1.3125 -0.0571615 -0.153125
-0.359175 1.42188 -0.0596948 -0.13125
0.0930776 0.9625 -0.0634004 -0.13125
-0.147069 0.721875 -0.0607004 -0.13125
-1.02147 0.590625 -0.0553837 -0.065625
-1.07118 1.07187 -0.0387374 -0.109375
-0.869834 1.05 -0.0287689 -0.175
-0.547819 1.15938 -0.031593 0.153125
-0.590988 0.74375 -0.0254133 -0.0875
-0.632849 0.7875 -0.0209689 0.065625
-0.381353 0.809375 -0.0200133 0.153125
-0.297759 0.765625 -0.0263356 0.0875
-0.615824 0.7875 -0.0218911 0.109375
-1.17433 0.91875 -0.0174467 -0.240625
-1.29934 1.02812 -0.00486148 0.0875
-0.701126 0.9625 -0.00682259 0.021875
0.0683248 0.7875 -0.0119726 0.0875
0.359362 0.65625 -0.0261356 -0.065625
-0.439734 0.6125 -0.0205281 -0.175
-1.44089 0.875 -0.0111504 -0.0875
-1.57069 1.05 -0.00260778 0.065625
-1.06538 1.20312 0.00273667 -0.109375
0.15648 1.05 -0.00383 0.021875
0.449276 0.65625 -0.0092337 0.04375
-0.270593 0.6125 -0.00999481 0
-1.2713 0.546875 1.07407e-05 -0.04375
-1.28219 1.02812 0.0097163 -0.04375
-0.802022 0.984375 0.0109996 -0.04375
-0.0796576 0.9625 0.00587741 -0.021875
-0.0669909 0.546875 0.00396259 0.021875
-0.453816 0.35 0.00262926 0.021875
-0.81635 0.546875 0.00710148 -0.021875
-0.770539 0.875 0.00751259 0.04375
-0.741023 0.896875 0.00500704 -0.04375
-0.814125 0.7 0.00745333 -0.21875
-0.4155 0.765625 0.00612 0
-0.0856354 0.678125 0.000125556 0.021875
-0.106418 0.525 -0.0137096 -0.13125
-0.718698 0.525 -0.0115633 0.021875
-1.3256 0.7875 -0.00504667 -0.065625
-1.21802 1.00625 0.00495889 0.109375
-0.444049 1.09375 -0.00278 -0.13125
0.32716 0.74375 -0.01458 0.04375
0.296216 0.590625 -0.0246356 0.04375
-0.738089 0.459375 -0.0242244 0.04375
-1.50751 0.7875 -0.0153911 0.04375
-1.5184 1.05 -0.0106189 -0.065625
-0.481452 1.26875 -0.0154411 0.021875
0.332918 0.809375 -0.0228893 0
0.299357 0.525 -0.0367244 -0.021875
-0.544208 0.56875 -0.0363133 -0.13125
-1.22379 0.678125 -0.0242726 0.065625
-1.27698 1.05 -0.02358 0
-0.754514 1.1375 -0.0313096 -0.0875
-0.271284 0.896875 -0.0268281 0.0875
-0.236084 0.74375 -0.0389189 -0.065625
-0.467785 0.7875 -0.0376448 0.065625
-0.673029 0.7 -0.0427578 0.065625
-0.749197 0.83125 -0.0432189 -0.0875
-0.795842 1.05 -0.0410633 0.0875
-0.958783 0.546875 -0.03978 0.065625
