torque_1 torque_1_t torque_2 torque_2_t
-0.242823 -0.21875 -0.641424 0.240625
-0.247773 0.065625 -0.634224 -0.415625
-0.135119 0.109375 -0.628197 -0.459375
0.0515294 0.30625 -0.622741 -0.546875
-0.25739 0.39375 -0.616413 -0.546875
-0.26234 0.415625 -0.614156 -0.590625
0.010222 0.13125 -0.602013 -0.634375
-0.270932 0.328125 -0.593941 -0.634375
-0.273265 0.0875 -0.591393 -0.721875
-0.278215 0.153125 -0.590589 -0.721875
-0.00479463 0.503125 -0.572341 -0.721875
-0.28464 0.39375 -0.576189 -0.721875
-0.288282 0.0875 -0.557069 -0.721875
-0.220546 0.30625 -0.551332 -0.765625
-0.106584 0.525 -0.545876 -0.6125
-0.299207 0.30625 -0.5442 -0.721875
-0.302848 0.39375 -0.536419 -0.65625
-0.305182 0.39375 -0.528056 -0.765625
-0.0326196 0.153125 -0.521147 -0.809375
-0.311157 0.13125 -0.510167 -0.83125
-0.31349 0.21875 -0.495408 -0.721875
-0.288058 0.196875 -0.495767 -0.721875
-0.174545 0.21875 -0.492056 -0.678125
-0.249563 0.196875 -0.475552 -0.634375
-0.251896 0.196875 -0.469224 -0.74375
-0.297841 0.196875 -0.463769 -0.634375
-0.183878 0.2625 -0.458313 -0.634375
-0.055378 0.39375 -0.452858 -0.6125
-0.144934 0.30625 -0.447702 -0.634375
-0.336248 0.371875 -0.441374 -0.590625
-0.310816 0.240625 -0.435047 -0.634375
-0.0660196 0.240625 -0.429591 -0.65625
-0.0674946 0.459375 -0.425008 -0.634375
-0.113439 0.30625 -0.419552 -0.546875
-0.348365 0.30625 -0.414097 -0.56875
-0.119414 0.39375 -0.407769 -0.6125
-0.355648 0.503125 -0.401441 -0.590625
-0.081778 0.21875 -0.395986 -0.503125
-0.127722 0.39375 -0.39053 -0.546875
-0.0137594 0.284375 -0.385074 -0.6125
-0.364982 0.153125 -0.379619 -0.546875
-0.0928696 0.371875 -0.373291 -0.546875
-0.371815 0.415625 -0.366963 -0.546875
-0.184675 0.371875 -0.360036 -0.546875
-0.257894 0.328125 -0.35428 -0.546875
-0.345649 0.240625 -0.348524 -0.546875
-0.186275 0.35 -0.342469 -0.0875
-0.37579 0.459375 -0.336713 -0.459375
-0.18865 0.39375 -0.330086 -0.503125
-0.378165 0.35 -0.32433 -0.459375
-0.378698 0.459375 -0.318274 -0.4375
-0.146639 0.35 -0.312519 -0.6125
-0.263469 0.35 -0.307636 -0.678125
-0.104095 0.35 -0.30158 -0.459375
-0.380832 0.284375 -0.295824 -0.459375
-0.10647 0.371875 -0.289197 -0.459375
-0.383207 0.2625 -0.283141 -0.371875
-0.152456 0.328125 -0.276513 -0.109375
-0.355199 0.240625 -0.27163 -0.328125
-0.0782206 0.35 -0.266447 -0.4375
-0.384032 0.328125 -0.260691 -0.415625
-0.384565 0.39375 -0.254936 -0.415625
-0.196117 0.4375 -0.24888 0.065625
-0.19665 0.35 -0.243124 -0.371875
-0.355783 0.328125 -0.238241 -0.35
-0.151489 0.35 -0.233058 -0.39375
-0.152022 0.30625 -0.227302 -0.196875
-0.196167 0.328125 -0.221547 -0.35
-0.384373 0.328125 -0.216363 0.04375
-0.0360178 0.328125 -0.210608 -0.39375
-0.109236 0.328125 -0.204852 -0.240625
-0.10977 0.196875 -0.198797 -0.196875
-0.197975 0.240625 -0.193041 -0.35
-0.111286 0.21875 -0.176237 -0.196875
-0.271727 0.21875 -0.182102 -0.175
-0.315871 0.240625 -0.176347 -0.0875
-0.38909 0.371875 -0.170591 -0.30625
-0.11342 0.328125 -0.164536 -0.284375
-0.157564 0.21875 -0.15878 -0.30625
-0.244011 0.35 -0.153897 -0.2625
-0.391223 0.30625 -0.146969 -0.39375
-0.393065 0.35 -0.140341 -0.109375
-0.393598 0.35 -0.134586 0.109375
-0.392823 0.39375 -0.129402 -0.30625
-0.160764 0.415625 -0.123647 -0.13125
-0.0877539 0.35 -0.118763 -0.284375
-0.162281 0.415625 -0.111836 -0.328125
-0.164122 0.371875 -0.105208 0.153125
-0.399865 0.284375 -0.0974078 -0.0875
-0.372633 0.371875 -0.09078 -0.328125
-0.285944 0.371875 -0.0800819 -0.0875
-0.12657 0.35 -0.0798411 0
-0.329313 0.328125 -0.0749578 -0.240625
-0.214859 0.371875 -0.06833 0.065625
-0.289835 0.415625 -0.0614022 -0.021875
-0.262603 0.503125 -0.0547744 0.175
-0.220834 0.328125 -0.0478467 0.065625
-0.294052 0.35 -0.0420911 -0.284375
-0.223209 0.2625 -0.0363356 0
-0.13652 0.328125 -0.03028 -0.240625
-0.386799 0.240625 -0.02278 0.065625
-0.271036 0.4375 -0.0167244 0.0875
-0.418698 0.240625 -0.0100967 0.21875
-0.42054 0.4375 -0.00346889 0.109375
-0.188481 0.590625 0.00258667 -0.065625
-0.189014 0.240625 0.00834222 -0.065625
-0.233159 0.21875 0.0143978 0.21875
-0.423982 0.415625 0.0210256 0.13125
-0.427582 0.328125 0.0285256 0.0875
-0.311819 0.371875 0.0345811 -0.065625
-0.31321 0.371875 0.0412089 -0.04375
-0.356455 0.328125 0.0475644 -0.04375
-0.153878 0.590625 0.0544922 0.13125
-0.429715 0.240625 0.0605478 -0.065625
-0.240367 0.590625 0.0666033 0.21875
-0.313994 0.4375 0.0735311 0.13125
-0.284553 0.371875 0.0795867 0.04375
-0.429557 0.371875 0.0856422 -0.065625
-0.197906 0.56875 0.102746 0.021875
-0.428823 0.415625 0.0971811 -0.04375
-0.429765 0.35 0.104109 0.13125
-0.197256 0.459375 0.110164 0.13125
-0.15197 0.459375 0.115348 0.04375
-0.195214 0.284375 0.121403 0.175
-0.428748 0.328125 0.128331 0.175
-0.42969 0.284375 0.135259 0.175
-0.430632 0.56875 0.142187 0.30625
-0.356271 0.6125 0.14767 0.04375
-0.0783928 0.546875 0.151981 0.065625
-0.35423 0.56875 0.158037 0.21875
-0.281178 0.415625 0.164092 0.065625
-0.42794 0.459375 0.17102 0
-0.427573 0.56875 0.177076 0.30625
-0.151003 0.459375 0.183131 0.21875
-0.149328 0.546875 0.188614 0.21875
-0.425165 0.196875 0.19467 0.240625
-0.120829 0.56875 0.200726 0.328125
-0.236759 0.196875 0.206781 0.2625
-0.427132 0.503125 0.213709 0.065625
-0.150561 0.328125 0.219764 0.328125
-0.426398 0.503125 0.22612 0.109375
-0.23705 0.4375 0.230431 0.21875
-0.15077 0.6125 0.237359 0.240625
-0.194014 0.153125 0.243414 0.371875
-0.151795 0.503125 0.24947 0.284375
-0.152736 0.48125 0.256398 0.30625
-0.313585 0.153125 0.262753 0.284375
-0.432132 0.35 0.270553 0.415625
-0.286395 0.48125 0.275737 0.328125
-0.431398 0.371875 0.281792 0.2625
-0.2425 0.6125 0.294535 0.328125
-0.431115 0.35 0.292159 0.459375
-0.155853 0.196875 0.298514 0.371875
-0.244017 0.35 0.305733 0.284375
-0.157736 0.546875 0.311498 0.35
-0.435332 0.35 0.325113 0.48125
-0.437582 0.56875 0.328261 0.39375
-0.248234 0.56875 0.32822 0.35
-0.161953 0.503125 0.334276 0.371875
-0.43824 0.371875 0.342366 0.48125
-0.44049 0.415625 0.358598 0.415625
-0.441432 0.590625 0.359129 0.415625
-0.252084 0.7 0.357053 0.415625
-0.250859 0.525 0.364272 0.525
-0.16327 0.546875 0.376724 0.459375
-0.36773 0.48125 0.370859 0.415625
-0.441357 0.65625 0.385346 0.459375
-0.442748 0.4375 0.388213 0.590625
-0.44369 0.48125 0.387872 0.371875
-0.444632 0.30625 0.392764 0.459375
-0.298895 0.371875 0.399111 0.6125
-0.371663 0.240625 0.403722 0.503125
-0.413599 0.525 0.407161 0.459375
-0.442307 0.65625 0.416996 0.590625
-0.137112 0.634375 0.424214 0.546875
-0.412949 0.35 0.427953 0.48125
-0.442965 0.503125 0.423833 0.503125
-0.444357 0.525 0.427272 0.809375
-0.327694 0.546875 0.441759 0.503125
-0.370938 0.7 0.444907 0.196875
-0.443257 0.503125 0.445157 0.48125
-0.25305 0.7 0.443944 0.525
-0.252684 0.678125 0.451163 0.678125
-0.134712 0.39375 0.447914 0.56875
-0.368696 0.546875 0.453689 0.56875
-0.253342 0.415625 0.46992 0.56875
-0.441957 0.4375 0.473068 0.415625
-0.209447 0.35 0.478542 0.634375
-0.442982 0.30625 0.472977 0.6125
-0.0941761 0.525 0.479905 0.56875
-0.165186 0.525 0.479855 0.56875
-0.442332 0.415625 0.487083 0.765625
-0.254742 0.546875 0.494301 0.56875
-0.443357 0.546875 0.500357 0.6125
-0.298928 0.503125 0.50932 0.590625
-0.2554 0.459375 0.515676 0.765625
-0.299953 0.459375 0.508939 0.634375
-0.444957 0.65625 0.522553 0.721875
-0.300078 0.459375 0.519024 0.65625
-0.328335 0.4375 0.5216 0.7875
-0.16892 0.415625 0.526211 0.678125
-0.443857 0.546875 0.53024 0.678125
-0.444348 0.4375 0.536296 0.765625
-0.212247 0.4375 0.539163 0.7
-0.253734 0.39375 0.543774 0.65625
-0.443207 0.415625 0.55042 0.65625
-0.445007 0.415625 0.559392 0.83125
-0.212456 0.525 0.556735 0.7
-0.169336 0.4375 0.56279 0.83125
-0.444723 0.21875 0.564785 0.721875
-0.445215 0.48125 0.573176 0.503125
-0.445707 0.503125 0.572263 0.83125
-0.446198 0.459375 0.580653 0.7
-0.169178 0.503125 0.584392 0.7875
-0.444565 0.459375 0.586387 0.721875
-0.168403 0.525 0.589244 0.83125
-0.168895 0.525 0.594727 0.74375
-0.212997 0.4375 0.593233 0.83125
-0.2571 0.634375 0.598716 0.765625
-0.447882 0.525 0.600711 0.7875
-0.448373 0.503125 0.60474 0.7875
-0.419791 0.48125 0.603246 0.765625
-0.171845 0.4375 0.606113 0.74375
-0.330935 0.328125 0.60519 0.765625
-0.446415 0.415625 0.60544 0.83125
-0.448215 0.459375 0.606853 0.765625
-0.448257 0.459375 0.607976 0.809375
-0.332452 0.590625 0.607353 0.809375
-0.171728 0.459375 0.605859 0.809375
-0.448423 0.678125 0.6064 0.74375
-0.450223 0.6125 0.60665 0.765625
-0.452023 0.503125 0.604283 0.7875
-0.452515 0.590625 0.601035 0.678125
-0.380321 0.65625 0.597796 0.765625
-0.263209 0.6125 0.591068 0.83125
-0.2637 0.459375 0.598005 0.721875
-0.453173 0.503125 0.589242 0.678125
-0.453665 0.6125 0.585422 0.74375
-0.455465 0.503125 0.579566 0.74375
-0.457265 0.678125 0.576327 0.7
-0.457757 0.525 0.567855 0.721875
-0.269267 0.6125 0.566651 0.74375
-0.269759 0.503125 0.555563 0.765625
-0.46054 0.48125 0.547963 0.765625
-0.46234 0.590625 0.541226 0.765625
-0.46414 0.7875 0.531881 0.721875
-0.464632 0.74375 0.524281 0.765625
-0.466432 0.634375 0.510576 0.74375
-0.468232 0.546875 0.50472 0.7
-0.470032 0.74375 0.491596 0.7875
-0.471832 0.678125 0.4776 0.74375
-0.474082 0.678125 0.467383 0.74375
-0.475882 0.853125 0.461527 0.721875
-0.477682 0.7875 0.452764 0.634375
-0.479482 0.7875 0.444292 0.721875
-0.481282 0.65625 0.439309 0.984375
-0.483082 0.6125 0.430546 0.896875
-0.484882 0.7 0.421783 0.65625
-0.486682 0.7 0.422324 0.765625
-0.488482 0.7875 0.415305 0.6125
-0.490282 0.721875 0.412939 0.6125
-0.492082 0.546875 0.408537 0.678125
-0.493023 0.721875 0.405298 0.6125
-0.465749 0.91875 0.402931 0.56875
-0.262722 0.809375 0.404053 0.590625
-0.37951 0.765625 0.39907 0.634375
-0.496298 0.765625 0.401937 0.6125
-0.49679 0.7875 0.39957 0.6125
-0.49859 0.678125 0.398648 0.56875
-0.265181 0.809375 0.39599 0.503125
-0.469641 0.809375 0.397113 0.525
-0.497898 0.809375 0.395618 0.546875
-0.49839 0.721875 0.391507 0.56875
-0.424888 0.65625 0.396118 0.56875
-0.467683 0.48125 0.392879 0.525
-0.423255 0.896875 0.390513 0.525
-0.466499 0.6125 0.3896 0.546875
-0.37846 0.678125 0.38985 0.56875
-0.376335 0.634375 0.386611 0.525
-0.257914 0.74375 0.389477 0.525
-0.184412 0.634375 0.387411 0.525
-0.300342 0.459375 0.388533 0.56875
-0.255914 0.721875 0.387911 0.56875
-0.488998 0.678125 0.393394 0.459375
-0.211978 0.4375 0.3919 0.56875
-0.137168 0.546875 0.393894 0.634375
-0.294092 0.56875 0.390655 0.546875
-0.364652 0.284375 0.38887 0.546875
-0.173546 0.65625 0.38912 0.56875
-0.287717 0.30625 0.390533 0.546875
-0.171054 0.56875 0.394272 0.525
-0.40283 0.415625 0.395394 0.525
-0.357094 0.48125 0.390992 0.546875
-0.282284 0.35 0.395894 0.525
-0.122009 0.525 0.393237 0.503125
-0.352477 0.4375 0.400464 0.525
-0.235364 0.65625 0.396935 0.590625
-0.320461 0.39375 0.404453 0.48125
-0.231972 0.371875 0.405876 0.525
-0.389305 0.35 0.409614 0.590625
-0.342669 0.459375 0.402896 0.503125
-0.151112 0.525 0.408679 0.525
-0.338827 0.48125 0.407766 0.525
-0.176345 0.39375 0.422563 0.56875
-0.174628 0.48125 0.426601 0.6125
-0.333269 0.30625 0.423653 0.6125
-0.141712 0.30625 0.429437 0.590625
-0.16907 0.30625 0.436092 0.6125
-0.442698 0.459375 0.441576 0.65625
-0.137462 0.371875 0.449103 0.590625
-0.441473 0.371875 0.455759 0.6125
-0.365763 0.525 0.461242 0.590625
-0.437182 0.56875 0.467898 0.590625
-0.289236 0.503125 0.473681 0.6125
-0.0831428 0.30625 0.479164 0.590625
-0.430315 0.0875 0.48582 0.678125
-0.196456 0.525 0.492476 0.6125
-0.427782 0.109375 0.499131 0.678125
-0.238842 0.415625 0.506359 0.6125
-0.426557 0.678125 0.513014 0.678125
-0.148636 0.30625 0.51967 0.678125
-0.189672 0.240625 0.525153 0.678125
-0.117029 0.415625 0.532681 0.678125
-0.42104 0.30625 0.539337 0.74375
-0.115804 0.240625 0.550344 0.7
-0.143611 0.415625 0.552348 0.721875
-0.419407 0 0.559876 0.721875
-0.390374 0.525 0.565659 0.7
-0.344188 0.65625 0.571142 0.7
-0.34423 0.546875 0.577798 0.678125
-0.415648 0.35 0.592885 0.74375
-0.109104 0.525 0.590527 0.74375
-0.413973 0.48125 0.596011 0.765625
-0.137811 0.459375 0.601794 0.765625
-0.29776 0.6125 0.609322 0.765625
-0.414098 0.4375 0.618585 0.809375
-0.41414 0.35 0.620589 0.7875
-0.137978 0.503125 0.633059 0.7875
-0.181631 0.56875 0.635935 0.809375
-0.297969 0.284375 0.646942 0.809375
-0.181714 0.546875 0.650981 0.896875
-0.415657 0.590625 0.65502 0.83125
-0.183106 0.56875 0.659059 0.896875
-0.41529 0.415625 0.662226 0.853125
-0.22635 0.415625 0.665092 0.83125
-0.416682 0.65625 0.66477 0.875
-0.271353 0.503125 0.673461 0.896875
-0.416765 0.328125 0.675755 0.875
-0.418115 0.503125 0.682401 0.896875
-0.418157 0.56875 0.685568 0.875
-0.418198 0.65625 0.68699 0.91875
-0.41824 0.4375 0.68754 0.896875
-0.418282 0.7 0.691579 0.853125
-0.272953 0.678125 0.689213 0.91875
-0.389291 0.590625 0.690926 1.00625
-0.273036 0.765625 0.690313 0.896875
-0.419757 0.65625 0.692898 0.853125
-0.419798 0.7875 0.690831 0.91875
-0.348463 0.7 0.693989 0.984375
-0.422498 0.6125 0.696283 0.896875
-0.304935 0.74375 0.693344 0.875
-0.421273 0.7 0.689533 1.00625
-0.421315 0.7 0.691246 0.984375
-0.422665 0.48125 0.691496 0.896875
-0.422707 0.590625 0.685068 0.853125
-0.422748 0.65625 0.683292 0.809375
-0.146586 0.525 0.678609 0.91875
-0.2343 0.415625 0.678577 0.853125
-0.424632 0.48125 0.670114 0.765625
-0.425982 0.48125 0.668039 0.9625
-0.427332 0.371875 0.664227 0.853125
-0.398299 0.56875 0.659835 0.809375
-0.428723 0.65625 0.651663 0.7875
-0.428765 0.590625 0.643781 0.896875
-0.430115 0.721875 0.636481 0.875
-0.357471 0.56875 0.626264 0.74375
-0.431507 0.7 0.618383 0.7
-0.433307 0.525 0.611083 0.853125
-0.434657 0.634375 0.59855 0.765625
-0.436007 0.721875 0.584853 0.74375
-0.437357 0.7875 0.575227 0.7875
-0.437398 0.65625 0.564439 0.809375
-0.438748 0.7875 0.550742 0.74375
-0.440098 0.65625 0.541398 0.74375
-0.441898 0.634375 0.531481 0.765625
-0.443248 0.525 0.518657 0.809375
-0.444598 0.765625 0.511357 0.7875
-0.445948 0.765625 0.498533 0.74375
-0.447298 0.65625 0.49385 0.74375
-0.44779 0.74375 0.483933 0.896875
-0.172936 0.546875 0.478377 0.765625
-0.45049 0.6125 0.470787 0.678125
-0.45184 0.875 0.463187 0.7
-0.45319 0.65625 0.458503 0.83125
-0.453682 0.74375 0.45004 0.721875
-0.453723 0.765625 0.445357 0.65625
-0.454173 0.853125 0.439811 0.678125
-0.263475 0.65625 0.437744 0.809375
-0.219456 0.48125 0.435977 0.678125
-0.45164 0.4375 0.430131 0.590625
-0.45209 0.65625 0.430981 0.634375
-0.45299 0.503125 0.42717 0.65625
-0.452582 0.503125 0.424531 0.590625
-0.37818 0.7875 0.422174 0.65625
-0.377321 0.525 0.423314 0.65625
-0.172086 0.678125 0.42212 0.525
-0.215289 0.48125 0.422098 0.65625
-0.446165 0.590625 0.420903 0.4375
-0.169103 0.765625 0.421753 0.4375
-0.168695 0.35 0.42115 0.56875
-0.326885 0.525 0.417048 0.48125
-0.136187 0.48125 0.415572 0.546875
-0.441057 0.13125 0.41525 0.678125
-0.249909 0.48125 0.408831 0.546875
-0.204581 0.371875 0.408509 0.765625
-0.31916 0.328125 0.404998 0.546875
-0.43374 0.415625 0.402359 0.56875
-0.432023 0.459375 0.39942 0.7
-0.197714 0.48125 0.396781 0.546875
-0.23785 0.678125 0.39297 0.546875
-0.396041 0.415625 0.39382 0.503125
-0.192114 0.39375 0.391463 0.546875
-0.395224 0.503125 0.392603 0.459375
-0.422582 0.7 0.393453 0.48125
-0.115587 0.590625 0.390224 0.546875
-0.112562 0.153125 0.388457 0.546875
-0.385741 0.153125 0.388426 0.546875
-0.138203 0.503125 0.391892 0.546875
-0.26687 0.175 0.389253 0.546875
-0.337838 0.371875 0.383698 0.525
-0.334813 0.48125 0.381931 0.503125
-0.333096 0.2625 0.381609 0.546875
-0.0961706 0.525 0.378098 0.634375
-0.00592333 0.153125 0.374877 0.2625
-0.162806 0.284375 0.371939 0.48125
-0.364608 0.415625 0.368718 0.503125
-0.362891 0.196875 0.364335 0.503125
-0.0413594 0.371875 0.359651 0.6125
-0.314538 0.21875 0.354396 0.459375
-0.311513 0.4375 0.34885 0.503125
-0.0758956 0.415625 0.340677 0.525
-0.0305678 0.2625 0.33455 0.678125
-0.0711539 0.13125 0.327831 0.546875
-0.229345 0.21875 0.326355 0.56875
-0.141714 0.2625 0.320809 0.503125
-0.343516 0.371875 0.315253 0.721875
-0.298188 0.175 0.313487 0.503125
-0.222478 0.175 0.308813 0.503125
-0.220761 0.175 0.307918 0.284375
-0.0591372 0.175 0.302363 0.459375
-0.290013 0.2625 0.303213 0.459375
-0.0860863 0.328125 0.303772 0.721875
-0.215203 0.328125 0.301705 0.525
-0.360615 0.21875 0.305172 0.503125
-0.360207 0.4375 0.306022 0.546875
-0.214428 0.2625 0.308026 0.48125
-0.327699 0.21875 0.312655 0.503125
-0.0801613 0.30625 0.30769 0.48125
-0.354648 0.415625 0.313764 0.503125
-0.35424 0.2625 0.314614 0.459375
-0.207153 0.284375 0.322442 0.459375
-0.352115 0.371875 0.326781 0.459375
-0.320016 0.284375 0.327331 0.4375
-0.0425456 0.459375 0.331089 0.48125
-0.157125 0.328125 0.33252 0.175
-0.271705 0.284375 0.335977 0.39375
-0.343982 0.415625 0.337409 0.4375
-0.343573 0.459375 0.342039 0.4375
-0.0643446 0.415625 0.342598 0.48125
-0.0340039 0.240625 0.3478 0.415625
0.0139406 0.240625 0.342253 0.30625
-0.057028 0.39375 0.34572 0.459375
-0.332823 0.240625 0.352676 0.503125
-0.332415 0.371875 0.357005 0.4375
-0.18447 0.30625 0.353203 0.4375
-0.0519196 0.30625 0.359287 0.48125
-0.0185122 0.2625 0.356357 0.48125
-0.133092 0.13125 0.359824 0.546875
-0.0432946 0.415625 0.36677 0.35
-0.31909 0.153125 0.366457 0.546875
-0.283066 0.21875 0.358585 0.371875
-0.310423 0.30625 0.366703 0.525
-0.0752557 0.328125 0.370742 0.48125
0.088985 0.175 0.371301 0.503125
0.0907017 0.153125 0.371279 0.459375
-0.0661807 0.2625 0.37649 0.525
-0.0226113 0.196875 0.384318 0.48125
-0.022203 0.065625 0.38574 0.525
-0.0204863 0.109375 0.393568 0.503125
-0.179127 0.13125 0.397035 0.546875
0.0115711 0.153125 0.403118 0.546875
0.0145961 0.065625 0.405713 0.546875
-0.260341 0.153125 0.408307 0.503125
-0.287698 0.109375 0.415835 0.525
-0.00977796 0.175 0.415813 0.4375
0.0654822 0.240625 0.414337 0.503125
0.112118 0.0875 0.418966 0.590625
-0.278665 0.021875 0.43319 0.546875
-0.133336 0.153125 0.439274 0.590625
-0.00164463 0.21875 0.445357 0.6125
0.0300461 0.0875 0.452031 0.590625
-0.245299 0.065625 0.456951 0.590625
-0.0409224 0.13125 0.463335 0.4375
0.00530537 0.196875 0.467674 0.590625
-0.0361391 0.109375 0.473185 0.65625
0.0391628 0.065625 0.481603 0.678125
-0.147652 0.196875 0.483907 0.634375
-0.11772 0.196875 0.485929 0.590625
0.0430461 0.109375 0.494629 0.6125
0.0165887 0.196875 0.497524 0.525
-0.258757 0.109375 0.503035 0.634375
-0.141602 0.109375 0.511153 0.634375
-0.140294 0.21875 0.517537 0.6125
-0.138127 0.153125 0.52392 0.6125
0.023947 0.153125 0.528259 0.634375
-0.250948 0.196875 0.531153 0.7
-0.25009 0.284375 0.538981 0.35
-0.249232 0.196875 0.538387 0.7
-0.103003 0.240625 0.543898 0.7875
0.102682 0.2625 0.551726 0.6125
-0.244898 0.109375 0.555492 0.7
-0.24404 0.21875 0.560131 0.7
-0.24449 0.30625 0.563598 0.74375
-0.0110391 0.196875 0.564748 0.809375
-0.00842241 0.175 0.571422 0.765625
0.0651211 0.284375 0.573726 0.7
-0.093928 0.109375 0.5804 0.7
-0.239748 0.109375 0.582422 0.74375
-0.240198 0.109375 0.591422 0.74375
-0.23934 0.30625 0.5914 0.7875
0.0672461 0.175 0.59255 0.765625
-0.235865 0.109375 0.596316 0.83125
0.041197 0.2625 0.597166 0.74375
-0.235457 0.2625 0.60384 0.765625
-0.235907 0.13125 0.606735 0.809375
-0.235048 0.109375 0.609629 0.809375
-0.23419 0.35 0.610479 0.74375
-0.233332 0.196875 0.613374 0.809375
-0.232473 0.175 0.615396 0.7875
-0.232473 0.240625 0.618281 0.765625
-0.15893 0.30625 0.617396 0.809375
-0.232065 0.196875 0.617674 0.74375
-0.158521 0.30625 0.620859 0.809375
-0.231657 0.196875 0.61822 0.83125
0.0454054 0.2625 0.621114 0.809375
-0.231248 0.21875 0.62052 0.83125
-0.0414085 0.328125 0.619926 0.853125
-0.23084 0.284375 0.620203 0.809375
-0.23129 0.30625 0.621926 0.809375
-0.23174 0.2625 0.624239 0.853125
-0.23219 0.175 0.627133 0.83125
-0.231332 0.240625 0.62305 0.83125
-0.230473 0.459375 0.626807 0.74375
-0.113319 0.196875 0.626213 0.83125
-0.230065 0.2625 0.623292 0.809375
-0.230515 0.196875 0.62357 0.721875
-0.230965 0.39375 0.622394 0.83125
-0.231415 0.240625 0.618601 0.809375
-0.231865 0.196875 0.616835 0.7
-0.232315 0.196875 0.607518 0.721875
-0.232765 0.2625 0.603726 0.74375
-0.233665 0.503125 0.592664 0.83125
-0.234115 0.415625 0.581313 0.74375
-0.234565 0.39375 0.579837 0.721875
-0.235015 0.240625 0.569648 0.83125
-0.235465 0.21875 0.560622 0.678125
-0.235915 0.196875 0.548398 0.7875
-0.236365 0.2625 0.543151 0.721875
-0.236815 0.21875 0.529183 0.6125
-0.237265 0.415625 0.524518 0.678125
-0.238165 0.240625 0.509668 0.721875
-0.238615 0.30625 0.496572 0.634375
-0.239065 0.240625 0.486674 0.56875
-0.239515 0.328125 0.47474 0.65625
-0.239965 0.240625 0.463389 0.7
-0.240415 0.2625 0.449711 0.6125
-0.241315 0.240625 0.441266 0.56875
-0.241765 0.240625 0.427298 0.74375
-0.242215 0.153125 0.415364 0.634375
-0.242665 0.39375 0.407492 0.590625
-0.243115 0.328125 0.395268 0.65625
-0.244015 0.35 0.384207 0.721875
-0.244465 0.240625 0.371983 0.65625
-0.244915 0.2625 0.365864 0.56875
-0.245365 0.328125 0.35742 0.56875
-0.246265 0.284375 0.353046 0.65625
-0.100036 0.284375 0.343439 0.6125
-0.245857 0.48125 0.344007 0.153125
-0.246757 0.56875 0.337889 0.546875
-0.247207 0.48125 0.340201 0.6125
-0.247657 0.48125 0.334083 0.56875
-0.174113 0.30625 0.332616 0.4375
-0.247698 0.2625 0.333766 0.48125
-0.24684 0.2625 0.331427 0.6125
-0.245982 0.459375 0.330833 0.503125
-0.246432 0.30625 0.329366 0.459375
0.0597044 0.284375 0.323539 0.48125
0.0314887 0.2625 0.323816 0.525
-0.12801 0.240625 0.327001 0.459375
-0.244757 0.30625 0.326407 0.371875
-0.245207 0.21875 0.326976 0.39375
0.0622378 0.175 0.322892 0.503125
-0.240873 0.13125 0.315029 0.4375
-0.00742241 0.2625 0.307457 0.39375
-0.166471 0.0875 0.305418 0.459375
-0.208366 0.0875 0.308603 0.4375
-0.236582 0.196875 0.300159 0.4375
-0.206649 0.109375 0.287935 0.196875
-0.204483 0.35 0.282107 0.39375
0.00251093 0.240625 0.283548 0.415625
0.00291926 0.175 0.27772 0.371875
-0.228815 0.175 0.271892 0.415625
-0.0825863 0.0875 0.268981 0.35
-0.22579 0.196875 0.260537 0.13125
-0.224932 0.21875 0.256453 0.30625
0.00937759 0.21875 0.253533 0.328125
-0.191974 0.196875 0.248868 0.35
-0.189808 0.065625 0.239551 0.30625
-0.072653 0.0875 0.234024 0.328125
0.0876628 0.48125 0.225579 0.328125
-0.215448 0.35 0.219751 0.35
-0.21459 0.04375 0.211307 0.35
-0.21549 0.065625 0.202863 0.35
-0.184249 0.175 0.190057 0.35
-0.212465 0.0875 0.176389 0.328125
-0.0217669 0.175 0.169689 0.35
-0.20989 0.35 0.156592 0.371875
-0.209032 0.371875 0.151637 0.30625
-0.209932 0.240625 0.144646 0.30625
-0.063703 0.175 0.1397 0.35
-0.208215 0.065625 0.131837 0.328125
-0.209115 0.328125 0.132987 0.35
-0.135571 0.109375 0.125124 0.35
-0.208707 0.21875 0.123957 0.371875
-0.209607 0.546875 0.123944 0.328125
-0.210057 0.284375 0.124803 0.371875
-0.210957 0.328125 0.130314 0.30625
-0.211407 0.4375 0.132346 0.284375
-0.137863 0.30625 0.139892 0.284375
-0.211448 0.328125 0.14424 0.30625
-0.211898 0.371875 0.156148 0.240625
-0.212798 0.459375 0.150911 0.2625
-0.213248 0.35 0.160783 -0.04375
-0.214148 0.13125 0.173563 0.196875
-0.21329 0.415625 0.182853 0.240625
0.0620137 0.2625 0.186629 0.240625
-0.21464 0.48125 0.189524 0.21875
-0.21554 0.0875 0.202303 0.240625
-0.21599 0.525 0.197939 0.2625
-0.21689 0.35 0.216242 0.284375
-0.216032 0.4375 0.213613 0.2625
-0.216932 0.30625 0.218261 0.2625
-0.216073 0.284375 0.231913 0.328125
-0.216973 0.4375 0.240331 0.2625
-0.0694363 0.175 0.237411 0.35
-0.215707 0.4375 0.251653 0.328125
-0.214848 0.13125 0.253385 0.328125
-0.21444 0.109375 0.262385 0.30625
-0.21489 0.415625 0.262672 0.328125
-0.0981854 0.35 0.264403 0.56875
-0.214073 0.48125 0.282998 0.35
-0.214523 -0.021875 0.292298 0.328125
0.0620887 0.2625 0.295774 0.328125
0.0642554 0.04375 0.290537 0.35
-0.212848 0.13125 0.307968 0.371875
-0.21244 0.2625 0.309118 0.634375
-0.0965937 0.175 0.310859 0.39375
-0.212482 0.021875 0.324801 0.065625
-0.210315 0.240625 0.323626 0.371875
-0.211215 0.328125 0.332053 0.415625
-0.210807 0.196875 0.346868 0.30625
-0.0209669 0.39375 0.345992 0.459375
0.0230526 0.0875 0.35412 0.415625
0.0234609 0.371875 0.361376 0.459375
-0.209582 0.328125 0.379107 0.459375
-0.210482 0.0875 0.378803 0.459375
-0.211382 0.30625 0.388394 0.459375
0.0220693 0.39375 0.395359 0.56875
-0.211423 0.175 0.403487 0.503125
-0.0947187 0.459375 0.411914 0.503125
-0.211915 0.021875 0.420042 0.503125
-0.212365 0.109375 0.429342 0.546875
-0.213265 0.153125 0.448518 0.56875
-0.183783 0.48125 0.445026 0.546875
-0.213757 0.240625 0.453153 0.153125
-0.214207 0.13125 0.462453 0.56875
-0.214657 0.48125 0.469137 0.459375
-0.215107 0.065625 0.477564 0.546875
-0.215557 0.284375 0.495868 0.590625
-0.216007 0.328125 0.502551 0.6125
-0.216457 0.415625 0.509235 0.678125
-0.216907 0.30625 0.515046 0.853125
-0.217357 0.109375 0.515333 0.678125
-0.218257 0.39375 0.521716 0.503125
-0.218707 0.284375 0.539448 0.35
-0.219157 0.2625 0.546131 0.65625
-0.219607 0.4375 0.552814 0.65625
-0.220057 0.39375 0.552229 0.678125
-0.220507 0.39375 0.558331 0.7
-0.191024 0.30625 0.566459 0.7
-0.220548 -0.021875 0.571689 0.30625
-0.220998 0.415625 0.576627 0.74375
-0.221448 0.328125 0.583311 0.328125
-0.221898 0.175 0.58825 0.721875
-0.222798 0.284375 0.587664 0.91875
-0.223248 0.590625 0.593766 0.74375
-0.223698 0.328125 0.597833 0.765625
-0.224148 0.284375 0.6016 0.415625
-0.225048 0.284375 0.604794 0.809375
-0.225498 0.328125 0.611768 0.74375
-0.225948 0.4375 0.61409 0.853125
-0.226398 0.175 0.614377 0.984375
-0.227298 0.284375 0.620479 0.83125
-0.227748 0.13125 0.625418 0.7875
-0.228198 0.328125 0.624251 0.546875
-0.229098 0.590625 0.626283 0.721875
-0.229548 0.48125 0.63064 0.7875
-0.229998 0.590625 0.632963 0.83125
-0.230898 0.30625 0.636157 0.940625
-0.231348 0.4375 0.638179 0.74375
-0.231798 0.109375 0.63992 0.7875
-0.232698 0.30625 0.64137 0.83125
-0.233148 0.35 0.640203 0.940625
-0.234048 0.328125 0.646305 0.809375
-0.234498 0.371875 0.642231 0.74375
-0.234948 0.328125 0.643972 0.853125
-0.235848 0.35 0.648039 0.853125
-0.236298 0.175 0.647163 0.721875
-0.237198 0.0875 0.645124 0.809375
-0.237648 0.328125 0.645992 0.83125
-0.238098 0.48125 0.639592 0.765625
-0.238998 0.284375 0.641333 0.678125
-0.239448 0.175 0.63377 0.7875
-0.240348 0.109375 0.632022 0.809375
-0.240798 0.328125 0.625913 0.940625
-0.241698 0.2625 0.621257 0.765625
-0.242148 0.546875 0.613403 0.896875
-0.243048 0.284375 0.605259 0.809375
-0.243498 0.415625 0.597987 0.74375
-0.244398 0.459375 0.589842 0.809375
-0.244848 0.328125 0.580244 0.721875
-0.245748 0.371875 0.5721 0.721875
-0.246198 0.415625 0.565118 0.7875
-0.247098 0.328125 0.555229 0.6125
-0.247548 0.328125 0.547676 0.6125
-0.248448 0.4375 0.539822 0.65625
-0.248898 0.328125 0.531096 0.56875
-0.249798 0.328125 0.513357 0.6125
-0.250248 0.4375 0.503759 0.590625
-0.251148 0.328125 0.48224 0.721875
-0.252048 0.4375 0.467118 0.678125
-0.252498 0.328125 0.442692 0.590625
-0.253398 0.415625 0.433966 0.634375
-0.253848 0.328125 0.416809 0.678125
-0.254748 0.328125 0.39529 0.65625
-0.255648 0.459375 0.379005 0.7
-0.256098 0.415625 0.368253 0.7875
-0.256998 0.153125 0.351968 0.7
-0.257898 0.35 0.341789 0.634375
-0.258348 0.459375 0.335389 0.65625
-0.259248 0.39375 0.324337 0.74375
-0.260148 0.175 0.318518 0.6125
-0.260598 0.328125 0.313863 0.546875
-0.261498 0.459375 0.310089 0.546875
-0.262398 0.371875 0.30805 0.65625
-0.263298 0.35 0.306883 0.0875
-0.264198 0.328125 0.305426 0.6125
-0.265098 0.415625 0.305131 0.48125
-0.265998 0.525 0.304837 0.56875
-0.266898 0.328125 0.306277 0.48125
-0.267798 0.328125 0.306855 0.459375
-0.269148 0.48125 0.303653 0.48125
-0.270048 0.4375 0.308011 0.525
-0.270948 0.30625 0.308589 0.4375
-0.271848 0.48125 0.308294 0.415625
-0.12652 0.459375 0.30422 0.415625
-0.27279 0.109375 0.308577 0.4375
-0.241999 0.328125 0.30305 0.39375
-0.271973 0.328125 0.3045 0.39375
-0.273323 0.4375 0.306822 0.39375
-0.272915 0.328125 0.304783 0.4375
-0.273815 0.35 0.303035 0.39375
-0.274715 0.4375 0.300705 0.371875
-0.274757 0.39375 0.299829 0.4375
-0.275657 0.328125 0.299535 0.39375
-0.0862669 0.459375 0.293716 0.35
-0.276598 0.328125 0.293713 0.415625
-0.277498 0.328125 0.292546 0.371875
-0.27709 0.4375 0.292542 0.371875
-0.27844 0.48125 0.287596 0.371875
-0.27934 0.459375 0.285848 0.371875
-0.28024 0.328125 0.283809 0.328125
-0.28159 0.4375 0.280898 0.284375
-0.28249 0.459375 0.278859 0.30625
-0.282082 0.39375 0.276239 0.30625
-0.283432 0.39375 0.269839 0.35
-0.284332 0.371875 0.266927 0.35
-0.285232 0.48125 0.262272 0.415625
-0.286582 0.371875 0.252683 0.328125
-0.287482 0.30625 0.250644 0.525
-0.288832 0.240625 0.2425 0.371875
-0.289732 0.459375 0.238716 0.39375
-0.291082 0.371875 0.232026 0.35
-0.291982 0.39375 0.232894 0.35
-0.292882 0.546875 0.221842 0.35
-0.294232 0.4375 0.212826 0.39375
-0.295132 0.371875 0.214276 0.35
-0.296482 0.459375 0.206131 0.371875
-0.297382 0.634375 0.20322 0.30625
-0.298732 0.415625 0.195957 0.39375
-0.299632 0.39375 0.188103 0.459375
-0.300982 0.371875 0.18432 0.415625
-0.301882 0.415625 0.186642 0.4375
-0.303232 0.371875 0.179661 0.415625
-0.304132 0.503125 0.182564 0.415625
-0.305482 0.48125 0.182851 0.39375
-0.306382 0.48125 0.189835 0.39375
-0.307732 0.39375 0.18925 0.371875
-0.308632 0.459375 0.196514 0.35
-0.309982 0.634375 0.204942 0.525
-0.310882 0.415625 0.21337 0.30625
-0.312232 0.371875 0.222089 0.328125
-0.313582 0.39375 0.228481 0.30625
-0.314482 0.525 0.236627 0.328125
-0.315832 0.371875 0.251451 0.35
-0.316732 0.415625 0.261042 0.30625
-0.316773 0.678125 0.270342 0.328125
-0.289049 0.415625 0.277898 0.328125
-0.319023 0.30625 0.27674 0.371875
-0.320373 0.415625 0.285459 0.328125
-0.321273 0.503125 0.294759 0.35
-0.322623 0.415625 0.291557 0.371875
-0.323973 0.371875 0.304637 0.35
-0.324873 0.415625 0.31162 0.35
-0.0196372 0.503125 0.317431 0.459375
-0.326265 0.13125 0.319463 0.35
-0.327165 0.371875 0.33167 0.35
-0.328515 0.503125 0.32964 0.459375
-0.329865 0.371875 0.340103 0.4375
-0.330765 0.415625 0.347659 0.459375
-0.332115 0.525 0.352598 0.459375
-0.333465 0.415625 0.354057 0.48125
-0.334815 0.39375 0.365392 0.328125
-0.335715 0.415625 0.368587 0.4375
-0.337065 0.503125 0.37179 0.525
-0.337107 0.39375 0.383126 0.459375
-0.338007 0.415625 0.387192 0.48125
-0.339357 0.56875 0.38399 0.4375
-0.340707 0.634375 0.399987 0.371875
-0.108156 0.634375 0.404053 0.525
-0.341648 0.4375 0.409864 0.503125
-0.340382 0.415625 0.414231 0.48125
-0.341732 0.525 0.41539 0.525
-0.343082 0.415625 0.431087 0.546875
-0.343982 0.415625 0.433418 0.546875
-0.343573 0.415625 0.441564 0.546875
-0.27048 0.503125 0.440989 0.590625
-0.344065 0.415625 0.448544 0.634375
-0.343657 0.415625 0.450876 0.56875
-0.344557 0.4375 0.470651 0.6125
-0.345457 0.6125 0.467459 0.56875
-0.315974 0.459375 0.486353 0.590625
-0.34464 0.415625 0.481998 0.6125
-0.271546 0.415625 0.491016 0.83125
-0.345132 0.525 0.508176 0.65625
-0.345173 0.459375 0.511379 0.56875
-0.346073 0.525 0.512539 0.6125
-0.345665 0.503125 0.523301 0.634375
-0.346565 0.6125 0.526505 0.678125
-0.113564 0.459375 0.540757 0.7
-0.347057 0.39375 0.55152 0.634375
-0.316266 0.4375 0.553851 0.634375
-0.34624 0.546875 0.557918 0.634375
-0.34759 0.4375 0.563157 0.721875
-0.34849 0.415625 0.579153 0.721875
-0.34939 0.4375 0.58352 0.6125
-0.116389 0.546875 0.592248 0.74375
-0.349882 0.328125 0.597487 0.765625
-0.351232 0.415625 0.602726 0.7875
-0.352132 0.48125 0.607964 0.7875
-0.353032 0.4375 0.614066 0.83125
-0.279938 0.4375 0.618433 0.83125
-0.353523 0.415625 0.626289 0.7875
-0.354873 0.021875 0.626876 0.74375
-0.354465 0.4375 0.628626 0.83125
-0.355365 0.503125 0.637644 0.9625
-0.356715 0.459375 0.642011 0.83125
-0.357615 0.4375 0.64347 0.875
-0.081003 0.4375 0.649872 0.853125
-0.358107 0.48125 0.653366 0.83125
-0.359457 0.4375 0.659477 0.875
-0.360357 0.415625 0.665589 0.91875
-0.361257 0.4375 0.668783 0.875
-0.362607 0.546875 0.67315 0.853125
-0.362198 0.546875 0.677516 0.875
-0.363098 0.415625 0.683046 0.91875
-0.364448 0.4375 0.68654 0.875
-0.365348 0.678125 0.689163 0.875
-0.366248 0.525 0.695274 0.809375
-0.36629 0.415625 0.694407 0.875
-0.36719 0.48125 0.703426 0.875
-0.36809 0.546875 0.704303 0.875
-0.36944 0.503125 0.706926 0.896875
-0.37034 0.48125 0.706931 0.896875
-0.297696 0.48125 0.710716 0.896875
-0.371282 0.459375 0.706942 0.91875
-0.372182 0.48125 0.714507 0.940625
-0.372223 0.546875 0.711024 0.875
-0.140531 0.546875 0.70754 0.896875
-0.374473 0.415625 0.710453 0.9625
-0.375373 0.4375 0.712494 0.91875
-0.376723 0.590625 0.709883 0.940625
-0.377623 0.65625 0.707572 1.09375
-0.378973 0.48125 0.701472 0.984375
-0.378565 0.459375 0.698279 0.875
-0.379915 0.48125 0.694214 0.940625
-0.380815 0.4375 0.688114 0.7875
-0.382165 0.546875 0.682014 0.7875
-0.383065 0.48125 0.675333 0.940625
-0.383107 0.48125 0.662255 0.83125
-0.382698 0.48125 0.65819 0.74375
-0.384048 0.546875 0.648892 0.853125
-0.384948 0.48125 0.636687 0.809375
-0.386298 0.525 0.632913 0.765625
-0.387198 0.6125 0.61839 0.525
-0.388548 0.525 0.603568 0.853125
-0.389448 0.48125 0.585839 0.7
-0.390798 0.634375 0.571307 0.7
-0.392148 0.48125 0.556485 0.721875
-0.393048 0.6125 0.539046 0.721875
-0.394398 0.56875 0.522479 0.83125
-0.395298 0.546875 0.496609 0.83125
-0.396648 0.525 0.47947 0.721875
-0.397998 0.503125 0.462903 0.721875
-0.398898 0.634375 0.446918 0.765625
-0.400248 0.525 0.434422 0.875
-0.401598 0.525 0.417564 0.678125
-0.402948 0.56875 0.401579 0.896875
-0.404298 0.546875 0.392863 0.721875
-0.405198 0.634375 0.3856 0.30625
-0.406548 0.546875 0.370487 0.65625
-0.407898 0.546875 0.364968 0.590625
-0.409248 0.6125 0.364692 0.65625
-0.410598 0.546875 0.358301 0.721875
-0.411948 0.525 0.357435 0.590625
-0.413298 0.678125 0.352789 0.525
-0.414198 0.6125 0.353957 0.65625
-0.41424 0.590625 0.349601 0.525
-0.41559 0.503125 0.348735 0.525
-0.415632 0.546875 0.347287 0.48125
-0.13947 0.634375 0.344103 0.459375
-0.417023 0.4375 0.339748 0.459375
-0.417065 0.48125 0.336264 0.459375
-0.418415 0.525 0.332781 0.4375
-0.345771 0.6125 0.333077 0.2625
-0.302202 0.525 0.323489 0.65625
-0.41854 0.4375 0.324957 0.35
-0.389508 0.503125 0.313333 0.4375
-0.419482 0.56875 0.308396 0.35
-0.114246 0.503125 0.302296 0.4375
-0.274195 0.48125 0.294742 0.39375
-0.418298 0.4375 0.288942 0.35
-0.419648 0.4375 0.278481 0.35
-0.420998 0.459375 0.2718 0.35
-0.27567 0.503125 0.265118 0.4375
-0.421082 0.39375 0.253785 0.21875
-0.422432 0.721875 0.243624 0.35
-0.423782 0.525 0.231418 0.35
-0.425132 0.48125 0.219503 0.30625
-0.425623 0.6125 0.212822 0.459375
-0.425665 0.56875 0.19452 0.2625
-0.427015 0.525 0.179698 0.328125
-0.427057 0.525 0.162259 0.371875
-0.428407 0.678125 0.143657 0.371875
-0.429757 0.546875 0.125064 0.371875
-0.431107 0.546875 0.114313 0.371875
-0.432457 0.590625 0.0971644 0.30625
-0.432498 0.6125 0.0823515 0.371875
-0.433848 0.74375 0.0785774 0.371875
-0.435198 0.678125 0.0748033 0.328125
-0.436548 0.6125 0.0719015 0.30625
-0.438348 0.590625 0.0710441 0.30625
-0.439698 0.56875 0.0725033 0.2625
-0.441048 0.678125 0.0704737 0.21875
-0.44109 0.546875 0.0765941 0.2625
-0.44244 0.590625 0.0797978 0.284375
-0.44379 0.525 0.0960848 0.240625
-0.44559 0.590625 0.0949367 0.2625
-0.329335 0.6125 0.106863 0.153125
-0.446982 0.678125 0.120242 0.240625
-0.448332 0.459375 0.122874 0.21875
-0.449682 0.48125 0.134218 0.21875
-0.451482 0.678125 0.132489 0.2625
-0.451523 0.590625 0.139472 0.2625
-0.452873 0.56875 0.157213 0.284375
-0.454223 0.678125 0.155192 -0.021875
-0.455573 0.56875 0.172351 0.328125
-0.265775 0.6125 0.171194 0.240625
-0.456107 0.525 0.178187 0.2625
-0.457457 0.6125 0.187787 0.284375
-0.457498 0.56875 0.19507 0.30625
-0.459298 0.65625 0.205833 0.284375
-0.460648 0.56875 0.224446 0.065625
-0.271709 0.590625 0.230857 0.328125
-0.461182 0.56875 0.230281 0.35
-0.462532 0.678125 0.248613 0.328125
-0.463882 0.525 0.248909 0.371875
-0.464373 0.634375 0.269276 0.39375
-0.434891 0.7 0.266092 0.35
-0.434933 0.6125 0.273948 0.35
-0.464048 0.7875 0.282103 0.4375
-0.46364 0.6125 0.291131 0.39375
-0.463682 0.6125 0.300159 0.371875
-0.462415 0.7 0.308314 0.371875
-0.273025 0.459375 0.317342 0.371875
-0.229456 0.56875 0.32637 0.328125
-0.460782 0.590625 0.334526 0.328125
-0.462132 0.56875 0.355474 0.39375
-0.461723 0.721875 0.361585 0.415625
-0.461765 0.7 0.361309 0.39375
-0.315128 0.525 0.369464 0.4375
-0.183028 0.503125 0.37762 0.4375
-0.457515 0.459375 0.385776 0.4375
-0.458865 0.525 0.395676 0.48125
-0.226314 0.48125 0.404703 0.35
-0.181436 0.459375 0.411987 0.48125
-0.2687 0.503125 0.421014 0.48125
-0.457273 0.459375 0.430042 0.546875
-0.226031 0.459375 0.450118 0.546875
-0.459973 0.6125 0.448098 0.48125
-0.460015 0.525 0.456253 0.590625
-0.460057 0.459375 0.469061 0.546875
-0.460098 0.6125 0.472855 0.590625
-0.46014 0.196875 0.490024 0.525
-0.459732 0.525 0.499342 0.590625
-0.314403 0.7875 0.498485 0.56875
-0.183611 0.546875 0.511292 0.590625
-0.461165 0.65625 0.511307 0.6125
-0.462515 0.525 0.529348 0.6125
-0.463865 0.590625 0.530526 0.6125
-0.465215 0.546875 0.538681 0.590625
-0.319886 0.634375 0.546255 0.590625
-0.466607 0.56875 0.547142 0.7875
-0.467957 0.525 0.55617 0.65625
-0.469307 0.546875 0.563744 0.74375
-0.470207 0.590625 0.568711 0.7
-0.397563 0.56875 0.572505 0.7
-0.471598 0.525 0.578916 0.721875
-0.472948 0.74375 0.581839 0.74375
-0.47299 0.590625 0.583016 0.74375
-0.47434 0.721875 0.589427 0.83125
-0.47569 0.6125 0.59235 0.765625
-0.47704 0.590625 0.594109 0.83125
-0.47839 0.678125 0.606044 0.7875
-0.478432 0.634375 0.607803 0.721875
-0.450708 0.65625 0.611898 0.83125
-0.481132 0.721875 0.615692 0.7875
-0.482932 0.678125 0.62472 0.721875
-0.366677 0.634375 0.62677 0.7875
-0.484323 0.503125 0.637833 0.853125
-0.485673 0.721875 0.63872 0.7875
-0.209511 0.6125 0.646594 0.853125
-0.487065 0.525 0.653877 0.83125
-0.341736 0.56875 0.654764 0.83125
-0.488457 0.6125 0.663211 0.875
-0.489807 0.546875 0.667005 0.875
-0.491607 0.56875 0.671672 0.875
-0.492957 0.678125 0.675466 0.875
-0.215486 0.809375 0.680133 0.853125
-0.346811 0.48125 0.685963 0.896875
-0.493532 0.546875 0.687722 0.896875
-0.495332 0.678125 0.692679 0.940625
-0.496682 0.590625 0.697346 0.91875
-0.498482 0.590625 0.704348 0.896875
-0.353153 0.6125 0.70349 0.940625
-0.499873 0.546875 0.707576 1.00625
-0.500365 0.634375 0.712242 0.875
-0.501715 0.721875 0.710803 0.91875
-0.503515 0.634375 0.714016 0.984375
-0.503557 0.65625 0.714322 0.984375
-0.504048 0.634375 0.714627 1.09375
-0.505398 0.678125 0.714061 0.940625
-0.316909 0.74375 0.717274 0.9625
-0.273339 0.590625 0.710601 0.984375
-0.507732 0.525 0.71237 0.83125
-0.509082 0.7 0.712676 0.91875
-0.510882 0.590625 0.709783 0.9625
-0.510923 0.634375 0.7066 0.875
-0.512723 0.7 0.701672 0.83125
-0.44008 0.721875 0.697907 0.940625
-0.511948 0.6125 0.693851 0.896875
-0.513298 0.678125 0.691259 0.83125
-0.51379 0.853125 0.68197 0.853125
-0.51559 0.721875 0.67617 0.9625
-0.515632 0.65625 0.667172 0.940625
-0.23992 0.634375 0.666024 0.809375
-0.239961 0.634375 0.656163 0.83125
-0.517965 0.546875 0.648909 0.896875
-0.519765 0.56875 0.632642 0.6125
-0.521115 0.678125 0.619864 0.6125
-0.522915 0.6125 0.601853 0.721875
-0.217679 0.765625 0.587631 0.721875
-0.524757 0.6125 0.574853 0.809375
-0.526557 0.39375 0.560331 0.765625
-0.527907 0.678125 0.54232 0.415625
-0.528398 0.6125 0.52897 0.65625
-0.530198 0.940625 0.508924 0.91875
-0.531548 0.240625 0.495855 0.809375
-0.533348 0.765625 0.480461 0.940625
-0.535148 0.721875 0.46682 0.74375
-0.536498 0.74375 0.455496 0.721875
-0.507916 0.765625 0.449696 0.809375
-0.53879 0.7 0.4375 0.7875
-0.54059 0.65625 0.434035 0.721875
-0.54194 0.765625 0.424455 0.65625
-0.54374 0.809375 0.415748 0.634375
-0.54554 0.678125 0.410248 0.65625
-0.400661 1.02812 0.409972 0.65625
-0.547382 0.678125 0.39952 0.721875
-0.315281 0.634375 0.397509 0.6125
-0.549673 0.65625 0.394326 0.196875
-0.551473 0.678125 0.388235 0.678125
-0.274003 0.65625 0.381863 0.546875
-0.550698 0.590625 0.383913 0.6125
-0.318597 0.721875 0.379276 0.721875
-0.55299 0.590625 0.37552 0.546875
-0.553482 0.65625 0.371464 0.4375
-0.553523 0.634375 0.371189 0.459375
-0.203818 0.721875 0.361909 0.525
-0.275686 0.503125 0.358144 0.4375
-0.479696 0.6125 0.348855 0.590625
-0.554182 0.56875 0.348007 0.284375
-0.554673 0.721875 0.338718 0.175
-0.553857 0.634375 0.332637 0.371875
-0.551732 0.65625 0.318987 0.4375
-0.245637 0.678125 0.312605 0.415625
-0.273895 0.809375 0.301572 0.4375
-0.274386 0.0875 0.291129 0.39375
-0.55239 0.503125 0.28184 0.175
-0.55464 0.634375 0.272842 0.39375
-0.27762 0.590625 0.252214 0.4375
-0.553007 0.765625 0.237401 0.48125
-0.277295 0.590625 0.218818 0.634375
-0.40907 0.634375 0.20575 0.328125
-0.55624 0.525 0.1921 0.4375
-0.55804 0.678125 0.175542 0.371875
-0.253254 0.634375 0.162774 0.634375
-0.369184 0.525 0.148542 0.39375
-0.559965 0.634375 0.140126 0.371875
-0.561765 0.7 0.133463 0.39375
-0.563565 0.634375 0.125337 0.371875
-0.564507 0.634375 0.121863 0.2625
-0.566307 0.634375 0.117516 0.459375
-0.568107 0.83125 0.118994 0.415625
-0.569048 0.678125 0.118137 0.35
-0.570848 0.721875 0.120768 0.503125
-0.542266 0.984375 0.125735 0.2625
-0.381992 0.721875 0.13389 0.30625
-0.572773 0.6125 0.140301 0.2625
-0.574573 0.853125 0.144105 0.284375
-0.576823 0.765625 0.157785 0.459375
-0.577315 0.809375 0.162161 0.196875
-0.579115 0.74375 0.178176 -0.109375
-0.391075 0.765625 0.17819 0.35
-0.275271 0.678125 0.184311 0.21875
-0.58149 0.590625 0.193929 0.240625
-0.58329 0.678125 0.195398 0.0875
-0.58509 0.809375 0.215774 0.240625
-0.30852 0.590625 0.219568 0.2625
-0.351314 0.590625 0.231503 0.065625
-0.586157 0.721875 0.22862 0.371875
-0.587957 0.7875 0.23852 0.2625
-0.590207 0.875 0.247848 0.328125
-0.311878 0.65625 0.254259 0.371875
-0.281987 0.590625 0.262414 0.415625
-0.515521 0.546875 0.271742 0.39375
-0.590007 0.503125 0.28077 0.35
-0.592257 0.634375 0.29097 0.35
-0.594057 0.7 0.30087 0.371875
-0.316178 0.678125 0.308453 0.284375
-0.592873 0.678125 0.32882 0.371875
-0.448445 0.678125 0.325637 0.459375
-0.361714 0.590625 0.334964 0.328125
-0.404959 0.546875 0.34312 0.415625
-0.593123 0.678125 0.351576 0.4375
-0.594065 0.678125 0.364383 0.39375
-0.594557 0.678125 0.369059 0.634375
-0.317986 0.809375 0.377214 0.4375
-0.288546 0.590625 0.38567 0.459375
-0.360414 0.65625 0.393826 0.415625
-0.593948 0.65625 0.403153 0.48125
-0.59444 0.590625 0.412181 0.35
-0.361481 0.65625 0.420637 0.48125
-0.243059 0.65625 0.42792 0.590625
-0.315378 0.65625 0.436376 0.48125
-0.592523 0.634375 0.448611 0.546875
-0.594323 0.6125 0.453859 0.56875
-0.593957 0.634375 0.462314 0.240625
-0.564516 0.7 0.478901 0.546875
-0.198965 0.7 0.477181 0.56875
-0.313136 0.65625 0.493196 0.590625
-0.443153 0.546875 0.502524 0.56875
-0.589873 0.56875 0.508663 0.6125
-0.591673 0.6125 0.509559 0.590625
-0.357814 0.65625 0.528781 0.6125
-0.58959 0.56875 0.529096 0.634375
-0.310811 0.678125 0.531455 0.634375
-0.587057 0.678125 0.547179 0.634375
-0.310036 0.65625 0.556226 0.721875
-0.586282 0.546875 0.555668 0.721875
-0.469169 0.7 0.561807 0.6125
-0.584198 0.634375 0.574914 0.721875
-0.3944 0.7 0.581053 0.74375
-0.583423 0.634375 0.581668 0.74375
-0.350014 0.74375 0.593322 0.74375
-0.582648 0.7875 0.592192 0.765625
-0.306936 0.39375 0.604427 0.809375
-0.466027 0.546875 0.606787 0.7875
-0.436995 0.6125 0.612053 0.91875
-0.393875 0.590625 0.615276 0.83125
-0.350306 0.65625 0.621414 0.503125
-0.582082 0.634375 0.627544 0.83125
-0.393142 0.634375 0.631648 0.83125
-0.348714 0.546875 0.636914 0.853125
-0.583107 0.65625 0.641881 0.721875
-0.583148 0.634375 0.649183 0.7875
-0.584948 0.7 0.657066 0.940625
-0.233484 0.678125 0.650985 0.896875
-0.305353 0.525 0.657414 0.875
-0.276771 0.634375 0.664426 0.853125
-0.583398 0.56875 0.670264 0.875
-0.585198 0.590625 0.678148 0.91875
-0.586998 0.7 0.687194 0.91875
-0.440361 0.634375 0.692161 0.875
-0.586223 0.634375 0.693648 0.678125
-0.441345 0.7 0.703566 0.853125
-0.514071 0.7 0.704472 0.875
-0.309736 0.721875 0.711474 0.91875
-0.441061 0.634375 0.71674 0.875
-0.588232 0.590625 0.71939 0.875
-0.588273 0.678125 0.722913 0.91875
-0.588765 0.65625 0.733694 0.940625
-0.47296 0.7875 0.726459 0.91875
-0.312236 0.7 0.729109 0.984375
-0.559408 0.6125 0.730887 1.02812
-0.399992 0.7 0.732364 0.984375
-0.589465 0.678125 0.736177 0.9625
-0.588648 0.7 0.735339 1.00625
-0.559616 0.7 0.734209 1.00625
-0.31167 0.721875 0.736277 0.9625
-0.281779 0.634375 0.733394 0.984375
-0.282271 0.634375 0.736044 1.00625
-0.58804 0.525 0.733461 0.940625
-0.58984 0.525 0.73989 0.984375
-0.589882 0.721875 0.73469 0.9625
-0.282479 0.56875 0.730072 0.984375
-0.39665 0.590625 0.727779 1.07187
-0.584815 0.765625 0.728385 0.940625
-0.585307 0.7 0.726964 0.91875
-0.587107 0.765625 0.720601 0.940625
-0.353697 0.765625 0.717146 0.91875
-0.466969 0.721875 0.716898 0.940625
-0.436628 0.765625 0.710835 0.896875
-0.508905 0.721875 0.714076 0.853125
-0.3922 0.65625 0.712955 1.00625
-0.390934 0.590625 0.705739 0.984375
-0.46321 0.590625 0.709851 0.875
-0.302895 0.6125 0.698555 0.91875
-0.432011 0.6125 0.698598 0.940625
-0.576115 0.525 0.686148 0.83125
-0.546633 0.65625 0.678631 0.809375
-0.269162 0.7 0.674022 0.83125
-0.426045 0.546875 0.66854 0.74375
-0.571007 0.6125 0.655509 0.940625
-0.571048 0.590625 0.641887 0.7875
-0.57064 0.7 0.616635 0.634375
-0.422245 0.678125 0.603885 0.6125
-0.259762 0.765625 0.594342 0.83125
-0.28712 0.590625 0.576068 0.875
-0.564673 0.7 0.565063 0.83125
-0.565573 0.6125 0.548833 0.9625
-0.566923 0.634375 0.536664 0.853125
-0.447602 0.6125 0.524787 0.896875
-0.168823 0.809375 0.511174 0.765625
-0.530533 0.546875 0.498133 0.91875
-0.414278 0.634375 0.493533 0.765625
-0.560548 0.65625 0.484272 0.765625
-0.56059 0.678125 0.472976 0.809375
-0.413503 0.634375 0.467213 0.853125
-0.207409 0.634375 0.466674 0.721875
-0.278378 0.721875 0.45655 0.7
-0.554623 0.546875 0.453394 0.74375
-0.555523 0.678125 0.452564 0.83125
-0.555565 0.634375 0.453198 0.74375
-0.55254 0.6125 0.450042 0.590625
-0.478588 0.7 0.450966 0.459375
-0.476013 0.634375 0.446939 0.65625
-0.546982 0.678125 0.448444 0.6125
-0.240437 0.7 0.44994 0.065625
-0.267795 0.546875 0.448829 0.590625
-0.39867 0.525 0.454105 0.525
-0.427785 0.590625 0.449505 0.765625
-0.544982 0.503125 0.448966 0.56875
-0.42611 0.56875 0.439133 0.6125
-0.307239 0.590625 0.434524 0.56875
-0.302906 0.525 0.419166 0.546875
-0.301639 0.39375 0.416301 0.546875
-0.301681 0.39375 0.410829 0.546875
-0.344025 0.503125 0.404185 0.284375
-0.342309 0.459375 0.387955 0.546875
-0.459096 0.48125 0.383927 0.634375
-0.296614 0.56875 0.378446 0.503125
-0.456563 0.525 0.370057 0.546875
-0.52929 0.525 0.364285 0.328125
-0.529782 0.56875 0.358513 0.525
-0.528515 0.6125 0.350714 0.284375
-0.13344 0.590625 0.338546 0.765625
-0.247611 0.415625 0.326668 0.525
-0.523857 0.6125 0.319151 0.459375
-0.525207 0.6125 0.310763 0.459375
-0.527007 0.546875 0.300057 0.30625
-0.527048 0.65625 0.293413 0.525
-0.52709 0.678125 0.282989 0.2625
-0.526273 0.83125 0.2746 0.525
-0.293722 0.678125 0.269709 0.4375
-0.336517 0.6125 0.254051 0.590625
-0.249336 0.56875 0.248861 0.546875
-0.52689 0.525 0.246287 0.721875
-0.52869 0.721875 0.24314 0.56875
-0.528732 0.6125 0.243183 0.590625
-0.529223 0.83125 0.242644 0.48125
-0.500191 0.721875 0.243559 0.4375
-0.295856 0.65625 0.243029 0.04375
-0.3382 0.525 0.243944 0.459375
-0.338692 0.590625 0.254163 0.371875
-0.529023 0.503125 0.271659 0.48125
-0.530823 0.634375 0.265887 0.39375
-0.414569 0.7 0.285118 0.48125
-0.342375 0.590625 0.292729 0.503125
-0.53009 0.6125 0.302076 0.415625
-0.53189 0.6125 0.300955 0.6125
-0.53324 0.678125 0.318742 0.415625
-0.387053 0.721875 0.325181 0.415625
-0.254953 0.590625 0.327268 0.39375
-0.383661 0.503125 0.332835 0.634375
-0.383703 0.546875 0.342181 0.56875
-0.530873 0.525 0.344268 0.39375
-0.532673 0.634375 0.358848 0.4375
-0.532715 0.590625 0.364424 0.415625
-0.255695 0.634375 0.366501 0.634375
-0.298489 0.48125 0.379337 0.39375
-0.340834 0.48125 0.386948 0.7
-0.531615 0.503125 0.383792 0.678125
-0.457663 0.590625 0.390531 0.04375
-0.53084 0.6125 0.404529 0.35
-0.341042 0.65625 0.405453 0.48125
-0.41246 0.546875 0.413637 0.546875
-0.253045 0.56875 0.423283 0.2625
-0.457055 0.48125 0.437863 0.634375
-0.530232 0.503125 0.450707 0.109375
-0.530273 0.634375 0.447842 0.240625
-0.295556 0.65625 0.455453 0.590625
-0.411035 0.525 0.463637 0.590625
-0.526065 0.590625 0.47212 0.590625
-0.337575 0.765625 0.482048 0.65625
-0.220462 0.546875 0.499835 0.6125
-0.526232 0.503125 0.500759 0.65625
-0.25052 0.546875 0.515629 0.7
-0.453221 0.153125 0.51887 0.503125
-0.293806 0.56875 0.527926 0.56875
-0.220304 0.503125 0.537281 0.678125
-0.247703 0.415625 0.553024 0.678125
-0.524398 0.4375 0.552776 0.678125
-0.526198 0.56875 0.563576 0.765625
-0.294097 0.546875 0.572931 0.721875
-0.525015 0.459375 0.57937 0.6125
-0.174001 0.56875 0.586681 0.634375
-0.331784 0.503125 0.604168 0.875
-0.448571 0.503125 0.602476 0.765625
-0.523507 0.56875 0.623742 0.765625
-0.291406 0.6125 0.622622 0.765625
-0.217904 0.48125 0.627026 0.809375
-0.216229 0.4375 0.645103 0.853125
-0.333017 0.48125 0.653287 0.853125
-0.37712 0.4375 0.662342 0.809375
-0.52474 0.459375 0.670826 0.83125
-0.24772 0.503125 0.669996 0.896875
-0.218279 0.48125 0.680214 0.83125
-0.288839 0.4375 0.68957 1.05
-0.521923 0.503125 0.691648 0.546875
-0.522865 0.56875 0.701003 0.91875
-0.334375 0.590625 0.708314 0.83125
-0.246786 0.525 0.713009 0.896875
-0.290889 0.48125 0.719748 1.09375
-0.291381 0.48125 0.725314 0.940625
-0.526223 0.415625 0.728264 1.18125
-0.526715 0.634375 0.734131 0.9625
-0.410052 0.590625 0.74435 0.940625
-0.218946 0.6125 0.745564 0.91875
-0.219887 0.525 0.751131 0.9625
-0.525657 0.546875 0.758161 1.00625
-0.527907 0.590625 0.766344 0.9625
-0.529707 0.48125 0.772211 1.1375
-0.33905 0.48125 0.775161 0.9625
-0.133407 0.546875 0.776366 1.02812
-0.52554 0.678125 0.783977 1.02812
-0.52734 0.525 0.784892 0.984375
-0.52959 0.6125 0.795411 1.02812
-0.384711 0.634375 0.800105 0.984375
-0.252203 0.590625 0.808007 1.02812
-0.222762 0.546875 0.807468 1.07187
-0.252328 0.503125 0.812463 1.11563
-0.529473 0.459375 0.816585 1.05
-0.502199 0.546875 0.822442 1.05
-0.530907 0.590625 0.825692 1.05
-0.180343 0.503125 0.821664 1.05
-0.294514 0.415625 0.828694 1.07187
-0.337759 0.459375 0.825248 1.07187
-0.527232 0.459375 0.825881 1.07187
-0.500408 0.48125 0.829422 1.09375
-0.295214 0.48125 0.830627 1.11563
-0.380311 0.546875 0.828644 0.9625
-0.220037 0.546875 0.829268 1.09375
-0.250053 0.56875 0.826413 1.11563
-0.337767 0.371875 0.826174 1.15938
-0.52769 0.415625 0.829414 1.09375
-0.528632 0.590625 0.832955 1.05
-0.250753 0.546875 0.822531 1.09375
-0.38077 0.525 0.82549 0.91875
-0.218737 0.56875 0.815657 0.984375
-0.40821 0.503125 0.816881 1.07187
-0.524998 0.459375 0.807048 0.984375
-0.52549 0.65625 0.801866 1.00625
-0.247611 0.6125 0.794077 1.05
-0.217721 0.39375 0.7825 1.00625
-0.290897 0.48125 0.777618 1.00625
-0.523982 0.371875 0.766913 1.09375
-0.525782 0.546875 0.756789 0.984375
-0.526273 0.56875 0.750163 0.984375
-0.175259 0.4375 0.734224 0.896875
-0.333042 0.35 0.722364 0.91875
-0.522515 0.371875 0.714566 0.984375
-0.523457 0.6125 0.697755 0.984375
-0.525257 0.83125 0.68357 0.875
-0.52444 0.6125 0.664142 1.1375
-0.493241 0.634375 0.650248 0.896875
-0.40651 0.634375 0.637798 0.91875
-0.216712 0.6125 0.624776 0.896875
-0.522932 0.371875 0.605929 1.05
-0.524732 0.65625 0.594651 0.940625
-0.452538 0.634375 0.581039 0.940625
-0.524407 0.6125 0.565981 1.02812
-0.37867 0.65625 0.557892 0.9625
-0.290631 0.83125 0.546324 0.91875
-0.523715 0.590625 0.534455 1.18125
-0.525515 0.634375 0.527539 0.83125
-0.248945 0.6125 0.516542 0.765625
-0.217746 0.525 0.507881 0.853125
-0.290922 0.35 0.503863 0.74375
-0.525315 0.35 0.505087 0.721875
-0.526257 0.590625 0.504276 0.721875
-0.526748 0.590625 0.495024 0.678125
-0.453246 0.56875 0.498574 0.65625
-0.131757 0.590625 0.495718 0.7875
-0.219471 0.546875 0.493163 0.65625
-0.52524 0.328125 0.490898 0.525
-0.52749 0.56875 0.491531 0.721875
-0.527982 0.6125 0.490139 0.634375
-0.178726 0.590625 0.486411 0.7
-0.250595 0.328125 0.47775 0.6125
-0.251086 0.525 0.478683 0.6125
-0.52954 0.48125 0.469722 0.765625
-0.53134 0.6125 0.473563 0.590625
-0.532282 0.56875 0.465774 0.56875
-0.531465 0.6125 0.457113 0.590625
-0.385728 0.65625 0.45542 0.56875
-0.342609 0.6125 0.446759 0.546875
-0.53384 0.6125 0.447983 0.546875
-0.53564 0.7 0.437277 0.56875
-0.53744 0.7 0.433559 0.546875
-0.509308 0.7 0.422281 0.65625
-0.540632 0.7875 0.411003 0.56875
-0.542432 0.896875 0.400298 0.56875
-0.544682 0.7 0.382914 0.634375
-0.546482 0.7875 0.369601 0.6125
-0.474738 0.809375 0.353672 0.590625
-0.549223 0.7 0.343266 0.590625
-0.551473 0.765625 0.333142 0.6125
-0.553273 0.7875 0.314305 0.634375
-0.555523 0.721875 0.308261 0.0875
-0.557323 0.765625 0.297564 0.2625
-0.559573 0.7875 0.28745 0.678125
-0.561823 0.7875 0.288092 0.809375
-0.563623 0.74375 0.283201 0.525
-0.565873 0.74375 0.284716 0.56875
-0.568123 0.809375 0.280126 0.525
-0.569923 0.7875 0.291826 0.7875
-0.571723 0.765625 0.300609 0.590625
-0.573523 0.809375 0.305903 0.525
-0.575323 0.7875 0.305683 0.590625
-0.577123 0.809375 0.325514 0.525
-0.578923 0.7875 0.332853 0.415625
-0.580723 0.809375 0.341646 0.4375
-0.582523 0.940625 0.344905 0.48125
-0.584773 0.809375 0.352244 0.459375
-0.586573 0.809375 0.358992 0.48125
-0.588373 0.83125 0.381159 0.30625
-0.590173 0.875 0.379766 0.503125
-0.591973 0.7875 0.400479 0.415625
-0.593773 0.809375 0.407518 0.459375
-0.596023 0.809375 0.42009 0.459375
-0.597823 0.809375 0.432663 0.48125
-0.599623 0.809375 0.44319 0.284375
-0.601423 0.7875 0.452274 0.546875
-0.603223 0.809375 0.462229 0.765625
-0.605473 0.809375 0.462581 0.525
-0.607273 0.809375 0.478061 0.765625
-0.609073 0.809375 0.483355 0.6125
-0.611323 0.83125 0.495055 0.56875
-0.613123 0.7875 0.515187 0.809375
-0.614923 0.809375 0.525142 0.56875
-0.616723 0.853125 0.525785 0.415625
-0.618973 0.7875 0.536613 0.6125
-0.620773 0.853125 0.548313 0.91875
-0.622573 1.02812 0.553607 0.634375
-0.624823 0.853125 0.568214 0.634375
-0.626623 0.765625 0.579042 0.721875
-0.628423 0.875 0.587253 0.809375
-0.630673 0.875 0.594292 0.6125
-0.632473 0.74375 0.59727 0.7
-0.633415 0.875 0.608098 0.546875
-0.635215 0.875 0.610785 0.809375
-0.637015 0.853125 0.621603 0.83125
-0.361753 0.765625 0.631559 0.765625
-0.362245 0.765625 0.630757 1.02812
-0.640698 0.7 0.641876 0.721875
-0.642498 0.74375 0.648924 0.853125
-0.644748 0.809375 0.660914 0.809375
-0.64524 1.05 0.665046 0.875
-0.369978 1.02812 0.676164 0.9625
-0.645365 0.721875 0.685248 0.896875
-0.647615 0.809375 0.691714 1.05
-0.649415 0.809375 0.702542 0.9625
-0.650357 0.721875 0.705229 1.09375
-0.534552 0.875 0.708207 0.91875
-0.535494 0.7875 0.721651 0.65625
-0.652282 0.39375 0.727246 0.91875
-0.653223 0.809375 0.735457 1.1375
-0.509653 0.809375 0.741924 1.00625
-0.655965 0.765625 0.758276 0.765625
-0.380253 0.48125 0.757174 1.00625
-0.657398 0.74375 0.769164 0.984375
-0.659648 0.7875 0.776213 0.9625
-0.661448 0.853125 0.787331 1.225
-0.357112 0.83125 0.79467 1.02812
-0.660715 0.721875 0.800264 0.984375
-0.588521 0.809375 0.809348 0.7875
-0.663457 0.765625 0.817859 1.02812
-0.664398 0.853125 0.818801 1.00625
-0.66489 0.853125 0.827885 1.07187
-0.475542 0.853125 0.839876 1.09375
-0.665015 0.765625 0.847214 1.11563
-0.476525 0.853125 0.851364 1.1375
-0.667307 0.765625 0.857259 1.1375
-0.668248 0.809375 0.868959 1.07187
-0.670048 0.7875 0.876598 1.1375
-0.275423 0.853125 0.877259 1.1375
-0.55081 0.6125 0.886633 1.1375
-0.362771 0.853125 0.895144 1.15938
-0.669848 0.765625 0.900166 1.18125
-0.671648 0.91875 0.910713 1.18125
-0.673448 0.765625 0.9134 1.15938
-0.367804 0.83125 0.923946 1.20312
-0.366987 0.7875 0.929259 1.225
-0.367479 0.284375 0.933409 1.225
-0.674557 0.634375 0.935224 1.20312
-0.676807 0.74375 0.940537 1.225
-0.67599 0.809375 0.94207 1.26875
-0.486192 0.7875 0.94622 1.24687
-0.398603 0.765625 0.947172 1.225
-0.675298 0.65625 0.954801 1.3125
-0.677548 0.853125 0.957207 1.29062
-0.679348 0.809375 0.956996 1.15938
-0.445939 0.853125 0.959692 1.3125
-0.445572 0.721875 0.95512 1.3125
-0.372071 0.74375 0.956653 1.18125
-0.373012 0.678125 0.955861 1.225
-0.68009 0.65625 0.957385 1.15938
-0.68189 0.74375 0.952813 1.20312
-0.68414 0.765625 0.94824 1.1375
-0.567027 1.05 0.946285 1.20312
-0.449056 0.7875 0.933863 1.20312
-0.565844 0.809375 0.931326 1.15938
-0.683082 0.765625 0.919776 1.15938
-0.450981 0.7875 0.919855 1.09375
-0.377929 0.678125 0.909177 1.15938
-0.683698 0.721875 0.908676 1.18125
-0.68464 0.721875 0.907301 1.18125
-0.68644 0.809375 0.889646 0.83125
-0.380796 0.853125 0.877514 1.1375
-0.408195 0.721875 0.859859 1.00625
-0.334693 0.678125 0.837842 1.09375
-0.685832 0.65625 0.827455 1.11563
-0.687632 0.65625 0.806892 1.11563
-0.687265 0.765625 0.781096 1.18125
-0.410695 0.83125 0.759661 1.18125
-0.612088 0.765625 0.750446 1.05
-0.408203 0.809375 0.729592 1.4875
-0.685348 0.678125 0.712518 1.1375
-0.687148 0.809375 0.691955 1.15938
-0.571794 0.809375 0.680987 1.18125
-0.292607 0.74375 0.665948 1.07187
-0.334093 0.65625 0.652072 0.875
-0.406411 0.65625 0.644883 0.546875
-0.684865 0.65625 0.638866 1.07187
-0.686665 0.7 0.629642 0.940625
-0.688915 0.7875 0.631176 0.940625
-0.498259 0.83125 0.623987 0.875
-0.378979 0.7875 0.619705 0.853125
-0.376854 0.65625 0.617177 0.65625
-0.566327 0.65625 0.612905 0.853125
-0.684873 0.74375 0.614157 0.853125
-0.686673 0.74375 0.60814 0.74375
-0.540486 0.7875 0.606776 0.74375
-0.538361 0.809375 0.60075 0.74375
-0.405853 0.721875 0.590663 0.721875
-0.682548 0.7 0.582029 0.7
-0.377762 0.7875 0.580955 0.721875
-0.493692 0.678125 0.569996 0.7875
-0.537795 0.7875 0.55235 0.74375
-0.566052 0.74375 0.549531 0.875
-0.681982 0.65625 0.516185 0.7
-0.564869 0.7875 0.506098 0.721875
-0.490059 0.7875 0.485253 0.721875
-0.446081 0.65625 0.451035 0.35
-0.373887 0.6125 0.444437 0.74375
-0.678348 0.6125 0.416033 0.74375
-0.67929 0.83125 0.39577 0.7875
-0.679782 0.74375 0.37289 0.7875
-0.372829 0.853125 0.355826 0.765625
-0.28479 0.721875 0.333537 0.765625
-0.402028 0.721875 0.32374 0.721875
-0.680032 0.65625 0.320922 0.721875
-0.682282 0.765625 0.31694 0.721875
-0.684082 0.809375 0.319646 0.678125
-0.377129 0.809375 0.315664 0.634375
-0.684207 0.721875 0.32622 0.590625
-0.685148 0.809375 0.323701 0.56875
-0.686948 0.853125 0.339781 0.546875
-0.689198 0.809375 0.345685 0.525
-0.690998 0.853125 0.36002 0.48125
-0.693248 0.896875 0.365924 0.525
-0.695048 0.91875 0.380268 0.525
-0.697298 0.984375 0.389951 0.590625
-0.699548 0.896875 0.39789 0.525
-0.701348 0.940625 0.411063 0.546875
-0.703598 0.940625 0.413487 0.765625
-0.705848 1.02812 0.425787 0.6125
-0.707648 0.896875 0.438087 0.56875
-0.709898 0.984375 0.450387 0.503125
-0.712148 0.984375 0.462987 0.590625
-0.713948 0.503125 0.475287 0.525
-0.716198 0.984375 0.487587 0.6125
-0.718448 0.984375 0.500187 0.6125
-0.720248 0.984375 0.512487 0.6125
-0.722498 0.896875 0.524787 0.546875
-0.724748 1.20312 0.537387 0.6125
-0.72569 0.984375 0.548814 0.7
-0.493589 0.984375 0.560542 0.765625
-0.725365 0.35 0.571398 0.721875
-0.493264 0.896875 0.583126 0.721875
-0.727657 0.809375 0.596026 0.7
-0.728598 0.940625 0.611533 0.7875
-0.730398 0.9625 0.619481 0.83125
-0.73089 0.9625 0.631209 0.721875
-0.73269 0.9625 0.654285 0.39375
-0.660496 1.00625 0.657 0.83125
-0.732365 0.9625 0.664076 0.875
-0.734615 0.9625 0.681918 0.875
-0.736415 1.09375 0.69917 0.875
-0.738215 1.02812 0.698977 0.91875
-0.738707 1.05 0.708098 0.91875
-0.740957 1.05 0.731164 0.9625
-0.742757 1.05 0.740576 0.83125
-0.744557 1.07187 0.745035 0.940625
-0.746357 1.05 0.752401 0.9625
-0.748607 1.05 0.769953 0.984375
-0.750407 1.05 0.771505 0.83125
-0.634602 1.02812 0.792837 1.00625
-0.753148 1.00625 0.794679 1.00625
-0.754948 0.525 0.810487 1.05
-0.522847 1.05 0.815237 1.05
-0.75769 0.875 0.818251 1.09375
-0.525589 1.00625 0.834631 1.26875
-0.759982 0.875 0.844042 1.11563
-0.528331 0.9625 0.848501 1.11563
-0.732341 0.875 0.864309 1.15938
-0.763665 0.9625 0.866151 1.18125
-0.618786 0.940625 0.880214 1.15938
-0.765098 0.875 0.889335 1.15938
-0.766898 0.9625 0.90397 1.24687
-0.535247 0.984375 0.909601 1.18125
-0.49082 0.896875 0.912907 1.20312
-0.767965 0.809375 0.929287 1.225
-0.769765 0.9625 0.940442 1.26875
-0.770707 0.9625 0.94839 1.24687
-0.770748 0.9625 0.961881 1.24687
-0.538647 0.984375 0.962579 1.24687
-0.580992 0.896875 0.978987 1.29062
-0.625095 0.896875 0.987826 1.3125
-0.771815 0.83125 0.994629 1.225
-0.773615 0.940625 1.0119 1.3125
-0.539756 0.984375 1.01609 1.20312
-0.464946 0.809375 1.02318 1.3125
-0.623586 1.00625 1.03028 1.24687
-0.770757 0.853125 1.03911 1.35625
-0.772557 0.91875 1.04738 1.42188
-0.772598 0.91875 1.05448 1.4
-0.626411 1.07187 1.06273 1.4
-0.580225 0.9625 1.06983 1.35625
-0.62302 0.896875 1.07838 1.4
-0.768882 0.940625 1.07908 1.46562
-0.770232 0.9625 1.09083 1.44375
-0.49452 0.91875 1.09705 1.53125
-0.769907 0.91875 1.10008 1.50937
-0.76864 0.9625 1.10456 1.46562
-0.77044 1.00625 1.11166 1.42188
-0.696938 1.00625 1.11992 1.72812
-0.579825 0.9625 1.12004 1.53125
-0.490028 0.875 1.12655 1.46562
