torque_1 torque_1_t torque_2 torque_2_t
-0.150145 0.109375 0.81127 0.13125
-0.438048 0.0875 0.81247 0.35
-0.449748 0.196875 0.81337 0.525
-0.46014 0.240625 0.813398 0.35
-0.441458 0.2625 0.812553 0.6125
-0.290184 0.30625 0.812872 0.6125
-0.213353 0.328125 0.811737 0.83125
-0.266047 0.371875 0.818451 0.9625
-0.51034 0.328125 0.808603 0.9625
-0.520732 0.415625 0.81619 1.00625
-0.531123 0.415625 0.816218 0.7875
-0.42391 0.48125 0.807524 0.853125
-0.195168 0.634375 0.801737 1.02812
-0.202943 0.39375 0.802064 1.07187
-0.373242 0.459375 0.797731 1.00625
-0.573923 0.590625 0.793398 1.225
-0.308111 0.546875 0.78354 0.83125
-0.405725 0.39375 0.781251 0.853125
-0.297204 0.459375 0.778663 1.07187
-0.335361 0.525 0.769677 0.875
-0.432975 0.525 0.765644 1.29062
-0.398447 0.634375 0.768579 0.83125
-0.64274 0.590625 0.770351 1.18125
-0.651373 0.6125 0.759331 1.225
-0.545469 0.634375 0.759659 1.26875
-0.553244 0.6125 0.757942 1.26875
-0.401111 0.721875 0.756226 0.83125
-0.379812 0.678125 0.754809 1.225
-0.69679 0.590625 0.755709 1.225
-0.707182 0.809375 0.756037 1.07187
-0.718882 0.91875 0.756937 0.809375
-0.611669 0.853125 0.756092 1.225
-0.59037 0.875 0.754676 1.09375
-0.598145 0.853125 0.752959 1.07187
-0.445112 0.7 0.750042 0.9625
-0.642277 0.765625 0.747698 1.20312
-0.577775 0.7875 0.745353 1.15938
-0.541897 0.7875 0.743009 0.74375
-0.754908 0.853125 0.741537 1.02812
-0.486437 0.853125 0.739192 1.02812
-0.522386 0.765625 0.735976 1.05
-0.411657 0.7 0.731887 0.853125
-0.535686 0.634375 0.729542 0.984375
-0.54387 0.74375 0.727198 0.765625
-0.524287 0.74375 0.725426 0.7875
-0.604706 0.65625 0.723081 0.83125
-0.496593 0.7 0.720737 0.74375
-0.577011 0.65625 0.718392 1.15938
-0.671109 0.74375 0.715176 0.9625
-0.561687 0.74375 0.711959 0.7
-0.642106 0.65625 0.709614 1.11563
-0.737511 0.809375 0.70727 1.00625
-0.774769 0.678125 0.704926 1.09375
-0.708509 0.809375 0.701709 1.09375
-0.599087 0.853125 0.698492 0.809375
-0.473821 0.83125 0.694403 1.15938
-0.611079 0.765625 0.691187 1.05
-0.777861 0.83125 0.68797 1.09375
-0.816427 0.91875 0.686498 0.83125
-0.825469 0.9625 0.685326 0.984375
-0.80327 0.940625 0.682109 1.09375
-0.516787 0.9625 0.677148 1.09375
-0.523212 0.853125 0.673931 0.65625
-0.659612 0.83125 0.669842 1.00625
-0.667796 0.896875 0.667498 1.09375
-0.980807 0.83125 0.665153 1.07187
-0.712786 1.07187 0.662809 1.05
-0.603365 0.875 0.659592 1.05
-0.536246 0.91875 0.655503 1.05
-0.862486 0.91875 0.652587 0.896875
-0.82575 1.20312 0.64937 0.91875
-0.716329 1.05 0.646153 1.09375
-0.749211 0.984375 0.641192 0.896875
-0.56318 1.02812 0.635359 0.940625
-0.729962 1.225 0.632142 0.875
-0.738146 0.91875 0.630098 0.83125
-0.860867 0.896875 0.626881 0.875
-0.662915 1.09375 0.622792 0.853125
-0.712093 0.940625 0.618703 0.7
-0.675357 1.05 0.615487 0.634375
-0.928911 1.02812 0.61257 0.896875
-0.806261 1.05 0.610226 0.853125
-0.737834 1.00625 0.601485 0.875
-0.625796 1.11563 0.601176 0.853125
-0.658679 0.9625 0.596514 0.875
-1.03029 0.546875 0.59417 0.83125
-1.11247 1.1375 0.592698 0.546875
-0.885439 1.26875 0.588609 0.809375
-0.520588 1.1375 0.579859 0.7875
-0.494014 1.33438 0.574026 0.7875
-0.851086 1.07187 0.571381 0.74375
-1.13764 1.05 0.570481 0.7875
-1.14668 1.3125 0.569009 0.9625
-0.642144 1.24687 0.561713 0.765625
-0.644644 1.11563 0.558487 0.7
-0.691205 1.02812 0.552653 0.590625
-1.16674 1.05 0.551753 0.765625
-0.984184 1.29062 0.548237 0.503125
-0.873454 1.18125 0.539205 0.7875
-0.582596 1.29062 0.537142 0.74375
-0.745004 1.24687 0.531009 0.83125
-1.19061 1.11563 0.529537 0.765625
-1.20096 1.3125 0.529509 0.7
-0.810098 0.853125 0.518724 0.765625
-0.694994 1.50937 0.517542 0.7
-0.741555 1.15938 0.511409 0.721875
-1.21447 0.984375 0.509064 0.65625
-0.946003 1.42188 0.499733 0.721875
-0.791662 1.26875 0.504076 0.7
-0.675249 1.225 0.49707 0.678125
-1.08916 1.15938 0.494426 0.7
-1.2145 1.20312 0.493826 0.83125
-0.972936 1.70625 0.489437 0.634375
-0.696616 1.29062 0.482731 0.678125
-0.578895 1.20312 0.474853 0.7
-1.02057 1.05 0.471637 0.678125
-1.26351 1.1375 0.470446 0.6125
-1.27301 1.4875 0.471009 0.6125
-0.807705 1.46562 0.464003 0.65625
-0.486915 1.20312 0.456426 0.678125
-0.678396 1.3125 0.451164 0.6125
-0.978629 0.590625 0.449692 0.6125
-1.29426 0.875 0.442977 0.634375
-1.22845 1.02812 0.435981 0.590625
-0.838446 1.44375 0.435672 0.590625
-0.544114 1.46562 0.428957 0.4375
-0.750133 1.3125 0.428648 0.56875
-1.31203 1.05 0.422805 0.590625
-1.32238 1.35625 0.428892 0.590625
-1.09405 1.42188 0.413455 0.6125
-0.611592 1.46562 0.414018 0.65625
-0.493012 1.1375 0.409348 0.56875
-0.977851 1.24687 0.401179 0.56875
-1.30716 0.91875 0.406103 0.459375
-1.34527 1.3125 0.407248 0.56875
-0.883038 1.53125 0.390648 0.56875
-0.516879 1.3125 0.387722 0.525
-0.633509 1.20312 0.379272 0.525
-1.11835 0.809375 0.3775 0.56875
-1.36043 1.35625 0.376609 0.525
-1.13165 1.1375 0.375137 0.525
-0.534654 1.35625 0.369003 0.525
-0.606364 1.11563 0.362298 0.525
-0.929987 0.9625 0.361698 0.525
-1.3016 1.33438 0.361098 0.525
-1.19042 1.35625 0.363687 0.546875
-0.621189 1.42188 0.356981 0.35
-0.458548 1.1375 0.350857 0.503125
-0.780005 0.9625 0.350248 0.56875
-1.38507 0.984375 0.352846 0.48125
-1.24481 1.44375 0.351346 0.590625
-0.838516 1.35625 0.349846 0.503125
-0.398363 1.24687 0.343985 0.546875
-0.714995 1.05 0.342185 0.4375
-1.15577 0.984375 0.344174 0.4375
-1.2045 1.20312 0.343255 0.590625
-0.679292 1.29062 0.345244 0.371875
-0.471732 1.07187 0.336766 0.525
-0.716986 0.984375 0.338755 0.525
-0.955554 1.1375 0.345105 0.525
-1.00297 1.02812 0.344177 0.525
-0.678667 1.20312 0.34355 0.48125
-0.438108 1.20312 0.336816 0.525
-0.623906 0.91875 0.337933 0.525
-1.07836 0.875 0.339922 0.153125
-0.950887 1.1375 0.341329 0.48125
-0.596198 0.83125 0.334305 0.48125
-0.298799 1.05 0.329316 0.4375
-0.614122 0.809375 0.328689 0.48125
-1.02628 0.9625 0.329805 0.48125
-1.07325 1.11563 0.332957 0.0875
-0.592098 1.09375 0.32884 0.459375
-0.179261 1.00625 0.3192 0.459375
-0.292824 0.83125 0.313339 0.04375
-0.701911 0.765625 0.313583 0.415625
-1.30697 0.9625 0.318479 0.153125
-1.08035 1.26875 0.319596 0.503125
-0.833108 1.09375 0.316351 0.65625
-0.273592 1.09375 0.308455 0.459375
-0.105718 0.74375 0.30085 0.415625
-0.498959 0.74375 0.298768 0.634375
-1.14763 0.896875 0.302501 0.590625
-1.39012 1.18125 0.306235 0.634375
-0.957821 1.26875 0.307351 0.525
-0.473607 1.02812 0.298874 0.6125
-0.0295289 0.896875 0.296792 0.39375
-0.387155 0.7875 0.287151 0.39375
-1.19443 0.809375 0.290013 0.56875
-1.39331 1.05 0.294618 0.39375
-0.881777 1.1375 0.292837 0.39375
-0.0712067 0.721875 0.283487 0.371875
-0.217914 0.91875 0.274137 0.371875
-1.25647 0.809375 0.271764 0.415625
-1.38397 1.1375 0.273753 0.35
-1.38909 1.4 0.273126 0.371875
-0.229631 1.53125 0.2693 -0.021875
-0.101443 0.984375 0.247748 0.153125
-0.494684 0.91875 0.2509 0.2625
-1.06936 0.984375 0.242131 0.35
-1.38499 1.11563 0.249644 0.56875
-1.39358 1.35625 0.246109 0.546875
-0.724761 1.44375 0.238803 0.56875
-0.401763 1.18125 0.240501 0.503125
-0.516634 1.05 0.227372 0.503125
-0.959171 1.07187 0.223837 0.503125
-1.40257 1.18125 0.229905 0.56875
-1.33761 1.44375 0.219392 0.065625
-0.81678 1.50937 0.21702 0.546875
-0.493782 1.26875 0.211159 0.525
-0.580887 1.11563 0.21025 0.065625
-1.02342 1.18125 0.201481 0.546875
-1.42582 1.26875 0.20725 0.065625
-1.43356 1.61875 0.20575 0.065625
-0.883199 1.55313 0.199898 0.065625
-0.487966 1.35625 0.190548 0.0875
-0.602837 1.20312 0.183814 0.0875
-1.16298 1.24687 0.179998 0.503125
-1.44908 1.44375 0.182859 0.56875
-1.60611 1.50937 0.189209 0.0875
-0.910833 1.68437 0.181903 0.459375
-0.42531 1.35625 0.177205 0.109375
-0.378966 1.1375 0.164376 0.0875
-1.02371 1.1375 0.168109 0.065625
-1.47365 1.37813 0.170098 0.525
-1.88042 1.53125 0.173259 0.525
-1.49566 1.72812 0.175248 0.153125
-0.503096 1.68437 0.16707 0.459375
-0.131254 1.225 0.156848 0.415625
-0.566798 1.05 0.149524 0.4375
-1.49298 1.20312 0.15412 0.415625
-2.13582 1.61875 0.157563 0.503125
-1.71092 1.925 0.160124 0.2625
-0.575608 1.8375 0.159787 0.48125
-0.0412409 1.26875 0.146357 0.371875
-0.430558 1.00625 0.141068 0.415625
-1.51665 1.15938 0.142185 0.4375
-2.29163 1.59688 0.147944 0.4375
-1.94072 2.03437 0.152259 0.4375
-0.673268 1.925 0.152494 0.4375
0.0513887 1.33438 0.139355 0.284375
-0.130484 0.875 0.134366 0.284375
-1.25757 0.984375 0.136637 0.30625
-2.38275 1.46562 0.150255 0.328125
-1.96091 2.05625 0.159794 0.35
-1.26257 1.85938 0.15277 0.328125
0.0726415 1.64062 0.14312 0.328125
0.0092313 0.9625 0.136387 0.415625
-0.880886 0.9625 0.138948 0.39375
-1.56386 1.225 0.147914 -0.2625
-2.04418 1.50937 0.157453 0.371875
-1.58497 1.81563 0.159442 0.459375
-0.38497 1.70625 0.154153 -0.284375
0.105786 1.15938 0.143931 -0.284375
-0.371203 0.91875 0.143303 0.240625
-1.54276 1.07187 0.146446 0.240625
-2.09576 1.4875 0.157157 0.240625
-1.59732 1.79375 0.161463 0.525
-0.484084 1.59688 0.155311 0.21875
0.168746 1.18125 0.146533 -0.13125
-0.14396 0.853125 0.145905 0.525
-1.27235 0.853125 0.148766 0.56875
-1.89804 1.29062 0.167027 0.065625
-1.60311 1.64062 0.167853 -0.109375
-0.655024 1.55313 0.169842 -0.109375
0.128639 1.20312 0.162518 0.6125
-0.154994 0.853125 0.161018 0.6125
-1.07594 0.91875 0.169113 0.65625
-1.59726 1.225 0.185048 0.74375
-1.75429 1.42188 0.193724 0.678125
-0.733509 1.59688 0.195422 0.7
0.0779193 1.11563 0.19275 -0.04375
0.0889526 0.875 0.189505 0.7
-0.711776 0.896875 0.198472 0.634375
-1.59521 1.07187 0.212663 0.634375
-2.04559 1.4 0.228607 0.546875
-1.61284 1.68437 0.238446 0.634375
0.0285081 1.61875 0.234329 0.590625
0.527114 0.853125 0.231076 0.56875
-0.0160187 0.7 0.23132 0.590625
-1.34617 0.7875 0.234181 0.525
-2.19298 1.26875 0.25565 0.48125
-1.68131 1.68437 0.266933 0.525
-0.36325 1.4875 0.266305 0.546875
0.571016 0.91875 0.258118 0.240625
0.26616 0.7 0.248477 0.503125
-0.900611 0.546875 0.254246 0.30625
-1.58183 0.940625 0.267274 0.48125
-1.70979 1.20312 0.268972 0.284375
-0.997355 1.29062 0.272996 0.415625
0.0933443 1.07187 0.263646 0.4375
0.472587 0.65625 0.257203 0.415625
-0.204854 0.525 0.253959 0.39375
-1.37424 0.65625 0.260309 0.39375
-1.57357 0.984375 0.269566 0.415625
-1.58086 1.225 0.26922 0.459375
-0.335934 1.35625 0.265103 0.371875
0.229674 0.853125 0.254009 0.35
0.0807998 0.678125 0.245531 0.371875
-0.837534 0.634375 0.248392 0.4375
-1.28269 0.91875 0.251253 0.48125
-1.56748 1.05 0.254987 0.459375
-0.692526 1.225 0.255231 0.328125
0.00174796 0.91875 0.245009 0.459375
0.129936 0.678125 0.236531 0.284375
-0.596799 0.590625 0.235031 0.284375
-1.5503 0.91875 0.239637 0.2625
-1.55934 1.18125 0.245987 0.503125
-0.963205 1.26875 0.244487 0.240625
0.0812665 1.07187 0.23222 0.196875
0.301052 0.634375 0.225459 0.415625
-0.655209 0.196875 0.222777 0.546875
-1.5395 0.83125 0.232589 0.39375
-1.7833 1.26875 0.243572 0.153125
-0.343711 1.50937 0.231577 0.240625
0.556553 0.9625 0.212905 0.153125
-0.148204 0.65625 0.206144 0.30625
-1.15854 0.678125 0.207533 0.4375
-1.98644 1.18125 0.216472 0.459375
-1.52461 1.59688 0.215826 0.459375
0.081422 1.75 0.202377 0.109375
0.353118 0.940625 0.186903 0.065625
-0.811895 0.65625 0.184803 0.0875
-1.61334 0.91875 0.198103 0.0875
-1.50694 1.1375 0.204435 0.415625
-0.393709 1.35625 0.20029 0.39375
0.076273 0.940625 0.191213 0.284375
-0.527174 0.7 0.188822 0.48125
-1.29038 0.91875 0.193109 0.765625
-1.48927 1.26875 0.197696 0.721875
-0.893988 1.4875 0.200529 0.74375
-0.378084 1.24687 0.204535 0.74375
-0.213234 1.05 0.203307 0.678125
-0.809995 0.809375 0.207885 0.503125
-1.25208 1.07187 0.215089 0.240625
-1.30167 1.33438 0.224327 -0.175
-0.615243 1.4 0.228324 0.678125
-0.172023 1.18125 0.227677 0.7
-0.283828 1.02812 0.232846 0.634375
-0.971735 0.984375 0.237433 0.6125
-1.49043 1.20312 0.252477 0.6125
-1.49857 1.4 0.263461 0.590625
-0.578248 1.33438 0.266594 0.415625
0.271863 1.15938 0.264494 0.525
0.122989 0.875 0.259477 0.415625
-0.913808 0.83125 0.275694 0.415625
-2.03506 1.02812 0.292783 0.6125
-1.52294 1.4875 0.309872 0.35
-0.2498 1.29062 0.312996 0.371875
0.728528 0.809375 0.309151 0.30625
0.496356 0.48125 0.303563 0.328125
-0.858946 0.503125 0.311057 0.284375
-1.46879 0.853125 0.322913 0.678125
-1.94911 1.05 0.3432 0.678125
-1.20846 1.44375 0.346905 0.21875
0.158441 1.1375 0.343351 0.240625
0.655739 0.65625 0.330494 0.196875
0.140822 0.503125 0.329557 0.7
-1.26071 0.56875 0.335598 0.634375
-1.46352 1.00625 0.343964 0.590625
-1.61879 1.07187 0.353203 0.175
-0.479096 1.29062 0.344707 0.56875
0.172875 0.853125 0.339109 0.546875
0.183908 0.590625 0.327414 0.74375
-0.571451 0.590625 0.333455 0.6125
-1.37958 0.809375 0.332809 0.546875
-1.46086 1.09375 0.336814 0.6125
-0.86558 1.20312 0.336459 0.590625
-0.0563178 0.940625 0.328253 0.765625
0.0710119 0.721875 0.319176 0.6125
-0.523132 0.7 0.320855 0.678125
-1.14097 0.875 0.321953 0.7
-1.45398 1.02812 0.331483 0.65625
-0.858705 1.24687 0.325022 0.65625
-0.255578 1.00625 0.317398 0.65625
-0.0423344 0.853125 0.314716 0.65625
-0.52149 0.74375 0.309127 0.503125
-1.37323 0.896875 0.314877 0.65625
-1.45582 1.225 0.320046 0.590625
-0.991371 1.3125 0.315911 0.678125
-0.183418 1.07187 0.305961 0.678125
0.119215 0.74375 0.298046 0.634375
-0.445855 0.721875 0.293329 0.546875
-1.13769 0.896875 0.296763 0.6125
-1.57178 1.07187 0.30164 0.65625
-1.46538 1.29062 0.303029 0.525
-0.543748 1.3125 0.298313 0.7
0.26813 0.9625 0.283129 0.634375
0.0725785 0.678125 0.274924 0.634375
-1.00783 0.7 0.274568 0.6125
-1.45777 1.07187 0.282935 0.21875
-1.81917 1.24687 0.285196 0.21875
-1.23974 1.4875 0.284268 0.240625
-0.111112 1.37813 0.270829 0.21875
0.224969 0.91875 0.26117 0.2625
-0.66384 0.765625 0.257035 0.240625
-1.45874 0.984375 0.257551 0.546875
-1.90998 1.3125 0.264474 0.30625
-1.48116 1.575 0.262346 0.0875
-0.325172 1.50937 0.252368 0.2625
0.254564 1.02812 0.240646 0.284375
-0.220217 0.765625 0.233003 0.546875
-1.18649 0.83125 0.236109 0.175
-2.10378 1.20312 0.235435 0.546875
-1.4899 1.72812 0.23854 0.30625
-0.290303 1.50937 0.23177 0.525
0.245822 0.9625 0.211907 0.503125
-0.156273 0.7875 0.208326 0.35
-1.44367 0.83125 0.207079 0.503125
-1.63064 1.3125 0.207568 0.415625
-1.64139 1.4875 0.214453 0.503125
-0.458952 1.575 0.204485 0.459375
0.0309452 1.07187 0.192763 0.459375
-0.239459 0.7875 0.182785 0.04375
-1.08813 0.875 0.181829 0.459375
-1.49139 1.225 0.184935 0.35
-1.50215 1.35625 0.186296 0.371875
-0.671662 1.4 0.1772 0.328125
-0.0205493 1.18125 0.168966 0.39375
-0.217818 0.896875 0.160161 0.371875
-0.817195 0.91875 0.158905 0.39375
-1.49535 1.1375 0.160266 0.284375
-1.69378 1.42188 0.165416 0.415625
-1.39186 1.44375 0.164161 0.371875
-0.0707354 1.53125 0.148959 0.2625
0.263179 0.9625 0.138981 0.459375
-0.373267 0.74375 0.137153 0.065625
-1.25494 0.940625 0.135607 0.30625
-1.9674 1.18125 0.145118 0.30625
-1.51081 1.575 0.144735 0.2625
-0.238526 1.46562 0.142035 0.240625
0.343827 0.9625 0.132057 0.21875
0.106422 0.7 0.124705 -0.109375
-1.25236 0.74375 0.127811 -0.196875
-1.89127 1.15938 0.134414 -0.13125
-1.78704 1.46562 0.140718 -0.109375
-0.428849 1.50937 0.141798 -0.13125
0.504559 0.9625 0.129785 -0.109375
0.270221 0.678125 0.12534 -0.04375
-0.80757 0.65625 0.132235 -0.04375
-1.48834 0.940625 0.14319 -0.0875
-1.733 1.20312 0.159679 -0.021875
-1.42977 1.35625 0.159877 0.04375
0.137175 1.35625 0.15834 0.021875
0.428337 0.74375 0.153024 0.56875
-0.160123 0.7 0.151768 0.021875
-1.19954 0.6125 0.161279 -0.021875
-1.48519 1.07187 0.175151 0.39375
-1.49247 1.225 0.186107 -0.109375
-0.216268 1.37813 0.185151 0.175
0.325949 0.875 0.180707 -0.0875
-0.189826 0.721875 0.179451 0.175
-1.06802 0.809375 0.19187 0.0875
-1.46997 1.02812 0.206905 0.546875
-1.12313 1.24687 0.204487 0.415625
-0.198434 1.1375 0.206439 0.459375
0.177333 0.809375 0.202285 0.35
-0.178534 0.6125 0.199585 0.153125
-0.984046 0.74375 0.20269 0.459375
-1.45868 0.940625 0.213364 0.415625
-1.07085 1.18125 0.215026 0.371875
-0.348809 1.05 0.206801 0.175
0.277155 0.809375 0.200603 0.415625
-0.282681 0.65625 0.194414 0.4375
-1.13135 0.721875 0.200727 0.4375
-1.44653 1.00625 0.205877 0.39375
-1.01378 1.11563 0.205494 0.371875
-0.176301 0.9625 0.198433 0.21875
0.286689 0.6125 0.185266 0.35
-0.0255678 0.634375 0.179368 0.415625
-0.992296 0.6125 0.178994 0.175
-1.43831 0.984375 0.184144 0.284375
-1.44383 1.1375 0.185224 0.328125
-0.201075 1.15938 0.174955 0.240625
0.323988 0.765625 0.162661 0.2625
0.14649 0.590625 0.15589 0.240625
-0.816313 0.590625 0.149701 0.240625
-1.42223 0.896875 0.152235 0.371875
-1.7105 1.11563 0.158257 0.371875
-1.43766 1.35625 0.156429 0.371875
-0.0323761 1.35625 0.148796 0.196875
0.332779 0.83125 0.134185 0.35
-0.142451 0.678125 0.124807 0.328125
-1.38669 0.721875 0.124151 0.30625
-1.82209 1.20312 0.133953 0.459375
-1.4408 1.46562 0.133879 0.109375
-0.40156 1.42188 0.125374 0.196875
0.205491 1.00625 0.110763 0.503125
-0.0213011 0.678125 0.104874 0.459375
-1.03078 0.853125 0.103346 0.328125
-1.43711 1.20312 0.107924 0.415625
-1.75359 1.24687 0.113374 0.415625
-0.941569 1.4875 0.106613 0.56875
-0.0900039 1.24687 0.100724 0.4375
0.151005 1.00625 0.0869848 0.503125
-0.649273 0.7875 0.085457 0.503125
-1.44417 1.00625 0.0874181 0.39375
-1.76328 1.37813 0.0902515 0.525
-1.46528 1.55313 0.0913404 0.56875
-0.311506 1.575 0.0828348 0.56875
-0.0546511 1.1375 0.0725848 0.04375
-0.414894 0.9625 0.0658237 0.415625
-1.45692 1.15938 0.0712737 -0.240625
-1.74695 1.37813 0.0758515 0.021875
-1.66963 1.59688 0.0769404 0.503125
-0.444477 1.70625 0.069307 -0.35
0.163883 1.11563 0.0546959 -0.328125
-0.15144 0.91875 0.0525867 -0.328125
-1.39437 0.984375 0.0510589 -0.328125
-2.15351 1.4875 0.0556459 -0.13125
-1.80391 1.90312 0.0619681 -0.284375
-0.578757 1.70625 0.0508459 -0.240625
0.395646 1.1375 0.0388515 -0.04375
0.201853 0.809375 0.0294737 -0.284375
-1.00939 0.896875 0.0262015 -0.284375
-2.11787 1.24687 0.0342681 -0.284375
-2.13431 1.79375 0.0426348 -0.109375
-1.51257 1.77188 0.0358737 -0.13125
0.217755 1.68437 0.0221348 -0.21875
0.583769 0.91875 0.00374407 -0.153125
-0.241659 0.7875 0.00163481 -0.196875
-1.48852 0.940625 0.000688519 -0.175
-2.38241 1.42188 0.0169052 -0.13125
-1.75575 1.90312 0.0188663 -0.175
-0.367622 1.68437 0.0147219 -0.065625
0.494409 1.11563 -0.00628556 -0.175
0.389146 0.809375 -0.0133281 -0.021875
-0.98376 0.74375 -0.011367 -0.196875
-1.57907 1.15938 -0.00708 -0.175
-2.03031 1.35625 -0.00337444 0.175
-1.52532 1.6625 0.00150333 -0.175
-0.0460493 1.575 -0.00874667 -0.196875
0.44994 0.9625 -0.0216133 -0.196875
-0.0958094 0.74375 -0.0280744 -0.196875
-1.10615 0.853125 -0.0255319 -0.0875
-1.50986 1.1375 -0.0145578 -0.30625
-1.79772 1.225 -0.0117152 -0.175
-0.646109 1.64062 -0.0176041 -0.2625
0.049023 1.1375 -0.0214578 -0.2625
0.177661 0.875 -0.0308263 0.196875
-0.622618 0.765625 -0.0314819 0.0875
-1.50388 0.896875 -0.0298115 0.2625
-1.51378 1.26875 -0.0194096 -0.153125
-0.638376 1.3125 -0.0276244 -0.065625
0.247046 0.940625 -0.0311781 -0.21875
0.301691 0.634375 -0.03823 -0.2625
-0.657637 0.6125 -0.0397578 -0.240625
-1.30586 0.809375 -0.0305189 -0.21875
-1.65187 1.00625 -0.0218707 -0.284375
-0.750006 1.20312 -0.0207726 0.153125
0.252163 0.83125 -0.0257893 -0.21875
0.471498 0.56875 -0.0287615 -0.153125
-0.237634 0.48125 -0.0268004 -0.21875
-1.20481 0.459375 -0.0140726 -0.196875
-1.49222 0.91875 -0.0051337 -0.175
-1.49734 1.02812 0.00962926 -0.175
-0.0907511 1.1375 0.00519407 0.35
0.596386 0.6125 0.00425704 0.48125
0.376135 0.4375 -0.00075963 0.109375
-0.790636 0.459375 0.00760704 0.21875
-1.46924 0.7 0.020907 0.153125
-1.47959 0.9625 0.0310181 0.13125
-0.396741 0.984375 0.0312348 0.371875
0.495223 0.765625 0.0250644 -0.196875
0.598712 0.48125 0.0229644 0.13125
-0.404227 0.35 0.0260978 0.13125
-1.30003 0.48125 0.03272 -0.175
-1.45399 0.809375 0.0463107 0.04375
-0.782553 0.940625 0.0468274 -0.021875
0.277764 0.809375 0.0415293 0.175
0.569784 0.459375 0.0341959 -0.04375
-0.108107 0.21875 0.0332589 0.196875
-0.983687 0.4375 0.0334848 0.109375
-1.35615 0.765625 0.0421422 -0.021875
-0.832705 0.984375 0.0397422 -0.196875
-0.0670539 1.02812 0.0370607 -0.240625
0.309572 0.65625 0.0262385 -0.13125
0.026798 0.48125 0.0159978 0.175
-0.893702 0.415625 0.0194219 -0.021875
-1.26486 0.678125 0.0234274 0.30625
-0.901319 0.984375 0.0221996 -0.240625
-0.251964 0.896875 0.0113774 -0.196875
0.166965 0.65625 0.00229963 -0.196875
-0.119734 0.546875 -0.00416148 0.0875
-0.879469 0.6125 -0.00451704 -0.21875
-1.39817 0.875 0.00472185 -0.240625
-0.938096 1.11563 0.0072737 -0.21875
-0.320883 0.896875 -0.00674667 0.109375
0.12712 0.721875 -0.0146615 0.153125
-0.230506 0.65625 -0.0205411 -0.153125
-0.949246 0.721875 -0.0153726 0.065625
-1.39571 1.11563 -0.0142744 -0.04375
-1.40344 1.1375 -0.00910593 0.284375
-0.451424 1.20312 -0.0146948 0.196875
0.286011 0.896875 -0.0275522 0.175
0.0177739 0.65625 -0.0348856 -0.196875
-0.785571 0.590625 -0.0326244 -0.284375
-1.39149 0.9625 -0.0300633 0.109375
-1.63443 1.05 -0.0234411 0.21875
-0.690717 1.3125 -0.0237967 0.065625
0.00441556 0.91875 -0.0320022 0.21875
0.0863757 0.7 -0.0364281 -0.35
-0.67205 0.721875 -0.0385281 -0.2625
-1.39296 0.896875 -0.0345226 0.065625
-1.40331 1.26875 -0.0308078 -0.30625
-0.940621 1.29062 -0.0326078 0.2625
-0.207111 1.15938 -0.0361615 -0.2625
0.121979 0.853125 -0.0434948 -0.371875
-0.473923 0.7 -0.0447226 -0.328125
-1.20806 0.875 -0.0453689 -0.328125
-1.40739 1.18125 -0.0384467 -0.30625
-1.41512 1.24687 -0.0341504 -0.021875
-0.378952 1.11563 -0.0426467 -0.371875
0.0677424 0.984375 -0.0462004 0.30625
-0.246722 0.74375 -0.0543967 0.21875
-0.964154 0.74375 -0.05388 0.2625
-1.41061 1.02812 -0.0446411 0.2625
-1.41966 1.24687 -0.0415078 -0.328125
-0.50064 1.20312 -0.0488319 -0.065625
-0.141168 0.91875 -0.0515133 0.196875
-0.135818 0.853125 -0.05623 0.175
-0.940471 0.74375 -0.0522244 0.153125
-1.4147 1.05 -0.0531522 -0.371875
-1.42374 1.15938 -0.0439133 -0.21875
-0.503865 1.24687 -0.0468856 0.109375
0.0591257 0.853125 -0.05828 0.109375
0.0657841 0.65625 -0.06038 -0.065625
-0.736253 0.634375 -0.0653874 0.065625
-1.414 0.83125 -0.0567207 -0.0875
-1.42435 1.20312 -0.0509707 -0.04375
-0.75422 1.20312 -0.0501541 0.04375
0.143123 0.940625 -0.0609763 -0.240625
0.18278 0.65625 -0.065693 0.04375
-0.413121 0.634375 -0.0645763 -0.04375
-1.17547 0.765625 -0.0640504 -0.065625
-1.41886 0.940625 -0.0542115 0.196875
-0.867649 1.15938 -0.0580467 0.0875
-0.147818 0.9625 -0.0540226 -0.13125
0.271111 0.678125 -0.0657078 -0.13125
-0.130576 0.6125 -0.0672078 -0.13125
-0.966062 0.6125 -0.0658096 -0.109375
-1.26454 0.875 -0.0533541 0.04375
-0.857383 0.984375 -0.0493393 0.196875
0.0672757 0.91875 -0.0490948 -0.0875
0.326297 0.6125 -0.051467 -0.328125
0.0126906 0.284375 -0.0515226 -0.328125
-0.879185 0.35 -0.0379041 -0.30625
-1.39572 0.765625 -0.0283652 0.0875
-0.934788 0.9625 -0.0173633 -0.0875
-0.246197 0.875 -0.00985037 0.13125
0.288578 0.65625 -0.0180467 0.153125
0.0943341 0.525 -0.0163485 0.175
-0.457957 0.525 -0.00826333 0.153125
-1.14807 0.56875 -0.00453 -0.021875
-0.875677 0.7875 -0.00254111 0.109375
-0.465048 0.74375 -0.000561481 -0.21875
0.0992507 0.721875 -0.0116559 -0.415625
0.0340822 0.48125 -0.0128652 0.13125
-0.37153 0.4375 -0.019317 -0.109375
-0.971807 0.6125 -0.0182004 -0.371875
-0.90293 0.74375 -0.0141763 -0.065625
-0.539387 0.721875 -0.0223726 -0.459375
-0.0521483 0.7875 -0.0308504 0.2625
0.115726 0.56875 -0.0384559 -0.39375
-0.360405 0.56875 -0.0396652 -0.328125
-0.756713 0.590625 -0.040593 -0.39375
-1.242 0.546875 -0.0423837 0.328125
-0.734397 0.853125 -0.0427207 -0.328125
-0.204856 0.765625 -0.0514893 0.35
-0.0369817 0.634375 -0.060267 -0.4375
-0.238217 0.590625 -0.0614763 0.371875
-0.793124 0.525 -0.0629763 0.13125
-0.959907 0.74375 -0.0601152 0.284375
-0.920554 0.7875 -0.0651041 -0.459375
-0.481709 0.853125 -0.0669041 0.2625
-0.316902 0.765625 -0.0698578 0.2625
-0.269249 0.74375 -0.0821152 -0.39375
-0.677928 0.721875 -0.0818707 0.196875
-1.00417 0.875 -0.0868596 -0.459375
-1.24233 0.9625 -0.0822541 0.328125
-0.763796 1.09375 -0.0889874 0.175
-0.162878 0.940625 -0.0922411 -0.4375
0.0468489 0.765625 -0.103626 0.153125
-0.592664 0.678125 -0.0993115 0.13125
-1.12418 0.896875 -0.105754 -0.4375
-1.36712 1.00625 -0.102602 0.13125
-1.0648 1.20312 -0.105265 0.13125
-0.261667 1.07187 -0.111708 0.065625
0.0370406 0.7 -0.121058 0.065625
-0.251417 0.721875 -0.124302 0.065625
-0.926546 0.546875 -0.133071 0.065625
-1.37346 1.00625 -0.127593 0.065625
-1.38295 1.15938 -0.128221 0.04375
-0.552912 1.26875 -0.129721 0.04375
-0.0656733 0.91875 -0.136163 0.04375
-0.0607733 0.7875 -0.144932 0.196875
-0.910346 0.7 -0.147304 -0.021875
-1.38502 0.9625 -0.140663 -0.240625
-1.39582 1.225 -0.146234 -0.065625
-0.800996 1.24687 -0.145699 -0.0875
-0.19877 1.00625 -0.154467 0.153125
-0.14895 0.896875 -0.162945 -0.240625
-0.792388 0.765625 -0.158921 -0.371875
-1.39921 1.02812 -0.153443 -0.371875
-1.41001 1.29062 -0.154361 0.021875
-0.813871 1.29062 -0.158478 -0.35
-0.211645 1.1375 -0.164339 -0.328125
-0.206745 0.91875 -0.165839 -0.371875
-0.966479 0.721875 -0.171119 -0.39375
-1.41339 1.09375 -0.162434 -0.35
-1.42419 1.3125 -0.1587 -0.328125
-0.713517 1.37813 -0.16398 0
-0.151834 1.02812 -0.172749 0
-0.21962 0.896875 -0.173658 -0.175
-1.11195 0.7 -0.166436 -0.196875
-1.42802 1.09375 -0.159204 0.13125
-1.4349 1.225 -0.155171 -0.021875
-0.322567 1.37813 -0.15638 -0.175
0.0509924 0.91875 -0.164849 -0.196875
-0.307084 0.83125 -0.168384 -0.175
-1.23241 0.765625 -0.157082 -0.284375
-1.43219 1.15938 -0.14956 -0.328125
-1.43776 1.24687 -0.148734 -0.240625
-0.355808 1.42188 -0.149061 -0.21875
0.0917452 0.91875 -0.154623 -0.284375
-0.106873 0.6125 -0.156123 -0.415625
-1.1155 0.6125 -0.150345 -0.30625
-1.43157 1.07187 -0.139334 -0.153125
-1.04333 1.20312 -0.135891 -0.415625
-0.281197 1.11563 -0.137091 -0.30625
0.208658 0.809375 -0.140908 -0.30625
-0.149418 0.65625 -0.141236 -0.328125
-0.867299 0.7 -0.128489 -0.30625
-1.28383 0.9625 -0.125619 -0.4375
-0.996037 1.02812 -0.11955 -0.328125
-0.43873 0.91875 -0.118134 0.153125
0.138348 0.7875 -0.123995 -0.2625
-0.0140428 0.634375 -0.125195 -0.240625
-0.62624 0.48125 -0.122034 -0.2625
-1.11284 0.546875 -0.111895 -0.415625
-1.03118 0.7875 -0.111941 -0.371875
-0.431571 0.896875 -0.10471 -0.35
0.145506 0.65625 -0.116086 -0.284375
0.0248063 0.546875 -0.117867 -0.35
-0.321799 0.56875 -0.118195 -0.065625
-1.01061 0.590625 -0.111545 -0.284375
-1.13378 0.7875 -0.105195 -0.328125
-0.573854 0.984375 -0.104941 0.109375
0.341355 0.765625 -0.114863 -0.065625
0.198123 0.371875 -0.117808 -0.153125
-0.731272 0.459375 -0.110286 0.04375
-1.08442 0.415625 -0.102763 -0.35
-0.361971 0.809375 -0.0969856 -0.13125
0.25203 0.634375 -0.0952781 -0.153125
0.104873 0.415625 -0.100549 -0.153125
-0.373874 0.371875 -0.0991319 -0.175
-0.650411 0.4375 -0.0985874 -0.109375
-0.534898 0.525 -0.0957263 -0.21875
-0.239258 0.4375 -0.0951819 -0.21875
-0.0453761 0.284375 -0.0989985 -0.196875
-0.201692 0.415625 -0.10078 0
-0.315705 0.4375 -0.102271 -0.35
-0.518248 0.284375 -0.0988189 0.0875
-0.259677 0.503125 -0.101763 -0.13125
-0.0130261 0.30625 -0.110813 -0.065625
-0.168034 0.284375 -0.111141 -0.13125
-0.517256 0.35 -0.112341 -0.109375
-0.649731 0.415625 -0.108017 -0.109375
-0.400768 0.459375 -0.112124 -0.35
-0.076053 0.415625 -0.11913 -0.328125
0.00284056 0.328125 -0.118295 -0.30625
-0.27108 0.35 -0.122984 -0.021875
-0.711449 0.371875 -0.120695 -0.04375
-0.964146 0.590625 -0.118406 -0.021875
-0.80588 0.7 -0.116117 -0.284375
-0.278955 0.65625 -0.126039 -0.328125
0.209142 0.546875 -0.128984 0
0.100363 0.39375 -0.135999 -0.371875
-0.379693 0.284375 -0.138943 -0.415625
-0.822679 0.590625 -0.135782 0.021875
-1.26959 0.678125 -0.134356 -0.371875
-0.924959 0.875 -0.130904 0.021875
-0.238577 0.83125 -0.13761 0.04375
0.0883044 0.6125 -0.143443 0.065625
-0.110314 0.525 -0.151893 -0.35
-0.548517 0.503125 -0.151621 -0.35
-0.920576 0.65625 -0.150476 -0.175
-1.24772 0.940625 -0.14875 -0.415625
-0.770944 1.11563 -0.14906 -0.503125
-0.331691 0.9625 -0.152276 -0.065625
-0.00611778 0.74375 -0.15811 -0.415625
-0.357098 0.546875 -0.15871 0.196875
-0.842387 0.721875 -0.161345 -0.240625
-1.05585 0.875 -0.155249 -0.30625
-0.945568 1.11563 -0.157011 -0.284375
-0.582925 0.984375 -0.156739 -0.284375
-0.348049 0.875 -0.162573 -0.240625
-0.346216 0.74375 -0.162882 -0.30625
-0.62582 0.721875 -0.163773 -0.284375
-0.909348 0.875 -0.160584 -0.39375
-0.914915 0.984375 -0.158567 -0.371875
-0.876012 0.940625 -0.157423 -0.39375
-0.527907 1.02812 -0.161511 -0.39375
-0.52869 0.83125 -0.158904 -0.240625
-0.764683 0.809375 -0.163284 -0.4375
-1.04645 0.940625 -0.160395 -0.6125
-0.818569 1.07187 -0.15925 -0.065625
-0.730821 1.02812 -0.160423 -0.328125
-0.410482 1.05 -0.161895 -0.196875
-0.616092 0.896875 -0.161623 -0.328125
-0.825177 0.984375 -0.161641 -0.240625
-1.15493 0.984375 -0.152928 -0.415625
-1.04465 1.18125 -0.157308 -0.30625
-0.68332 1.11563 -0.157326 -0.240625
-0.360363 1.00625 -0.158499 -0.240625
-0.240475 0.91875 -0.164332 -0.284375
-0.679986 0.853125 -0.155337 -0.240625
-1.21064 0.91875 -0.151276 -0.2625
-1.36727 1.225 -0.147806 0.021875
-0.935862 1.3125 -0.144045 -0.2625
-0.380313 1.09375 -0.14638 -0.021875
-0.0970428 0.896875 -0.1432 -0.021875
-0.283741 0.721875 -0.152804 -0.109375
-0.811783 0.7875 -0.137413 -0.30625
-1.37544 1.00625 -0.126674 -0.30625
-1.38407 1.26875 -0.122032 -0.13125
-0.672542 1.24687 -0.116526 -0.13125
-0.0206122 1.00625 -0.11421 -0.153125
-0.00831222 0.590625 -0.111902 -0.153125
-0.732881 0.65625 -0.105524 -0.153125
-1.13532 0.896875 -0.0912874 -0.13125
-0.976198 1.00625 -0.0802578 -0.13125
-0.259434 0.896875 -0.0753244 -0.153125
0.0383739 0.7 -0.0701096 -0.30625
-0.0417817 0.546875 -0.0712819 -0.13125
-0.477368 0.546875 -0.0675207 -0.0875
-0.845502 0.56875 -0.0643319 -0.0875
-0.803983 0.7 -0.0559189 -0.065625
-0.483643 0.7875 -0.0553467 -0.328125
-0.202539 0.590625 -0.06118 0
-0.239084 0.35 -0.0640967 -0.240625
-0.265016 0.546875 -0.0623615 -0.21875
-0.551307 0.48125 -0.0620893 0.021875
-0.41864 0.590625 -0.0696578 0.13125
-0.416807 0.56875 -0.0708393 -0.35
-0.342288 0.590625 -0.0728837 0.153125
-0.501671 0.56875 -0.0755189 -0.21875
-0.54214 0.56875 -0.0775633 -0.175
-0.40424 0.2625 -0.0813522 0.153125
-0.2095 0.6125 -0.0866041 -0.021875
-0.0425261 0.546875 -0.0857411 0.175
-0.229674 0.525 -0.0869133 -0.35
-0.595192 0.415625 -0.0840244 -0.39375
-0.876104 0.525 -0.0805448 -0.415625
-0.645603 0.590625 -0.0802726 -0.196875
-0.273802 0.765625 -0.0866781 0.240625
0.171134 0.590625 -0.0939559 -0.39375
-0.0557002 0.4375 -0.0951281 0.109375
-0.373682 0.525 -0.0966004 0.2625
-0.903032 0.56875 -0.0922485 0.30625
-0.836363 0.678125 -0.0908041 -0.153125
-0.468487 0.721875 -0.094893 0.153125
-0.099303 0.65625 -0.103043 0.196875
-0.0208594 0.590625 -0.107704 -0.21875
-0.251619 0.415625 -0.112365 -0.109375
-0.618445 0.56875 -0.11093 -0.328125
-0.899357 0.634375 -0.11501 0.21875
-0.83138 0.809375 -0.113565 -0.4375
-0.469187 0.765625 -0.11561 0.065625
-0.30483 0.65625 -0.12376 -0.371875
-0.301688 0.56875 -0.122024 0
-0.620978 0.65625 -0.131337 0.04375
-0.858279 0.83125 -0.127276 -0.2625
-0.832605 0.459375 -0.128449 -0.240625
-0.702555 0.875 -0.132537 -0.39375
-0.510432 1.11563 -0.137199 -0.021875
-0.62882 0.83125 -0.135754 0.04375
-0.745899 0.940625 -0.138671 0
-0.70438 1.09375 -0.133447 -0.328125
-0.748774 0.9625 -0.14276 -0.30625
-0.793169 1.09375 -0.139571 -0.065625
-0.866637 1.05 -0.144232 -0.459375
-0.708821 1.05 -0.142787 -0.415625
-0.682289 0.940625 -0.145704 -0.04375
-0.597159 0.896875 -0.147749 -0.284375
-0.760466 0.91875 -0.147176 -0.065625
-0.92639 1.07187 -0.150965 -0.35
-1.05001 1.09375 -0.146904 -0.021875
-0.939732 1.225 -0.147204 -0.35
-0.783224 1.1375 -0.14576 -0.35
-0.581797 1.11563 -0.147504 -0.415625
-0.553507 1.05 -0.152165 -0.328125
-0.747646 1.05 -0.150721 -0.371875
-1.1184 1.02812 -0.152765 0
-1.35962 1.1375 -0.146087 -0.39375
-0.971832 1.4 -0.14726 -0.284375
-0.57619 1.26875 -0.150176 -0.35
-0.413141 1.07187 -0.158326 -0.284375
-0.647825 1.00625 -0.156882 -0.153125
-1.09257 0.91875 -0.15601 -0.30625
-1.37916 1.18125 -0.151076 -0.371875
-1.3878 1.4 -0.151376 -0.21875
-0.764797 1.44375 -0.153421 -0.240625
-0.354619 1.11563 -0.158082 -0.109375
-0.307866 1.00625 -0.160126 -0.2625
-0.880827 0.875 -0.156637 0
-1.25464 1.18125 -0.158973 -0.30625
-1.41126 1.29062 -0.154039 -0.196875
-1.02347 1.44375 -0.15085 -0.240625
-0.469233 1.225 -0.153767 -0.2625
-0.466091 0.9625 -0.156965 -0.21875
-0.62809 0.9625 -0.157265 -0.328125
-1.14466 1.02812 -0.156111 -0.196875
-1.28413 1.24687 -0.154667 -0.21875
-0.998096 1.35625 -0.15205 0.04375
-0.723984 1.1375 -0.154095 0.04375
-0.445946 1.11563 -0.156139 -0.30625
-0.608396 0.9625 -0.15643 -0.35
-0.932919 0.940625 -0.154113 -0.284375
-1.05523 1.11563 -0.148889 -0.328125
-1.05994 1.15938 -0.14918 -0.0875
-0.740909 1.24687 -0.150352 0.196875
-0.508241 1.11563 -0.145419 -0.39375
-0.695389 1.00625 -0.146291 -0.4375
-0.992146 1.05 -0.145137 -0.371875
-1.15676 1.1375 -0.142821 -0.4375
-0.868563 1.24687 -0.140204 -0.21875
-0.472921 1.11563 -0.140504 -0.35
-0.382558 1.00625 -0.138769 -0.39375
-0.630471 0.940625 -0.141676 -0.30625
-1.07436 1.00625 -0.136743 0.109375
-1.1689 1.09375 -0.128021 -0.35
-0.923866 1.24687 -0.12396 -0.371875
-0.324706 1.09375 -0.12396 -0.30625
-0.201793 0.91875 -0.131528 -0.21875
-0.316256 0.74375 -0.123687 -0.4375
-0.873371 0.74375 -0.122815 -0.153125
-1.47671 0.9625 -0.115265 0.240625
-1.04576 1.33438 -0.107415 -0.415625
-0.445294 1.11563 -0.114111 -0.371875
0.0441119 0.875 -0.113821 -0.2625
-0.110037 0.678125 -0.11761 -0.240625
-0.679523 0.590625 -0.113549 0.240625
-1.32779 0.809375 -0.105126 -0.30625
-1.17259 1.15938 -0.10251 -0.240625
-0.648729 1.18125 -0.0993207 -0.109375
0.0428869 0.91875 -0.103982 -0.175
0.0957313 0.7875 -0.105736 -0.021875
-0.265861 0.503125 -0.106326 -0.284375
-1.07142 0.721875 -0.100521 -0.39375
-1.28095 0.91875 -0.0941244 0.13125
-0.755784 0.940625 -0.0973319 0.13125
-0.153148 0.809375 -0.0993763 0.0875
0.221269 0.634375 -0.0973504 0.0875
-0.180009 0.48125 -0.111315 0.065625
-0.734509 0.175 -0.103174 -0.021875
-1.01411 0.48125 -0.0991133 -0.328125
-0.782753 0.74375 -0.102321 0
-0.342192 0.721875 -0.105237 -0.021875
-0.0879956 0.546875 -0.105819 -0.04375
-0.197225 0.7 -0.107863 -0.371875
-0.516965 0.65625 -0.108163 -0.415625
-0.676347 0.678125 -0.108463 -0.415625
-0.558218 0.678125 -0.111371 -0.39375
-0.190342 0.721875 -0.113124 -0.35
0.0052563 0.525 -0.114297 -0.196875
-0.150201 0.7 -0.117786 -0.2625
-0.542176 0.525 -0.115469 -0.284375
-0.792706 0.56875 -0.114897 0.021875
-0.660489 0.6125 -0.116641 -0.21875
-0.304534 0.525 -0.118686 -0.175
0.15449 0.546875 -0.127999 -0.175
-0.0860233 0.371875 -0.130324 -0.0875
-0.477998 0.415625 -0.13266 -0.175
-0.770831 0.503125 -0.127136 -0.240625
-0.729311 0.56875 -0.127726 -0.13125
-0.408113 0.546875 -0.128026 -0.0875
0.0786757 0.328125 -0.130352 -0.065625
0.0434396 0.371875 -0.134141 -0.196875
-0.186461 0.153125 -0.134141 -0.153125
-0.755497 0.371875 -0.134441 -0.21875
-0.830274 0.678125 -0.128045 -0.065625
-0.596298 0.6125 -0.127473 -0.175
-0.060665 0.678125 -0.135623 -0.415625
0.107617 0.371875 -0.137076 -0.415625
-0.251809 0.4375 -0.143482 -0.459375
-0.733622 0.525 -0.14261 -0.371875
-1.05815 0.74375 -0.143782 -0.39375
-0.652342 0.7875 -0.14291 -0.4375
-0.285774 0.65625 -0.146699 -0.39375
-0.162411 0.590625 -0.155421 -0.328125
-0.276016 0.48125 -0.15891 -0.2625
-0.724831 0.678125 -0.164443 -0.546875
-0.800916 0.765625 -0.162408 -0.546875
-0.758538 0.853125 -0.16736 -0.546875
-0.364205 0.853125 -0.170849 -0.39375
-0.271224 0.765625 -0.176963 -0.546875
-0.474668 0.7875 -0.185104 -0.39375
-0.725197 0.83125 -0.182487 -0.021875
-0.963807 0.896875 -0.179008 -0.371875
-0.733756 0.940625 -0.18366 -0.415625
-0.570707 0.9625 -0.190065 -0.175
-0.202831 0.91875 -0.196171 -0.371875
-0.640175 0.65625 -0.200532 -0.39375
-0.76118 0.896875 -0.197343 -0.284375
-1.08877 0.896875 -0.197343 -0.371875
-0.904496 1.09375 -0.199087 -0.48125
-0.452015 1.00625 -0.201132 -0.56875
-0.377946 0.940625 -0.204621 -0.2625
-0.654934 0.721875 -0.205493 -0.065625
-1.09751 0.896875 -0.209282 -0.371875
-1.03215 1.225 -0.201432 0.109375
-0.787113 1.09375 -0.205793 -0.4375
-0.467223 1.00625 -0.210454 -0.415625
-0.305483 0.91875 -0.210454 -0.328125
-0.757364 1.02812 -0.213943 -0.2625
-1.1585 0.940625 -0.206965 -0.328125
-1.12352 1.1375 -0.205521 -0.371875
-0.806246 1.35625 -0.206393 -0.415625
-0.455524 1.05 -0.209882 -0.240625
-0.454141 0.896875 -0.213661 -0.284375
-0.688825 0.896875 -0.215406 -0.30625
-1.21993 1.07187 -0.210473 -0.415625
-1.27218 1.33438 -0.207856 -0.196875
-0.957071 1.3125 -0.206984 -0.590625
-0.590954 0.984375 -0.2096 -0.371875
-0.340683 0.984375 -0.213089 -0.240625
-0.661731 0.984375 -0.212789 -0.371875
-1.03293 1.1375 -0.206084 0.065625
-1.43582 1.24687 -0.204039 -0.503125
-1.04848 1.44375 -0.19995 -0.546875
-0.655907 1.20312 -0.202839 -0.2625
-0.170876 0.9625 -0.208063 -0.30625
-0.561543 0.875 -0.208336 -0.35
-0.930127 0.7875 -0.204247 -0.30625
-1.25903 1.09375 -0.197841 -0.35
-0.98798 1.26875 -0.197241 -0.284375
-0.579559 1.20312 -0.195769 -0.284375
-0.213442 0.9625 -0.196341 -0.0875
-0.459188 0.91875 -0.196904 -0.39375
-0.899149 0.809375 -0.196595 -0.13125
-1.15405 1.05 -0.18611 -0.196875
-0.909016 1.09375 -0.182321 -0.39375
-0.542898 0.984375 -0.180267 -0.13125
-0.261386 0.853125 -0.1849 -0.196875
-0.374991 0.74375 -0.184591 -0.284375
-0.858563 0.7875 -0.182247 -0.284375
-1.06855 1.00625 -0.169736 -0.21875
-0.838497 1.00625 -0.16303 -0.2625
-0.513374 0.896875 -0.158069 -0.196875
-0.184326 0.853125 -0.162993 -0.153125
-0.25432 0.7 -0.160649 -0.153125
-0.735275 0.678125 -0.150463 -0.415625
-0.900341 0.765625 -0.138524 -0.35
-0.741217 0.7875 -0.132691 -0.196875
-0.417402 0.765625 -0.134999 -0.2625
-0.134582 0.634375 -0.129747 -0.371875
0.0319424 0.590625 -0.126239 -0.2625
-0.400169 0.4375 -0.123895 -0.4375
-0.677606 0.546875 -0.116326 0.021875
-0.72245 0.65625 -0.111947 -0.4375
-0.443555 0.634375 -0.109602 0.065625
0.000481296 0.546875 -0.11598 0.065625
0.140548 0.48125 -0.118869 -0.48125
-0.144884 0.35 -0.12263 0.196875
-0.537309 0.39375 -0.123774 0.0875
-0.654839 0.459375 -0.116778 -0.503125
-0.419555 0.525 -0.118795 -0.284375
-0.134118 0.546875 -0.128661 0.153125
0.0324063 0.525 -0.130678 -0.240625
-0.149959 0.39375 -0.136184 -0.240625
-0.394396 0.328125 -0.138782 -0.459375
-0.437933 0.48125 -0.141089 -0.503125
-0.392488 0.525 -0.139326 -0.415625
-0.299958 0.415625 -0.146576 -0.459375
-0.105668 0.48125 -0.153826 -0.459375
-0.261575 0.371875 -0.154971 -0.284375
-0.447865 0.4375 -0.15786 -0.35
-0.653925 0.4375 -0.159876 -0.284375
-0.578548 0.48125 -0.161602 0.153125
-0.32611 0.525 -0.163619 -0.459375
-0.162203 0.525 -0.174358 -0.415625
-0.203122 0.546875 -0.178119 -0.4375
-0.524171 0.546875 -0.183043 -0.415625
-0.760613 0.546875 -0.183015 0.175
-0.734081 0.546875 -0.186776 -0.459375
-0.575407 0.7 -0.185886 -0.415625
-0.412808 0.65625 -0.190519 0.0875
-0.366505 0.65625 -0.195152 0.13125
-0.569948 0.678125 -0.200949 0.175
-0.733706 0.678125 -0.194824 0.109375
-0.810241 0.546875 -0.200621 -0.415625
-0.740097 0.809375 -0.200302 -0.503125
-0.6528 0.765625 -0.203191 -0.39375
-0.536429 0.875 -0.20608 -0.39375
-0.653959 0.875 -0.210132 -0.415625
-0.862635 0.83125 -0.209241 -0.4375
-0.911405 0.9625 -0.208341 -0.065625
-0.945637 1.02812 -0.205997 -0.04375
-0.627056 1.11563 -0.215282 -0.04375
-0.510684 0.940625 -0.211774 -0.04375
-0.629522 0.7 -0.214363 -0.525
-1.04172 0.940625 -0.212891 -0.35
-1.00633 1.20312 -0.210547 -0.065625
-1.05465 1.18125 -0.210247 -0.371875
-0.69115 1.225 -0.216343 -0.503125
-0.574779 1.11563 -0.215752 -0.48125
-0.691859 1.02812 -0.225337 -0.546875
-0.975837 1.02812 -0.224165 -0.459375
-1.14352 1.15938 -0.217469 -0.109375
-1.03369 1.33438 -0.218332 -0.13125
-0.801881 1.18125 -0.222693 -0.109375
-0.599596 1.1375 -0.224137 -0.13125
-0.600829 1.07187 -0.22471 -0.153125
-0.969413 1.09375 -0.221793 -0.328125
-1.41547 1.15938 -0.220621 -0.153125
-1.26203 1.46562 -0.220321 -0.196875
-0.828456 1.33438 -0.220893 -0.4375
-0.46103 1.29062 -0.224082 -0.196875
-0.460955 1.00625 -0.228434 -0.39375
-0.859471 0.984375 -0.226389 -0.284375
-1.27559 1.1375 -0.221728 -0.48125
-1.35736 1.35625 -0.218811 -0.35
-1.01232 1.3125 -0.215304 -0.39375
-0.487155 1.4 -0.217911 -0.459375
-0.440852 0.91875 -0.226334 -0.2625
-0.763209 0.91875 -0.222545 -0.284375
-1.41192 1.05 -0.218756 -0.328125
-1.1871 1.46562 -0.216711 -0.284375
-0.943374 1.33438 -0.214667 -0.240625
-0.386967 1.225 -0.216111 -0.39375
-0.413349 1.09375 -0.220173 -0.30625
-0.869156 0.9625 -0.216384 -0.30625
-1.38573 1.11563 -0.212586 -0.284375
-1.27806 1.33438 -0.209669 -0.2625
-0.888106 1.33438 -0.207624 -0.240625
-0.315853 1.225 -0.210813 -0.21875
-0.311853 0.940625 -0.212258 -0.328125
-0.721432 0.940625 -0.212249 -0.328125
-1.16487 1.02812 -0.20816 -0.415625
-1.52284 1.15938 -0.198265 -0.13125
-0.898981 1.42188 -0.198837 -0.153125
-0.41395 1.225 -0.201445 -0.4375
-0.161512 0.984375 -0.19911 -0.459375
-0.567166 0.875 -0.19851 -0.371875
-1.1269 0.91875 -0.193267 -0.4375
-1.25228 1.18125 -0.1825 -0.328125
-0.904622 1.15938 -0.176967 -0.196875
-0.375981 1.11563 -0.177239 -0.2625
-0.122234 0.896875 -0.180428 -0.30625
-0.410284 0.7 -0.183036 -0.4375
-1.05462 0.809375 -0.17285 -0.459375
-1.17869 1.00625 -0.163819 -0.39375
-0.813884 1.00625 -0.160902 -0.284375
-0.20994 0.940625 -0.15595 -0.30625
0.00150352 0.721875 -0.160002 -0.415625
-0.359231 0.7 -0.163482 -0.21875
-0.915488 0.7 -0.149517 -0.2625
-1.16863 0.9625 -0.140195 -0.39375
-0.805134 1.07187 -0.137569 -0.35
-0.273875 0.91875 -0.142502 -0.35
0.0538646 0.83125 -0.138123 -0.328125
-0.100734 0.678125 -0.138695 -0.240625
-0.712523 0.56875 -0.131117 -0.284375
-0.877589 0.7875 -0.124711 -0.35
-0.790292 0.7875 -0.120923 -0.284375
-0.348422 0.83125 -0.121195 0.04375
0.067848 0.74375 -0.124093 0.021875
-0.0563687 0.56875 -0.121749 0.021875
-0.403874 0.415625 -0.122321 -0.30625
-0.69454 0.546875 -0.120276 0.021875
-0.724847 0.525 -0.116187 -0.021875
-0.327039 0.590625 -0.120249 -0.21875
-0.0442187 0.546875 -0.124882 -0.21875
0.0509285 0.503125 -0.128943 -0.21875
-0.308497 0.503125 -0.125436 -0.021875
-0.668782 0.415625 -0.13066 -0.109375
-0.623787 0.503125 -0.123954 -0.415625
-0.211442 0.503125 -0.124526 -0.284375
-0.0423011 0.371875 -0.130904 -0.175
-0.0343761 0.2625 -0.134093 -0.21875
-0.44003 0.175 -0.1364 -0.21875
-0.642165 0.284375 -0.12766 -0.153125
-0.598479 0.328125 -0.126487 -0.196875
-0.229745 0.35 -0.128504 -0.153125
0.010773 0.415625 -0.128786 -0.196875
-0.0116844 0.328125 -0.134291 0
-0.212511 0.21875 -0.131084 -0.240625
-0.575862 0.2625 -0.131356 -0.13125
-0.736553 0.39375 -0.129011 -0.13125
-0.619323 0.525 -0.132773 -0.13125
-0.324583 0.48125 -0.134489 -0.109375
0.030923 0.4375 -0.137378 -0.240625
-0.122368 0.35 -0.143756 -0.39375
-0.471182 0.371875 -0.143728 -0.371875
-0.793538 0.546875 -0.134697 -0.196875
-0.678475 0.721875 -0.140193 -0.175
-0.444499 0.721875 -0.144826 -0.415625
-0.279284 0.721875 -0.14946 -0.371875
-0.276592 0.678125 -0.153793 -0.175
-0.467257 0.7 -0.15581 -0.13125
-0.759231 0.56875 -0.155782 -0.0875
-0.761772 0.7 -0.155763 -0.35
-0.469648 0.809375 -0.163004 -0.196875
-0.307049 0.7 -0.161241 -0.35
-0.392888 0.634375 -0.171099 -0.04375
-0.715245 0.634375 -0.164102 -0.04375
-0.793088 0.809375 -0.170471 -0.371875
-0.88461 0.83125 -0.166091 -0.021875
-0.638714 0.91875 -0.172169 0
-0.448349 0.896875 -0.178837 -0.021875
-0.359744 0.940625 -0.182299 0
-0.769322 0.765625 -0.181699 0
-1.0956 0.940625 -0.180799 -0.21875
-0.939546 1.05 -0.180199 0.021875
-0.619657 1.09375 -0.17988 -0.2625
-0.294984 0.940625 -0.185958 0
-0.411205 0.809375 -0.19001 -0.21875
-0.970079 0.765625 -0.18911 -0.39375
-1.41396 1.07187 -0.187637 -0.39375
-1.11646 1.37813 -0.182376 -0.546875
-0.635357 1.33438 -0.187582 0.04375
-0.311992 1.09375 -0.192215 -0.4375
-0.383294 0.984375 -0.193932 -0.328125
-0.868174 0.984375 -0.194204 -0.503125
-1.19838 1.11563 -0.18778 -0.328125
-1.13347 1.225 -0.185426 -0.284375
-0.888883 1.20312 -0.189187 -0.284375
-0.406469 1.11563 -0.18916 -0.371875
-0.450455 0.91875 -0.195237 -0.284375
-0.772811 0.721875 -0.196954 -0.328125
-1.3343 1.02812 -0.188504 -0.56875
-1.10687 1.44375 -0.187604 -0.371875
-0.860971 1.15938 -0.191937 -0.196875
-0.464921 1.18125 -0.19221 -0.35
-0.624754 1.02812 -0.195671 -0.459375
-0.906116 0.9625 -0.188374 -0.4375
-1.11741 1.18125 -0.18951 -0.39375
-1.16618 1.20312 -0.188037 -0.196875
-0.641462 1.29062 -0.188882 -0.240625
-0.393399 1.09375 -0.198739 -0.328125
-0.595534 0.940625 -0.198421 -0.35
-1.03811 1.07187 -0.195776 -0.35
-1.13442 1.11563 -0.190815 -0.48125
-0.97836 1.24687 -0.190787 -0.590625
-0.612693 1.18125 -0.197737 -0.30625
-0.333797 1.05 -0.199454 -0.371875
-0.535933 0.940625 -0.202915 -0.284375
-0.977202 0.9625 -0.20405 -0.21875
-1.26249 1.09375 -0.198217 -0.39375
-0.870364 1.1375 -0.199061 -0.21875
-0.341722 1.09375 -0.202523 -0.2625
-0.220118 0.809375 -0.209763 -0.284375
-0.611234 0.721875 -0.208863 -0.35
-1.25864 0.91875 -0.206219 -0.284375
-1.49946 1.18125 -0.198632 -0.284375
-0.831986 1.35625 -0.201511 -0.21875
-0.258425 1.00625 -0.202065 -0.21875
0.143308 0.809375 -0.208734 -0.21875
-0.334172 0.590625 -0.208124 -0.4375
-1.05295 0.678125 -0.198502 -0.328125
-1.49946 0.91875 -0.189752 -0.240625
-0.90598 1.1375 -0.187689 -0.109375
-0.143437 0.984375 -0.187689 -0.175
0.188228 0.678125 -0.189134 -0.196875
-0.171198 0.546875 -0.186217 -0.196875
-0.769309 0.503125 -0.178358 -0.21875
-1.0216 0.721875 -0.16323 -0.2625
-0.861614 0.809375 -0.158569 -0.21875
-0.329047 0.853125 -0.147802 -0.065625
0.118914 0.74375 -0.148374 -0.39375
-0.108371 0.525 -0.140806 -0.328125
-0.426802 0.415625 -0.127132 -0.2625
-0.746092 0.6125 -0.120726 -0.39375
-0.54119 0.590625 -0.110541 -0.4375
-0.259678 0.634375 -0.108206 -0.371875
0.0693702 0.56875 -0.104126 -0.525
-0.0112354 0.4375 -0.103826 -0.459375
-0.402352 0.39375 -0.100619 -0.634375
-0.486883 0.4375 -0.0982837 -0.371875
-0.321667 0.48125 -0.103217 -0.371875
0.0078313 0.415625 -0.107278 -0.2625
0.176972 0.415625 -0.1157 0
-0.0939233 0.30625 -0.120343 -0.4375
-0.455966 0.415625 -0.121787 0.065625
-0.644872 0.4375 -0.125839 0.04375
-0.48489 0.459375 -0.126121 0.065625
-0.128076 0.35 -0.12931 -0.4375
0.173206 0.525 -0.145 -0.328125
0.0952174 0.415625 -0.15255 -0.371875
-0.338202 0.30625 -0.155739 -0.371875
-0.777713 0.2625 -0.15166 -0.525
-0.661342 0.459375 -0.154849 -0.328125
-0.382446 0.35 -0.15861 -0.371875
-0.056015 0.503125 -0.165578 0.153125
0.0682063 0.30625 -0.170221 0.065625
-0.437898 0.371875 -0.17341 -0.240625
-0.762871 0.678125 -0.173982 -0.21875
-0.897555 0.546875 -0.17281 0.175
-0.609356 0.6125 -0.173082 -0.0875
-0.415066 0.56875 -0.178015 -0.415625
-0.368763 0.503125 -0.183239 -0.35
-0.528596 0.590625 -0.182649 -0.175
-0.735964 0.525 -0.182049 0.065625
-0.812049 0.6125 -0.179132 0.065625
-0.740597 0.7 -0.182321 0.04375
-0.654609 0.809375 -0.184637 0.04375
-0.495934 0.853125 -0.182293 0
-0.746914 0.809375 -0.182865 -0.021875
-0.91198 0.809375 -0.18431 -0.415625
-0.828608 0.9625 -0.180802 -0.021875
-0.626322 0.91875 -0.186026 -0.021875
-0.554871 0.875 -0.185436 -0.065625
-0.6724 0.896875 -0.193849 -0.04375
-0.953762 0.940625 -0.189769 -0.284375
-0.961537 1.09375 -0.186852 -0.04375
-0.966696 0.91875 -0.188869 -0.04375
-0.646806 1.00625 -0.19293 -0.4375
-0.484207 0.91875 -0.192339 -0.0875
-0.529051 0.91875 -0.201624 -0.109375
-1.01393 0.9625 -0.196673 -0.109375
-1.22653 1.11563 -0.191711 -0.109375
-1.07309 1.225 -0.196063 -0.13125
-0.828505 1.26875 -0.196345 -0.109375
-0.505998 1.11563 -0.200978 -0.153125
-0.476849 0.940625 -0.208528 -0.109375
-0.799206 0.896875 -0.210545 -0.0875
-1.31578 1.05 -0.214024 -0.153125
-1.43985 1.33438 -0.209645 -0.153125
-0.934902 1.44375 -0.214869 -0.175
-0.408877 1.18125 -0.220374 -0.371875
-0.202667 0.9625 -0.228797 -0.30625
-0.728542 0.83125 -0.229369 -0.196875
-1.10105 1.07187 -0.227897 -0.21875
-1.46033 1.24687 -0.226724 -0.371875
-1.16152 1.42188 -0.226124 -0.48125
-0.636804 1.3125 -0.233665 -0.196875
-0.357909 1.07187 -0.236563 -0.21875
-0.590426 1.00625 -0.240324 -0.371875
-1.033 1.05 -0.240897 -0.371875
-1.40551 1.15938 -0.238552 -0.284375
-1.09216 1.44375 -0.240287 -0.196875
-0.772275 1.24687 -0.244921 -0.240625
-0.406158 1.1375 -0.247237 -0.065625
-0.654521 0.984375 -0.250126 -0.39375
-1.05349 1.07187 -0.244002 -0.48125
-1.31101 1.225 -0.246037 -0.240625
-1.03735 1.37813 -0.245165 -0.284375
-0.556241 1.29062 -0.248645 -0.35
-0.348722 1.07187 -0.256495 -0.35
-0.785617 1.09375 -0.259402 -0.30625
-1.36164 1.07187 -0.251252 -0.35
-1.5161 1.37813 -0.248636 -0.328125
-0.803709 1.46562 -0.248626 -0.284375
-0.242068 1.11563 -0.25386 -0.30625
-0.236759 0.83125 -0.258221 -0.240625
-0.953783 0.875 -0.25763 -0.328125
-1.51789 1.18125 -0.241639 -0.30625
-1.52828 1.35625 -0.235824 -0.35
-0.695671 1.35625 -0.236687 -0.39375
0.000728519 1.05 -0.241049 -0.30625
0.0813387 0.765625 -0.236969 -0.30625
-0.749814 0.721875 -0.235515 -0.284375
-1.51699 0.853125 -0.222132 -0.21875
-1.52738 1.15938 -0.208176 -0.30625
-0.813684 1.29062 -0.20526 -0.459375
0.158919 1.00625 -0.20526 -0.371875
0.216997 0.65625 -0.20526 -0.30625
-0.466169 0.546875 -0.198854 -0.284375
-1.22987 0.7 -0.190132 -0.284375
-1.27995 0.9625 -0.1814 -0.284375
-0.594873 1.02812 -0.175004 -0.13125
0.055298 0.809375 -0.175576 -0.30625
0.137216 0.546875 -0.175276 -0.328125
-0.220901 0.328125 -0.166554 -0.525
-0.77585 0.39375 -0.161021 -0.30625
-0.819386 0.590625 -0.150554 -0.39375
-0.449344 0.74375 -0.151999 -0.35
0.0396119 0.65625 -0.149382 -0.328125
0.124147 0.371875 -0.145302 -0.39375
-0.352884 0.328125 -0.142386 -0.4375
-0.673482 0.35 -0.13628 -0.21875
-0.628487 0.503125 -0.131328 0
-0.025852 0.4375 -0.135108 0
0.305813 0.175 -0.135389 -0.021875
0.126065 0.13125 -0.134799 -0.04375
-0.438188 0.240625 -0.136834 -0.35
-0.805464 0.48125 -0.129265 -0.284375
-0.718167 0.4375 -0.127221 -0.30625
-0.0719206 0.525 -0.131582 -0.328125
0.422268 0.371875 -0.139132 -0.415625
0.43281 0.240625 -0.142321 -0.30625
-0.246431 0.196875 -0.144937 -0.240625
-0.846299 0.284375 -0.135043 -0.21875
-0.93868 0.39375 -0.133871 -0.196875
-0.367735 0.503125 -0.133871 -0.175
0.282436 0.371875 -0.135897 -0.240625
0.365663 0.21875 -0.146354 -0.30625
0.0277656 0.328125 -0.143147 -0.240625
-0.702936 0.371875 -0.142274 -0.240625
-0.984298 0.503125 -0.139358 -0.21875
-0.619489 0.65625 -0.140802 -0.328125
-0.105384 0.590625 -0.138758 -0.284375
0.0346822 0.503125 -0.148924 -0.21875
-0.249442 0.459375 -0.149506 -0.196875
-0.483268 0.48125 -0.144845 -0.175
-0.690636 0.546875 -0.145417 -0.175
-0.648259 0.590625 -0.147734 -0.175
-0.282141 0.765625 -0.149178 -0.153125
-0.205456 0.546875 -0.151495 -0.39375
-0.275449 0.65625 -0.155856 -0.175
-0.641417 0.546875 -0.154393 -0.0875
-0.848785 0.56875 -0.152349 -0.065625
-0.733722 0.7 -0.154665 -0.30625
-0.251309 0.634375 -0.161634 -0.04375
-0.0860928 0.634375 -0.164532 -0.196875
-0.404524 0.634375 -0.165104 -0.2625
-0.847102 0.721875 -0.165967 -0.065625
-1.24607 0.678125 -0.16276 -0.328125
-0.768888 0.9625 -0.16305 -0.284375
-0.256092 0.371875 -0.165949 -0.240625
0.0412656 0.678125 -0.170582 0.021875
-0.438832 0.634375 -0.174343 0.04375
-0.926329 0.74375 -0.174034 -0.240625
-1.34376 0.809375 -0.168782 -0.21875
-1.14801 1.05 -0.163821 -0.2625
-0.550612 1.02812 -0.164393 -0.153125
-0.109643 0.91875 -0.169899 -0.2625
-0.295933 0.21875 -0.179765 -0.175
-0.779505 0.74375 -0.174804 -0.240625
-1.24054 0.91875 -0.169552 -0.240625
-1.36462 1.09375 -0.169243 -0.240625
-0.798905 1.33438 -0.169515 -0.196875
-0.242947 1.09375 -0.173858 -0.415625
-0.151725 0.896875 -0.175874 -0.240625
-0.604915 0.7875 -0.18138 -0.109375
-1.2827 0.875 -0.178163 -0.328125
-1.40939 1.26875 -0.175237 -0.35
-0.858666 1.37813 -0.176091 -0.196875
-0.171425 1.20312 -0.179852 -0.328125
-0.138351 0.875 -0.190882 -0.30625
-0.694609 0.83125 -0.18941 -0.371875
-1.27239 1.05 -0.182413 -0.328125
-1.42685 1.20312 -0.182104 -0.35
-0.920594 1.33438 -0.184993 -0.240625
-0.159359 1.09375 -0.191371 -0.39375
-0.0655206 0.875 -0.195713 -0.371875
-0.70945 0.853125 -0.200637 -0.196875
-1.15595 0.9625 -0.191897 -0.371875
-1.44386 1.11563 -0.186926 -0.328125
-0.777695 1.225 -0.188943 -0.525
-0.249503 1.00625 -0.197937 -0.240625
-0.0406761 0.853125 -0.201699 -0.240625
-0.611471 0.765625 -0.201099 -0.240625
-1.45047 0.896875 -0.197882 -0.240625
-1.46217 1.24687 -0.195828 -0.240625
-1.2788 1.29062 -0.195519 -0.240625
-0.0643011 1.3125 -0.199561 -0.240625
0.103531 0.74375 -0.207974 -0.284375
-0.419727 0.765625 -0.207374 -0.2625
-1.4627 0.7875 -0.203286 -0.240625
-1.47571 1.26875 -0.194254 -0.240625
-1.48348 1.225 -0.186376 -0.0875
-0.211284 1.46562 -0.19101 -0.240625
0.252522 0.896875 -0.202911 -0.240625
-0.224509 0.678125 -0.203474 -0.196875
-1.32256 0.7875 -0.197341 -0.04375
-1.48008 1.18125 -0.183658 -0.0875
-1.48786 1.24687 -0.171719 -0.109375
-0.129296 1.33438 -0.176643 -0.21875
0.276363 0.875 -0.174871 -0.196875
-0.0663594 0.546875 -0.176015 -0.175
-1.07719 0.65625 -0.158843 -0.196875
-1.48008 0.91875 -0.146032 -0.196875
-0.813061 1.15938 -0.139026 -0.196875
0.0393202 0.896875 -0.137554 -0.240625
0.215003 0.7 -0.139571 -0.153125
-0.538232 0.371875 -0.131693 -0.13125
-1.11209 0.7 -0.115974 -0.153125
-0.912424 0.875 -0.110141 -0.109375
-0.385091 0.809375 -0.108369 -0.21875
0.180025 0.721875 -0.106606 -0.415625
0.0742702 0.56875 -0.108323 -0.284375
-0.725192 0.459375 -0.0952207 -0.0875
-0.974863 0.590625 -0.0885152 -0.2625
-0.355524 0.678125 -0.0890689 -0.240625
0.305114 0.590625 -0.0942837 0.065625
0.155748 0.459375 -0.102978 -0.021875
-0.526559 0.415625 -0.10325 0.0875
-0.848916 0.503125 -0.0959541 0.021875
-0.525101 0.56875 -0.0979707 0.04375
0.0347813 0.546875 -0.106965 0.0875
0.248841 0.590625 -0.113043 -0.284375
-0.226881 0.39375 -0.119421 -0.240625
-0.710903 0.459375 -0.121428 0.153125
-0.831049 0.415625 -0.117049 0.153125
-0.553462 0.546875 -0.119928 0.175
0.0949507 0.459375 -0.124271 0.0875
0.15172 0.459375 -0.135582 -0.065625
-0.166711 0.371875 -0.137599 -0.175
-0.810641 0.415625 -0.136699 0.21875
-0.977015 0.56875 -0.138134 0.196875
-0.702045 0.503125 -0.132582 -0.21875
-0.169928 0.678125 -0.141276 0.196875
0.0415156 0.56875 -0.148226 -0.30625
-0.365896 0.503125 -0.144119 -0.30625
-0.894388 0.590625 -0.142047 0.196875
-0.971373 0.6125 -0.140847 -0.240625
-0.603947 0.765625 -0.145171 -0.35
-0.247584 0.765625 -0.148913 -0.2625
-0.270041 0.678125 -0.157308 -0.240625
-0.839977 0.634375 -0.155236 -0.196875
-1.1654 0.74375 -0.154608 0.13125
-0.641992 0.940625 -0.156897 -0.240625
-0.0808011 0.896875 -0.166454 0.04375
-0.149486 0.590625 -0.164673 -0.2625
-0.718114 0.634375 -0.170741 -0.240625
-1.07478 0.721875 -0.165752 -0.284375
-0.88748 0.940625 -0.168913 0.065625
-0.241684 0.9625 -0.177308 0.109375
-0.310369 0.74375 -0.182213 -0.328125
-0.717781 0.7 -0.174617 -0.30625
-1.07314 0.853125 -0.180386 0.021875
-0.756313 1.09375 -0.178313 -0.04375
-0.43119 1.02812 -0.18758 -0.065625
-0.559782 0.853125 -0.189569 -0.04375
-0.95789 0.91875 -0.189241 -0.0875
-1.16788 1.02812 -0.190658 -0.065625
-0.730831 1.20312 -0.19033 -0.328125
-0.31456 1.09375 -0.197552 -0.35
-0.428615 0.896875 -0.201586 -0.04375
-1.04609 0.853125 -0.201258 -0.39375
-1.36045 1.05 -0.197141 -0.2625
-0.853335 1.3125 -0.196813 -0.13125
-0.0868678 1.18125 -0.212476 -0.30625
-0.152078 0.83125 -0.214174 -0.284375
-1.04575 0.74375 -0.211521 -0.109375
-1.36273 1.15938 -0.205669 -0.284375
-1.25335 1.20312 -0.20446 -0.175
-0.258217 1.33438 -0.208202 -0.30625
0.072998 0.91875 -0.218332 -0.175
-0.522087 0.765625 -0.218004 -0.153125
-1.08489 0.7875 -0.213315 -0.284375
-1.37062 0.984375 -0.208326 -0.04375
-0.656925 1.26875 -0.209743 -0.328125
-0.0957344 1.00625 -0.218128 -0.284375
-0.211097 0.74375 -0.218382 -0.30625
-0.738281 0.7 -0.221534 -0.2625
-1.06501 0.809375 -0.213356 -0.2625
-0.864485 1.11563 -0.210111 -0.240625
-0.586898 1.02812 -0.21618 -0.30625
-0.616347 0.809375 -0.213808 -0.175
-0.748414 0.875 -0.208828 -0.284375
-0.867702 0.896875 -0.206747 -0.21875
-0.591873 0.875 -0.206419 -0.2625
-0.225756 0.875 -0.205791 -0.240625
-0.341119 0.765625 -0.210987 -0.240625
-0.825141 0.875 -0.203963 -0.240625
-1.15535 0.9625 -0.194913 -0.2625
-1.11996 1.09375 -0.18818 -0.284375
-0.566171 0.984375 -0.186108 -0.175
0.12847 0.853125 -0.188969 -0.240625
0.0923341 0.56875 -0.194747 -0.153125
-0.388621 0.56875 -0.188886 -0.21875
-1.27169 0.7 -0.183897 -0.284375
-1.40013 1.00625 -0.173102 -0.196875
-0.967871 1.05 -0.168986 -0.21875
-0.131784 0.91875 -0.169239 -0.2625
0.24435 0.56875 -0.176461 -0.459375
0.0170656 0.4375 -0.18223 -0.30625
-0.714086 0.503125 -0.18103 -0.21875
-1.15928 0.74375 -0.168773 -0.240625
-1.28249 0.9625 -0.164074 -0.48125
-0.612857 1.11563 -0.163747 -0.284375
0.16684 0.853125 -0.170097 -0.240625
0.176931 0.56875 -0.181099 -0.2625
-0.229172 0.35 -0.174374 -0.35
-0.829041 0.65625 -0.177526 -0.30625
-0.950946 0.74375 -0.171093 -0.284375
-0.632364 0.83125 -0.172228 -0.21875
-0.236314 0.74375 -0.169284 -0.284375
-0.188703 0.546875 -0.171573 -0.2625
-0.347677 0.634375 -0.165139 -0.328125
-0.507959 0.590625 -0.164239 -0.240625
-0.462965 0.634375 -0.16333 -0.109375
-0.225514 0.590625 -0.16213 -0.196875
-0.103909 0.503125 -0.160058 -0.153125
-0.290649 0.415625 -0.156241 -0.153125
-0.743839 0.415625 -0.1472 -0.284375
-0.863127 0.525 -0.137278 -0.196875
-0.423016 0.6125 -0.13695 -0.196875
0.15402 0.459375 -0.143019 -0.0875
0.324469 0.2625 -0.137749 -0.0875
0.0808896 0.21875 -0.139165 -0.196875
-0.67672 0.371875 -0.129243 0
-1.00431 0.48125 -0.118458 -0.175
-0.846085 0.6125 -0.117258 -0.21875
-0.157536 0.634375 -0.119837 0
0.245055 0.503125 -0.12358 -0.021875
0.254289 0.415625 -0.128486 -0.04375
-0.253574 0.30625 -0.129321 -0.0875
-0.708072 0.371875 -0.120852 -0.21875
-0.785058 0.634375 -0.117036 -0.371875
-0.464309 0.65625 -0.115836 0
-0.139186 0.546875 -0.115508 -0.284375
-0.0616428 0.525 -0.119541 -0.240625
-0.220167 0.48125 -0.120958 -0.284375
-0.409523 0.48125 -0.116269 -0.35
-0.615584 0.56875 -0.115069 -0.240625
-0.411132 0.65625 -0.110089 -0.21875
-0.337513 0.6125 -0.113541 -0.2625
-0.410123 0.6125 -0.111178 -0.30625
-0.499029 0.6125 -0.107361 -0.2625
-0.617867 0.678125 -0.104417 -0.30625
-0.458334 0.678125 -0.107578 -0.175
-0.41334 0.7 -0.104343 -0.2625
-0.251191 0.721875 -0.107504 -0.196875
-0.411473 0.634375 -0.108049 -0.21875
-0.778749 0.721875 -0.110337 -0.2625
-1.10548 0.896875 -0.106521 -0.4375
-0.789516 0.853125 -0.100669 -0.0875
-0.466151 0.809375 -0.106737 -0.109375
-0.0661761 0.74375 -0.115132 -0.196875
-0.13617 0.590625 -0.120037 -0.0875
-0.780099 0.590625 -0.117965 -0.065625
-1.22529 0.765625 -0.112686 -0.0875
-1.04061 1.00625 -0.111486 -0.175
-0.394816 1.07187 -0.117554 -0.065625
0.0676822 0.853125 -0.123913 -0.0875
-0.249891 0.6125 -0.130563 -0.284375
-0.939598 0.74375 -0.126747 -0.065625
-1.22664 0.853125 -0.123502 -0.109375
-0.909821 1.1375 -0.123174 -0.30625
-0.42479 1.07187 -0.129824 -0.109375
-0.184722 0.853125 -0.135602 -0.0875
-0.663061 0.7 -0.138763 -0.021875
-0.901262 0.809375 -0.139008 -0.21875
-0.908179 1.02812 -0.140715 -0.04375
-0.750813 1.00625 -0.13748 -0.240625
-0.6362 0.853125 -0.141513 -0.04375
-0.682803 0.9625 -0.141758 -0.21875
-0.728956 0.940625 -0.142302 -0.04375
-0.644725 0.91875 -0.138195 0
-0.571965 0.896875 -0.146589 -0.065625
-0.528729 0.91875 -0.156719 0
-0.810541 0.896875 -0.151158 -0.196875
-1.22404 0.984375 -0.14705 0
-0.911146 1.1375 -0.14555 -0.2625
-0.6657 1.00625 -0.141152 -0.153125
-0.224281 0.896875 -0.16263 -0.065625
-0.178428 0.765625 -0.168108 -0.21875
-0.618389 0.765625 -0.161384 -0.153125
-1.10764 0.853125 -0.165708 -0.196875
-1.396 1.02812 -0.16508 -0.35
-0.933355 1.24687 -0.156321 -0.04375
-0.291484 1.02812 -0.168786 -0.2625
0.00934889 0.875 -0.179497 -0.065625
-0.309083 0.765625 -0.187891 -0.196875
-1.00055 0.7875 -0.180867 -0.240625
-1.1713 0.984375 -0.176178 -0.328125
-1.17776 1.07187 -0.180502 -0.2625
-0.579504 1.20312 -0.185108 0.065625
-0.1663 1.00625 -0.187978 0.04375
-0.1623 0.765625 -0.194047 -0.284375
-0.732236 0.634375 -0.200997 -0.21875
-0.969987 0.875 -0.20156 -0.240625
-0.973837 1.02812 -0.196008 -0.4375
-0.625323 1.02812 -0.203249 -0.4375
-0.462724 0.984375 -0.205547 -0.240625
-0.460483 0.853125 -0.209008 -0.2625
-0.621623 0.875 -0.214504 -0.240625
-0.652381 0.809375 -0.218837 -0.328125
-0.492398 0.896875 -0.221426 -0.240625
-0.624915 0.809375 -0.219654 -0.459375
-0.788672 0.91875 -0.221661 -0.35
-0.909269 0.91875 -0.222506 -0.30625
-0.866891 0.91875 -0.217826 -0.021875
-0.384927 0.91875 -0.223323 -0.240625
-0.147026 0.809375 -0.2294 -0.196875
-0.259772 0.7 -0.233734 -0.284375
-0.743345 0.74375 -0.231089 -0.284375
-1.02908 0.896875 -0.224956 -0.153125
-1.15184 1.00625 -0.221439 -0.2625
-0.675114 0.91875 -0.223447 -0.240625
-0.159701 0.809375 -0.230397 -0.109375
0.138515 0.7 -0.231241 -0.2625
-0.309442 0.65625 -0.235865 -0.175
-0.823846 0.678125 -0.232349 -0.153125
-1.3131 0.765625 -0.224471 -0.240625
-1.15966 1.05 -0.221826 -0.2625
-0.519098 1.05 -0.216565 -0.13125
-0.118673 0.83125 -0.221771 -0.196875
0.0474007 0.634375 -0.223187 -0.284375
-0.475858 0.6125 -0.225195 -0.21875
-0.829046 0.7 -0.217317 -0.284375
-0.996729 0.853125 -0.212928 -0.13125
-0.809431 0.83125 -0.203306 -0.109375
-0.562226 0.83125 -0.202406 -0.175
-0.356466 0.853125 -0.200634 -0.153125
-0.398694 0.678125 -0.201178 -0.284375
-0.602587 0.7 -0.195045 -0.196875
-0.513982 0.765625 -0.197924 -0.21875
-0.601579 0.74375 -0.193536 -0.240625
-0.514732 0.765625 -0.18653 -0.2625
-0.646798 0.678125 -0.183586 -0.196875
-0.881074 0.74375 -0.177743 -0.21875
-0.723709 0.896875 -0.170737 -0.240625
-0.490183 0.721875 -0.165476 -0.175
-0.192825 0.721875 -0.166893 -0.30625
-0.157584 0.65625 -0.164249 -0.30625
-0.388794 0.6125 -0.155499 -0.13125
-0.800131 0.65625 -0.145876 -0.175
-1.03964 0.7 -0.129558 -0.371875
-0.676139 0.853125 -0.123424 -0.35
-0.347541 0.7 -0.121361 -0.459375
0.2141 0.678125 -0.114347 -0.30625
-0.140543 0.48125 -0.116063 -0.284375
-0.649264 0.4375 -0.10615 -0.0875
-1.10421 0.590625 -0.0950652 -0.109375
-0.741161 0.74375 -0.102015 -0.04375
-0.30105 0.65625 -0.101697 -0.021875
0.0711591 0.503125 -0.112126 -0.04375
-0.127051 0.48125 -0.11646 -0.04375
-0.402321 0.459375 -0.121665 0
-0.798671 0.546875 -0.117558 0
-0.728978 0.721875 -0.120437 -0.30625
-0.73197 0.721875 -0.122726 0.021875
-0.528376 0.765625 -0.122408 0.065625
-0.409838 0.678125 -0.128776 0.021875
-0.363535 0.590625 -0.128158 -0.175
-0.449824 0.590625 -0.13976 0.04375
-0.477965 0.678125 -0.135652 0.0875
-0.479198 0.765625 -0.142021 0.0875
-0.6844 0.65625 -0.138786 0.065625
-0.643331 0.7875 -0.141665 0.0875
-0.807538 0.7 -0.141337 0.109375
-0.531709 0.7875 -0.141019 0.109375
-0.412721 0.7 -0.145924 0.109375
-0.250572 0.65625 -0.15113 -0.196875
-0.320566 0.634375 -0.157199 0.0875
-0.527076 0.65625 -0.153663 -0.196875
-1.01241 0.590625 -0.154471 -0.13125
-1.06163 0.875 -0.151508 -0.2625
-0.788414 0.91875 -0.156104 -0.30625
-0.21792 0.83125 -0.153141 0.109375
-0.00954278 0.65625 -0.164415 -0.284375
-0.253122 0.525 -0.166976 0.065625
-0.780306 0.56875 -0.169537 -0.284375
-1.06604 0.721875 -0.160169 0.065625
-1.18926 0.91875 -0.163021 0.0875
-0.667606 1.11563 -0.159476 0.065625
-0.315167 0.7875 -0.165226 0.065625
-0.149093 0.721875 -0.167497 -0.240625
-0.424363 0.56875 -0.171221 -0.240625
-0.748478 0.65625 -0.169702 0.04375
-0.913544 0.83125 -0.169937 0.04375
-0.960146 0.91875 -0.168137 -0.153125
-0.597096 1.09375 -0.171271 0.021875
-0.50894 0.83125 -0.170052 0.021875
-0.509315 0.83125 -0.171441 -0.328125
-0.553301 0.765625 -0.169641 -0.04375
-0.553676 0.74375 -0.179171 -0.240625
-0.51044 0.678125 -0.179987 -0.021875
-0.554426 0.74375 -0.184293 -0.021875
-0.555659 0.765625 -0.181321 -0.284375
-0.807089 0.765625 -0.180393 -0.240625
-0.810081 0.853125 -0.180037 -0.04375
-0.606937 0.83125 -0.185215 -0.39375
-0.327184 0.765625 -0.181952 -0.153125
-0.163726 0.546875 -0.191782 -0.175
-0.321392 0.48125 -0.193171 -0.30625
-0.760495 0.590625 -0.192243 -0.284375
-0.97093 0.765625 -0.194795 -0.2625
-0.842638 0.809375 -0.19096 -0.2625
-0.447896 0.809375 -0.193511 -0.13125
-0.0783039 0.6125 -0.196654 -0.240625
-0.160668 0.459375 -0.197171 -0.284375
-0.435938 0.546875 -0.207863 -0.153125
-0.877658 0.6125 -0.197923 -0.13125
-0.881958 0.74375 -0.200474 -0.196875
-0.680122 0.721875 -0.194895 -0.21875
-0.284072 0.7 -0.198028 -0.284375
-0.0307761 0.590625 -0.202034 -0.328125
-0.318825 0.371875 -0.205758 -0.284375
-0.551793 0.525 -0.205402 -0.196875
-0.669772 0.590625 -0.20273 -0.21875
-0.715067 0.590625 -0.198886 -0.196875
-0.481541 0.678125 -0.203182 -0.240625
-0.274472 0.634375 -0.20051 -0.153125
-0.388527 0.546875 -0.199282 -0.240625
-0.505198 0.56875 -0.197182 -0.2625
-0.504265 0.546875 -0.198289 -0.196875
-0.385727 0.6125 -0.193573 -0.196875
-0.31035 0.546875 -0.194089 -0.109375
-0.380794 0.590625 -0.185311 -0.153125
-0.468391 0.6125 -0.184956 -0.153125
-0.659056 0.56875 -0.181402 -0.240625
-0.660739 0.6125 -0.172324 -0.153125
-0.425905 0.6125 -0.16878 -0.175
0.016373 0.56875 -0.167552 -0.153125
-0.0501456 0.459375 -0.168069 -0.0875
-0.325416 0.4375 -0.161608 -0.13125
-0.691834 0.48125 -0.151958 -0.175
-0.856041 0.590625 -0.14288 -0.284375
-0.696059 0.721875 -0.137291 -0.196875
-0.167867 0.74375 -0.130539 -0.109375
-0.0877067 0.48125 -0.131356 -0.2625
-0.127768 0.56875 -0.129256 -0.153125
-0.445341 0.56875 -0.121632 -0.371875
-0.769456 0.65625 -0.116043 -0.2625
-0.682609 0.765625 -0.109582 -0.328125
-0.405471 0.7 -0.109226 -0.371875
-0.153484 0.765625 -0.102484 -0.153125
-0.120859 0.590625 -0.103873 -0.284375
-0.352519 0.6125 -0.1009 -0.328125
-0.557721 0.546875 -0.103452 -0.371875
-0.630331 0.721875 -0.0967004 0.153125
-0.440416 0.6125 -0.0969263 -0.503125
-0.350952 0.634375 -0.0991874 -0.175
-0.34871 0.65625 -0.0979596 -0.240625
-0.46669 0.65625 -0.0993485 -0.284375
-0.597898 0.6125 -0.100165 0.175
-0.511051 0.678125 -0.100682 0.153125
-0.437433 0.634375 -0.103815 0.175
-0.303049 0.7875 -0.108984 0.109375
-0.389338 0.721875 -0.1095 -0.196875
-0.623614 0.525 -0.1077 0.13125
-0.786063 0.6125 -0.104156 0.153125
-0.627839 0.721875 -0.108761 0.13125
-0.394313 0.634375 -0.106961 0.109375
-0.113251 0.7 -0.110395 0.153125
-0.225997 0.546875 -0.114991 0.0875
-0.590657 0.546875 -0.112319 0.109375
-0.828858 0.678125 -0.109074 0.0875
-0.759164 0.721875 -0.107274 -0.04375
-0.556021 0.765625 -0.104602 0.065625
-0.232656 0.6125 -0.101058 0.04375
-0.141884 0.525 -0.103619 -0.0875
-0.299099 0.65625 -0.103563 0
-0.621906 0.546875 -0.101191 -0.153125
-0.754422 0.6125 -0.0976467 -0.21875
-0.713803 0.721875 -0.0941022 -0.196875
-0.391746 0.7 -0.0931744 -0.240625
-0.273209 0.56875 -0.088467 -0.196875
-0.225597 0.56875 -0.0892837 -0.0875
-0.458565 0.503125 -0.0909726 -0.175
-0.45894 0.503125 -0.0874281 -0.175
-0.545229 0.546875 -0.0862096 -0.196875
-0.457073 0.546875 -0.0878985 -0.175
-0.267159 0.56875 -0.0858078 -0.175
-0.382521 0.546875 -0.0892411 -0.109375
-0.426058 0.546875 -0.0912207 -0.153125
-0.542729 0.56875 -0.0926189 -0.065625
-0.543104 0.590625 -0.0943078 -0.153125
-0.293733 0.590625 -0.0997763 -0.109375
-0.261109 0.546875 -0.09943 -0.065625
-0.287941 0.546875 -0.10548 -0.065625
-0.579915 0.546875 -0.111821 -0.0875
-0.655592 0.6125 -0.10973 -0.196875
-0.613664 0.634375 -0.108802 -0.0875
-0.37883 0.7 -0.114852 -0.153125
-0.171761 0.65625 -0.12003 -0.175
-0.211822 0.503125 -0.118811 -0.153125
-0.533321 0.56875 -0.122536 -0.153125
-0.652159 0.678125 -0.121608 -0.175
-0.742372 0.634375 -0.124169 -0.175
-0.539229 0.7 -0.127602 -0.13125
-0.259475 0.6125 -0.13278 -0.175
-0.0960178 0.56875 -0.137086 -0.0875
-0.254992 0.634375 -0.141391 -0.0875
-0.649175 0.4375 -0.140163 -0.0875
-0.738939 0.634375 -0.142724 0.065625
-0.652092 0.765625 -0.146158 -0.153125
-0.419874 0.7 -0.146102 -0.175
-0.370096 0.56875 -0.153897 -0.196875
-0.324244 0.525 -0.153841 -0.13125
-0.644434 0.546875 -0.159591 -0.109375
-0.602506 0.74375 -0.16128 -0.153125
-0.442523 0.6125 -0.161224 -0.196875
-0.442898 0.7 -0.16553 -0.153125
-0.574107 0.56875 -0.166347 -0.153125
-0.649784 0.634375 -0.168608 -0.2625
-0.741306 0.7875 -0.168552 -0.196875
-0.654459 0.74375 -0.169369 -0.0875
-0.494926 0.74375 -0.173674 -0.2625
-0.332777 0.678125 -0.174191 -0.0875
-0.491301 0.7 -0.180241 -0.13125
-0.741422 0.7875 -0.175534 -0.2625
-0.979623 0.809375 -0.174606 -0.2625
-0.780405 0.875 -0.17803 -0.13125
-0.620872 0.875 -0.173323 -0.153125
-0.298816 0.809375 -0.179373 -0.2625
-0.341494 0.678125 -0.182506 -0.328125
-0.70922 0.721875 -0.186811 -0.065625
-0.917896 0.83125 -0.189663 -0.21875
-0.951271 0.940625 -0.180004 -0.21875
-0.602757 1.02812 -0.19245 -0.240625
-0.350769 1.02812 -0.199373 -0.196875
-0.46744 0.7875 -0.19233 -0.065625
-0.835166 0.7875 -0.205358 -0.196875
-1.0456 0.9625 -0.205302 -0.065625
-1.0076 1.05 -0.204656 -0.175
-0.613715 1.07187 -0.198786 -0.065625
-0.526868 0.940625 -0.214139 -0.04375
-0.454558 0.91875 -0.217845 -0.39375
-0.93858 0.809375 -0.207286 -0.04375
-1.01687 0.984375 -0.211854 -0.2625
-0.816796 1.07187 -0.217867 -0.35
-0.497357 1.00625 -0.217484 -0.04375
-0.586262 0.875 -0.22525 -0.21875
-0.821846 0.83125 -0.215563 -0.175
-1.03228 0.7 -0.225356 -0.04375
-0.965205 1.09375 -0.227308 -0.21875
-0.600846 1.02812 -0.219074 -0.21875
-0.396394 0.940625 -0.2341 -0.21875
-0.439071 0.853125 -0.231982 -0.0875
-0.92571 0.896875 -0.226074 -0.30625
-1.16698 0.875 -0.226854 -0.459375
-1.0999 1.1375 -0.224726 -0.371875
-0.530715 1.20312 -0.231621 -0.21875
-0.175659 0.9625 -0.246356 -0.21875
-0.40601 0.809375 -0.251206 -0.21875
-0.93626 0.896875 -0.251113 -0.196875
-1.4559 1.07187 -0.246669 -0.328125
-1.11393 1.29062 -0.245413 -0.196875
-0.676882 1.09375 -0.248228 -0.175
-0.147382 1.02812 -0.254823 -0.109375
-0.260128 0.7875 -0.257928 -0.284375
-0.833131 0.7875 -0.262497 -0.328125
-1.16248 1.02812 -0.249321 -0.284375
-1.19847 1.09375 -0.250973 -0.30625
-0.602826 1.1375 -0.25495 -0.30625
-0.205468 0.940625 -0.260673 -0.284375
-0.392208 0.74375 -0.263778 -0.2625
-0.715014 0.765625 -0.262823 -0.371875
-1.33379 0.896875 -0.265347 -0.153125
-1.01828 1.15938 -0.265836 -0.35
-0.566698 1.07187 -0.270104 -0.21875
-0.124421 0.896875 -0.270302 -0.240625
-0.325697 0.7 -0.276024 -0.35
-0.884163 0.74375 -0.273897 -0.328125
-1.25581 0.9625 -0.267408 -0.284375
-1.0579 1.05 -0.266152 -0.328125
-0.458335 1.00625 -0.275082 -0.196875
0.072473 0.896875 -0.279932 -0.39375
-0.169798 0.83125 -0.281293 -0.30625
-0.887721 0.678125 -0.279456 -0.371875
-1.34921 0.809375 -0.271223 -0.39375
-1.19622 1.02812 -0.269095 -0.240625
-0.50943 0.984375 -0.269584 -0.39375
0.227514 0.809375 -0.277341 -0.371875
0.147766 0.590625 -0.280447 -0.39375
-0.698373 0.56875 -0.276574 -0.39375
-1.26076 0.74375 -0.270958 -0.35
-1.50289 0.91875 -0.260108 -0.30625
-0.746031 1.00625 -0.260597 -0.35
-0.0249326 0.83125 -0.265737 -0.2625
0.188678 0.6125 -0.268843 -0.196875
-0.331106 0.525 -0.266715 -0.04375
-0.932733 0.6125 -0.258482 -0.13125
-1.25946 0.765625 -0.253156 -0.196875
-0.663821 0.9625 -0.248984 -0.30625
-0.134321 0.7 -0.2486 -0.328125
0.0779813 0.590625 -0.251997 -0.328125
-0.209209 0.525 -0.246961 -0.371875
-0.80822 0.503125 -0.239891 -0.328125
-0.929266 0.56875 -0.229913 -0.175
-0.563598 0.7 -0.226041 -0.21875
0.0412035 0.56875 -0.225658 -0.328125
0.209894 0.48125 -0.226437 -0.284375
-0.105062 0.371875 -0.22431 -0.30625
-0.747684 0.39375 -0.214032 -0.2625
-0.913199 0.48125 -0.197658 -0.196875
-0.589834 0.6125 -0.19146 -0.21875
0.132572 0.546875 -0.192821 -0.328125
0.276114 0.240625 -0.186041 -0.21875
-0.0375344 0.175 -0.180424 -0.21875
-0.723767 0.328125 -0.170147 -0.30625
-0.815289 0.371875 -0.153773 -0.240625
-0.449621 0.4375 -0.150773 -0.328125
0.130031 0.525 -0.150099 -0.240625
0.330413 0.39375 -0.148552 -0.153125
-0.0140678 0.328125 -0.144961 -0.371875
-0.539084 0.35 -0.142834 -0.240625
-0.863199 0.415625 -0.133728 -0.0875
-0.49884 0.48125 -0.132182 -0.30625
-0.0552539 0.459375 -0.134115 -0.2625
0.229733 0.328125 -0.142454 -0.35
0.00330722 0.30625 -0.144687 -0.240625
-0.404105 0.284375 -0.144004 -0.2625
-0.770522 0.4375 -0.142749 -0.30625
-0.641372 0.546875 -0.1435 -0.240625
-0.244014 0.6125 -0.142799 0.04375
-0.0334706 0.503125 -0.148193 -0.21875
-0.117143 0.525 -0.147782 0.04375
-0.465098 0.503125 -0.147371 -0.175
-0.832824 0.590625 -0.142299 -0.21875
-0.6746 0.65625 -0.143632 -0.284375
-0.306766 0.30625 -0.142349 0.04375
-0.0230872 0.546875 -0.146871 -0.240625
-0.105451 0.48125 -0.149949 -0.240625
-0.383338 0.525 -0.144886 -0.240625
-0.984965 0.525 -0.138069 -0.2625
-0.828499 0.678125 -0.142019 0.04375
-0.462832 0.6125 -0.136084 -0.196875
-0.107776 0.6125 -0.143223 -0.065625
0.0292239 0.459375 -0.148917 -0.196875
-0.421799 0.459375 -0.155774 -0.196875
-0.819049 0.56875 -0.143143 -0.284375
-0.983257 0.7 -0.146511 -0.2625
-0.45899 0.765625 -0.150161 -0.065625
-0.102626 0.74375 -0.155856 -0.2625
-0.256367 0.503125 -0.16533 -0.284375
-0.651 0.56875 -0.15706 -0.175
-1.02003 0.7875 -0.156067 -0.2625
-0.819508 0.875 -0.162624 0.21875
-0.498759 0.83125 -0.163667 -0.153125
-0.131784 0.809375 -0.171969 -0.196875
-0.291208 0.634375 -0.166034 -0.284375
-0.701236 0.525 -0.172591 0.0875
-0.911671 0.721875 -0.169563 -0.196875
-0.78383 0.809375 -0.165073 -0.2625
-0.46439 0.853125 -0.171058 0.109375
-0.271859 0.7 -0.17558 -0.175
-0.431283 0.721875 -0.17575 -0.196875
-0.756706 0.74375 -0.173295 -0.196875
-0.951296 0.83125 -0.173174 -0.153125
-0.79438 0.853125 -0.172173 -0.2625
-0.443249 0.7875 -0.17903 0.021875
-0.119884 0.7 -0.174249 0.021875
-0.351994 0.6125 -0.181978 0.021875
-0.836016 0.853125 -0.171963 -0.196875
-1.16406 0.765625 -0.17475 0.021875
-0.935763 0.940625 -0.18218 0.021875
-0.322966 0.853125 -0.184086 -0.2625
0.00301556 0.7 -0.183965 -0.175
-0.152034 0.6125 -0.186743 -0.0875
-0.723728 0.56875 -0.195345 -0.175
-1.32928 0.74375 -0.191145 -0.13125
-1.01507 1.15938 -0.190724 -0.21875
-0.460424 0.875 -0.193511 0
0.157606 0.765625 -0.202686 -0.21875
0.00386556 0.503125 -0.209252 0
-0.521151 0.525 -0.208541 -0.153125
-1.00955 0.678125 -0.206958 0
-0.970237 0.74375 -0.194626 -0.153125
-0.456583 0.809375 -0.210197 0.065625
0.000232222 0.678125 -0.215591 0.021875
0.035473 0.525 -0.214889 0
-0.475007 0.30625 -0.220574 -0.284375
-0.886344 0.634375 -0.213467 -0.021875
-0.933396 0.74375 -0.220024 -0.04375
-0.405205 0.83125 -0.223974 -0.39375
0.00799889 0.678125 -0.2221 -0.459375
-0.116668 0.546875 -0.233891 -0.021875
-0.627147 0.48125 -0.23318 -0.065625
-0.834966 0.634375 -0.234513 -0.065625
-0.674125 0.7875 -0.23293 -0.04375
-0.115551 0.65625 -0.234545 -0.328125
0.0513813 0.525 -0.247499 -0.328125
-0.266192 0.525 -0.246797 -0.196875
-0.77798 0.503125 -0.238817 -0.240625
-0.825891 0.7 -0.244502 -0.0875
-0.506451 0.6125 -0.240302 -0.240625
-0.106476 0.590625 -0.248613 -0.240625
0.0609063 0.525 -0.257787 -0.13125
-0.127142 0.415625 -0.253297 -0.2625
-0.769763 0.503125 -0.250841 -0.13125
-0.861735 0.48125 -0.249549 -0.240625
-0.613672 0.7 -0.247674 -0.328125
0.0664313 0.65625 -0.256849 -0.109375
-0.00139556 0.525 -0.259326 -0.2625
-0.320277 0.459375 -0.26006 -0.13125
-0.760688 0.196875 -0.256432 -0.196875
-0.805983 0.590625 -0.25106 -0.196875
-0.485684 0.678125 -0.251793 -0.153125
-0.114784 0.503125 -0.252526 -0.21875
-0.0821594 0.503125 -0.258784 -0.371875
-0.431423 0.415625 -0.250804 -0.328125
-0.799149 0.48125 -0.250084 -0.39375
-0.75853 0.546875 -0.242676 -0.2625
-0.436473 0.546875 -0.244573 -0.2625
-0.113109 0.546875 -0.243561 -0.109375
-0.271224 0.503125 -0.243423 -0.2625
-0.521346 0.525 -0.240667 -0.2625
-0.758238 0.546875 -0.231806 -0.328125
-0.76123 0.6125 -0.22905 -0.284375
-0.44179 0.6125 -0.226295 -0.284375
-0.160728 0.546875 -0.2279 -0.284375
-0.158486 0.525 -0.2234 -0.328125
-0.567207 0.459375 -0.225006 -0.371875
-0.923462 0.546875 -0.216145 -0.284375
-0.855077 0.721875 -0.210773 -0.284375
-0.492026 0.7 -0.206273 -0.284375
-0.12505 0.634375 -0.207878 -0.2625
-0.208722 0.6125 -0.205995 -0.240625
-0.573832 0.590625 -0.203239 -0.415625
-1.05916 0.65625 -0.192634 -0.284375
-0.858635 0.875 -0.186389 -0.175
-0.329135 0.875 -0.187995 -0.284375
-0.0890678 0.896875 -0.188728 -0.284375
-0.478468 0.65625 -0.186845 -0.4375
-0.891113 0.65625 -0.179728 -0.2625
-0.924487 0.875 -0.174356 -0.284375
-0.486134 0.9625 -0.169856 -0.284375
-0.203764 0.83125 -0.172334 -0.284375
-0.432807 0.6125 -0.169578 -0.284375
-0.797916 0.678125 -0.162743 -0.240625
-0.726914 0.7875 -0.158534 -0.065625
-0.477543 0.853125 -0.15636 -0.35
-0.401308 0.765625 -0.156511 -0.284375
-0.634275 0.678125 -0.150849 -0.2625
-0.723181 0.765625 -0.147221 -0.196875
-0.474259 0.7875 -0.147373 -0.2625
-0.264574 0.525 -0.14955 -0.2625
-0.393166 0.74375 -0.142434 -0.2625
-0.87588 0.721875 -0.137934 -0.459375
-0.83526 0.7875 -0.13605 -0.21875
-0.555507 0.984375 -0.129806 -0.175
-0.0656928 0.503125 -0.132284 0.30625
-0.219434 0.678125 -0.131845 -0.2625
-0.731221 0.853125 -0.123856 -0.153125
-0.940348 0.853125 -0.114995 -0.175
-0.618292 0.984375 -0.112239 -0.175
-0.128478 0.7875 -0.1121 -0.109375
-0.164614 0.65625 -0.111661 -0.109375
-0.599792 0.7 -0.109197 -0.153125
-0.71908 0.634375 -0.0983004 -0.328125
-0.484246 0.678125 -0.0955448 0.153125
-0.318621 0.91875 -0.0951059 -0.109375
-0.357374 0.65625 -0.0932226 -0.13125
-0.516348 0.39375 -0.0869781 -0.13125
-0.467879 0.56875 -0.0830504 0.13125
-0.256885 0.56875 -0.0837837 -0.153125
-0.413243 0.56875 -0.0810281 0.13125
-0.662056 0.503125 -0.0739115 -0.175
-0.617511 0.83125 -0.0705652 0.065625
-0.249227 0.634375 -0.0678096 0.065625
0.039685 0.6125 -0.0758115 -0.13125
-0.275271 0.371875 -0.0698485 0.065625
-0.670763 0.459375 -0.0679652 0.021875
-0.671138 0.56875 -0.06143 0.065625
-0.349082 0.56875 -0.0647707 -0.196875
0.05351 0.39375 -0.0663763 -0.13125
-0.0976141 0.371875 -0.0691356 0.04375
-0.531484 0.30625 -0.0678244 -0.109375
-0.578086 0.546875 -0.0656133 -0.35
-0.491239 0.590625 -0.0619578 -0.35
-0.211935 0.459375 -0.0632356 -0.196875
-0.137009 0.371875 -0.0639411 -0.196875
-0.294674 0.35 -0.0608578 -0.13125
-0.366426 0.35 -0.06388 -0.13125
-0.294116 0.35 -0.0610967 -0.153125
-0.248263 0.284375 -0.0649911 -0.196875
-0.160108 0.415625 -0.06308 -0.13125
-0.407612 0.328125 -0.0617411 -0.109375
-0.481981 0.371875 -0.0522615 -0.13125
-0.482806 0.4375 -0.0538393 -0.04375
-0.410496 0.196875 -0.0588967 -0.0875
-0.202119 0.4375 -0.0604744 -0.04375
-0.0835807 0.39375 -0.0634967 -0.109375
-0.154024 0.371875 -0.0656467 -0.04375
-0.520442 0.371875 -0.0619911 -0.196875
-0.729569 0.4375 -0.0516393 -0.109375
-0.572653 0.39375 -0.0494281 -0.065625
-0.294208 0.546875 -0.0483893 -0.0875
-0.0845224 0.459375 -0.0557726 -0.153125
-0.126342 0.415625 -0.0553059 -0.0875
-0.476914 0.371875 -0.0577467 -0.021875
-0.770646 0.721875 -0.0540911 -0.0875
-0.607189 0.2625 -0.0562411 -0.0875
-0.241521 0.6125 -0.0583911 -0.0875
-0.282891 0.56875 -0.0535726 -0.04375
-0.440557 0.7 -0.0595022 0
-0.631221 0.525 -0.0599078 -0.0875
-0.561528 0.634375 -0.0585689 -0.175
-0.606822 0.7 -0.0528781 -0.240625
-0.477672 0.765625 -0.0489226 -0.175
-0.611497 0.765625 -0.0536893 -0.13125
-0.643563 0.74375 -0.0413022 -0.109375
-0.530259 0.765625 -0.0408356 -0.196875
-0.371176 0.7 -0.0424133 -0.04375
-0.460082 0.590625 -0.0486337 -0.0875
-0.653363 0.65625 -0.0507837 -0.0875
-0.949712 0.7875 -0.0477004 -0.0875
-0.870715 0.896875 -0.0353133 -0.109375
-0.671496 0.875 -0.0400893 -0.04375
-0.510656 0.83125 -0.0372967 -0.04375
-0.438346 0.809375 -0.0397374 -0.04375
-0.514022 0.765625 -0.03898 -0.065625
-0.810371 0.7875 -0.0376411 -0.0875
-0.978504 0.91875 -0.0336856 -0.065625
-0.690755 0.940625 -0.0340911 -0.04375
-0.576142 1.02812 -0.0347967 -0.196875
-0.576517 0.853125 -0.0369467 0.021875
-0.740724 0.809375 -0.0356078 0.04375
-0.746333 0.896875 -0.0400837 0.04375
-0.913157 0.83125 -0.0320578 0.021875
-0.844771 0.984375 -0.041767 -0.021875
-0.85038 0.91875 -0.02938 0
-0.767458 1.00625 -0.0289133 -0.021875
-0.85898 0.940625 -0.0284467 -0.021875
-0.820977 0.984375 -0.0372837 -0.04375
-0.780358 1.00625 -0.0266411 0
-0.828269 1.00625 -0.0253022 -0.04375
-0.716272 1.07187 -0.0251356 -0.04375
-0.883096 0.940625 -0.0229244 -0.04375
-0.890013 1.05 -0.0256559 -0.04375
-1.12952 1.02812 -0.01763 -0.04375
-0.741322 1.225 -0.0165911 -0.04375
-0.655784 1.05 -0.0181596 0
-0.584782 0.9625 -0.0182744 -0.021875
-0.778063 0.940625 -0.0291467 -0.109375
-1.03211 1.02812 -0.0150244 -0.021875
-1.27293 1.29062 -0.0119411 0.284375
-0.957412 1.35625 -0.0181615 0.2625
-0.608898 1.15938 -0.0127522 0.371875
-0.448058 0.984375 -0.0157744 -0.109375
-0.609648 0.91875 -0.01648 0.35
-0.965454 0.940625 -0.0142689 0.065625
-1.10451 1.33438 -0.0111856 -0.153125
-0.977979 1.24687 -0.0208948 0.328125
-0.74707 1.18125 -0.0111244 -0.04375
-0.542618 1.11563 -0.0161819 0.2625
-0.630215 0.853125 -0.0157244 -0.153125
-0.82088 0.940625 -0.0170022 -0.065625
-0.912402 1.15938 -0.0232226 -0.04375
-0.797339 1.33438 -0.0160689 -0.065625
-0.666881 1.05 -0.0182189 0.39375
-0.75317 0.940625 -0.0212411 -0.153125
-0.753545 1.00625 -0.0300781 -0.065625
-0.664081 0.984375 -0.0255411 -0.04375
-0.500623 0.65625 -0.0303078 -0.021875
-0.662214 0.809375 -0.0359559 -0.021875
-0.826421 0.875 -0.0296744 -0.0875
-0.961555 0.91875 -0.0358948 -0.04375
-0.761028 0.9625 -0.0287411 0.021875
-0.353058 0.875 -0.0337985 -0.0875
-0.320434 0.74375 -0.0356578 0.021875
-0.511098 0.721875 -0.0372263 -0.065625
-0.806139 0.765625 -0.0355967 -0.065625
-1.0452 0.853125 -0.041817 -0.065625
-0.815597 1.02812 -0.0329189 -0.065625
-0.525232 0.9625 -0.0452448 -0.021875
-0.241553 0.7875 -0.04158 -0.04375
-0.486441 0.765625 -0.050417 -0.021875
-0.64934 0.765625 -0.0441356 -0.021875
-1.00253 0.765625 -0.0436689 -0.065625
-0.816539 0.984375 -0.0440744 -0.065625
-0.569784 0.896875 -0.0564004 -0.04375
-0.407635 0.83125 -0.0483744 -0.04375
-0.361783 0.83125 -0.0522689 -0.065625
-0.566534 0.7 -0.0526744 -0.065625
-0.728125 0.721875 -0.0577319 -0.021875
-0.614821 0.896875 -0.0601726 -0.065625
-0.525357 0.853125 -0.0556356 -0.153125
-0.517882 0.7875 -0.0650541 0.065625
-0.602862 0.590625 -0.0724281 -0.175
-0.64554 0.7875 -0.0754504 -0.065625
-0.482083 0.809375 -0.0700411 -0.021875
-0.347249 0.7875 -0.0736356 0.109375
-0.471916 0.721875 -0.0838893 -0.109375
-0.704884 0.7 -0.0877559 -0.109375
-0.74887 0.765625 -0.0773763 -0.0875
-0.496882 0.853125 -0.0792078 0.0875
-0.139209 0.74375 -0.0868541 -0.065625
-0.290334 0.65625 -0.101469 -0.0875
-0.565604 0.678125 -0.098067 0.13125
-0.844799 0.7875 -0.0984448 -0.175
-0.683959 0.7875 -0.0869022 -0.065625
-0.397663 0.65625 -0.0930856 -0.240625
-0.277817 0.6125 -0.0963707 -0.0875
-0.34826 0.590625 -0.10111 -0.13125
-0.509851 0.634375 -0.0950911 -0.0875
-0.553837 0.6125 -0.106508 -0.153125
-0.597823 0.525 -0.107758 -0.13125
-0.510976 0.678125 -0.09418 -0.13125
-0.349685 0.6125 -0.09543 -0.153125
-0.508659 0.56875 -0.108591 -0.065625
-0.510343 0.7 -0.106061 -0.153125
-0.509409 0.6125 -0.102078 -0.109375
-0.39218 0.634375 -0.103028 -0.04375
-0.347635 0.590625 -0.104278 -0.065625
-0.391621 0.590625 -0.101749 -0.153125
-0.6682 0.7875 -0.0989189 -0.240625
-0.754489 0.7 -0.100169 -0.175
-0.503809 0.721875 -0.104036 -0.0875
-0.292366 0.678125 -0.109347 0.153125
-0.373421 0.590625 -0.114958 -0.2625
-0.693611 0.634375 -0.115036 -0.240625
-0.929196 0.74375 -0.114541 -0.328125
-0.65075 0.875 -0.117536 -0.109375
-0.253392 1.00625 -0.121102 -0.0875
-0.274991 0.65625 -0.127586 -0.109375
-0.566107 0.634375 -0.128536 -0.284375
-0.845302 0.65625 -0.128041 -0.175
-0.68532 0.83125 -0.129291 -0.175
-0.524479 0.765625 -0.131113 -0.153125
-0.403324 0.7 -0.13498 -0.065625
