angle_1_e angle_1_t d_theta_1_t angle_2_e angle_2_t d_theta_2_t
-1.2963 -1.29839 0 2.39752 2.37503 0
-1.29616 -1.29839 0 2.39732 2.37503 0
-1.29602 -1.29839 0 2.39711 2.37503 0
-1.29588 -1.29839 0 2.3969 2.37503 0
-1.29574 -1.29839 0 2.3967 2.37509 -0.0610556
-1.29559 -1.29839 0 2.39649 2.37515 -0.0697778
-1.29545 -1.29839 0 2.39629 2.37524 -0.0552407
-1.29531 -1.29839 0 2.39608 2.37535 -0.0785
-1.29517 -1.29836 0.0232593 2.39587 2.37544 -0.0785
-1.29503 -1.29836 0 2.39567 2.37558 -0.101759
-1.29489 -1.29836 0 2.39546 2.37576 -0.119204
-1.29475 -1.29836 0 2.39526 2.37599 -0.125019
-1.29461 -1.2983 0.00581481 2.39505 2.37617 -0.151185
-1.29447 -1.29827 0 2.39484 2.3764 -0.142463
-1.29433 -1.29827 0 2.39464 2.37666 -0.125019
-1.29418 -1.29822 0 2.39443 2.37683 -0.142463
-1.29404 -1.29819 0 2.39422 2.37707 -0.151185
-1.2939 -1.29816 0.0552407 2.39402 2.37724 -0.142463
-1.29376 -1.29807 0 2.39381 2.37739 -0.133741
-1.29362 -1.29804 0 2.39361 2.37753 -0.110481
-1.29348 -1.29795 0.0552407 2.3934 2.37759 -0.110481
-1.29334 -1.2979 0.0232593 2.39319 2.37765 -0.101759
-1.2932 -1.29781 0.0610556 2.39299 2.37768 -0.0552407
-1.29306 -1.29775 0.0697778 2.39278 2.37771 -0.0377963
-1.29292 -1.29763 0.0697778 2.39258 2.37765 -0.0610556
-1.29278 -1.29755 0.0552407 2.39237 2.37759 0
-1.29264 -1.29743 0.0785 2.39216 2.3775 0
-1.2925 -1.29734 0.0785 2.39196 2.37742 0
-1.29235 -1.29723 0.0610556 2.39175 2.3773 0
-1.29221 -1.29711 0.0552407 2.39154 2.37718 0
-1.29207 -1.29696 0.0872222 2.39134 2.37704 0
-1.29193 -1.29679 0.0785 2.39113 2.37686 0
-1.29179 -1.29667 0.0232593 2.39093 2.37675 0
-1.29172 -1.29659 0.0552407 2.3907 2.37669 0
-1.29165 -1.29644 0.0610556 2.39047 2.37657 -0.0377963
-1.29159 -1.29633 0.0785 2.39024 2.37646 0
-1.29152 -1.29624 0.0552407 2.39001 2.37637 0
-1.29146 -1.29615 0.0377963 2.38978 2.37631 -0.0377963
-1.2914 -1.29606 0.0785 2.38955 2.37622 0
-1.29133 -1.29598 0.0785 2.38933 2.37617 -0.0465185
-1.29127 -1.29589 0.0697778 2.3891 2.37611 0
-1.2912 -1.29583 0.0465185 2.38887 2.37605 0
-1.29114 -1.29577 0.0232593 2.38864 2.37605 0
-1.29108 -1.29569 0.0377963 2.38841 2.37599 -0.014537
-1.29101 -1.29563 0.0290741 2.38818 2.37596 -0.0232593
-1.29095 -1.29554 0.0610556 2.38795 2.3759 0
-1.29088 -1.29548 0.0552407 2.38772 2.37587 -0.0290741
-1.29082 -1.29542 0.0290741 2.38749 2.37587 -0.0610556
-1.29075 -1.29537 0.00581481 2.38726 2.37585 -0.0552407
-1.29069 -1.29531 0 2.38704 2.37582 0
-1.29062 -1.29528 0.0232593 2.38681 2.37579 0
-1.29056 -1.29519 0.0232593 2.38658 2.37573 -0.0377963
-1.29049 -1.29516 0.0232593 2.38635 2.3757 0
-1.29043 -1.29513 0.0377963 2.38612 2.37567 0
-1.29037 -1.2951 0.0232593 2.38589 2.37564 0
-1.2903 -1.29505 0.0465185 2.38566 2.37558 0
-1.29024 -1.29502 0.0290741 2.38543 2.37555 0
-1.29017 -1.29499 0 2.3852 2.37553 0
-1.29011 -1.29496 0 2.38497 2.3755 0
-1.29004 -1.29496 0 2.38474 2.3755 0
-1.28998 -1.2949 0.0610556 2.38451 2.37544 0
-1.28991 -1.29487 0.00581481 2.38429 2.37541 0
-1.28985 -1.29487 0.0232593 2.38406 2.37541 0
-1.28978 -1.29484 0 2.38383 2.37538 0
-1.28972 -1.29484 0 2.3836 2.37538 0
-1.28965 -1.29484 0 2.38337 2.37538 0
-1.28959 -1.29481 0.0377963 2.38314 2.37535 0
-1.28952 -1.29478 0.0290741 2.38291 2.37532 0
-1.28946 -1.29478 0 2.38268 2.37532 0
-1.28939 -1.29478 0 2.38245 2.37532 0
-1.28933 -1.29478 0 2.38222 2.37532 0
-1.28926 -1.29473 0.0232593 2.38199 2.37526 0
-1.2892 -1.29473 0 2.38176 2.37526 0
-1.28913 -1.2947 0.0377963 2.38154 2.37524 0
-1.28907 -1.2947 0 2.38131 2.37524 0
-1.289 -1.2947 0 2.38108 2.37524 0
-1.28894 -1.2947 0 2.38085 2.37524 0
-1.28887 -1.2947 0 2.38062 2.37524 0
-1.28881 -1.29467 0.0552407 2.38039 2.37521 0
-1.28874 -1.29467 0 2.38016 2.37521 0
-1.28868 -1.29467 0 2.37993 2.37521 0
-1.28861 -1.29467 0 2.3797 2.37521 0
-1.28854 -1.29467 0 2.37947 2.37521 0
-1.28848 -1.29464 0.00581481 2.37924 2.37518 0
-1.28841 -1.29461 0.0610556 2.37901 2.37515 0
-1.28835 -1.29461 0 2.37878 2.37515 0
-1.28828 -1.29458 0.0552407 2.37855 2.37512 0
-1.28822 -1.29458 0 2.37833 2.37512 0
-1.28816 -1.29458 0 2.37809 2.37512 0
-1.28813 -1.29458 0 2.37785 2.37512 0
-1.2881 -1.29455 0.0465185 2.37761 2.37509 0
-1.28807 -1.29452 0.0377963 2.37737 2.37506 0
-1.28804 -1.29449 0.0377963 2.37713 2.37503 0
-1.28801 -1.29449 0 2.37689 2.37503 0
-1.28799 -1.29446 0 2.37665 2.375 0
-1.28796 -1.29446 0 2.37641 2.37497 0.0377963
-1.28793 -1.29441 0 2.37617 2.37492 0
-1.2879 -1.29438 0 2.37593 2.37489 0
-1.28787 -1.29438 0 2.37569 2.37489 0
-1.28784 -1.29435 0 2.37545 2.37486 0
-1.28781 -1.29432 0.0610556 2.37521 2.37483 0
-1.28778 -1.29429 0 2.37497 2.3748 0
-1.28775 -1.29429 0 2.37473 2.3748 0
-1.28772 -1.29429 0 2.37449 2.3748 0
-1.28769 -1.29426 0.0232593 2.37425 2.37477 0
-1.28766 -1.2942 0.0610556 2.37401 2.37471 0
-1.28763 -1.29417 0 2.37377 2.37468 0
-1.2876 -1.29417 0 2.37353 2.37468 0
-1.28757 -1.29417 0 2.37329 2.37468 0
-1.28754 -1.29409 0.0232593 2.37305 2.3746 0
-1.28751 -1.29406 0.0465185 2.3728 2.37457 0
-1.28748 -1.294 0.0552407 2.37256 2.37451 0
-1.28745 -1.294 0 2.37232 2.37451 0
-1.28742 -1.29397 0 2.37208 2.37448 0
-1.28738 -1.29397 0 2.37184 2.37448 0
-1.28735 -1.29394 0 2.3716 2.37445 0
-1.28732 -1.29388 0.0697778 2.37136 2.37439 0
-1.28729 -1.29385 0 2.37112 2.37436 0
-1.28726 -1.29382 0.0377963 2.37088 2.37433 0
-1.28723 -1.29382 0 2.37064 2.37433 0
-1.2872 -1.29377 0.00581481 2.3704 2.37428 0
-1.28717 -1.29374 0 2.37016 2.37425 0
-1.28714 -1.29371 0 2.36992 2.37422 0
-1.28711 -1.29368 0.0232593 2.36968 2.37419 0
-1.28708 -1.29362 0 2.36944 2.37413 0
-1.28705 -1.29359 0.0465185 2.3692 2.3741 0
-1.28701 -1.29353 0.0377963 2.36896 2.37404 0
-1.28698 -1.29351 0 2.36872 2.37401 0
-1.28695 -1.29351 0 2.36848 2.37401 0
-1.28692 -1.29348 0 2.36824 2.37398 0
-1.28689 -1.29342 0 2.36799 2.37393 0
-1.28686 -1.29336 0.0377963 2.36775 2.37384 0.0610556
-1.28683 -1.2933 0.0465185 2.36751 2.37378 0
-1.2868 -1.29327 0.0465185 2.36727 2.37375 0
-1.28676 -1.29324 0.00581481 2.36703 2.37372 0
-1.28673 -1.29324 0 2.36679 2.37372 0
-1.2867 -1.29321 0 2.36655 2.37367 0.0377963
-1.28667 -1.2931 0.0465185 2.36631 2.37355 0
-1.28664 -1.29301 0.0697778 2.36607 2.37346 0
-1.28661 -1.29295 0.00581481 2.36583 2.3734 0
-1.28657 -1.29295 0 2.36559 2.37337 0.0552407
-1.28654 -1.29292 0.014537 2.36535 2.37335 0
-1.28651 -1.29289 0.014537 2.36511 2.37332 0
-1.28648 -1.29278 0.014537 2.36487 2.3732 0
-1.28645 -1.29272 0.0552407 2.36463 2.37311 0
-1.28641 -1.29266 0.0610556 2.36438 2.37305 0
-1.28638 -1.2926 0.0610556 2.36414 2.373 0
-1.28635 -1.29257 0.0465185 2.3639 2.37297 0
-1.28632 -1.29255 0.0610556 2.36366 2.37291 0.0377963
-1.28628 -1.29249 0.0552407 2.36342 2.37285 0
-1.28625 -1.29243 0 2.36318 2.37276 0
-1.28622 -1.29237 0.00581481 2.36294 2.37271 0
-1.28619 -1.29228 0.0785 2.3627 2.37259 0
-1.28616 -1.2922 0.0232593 2.36246 2.3725 0
-1.28612 -1.29211 0.0377963 2.36222 2.37239 0
-1.28609 -1.29205 0 2.36198 2.37233 0
-1.28606 -1.29202 0 2.36174 2.3723 0
-1.28602 -1.29194 0.0232593 2.3615 2.37215 0
-1.28599 -1.29185 0.0785 2.36125 2.37207 0
-1.28596 -1.29176 0.014537 2.36101 2.37198 0
-1.28593 -1.2917 0.0552407 2.36077 2.37192 0
-1.28589 -1.29164 0 2.36053 2.37186 0
-1.28588 -1.29159 0.0377963 2.36028 2.37178 0.0290741
-1.28588 -1.2915 0.0697778 2.36004 2.37169 0
-1.28587 -1.29138 0.0465185 2.35979 2.37157 0
-1.28586 -1.2913 0.0232593 2.35954 2.37146 0.0465185
-1.28585 -1.29124 0.0465185 2.35929 2.3714 0
-1.28585 -1.29115 0.0465185 2.35904 2.37131 0
-1.28584 -1.29109 0.0552407 2.35879 2.37125 0
-1.28583 -1.291 0.014537 2.35854 2.37114 0.00581481
-1.28582 -1.29092 0.0232593 2.35829 2.37105 0
-1.28582 -1.29083 0.0610556 2.35804 2.37096 0
-1.28581 -1.29071 0.0785 2.35779 2.37084 0
-1.2858 -1.29063 0.014537 2.35755 2.37076 0
-1.28579 -1.29057 0.0290741 2.3573 2.37067 0
-1.28578 -1.29045 0.00581481 2.35705 2.37055 0
-1.28578 -1.29039 0 2.3568 2.3705 0
-1.28577 -1.29031 0.0610556 2.35655 2.37041 0
-1.28576 -1.29019 0.0610556 2.3563 2.37026 0.0465185
-1.28575 -1.29007 0.0290741 2.35605 2.37015 0
-1.28574 -1.29002 0.0377963 2.3558 2.37009 0
-1.28573 -1.28996 0.0290741 2.35555 2.37 0
-1.28573 -1.28987 0.0552407 2.3553 2.36991 0
-1.28572 -1.28978 0.0697778 2.35506 2.36983 0
-1.28571 -1.2897 0.0610556 2.35481 2.36971 0
-1.2857 -1.28964 0.0377963 2.35456 2.36965 0
-1.28569 -1.28955 0.00581481 2.35431 2.36954 0
-1.28568 -1.28949 0.0465185 2.35406 2.36948 0
-1.28567 -1.28941 0.0465185 2.35381 2.36936 0.0290741
-1.28566 -1.28935 0.0465185 2.35356 2.3693 0
-1.28565 -1.28929 0.0610556 2.35331 2.36919 0
-1.28565 -1.2892 0.0232593 2.35306 2.36907 0
-1.28564 -1.28914 0.0377963 2.35281 2.36901 0
-1.28563 -1.28909 0.0610556 2.35256 2.36893 0.0290741
-1.28562 -1.28903 0.0552407 2.35232 2.36884 0.0290741
-1.28561 -1.289 0 2.35207 2.36878 0
-1.2856 -1.28891 0.0610556 2.35182 2.36866 0
-1.28559 -1.28885 0.0697778 2.35157 2.36858 0.0377963
-1.28558 -1.28882 0.0552407 2.35132 2.36852 0.0552407
-1.28557 -1.28874 0.0552407 2.35107 2.36837 0.0377963
-1.28556 -1.28871 0 2.35082 2.36829 0.00581481
-1.28555 -1.28865 0.0552407 2.35057 2.3682 0.0290741
-1.28554 -1.28856 0.0610556 2.35032 2.36808 0.0465185
-1.28553 -1.28853 0.0290741 2.35007 2.36802 0.014537
-1.28552 -1.28848 0.0232593 2.34982 2.36791 0
-1.28551 -1.28845 0 2.34957 2.36782 0.0552407
-1.2855 -1.28842 0 2.34932 2.36776 0.0232593
-1.28549 -1.28836 0.0610556 2.34907 2.36762 0.0552407
-1.28548 -1.2883 0.0465185 2.34883 2.36753 0.0610556
-1.28547 -1.28824 0 2.34858 2.36741 0.0290741
-1.28546 -1.28821 0 2.34833 2.36733 0
-1.28545 -1.28821 0 2.34808 2.36724 0.0232593
-1.28544 -1.28816 0 2.34783 2.36709 0.0377963
-1.28543 -1.2881 0.0290741 2.34758 2.36698 0.0785
-1.28542 -1.28804 0.0465185 2.34733 2.36686 0.0290741
-1.28541 -1.28804 0 2.34708 2.36677 0.0785
-1.2854 -1.28801 0.0465185 2.34683 2.36663 0.0697778
-1.28538 -1.28798 0 2.34658 2.36651 0.0377963
-1.28537 -1.28798 0 2.34633 2.36643 0.0552407
-1.28536 -1.28792 0.0377963 2.34608 2.36628 0.0465185
-1.28535 -1.28789 0.00581481 2.34583 2.36611 0.093037
-1.28534 -1.28786 0 2.34558 2.36599 0.0610556
-1.28533 -1.28784 0 2.34533 2.36584 0.0872222
-1.28532 -1.28781 0 2.34508 2.36567 0.0872222
-1.28531 -1.28778 0 2.34483 2.3655 0.0872222
-1.2853 -1.28778 0 2.34459 2.36532 0.093037
-1.28528 -1.28775 0 2.34434 2.36515 0.110481
-1.28527 -1.28775 0 2.34409 2.36497 0.093037
-1.28526 -1.28772 0 2.34384 2.36477 0.101759
-1.28525 -1.28772 0 2.34359 2.36459 0.119204
-1.28524 -1.28769 0.00581481 2.34334 2.36439 0.110481
-1.28523 -1.28769 0 2.34309 2.36419 0.125019
-1.28521 -1.28769 0 2.34284 2.36401 0.133741
-1.2852 -1.28769 0 2.34259 2.36381 0.133741
-1.28519 -1.28766 0.00581481 2.34234 2.36358 0.142463
-1.28518 -1.28766 0 2.34209 2.36337 0.142463
-1.28517 -1.28766 0 2.34184 2.36314 0.142463
-1.28515 -1.28766 0 2.34159 2.36294 0.151185
-1.28514 -1.28766 0 2.34134 2.36268 0.142463
-1.28513 -1.28766 0 2.34109 2.36244 0.165722
-1.28512 -1.28766 0 2.34084 2.36218 0.165722
-1.2851 -1.28766 0 2.34059 2.36195 0.165722
-1.28509 -1.28766 0 2.34034 2.36166 0.183167
-1.28508 -1.28766 0 2.34009 2.3614 0.174444
-1.28507 -1.28766 0 2.33984 2.36108 0.183167
-1.28505 -1.28766 0 2.33959 2.36076 0.206426
-1.28504 -1.28766 0 2.33934 2.36041 0.206426
-1.28503 -1.28766 0 2.33909 2.36009 0.215148
-1.28504 -1.28766 0 2.33883 2.35974 0.229685
-1.28506 -1.28766 0 2.33857 2.3593 0.252944
-1.28508 -1.28766 0 2.33832 2.35881 0.252944
-1.28509 -1.28766 0 2.33806 2.35834 0.252944
-1.28511 -1.28766 0 2.3378 2.35782 0.293648
-1.28512 -1.28766 0 2.33754 2.35741 0.284926
-1.28514 -1.28766 0 2.33728 2.35701 0.270389
-1.28515 -1.28766 0 2.33702 2.35651 0.293648
-1.28517 -1.28766 0 2.33676 2.35596 0.30237
-1.28519 -1.28766 0 2.3365 2.35546 0.293648
-1.2852 -1.28766 0 2.33624 2.35497 0.30237
-1.28522 -1.28766 0 2.33598 2.35451 0.311093
-1.28523 -1.28766 0 2.33572 2.35401 0.32563
-1.28525 -1.28766 0 2.33546 2.35343 0.334352
-1.28526 -1.28766 0 2.3352 2.35288 0.366333
-1.28528 -1.28766 0 2.33494 2.35215 0.389593
-1.28529 -1.28766 0 2.33468 2.35148 0.407037
-1.28531 -1.28766 0 2.33443 2.35081 0.412852
-1.28532 -1.28766 0 2.33417 2.35017 0.421574
-1.28533 -1.28769 -0.0552407 2.33391 2.34959 0.421574
-1.28535 -1.28769 0 2.33365 2.34895 0.412852
-1.28536 -1.28769 0 2.33339 2.34837 0.389593
-1.28538 -1.28769 0 2.33313 2.34779 0.398315
-1.28539 -1.28772 0 2.33287 2.34724 0.366333
-1.28541 -1.28775 0 2.33261 2.34674 0.366333
-1.28542 -1.28775 0 2.33235 2.34622 0.348889
-1.28543 -1.28778 0 2.33209 2.34575 0.343074
-1.28545 -1.28778 0 2.33183 2.34529 0.316907
-1.28546 -1.28784 0 2.33157 2.34488 0.30237
-1.28548 -1.28784 0 2.33131 2.34436 0.279111
-1.28549 -1.28786 -0.014537 2.33105 2.34404 0.24713
-1.2855 -1.28789 0 2.33079 2.34363 0.229685
-1.28552 -1.28789 0 2.33053 2.34322 0.229685
-1.28553 -1.28789 0 2.33027 2.34285 0.197704
-1.28554 -1.28789 0 2.33001 2.34253 0.183167
-1.28556 -1.28789 0 2.32975 2.34227 0.157
-1.28557 -1.28789 0 2.32949 2.34197 0.151185
-1.28558 -1.28789 0 2.32923 2.3418 0.125019
-1.28559 -1.28789 0 2.32897 2.3416 0.119204
-1.28561 -1.28789 0 2.32871 2.34139 0.101759
-1.28562 -1.28789 0 2.32845 2.34122 0.110481
-1.28563 -1.28789 0 2.32819 2.3411 0.093037
-1.28565 -1.28789 0 2.32793 2.34099 0.0872222
-1.28566 -1.28789 0 2.32767 2.34084 0.0465185
-1.28567 -1.28789 0 2.32741 2.3407 0.0697778
-1.28568 -1.28786 0 2.32715 2.34055 0.0552407
-1.28569 -1.28786 0 2.32689 2.34043 0.0290741
-1.28571 -1.28786 0 2.32663 2.34035 0.0465185
-1.28572 -1.28784 0.014537 2.32637 2.34023 0.0377963
-1.28573 -1.28784 0 2.32611 2.34014 0.0552407
-1.28574 -1.28784 0 2.32585 2.34008 0.0290741
-1.28575 -1.28781 0.0290741 2.32559 2.34 0.0465185
-1.28577 -1.28781 0 2.32533 2.33994 0.0552407
-1.28578 -1.28781 0 2.32507 2.33991 0
-1.28579 -1.28778 0.014537 2.32481 2.33982 0
-1.2858 -1.28778 0 2.32455 2.33979 0
-1.28581 -1.28775 0.0377963 2.32429 2.33976 0
-1.28582 -1.28772 0 2.32403 2.33971 0
-1.28583 -1.28772 0 2.32377 2.33971 0
-1.28585 -1.28772 0 2.32351 2.33968 0
-1.28586 -1.28766 0.014537 2.32325 2.33962 0
-1.28587 -1.28763 0 2.32299 2.33959 0
-1.28588 -1.2876 0 2.32273 2.33956 0
-1.28589 -1.28757 0 2.32247 2.33953 0
-1.2859 -1.28752 0.0377963 2.32221 2.33944 0
-1.28591 -1.28749 0 2.32195 2.33942 0
-1.28592 -1.28746 0.0465185 2.32169 2.33939 0
-1.28593 -1.28743 0.0290741 2.32143 2.33936 0
-1.28594 -1.2874 0.0465185 2.32117 2.33933 0
-1.28595 -1.28737 0.0552407 2.32091 2.3393 0
-1.28596 -1.28734 0.0552407 2.32065 2.33927 0
-1.28597 -1.28728 0.0465185 2.32039 2.33921 0
-1.28598 -1.28723 0 2.32013 2.33913 0
-1.28599 -1.2872 0.0232593 2.31987 2.3391 0
-1.286 -1.28714 0.0697778 2.31961 2.33901 0
-1.28601 -1.28708 0.014537 2.31935 2.33892 0
-1.28602 -1.28705 0 2.31909 2.33886 0
-1.28603 -1.28702 0.014537 2.31883 2.33881 0
-1.28604 -1.28696 0.0552407 2.31857 2.33869 0.0552407
-1.28605 -1.28691 0 2.31831 2.33857 0.0232593
-1.28606 -1.28688 0 2.31805 2.33849 0.0377963
-1.28607 -1.28688 0 2.31779 2.3384 0.0465185
-1.28608 -1.28685 0.0465185 2.31753 2.33831 0.0610556
-1.28609 -1.28682 0 2.31727 2.33819 0.0377963
-1.2861 -1.28679 0.0465185 2.31701 2.33805 0.0697778
-1.28611 -1.28676 0.0552407 2.31675 2.33793 0.0465185
-1.28611 -1.28673 0.0465185 2.31649 2.33779 0.0785
-1.28612 -1.28673 0 2.31623 2.33764 0.0785
-1.28614 -1.28673 0 2.31596 2.3375 0.0697778
-1.28616 -1.2867 0.0465185 2.3157 2.33735 0.0785
-1.28618 -1.2867 0 2.31543 2.33721 0.0872222
-1.2862 -1.28664 0.0552407 2.31517 2.337 0.101759
-1.28622 -1.28664 0 2.3149 2.33683 0.110481
-1.28624 -1.28664 0 2.31464 2.33668 0.093037
-1.28626 -1.28664 0 2.31437 2.33654 0.093037
-1.28628 -1.28664 0 2.31411 2.33636 0.110481
-1.2863 -1.28664 0 2.31384 2.33619 0.119204
-1.28633 -1.28664 0 2.31358 2.33599 0.093037
-1.28635 -1.28664 0 2.31331 2.33581 0.125019
-1.28637 -1.28664 0 2.31305 2.33564 0.125019
-1.28639 -1.28664 0 2.31278 2.33543 0.142463
-1.28641 -1.28664 0 2.31252 2.33526 0.125019
-1.28643 -1.28664 0 2.31225 2.33505 0.133741
-1.28644 -1.28664 0 2.31199 2.33485 0.125019
-1.28646 -1.28664 0 2.31172 2.33462 0.142463
-1.28648 -1.28664 0 2.31146 2.33442 0.151185
-1.2865 -1.28667 0 2.31119 2.33418 0.142463
-1.28652 -1.28667 0 2.31093 2.33395 0.142463
-1.28654 -1.28667 0 2.31066 2.33372 0.142463
-1.28656 -1.28667 0 2.3104 2.33346 0.165722
-1.28658 -1.28667 0 2.31013 2.33319 0.174444
-1.2866 -1.28667 0 2.30987 2.33293 0.174444
-1.28662 -1.28667 0 2.3096 2.33264 0.165722
-1.28664 -1.28667 0 2.30934 2.33235 0.183167
-1.28666 -1.28667 0 2.30907 2.33206 0.197704
-1.28667 -1.2867 0 2.30881 2.3318 0.197704
-1.28669 -1.2867 -0.0465185 2.30854 2.33145 0.215148
-1.28671 -1.2867 0 2.30828 2.3311 0.220963
-1.28673 -1.2867 0 2.30801 2.33075 0.220963
-1.28675 -1.2867 0 2.30775 2.3304 0.238407
-1.28677 -1.2867 0 2.30748 2.33002 0.229685
-1.28678 -1.2867 0 2.30722 2.32959 0.252944
-1.2868 -1.2867 0 2.30695 2.32918 0.261667
-1.28682 -1.2867 0 2.30668 2.32877 0.261667
-1.28684 -1.2867 0 2.30642 2.32831 0.30237
-1.28686 -1.2867 0 2.30615 2.32784 0.311093
-1.28687 -1.28673 -0.0290741 2.30589 2.32741 0.316907
-1.28689 -1.28673 0 2.30562 2.32691 0.334352
-1.28691 -1.28673 0 2.30536 2.32642 0.32563
-1.28693 -1.28673 0 2.30509 2.32593 0.343074
-1.28694 -1.28676 0 2.30483 2.32543 0.348889
-1.28696 -1.28679 0 2.30456 2.32485 0.366333
-1.28698 -1.28679 -0.00581481 2.3043 2.32427 0.366333
-1.28699 -1.28685 0 2.30403 2.32374 0.398315
-1.28701 -1.28685 0 2.30376 2.32316 0.38087
-1.28703 -1.28688 -0.0290741 2.3035 2.32258 0.389593
-1.28704 -1.28691 0 2.30323 2.32203 0.398315
-1.28706 -1.28693 -0.0465185 2.30297 2.32148 0.398315
-1.28708 -1.28696 0 2.3027 2.3209 0.389593
-1.28709 -1.28702 0 2.30244 2.3204 0.375056
-1.28711 -1.28705 -0.0290741 2.30217 2.31991 0.366333
-1.28713 -1.28708 0 2.3019 2.31947 0.334352
-1.28714 -1.28711 -0.0290741 2.30164 2.31903 0.311093
-1.28716 -1.28717 -0.0290741 2.30137 2.31866 0.284926
-1.28718 -1.2872 -0.0465185 2.30111 2.31831 0.252944
-1.28719 -1.28723 -0.014537 2.30084 2.31802 0.229685
-1.28721 -1.28725 -0.0290741 2.30058 2.3177 0.220963
-1.28722 -1.28728 0 2.30031 2.31744 0.215148
-1.28724 -1.28728 0 2.30004 2.31715 0.174444
-1.28725 -1.28731 -0.0232593 2.29978 2.31694 0.165722
-1.28727 -1.28731 0 2.29951 2.31668 0.183167
-1.28729 -1.28734 -0.014537 2.29925 2.31648 0.151185
-1.2873 -1.28734 0 2.29898 2.31624 0.151185
-1.28732 -1.28734 0 2.29871 2.31601 0.157
-1.28733 -1.28734 0 2.29845 2.31578 0.151185
-1.28735 -1.28734 0 2.29818 2.31555 0.157
-1.28736 -1.28734 0 2.29792 2.31534 0.142463
-1.28738 -1.28734 0 2.29765 2.31511 0.142463
-1.28739 -1.28734 0 2.29738 2.31494 0.125019
-1.28741 -1.28734 0 2.29712 2.31473 0.133741
-1.28742 -1.28734 0 2.29685 2.31456 0.125019
-1.28743 -1.28734 0 2.29659 2.31438 0.119204
-1.28745 -1.28734 0 2.29632 2.31424 0.110481
-1.28746 -1.28734 0 2.29605 2.31406 0.101759
-1.28748 -1.28734 0 2.29579 2.31392 0.093037
-1.28749 -1.28734 0 2.29552 2.31377 0.093037
-1.28751 -1.28734 0 2.29526 2.31363 0.0872222
-1.28752 -1.28734 0 2.29499 2.31348 0.093037
-1.28753 -1.28734 0 2.29472 2.31334 0.093037
-1.28755 -1.28734 0 2.29446 2.31319 0.101759
-1.28756 -1.28734 0 2.29419 2.31307 0.093037
-1.28758 -1.28731 0 2.29392 2.3129 0.0872222
-1.28759 -1.28728 0.0552407 2.29366 2.3127 0.0872222
-1.2876 -1.28728 0 2.29339 2.31255 0.0872222
-1.28762 -1.28728 0 2.29313 2.31241 0.101759
-1.28763 -1.28725 0 2.29286 2.31223 0.093037
-1.28764 -1.28723 0 2.29259 2.31203 0.0872222
-1.28766 -1.28723 0 2.29233 2.31191 0.119204
-1.28767 -1.2872 0 2.29206 2.31171 0.093037
-1.28768 -1.28717 0 2.29179 2.31153 0.0872222
-1.28769 -1.28717 0 2.29153 2.31139 0.0872222
-1.28771 -1.28714 0 2.29126 2.31121 0.0785
-1.28772 -1.28711 0.014537 2.29099 2.31107 0.093037
-1.28773 -1.28708 0 2.29073 2.31087 0.093037
-1.28777 -1.28705 0 2.29045 2.31069 0.0872222
-1.28782 -1.28702 0 2.29017 2.31052 0.093037
-1.28787 -1.28702 0 2.28989 2.31037 0.093037
-1.28792 -1.28699 0 2.28961 2.3102 0.101759
-1.28797 -1.28696 0 2.28933 2.30999 0.0872222
-1.28802 -1.28693 0 2.28905 2.30982 0.093037
-1.28807 -1.28693 0 2.28877 2.30967 0.101759
-1.28812 -1.28691 0.0232593 2.28849 2.30947 0.0872222
-1.28816 -1.28691 0 2.28821 2.3093 0.119204
-1.28821 -1.28691 0 2.28793 2.30909 0.110481
-1.28826 -1.28688 0.0610556 2.28765 2.30889 0.125019
-1.28831 -1.28688 0 2.28737 2.30866 0.119204
-1.28836 -1.28688 0 2.28709 2.30848 0.125019
-1.2884 -1.28688 0 2.28681 2.30825 0.151185
-1.28845 -1.28688 0 2.28653 2.30802 0.133741
-1.2885 -1.28688 0 2.28625 2.30778 0.142463
-1.28855 -1.28688 0 2.28597 2.30749 0.142463
-1.28859 -1.28688 0 2.28569 2.30726 0.165722
-1.28864 -1.28688 0 2.28541 2.307 0.188981
-1.28869 -1.28688 0 2.28513 2.30668 0.183167
-1.28874 -1.28688 0 2.28485 2.30636 0.206426
-1.28878 -1.28688 0 2.28456 2.30601 0.215148
-1.28883 -1.28688 0 2.28428 2.30566 0.220963
-1.28888 -1.28688 0 2.284 2.30528 0.238407
-1.28892 -1.28688 0 2.28372 2.3049 0.252944
-1.28897 -1.28688 0 2.28344 2.30447 0.261667
-1.28902 -1.28688 0 2.28316 2.304 0.279111
-1.28906 -1.28688 0 2.28288 2.30354 0.284926
-1.28911 -1.28688 0 2.2826 2.3031 0.284926
-1.28915 -1.28688 0 2.28232 2.30264 0.311093
-1.2892 -1.28688 0 2.28204 2.30217 0.30237
-1.28925 -1.28688 0 2.28176 2.30168 0.316907
-1.28929 -1.28688 0 2.28148 2.30118 0.343074
-1.28934 -1.28688 0 2.2812 2.30063 0.334352
-1.28938 -1.28688 0 2.28091 2.30008 0.357611
-1.28943 -1.28691 -0.0552407 2.28063 2.29956 0.348889
-1.28947 -1.28691 0 2.28035 2.29903 0.357611
-1.28952 -1.28691 0 2.28007 2.29845 0.375056
-1.28956 -1.28691 0 2.27979 2.29784 0.375056
-1.28961 -1.28691 0 2.27951 2.29726 0.375056
-1.28965 -1.28693 0 2.27923 2.29668 0.357611
-1.2897 -1.28696 0 2.27895 2.29615 0.375056
-1.28974 -1.28696 0 2.27867 2.2956 0.357611
-1.28979 -1.28699 -0.0610556 2.27839 2.29508 0.357611
-1.28983 -1.28699 0 2.2781 2.2945 0.366333
-1.28987 -1.28702 -0.0232593 2.27782 2.29394 0.366333
-1.28992 -1.28705 -0.00581481 2.27754 2.29339 0.375056
-1.28996 -1.28708 0 2.27726 2.29293 0.357611
-1.29001 -1.28711 0 2.27698 2.29243 0.316907
-1.29005 -1.28714 0 2.2767 2.292 0.32563
-1.29009 -1.28717 0 2.27642 2.29156 0.293648
-1.29014 -1.2872 0 2.27614 2.29115 0.279111
-1.29018 -1.28723 0 2.27585 2.29077 0.270389
-1.29022 -1.28723 0 2.27557 2.2904 0.220963
-1.29027 -1.28725 0 2.27529 2.29008 0.215148
-1.29031 -1.28728 0 2.27501 2.28979 0.188981
-1.29035 -1.28728 0 2.27473 2.2895 0.188981
-1.29039 -1.28728 0 2.27445 2.28923 0.188981
-1.29044 -1.28731 -0.0552407 2.27416 2.28903 0.151185
-1.29048 -1.28731 0 2.27388 2.2888 0.151185
-1.29052 -1.28731 0 2.2736 2.28859 0.157
-1.29056 -1.28731 0 2.27332 2.28836 0.142463
-1.29061 -1.28731 0 2.27304 2.28816 0.110481
-1.29065 -1.28731 0 2.27276 2.28798 0.119204
-1.29069 -1.28731 0 2.27247 2.28781 0.101759
-1.29073 -1.28731 0 2.27219 2.28766 0.101759
-1.29077 -1.28731 0 2.27191 2.28752 0.093037
-1.29082 -1.28731 0 2.27163 2.28737 0.0785
-1.29086 -1.28731 0 2.27135 2.28723 0.0872222
-1.2909 -1.28731 0 2.27107 2.28711 0.0610556
-1.29094 -1.28728 0 2.27078 2.28697 0.0697778
-1.29098 -1.28728 0 2.2705 2.28682 0.0872222
-1.29102 -1.28728 0 2.27022 2.28673 0.0465185
-1.29106 -1.28728 0 2.26994 2.28662 0.0465185
-1.2911 -1.28728 0 2.26966 2.28653 0.0552407
-1.29114 -1.28725 0.0232593 2.26937 2.28641 0.0377963
-1.29118 -1.28725 0 2.26909 2.28636 0.0610556
-1.29122 -1.28725 0 2.26881 2.2863 0.0465185
-1.29126 -1.28725 0 2.26853 2.28621 0.0232593
-1.2913 -1.28725 0 2.26825 2.28615 0.0377963
-1.29134 -1.28723 0 2.26797 2.28606 0
-1.29138 -1.28723 0 2.26769 2.28601 0.0610556
-1.29142 -1.2872 0.0290741 2.2674 2.28592 0.0552407
-1.29145 -1.2872 0 2.26712 2.28586 0.0465185
-1.29149 -1.28717 0.0232593 2.26684 2.28577 0.00581481
-1.29153 -1.28717 0 2.26656 2.28572 0.0552407
-1.29157 -1.28714 0 2.26628 2.28566 0.0290741
-1.29161 -1.28714 0 2.266 2.2856 0
-1.29164 -1.28711 0 2.26571 2.28551 0.0610556
-1.29168 -1.28708 0 2.26543 2.28545 0
-1.29172 -1.28708 0 2.26515 2.28543 0.0552407
-1.29176 -1.28705 0.0377963 2.26487 2.28534 0.0465185
-1.29179 -1.28705 0 2.26459 2.28528 0
-1.29183 -1.28702 0.0290741 2.2643 2.28522 0.014537
-1.29187 -1.28702 0 2.26402 2.28516 0.0465185
-1.2919 -1.28702 0 2.26374 2.28513 0
-1.29194 -1.28702 0 2.26346 2.28508 0.0377963
-1.29198 -1.28699 0 2.26318 2.28499 0.014537
-1.29201 -1.28696 0.0290741 2.26289 2.2849 0.0552407
-1.29205 -1.28696 0 2.26261 2.28481 0.0610556
-1.29209 -1.28696 0 2.26233 2.28473 0.0232593
-1.29212 -1.28696 0 2.26205 2.28464 0.0465185
-1.29216 -1.28696 0 2.26177 2.28452 0.0697778
-1.2922 -1.28696 0 2.26148 2.28444 0.0552407
-1.29223 -1.28696 0 2.2612 2.28429 0.0465185
-1.29227 -1.28696 0 2.26092 2.28418 0.0610556
-1.2923 -1.28696 0 2.26064 2.28403 0.093037
-1.29234 -1.28696 0 2.26036 2.28388 0.0785
-1.29237 -1.28696 0 2.26007 2.28374 0.0872222
-1.29241 -1.28696 0 2.25979 2.28356 0.110481
-1.29244 -1.28696 0 2.25951 2.28339 0.125019
-1.29248 -1.28696 0 2.25923 2.28316 0.142463
-1.29252 -1.28696 0 2.25894 2.28292 0.125019
-1.29255 -1.28696 0 2.25866 2.28272 0.142463
-1.29259 -1.28696 0 2.25838 2.28246 0.157
-1.29262 -1.28696 0 2.2581 2.2822 0.183167
-1.29265 -1.28696 0 2.25781 2.28194 0.183167
-1.29269 -1.28696 0 2.25753 2.28165 0.183167
-1.29272 -1.28696 0 2.25725 2.28135 0.183167
-1.29276 -1.28696 0 2.25697 2.28104 0.206426
-1.29279 -1.28696 0 2.25668 2.28069 0.215148
-1.29283 -1.28696 0 2.2564 2.28034 0.220963
-1.29286 -1.28696 0 2.25612 2.27999 0.238407
-1.29289 -1.28696 0 2.25584 2.27958 0.261667
-1.29293 -1.28696 0 2.25555 2.2792 0.261667
-1.29296 -1.28696 0 2.25527 2.27877 0.261667
-1.293 -1.28699 0 2.25499 2.27839 0.270389
-1.29303 -1.28699 0 2.2547 2.27795 0.293648
-1.29306 -1.28699 0 2.25442 2.27752 0.284926
-1.2931 -1.28699 0 2.25414 2.27708 0.293648
-1.29313 -1.28702 0 2.25386 2.27664 0.311093
-1.29316 -1.28702 -0.014537 2.25357 2.27615 0.32563
-1.29319 -1.28702 0 2.25329 2.27569 0.334352
-1.29323 -1.28705 -0.0232593 2.25301 2.27513 0.343074
-1.29326 -1.28705 0 2.25272 2.27458 0.343074
-1.29329 -1.28708 -0.0377963 2.25244 2.27403 0.343074
-1.29333 -1.28711 0 2.25216 2.2735 0.375056
-1.29336 -1.28711 0 2.25188 2.27292 0.366333
-1.29339 -1.28717 -0.0290741 2.25159 2.27243 0.375056
-1.29342 -1.2872 -0.00581481 2.25131 2.27185 0.398315
-1.29345 -1.28723 -0.0552407 2.25103 2.2713 0.389593
-1.29349 -1.28728 0 2.25074 2.27071 0.389593
-1.29352 -1.28731 0 2.25046 2.27013 0.38087
-1.29355 -1.28734 0 2.25018 2.26955 0.38087
-1.29358 -1.28737 0 2.24989 2.26909 0.334352
-1.29361 -1.28743 -0.0610556 2.24961 2.26868 0.311093
-1.29364 -1.28752 -0.0552407 2.24933 2.2683 0.30237
-1.29368 -1.28754 -0.0610556 2.24904 2.26792 0.284926
-1.29371 -1.28757 -0.0290741 2.24876 2.26754 0.252944
-1.29374 -1.28757 0 2.24848 2.26714 0.220963
-1.29377 -1.2876 -0.0552407 2.24819 2.2667 0.229685
-1.2938 -1.28763 -0.0552407 2.24791 2.26627 0.220963
-1.29383 -1.28769 0 2.24763 2.26586 0.206426
-1.29386 -1.28769 0 2.24734 2.26542 0.220963
-1.29389 -1.28769 0 2.24706 2.26499 0.215148
-1.29392 -1.28775 -0.014537 2.24678 2.26461 0.183167
-1.29394 -1.28775 0 2.2465 2.26423 0.197704
-1.29397 -1.28778 0 2.24622 2.26388 0.174444
-1.29399 -1.28778 0 2.24594 2.26353 0.183167
-1.29401 -1.28778 0 2.24565 2.26318 0.174444
-1.29404 -1.28778 0 2.24537 2.26286 0.174444
-1.29406 -1.28778 0 2.24509 2.26254 0.142463
-1.29409 -1.28778 0 2.24481 2.26225 0.142463
-1.29411 -1.28778 0 2.24453 2.26193 0.174444
-1.29413 -1.28778 0 2.24425 2.2617 0.125019
-1.29416 -1.28778 0 2.24397 2.26144 0.125019
-1.29418 -1.28778 0 2.24369 2.26121 0.119204
-1.2942 -1.28778 0 2.2434 2.26094 0.110481
-1.29423 -1.28778 0 2.24312 2.26074 0.093037
-1.29425 -1.28778 0 2.24284 2.26051 0.125019
-1.29427 -1.28778 0 2.24256 2.26031 0.101759
-1.2943 -1.28778 0 2.24228 2.2601 0.0872222
-1.29432 -1.28778 0 2.242 2.2599 0.110481
-1.29434 -1.28778 0 2.24172 2.25972 0.0872222
-1.29436 -1.28778 0 2.24143 2.25955 0.0697778
-1.29439 -1.28778 0 2.24115 2.25937 0.0872222
-1.29441 -1.28778 0 2.24087 2.25923 0.0785
-1.29443 -1.28778 0.0232593 2.24059 2.25908 0.0697778
-1.29445 -1.28778 0 2.24031 2.25894 0.0610556
-1.29447 -1.28778 0 2.24003 2.25882 0.0610556
-1.2945 -1.28775 0 2.23974 2.25868 0.0697778
-1.29452 -1.28775 0 2.23946 2.25853 0.0785
-1.29454 -1.28775 0 2.23918 2.25844 0.0610556
-1.29456 -1.28772 0.0232593 2.2389 2.25827 0.0290741
-1.29458 -1.28772 0 2.23862 2.25815 0.0377963
-1.29461 -1.28772 0 2.23834 2.25801 0.0377963
-1.29463 -1.28772 0 2.23805 2.25792 0.0697778
-1.29465 -1.28769 0 2.23777 2.25775 0.0785
-1.29467 -1.28769 0 2.23749 2.2576 0.0785
-1.29469 -1.28769 0 2.23721 2.25746 0.0785
-1.29471 -1.28769 0 2.23693 2.25728 0.0785
-1.29473 -1.28769 0 2.23664 2.25711 0.0785
-1.29475 -1.28769 0 2.23636 2.25693 0.093037
-1.29477 -1.28769 0 2.23608 2.25673 0.101759
-1.2948 -1.28769 0 2.2358 2.2565 0.101759
-1.29482 -1.28769 0 2.23552 2.25623 0.125019
-1.29484 -1.28769 0 2.23523 2.256 0.110481
-1.29486 -1.28769 0 2.23495 2.25571 0.125019
-1.29488 -1.28769 0 2.23467 2.25545 0.125019
-1.2949 -1.28769 0 2.23439 2.25516 0.133741
-1.29492 -1.28769 0 2.23411 2.25484 0.151185
-1.29494 -1.28769 0 2.23382 2.25452 0.151185
-1.29496 -1.28769 0 2.23354 2.2542 0.151185
-1.29498 -1.28769 0 2.23326 2.25385 0.151185
-1.295 -1.28769 0 2.23298 2.2535 0.165722
-1.29502 -1.28769 0 2.23269 2.25312 0.157
-1.29504 -1.28769 0 2.23241 2.25275 0.174444
-1.29506 -1.28769 0 2.23213 2.25237 0.183167
-1.29507 -1.28769 0 2.23185 2.25196 0.183167
-1.29509 -1.28769 0 2.23156 2.25158 0.206426
-1.29511 -1.28769 0 2.23128 2.25112 0.215148
-1.29513 -1.28769 0 2.231 2.25065 0.206426
-1.29515 -1.28769 0 2.23072 2.25016 0.229685
-1.29517 -1.28772 0 2.23044 2.24961 0.252944
-1.29519 -1.28772 0 2.23015 2.24908 0.284926
-1.29521 -1.28775 0 2.22987 2.24856 0.279111
-1.29523 -1.28775 0 2.22959 2.24798 0.270389
-1.29524 -1.28778 0 2.2293 2.24728 0.30237
-1.29526 -1.28784 0 2.22902 2.24667 0.311093
-1.29528 -1.28786 -0.0377963 2.22874 2.24594 0.284926
-1.2953 -1.28789 -0.0552407 2.22846 2.2453 0.30237
-1.29532 -1.28792 0 2.22817 2.24469 0.30237
-1.29534 -1.28795 0 2.22789 2.24408 0.270389
-1.29535 -1.28798 0 2.22761 2.24353 0.270389
-1.29537 -1.28804 -0.0377963 2.22733 2.24306 0.270389
-1.29539 -1.2881 0 2.22704 2.2426 0.252944
-1.29541 -1.28816 0 2.22676 2.24216 0.24713
-1.29542 -1.28818 0 2.22648 2.2417 0.229685
-1.29544 -1.28827 -0.0610556 2.22619 2.24126 0.215148
-1.29546 -1.28833 -0.0552407 2.22591 2.24091 0.197704
-1.29548 -1.28836 0 2.22563 2.24059 0.188981
-1.29549 -1.28836 -0.00581481 2.22534 2.24019 0.183167
-1.29552 -1.28836 0 2.22506 2.23984 0.183167
-1.29555 -1.28842 -0.0552407 2.22477 2.23958 0.157
-1.29558 -1.28848 -0.0552407 2.22448 2.23928 0.151185
-1.29561 -1.2885 -0.0290741 2.22419 2.23896 0.174444
-1.29564 -1.2885 0 2.2239 2.23862 0.157
-1.29567 -1.2885 0 2.22362 2.23827 0.157
-1.29569 -1.2885 0 2.22333 2.23798 0.142463
-1.29572 -1.28853 0 2.22304 2.23771 0.151185
-1.29575 -1.28853 0 2.22275 2.23742 0.142463
-1.29578 -1.28853 0 2.22246 2.23719 0.125019
-1.2958 -1.28853 0 2.22217 2.2369 0.119204
-1.29583 -1.28853 0 2.22189 2.23667 0.110481
-1.29586 -1.28853 0 2.2216 2.23644 0.119204
-1.29589 -1.28853 0 2.22131 2.2362 0.110481
-1.29591 -1.28853 0 2.22102 2.23597 0.093037
-1.29594 -1.28853 0 2.22073 2.23582 0.0552407
-1.29597 -1.28853 0 2.22044 2.23565 0.0697778
-1.296 -1.28853 0 2.22015 2.23553 0.0785
-1.29602 -1.28853 0 2.21987 2.23542 0.0232593
-1.29605 -1.28853 0 2.21958 2.2353 0.0290741
-1.29608 -1.2885 0 2.21929 2.23519 0.0232593
-1.2961 -1.2885 0 2.219 2.23513 0.0610556
-1.29613 -1.2885 0 2.21871 2.23504 0.0552407
-1.29616 -1.2885 0 2.21842 2.23492 0.00581481
-1.29618 -1.28848 0.0552407 2.21813 2.23484 0.0465185
-1.29621 -1.28848 0 2.21784 2.23475 0.0232593
-1.29623 -1.28848 0 2.21755 2.23466 0.0465185
-1.29626 -1.28848 0 2.21727 2.2346 0.0290741
-1.29629 -1.28845 0.00581481 2.21698 2.23452 0.0290741
-1.29631 -1.28845 0 2.21669 2.23446 0
-1.29634 -1.28845 0 2.2164 2.2344 0.0552407
-1.29636 -1.28842 0 2.21611 2.23431 0.0465185
-1.29639 -1.28842 0 2.21582 2.23425 0.0465185
-1.29641 -1.28842 0 2.21553 2.2342 0.014537
-1.29644 -1.28842 0 2.21524 2.23414 0
-1.29646 -1.28842 0 2.21495 2.23408 0.0377963
-1.29649 -1.28842 0 2.21466 2.23405 0
-1.29651 -1.28842 0 2.21437 2.23399 0.0232593
-1.29654 -1.28842 0 2.21409 2.23394 0
-1.29656 -1.28842 0 2.2138 2.23388 0.0290741
-1.29659 -1.28842 0 2.21351 2.23385 0.0552407
-1.29661 -1.28842 0 2.21322 2.23376 0.0610556
-1.29664 -1.28842 0 2.21293 2.2337 0.0465185
-1.29666 -1.28842 0 2.21264 2.23362 0.0552407
-1.29668 -1.28842 0 2.21235 2.23356 0.00581481
-1.29671 -1.28842 0 2.21206 2.23344 0.0610556
-1.29673 -1.28842 0 2.21177 2.23332 0.0377963
-1.29676 -1.28842 0 2.21148 2.23321 0.0465185
-1.29678 -1.28842 0 2.21119 2.23303 0.0552407
-1.2968 -1.28842 0 2.2109 2.23289 0.0872222
-1.29683 -1.28842 0 2.21061 2.23271 0.0697778
-1.29685 -1.28842 0 2.21032 2.23254 0.0872222
-1.29687 -1.28842 0 2.21003 2.23239 0.093037
-1.2969 -1.28842 0 2.20974 2.23222 0.093037
-1.29692 -1.28842 0 2.20945 2.23205 0.0872222
-1.29694 -1.28842 0 2.20916 2.23184 0.101759
-1.29697 -1.28842 0 2.20887 2.23164 0.0872222
-1.29699 -1.28842 0 2.20858 2.23141 0.110481
-1.29701 -1.28842 0 2.20829 2.23117 0.101759
-1.29703 -1.28842 0 2.208 2.23091 0.101759
-1.29706 -1.28842 0 2.20771 2.23065 0.119204
-1.29708 -1.28842 0 2.20742 2.23039 0.119204
-1.2971 -1.28842 0 2.20713 2.23013 0.133741
-1.29712 -1.28848 0 2.20684 2.22986 0.151185
-1.29715 -1.28848 0 2.20655 2.22957 0.165722
-1.29717 -1.28848 0 2.20626 2.22925 0.142463
-1.29719 -1.28848 0 2.20597 2.22891 0.157
-1.29721 -1.28848 0 2.20568 2.22856 0.174444
-1.29723 -1.2885 0 2.20539 2.22824 0.183167
-1.29726 -1.2885 0 2.2051 2.22786 0.188981
-1.29728 -1.2885 0 2.20481 2.22745 0.206426
-1.2973 -1.28853 0 2.20452 2.22707 0.206426
-1.29732 -1.28856 0 2.20423 2.22664 0.215148
-1.29734 -1.28856 0 2.20394 2.2262 0.220963
-1.29736 -1.28859 0 2.20365 2.22574 0.229685
-1.29738 -1.28862 -0.0232593 2.20336 2.22527 0.252944
-1.2974 -1.28865 -0.014537 2.20307 2.22475 0.284926
-1.29743 -1.28868 -0.0465185 2.20278 2.22425 0.279111
-1.29745 -1.28871 0 2.20249 2.2237 0.284926
-1.29747 -1.28874 0 2.2022 2.22315 0.293648
-1.29749 -1.2888 0 2.20191 2.22263 0.30237
-1.29751 -1.28885 -0.0552407 2.20162 2.22204 0.316907
-1.29753 -1.28891 -0.0552407 2.20133 2.22152 0.30237
-1.29755 -1.28897 -0.0232593 2.20104 2.22094 0.311093
-1.29757 -1.28897 0 2.20075 2.22033 0.32563
-1.29759 -1.289 0 2.20046 2.21978 0.30237
-1.29761 -1.28911 -0.014537 2.20017 2.21931 0.293648
-1.29763 -1.2892 -0.014537 2.19988 2.21882 0.293648
-1.29765 -1.28929 -0.00581481 2.19959 2.21838 0.270389
-1.29767 -1.28935 -0.0610556 2.19929 2.21792 0.279111
-1.29769 -1.28943 -0.014537 2.199 2.21751 0.252944
-1.29771 -1.28949 0 2.19871 2.21707 0.229685
-1.29773 -1.28955 0 2.19842 2.21669 0.220963
-1.29775 -1.28964 -0.014537 2.19813 2.21635 0.206426
-1.29777 -1.28973 -0.0697778 2.19784 2.216 0.215148
-1.29778 -1.28984 -0.0697778 2.19755 2.21568 0.215148
-1.2978 -1.2899 -0.00581481 2.19726 2.21533 0.206426
-1.29782 -1.2899 0 2.19697 2.21492 0.188981
-1.29784 -1.28996 0 2.19668 2.2146 0.188981
-1.29786 -1.29005 0 2.19639 2.21434 0.183167
-1.29788 -1.29016 -0.0785 2.19609 2.21411 0.174444
-1.2979 -1.29025 -0.0552407 2.1958 2.21387 0.151185
-1.29792 -1.29028 -0.0465185 2.19551 2.21361 0.151185
-1.29793 -1.29028 0 2.19522 2.21332 0.142463
-1.29795 -1.29028 0 2.19493 2.21303 0.151185
-1.29797 -1.29031 0 2.19464 2.21277 0.142463
-1.29799 -1.29034 0 2.19435 2.21251 0.133741
-1.29801 -1.29034 0 2.19406 2.21219 0.142463
-1.29802 -1.29037 0 2.19376 2.21193 0.133741
-1.29804 -1.29037 0 2.19347 2.21161 0.151185
-1.29806 -1.29037 0 2.19318 2.21129 0.157
-1.29808 -1.29037 0 2.19289 2.21094 0.174444
-1.2981 -1.29037 0 2.1926 2.21062 0.165722
-1.29811 -1.29037 0 2.19231 2.21027 0.174444
-1.29813 -1.29037 0 2.19202 2.20992 0.165722
-1.29815 -1.29037 0 2.19172 2.20957 0.165722
-1.29816 -1.29037 0 2.19143 2.20922 0.165722
-1.29818 -1.29037 0 2.19114 2.2089 0.157
-1.2982 -1.29037 0 2.19085 2.20858 0.142463
-1.29822 -1.29037 0 2.19056 2.20829 0.165722
-1.29823 -1.29034 0 2.19027 2.20797 0.125019
-1.29825 -1.29034 0 2.18997 2.20774 0.142463
-1.29826 -1.29034 0 2.18968 2.20751 0.125019
-1.29828 -1.29034 0 2.18939 2.2073 0.110481
-1.2983 -1.29034 0 2.1891 2.20713 0.093037
-1.29831 -1.29034 0 2.18881 2.20695 0.0785
-1.29833 -1.29034 0 2.18851 2.20681 0.0785
-1.29835 -1.29034 0 2.18822 2.20669 0.0610556
-1.29836 -1.29034 0 2.18793 2.20655 0.0610556
-1.29838 -1.29034 0 2.18764 2.20646 0.0377963
-1.29839 -1.29034 0 2.18735 2.20634 0.0785
-1.29841 -1.29034 0 2.18705 2.20623 0.014537
-1.29842 -1.29034 0 2.18676 2.20611 0.0785
-1.29844 -1.29034 0 2.18647 2.20597 0.0377963
-1.29846 -1.29034 0 2.18618 2.20582 0.0872222
-1.29847 -1.29034 0 2.18589 2.20568 0.0610556
-1.29849 -1.29034 0 2.18559 2.20553 0.0697778
-1.2985 -1.29034 0 2.1853 2.20536 0.0785
-1.29852 -1.29034 0 2.18501 2.20518 0.0872222
-1.29853 -1.29034 0 2.18472 2.20498 0.0872222
-1.29855 -1.29034 0 2.18442 2.2048 0.101759
-1.29856 -1.29034 0 2.18413 2.20454 0.101759
-1.29857 -1.29034 0 2.18384 2.20434 0.110481
-1.29859 -1.29034 0 2.18355 2.20408 0.110481
-1.2986 -1.29034 0 2.18326 2.20379 0.133741
-1.29862 -1.29034 0 2.18296 2.20352 0.142463
-1.29863 -1.29034 0 2.18267 2.20323 0.142463
-1.29865 -1.29034 0 2.18238 2.20291 0.165722
-1.29866 -1.29034 0 2.18209 2.20259 0.165722
-1.29867 -1.29034 0 2.18179 2.20224 0.165722
-1.29869 -1.29034 0 2.1815 2.20187 0.174444
-1.2987 -1.29034 0 2.18121 2.20149 0.188981
-1.29872 -1.29034 0 2.18091 2.20108 0.206426
-1.29873 -1.29034 0 2.18062 2.20065 0.220963
-1.29874 -1.29034 0 2.18033 2.20018 0.238407
-1.29876 -1.29034 0 2.18004 2.19969 0.252944
-1.29877 -1.29034 0 2.17974 2.19913 0.279111
-1.29878 -1.29034 -0.0465185 2.17945 2.19858 0.284926
-1.2988 -1.29034 0 2.17916 2.19797 0.30237
-1.29881 -1.29034 0 2.17887 2.19736 0.284926
-1.29882 -1.29034 0 2.17857 2.19675 0.284926
-1.29883 -1.29037 0 2.17828 2.19617 0.30237
-1.29885 -1.29037 0 2.17799 2.19556 0.316907
-1.29886 -1.29042 -0.014537 2.17769 2.19503 0.293648
-1.29887 -1.29045 0 2.1774 2.19448 0.293648
-1.29889 -1.29048 -0.0610556 2.1771 2.19399 0.270389
-1.29891 -1.29054 0 2.17681 2.19352 0.279111
-1.29894 -1.29057 -0.0377963 2.17651 2.19309 0.220963
-1.29896 -1.2906 0 2.17621 2.19262 0.220963
-1.29898 -1.29063 0 2.17591 2.19221 0.229685
-1.29901 -1.29066 -0.0552407 2.17561 2.19181 0.206426
-1.29903 -1.29074 -0.0465185 2.17531 2.19149 0.220963
-1.29905 -1.2908 0 2.17501 2.19111 0.206426
-1.29908 -1.2908 0 2.17471 2.19073 0.206426
-1.2991 -1.29083 0 2.17441 2.19035 0.206426
-1.29912 -1.29092 -0.0552407 2.17412 2.19003 0.188981
-1.29914 -1.29098 0 2.17382 2.18971 0.188981
-1.29917 -1.291 0 2.17352 2.18936 0.183167
-1.29919 -1.29106 -0.0377963 2.17322 2.18904 0.188981
-1.29921 -1.29109 -0.0377963 2.17292 2.18867 0.188981
-1.29923 -1.29115 0 2.17262 2.18838 0.183167
-1.29926 -1.29118 -0.0465185 2.17232 2.18806 0.197704
-1.29928 -1.29121 -0.0290741 2.17202 2.18777 0.157
-1.2993 -1.29124 -0.0465185 2.17172 2.18747 0.157
-1.29932 -1.29127 -0.0290741 2.17142 2.18721 0.142463
-1.29934 -1.29127 0 2.17112 2.18698 0.125019
-1.29936 -1.29127 0 2.17082 2.18672 0.125019
-1.29939 -1.2913 0 2.17052 2.18646 0.151185
-1.29941 -1.2913 0 2.17022 2.18622 0.133741
-1.29943 -1.29132 -0.014537 2.16992 2.18605 0.119204
-1.29945 -1.29132 0 2.16962 2.18579 0.119204
-1.29947 -1.29132 0 2.16933 2.18558 0.110481
-1.29949 -1.29132 0 2.16903 2.18535 0.110481
-1.29951 -1.29132 0 2.16873 2.18518 0.110481
-1.29953 -1.29132 0 2.16843 2.18495 0.110481
-1.29955 -1.29132 0 2.16813 2.18474 0.101759
-1.29957 -1.29132 0 2.16783 2.18454 0.110481
-1.29959 -1.29132 0 2.16753 2.18431 0.119204
-1.29961 -1.2913 0 2.16723 2.18407 0.093037
-1.29964 -1.2913 0.0610556 2.16693 2.18384 0.101759
-1.29966 -1.2913 0 2.16663 2.18364 0.0872222
-1.29968 -1.2913 0 2.16633 2.1834 0.110481
-1.2997 -1.2913 0 2.16603 2.1832 0.093037
-1.29971 -1.2913 0 2.16573 2.183 0.101759
-1.29973 -1.2913 0 2.16543 2.18276 0.0872222
-1.29975 -1.2913 0 2.16513 2.18256 0.101759
-1.29977 -1.2913 0 2.16483 2.1823 0.110481
-1.29979 -1.2913 0 2.16453 2.18204 0.093037
-1.29981 -1.2913 0 2.16423 2.18181 0.110481
-1.29983 -1.2913 0 2.16393 2.18157 0.093037
-1.29985 -1.2913 0 2.16363 2.18137 0.0872222
-1.29987 -1.2913 0 2.16333 2.18119 0.0785
-1.29989 -1.2913 0 2.16302 2.18105 0.0785
-1.29991 -1.2913 0 2.16272 2.18087 0.093037
-1.29993 -1.2913 0 2.16242 2.18073 0.0785
-1.29994 -1.2913 0 2.16212 2.18058 0.0552407
-1.29996 -1.2913 0 2.16182 2.18044 0.0465185
-1.29998 -1.2913 0 2.16152 2.18029 0.0552407
-1.3 -1.2913 0 2.16122 2.18018 0.0610556
-1.30002 -1.2913 0 2.16092 2.18003 0.0785
-1.30004 -1.2913 0 2.16062 2.17989 0.0785
-1.30005 -1.2913 0 2.16032 2.17974 0.0785
-1.30007 -1.2913 0 2.16002 2.17957 0.093037
-1.30009 -1.2913 0 2.15972 2.17939 0.0872222
-1.30011 -1.2913 0 2.15942 2.17919 0.093037
-1.30013 -1.2913 0 2.15912 2.17899 0.093037
-1.30014 -1.2913 0 2.15882 2.17878 0.110481
-1.30016 -1.2913 0 2.15852 2.17852 0.133741
-1.30018 -1.2913 0 2.15821 2.17826 0.119204
-1.30019 -1.2913 0 2.15791 2.17797 0.151185
-1.30021 -1.2913 0 2.15761 2.17765 0.165722
-1.30023 -1.2913 0 2.15731 2.17724 0.183167
-1.30025 -1.2913 0 2.15701 2.17686 0.183167
-1.30026 -1.2913 0 2.15671 2.17646 0.197704
-1.30028 -1.2913 0 2.15641 2.17602 0.229685
-1.3003 -1.2913 0 2.15611 2.1755 0.252944
-1.30031 -1.2913 0 2.15581 2.17497 0.270389
-1.30033 -1.2913 0 2.1555 2.17428 0.270389
-1.30034 -1.2913 0 2.1552 2.17366 0.30237
-1.30036 -1.29132 -0.0465185 2.1549 2.173 0.32563
-1.30038 -1.29132 0 2.1546 2.1723 0.311093
-1.30039 -1.29132 0 2.1543 2.17163 0.30237
-1.30041 -1.29132 0 2.154 2.17087 0.316907
-1.30043 -1.29138 0 2.15369 2.17015 0.30237
-1.30045 -1.29144 0 2.15339 2.16948 0.293648
-1.30047 -1.29147 0 2.15308 2.16872 0.279111
-1.30049 -1.29153 0 2.15278 2.16823 0.238407
-1.30051 -1.29159 -0.0465185 2.15248 2.16782 0.197704
-1.30053 -1.29162 0 2.15217 2.16747 0.183167
-1.30055 -1.29164 0 2.15187 2.16709 0.174444
-1.30057 -1.2917 0 2.15156 2.16672 0.165722
-1.30059 -1.29176 -0.0552407 2.15126 2.16637 0.165722
-1.30061 -1.29182 -0.0232593 2.15095 2.16602 0.142463
-1.30063 -1.29188 0 2.15065 2.16579 0.133741
-1.30065 -1.29188 0 2.15035 2.16549 0.151185
-1.30067 -1.29191 -0.0465185 2.15004 2.16526 0.142463
-1.30069 -1.29196 0 2.14974 2.16503 0.142463
-1.30071 -1.29199 -0.0465185 2.14943 2.16477 0.142463
-1.30073 -1.29202 0 2.14913 2.16451 0.133741
-1.30075 -1.29205 0 2.14882 2.16427 0.151185
-1.30076 -1.29208 -0.0610556 2.14852 2.16401 0.142463
-1.30078 -1.29211 -0.0465185 2.14822 2.16366 0.142463
-1.3008 -1.29214 0 2.14791 2.16337 0.133741
-1.30082 -1.29214 0 2.14761 2.16297 0.142463
-1.30084 -1.29214 0 2.1473 2.16262 0.125019
-1.30086 -1.29214 0 2.147 2.16224 0.125019
-1.30087 -1.29214 0 2.14669 2.16195 0.110481
-1.30089 -1.29214 0 2.14639 2.16169 0.119204
-1.30091 -1.29214 0 2.14608 2.16142 0.110481
-1.30093 -1.29214 0 2.14578 2.16119 0.101759
-1.30094 -1.29214 0 2.14547 2.16102 0.093037
-1.30096 -1.29211 0 2.14517 2.16078 0.110481
-1.30098 -1.29211 0 2.14486 2.16061 0.0872222
-1.301 -1.29211 0 2.14456 2.16044 0.093037
-1.30101 -1.29211 0 2.14425 2.16023 0.0785
-1.30103 -1.29211 0 2.14395 2.16009 0.0872222
-1.30105 -1.29211 0 2.14364 2.15997 0.0785
-1.30106 -1.29211 0.00581481 2.14334 2.15983 0.0377963
-1.30108 -1.29208 0.0377963 2.14303 2.15971 0.0552407
-1.3011 -1.29208 0 2.14273 2.15962 0.0610556
-1.30111 -1.29208 0 2.14242 2.15953 0
-1.30113 -1.29208 0 2.14212 2.15948 0.0610556
-1.30115 -1.29208 0 2.14181 2.15945 0.0290741
-1.30116 -1.29208 0 2.14151 2.15939 0.0610556
-1.30118 -1.29208 0 2.1412 2.15933 0.0465185
-1.3012 -1.29208 0 2.1409 2.1593 0.0465185
-1.30121 -1.29208 0 2.14059 2.15921 0
-1.30123 -1.29208 0 2.14029 2.15916 0.0465185
-1.30124 -1.29208 0 2.13998 2.15913 0.0290741
-1.30126 -1.29208 0 2.13967 2.15907 0
-1.30127 -1.29208 0 2.13937 2.15901 0.0377963
-1.30129 -1.29208 0 2.13906 2.15895 0.0610556
-1.3013 -1.29208 0 2.13876 2.15887 0.0552407
-1.30132 -1.29208 0 2.13845 2.15881 0.0552407
-1.30134 -1.29208 0 2.13815 2.15872 0.0232593
-1.30135 -1.29208 0 2.13784 2.15863 0.0290741
-1.30137 -1.29208 0 2.13753 2.15852 0.0697778
-1.30138 -1.29208 0 2.13723 2.15837 0.0465185
-1.30139 -1.29208 0 2.13692 2.15823 0.0610556
-1.30141 -1.29208 0 2.13662 2.15811 0.0785
-1.30142 -1.29208 0 2.13631 2.15794 0.0610556
-1.30144 -1.29208 0 2.136 2.15776 0.0872222
-1.30145 -1.29208 0 2.1357 2.15753 0.0872222
-1.30147 -1.29208 0 2.13539 2.1573 0.0785
-1.30148 -1.29208 0 2.13509 2.15703 0.101759
-1.30149 -1.29208 0 2.13478 2.1568 0.101759
-1.30151 -1.29208 0 2.13447 2.1566 0.093037
-1.30152 -1.29208 0 2.13417 2.15634 0.110481
-1.30154 -1.29208 0 2.13386 2.15605 0.125019
-1.30155 -1.29208 0 2.13356 2.15578 0.133741
-1.30156 -1.29208 0 2.13325 2.15546 0.142463
-1.30158 -1.29208 0 2.13294 2.15514 0.157
-1.30159 -1.29208 0 2.13264 2.15477 0.183167
-1.3016 -1.29211 0 2.13233 2.15439 0.197704
-1.30162 -1.29211 0 2.13202 2.15398 0.215148
-1.30164 -1.29211 0 2.13171 2.15346 0.206426
-1.30166 -1.29211 0 2.1314 2.15299 0.238407
-1.30167 -1.29211 0 2.13109 2.1525 0.220963
-1.30169 -1.29214 -0.0232593 2.13079 2.15192 0.229685
-1.30171 -1.29214 0 2.13048 2.15139 0.220963
-1.30172 -1.29217 -0.0232593 2.13017 2.15096 0.206426
-1.30174 -1.29217 0 2.12986 2.15041 0.220963
-1.30176 -1.2922 -0.014537 2.12955 2.14994 0.215148
-1.30177 -1.29223 0 2.12924 2.14947 0.215148
-1.30179 -1.29225 -0.0232593 2.12893 2.14892 0.215148
-1.3018 -1.29228 -0.0232593 2.12862 2.14849 0.238407
-1.30182 -1.29234 0 2.12831 2.14799 0.261667
-1.30184 -1.29237 -0.00581481 2.128 2.1475 0.279111
-1.30185 -1.2924 -0.0552407 2.12769 2.14695 0.279111
-1.30187 -1.29246 -0.0610556 2.12738 2.14639 0.311093
-1.30188 -1.29249 -0.0232593 2.12707 2.14578 0.316907
-1.3019 -1.29249 0 2.12677 2.14514 0.32563
-1.30191 -1.29252 0 2.12646 2.1445 0.316907
-1.30193 -1.29257 -0.0465185 2.12615 2.14389 0.32563
-1.30194 -1.29269 -0.0290741 2.12584 2.14334 0.343074
-1.30196 -1.29272 -0.0290741 2.12553 2.1427 0.311093
-1.30197 -1.29278 0 2.12522 2.14203 0.334352
-1.30199 -1.29284 0 2.12491 2.14133 0.32563
-1.302 -1.29289 -0.0465185 2.1246 2.14072 0.311093
-1.30202 -1.29298 0 2.12429 2.1402 0.311093
-1.30203 -1.29307 -0.0697778 2.12398 2.13965 0.30237
-1.30205 -1.29313 0 2.12367 2.13918 0.252944
-1.30206 -1.29319 0 2.12336 2.13869 0.252944
-1.30208 -1.29327 -0.00581481 2.12305 2.13817 0.229685
-1.30209 -1.29339 0 2.12274 2.13776 0.197704
-1.3021 -1.29345 -0.014537 2.12243 2.13738 0.188981
-1.30212 -1.29353 -0.0552407 2.12212 2.13709 0.183167
-1.30213 -1.29359 -0.00581481 2.12181 2.13674 0.183167
-1.30215 -1.29365 -0.0552407 2.1215 2.13645 0.174444
-1.30216 -1.29368 0 2.12119 2.13616 0.165722
-1.30217 -1.29371 -0.0232593 2.12088 2.13587 0.165722
-1.30219 -1.29374 -0.0377963 2.12057 2.13552 0.174444
-1.3022 -1.2938 0 2.12026 2.13523 0.165722
-1.30221 -1.29382 0 2.11995 2.13491 0.183167
-1.30223 -1.29382 0 2.11964 2.1345 0.183167
-1.30224 -1.29382 0 2.11933 2.13415 0.174444
-1.30225 -1.29385 0 2.11902 2.1338 0.183167
-1.30227 -1.29385 0 2.11871 2.13346 0.174444
-1.30228 -1.29388 0 2.1184 2.13314 0.183167
-1.30229 -1.29388 -0.0232593 2.11808 2.13279 0.165722
-1.3023 -1.29388 0 2.11777 2.13244 0.157
-1.30232 -1.29388 0 2.11746 2.13206 0.183167
-1.30233 -1.29388 0 2.11715 2.13168 0.157
-1.30234 -1.29388 0 2.11684 2.13136 0.157
-1.30235 -1.29388 0 2.11653 2.13107 0.133741
-1.30236 -1.29388 0 2.11622 2.13081 0.151185
-1.30238 -1.29388 0 2.11591 2.13055 0.125019
-1.30239 -1.29388 0 2.1156 2.13023 0.119204
-1.3024 -1.29388 0 2.11529 2.12997 0.142463
-1.30241 -1.29388 0 2.11498 2.1297 0.119204
-1.30242 -1.29388 0 2.11467 2.12944 0.142463
-1.30243 -1.29388 0 2.11436 2.12921 0.110481
-1.30245 -1.29388 0 2.11404 2.12895 0.133741
-1.30246 -1.29388 0 2.11373 2.12869 0.125019
-1.30247 -1.29388 0 2.11342 2.12843 0.125019
-1.30248 -1.29388 0 2.11311 2.12813 0.142463
-1.30249 -1.29388 0 2.1128 2.1279 0.125019
-1.3025 -1.29388 0 2.11249 2.12761 0.133741
-1.30251 -1.29388 0 2.11218 2.12732 0.157
-1.30252 -1.29388 0 2.11187 2.127 0.133741
-1.30253 -1.29388 0 2.11155 2.12671 0.142463
-1.30254 -1.29388 0 2.11124 2.12642 0.157
-1.30255 -1.29388 0 2.11093 2.12604 0.165722
-1.30256 -1.29388 0 2.11062 2.12569 0.183167
-1.30257 -1.29388 0 2.11031 2.12529 0.165722
-1.30258 -1.29388 0 2.11 2.12491 0.197704
-1.30259 -1.29388 0 2.10969 2.1245 0.188981
-1.3026 -1.29388 0 2.10937 2.12409 0.197704
-1.30261 -1.29388 0 2.10906 2.12369 0.215148
-1.30262 -1.29388 0 2.10875 2.12328 0.197704
-1.30263 -1.29388 0 2.10844 2.1229 0.188981
-1.30264 -1.29388 0 2.10813 2.12249 0.197704
-1.30265 -1.29388 0 2.10782 2.12212 0.188981
-1.30266 -1.29388 0 2.1075 2.12171 0.183167
-1.30267 -1.29388 0 2.10719 2.12127 0.197704
-1.30268 -1.29388 0 2.10688 2.12087 0.183167
-1.30269 -1.29388 0 2.10657 2.12052 0.183167
-1.3027 -1.29388 0 2.10626 2.12017 0.165722
-1.30271 -1.29391 0 2.10594 2.11982 0.188981
-1.30273 -1.29391 0 2.10562 2.11941 0.165722
-1.30275 -1.29391 0 2.1053 2.11901 0.183167
-1.30277 -1.29397 -0.0552407 2.10498 2.11866 0.165722
-1.30279 -1.29397 0 2.10466 2.11822 0.165722
-1.30281 -1.29397 0 2.10435 2.11784 0.188981
-1.30283 -1.29397 0 2.10403 2.11749 0.165722
-1.30284 -1.29397 0 2.10371 2.11709 0.157
-1.30286 -1.294 -0.0232593 2.10339 2.11682 0.157
-1.30288 -1.294 0 2.10307 2.1165 0.142463
-1.3029 -1.294 0 2.10275 2.11621 0.133741
-1.30292 -1.294 0 2.10243 2.11589 0.133741
-1.30294 -1.29403 -0.0377963 2.10211 2.11566 0.110481
-1.30295 -1.29403 0 2.10179 2.1154 0.119204
-1.30297 -1.29403 0 2.10148 2.11517 0.093037
-1.30299 -1.29403 0 2.10116 2.11491 0.119204
-1.30301 -1.29403 0 2.10084 2.11467 0.0872222
-1.30302 -1.29403 0 2.10052 2.11447 0.101759
-1.30304 -1.29403 0 2.1002 2.11427 0.0872222
-1.30306 -1.29403 0 2.09988 2.11403 0.101759
-1.30308 -1.29403 0 2.09956 2.11383 0.101759
-1.30309 -1.29403 0 2.09924 2.11363 0.0697778
-1.30311 -1.29403 0 2.09892 2.11342 0.093037
-1.30313 -1.29403 0 2.0986 2.11322 0.0872222
-1.30314 -1.29403 0 2.09828 2.1131 0.0785
-1.30316 -1.29403 0 2.09796 2.11296 0.0785
-1.30318 -1.29403 0 2.09764 2.11287 0.0785
-1.30319 -1.29403 0 2.09732 2.11275 0.0377963
-1.30321 -1.29403 0 2.097 2.11264 0.0785
-1.30322 -1.29403 0 2.09668 2.11255 0.0552407
-1.30324 -1.29403 0 2.09636 2.11249 0.0377963
-1.30326 -1.29403 0 2.09604 2.11241 0.0232593
-1.30327 -1.29403 0 2.09572 2.11235 0.0610556
-1.30329 -1.29403 0 2.0954 2.11226 0.0552407
-1.3033 -1.29403 0 2.09508 2.11223 0.0377963
-1.30332 -1.29403 0 2.09476 2.11217 0
-1.30333 -1.29403 0 2.09444 2.11214 0.0232593
-1.30335 -1.29403 0 2.09412 2.11209 0.0465185
-1.30337 -1.29403 0 2.0938 2.11206 0
-1.30338 -1.29403 0 2.09348 2.11203 0.0232593
-1.3034 -1.29403 0 2.09316 2.112 0
-1.30341 -1.29403 0 2.09284 2.11194 0.0465185
-1.30342 -1.29403 0 2.09252 2.11188 0.0290741
-1.30344 -1.29403 0 2.0922 2.11185 0.0290741
-1.30345 -1.29403 0 2.09188 2.11179 0.0610556
-1.30347 -1.29403 0 2.09156 2.11177 0.0290741
-1.30348 -1.29403 0 2.09124 2.11171 0.014537
-1.3035 -1.29403 0 2.09092 2.11162 0
-1.30351 -1.29403 0 2.0906 2.11156 0.00581481
-1.30352 -1.29403 0 2.09028 2.1115 0.00581481
-1.30354 -1.29403 0 2.08996 2.11142 0.00581481
-1.30355 -1.29403 0 2.08964 2.11133 0.0785
-1.30357 -1.29403 0 2.08932 2.11124 0.0610556
-1.30358 -1.29403 0 2.089 2.11118 0
-1.30359 -1.29403 0 2.08868 2.11107 0.0232593
-1.30361 -1.29403 0 2.08835 2.11095 0.014537
-1.30362 -1.29403 0 2.08803 2.11086 0.0290741
-1.30363 -1.29403 0 2.08771 2.11072 0.0465185
-1.30365 -1.29403 0 2.08739 2.11057 0.0697778
-1.30366 -1.29403 0 2.08707 2.11043 0.0552407
-1.30367 -1.29403 0 2.08675 2.11028 0.0872222
-1.30368 -1.29403 0 2.08643 2.11014 0.0552407
-1.3037 -1.29403 0 2.08611 2.10996 0.0872222
-1.30371 -1.29403 0 2.08579 2.10979 0.093037
-1.30372 -1.29403 0 2.08546 2.10959 0.093037
-1.30373 -1.29403 0 2.08514 2.10941 0.093037
-1.30375 -1.29403 0 2.08482 2.10921 0.110481
-1.30376 -1.29403 0 2.0845 2.109 0.093037
-1.30377 -1.29406 0 2.08418 2.10886 0.101759
-1.30378 -1.29406 0 2.08386 2.1086 0.125019
-1.30379 -1.29406 0 2.08354 2.10834 0.125019
-1.30381 -1.29406 0 2.08321 2.10807 0.125019
-1.30382 -1.29409 -0.00581481 2.08289 2.10781 0.142463
-1.30383 -1.29409 0 2.08257 2.10749 0.151185
-1.30384 -1.29412 0 2.08225 2.10717 0.157
-1.30385 -1.29412 0 2.08193 2.10682 0.165722
-1.30386 -1.29412 0 2.08161 2.10645 0.188981
-1.30387 -1.29414 0 2.08128 2.10604 0.188981
-1.30388 -1.29417 0 2.08096 2.10566 0.197704
-1.3039 -1.29417 0 2.08064 2.1052 0.206426
-1.30393 -1.2942 0 2.08031 2.10476 0.220963
-1.30395 -1.29426 -0.0465185 2.07998 2.10421 0.252944
-1.30397 -1.29432 0 2.07965 2.10368 0.270389
-1.30399 -1.29432 0 2.07932 2.10313 0.252944
-1.30402 -1.29435 0 2.07899 2.10258 0.279111
-1.30404 -1.29438 -0.0232593 2.07866 2.10206 0.30237
-1.30406 -1.29444 -0.0290741 2.07832 2.10153 0.30237
-1.30408 -1.29449 -0.00581481 2.07799 2.10101 0.293648
-1.3041 -1.29452 0 2.07766 2.1004 0.311093
-1.30412 -1.29458 0 2.07733 2.09976 0.334352
-1.30415 -1.29467 -0.0697778 2.077 2.099 0.348889
-1.30417 -1.29476 -0.0610556 2.07667 2.09819 0.38087
-1.30419 -1.29481 0 2.07634 2.0974 0.439019
-1.30421 -1.29481 0 2.07601 2.09641 0.462278
-1.30423 -1.29487 -0.0377963 2.07568 2.09551 0.462278
-1.30425 -1.29499 -0.0232593 2.07535 2.09455 0.453556
-1.30427 -1.2951 -0.0697778 2.07502 2.09362 0.476815
-1.30429 -1.29519 -0.0290741 2.07469 2.09275 0.453556
-1.30431 -1.29528 -0.0465185 2.07436 2.092 0.439019
-1.30434 -1.29534 -0.0377963 2.07403 2.09124 0.412852
-1.30436 -1.29539 -0.014537 2.0737 2.09054 0.389593
-1.30438 -1.29548 -0.0465185 2.07337 2.0899 0.366333
-1.3044 -1.29563 -0.0697778 2.07304 2.08935 0.348889
-1.30442 -1.29574 -0.0465185 2.0727 2.08862 0.32563
-1.30444 -1.2958 -0.0232593 2.07237 2.08798 0.30237
-1.30446 -1.29586 -0.0552407 2.07204 2.08746 0.279111
-1.30448 -1.29598 -0.0465185 2.07171 2.08705 0.261667
-1.3045 -1.29603 -0.0377963 2.07138 2.08659 0.252944
-1.30451 -1.29612 -0.0610556 2.07105 2.08615 0.252944
-1.30453 -1.29618 -0.0465185 2.07072 2.08574 0.229685
-1.30455 -1.29624 0 2.07039 2.08531 0.220963
-1.30457 -1.29627 -0.0552407 2.07006 2.08479 0.215148
-1.30459 -1.29635 -0.014537 2.06972 2.08441 0.220963
-1.30461 -1.29641 -0.014537 2.06939 2.084 0.220963
-1.30463 -1.29647 -0.0552407 2.06906 2.08356 0.24713
-1.30465 -1.2965 0 2.06873 2.0831 0.24713
-1.30467 -1.2965 0 2.0684 2.08255 0.252944
-1.30468 -1.2965 0 2.06807 2.08202 0.270389
-1.3047 -1.29656 -0.0290741 2.06773 2.08156 0.279111
-1.30472 -1.29662 -0.014537 2.0674 2.08106 0.270389
-1.30474 -1.29665 -0.0290741 2.06707 2.08051 0.279111
-1.30476 -1.29667 0 2.06674 2.07993 0.30237
-1.30477 -1.29667 0 2.06641 2.07932 0.30237
-1.30479 -1.29667 0 2.06607 2.07868 0.311093
-1.30481 -1.29673 -0.0232593 2.06574 2.07807 0.32563
-1.30483 -1.29676 0 2.06541 2.07746 0.343074
-1.30485 -1.29679 -0.0377963 2.06508 2.07682 0.343074
-1.30486 -1.29682 0 2.06475 2.07609 0.348889
-1.30488 -1.29682 0 2.06441 2.07537 0.357611
-1.3049 -1.29685 0 2.06408 2.07464 0.357611
-1.30491 -1.29694 -0.0465185 2.06375 2.07391 0.32563
-1.30493 -1.29699 -0.014537 2.06342 2.0733 0.32563
-1.30495 -1.29702 0 2.06308 2.07269 0.334352
-1.30496 -1.29705 0 2.06275 2.07208 0.316907
-1.30498 -1.29708 0 2.06242 2.07153 0.311093
-1.305 -1.29711 -0.0290741 2.06209 2.07097 0.284926
-1.30501 -1.29717 -0.00581481 2.06175 2.07051 0.252944
-1.30503 -1.29723 -0.0465185 2.06142 2.0701 0.252944
-1.30504 -1.29728 0 2.06109 2.06964 0.197704
-1.30506 -1.29731 0 2.06076 2.06938 0.142463
-1.30508 -1.29731 0 2.06042 2.06914 0.110481
-1.30509 -1.2974 -0.014537 2.06009 2.06906 0.093037
-1.30511 -1.29746 -0.0290741 2.05976 2.06897 0.0872222
-1.30512 -1.29749 -0.0290741 2.05942 2.06888 0.0610556
-1.30514 -1.29755 0 2.05909 2.06888 0.0552407
-1.30515 -1.29755 0 2.05876 2.06877 0.0610556
-1.30517 -1.29755 0 2.05842 2.06862 0.0465185
-1.30519 -1.2976 -0.0610556 2.05809 2.06853 0.0872222
-1.30522 -1.29763 -0.014537 2.05774 2.06845 0.0785
-1.30525 -1.29763 0 2.0574 2.06827 0.0785
-1.30528 -1.29763 0 2.05705 2.06815 0.0785
-1.30532 -1.29763 0 2.05671 2.06801 0.0610556
-1.30535 -1.29766 -0.0377963 2.05636 2.06786 0.0785
-1.30538 -1.29769 -0.0290741 2.05601 2.06775 0.0872222
-1.30541 -1.29769 0 2.05567 2.0676 0.0785
-1.30544 -1.29769 0 2.05532 2.06743 0.0785
-1.30547 -1.29769 0 2.05498 2.06725 0.093037
-1.30551 -1.29769 0 2.05463 2.06711 0.0872222
-1.30554 -1.29769 0 2.05429 2.06696 0.0785
-1.30557 -1.29769 0 2.05394 2.06679 0.0785
-1.3056 -1.29769 0 2.05359 2.06667 0.0552407
-1.30563 -1.29769 0 2.05325 2.06653 0.0552407
-1.30566 -1.29769 0 2.0529 2.06641 0.0465185
-1.30569 -1.29769 0 2.05255 2.06626 0.0610556
-1.30572 -1.29769 0 2.05221 2.06618 0.014537
-1.30575 -1.29769 0 2.05186 2.06609 0.0290741
-1.30578 -1.29769 0 2.05151 2.066 0.0552407
-1.30581 -1.29769 0 2.05117 2.06595 0.0552407
-1.30584 -1.29769 0 2.05082 2.06592 0.0610556
-1.30587 -1.29769 0 2.05047 2.06589 0.0290741
-1.3059 -1.29769 0 2.05013 2.06586 0.0377963
-1.30593 -1.29769 0 2.04978 2.06583 0
-1.30596 -1.29769 0 2.04943 2.06583 0
-1.30599 -1.29769 0 2.04909 2.0658 0
-1.30602 -1.29769 0 2.04874 2.0658 0
-1.30604 -1.29769 0 2.04839 2.0658 0
-1.30607 -1.29769 0 2.04805 2.0658 0
-1.3061 -1.29769 0 2.0477 2.06574 0.0232593
-1.30613 -1.29769 0 2.04735 2.06574 0
-1.30616 -1.29772 0 2.047 2.06571 0
-1.30619 -1.29772 0 2.04666 2.06568 0.014537
-1.30621 -1.29772 0 2.04631 2.06565 0.0465185
-1.30624 -1.29772 0 2.04596 2.0656 0.0465185
-1.30627 -1.29772 0 2.04561 2.06551 0.0290741
-1.3063 -1.29772 0 2.04527 2.06542 0.0465185
-1.30633 -1.29772 0 2.04492 2.06533 0.0465185
-1.30635 -1.29772 0 2.04457 2.06522 0.0610556
-1.30638 -1.29775 -0.0465185 2.04422 2.06513 0.0465185
-1.30641 -1.29775 0 2.04388 2.06504 0.0232593
-1.30643 -1.29775 0 2.04353 2.06493 0.0697778
-1.30646 -1.29775 0 2.04318 2.06478 0.0785
-1.30649 -1.29778 -0.0552407 2.04283 2.06467 0.0697778
-1.30651 -1.29781 -0.0377963 2.04248 2.06455 0.0697778
-1.30654 -1.29781 0 2.04214 2.06438 0.0552407
-1.30657 -1.29781 0 2.04179 2.06423 0.0785
-1.30659 -1.29781 0 2.04144 2.06411 0.0872222
-1.30662 -1.29787 -0.0232593 2.04109 2.06403 0.0610556
-1.30665 -1.2979 0 2.04074 2.06391 0.0610556
-1.30667 -1.29792 -0.0610556 2.04039 2.06379 0.0610556
-1.3067 -1.29792 0 2.04005 2.06365 0.0872222
-1.30672 -1.29795 -0.0377963 2.0397 2.0635 0.0872222
-1.30674 -1.29795 0 2.03935 2.06333 0.0610556
-1.30676 -1.29795 0 2.03901 2.06318 0.0697778
-1.30678 -1.29795 0 2.03867 2.06298 0.093037
-1.30679 -1.29798 -0.0290741 2.03832 2.06283 0.101759
-1.30681 -1.29798 0 2.03798 2.06263 0.093037
-1.30683 -1.29801 0 2.03764 2.0624 0.119204
-1.30685 -1.29801 0 2.03729 2.06214 0.125019
-1.30686 -1.29801 0 2.03695 2.06187 0.133741
-1.30688 -1.29804 -0.0377963 2.03661 2.06164 0.151185
-1.3069 -1.29804 0 2.03626 2.06132 0.157
-1.30692 -1.29804 0 2.03592 2.061 0.142463
-1.30693 -1.29804 0 2.03557 2.06065 0.183167
-1.30695 -1.29804 0 2.03523 2.06033 0.165722
-1.30697 -1.29807 -0.00581481 2.03489 2.05996 0.197704
-1.30698 -1.2981 -0.0232593 2.03454 2.05964 0.188981
-1.307 -1.2981 0 2.0342 2.05923 0.197704
-1.30702 -1.29813 -0.0377963 2.03385 2.05879 0.229685
-1.30703 -1.29813 0 2.03351 2.05833 0.229685
-1.30705 -1.29813 0 2.03316 2.05775 0.229685
-1.30706 -1.29819 -0.0377963 2.03282 2.05714 0.252944
-1.30708 -1.29822 0 2.03247 2.05658 0.279111
-1.3071 -1.29824 -0.0377963 2.03213 2.05603 0.279111
-1.30711 -1.29824 0 2.03179 2.05539 0.311093
-1.30713 -1.29827 0 2.03144 2.05475 0.316907
-1.30714 -1.2983 -0.00581481 2.0311 2.05417 0.32563
-1.30716 -1.29836 -0.0232593 2.03075 2.05353 0.357611
-1.30717 -1.29839 -0.00581481 2.03041 2.0528 0.343074
-1.30719 -1.29845 0 2.03006 2.05213 0.343074
-1.3072 -1.29851 -0.0290741 2.02972 2.05135 0.375056
-1.30722 -1.29856 0 2.02937 2.05051 0.389593
-1.30723 -1.29862 -0.0377963 2.02903 2.04981 0.398315
-1.30725 -1.29871 -0.00581481 2.02868 2.04902 0.430296
-1.30726 -1.29877 -0.0377963 2.02834 2.04827 0.439019
-1.30727 -1.29885 -0.0552407 2.02799 2.04737 0.453556
-1.30729 -1.29891 -0.00581481 2.02764 2.04655 0.439019
-1.3073 -1.29897 -0.0465185 2.0273 2.04565 0.462278
-1.30732 -1.29906 -0.0610556 2.02695 2.04492 0.444833
-1.30733 -1.29917 -0.0610556 2.02661 2.04414 0.453556
-1.30734 -1.29926 -0.0785 2.02626 2.04338 0.453556
-1.30736 -1.29932 -0.0552407 2.02592 2.0426 0.444833
-1.30737 -1.29941 0 2.02557 2.04187 0.439019
-1.30738 -1.29949 -0.0552407 2.02523 2.0412 0.407037
-1.30747 -1.29958 -0.0290741 2.02483 2.04056 0.407037
-1.30758 -1.2997 -0.0610556 2.02441 2.03992 0.348889
-1.30769 -1.29981 -0.0697778 2.02399 2.03937 0.343074
-1.3078 -1.2999 -0.0785 2.02357 2.03882 0.30237
-1.3079 -1.29999 -0.0610556 2.02315 2.03835 0.279111
-1.30801 -1.30005 -0.0610556 2.02273 2.03786 0.261667
-1.30812 -1.30016 -0.0377963 2.02231 2.03745 0.252944
-1.30823 -1.30025 -0.0610556 2.02189 2.03702 0.252944
-1.30834 -1.30034 -0.0552407 2.02147 2.03664 0.24713
-1.30844 -1.30042 -0.0377963 2.02105 2.03623 0.252944
-1.30855 -1.30051 -0.0290741 2.02063 2.03582 0.238407
-1.30866 -1.3006 -0.0785 2.02021 2.03542 0.24713
-1.30876 -1.30072 -0.0697778 2.01979 2.03504 0.252944
-1.30887 -1.3008 -0.0552407 2.01937 2.03457 0.284926
-1.30897 -1.30086 -0.0232593 2.01895 2.03402 0.30237
-1.30908 -1.30092 -0.0232593 2.01852 2.03347 0.293648
-1.30918 -1.30101 -0.0697778 2.0181 2.03292 0.334352
