torque_1 torque_1_t torque_2 torque_2_t
0.526235 -0.0875 0.339416 -0.065625
0.520835 -0.240625 0.345837 0.30625
0.514985 -0.371875 0.366213 0.35
0.509585 -0.30625 0.369435 0.35
0.503735 -0.590625 0.378763 0.39375
0.498335 -0.56875 0.394487 0
0.492485 -0.48125 0.390722 0.35
0.487085 -0.503125 0.408481 0.4375
0.481235 -0.546875 0.416064 0.30625
0.475835 -0.546875 0.420159 0.48125
0.35283 -0.56875 0.425126 0.48125
0.463277 -0.525 0.435616 0.459375
0.457877 -0.546875 0.442327 0.503125
0.452027 -0.503125 0.444387 0.525
0.445318 -0.634375 0.453714 0.503125
0.439468 -0.56875 0.458681 0.546875
0.434068 -0.56875 0.455207 0.546875
0.428218 -0.503125 0.465407 0.546875
0.42151 -0.56875 0.473863 0.525
0.41566 -0.546875 0.478829 0.590625
0.41026 -0.546875 0.490192 0.590625
0.40441 -0.74375 0.495159 0.6125
0.39856 -0.459375 0.507103 0.56875
0.391852 -0.459375 0.51207 0.634375
0.386002 -0.546875 0.518781 0.7
0.380602 -0.56875 0.52462 0.634375
0.374752 -0.4375 0.532203 0.65625
0.369352 -0.415625 0.53717 0.65625
0.363502 -0.4375 0.544753 0.678125
0.358102 -0.4375 0.547976 0.634375
0.352252 -0.4375 0.550907 0.65625
0.346852 -0.525 0.565759 0.65625
0.341002 -0.48125 0.571598 0.721875
0.335152 -0.39375 0.57104 0.74375
0.329752 -0.459375 0.584148 0.721875
0.323902 -0.371875 0.59115 0.721875
0.318502 -0.459375 0.588557 0.7875
0.312652 -0.35 0.597303 0.634375
0.307252 -0.4375 0.608376 0.7875
0.301402 -0.35 0.614214 0.765625
0.295552 -0.56875 0.620053 0.7875
0.290152 -0.30625 0.626764 0.7875
0.286102 -0.546875 0.632303 0.809375
0.281602 -0.35 0.637842 0.7875
0.277102 -0.328125 0.644253 0.7875
0.273052 -0.39375 0.652127 0.459375
0.268552 -0.503125 0.658539 0.853125
0.264052 -0.525 0.659426 0.875
0.260002 -0.30625 0.666427 0.721875
0.255502 -0.30625 0.672839 0.546875
0.251002 -0.415625 0.674889 0.83125
0.246952 -0.371875 0.683044 0.91875
0.242452 -0.30625 0.687139 0.765625
0.237952 -0.39375 0.690933 0.853125
0.233452 -0.39375 0.695018 0.65625
0.229402 -0.2625 0.699685 0.765625
0.224902 -0.546875 0.704651 0.875
0.220402 -0.2625 0.705829 0.984375
0.216352 -0.371875 0.711368 1.00625
0.211852 -0.30625 0.711101 0.91875
0.207352 -0.21875 0.716931 0.875
0.202852 -0.4375 0.720726 0.984375
0.198802 -0.328125 0.718714 0.940625
0.194302 -0.415625 0.7228 0.9625
0.189802 -0.328125 0.721942 0.9625
0.185302 -0.284375 0.722539 0.9625
0.181252 -0.328125 0.724016 1.00625
0.176752 -0.175 0.726357 0.91875
0.172252 -0.371875 0.724918 0.940625
0.167752 -0.48125 0.726396 0.896875
0.163702 -0.175 0.726992 0.940625
0.159202 -0.371875 0.723809 1.02812
0.154702 -0.240625 0.725577 0.91875
0.150202 -0.175 0.719487 0.875
0.145702 -0.39375 0.715731 0.984375
0.141652 -0.109375 0.711966 0.91875
0.137152 -0.196875 0.708783 0.91875
0.132652 -0.284375 0.7059 0.853125
0.128152 -0.21875 0.698355 0.91875
0.123652 -0.240625 0.691683 0.896875
0.119602 -0.30625 0.687055 0.984375
0.115102 -0.21875 0.683872 0.875
0.110602 -0.175 0.678944 0.940625
0.106102 -0.21875 0.677224 0.74375
0.101602 -0.196875 0.672587 0.809375
0.0971017 -0.240625 0.668831 0.853125
0.0930517 -0.065625 0.657798 0.83125
0.0885517 -0.13125 0.651416 0.809375
0.0840517 0.0875 0.642718 0.765625
0.0795517 -0.13125 0.628777 1.02812
0.0750517 -0.065625 0.620951 0.83125
0.0705517 -0.196875 0.605266 0.9625
0.0660517 -0.153125 0.596277 0.721875
0.0620017 -0.153125 0.579429 0.83125
0.0575017 -0.415625 0.574792 0.9625
-0.064603 -0.13125 0.561733 0.83125
0.0471933 0.328125 0.554189 0.940625
0.0426933 -0.0875 0.54142 0.853125
0.0386433 -0.109375 0.532713 0.9625
0.0350433 -0.04375 0.530983 0.875
0.0314433 0 0.525764 0.9625
0.0273933 0 0.519674 0.984375
0.0237933 -0.021875 0.519107 0.984375
0.0201933 -0.13125 0.522029 0.546875
0.0161433 -0.13125 0.5203 0.7875
0.0125433 -0.109375 0.524676 0.7875
0.00849333 -0.04375 0.530214 0.7875
0.00489333 -0.04375 0.534009 0.853125
0.00129333 0.04375 0.541292 0.74375
-0.00275667 -0.04375 0.545959 0.765625
-0.00635667 0.21875 0.543357 0.74375
-0.0104067 -0.13125 0.557909 0.74375
-0.0140067 0.284375 0.558224 0.74375
-0.0176067 -0.284375 0.572776 0.74375
-0.0216567 -0.109375 0.575698 0.74375
-0.0252567 -0.021875 0.578329 0.678125
-0.0293067 0.30625 0.592009 0.91875
-0.0329067 0 0.597548 0.30625
-0.0369567 -0.065625 0.603087 0.503125
-0.0405567 0.021875 0.605137 0.875
-0.0446067 -0.0875 0.609803 0.896875
-0.0482067 -0.021875 0.618831 0.7875
-0.0522567 0.284375 0.622053 0.875
-0.05324 0.021875 0.627883 0.765625
-0.05729 -0.0875 0.636039 0.984375
-0.06089 0.30625 0.637216 0.765625
-0.06494 0.30625 0.6445 0.525
-0.06854 0.196875 0.650039 0.809375
-0.07259 0.30625 0.653833 1.1375
-0.07619 -0.04375 0.656755 0.7875
-0.08024 -0.04375 0.662013 0.809375
-0.08384 0.21875 0.664935 0.853125
-0.08789 0.30625 0.670474 0.896875
-0.09149 0.328125 0.670779 0.83125
-0.09554 -0.04375 0.675737 0.83125
-0.09914 -0.13125 0.678659 0.415625
-0.10319 0.196875 0.681009 0.940625
-0.10679 0.546875 0.684222 0.83125
-0.11084 0.371875 0.68162 1.11563
-0.11444 0.284375 0.682216 0.875
-0.11849 0.0875 0.686011 0.9625
-0.12254 -0.04375 0.684 0.896875
-0.12614 0.371875 0.683724 0.875
-0.13019 0.284375 0.686937 0.7875
-0.13379 0.30625 0.69015 0.525
-0.13784 0.328125 0.681442 0.896875
-0.14189 0.35 0.67507 1.05
-0.14549 0.284375 0.678283 0.7875
-0.14954 -0.109375 0.668703 0.896875
-0.15314 0.021875 0.667555 0.853125
-0.15719 0 0.6635 0.940625
-0.16124 0.35 0.657127 0.940625
-0.16484 -0.04375 0.650746 0.83125
-0.16889 0.21875 0.645818 0.83125
-0.17294 0.065625 0.64089 0.809375
-0.17654 -0.13125 0.632774 0.83125
-0.18059 0 0.628137 0.853125
-0.18464 0.30625 0.61972 0.83125
-0.18824 0.35 0.609559 0.7
-0.19139 0.328125 0.598526 0.853125
-0.19499 0 0.591272 0.83125
-0.19814 0.328125 0.581983 0.7875
-0.20129 0.021875 0.574439 0.809375
-0.20489 0.35 0.568639 0.853125
-0.20804 0.196875 0.553244 0.83125
-0.285184 0.35 0.544827 0.809375
-0.216098 0.30625 0.527107 0.7875
-0.219248 0.35 0.516074 0.328125
-0.222848 0.021875 0.50475 0.765625
-0.225998 0.021875 0.495742 0.809375
-0.229148 0.04375 0.482383 0.809375
-0.232748 0 0.486177 0.809375
-0.235898 0.35 0.478051 0.83125
-0.239498 0.35 0.474577 0.765625
-0.242648 0.30625 0.479244 0.765625
-0.246248 0.35 0.477514 0.721875
-0.249398 0.35 0.485089 0.74375
-0.252548 0.35 0.482196 0.721875
-0.256148 0.35 0.495003 0.765625
-0.259298 0.371875 0.491239 0.678125
-0.262898 0.328125 0.50957 0.74375
-0.266048 0.2625 0.504061 0.721875
-0.269648 0.35 0.520648 0.721875
-0.272798 0.35 0.526768 0.678125
-0.276398 0.30625 0.532307 0.678125
-0.279548 0.30625 0.535229 0.7
-0.28184 0.35 0.550653 0.678125
-0.28499 0.371875 0.556192 0.678125
-0.287282 0.30625 0.558824 0.7
-0.290432 0.39375 0.569887 0.940625
-0.147353 0.39375 0.570774 0.7
-0.0183613 0.35 0.577476 0.74375
-0.179252 -0.04375 0.585631 0.74375
-0.109717 0.35 0.589426 0.721875
-0.30099 0.328125 0.595837 0.74375
-0.303282 0.371875 0.603411 0.721875
-0.305123 0.371875 0.603426 0.503125
-0.0312113 0.35 0.612172 0.7875
-0.277566 0.371875 0.614222 0.765625
-0.308932 0.35 0.622377 0.7875
-0.310773 0.415625 0.623555 0.74375
-0.239071 0.04375 0.625605 0.74375
-0.313598 -0.04375 0.628527 0.74375
-0.038378 0.35 0.629705 0.503125
-0.316873 0.328125 0.638151 0.7875
-0.127117 0.39375 0.639329 0.83125
-0.31839 0.0875 0.640507 0.7
-0.0880891 0.371875 0.642848 0.74375
-0.321215 0.35 0.643153 0.91875
-0.323507 0.35 0.637935 0.83125
-0.209052 0.35 0.644064 0.634375
-0.0950474 0.065625 0.646405 0.809375
-0.298241 0.35 0.642931 0.853125
-0.330465 0.35 0.6444 0.83125
-0.332757 0.328125 0.640926 0.853125
-0.336357 0.4375 0.639487 0.853125
-0.0619946 0.39375 0.643281 0.83125
-0.151509 0.021875 0.638353 0.940625
-0.34409 0.065625 0.641576 0.91875
-0.34724 -0.0875 0.639846 0.91875
-0.35084 0.39375 0.640151 0.74375
-0.35444 0.48125 0.644818 0.6125
-0.35759 0.4375 0.643379 0.91875
-0.36119 0.30625 0.648918 0.940625
-0.36479 0.4375 0.646907 0.91875
-0.36839 0.48125 0.655063 0.940625
-0.37154 0.7 0.65624 0.853125
-0.37514 0.6125 0.655674 0.91875
-0.37874 0.48125 0.659468 0.9625
-0.38189 0.503125 0.660646 0.896875
-0.38549 0.503125 0.666485 0.853125
-0.38864 0.459375 0.67057 0.875
-0.39179 0.175 0.66854 0.83125
-0.39449 0.371875 0.676987 0.83125
-0.39764 0.56875 0.675548 0.9625
-0.40079 0.525 0.676726 1.05
-0.40349 0.21875 0.679939 0.853125
-0.40664 0.56875 0.677337 1.11563
-0.40979 0.546875 0.68055 0.809375
-0.41249 0.546875 0.680855 0.91875
-0.41564 0.525 0.679416 1.00625
-0.41879 0.56875 0.677105 1.05
-0.42194 0.678125 0.683807 0.74375
-0.42464 0.590625 0.680624 0.875
-0.42779 0.546875 0.676859 1.00625
-0.43094 0.7 0.674548 0.853125
-0.43409 0.56875 0.6734 0.940625
-0.43679 0.525 0.665564 0.7875
-0.43994 0.7 0.665861 0.91875
-0.2528 0.7875 0.660061 0.83125
-0.444932 0.503125 0.654261 0.896875
-0.447632 0.56875 0.647589 0.984375
-0.450782 0.546875 0.641789 0.875
-0.453932 0.678125 0.634244 0.525
-0.457082 0.525 0.628444 0.91875
-0.459782 0.634375 0.6209 0.809375
-0.462932 0.765625 0.617716 0.765625
-0.466082 0.6125 0.608427 0.809375
-0.469232 0.65625 0.600011 0.809375
-0.472382 0.56875 0.594211 0.721875
-0.475082 0.6125 0.588411 0.9625
-0.478232 0.6125 0.579703 0.74375
-0.481382 0.65625 0.574776 0.940625
-0.484532 0.65625 0.56724 0.853125
-0.487682 0.678125 0.558533 0.765625
-0.490832 0.678125 0.555059 0.83125
-0.493982 0.678125 0.550713 0.9625
-0.496682 0.678125 0.55189 0.83125
-0.499832 0.721875 0.545509 0.9625
-0.502982 0.678125 0.54814 0.7875
-0.506132 0.678125 0.553679 0.940625
-0.509282 0.721875 0.565614 0.7875
-0.512432 0.678125 0.56999 0.91875
-0.515582 0.678125 0.579018 0.765625
-0.328442 0.721875 0.587174 0.765625
-0.518815 0.634375 0.597074 0.7875
-0.376595 0.721875 0.606974 0.74375
-0.525115 0.546875 0.606116 0.896875
-0.526957 0.83125 0.618061 0.765625
-0.530107 0.65625 0.626507 0.896875
-0.341659 0.65625 0.639024 0.721875
-0.502099 0.525 0.646598 0.83125
-0.344034 0.590625 0.652137 0.7875
-0.302264 0.65625 0.65942 0.91875
-0.53539 0.2625 0.65769 0.809375
-0.537232 0.83125 0.662939 0.91875
-0.305172 0.6125 0.678653 0.74375
-0.538298 0.56875 0.682748 0.853125
-0.348542 0.6125 0.688577 0.765625
-0.231471 0.546875 0.690627 0.853125
-0.188393 0.48125 0.69355 0.984375
-0.305222 0.525 0.699089 0.853125
-0.540965 0.48125 0.70579 1.09375
-0.541498 0.6125 0.706968 0.896875
-0.26452 0.525 0.706701 0.853125
-0.189751 0.7 0.708751 1.07187
-0.232587 0.590625 0.70644 0.83125
-0.234429 0.65625 0.70849 1.00625
-0.467555 0.459375 0.711413 0.65625
-0.540773 0.503125 0.71667 0.83125
-0.234721 0.503125 0.711451 0.9625
-0.146723 0.2625 0.70914 0.765625
-0.145948 0.35 0.709446 0.9625
-0.467605 0.459375 0.714113 0.91875
-0.540373 0.371875 0.711801 0.9625
-0.541765 0.525 0.713851 0.984375
-0.424244 0.48125 0.717937 0.896875
-0.189118 0.525 0.714753 1.07187
-0.261886 0.503125 0.713896 0.9625
-0.261111 0.48125 0.71362 1.15938
-0.509633 0.48125 0.714798 1.00625
-0.540098 0.503125 0.713068 0.9625
-0.467496 0.525 0.717153 0.940625
-0.540265 0.48125 0.716587 0.896875
-0.392361 0.6125 0.714566 0.809375
-0.303056 0.546875 0.707603 1.1375
-0.389053 0.503125 0.707327 0.875
-0.258303 0.39375 0.706761 1.02812
-0.506824 0.39375 0.706194 0.525
-0.464605 0.56875 0.704174 0.940625
-0.232546 0.546875 0.699827 1.09375
-0.231321 0.39375 0.696063 1.02812
-0.141565 0.35 0.690263 1.09375
-0.505074 0.459375 0.687951 1.11563
-0.347009 0.546875 0.686513 0.940625
-0.25987 0.48125 0.678096 0.896875
-0.347175 0.35 0.672296 0.875
-0.25787 0.328125 0.665333 0.91875
-0.301564 0.328125 0.66244 0.875
-0.258036 0.371875 0.662164 0.875
-0.535632 0.35 0.659853 0.83125
-0.348492 0.415625 0.654353 0.91875
-0.261353 0.39375 0.65117 0.91875
-0.187443 0.371875 0.643626 0.940625
-0.465488 0.459375 0.639861 0.83125
-0.350584 0.415625 0.63755 0.875
-0.308364 0.371875 0.630005 0.83125
-0.353817 0.39375 0.620716 0.875
-0.54419 0.39375 0.616951 0.83125
-0.545582 0.590625 0.608535 0.875
-0.548732 0.6125 0.603607 0.896875
-0.47613 0.6125 0.594027 0.896875
-0.40222 0.525 0.583294 0.896875
-0.242846 0.525 0.57197 0.91875
-0.360534 0.48125 0.565879 0.896875
-0.552215 0.459375 0.560951 0.91875
-0.555365 0.7 0.554861 0.91875
-0.558065 0.65625 0.546735 0.91875
-0.326006 0.65625 0.55082 0.83125
-0.561298 0.525 0.548518 0.853125
-0.330097 0.6125 0.546789 0.875
-0.564532 0.525 0.551455 0.6125
-0.565923 0.590625 0.552633 0.7875
-0.569073 0.6125 0.5573 0.83125
-0.567848 0.678125 0.55935 0.809375
-0.56969 0.678125 0.559955 0.721875
-0.497088 0.65625 0.566366 0.853125
-0.45401 0.678125 0.564927 0.74375
-0.541316 0.590625 0.568722 0.809375
-0.3828 0.678125 0.574261 0.765625
-0.296111 0.56875 0.575739 0.765625
-0.572398 0.546875 0.580405 0.74375
-0.298036 0.7 0.581583 0.809375
-0.427645 0.525 0.581889 0.765625
-0.340956 0.590625 0.583648 0.809375
-0.294811 0.503125 0.588905 0.7875
-0.382567 0.546875 0.591827 0.809375
-0.29412 0.503125 0.592133 0.634375
-0.424178 0.48125 0.595055 0.7875
-0.29212 0.546875 0.592753 0.721875
-0.333647 0.48125 0.600618 0.83125
-0.332872 0.48125 0.597144 0.809375
-0.417561 0.48125 0.599194 0.7875
-0.330872 0.503125 0.605033 0.896875
-0.212043 0.48125 0.600687 0.83125
-0.208651 0.4375 0.606516 0.853125
-0.251037 0.4375 0.607994 0.74375
-0.526466 0.4375 0.610044 0.7875
-0.321722 0.503125 0.607442 0.7875
-0.204651 0.4375 0.610364 0.7875
-0.244421 0.39375 0.61475 0.721875
-0.316331 0.39375 0.613892 0.7875
-0.473705 0.459375 0.612453 0.853125
-0.268961 0.48125 0.620027 0.7
-0.266428 0.371875 0.620914 0.853125
-0.264345 0.4375 0.620648 0.83125
-0.145515 0.4375 0.618918 0.83125
-0.231512 0.415625 0.62184 0.83125
-0.259361 0.328125 0.631159 0.74375
-0.390728 0.371875 0.63002 0.83125
-0.344584 0.35 0.635559 0.853125
-0.254828 0.415625 0.637609 0.7875
-0.341275 0.284375 0.640531 0.83125
-0.338742 0.415625 0.642009 0.896875
-0.337517 0.546875 0.649583 0.83125
-0.291372 0.459375 0.648144 0.83125
-0.334209 0.503125 0.651939 0.809375
-0.174384 0.415625 0.656905 0.875
-0.449363 0.2625 0.657211 0.853125
-0.24507 0.503125 0.658389 0.765625
-0.172468 0.30625 0.663646 0.875
-0.215304 0.240625 0.661335 0.875
-0.445363 0.39375 0.662513 0.875
-0.372761 0.503125 0.662818 0.875
-0.286072 0.415625 0.665168 0.896875
-0.328459 0.415625 0.666637 0.875
-0.399919 0.4375 0.664907 0.875
-0.516748 0.4375 0.669292 0.896875
-0.444146 0.525 0.668726 0.875
-0.210779 0.56875 0.668159 0.91875
-0.209554 0.4375 0.667311 0.875
-0.369545 0.415625 0.665872 1.05
-0.516757 0.525 0.666177 0.896875
-0.51684 0.525 0.665911 0.875
-0.213404 0.503125 0.664472 0.940625
-0.168568 0.459375 0.660416 0.74375
-0.371311 0.4375 0.663929 0.853125
-0.518073 0.65625 0.657257 0.721875
-0.519465 0.525 0.658153 0.503125
-0.447313 0.525 0.652353 0.809375
-0.24257 0.503125 0.64917 0.7875
-0.243103 0.503125 0.64367 1.05
-0.244495 0.634375 0.63787 0.765625
-0.523848 0.678125 0.63585 0.809375
-0.523932 0.525 0.632094 0.809375
-0.525773 0.503125 0.626294 0.765625
-0.336875 0.634375 0.618468 0.7875
-0.295106 0.525 0.610051 0.765625
-0.498708 0.56875 0.606296 0.721875
-0.25342 0.328125 0.59817 0.6125
-0.531015 0.415625 0.585974 0.721875
-0.532857 0.634375 0.582509 0.853125
-0.536007 0.678125 0.569731 0.65625
-0.537398 0.65625 0.564231 0.765625
-0.537932 0.196875 0.545929 0.721875
-0.349034 0.678125 0.538685 0.940625
-0.350875 0.284375 0.527651 0.678125
-0.541248 0.6125 0.514883 0.853125
-0.544398 0.590625 0.505594 0.634375
-0.547548 0.590625 0.500094 0.74375
-0.54894 0.896875 0.48877 0.721875
-0.550782 0.74375 0.481235 0.765625
-0.553482 0.7 0.4734 0.765625
-0.322731 0.7875 0.470226 0.896875
-0.557165 0.65625 0.467042 0.896875
-0.283661 0.415625 0.470264 0.74375
-0.563015 0.240625 0.465627 0.74375
-0.566165 0.7 0.470885 0.74375
-0.568865 0.65625 0.467992 0.30625
-0.572015 0.7 0.479355 0.7
-0.573857 0.74375 0.479661 0.74375
-0.577007 0.7875 0.484627 0.56875
-0.344947 0.721875 0.485233 0.721875
-0.434011 0.634375 0.489027 0.65625
-0.348631 0.678125 0.496611 0.83125
-0.584373 0.6125 0.500405 0.83125
-0.587523 0.590625 0.507407 0.765625
-0.313161 0.678125 0.509466 0.7
-0.313695 0.65625 0.510644 0.765625
-0.314228 0.503125 0.513285 0.590625
-0.592273 0.590625 0.519124 0.74375
-0.594115 0.590625 0.521174 0.678125
-0.317136 0.65625 0.520907 0.7875
-0.358664 0.546875 0.518024 0.634375
-0.314278 0.634375 0.520946 0.7875
-0.444336 0.546875 0.520679 0.678125
-0.446178 0.6125 0.521285 0.765625
-0.285496 0.546875 0.520718 0.65625
-0.356097 0.56875 0.519579 0.809375
-0.354014 0.525 0.51844 0.65625
-0.309628 0.56875 0.519046 0.7875
-0.278471 0.4375 0.513827 0.7
-0.349522 0.56875 0.516468 0.7875
-0.229834 0.459375 0.512713 0.678125
-0.461652 0.459375 0.512727 0.721875
-0.226976 0.503125 0.515368 0.7
-0.224893 0.415625 0.513066 0.7
-0.17789 0.415625 0.514835 0.678125
-0.219418 0.4375 0.510489 0.74375
-0.259637 0.39375 0.515746 0.590625
-0.417461 0.415625 0.509955 0.721875
-0.284545 0.4375 0.512305 0.65625
-0.210226 0.48125 0.510866 0.7875
-0.163223 0.371875 0.512344 0.634375
-0.117529 0.328125 0.509461 0.6125
-0.157748 0.284375 0.508322 0.7
-0.316881 0.371875 0.5098 0.7
-0.519624 0.371875 0.516211 0.678125
-0.241787 0.39375 0.5142 0.7
-0.151173 0.35 0.510153 0.74375
-0.190084 0.546875 0.517155 0.721875
-0.188001 0.35 0.515144 0.65625
-0.302214 0.30625 0.517194 0.74375
-0.387353 0.30625 0.518672 0.678125
-0.182201 0.35 0.518405 0.721875
-0.136507 0.35 0.520755 0.721875
-0.133115 0.30625 0.523105 0.7
-0.290939 0.2625 0.522539 0.678125
-0.376528 0.39375 0.5214 0.74375
-0.127315 0.2625 0.52375 0.7
-0.0816206 0.284375 0.527263 0.678125
-0.165451 0.284375 0.526996 0.678125
-0.119757 0.2625 0.525857 0.7
-0.235728 0.2625 0.528498 0.678125
-0.277256 0.30625 0.526187 0.65625
-0.115265 0.284375 0.52592 0.65625
-0.200854 0.196875 0.523909 0.634375
-0.315067 0.35 0.528294 0.6125
-0.357903 0.35 0.523666 0.634375
-0.152301 0.459375 0.520783 0.634375
-0.105748 0.284375 0.517318 0.634375
-0.0600539 0.35 0.514726 0.634375
-0.351328 -0.021875 0.512714 0.65625
-0.496373 0.35 0.507505 0.634375
-0.191629 0.371875 0.501705 0.634375
-0.217311 0.35 0.492716 0.65625
-0.186604 0.30625 0.487507 0.65625
-0.185829 0.30625 0.477646 0.65625
-0.0978317 0.328125 0.468657 0.56875
-0.258722 0 0.457633 0.634375
-0.34517 0.30625 0.450679 0.6125
-0.491073 0.371875 0.437039 0.65625
-0.139651 0.371875 0.429494 0.678125
-0.139284 0.328125 0.417598 0.678125
-0.180362 0.30625 0.411507 0.634375
-0.340353 0.35 0.399611 0.678125
-0.36906 0.39375 0.395564 0.678125
-0.136551 0.4375 0.389764 0.65625
-0.181554 0.284375 0.387463 0.65625
-0.456533 0.328125 0.383989 0.634375
-0.252647 0.371875 0.381687 0.634375
-0.210428 0.4375 0.385481 0.6125
-0.136518 0.328125 0.389576 0.634375
-0.252447 0.35 0.395987 0.590625
-0.486432 0.065625 0.394557 0.590625
-0.297534 0.503125 0.399224 0.546875
-0.252697 0.328125 0.405935 0.56875
-0.251472 0.328125 0.409157 0.56875
-0.453316 0.415625 0.406555 0.74375
-0.293492 0.415625 0.414139 0.56875
-0.482557 0.459375 0.424329 0.546875
-0.176054 0.4375 0.426679 0.56875
-0.245756 0.35 0.434263 0.503125
-0.126926 0.415625 0.438057 0.590625
-0.168004 0.153125 0.442151 0.546875
-0.123168 0.109375 0.44769 0.546875
-0.236931 0.109375 0.448296 0.56875
-0.352002 0.328125 0.457042 0.590625
-0.0292039 0.35 0.455313 0.56875
-0.111276 0.04375 0.461151 0.56875
0.0101702 0.0875 0.467281 0.590625
0.057623 0.196875 0.463807 0.546875
-0.0971344 0.21875 0.469937 0.240625
-0.136904 0.109375 0.470542 0.74375
-0.00222889 0.175 0.4755 0.590625
0.0324452 0.13125 0.472326 0.6125
0.00721278 0.153125 0.476711 0.6125
0.0427452 0 0.473237 0.634375
0.0201294 0.04375 0.474714 0.56875
0.0966563 0.04375 0.470959 0.6125
-0.01449 0.021875 0.476498 0.6125
0.0329628 0.021875 0.472742 0.546875
0.110798 0.021875 0.477709 0.634375
0.11464 -0.065625 0.474235 0.634375
0.002185 -0.04375 0.483853 0.634375
-0.0362761 -0.021875 0.478935 0.56875
0.171084 0.04375 0.48332 0.6125
0.0890119 0 0.484207 0.6125
-0.0234428 -0.04375 0.483068 0.6125
0.0980035 -0.021875 0.48629 0.65625
0.101845 -0.39375 0.494164 0.65625
-0.126456 0 0.497959 0.590625
-0.079003 0.153125 0.495657 0.7
0.0847461 0.021875 0.497716 0.678125
0.000915556 0.0875 0.502974 0.634375
0.121054 -0.04375 0.510257 0.721875
-0.0350122 0 0.50592 0.7
0.128737 -0.04375 0.517574 0.546875
0.058585 0.04375 0.515853 0.678125
0.104729 -0.13125 0.532159 0.721875
0.137645 -0.415625 0.536826 0.678125
0.0674933 0 0.529581 0.7
-0.0145789 -0.04375 0.537746 0.721875
0.0302572 0.109375 0.543585 0.7
0.0354072 -0.065625 0.551168 0.678125
-0.0347446 0.065625 0.548866 0.7
0.127696 -0.065625 0.559057 0.74375
0.131538 -0.415625 0.566931 0.7875
0.0891517 0.04375 0.563757 0.721875
0.00446278 -0.065625 0.573376 0.721875
-0.022528 -0.021875 0.576598 0.721875
0.0522406 0.021875 0.575168 0.74375
-0.0624224 0.153125 0.580426 0.721875
-0.016728 -0.065625 0.583648 0.721875
-0.219471 -0.04375 0.591531 0.721875
-0.0587891 0 0.594753 0.7
-0.100317 0 0.599139 0.7
0.103527 0.04375 0.601489 0.678125
0.0606906 -0.0875 0.607327 0.74375
-0.0984419 0.13125 0.605616 0.91875
-0.0566724 -0.065625 0.611746 0.7875
-0.28894 -0.065625 0.614968 0.7875
-0.0119613 0.21875 0.615574 0.809375
-0.258316 -0.065625 0.61269 0.7875
-0.0531641 0.196875 0.613596 0.809375
0.0625989 0.021875 0.618853 0.7875
-0.170527 0.4375 0.616842 0.83125
-0.0560724 0.0875 0.617448 0.7875
-0.0583641 0.415625 0.614864 0.83125
-0.0588974 -0.04375 0.61547 0.809375
-0.293332 0.175 0.613459 0.7875
-0.0617224 0.328125 0.618716 0.984375
-0.222163 0.175 0.611481 0.83125
-0.295382 0.30625 0.613831 0.896875
-0.152303 0.30625 0.616181 0.546875
-0.183219 0.371875 0.61447 1.07187
-0.301357 0.04375 0.613331 0.896875
-0.303648 0.415625 0.613937 1.09375
-0.306798 0.328125 0.618031 0.809375
-0.119659 0.459375 0.61632 1.02812
-0.310932 0.2625 0.618961 0.371875
-0.196477 0.4375 0.617531 1.07187
-0.316373 0.30625 0.620472 0.91875
-0.319523 0.4375 0.617589 0.875
-0.321365 0.30625 0.61645 0.7
-0.294583 0.39375 0.619972 0.875
-0.326807 0.35 0.618251 0.940625
-0.329098 0.13125 0.620601 0.853125
-0.332248 0.175 0.616564 0.765625
-0.0583363 0.371875 0.618333 0.721875
-0.33769 0.109375 0.613714 0.74375
-0.266846 0.590625 0.609377 0.7
-0.343132 0.39375 0.610274 1.00625
-0.344973 0.371875 0.603329 0.765625
-0.348573 0.4375 0.596085 0.765625
-0.321341 0.39375 0.590003 0.7875
-0.280021 0.415625 0.589455 0.809375
-0.355857 0.371875 0.576977 0.7
-0.358148 0.48125 0.566835 0.809375
-0.35999 0.415625 0.554066 0.809375
-0.362282 0.39375 0.542751 0.678125
-0.364123 0.48125 0.525922 0.65625
-0.367723 0 0.517805 0.678125
-0.370873 0.503125 0.507372 0.721875
-0.373165 0.6125 0.487626 0.83125
-0.376315 0.634375 0.475157 0.678125
-0.379915 0.371875 0.46704 0.83125
-0.381757 0.48125 0.4537 0.765625
-0.385357 0.590625 0.443548 1.00625
-0.388957 0.459375 0.43922 0.678125
-0.392107 0.590625 0.428777 0.984375
-0.395707 0.459375 0.425894 0.328125
-0.398857 0.634375 0.428544 0.984375
-0.402457 0.48125 0.423626 0.7
-0.405607 0.6125 0.425403 0.83125
-0.409207 0.48125 0.421357 0.65625
-0.412807 0.6125 0.425751 0.91875
-0.415957 0.48125 0.426366 0.634375
-0.419557 0.809375 0.428426 0.721875
-0.422707 0.721875 0.435727 0.525
-0.426307 0.7 0.436042 0.721875
-0.429907 0.503125 0.448577 0.56875
-0.433057 0.678125 0.450055 0.721875
-0.435348 0.590625 0.459974 0.56875
-0.438948 0.525 0.462033 0.590625
-0.439482 0.525 0.464683 0.56875
-0.324169 0.546875 0.467905 0.590625
-0.442757 0.503125 0.470555 0.525
-0.326585 0.634375 0.47524 0.678125
-0.139896 0.48125 0.478763 0.6125
-0.32986 0.546875 0.481113 0.65625
-0.44759 0.371875 0.482018 0.590625
-0.448573 0.546875 0.486413 0.7
-0.331952 0.4375 0.487318 0.65625
-0.170861 0.546875 0.492003 0.65625
-0.0529317 0.39375 0.488248 0.56875
-0.0949094 0.503125 0.488281 0.678125
-0.445232 0.35 0.48657 0.590625
-0.446215 0.503125 0.491255 0.65625
-0.330044 0.371875 0.488672 0.590625
-0.00728722 0.48125 0.490731 0.546875
-0.0479567 0.39375 0.481751 0.65625
-0.045465 0.30625 0.473063 0.678125
-0.162745 0.415625 0.469026 0.56875
-0.294561 0.371875 0.464698 0.634375
-0.366063 0.35 0.459789 0.6125
-0.204522 0.35 0.447892 0.6125
-0.0434317 0.328125 0.444437 0.590625
-0.0417983 0.21875 0.437783 0.590625
-0.244134 -0.065625 0.424442 0.56875
-0.245117 0.328125 0.41837 0.56875
-0.131112 0.590625 0.418694 0.546875
-0.131237 0.2625 0.409714 0.56875
-0.130912 0.371875 0.402761 0.525
-0.408549 0.284375 0.40105 0.590625
-0.204706 0.284375 0.388 0.56875
-0.366046 0.2625 0.384544 0.56875
-0.134437 0.415625 0.380507 0.48125
-0.443765 0.39375 0.370655 0.56875
-0.444748 0.371875 0.363711 0.590625
-0.373496 0.371875 0.348626 0.525
-0.214572 0.371875 0.345461 0.525
-0.217314 0.371875 0.338516 0.459375
-0.453507 0.371875 0.333026 0.525
-0.457557 0.459375 0.326081 0.525
-0.461157 0.459375 0.317101 0.546875
-0.157312 0.459375 0.310729 0.590625
-0.46619 0.39375 0.306983 0.765625
-0.27995 0.459375 0.3044 0.546875
-0.472532 0.459375 0.298909 0.765625
-0.476582 0.459375 0.300687 0.546875
-0.480182 0.525 0.298976 0.503125
-0.482923 0.6125 0.298718 0.503125
-0.486973 0.546875 0.298751 0.503125
-0.255364 0.634375 0.299366 0.4375
-0.460316 0.48125 0.302889 0.4375
-0.49299 0.56875 0.300887 0.546875
-0.495732 0.56875 0.311677 0.4375
-0.499782 0.74375 0.312583 0.459375
-0.502073 0.678125 0.320757 0.459375
-0.504815 0.678125 0.323407 0.56875
-0.505798 0.634375 0.321705 0.35
-0.231028 0.7 0.3261 0.459375
-0.231153 0.546875 0.324389 0.415625
-0.320667 0.48125 0.328783 0.415625
-0.51239 0.525 0.333177 0.4375
-0.515132 0.525 0.332048 0.459375
-0.283522 0.503125 0.33557 0.4375
-0.282339 0.525 0.340255 0.48125
-0.324317 0.48125 0.341161 0.459375
-0.282139 0.48125 0.340903 0.459375
-0.485783 0.459375 0.344426 0.4375
-0.166951 0.525 0.351437 0.4375
-0.283822 0.415625 0.348863 0.459375
-0.123182 0.4375 0.356164 0.48125
-0.212287 0.39375 0.36522 0.48125
-0.490374 0.371875 0.368742 0.39375
-0.44603 0.6125 0.373437 0.459375
-0.0818706 0.459375 0.367946 0.525
-0.0494465 0.39375 0.371768 0.503125
-0.121398 0.371875 0.374418 0.525
-0.369103 0.284375 0.384637 0.525
-0.238845 0.35 0.388159 0.546875
-0.32795 0.30625 0.393726 0.503125
-0.238686 0.459375 0.389107 0.503125
-0.237953 0.30625 0.399326 0.503125
-0.280831 0.39375 0.402848 0.415625
-0.12019 0.35 0.398529 0.415625
-0.0745372 0.284375 0.40932 0.415625
-0.319625 0.371875 0.405874 0.525
-0.116682 0.35 0.415792 0.459375
-0.322084 0.371875 0.416707 0.415625
-0.235436 0.30625 0.420229 0.503125
-0.205629 0.39375 0.430448 0.56875
-0.116365 0.2625 0.436014 0.459375
-0.23062 0.35 0.43692 0.459375
-0.318867 0.284375 0.445103 0.503125
-0.318134 0.30625 0.448626 0.525
-0.113882 0.371875 0.445179 0.48125
-0.0682289 0.35 0.45627 0.6125
-0.228711 0.35 0.454268 0.459375
-0.272897 0.284375 0.464487 0.546875
-0.318392 0.371875 0.463357 0.6125
-0.36127 0.2625 0.465435 0.56875
-0.231011 0.415625 0.475653 0.56875
-0.153668 0.30625 0.477431 0.590625
-0.110632 0.284375 0.481253 0.634375
-0.198879 0.39375 0.482459 0.634375
-0.504732 0.35 0.480457 0.6125
-0.507923 0.371875 0.494164 0.6125
-0.36182 0.4375 0.497105 0.634375
-0.113957 0.371875 0.498892 0.65625
-0.0683039 0.371875 0.50097 0.525
-0.156551 0.284375 0.504783 0.678125
-0.157126 0.35 0.509477 0.678125
-0.507898 0.2625 0.508648 0.678125
-0.51109 0.415625 0.515377 0.678125
-0.481283 0.35 0.517155 0.678125
-0.234728 0.503125 0.522722 0.721875
-0.0454631 0.35 0.521311 0.678125
-0.203329 0.153125 0.524833 0.7
-0.276589 0.35 0.527783 0.678125
-0.207096 0.415625 0.529861 0.7
-0.281664 0.35 0.535427 0.7
-0.210004 0.371875 0.538368 0.721875
-0.400869 0.35 0.539283 0.74375
-0.211154 0.35 0.544268 0.7
-0.399402 0.35 0.541985 0.65625
-0.284131 0.39375 0.54289 0.7
-0.401002 0.35 0.543224 0.74375
-0.168984 0.459375 0.547337 0.7
-0.329467 0.35 0.54389 0.7
-0.286881 0.328125 0.548576 0.65625
-0.214771 0.284375 0.548037 0.74375
-0.449246 0.328125 0.545753 0.56875
-0.40621 0.503125 0.546377 0.74375
-0.452155 0.4375 0.545839 0.678125
-0.175218 0.525 0.541811 0.765625
-0.129565 0.39375 0.545624 0.503125
-0.172893 0.30625 0.541887 0.765625
-0.217079 0.2625 0.534951 0.56875
-0.218962 0.2625 0.530051 0.7875
-0.337142 0.35 0.525151 0.6125
-0.41216 0.30625 0.520251 0.74375
-0.383661 0.459375 0.521448 0.65625
-0.224329 0.284375 0.516548 0.56875
-0.179126 0.415625 0.504379 0.721875
-0.133473 0.4375 0.500351 0.721875
-0.336259 0.284375 0.495742 0.65625
-0.224054 0.371875 0.492587 0.74375
-0.531665 0.35 0.492048 0.6125
-0.259553 0.371875 0.484831 0.721875
-0.230646 0.371875 0.479059 0.6125
-0.230362 0.284375 0.473287 0.721875
-0.101004 0.371875 0.468387 0.65625
-0.189251 0.35 0.458263 0.7
-0.540923 0.30625 0.459759 0.56875
-0.311114 0.4375 0.454568 0.678125
-0.472046 0.39375 0.450831 0.56875
-0.400836 0.48125 0.442451 0.590625
-0.26972 0.459375 0.438424 0.56875
-0.198509 0.415625 0.433524 0.65625
-0.27267 0.371875 0.434448 0.503125
-0.317306 0.415625 0.424024 0.7
-0.436385 0.415625 0.425229 0.56875
-0.277953 0.459375 0.417422 0.7
-0.278978 0.39375 0.412822 0.590625
-0.251379 0.4375 0.408794 0.590625
-0.367842 0.35 0.405639 0.590625
-0.485163 0.415625 0.402492 0.678125
-0.284428 0.48125 0.397592 0.590625
-0.124687 0.39375 0.397053 0.590625
-0.168015 0.371875 0.393035 0.56875
-0.284478 0.35 0.395113 0.6125
-0.374484 0.35 0.394001 0.56875
-0.287428 0.39375 0.39259 0.590625
-0.44836 0.35 0.398157 0.678125
-0.37715 0.48125 0.393266 0.546875
-0.17249 0.39375 0.396507 0.590625
-0.214509 0.371875 0.39714 0.546875
-0.286053 0.328125 0.395439 0.48125
-0.0972381 0.4375 0.396644 0.634375
-0.258621 0.30625 0.400185 0.48125
-0.287411 0.2625 0.400227 0.634375
-0.288886 0.30625 0.40464 0.503125
-0.172757 0.39375 0.404101 0.48125
-0.128004 0.175 0.404435 0.503125
-0.125104 0.196875 0.399544 0.678125
-0.209876 0.21875 0.401622 0.503125
-0.121512 0.175 0.403418 0.65625
-0.252512 0.328125 0.403751 0.415625
-0.0901548 0.153125 0.403513 0.721875
-0.206168 0.153125 0.403555 0.546875
-0.0874215 0.35 0.401572 0.678125
-0.0413604 0.109375 0.403068 0.39375
-0.0838298 0.13125 0.400794 0.6125
-0.109146 0.065625 0.402 0.546875
-0.0784798 -0.021875 0.402924 0.634375
-0.0747215 0.021875 0.399477 0.56875
-0.102654 0.021875 0.400111 0.525
-0.0275187 0.2625 0.396955 0.56875
-0.141365 0.240625 0.401368 0.56875
-0.0953039 0.284375 0.392689 0.4375
0.0688119 -0.021875 0.395066 0.48125
-0.0172687 0.21875 0.392783 0.525
-0.0584298 -0.284375 0.396033 0.56875
-0.0850539 -0.04375 0.393177 0.546875
-0.0535298 -0.0875 0.394383 0.546875
-0.0074687 -0.0875 0.391237 0.546875
-0.122623 -0.0875 0.397966 0.546875
-0.0761122 -0.0875 0.395111 0.546875
-0.0445881 -0.0875 0.396316 0.525
-0.0434465 -0.109375 0.39695 0.546875
-0.157293 -0.13125 0.393803 0.0875
0.00506463 -0.065625 0.400533 0.525
0.00751463 -0.196875 0.397387 0.525
-0.0349548 0.39375 0.39802 0.48125
-0.0338131 -0.13125 0.406494 0.546875
-0.0612956 0.2625 0.402476 0.546875
-0.146926 -0.153125 0.405426 0.56875
-0.0572539 -0.0875 0.408676 0.590625
0.0606341 -0.13125 0.411626 0.56875
0.019923 -0.196875 0.407607 0.546875
-0.0503122 0.2625 0.416953 0.546875
-0.0487206 -0.21875 0.419331 0.6125
-0.0180548 -0.109375 0.422281 0.525
-0.207203 -0.284375 0.426694 0.6125
-0.176537 -0.109375 0.42412 0.525
-0.0894817 0.284375 0.432022 0.56875
-0.0138965 -0.0875 0.434972 0.525
-0.128601 -0.2625 0.435605 0.6125
-0.0111631 -0.04375 0.433903 0.48125
-0.127176 -0.2625 0.441805 0.590625
-0.0819733 -0.065625 0.436905 0.525
-0.08214 -0.065625 0.446551 0.459375
-0.198153 -0.109375 0.442533 0.546875
-0.285542 0.240625 0.450426 0.546875
-0.0381289 0.328125 0.446407 0.56875
-0.167821 -0.04375 0.447903 0.546875
-0.080315 -0.109375 0.447083 0.546875
-0.0800317 0 0.446844 0.503125
-0.241414 0.284375 0.446596 0.525
-0.124834 0.328125 0.444903 0.503125
-0.197686 -0.021875 0.443783 0.546875
-0.169637 0.30625 0.435403 0.525
-0.243797 0.284375 0.431094 0.56875
-0.40473 0.30625 0.427357 0.525
-0.202686 0.35 0.418396 0.56875
-0.173329 0.35 0.40769 0.525
-0.203878 0.065625 0.394068 0.56875
-0.452033 0.35 0.388887 0.6125
-0.251297 0.415625 0.37789 0.590625
-0.207403 0.328125 0.36514 0.525
-0.210186 0.39375 0.356761 0.6125
-0.256131 0.109375 0.345183 0.590625
-0.258914 0.371875 0.338248 0.590625
-0.30355 0.30625 0.328414 0.590625
-0.466241 0.30625 0.325559 0.590625
-0.309975 0.4375 0.314272 0.546875
-0.500432 0.39375 0.309953 0.590625
-0.504073 0.503125 0.305935 0.590625
-0.317875 0.546875 0.301916 0.546875
-0.392894 0.48125 0.303122 0.546875
-0.511973 0.503125 0.302592 0.590625
-0.515615 0.48125 0.311366 0.525
-0.40341 0.56875 0.311709 0.525
-0.333509 0.56875 0.311179 0.503125
-0.526132 0.525 0.31849 0.48125
-0.297631 0.590625 0.325229 0.503125
-0.228587 0.56875 0.333713 0.503125
-0.53534 0.459375 0.345976 0.48125
-0.54074 0.590625 0.348635 0.503125
-0.544382 0.56875 0.352757 0.415625
-0.196968 0.6125 0.362113 0.525
-0.241604 0.459375 0.369724 0.48125
-0.272153 0.525 0.376753 0.459375
-0.247171 0.48125 0.380585 0.503125
-0.279886 0.48125 0.390803 0.503125
-0.28267 0.48125 0.390274 0.503125
-0.531274 0.240625 0.402537 0.48125
-0.125262 0.415625 0.406659 0.4375
-0.256262 0.459375 0.409909 0.48125
-0.328664 0.2625 0.412287 0.48125
-0.126621 0.21875 0.416409 0.56875
-0.258929 0.39375 0.419359 0.48125
-0.259954 0.175 0.428133 0.525
-0.494021 0.2625 0.426731 0.525
-0.174373 0.4375 0.432889 0.525
-0.333139 0.284375 0.430905 0.525
-0.172948 0.240625 0.434155 0.525
-0.216726 0.415625 0.438277 0.546875
-0.261812 0.21875 0.440655 0.56875
-0.176065 0.39375 0.44565 0.546875
-0.132621 0.196875 0.445411 0.56875
-0.292695 0.35 0.447789 0.590625
-0.176565 0.21875 0.451039 0.525
-0.265262 0.240625 0.453416 0.525
-0.426645 0.21875 0.456666 0.459375
-0.224601 0.109375 0.455555 0.546875
-0.341064 0.284375 0.461713 0.459375
-0.267237 0.4375 0.45595 0.56875
-0.385459 0.284375 0.463861 0.503125
-0.342014 0.4375 0.46275 0.6125
-0.301186 0.4375 0.466872 0.546875
-0.433495 0.371875 0.470994 0.503125
-0.391359 0.415625 0.474244 0.590625
-0.276537 0.459375 0.474877 0.634375
-0.394309 0.459375 0.475511 0.634375
-0.234568 0.415625 0.480505 0.6125
-0.236493 0.371875 0.480566 0.65625
-0.237968 0.371875 0.483816 0.65625
-0.516955 0.415625 0.488811 0.65625
-0.592423 0.48125 0.493805 0.678125
-0.564824 0.459375 0.496183 0.678125
-0.361472 0.525 0.496816 0.7
-0.244484 0.525 0.49775 0.678125
-0.288262 0.48125 0.500127 0.678125
-0.450953 0.459375 0.505122 0.678125
-0.366514 0.546875 0.5075 0.678125
-0.369297 0.503125 0.51075 0.6125
-0.32892 0.48125 0.5143 0.65625
-0.606598 0.48125 0.51784 0.6125
-0.302796 0.56875 0.516439 0.721875
-0.302962 0.48125 0.517072 0.634375
-0.216357 0.459375 0.52004 0.721875
-0.379047 0.459375 0.525035 0.65625
-0.383139 0.459375 0.53032 0.721875
-0.618515 0.503125 0.529209 0.65625
-0.389156 0.546875 0.530142 0.65625
-0.230723 0.503125 0.533392 0.7
-0.507094 0.459375 0.530537 0.74375
-0.34997 0.546875 0.534077 0.7
-0.354511 0.546875 0.534139 0.74375
-0.633498 0.525 0.534772 0.7
-0.634973 0.6125 0.533951 0.6125
-0.331171 0.7 0.530524 0.809375
-0.200954 0.590625 0.525924 0.678125
-0.290959 0.503125 0.520451 0.765625
-0.527644 0.546875 0.51964 0.546875
-0.501803 0.525 0.520564 0.7875
-0.651265 0.48125 0.519453 0.6125
-0.347462 0.678125 0.515444 0.65625
-0.217246 0.56875 0.513751 0.590625
-0.304634 0.48125 0.501883 0.590625
-0.656307 0.525 0.501363 0.678125
-0.660848 0.65625 0.497053 0.503125
-0.66494 0.7 0.490137 0.65625
-0.59373 0.74375 0.478559 0.546875
-0.47805 0.74375 0.469889 0.7
-0.27339 0.678125 0.453377 0.6125
-0.363396 0.6125 0.439764 0.678125
-0.670598 0.590625 0.428487 0.56875
-0.558394 0.721875 0.419526 0.65625
-0.678782 0.678125 0.407085 0.590625
-0.333126 0.765625 0.394344 0.678125
-0.333293 0.65625 0.388 0.590625
-0.406595 0.56875 0.375268 0.721875
-0.336693 0.56875 0.3634 0.7
-0.688815 0.590625 0.3591 0.590625
-0.388079 0.74375 0.359742 0.678125
-0.69614 0.590625 0.352235 0.503125
-0.699373 0.721875 0.353168 0.678125
-0.352409 0.721875 0.352639 0.56875
-0.309415 0.6125 0.351827 0.525
-0.31089 0.6125 0.35595 0.56875
-0.43042 0.590625 0.357755 0.56875
-0.712473 0.590625 0.360142 0.546875
-0.717873 0.721875 0.37037 0.56875
-0.721107 0.765625 0.376537 0.525
-0.489131 0.809375 0.372518 0.525
-0.446136 0.765625 0.378976 0.525
-0.491222 0.721875 0.38427 0.503125
-0.539375 0.74375 0.387229 0.525
-0.734207 0.721875 0.404444 0.503125
-0.664755 0.7875 0.406831 0.525
-0.390026 0.7875 0.412698 0.503125
-0.506939 0.678125 0.411014 0.546875
-0.552475 0.721875 0.419798 0.525
-0.510789 0.74375 0.425955 0.546875
-0.397276 0.7 0.432122 0.546875
-0.396584 0.65625 0.432183 0.525
-0.442121 0.590625 0.436305 0.525
-0.399126 0.65625 0.438111 0.525
-0.47112 0.6125 0.439044 0.525
-0.35499 0.6125 0.443757 0.546875
-0.354298 0.590625 0.44439 0.546875
-0.353607 0.56875 0.442416 0.56875
-0.309304 0.546875 0.445094 0.56875
-0.514747 0.546875 0.446027 0.56875
-0.279705 0.546875 0.445789 0.590625
-0.232785 0.65625 0.444977 0.590625
-0.0695696 0.503125 0.44155 0.6125
-0.301471 0.415625 0.443355 0.634375
-0.302087 0.525 0.44457 0.56875
-0.549834 0.48125 0.447248 0.7
-0.228019 0.459375 0.449344 0.590625
-0.267871 0.48125 0.444753 0.74375
-0.104656 0.415625 0.444524 0.459375
-0.13173 0.4375 0.449237 0.765625
-0.289637 0.371875 0.450742 0.634375
-0.377476 0.4375 0.454001 0.6125
-0.494389 0.39375 0.454063 0.634375
-0.261105 0.459375 0.46459 0.6125
-0.259105 0.371875 0.46814 0.65625
-0.255796 0.39375 0.469946 0.65625
-0.208427 0.35 0.464764 0.65625
-0.250038 0.371875 0.477618 0.6125
-0.278421 0.35 0.485529 0.6125
-0.408562 0.371875 0.489079 0.6125
-0.31934 0.39375 0.487687 0.590625
-0.244655 0.459375 0.502285 0.896875
-0.110513 0.371875 0.498276 0.6125
-0.0345196 0.39375 0.50357 0.765625
-0.192427 0.240625 0.509737 0.7
-0.395254 0.328125 0.521718 0.721875
-0.263729 0.30625 0.522942 0.65625
-0.232655 0.35 0.528237 0.721875
0.0190915 0.2625 0.532359 0.65625
-0.019903 0.30625 0.540561 0.7875
-0.0602057 -0.175 0.540331 0.7
-0.219421 -0.109375 0.546498 0.7
-0.217421 0.13125 0.556444 0.7
-0.126891 0.109375 0.562901 0.678125
-0.0495891 0.175 0.55802 0.678125
0.0409415 0.175 0.572618 0.7
-0.0707381 -0.0875 0.575296 0.721875
-0.199571 -0.0875 0.579718 0.74375
-0.152652 0.21875 0.583268 0.74375
-0.0634298 0.240625 0.582457 0.91875
-0.102424 -0.04375 0.589787 0.83125
-0.0555048 -0.065625 0.588113 0.721875
0.0649581 -0.021875 0.59457 0.896875
0.0259637 -0.0875 0.594631 0.7875
-0.0147891 -0.04375 0.592076 0.765625
-0.127777 -0.0875 0.599405 0.7875
-0.169388 -0.065625 0.600639 0.721875
-0.0806159 0.04375 0.602444 0.853125
-0.0323881 0 0.600761 0.74375
0.0880748 0.065625 0.603439 0.875
0.00546926 -0.04375 0.601755 0.678125
-0.0643576 -0.021875 0.602116 0.7875
-0.267634 0 0.601305 0.896875
-0.105727 0.04375 0.603111 0.809375
-0.0605659 0.021875 0.603463 0.7875
-0.0123381 0.109375 0.602079 0.678125
-0.0530909 0.021875 0.60214 0.7875
-0.0933937 0.04375 0.600457 0.7875
-0.253059 0.04375 0.599946 0.809375
-0.136071 0.175 0.603496 0.896875
-0.133213 0.0875 0.597451 0.74375
-0.087602 0.153125 0.599548 0.74375
-0.0424409 0.13125 0.599037 0.765625
-0.084502 0.13125 0.602005 0.765625
-0.127421 0.109375 0.594798 0.74375
-0.243476 0.13125 0.596322 0.765625
-0.241476 0.175 0.595801 0.678125
-0.124938 0.21875 0.590929 0.74375
-0.0357159 0.153125 0.589246 0.721875
-0.0328576 0.175 0.58262 0.74375
-0.076227 0.065625 0.581237 0.765625
-0.148221 0.109375 0.574611 0.765625
-0.147979 0.109375 0.563042 0.721875
-0.192657 0.13125 0.558461 0.91875
-0.148354 0.13125 0.553289 0.809375
-0.146804 0.196875 0.5458 0.765625
-0.144804 0.109375 0.532777 0.74375
-0.11418 0.109375 0.524407 0.7
-0.141704 0.175 0.512266 0.74375
-0.142321 0.109375 0.509129 0.7
-0.348214 0.175 0.501059 0.74375
-0.144454 0.2625 0.487746 0.721875
-0.114688 0.13125 0.478513 0.7875
-0.069527 0.175 0.460257 0.74375
-0.140662 0.175 0.451024 0.721875
-0.18489 0.153125 0.437711 0.721875
-0.303561 0.065625 0.432839 0.721875
-0.231943 0.328125 0.419235 0.83125
-0.305695 0.240625 0.410583 0.7
-0.188707 0.415625 0.406283 0.74375
-0.188465 0.30625 0.398503 0.721875
-0.189532 0.109375 0.392168 0.678125
-0.394975 0.30625 0.393401 0.678125
-0.396042 0.371875 0.394044 0.65625
-0.398417 0.328125 0.395277 0.6125
-0.399484 0.415625 0.394466 0.634375
-0.238884 0.415625 0.396572 0.56875
-0.152729 0.415625 0.397514 0.6125
-0.197407 0.371875 0.404844 0.6125
-0.243393 0.39375 0.405787 0.56875
-0.319311 0.328125 0.412244 0.56875
-0.568816 0.39375 0.415222 0.56875
-0.251376 0.4375 0.419072 0.525
-0.207523 0.39375 0.424366 0.590625
-0.162362 0.39375 0.4256 0.590625
-0.322886 0.35 0.425961 0.546875
-0.323953 0.39375 0.428639 0.56875
-0.326328 0.415625 0.436268 0.56875
-0.211098 0.415625 0.435757 0.590625
-0.212165 0.371875 0.438435 0.546875
-0.210615 0.35 0.435889 0.590625
-0.138996 0.35 0.437413 0.590625
-0.329045 0.328125 0.440963 0.590625
-0.212507 0.30625 0.441324 0.4375
-0.169962 0.35 0.44372 0.459375
-0.169721 0.328125 0.441174 0.503125
-0.211782 0.30625 0.445014 0.546875
-0.0939354 0.328125 0.442759 0.546875
-0.137305 0.2625 0.438759 0.525
-0.20844 0.2625 0.436794 0.56875
-0.209507 0.284375 0.433376 0.525
-0.13658 0.240625 0.430239 0.56875
-0.165412 0.35 0.431472 0.503125
-0.134788 0.2625 0.4266 0.525
-0.0460159 0.415625 0.42289 0.546875
-0.0893854 -0.153125 0.418018 0.525
-0.161829 -0.13125 0.412855 0.590625
-0.248809 0.13125 0.41059 0.546875
-0.249876 0.328125 0.40659 0.6125
-0.161104 0.371875 0.397066 0.634375
-0.129171 0.21875 0.391613 0.56875
-0.0403993 0.328125 0.38645 0.590625
-0.200515 0.196875 0.383613 0.546875
-0.201582 0.328125 0.372926 0.65625
-0.244951 -0.153125 0.372705 0.546875
-0.202407 -0.175 0.37015 0.525
-0.158554 0.240625 0.364987 0.56875
-0.289146 0.415625 0.360987 0.546875
-0.20299 0.240625 0.357859 0.546875
-0.202748 0.2625 0.356476 0.503125
-0.291037 0.284375 0.357709 0.503125
-0.161721 0.30625 0.353418 0.721875
-0.206398 0.371875 0.353198 0.6125
-0.454595 0.284375 0.353559 0.48125
-0.369747 0.415625 0.351885 0.590625
-0.209598 0.371875 0.353409 0.503125
-0.210665 0.459375 0.355514 0.546875
-0.211732 0.35 0.350351 0.4375
-0.330853 0.415625 0.352457 0.56875
-0.304154 0.328125 0.355726 0.459375
-0.306529 0.459375 0.353179 0.546875
-0.220373 0.39375 0.354703 0.39375
-0.265051 0.4375 0.355064 0.56875
-0.269184 0.39375 0.35717 0.415625
-0.475078 0.39375 0.359566 0.546875
-0.273934 0.415625 0.3608 0.39375
-0.318612 0.415625 0.353892 0.56875
-0.277376 0.35 0.356289 0.35
-0.555096 0.459375 0.354333 0.459375
-0.282576 0.48125 0.351787 0.371875
-0.48847 0.4375 0.347787 0.546875
-0.445925 0.415625 0.351927 0.39375
-0.288843 0.48125 0.349672 0.56875
-0.407514 0.415625 0.347998 0.4375
-0.409889 0.546875 0.346614 0.503125
-0.498178 0.459375 0.345522 0.415625
-0.413781 0.6125 0.347927 0.415625
-0.371236 0.56875 0.3448 0.371875
-0.256007 0.590625 0.343416 0.415625
-0.505511 0.503125 0.340579 0.21875
-0.464725 0.525 0.339196 0.39375
-0.307193 0.56875 0.336068 0.371875
-0.308259 0.525 0.336148 0.4375
-0.426072 0.546875 0.324879 0.39375
-0.428447 0.109375 0.324368 0.459375
-0.358137 0.48125 0.322985 0.459375
-0.315593 0.525 0.312016 0.48125
-0.389795 0.459375 0.310633 0.48125
-0.435781 0.525 0.308087 0.459375
-0.320551 0.525 0.302051 0.525
-0.323376 0.56875 0.299224 0.48125
-0.368054 0.546875 0.298422 0.634375
-0.529028 0.503125 0.29762 0.503125
-0.325718 0.546875 0.296237 0.48125
-0.327234 0.48125 0.30562 0.503125
-0.28514 0.503125 0.308598 0.4375
-0.446114 0.546875 0.31362 0.21875
-0.374946 0.546875 0.31747 0.4375
-0.405536 0.525 0.31784 0.459375
-0.450664 0.546875 0.32547 0.371875
-0.290965 0.546875 0.330492 0.590625
-0.408778 0.503125 0.330563 0.525
-0.335851 0.525 0.342853 0.459375
-0.379671 0.240625 0.339435 0.415625
-0.292657 0.4375 0.352598 0.415625
-0.176569 0.415625 0.348307 0.48125
-0.335376 0.35 0.352457 0.590625
-0.291973 0.39375 0.358051 0.6125
-0.292182 0.328125 0.363074 0.590625
-0.247021 0.4375 0.363435 0.415625
-0.171927 0.39375 0.367585 0.503125
-0.169519 0.39375 0.376087 0.48125
-0.16711 0.30625 0.380237 0.56875
-0.16601 0.328125 0.377118 0.415625
-0.16491 0.30625 0.380968 0.546875
-0.120199 0.328125 0.384246 0.48125
-0.116483 0.2625 0.383735 0.590625
-0.160302 0.2625 0.393409 0.525
-0.159202 0.21875 0.39407 0.48125
-0.111874 0.2625 0.399955 0.48125
-0.0363307 0.240625 0.401489 0.56875
-0.103991 0.13125 0.393709 0.590625
-0.102891 0.153125 0.403383 0.525
-0.218087 0.2625 0.401137 0.6125
-0.144302 0.13125 0.404114 0.525
-0.0533631 0.39375 0.403031 0.65625
-0.0509548 0.240625 0.407472 0.590625
-0.0921576 0.240625 0.409005 0.546875
-0.0910576 0.04375 0.408494 0.6125
-0.17718 0.0875 0.412644 0.525
-0.0875493 0.109375 0.413305 0.48125
-0.0851409 0.2625 0.411922 0.459375
-0.0853493 0.04375 0.414037 0.525
-0.244157 -0.021875 0.414698 0.65625
-0.12676 0.30625 0.419139 0.65625
-0.241957 0.2625 0.416592 0.74375
-0.123252 0.021875 0.41609 0.7
-0.0785409 0.065625 0.422276 0.546875
-0.195046 0.4375 0.42817 0.525
-0.282476 0.2625 0.426787 0.39375
-0.121469 0.328125 0.432681 0.371875
-0.16398 0.04375 0.435087 0.503125
-0.236873 0 0.438655 0.634375
-0.164396 0.328125 0.442805 0.590625
-0.163296 0.30625 0.441431 0.6125
-0.193029 -0.0875 0.447316 0.525
-0.162855 0.30625 0.449722 0.83125
-0.190829 0.328125 0.450383 0.4375
-0.118352 0.525 0.453079 0.6125
-0.234857 0.0875 0.45374 0.56875
-0.394972 0.525 0.456146 0.634375
-0.191662 0.371875 0.457679 0.546875
-0.0742659 0.35 0.459503 0.809375
-0.189462 0.21875 0.45842 0.48125
-0.233282 -0.13125 0.457037 0.6125
-0.189879 0.35 0.456826 0.240625
-0.235457 0.175 0.452253 0.7
-0.190746 0.284375 0.452914 0.546875
-0.190954 0.284375 0.454739 0.678125
-0.279693 0.30625 0.452783 0.546875
-0.192679 0.328125 0.452572 0.6125
-0.236498 0.30625 0.448 0.35
-0.236257 0.175 0.447207 0.48125
-0.35362 0.284375 0.442335 0.503125
-0.352928 0.371875 0.441542 0.56875
-0.281309 0.4375 0.43667 0.525
-0.282376 0.371875 0.433261 0.4375
-0.194462 0.371875 0.425772 0.590625
-0.356745 0.415625 0.420618 0.48125
-0.357361 0.39375 0.415174 0.590625
-0.358428 0.4375 0.406231 0.525
-0.286809 0.415625 0.400787 0.284375
-0.200204 0.39375 0.387192 0.525
-0.288493 0.415625 0.376805 0.525
-0.290418 0.415625 0.369616 0.56875
-0.366786 0.39375 0.357766 0.525
-0.297784 0.634375 0.344181 0.546875
-0.414697 0.39375 0.332331 0.503125
-0.504295 0.4375 0.315839 0.809375
-0.535744 0.175 0.306033 0.6125
-0.305076 0.678125 0.294474 0.634375
-0.378828 0.525 0.281761 0.4375
-0.381203 0.328125 0.276898 0.56875
-0.661948 0.74375 0.271735 0.590625
-0.52157 0.590625 0.275013 0.4375
-0.670623 0.6125 0.276546 0.415625
-0.482259 0.65625 0.2743 0.48125
-0.557319 0.7875 0.275533 0.48125
-0.488317 1.00625 0.280555 0.634375
-0.651908 0.65625 0.28645 0.503125
-0.378937 0.721875 0.288555 0.4375
-0.689207 0.65625 0.288053 0.525
-0.54752 0.74375 0.299472 0.459375
-0.42037 0.765625 0.301005 0.459375
-0.394529 0.678125 0.309516 0.30625
-0.472206 0.678125 0.313366 0.415625
-0.70979 0.678125 0.317226 0.4375
-0.713473 0.678125 0.324283 0.39375
-0.411429 0.765625 0.327561 0.4375
-0.325273 0.678125 0.334327 0.415625
-0.327648 0.65625 0.333816 0.415625
-0.491239 0.6125 0.340583 0.4375
-0.728373 0.875 0.345605 0.4375
-0.500772 0.765625 0.352372 0.4375
-0.59037 0.65625 0.353905 0.415625
-0.344307 0.74375 0.358055 0.459375
-0.46167 0.6125 0.358716 0.48125
-0.389601 0.65625 0.362866 0.48125
-0.435587 0.634375 0.366716 0.4375
-0.468345 0.65625 0.369122 0.48125
-0.55925 0.7 0.373272 0.371875
-0.358107 0.678125 0.378585 0.35
-0.359173 0.65625 0.378083 0.415625
-0.36024 0.56875 0.380779 0.35
-0.564375 0.525 0.382313 0.634375
-0.479528 0.875 0.384718 0.48125
-0.567817 0.2625 0.382472 0.459375
-0.525272 0.65625 0.388657 0.240625
-0.484036 0.634375 0.391063 0.590625
-0.367498 0.65625 0.389979 0.525
-0.324954 0.6125 0.391513 0.48125
-0.530847 0.6125 0.397407 0.503125
-0.532772 0.7 0.396324 0.503125
-0.536456 0.65625 0.400474 0.503125
-0.377615 0.634375 0.400263 0.546875
-0.30338 0.721875 0.397435 0.546875
-0.419434 0.4375 0.39984 0.546875
-0.539414 0.6125 0.40399 0.56875
-0.745308 0.634375 0.403779 0.56875
-0.471479 0.721875 0.407929 0.546875
-0.384015 0.678125 0.406274 0.56875
-0.221249 0.634375 0.406063 0.2625
-0.499828 0.415625 0.406724 0.721875
-0.543197 0.48125 0.407385 0.546875
-0.474196 0.56875 0.410663 0.74375
-0.504336 0.6125 0.409579 0.590625
-0.547706 0.6125 0.409077 0.56875
-0.431168 0.546875 0.412074 0.546875
-0.474537 0.7 0.414479 0.56875
-0.343462 0.590625 0.413396 0.546875
-0.38814 0.546875 0.417546 0.634375
-0.434126 0.65625 0.420242 0.590625
-0.509186 0.56875 0.420903 0.546875
-0.671469 0.56875 0.420701 0.35
-0.643461 0.4375 0.42427 0.546875
-0.322096 0.7 0.421442 0.56875
-0.276935 0.634375 0.42065 0.546875
-0.321613 0.56875 0.422483 0.503125
-0.645111 0.590625 0.420527 0.546875
-0.488887 0.65625 0.422061 0.546875
-0.562639 0.678125 0.420396 0.503125
-0.444793 0.634375 0.420776 0.48125
-0.444551 0.765625 0.411842 0.525
-0.358846 0.65625 0.411922 0.56875
-0.51982 0.56875 0.404742 0.459375
-0.405898 0.634375 0.402205 0.48125
-0.450576 0.65625 0.398796 0.39375
-0.61155 0.6125 0.388127 0.39375
-0.569006 0.634375 0.383846 0.415625
-0.336171 0.765625 0.374913 0.7
-0.33593 0.6125 0.359301 0.634375
-0.452434 0.7 0.355892 0.415625
-0.774624 0.634375 0.342898 0.503125
-0.52987 0.765625 0.337453 0.39375
-0.456943 0.7875 0.321251 0.4375
-0.295485 0.35 0.30564 0.371875
-0.366621 0.590625 0.300196 0.35
-0.454909 0.65625 0.284294 0.459375
-0.807932 0.65625 0.277105 0.590625
-0.534103 0.765625 0.267009 0.503125
-0.373954 0.74375 0.253724 0.48125
-0.29841 0.721875 0.245372 0.6125
-0.370854 0.590625 0.23732 0.546875
-0.372371 0.721875 0.237109 0.6125
-0.621875 0.525 0.230801 0.590625
-0.667861 0.678125 0.232335 0.39375
-0.668928 0.74375 0.228353 0.546875
-0.539611 0.7875 0.234539 0.459375
-0.30416 0.721875 0.2355 0.35
-0.30261 0.6125 0.235589 0.459375
-0.463584 0.30625 0.238576 0.39375
-0.541711 0.6125 0.245933 0.328125
-0.821598 0.7 0.249792 0.48125
-0.549078 0.7 0.258894 0.525
-0.387621 0.6125 0.255776 0.459375
-0.227921 0.809375 0.259353 0.328125
-0.225063 0.590625 0.25857 0.590625
-0.635784 0.590625 0.267081 0.328125
-0.552695 0.634375 0.272694 0.415625
-0.598681 0.65625 0.273937 0.328125
-0.438532 0.65625 0.282166 0.0875
-0.318069 0.853125 0.278766 0.415625
-0.274666 0.48125 0.283789 0.30625
-0.361646 0.56875 0.288239 0.240625
-0.480318 0.56875 0.290944 0.459375
-0.55452 0.56875 0.295094 0.546875
-0.555586 0.65625 0.296927 0.371875
-0.320585 0.6125 0.297016 0.35
-0.317727 0.65625 0.299722 0.503125
-0.198572 0.56875 0.298639 0.240625
-0.387762 0.590625 0.304833 0.021875
-0.550045 0.546875 0.30405 0.525
-0.593414 0.153125 0.311116 0.35
-0.388796 0.175 0.307416 0.4375
-0.195647 0.546875 0.310994 0.415625
-0.0610974 0.56875 0.30585 0.48125
-0.263066 0.415625 0.309427 0.415625
-0.42404 0.4375 0.312133 0.4375
-0.586772 0.503125 0.31512 0.39375
-0.544228 0.546875 0.314337 0.4375
-0.309227 0.765625 0.317042 0.503125
-0.0579307 0.65625 0.323237 0.35
-0.257733 0.4375 0.321581 0.4375
-0.212571 0.459375 0.325159 0.371875
-0.418915 0.48125 0.329018 0.503125
-0.579889 0.4375 0.337248 0.39375
-0.508271 0.590625 0.341698 0.56875
-0.303652 0.48125 0.338879 0.371875
-0.183189 0.48125 0.340713 0.525
-0.179472 0.371875 0.354176 0.4375
-0.368212 0.48125 0.358626 0.525
-0.499254 0.4375 0.358424 0.4375
-0.501629 0.56875 0.362001 0.503125
-0.456918 0.459375 0.3618 0.4375
-0.29546 0.459375 0.373518 0.503125
-0.0869169 0.459375 0.368955 0.4375
-0.245724 0.371875 0.381837 0.4375
-0.241558 0.240625 0.384542 0.48125
-0.402982 0.35 0.383468 0.525
-0.519036 0.459375 0.394314 0.546875
-0.330263 0.4375 0.399637 0.590625
-0.282485 0.525 0.400598 0.56875
-0.117553 0.39375 0.396326 0.48125
-0.186071 0.284375 0.403683 0.525
-0.228583 0.35 0.404644 0.48125
-0.346396 0.30625 0.405605 0.48125
-0.344846 0.328125 0.409183 0.525
-0.227449 0.328125 0.411307 0.503125
-0.178363 0.35 0.409651 0.459375
-0.174646 0.30625 0.407424 0.503125
-0.172238 0.546875 0.40664 0.503125
-0.25791 0.13125 0.411381 0.525
-0.300421 0.109375 0.409726 0.371875
-0.30063 0.175 0.407198 0.546875
-0.29908 0.21875 0.40845 0.546875
-0.0905363 0 0.404177 0.503125
-0.291646 0.13125 0.396716 0.48125
-0.201566 0.2625 0.395933 0.525
-0.316762 0.153125 0.389044 0.459375
-0.244285 0.2625 0.392913 0.459375
-0.36034 0.13125 0.386024 0.48125
-0.198024 0.240625 0.383214 0.39375
-0.195616 0.546875 0.376326 0.503125
-0.281288 0.35 0.370309 0.48125
-0.236577 0.328125 0.365455 0.503125
-0.438996 0.2625 0.354505 0.503125
-0.395143 0.415625 0.345 0.503125
-0.277746 0.30625 0.338983 0.503125
-0.188116 0.39375 0.328033 0.503125
-0.143405 0.30625 0.318527 0.503125
-0.27138 0.30625 0.309894 0.459375
-0.345582 0.39375 0.300689 0.4375
-0.551925 0.328125 0.289148 0.546875
-0.305004 0.525 0.281096 0.546875
-0.27438 0.328125 0.272472 0.48125
-0.141138 0.459375 0.267327 0.503125
-0.388476 0.328125 0.259276 0.525
-0.432296 0.39375 0.257048 0.48125
-0.388893 0.525 0.252485 0.503125
-0.461336 0.415625 0.250257 0.459375
-0.301637 0.56875 0.250346 0.459375
-0.389068 0.39375 0.249272 0.546875
-0.302054 0.459375 0.250533 0.503125
-0.302262 0.39375 0.249459 0.7
-0.389693 0.459375 0.252464 0.371875
-0.507056 0.21875 0.25517 0.39375
-0.393584 0.678125 0.264281 0.4375
-0.350182 0.503125 0.267859 0.39375
-0.305471 0.459375 0.267376 0.371875
-0.34929 0.459375 0.269209 0.415625
-0.352115 0.546875 0.273668 0.30625
-0.717058 0.678125 0.28277 0.39375
-0.515914 0.525 0.288392 0.30625
-0.356215 0.56875 0.292842 0.415625
-0.193899 0.2625 0.290324 0.371875
-0.237719 0.525 0.297109 0.503125
-0.473136 0.4375 0.304176 0.39375
-0.753473 0.525 0.312414 0.415625
-0.566009 0.65625 0.314248 0.4375
-0.288705 0.74375 0.317253 0.4375
-0.126389 0.590625 0.323166 0.371875
-0.314271 0.634375 0.322092 0.39375
-0.607836 0.678125 0.327714 0.39375
-0.523439 0.7 0.333627 0.4375
-0.409968 0.56875 0.343311 0.415625
-0.322954 0.634375 0.3437 0.39375
-0.366773 0.503125 0.349322 0.4375
-0.324229 0.503125 0.348539 0.415625
-0.325746 0.590625 0.355033 0.4375
-0.529472 0.459375 0.355422 0.415625
-0.489136 0.678125 0.362789 0.525
-0.376115 0.65625 0.365794 0.459375
-0.375465 0.6125 0.366183 0.4375
-0.377432 0.525 0.370933 0.459375
-0.493078 0.65625 0.369577 0.459375
-0.335137 0.546875 0.372583 0.525
-0.380715 0.65625 0.376461 0.35
-0.471662 0.56875 0.380339 0.525
-0.547622 0.546875 0.385679 0.39375
-0.388373 0.7 0.387813 0.459375
-0.271427 0.65625 0.390818 0.459375
-0.315696 0.503125 0.385974 0.459375
-0.391657 0.6125 0.391596 0.503125
-0.482154 0.4375 0.399253 0.546875
-0.645336 0.6125 0.397035 0.546875
-0.356562 0.2625 0.401203 0.525
-0.354604 0.525 0.395487 0.30625
-0.237658 0.6125 0.396748 0.30625
-0.399532 0.371875 0.39452 0.6125
-0.491787 0.6125 0.396953 0.4375
-0.61005 0.415625 0.393563 0.48125
-0.408498 0.7 0.397731 0.4375
-0.335163 0.546875 0.396376 0.546875
-0.364896 0.74375 0.396192 0.546875
-0.365554 0.175 0.397453 0.525
-0.41244 0.7 0.397842 0.546875
-0.458468 0.109375 0.395624 0.525
-0.620342 0.65625 0.396013 0.7875
-0.535086 0.56875 0.399309 0.7
-0.420757 0.721875 0.396218 0.678125
-0.463718 0.590625 0.399514 0.56875
-0.377604 0.74375 0.399031 0.4375
-0.539478 0.153125 0.397976 0.525
-0.542753 0.634375 0.399237 0.48125
-0.704627 0.634375 0.40167 0.56875
-0.429082 0.721875 0.400314 0.4375
-0.386579 0.634375 0.398959 0.503125
-0.387237 0.634375 0.401683 0.459375
-0.518729 0.634375 0.402363 0.503125
-0.681911 0.74375 0.400435 0.503125
-0.685636 0.940625 0.40344 0.48125
-0.440473 0.853125 0.396279 0.48125
-0.36583 0.875 0.398703 0.459375
-0.279266 0.175 0.395322 0.48125
-0.397979 0.175 0.386698 0.48125
-0.690686 0.875 0.387096 0.48125
-0.723035 0.940625 0.375855 0.459375
-0.609156 0.56875 0.382359 0.4375
-0.288691 0.984375 0.365013 0.4375
-0.212739 0.91875 0.354653 0.503125
-0.371996 0.56875 0.340224 0.371875
-0.607006 0.65625 0.338287 0.4375
-0.493984 0.896875 0.322113 0.371875
-0.538254 0.896875 0.315814 0.525
-0.335844 0.74375 0.3072 0.415625
-0.333885 0.590625 0.285792 0.39375
-0.377296 0.678125 0.272807 0.39375
-0.45064 0.21875 0.25954 0.39375
-0.377305 0.175 0.2486 0.39375
-0.538321 0.7 0.238522 0.525
-0.451757 0.6125 0.22322 0.546875
-0.451107 0.634375 0.21664 0.525
-0.378221 0.546875 0.200748 0.4375
-0.332652 0.6125 0.197076 0.175
-0.406446 0.65625 0.19602 0.39375
-0.452023 0.6125 0.190013 0.39375
-0.613897 0.56875 0.193027 0.459375
-0.382413 0.634375 0.193716 0.35
-0.380455 0.56875 0.190916 0.328125
-0.289516 0.546875 0.19305 0.328125
-0.45139 0.546875 0.19432 0.459375
-0.612814 0.56875 0.19907 0.30625
-0.499343 0.634375 0.202948 0.0875
-0.499551 0.56875 0.20887 0.2625
-0.293624 0.634375 0.211003 0.371875
-0.336135 0.546875 0.212564 0.284375
-0.335035 0.56875 0.217314 0.415625
-0.453298 0.525 0.222064 0.284375
-0.542037 0.74375 0.224498 0.459375
-0.498634 0.590625 0.23012 0.30625
-0.455232 0.56875 0.233426 0.284375
-0.291608 0.590625 0.234687 0.459375
-0.288341 0.546875 0.231596 0.39375
-0.213247 0.415625 0.238381 0.284375
-0.401129 0.415625 0.245466 0.371875
-0.327344 0.48125 0.24382 0.30625
-0.282633 0.39375 0.251777 0.21875
-0.366588 0.459375 0.249559 0.328125
-0.204272 0.48125 0.256344 0.415625
-0.154328 0.415625 0.248892 0.30625
-0.15192 0.39375 0.246664 0.35
-0.222646 0.30625 0.254622 0.328125
-0.35238 0.35 0.254148 0.39375
-0.35128 0.39375 0.257444 0.48125
-0.186347 0.415625 0.257261 0.459375
-0.184389 0.35 0.257359 0.35
-0.0921419 0.48125 0.260955 0.4375
-0.250949 0.371875 0.265133 0.39375
-0.366596 0.371875 0.262914 0.4375
-0.335113 0.2625 0.264466 0.35
-0.127878 0.284375 0.267772 0.415625
-0.0810002 0.240625 0.267589 0.30625
-0.122203 0.35 0.267977 0.415625
-0.160789 0.371875 0.269539 0.39375
-0.320046 0.13125 0.2711 0.371875
-0.275335 0.371875 0.268881 0.48125
-0.187013 0.371875 0.274794 0.371875
-0.183746 0.371875 0.274611 0.4375
-0.108653 0.328125 0.273264 0.371875
-0.148547 0.109375 0.274244 0.371875
-0.217966 0.35 0.275805 0.39375
-0.333162 0.328125 0.277939 0.35
-0.259827 0.39375 0.282989 0.35
-0.375023 0.371875 0.280189 0.4375
-0.170405 0.39375 0.284366 0.35
-0.168446 0.30625 0.285927 0.415625
-0.135656 0.35 0.288361 0.371875
-0.251302 0.04375 0.286142 0.371875
-0.453721 0.35 0.293227 0.39375
-0.454379 0.39375 0.295661 -0.04375
-0.409668 0.459375 0.290826 0.39375
-0.16058 0.459375 0.297611 0.371875
-0.129097 0.415625 0.301207 0.4375
-0.289213 0.525 0.298989 0.39375
-0.449779 0.39375 0.303166 0.415625
-0.451296 0.590625 0.303855 0.39375
-0.364732 0.4375 0.310068 0.371875
-0.320021 0.35 0.309013 0.2625
-0.290296 0.48125 0.308539 0.4375
-0.320029 0.4375 0.31039 0.30625
-0.363848 0.13125 0.31574 0.371875
-0.410734 0.39375 0.321081 0.35
-0.454554 0.525 0.320026 0.284375
-0.412909 0.546875 0.322459 0.30625
-0.369507 0.415625 0.322276 0.371875
-0.371473 0.459375 0.326744 0.415625
-0.37299 0.525 0.322781 0.39375
-0.373648 0.503125 0.322016 0.35
-0.580442 0.503125 0.32445 0.371875
-0.539656 0.6125 0.325729 0.39375
-0.585234 0.721875 0.328163 0.415625
-0.381923 0.678125 0.323909 0.39375
-0.309896 0.590625 0.318492 0.39375
-0.426851 0.590625 0.3186 0.415625
-0.429676 0.56875 0.313483 0.4375
-0.666852 0.590625 0.307194 0.4375
-0.480696 0.678125 0.304394 0.4375
-0.598959 0.634375 0.29985 0.48125
-0.351587 0.7 0.293561 0.415625
-0.510803 0.634375 0.2861 0.35
-0.482346 0.83125 0.279229 0.48125
-0.513345 0.634375 0.268861 -0.021875
-0.354504 0.6125 0.263444 0.56875
-0.443651 0.634375 0.250459 0.48125
-0.400657 0.196875 0.243298 0.459375
-0.562939 0.525 0.239335 0.459375
-0.521253 0.65625 0.232455 0.4375
-0.492796 0.65625 0.226748 0.39375
-0.566097 0.91875 0.221613 0.503125
-0.407257 0.74375 0.219394 0.48125
-0.496404 0.634375 0.224735 0.4375
-0.658236 0.765625 0.221926 0.48125
-0.689685 0.74375 0.22872 0.48125
-0.502629 0.91875 0.230281 0.39375
-0.577689 0.284375 0.241137 0.30625
-0.623225 0.853125 0.237174 0.39375
-0.581539 0.853125 0.251237 0.371875
-0.512537 0.7875 0.254824 0.30625
-0.542228 0.74375 0.261618 0.371875
-0.705819 0.7875 0.269576 0.4375
-0.825348 0.83125 0.280731 0.503125
-0.523304 0.984375 0.287226 0.39375
-0.479451 0.809375 0.29402 0.371875
-0.394154 0.765625 0.300814 0.371875
-0.804874 0.74375 0.307609 0.39375
-0.691811 0.91875 0.311487 0.39375
-0.694186 0.875 0.318281 0.35
-0.402754 0.875 0.31897 0.48125
-0.403821 0.74375 0.326637 0.48125
-0.448048 0.74375 0.331977 0.4375
-0.772855 0.721875 0.3379 0.39375
-0.848773 1.05 0.347311 0.4375
-0.617247 1.07187 0.351489 0.415625
-0.382655 0.721875 0.35304 0.415625
-0.379796 0.853125 0.352857 0.415625
-0.380413 0.678125 0.357907 0.4375
-0.500393 0.65625 0.361213 0.6125
-0.619922 0.875 0.363646 0.65625
-0.622297 0.809375 0.371603 0.459375
-0.667834 0.721875 0.369385 0.371875
-0.464073 0.765625 0.370946 0.35
-0.420221 0.7875 0.373379 0.4375
-0.390455 0.83125 0.374359 0.459375
-0.464207 0.721875 0.373885 0.4375
-0.627347 0.7 0.378063 0.459375
-0.834549 0.91875 0.379624 0.4375
-0.517109 0.765625 0.384674 0.459375
-0.516418 0.678125 0.381874 0.525
-0.35496 0.74375 0.38199 0.503125
-0.517243 0.678125 0.385296 0.525
-0.593161 0.6125 0.383077 0.525
-0.873048 0.7875 0.390744 0.590625
-0.846349 0.91875 0.397539 0.590625
-0.48354 0.91875 0.403461 0.30625
-0.364385 0.765625 0.403277 0.284375
-0.438137 0.809375 0.406011 0.546875
-0.877482 0.83125 0.411933 0.546875
-0.883782 0.9625 0.417855 0.525
-0.537268 0.9625 0.422033 0.721875
-0.42073 0.853125 0.427083 0.546875
-0.449112 0.765625 0.428944 0.546875
-0.582321 0.721875 0.435739 0.546875
-0.89259 0.6125 0.44515 0.546875
-0.62007 0.896875 0.451363 0.590625
-0.505698 0.853125 0.454968 0.546875
-0.782969 0.678125 0.459146 0.590625
-0.830263 1.05 0.462451 0.634375
-0.672731 0.984375 0.465185 0.39375
-0.438138 0.896875 0.47227 0.590625
-0.510582 0.83125 0.46947 0.196875
-0.600179 0.809375 0.477727 0.590625
-0.911757 0.984375 0.479289 0.65625
-0.917607 1.09375 0.483757 0.546875
-0.728792 1.00625 0.484446 0.65625
-0.287614 0.9625 0.476703 0.590625
-0.443763 0.74375 0.470414 0.590625
-0.564151 0.83125 0.473139 0.546875
-0.91844 0.809375 0.471211 0.634375
-0.92384 0.9625 0.468401 0.525
-0.486587 1.00625 0.459496 0.56875
-0.366983 0.74375 0.452335 0.56875
-0.482137 0.74375 0.448953 0.525
-0.775661 0.721875 0.439176 0.525
-0.926432 0.853125 0.433759 0.546875
-0.621321 0.984375 0.423109 0.503125
-0.489346 0.896875 0.415948 0.459375
-0.488204 0.875 0.405589 0.39375
-0.649586 0.765625 0.392031 0.546875
-0.623746 0.853125 0.382253 0.525
-0.625221 0.853125 0.371603 0.4375
-0.699381 0.853125 0.365314 0.48125
-0.817152 0.91875 0.352629 0.503125
-0.584726 1.00625 0.342851 0.6125
-0.628954 0.853125 0.331039 0.525
-0.466596 0.91875 0.32097 0.634375
-0.53814 0.853125 0.311201 0.503125
-0.583226 0.7875 0.305785 0.525
-0.937515 0.853125 0.305311 0.525
-0.942057 1.05 0.300476 0.56875
-0.66602 1.00625 0.297676 0.590625
-0.268453 0.91875 0.294003 0.525
-0.308306 0.83125 0.292076 0.415625
-0.74765 0.721875 0.292774 0.525
-0.942032 1.00625 0.296079 0.4375
-0.947432 1.07187 0.298513 0.4375
-0.555548 1.07187 0.30269 0.459375
-0.480413 0.896875 0.302807 0.459375
-0.67087 0.91875 0.306113 0.590625
-0.951615 1.00625 0.309127 0.415625
-0.957015 1.225 0.31505 0.546875
-0.725897 1.26875 0.318655 0.415625
-0.565298 1.00625 0.324577 0.525
-0.726681 0.678125 0.327883 0.459375
-0.817995 1.225 0.334105 0.525
-0.691703 0.984375 0.344389 0.415625
-0.969382 1.00625 0.345087 0.0875
-0.623726 0.875 0.353916 0.503125
-0.668812 0.984375 0.357222 0.503125
-0.743422 1.02812 0.366061 0.459375
-0.673521 0.984375 0.372855 0.371875
-0.747681 0.984375 0.374716 0.39375
-0.675612 0.984375 0.379766 0.39375
-0.677087 1.00625 0.386851 0.56875
-0.797925 0.9625 0.38755 0.546875
-0.757097 0.9625 0.398124 0.39375
-0.801325 1.05 0.400857 0.590625
-0.553054 1.24687 0.400101 0.546875
-0.638276 1.11563 0.401663 0.546875
-0.844578 0.678125 0.408176 0.6125
-0.847811 0.91875 0.409446 0.48125
-0.762064 1.09375 0.415959 0.546875
-0.557854 0.984375 0.41752 0.7
-0.52633 0.853125 0.41502 0.525
-0.686854 0.83125 0.414264 0.503125
-0.92268 0.91875 0.415826 0.415625
-0.649259 1.00625 0.421176 0.546875
-0.530963 0.875 0.414014 0.39375
-0.527205 0.853125 0.415876 0.525
-0.687729 0.896875 0.413376 0.56875
-0.761889 0.853125 0.415237 0.546875
-0.807425 0.91875 0.421159 0.56875
-0.560912 0.940625 0.422148 0.6125
-0.557154 0.896875 0.41674 0.503125
-0.483777 0.83125 0.421209 0.459375
-0.599382 0.765625 0.418709 0.30625
-0.804375 0.7 0.421442 0.590625
-0.71777 0.9625 0.419814 0.590625
-0.599882 0.284375 0.421376 0.48125
-0.552921 0.7875 0.420611 0.546875
-0.593182 0.91875 0.419555 0.546875
-0.677054 0.6125 0.41879 0.48125
-0.544629 0.83125 0.410757 0.525
-0.468594 0.875 0.412609 0.48125
-0.539687 0.74375 0.411844 0.4375
-0.582565 0.74375 0.409635 0.39375
-0.669054 0.503125 0.405381 0.503125
-0.419024 0.74375 0.390951 0.525
-0.295453 0.7 0.378266 0.48125
-0.495621 0.6125 0.366744 0.503125
-0.653937 0.6125 0.356094 0.459375
-0.725889 0.9625 0.343127 0.4375
-0.519471 0.7875 0.33335 0.525
-0.325831 0.721875 0.313977 0.153125
-0.276703 0.875 0.303327 0.546875
-0.507254 0.56875 0.281929 0.459375
-0.637804 0.634375 0.273896 0.634375
-0.54854 0.678125 0.262374 0.56875
-0.471646 0.678125 0.24272 0.56875
-0.333538 0.65625 0.227418 0.503125
-0.301564 0.6125 0.220839 0.39375
-0.530807 0.546875 0.213105 0.415625
-0.690431 0.590625 0.20449 0.39375
-0.483562 0.721875 0.199946 0.4375
-0.45028 0.875 0.200935 0.4375
-0.359708 0.83125 0.197844 0.4375
-0.474412 0.65625 0.204066 0.415625
-0.604512 0.809375 0.207372 0.39375
-0.515698 0.809375 0.202546 0.2625
-0.631711 0.634375 0.212248 0.240625
-0.513373 0.74375 0.212946 0.35
-0.76022 0.83125 0.224392 0.328125
-0.629961 1.1375 0.226253 0.284375
-0.555684 0.765625 0.233048 0.459375
-0.392877 0.896875 0.235781 0.39375
-0.50844 0.7 0.246064 0.153125
-0.670681 1.05 0.24967 0.35
-0.906915 0.74375 0.255601 0.56875
-0.834805 0.875 0.269664 0.48125
-0.394485 1.02812 0.270653 0.13125
-0.18545 0.721875 0.274831 0.175
-0.343766 0.721875 0.277564 0.459375
-0.709075 0.590625 0.280879 0.459375
-0.903007 0.525 0.29407 0.371875
-0.671439 0.809375 0.303781 0.525
-0.347416 0.83125 0.30099 0.590625
-0.226461 0.74375 0.312737 0.35
-0.544684 0.546875 0.31139 0.39375
-0.662006 0.7875 0.318776 0.415625
-0.822938 0.678125 0.324707 0.415625
-0.456612 0.896875 0.32744 0.503125
-0.335658 0.678125 0.33627 0.39375
-0.258764 0.7 0.335224 0.39375
-0.608678 0.459375 0.346098 0.35
-0.650697 0.74375 0.350576 0.4375
-0.445587 0.7 0.352146 0.39375
-0.327699 0.634375 0.363892 0.4375
-0.410263 0.7875 0.35674 0.35
-0.481357 0.48125 0.371976 0.415625
-0.434846 0.48125 0.37122 0.48125
-0.35881 0.4375 0.375107 0.39375
-0.236097 0.56875 0.372307 0.4375
-0.468815 0.525 0.385798 0.525
-0.71652 0.546875 0.393464 0.525
-0.583195 0.74375 0.39329 0.546875
-0.345494 0.65625 0.406481 0.525
-0.1347 0.65625 0.405435 0.48125
-0.216814 0.590625 0.411648 0.30625
-0.56497 0.503125 0.412346 0.503125
-0.843915 0.65625 0.41915 0.634375
-0.566528 0.7 0.435248 0.546875
-0.12445 0.7 0.432166 0.546875
-0.0453483 0.65625 0.431692 0.546875
-0.435807 0.48125 0.440822 0.503125
-0.642067 0.459375 0.459837 0.546875
-0.832932 0.56875 0.465468 0.56875
-0.393021 0.765625 0.473726 0.65625
-0.228005 0.634375 0.474424 0.6125
-0.356796 0.503125 0.477729 0.590625
-0.547211 0.590625 0.492964 0.590625
-0.752613 0.546875 0.502676 0.6125
-0.473059 0.765625 0.505409 0.6125
-0.514179 0.6125 0.507551 0.65625
-0.426223 0.74375 0.52017 0.65625
-0.791083 0.56875 0.527264 0.56875
-0.516762 0.809375 0.530579 0.678125
-0.588264 0.721875 0.537964 0.7
-0.63245 0.765625 0.545631 0.7
-0.822865 0.809375 0.556214 0.721875
-0.827365 0.896875 0.561564 0.809375
-0.711644 0.896875 0.575055 0.721875
-0.388029 0.896875 0.573137 0.721875
-0.547203 0.9625 0.577905 0.765625
-0.826598 0.896875 0.587616 0.74375
-0.830648 0.940625 0.595583 0.74375
-0.83384 1.18125 0.60384 0.853125
-0.485526 1.05 0.60919 0.678125
-0.526646 1.15938 0.612214 0.896875
-0.529837 0.853125 0.614948 0.459375
-0.838307 0.809375 0.619426 0.74375
-0.842807 0.984375 0.628555 0.74375
-0.845548 0.940625 0.631289 0.765625
-0.497234 1.15938 0.632568 0.678125
-0.569186 0.875 0.632976 0.765625
-0.658292 1.00625 0.63222 0.875
-0.851323 0.875 0.634372 0.7875
-0.855823 1.1375 0.636533 0.765625
-0.785021 1.07187 0.630544 0.896875
-0.712911 1.00625 0.623101 0.7875
-0.714795 1.02812 0.623509 0.65625
-0.71492 1.02812 0.612868 0.7875
-0.6745 0.984375 0.606598 0.74375
-0.677692 0.9625 0.601481 0.7875
-0.680884 1.09375 0.601016 0.853125
-0.566471 0.896875 0.591829 0.678125
-0.72957 0.896875 0.584687 0.678125
-0.802788 0.896875 0.580433 0.678125
-0.598495 0.984375 0.556409 0.7
-0.800788 0.525 0.548094 0.678125
-0.565662 0.896875 0.519709 0.678125
-0.638881 0.9625 0.506442 0.74375
-0.638964 0.896875 0.495792 0.721875
-0.639047 1.11563 0.479046 0.83125
-0.565587 0.91875 0.462 0.765625
-0.594745 0.74375 0.44757 0.7
-0.87234 0.809375 0.434013 1.02812
-0.843799 1.09375 0.421627 0.83125
-0.595445 1.09375 0.408942 0.765625
-0.403071 1.05 0.402663 0.678125
-0.86834 0.83125 0.401607 0.371875
-0.724811 0.546875 0.395027 0.7
-0.872882 1.15938 0.397761 0.678125
-0.874723 0.56875 0.397287 0.6125
-0.877423 1.11563 0.401764 0.83125
-0.690284 1.1375 0.398674 0.809375
-0.735286 1.11563 0.401407 0.56875
-0.882498 1.02812 0.40762 0.6125
-0.885198 1.225 0.412098 0.56875
-0.888348 1.1375 0.418892 0.590625
-0.891048 1.26875 0.418718 0.7
-0.894198 0.765625 0.423768 0.56875
-0.897348 0.721875 0.427374 0.590625
-0.900048 1.1375 0.433596 0.4375
-0.903198 0.940625 0.442426 0.65625
-0.905898 1.18125 0.448648 0.525
-0.909048 0.809375 0.447601 0.6125
-0.91089 1.26875 0.455559 0.48125
-0.91359 1.29062 0.454803 0.678125
-0.681531 1.15938 0.458409 0.590625
-0.770595 1.00625 0.464922 0.65625
-0.917807 1.20312 0.467355 0.6125
-0.920507 0.74375 0.472705 0.525
-0.922348 1.42188 0.475439 0.6125
-0.646678 0.7875 0.475846 0.56875
-0.689514 0.875 0.478579 0.634375
-0.894424 1.09375 0.480731 0.546875
-0.926198 0.634375 0.481711 0.590625
-0.928448 0.74375 0.478911 0.546875
-0.65057 1.20312 0.478446 0.590625
-0.650203 1.35625 0.475646 0.6125
-0.927348 0.9625 0.474309 0.284375
-0.929598 0.83125 0.470637 0.525
-0.931848 1.29062 0.469 0.56875
-0.741192 1.225 0.45894 0.546875
-0.624979 1.1375 0.453524 0.590625
-0.932507 1.3125 0.442301 0.590625
-0.933448 1.18125 0.431651 0.56875
-0.93439 1.15938 0.418976 0.503125
-0.65782 1.20312 0.411242 0.634375
-0.933657 1.07187 0.397103 0.678125
-0.658845 1.42188 0.382101 0.65625
-0.937298 0.56875 0.371451 0.65625
-0.907858 1.11563 0.35645 0.678125
-0.660361 1.18125 0.340576 0.7
-0.629612 1.05 0.322076 0.74375
-0.934973 1.05 0.30969 0.678125
-0.937223 1.09375 0.3069 0.721875
-0.938165 1.09375 0.300029 0.65625
-0.586743 1.24687 0.294331 0.65625
-0.627371 1.00625 0.302298 0.6125
-0.78822 1.11563 0.298053 0.6125
-0.93629 1.11563 0.311253 0.525
-0.93854 1.1375 0.323281 0.546875
-0.663278 1.1375 0.340551 0.503125
-0.939565 1.05 0.354624 0.546875
-0.941815 1.18125 0.364335 0.525
-0.944065 1.29062 0.379279 0.546875
-0.946765 1.26875 0.387246 0.546875
-0.949015 1.1375 0.403353 0.503125
-0.852265 1.24687 0.574229 0.503125
-0.844165 1.18125 0.563624 0.590625
-0.836065 1.18125 0.564948 0.590625
-0.827965 1.20312 0.550863 0.590625
-0.819865 0.765625 0.547526 0.65625
-0.811765 1.20312 0.541 0.6125
-0.803215 0.809375 0.533311 0.6125
-0.795115 1.1375 0.522996 0.7
-0.787015 1.07187 0.51269 0.56875
-0.778915 1.20312 0.503257 0.65625
-0.770815 1.05 0.490035 0.634375
-0.762715 1.20312 0.479729 0.634375
-0.754615 1.02812 0.465935 0.634375
-0.746515 1.05 0.45184 0.6125
-0.738415 1.1375 0.442407 0.56875
-0.729865 1.05 0.430357 0.7
-0.721765 1.3125 0.418589 0.590625
-0.713665 1.3125 0.408574 0.590625
-0.705565 0.9625 0.391872 0.6125
-0.697465 1.02812 0.381276 0.6125
-0.689365 0.984375 0.372414 0.590625
-0.681265 0.984375 0.362981 0.546875
-0.673165 0.984375 0.353548 0.546875
-0.666373 1.00625 0.345559 0.546875
-0.657823 0.940625 0.328566 0.546875
-0.649723 0.91875 0.330181 0.56875
-0.875524 1.00625 0.313189 0.546875
-0.634832 0.940625 0.306653 0.525
-0.626732 1.00625 0.302453 0.590625
-0.618632 0.853125 0.298253 0.459375
-0.610532 0.875 0.294053 0.4375
-0.60374 0.875 0.290726 0.590625
-0.59564 0.765625 0.286226 0.4375
-0.58754 0.765625 0.282026 0.48125
-0.57899 0.875 0.277826 0.328125
-0.57089 0.875 0.273626 0.48125
-0.56279 0.765625 0.269426 0.459375
-0.55469 0.875 0.264926 0.328125
-0.54659 1.05 0.260726 0.48125
-0.53849 0.984375 0.256526 0.30625
-0.53039 0.721875 0.252326 0.371875
-0.52229 0.9625 0.248126 0.2625
-0.512432 0.48125 0.242453 0.415625
-0.503882 1.02812 0.237653 0.30625
-0.495332 0.7 0.232553 0.415625
-0.486782 0.765625 0.227453 0.240625
-0.478232 0.678125 0.222653 0.30625
-0.469682 0.678125 0.217553 0.35
-0.461132 0.678125 0.212453 0.284375
-0.452582 0.678125 0.208526 0.35
-0.444032 0.765625 0.203426 0.175
-0.435032 0.678125 0.198326 0.2625
-0.426482 0.634375 0.193526 0.21875
-0.417932 0.56875 0.188426 0.328125
-0.409382 0.590625 0.183326 0.021875
-0.400832 0.634375 0.178526 0.240625
-0.392282 0.6125 0.173426 0.328125
-0.383732 0.590625 0.168326 0.328125
-0.375182 0.56875 0.163526 0.328125
-0.366632 0.634375 0.158426 0.240625
-0.358082 0.503125 0.153626 0.328125
-0.35084 0.48125 0.149398 0.30625
-0.34229 0.503125 0.144298 0.2625
-0.33374 0.48125 0.139498 0.21875
-0.32519 0.503125 0.134398 0.284375
-0.31664 0.459375 0.129598 0.153125
-0.541541 0.721875 0.12537 0.175
-0.300398 0.196875 0.12057 0.13125
-0.291848 0.459375 0.11547 0.21875
-0.283298 0.56875 0.11067 0.13125
-0.274748 -0.13125 0.10557 0.21875
-0.266198 0.56875 0.10077 0.109375
-0.257648 0.371875 0.09567 0.240625
-0.249098 0.503125 0.083883 0.240625
-0.240548 0.284375 0.0866422 0.240625
-0.231998 0.48125 0.0815422 0.240625
-0.223448 0.240625 0.0767422 0.21875
-0.214898 0.415625 0.0614663 0.2625
-0.206348 0.328125 0.0677144 0.065625
-0.197798 0.35 0.0629144 0.175
-0.189248 0.415625 0.0586867 0.04375
-0.180698 0.21875 0.0538867 0.0875
-0.172148 0.30625 0.0487867 0.196875
-0.163598 0.415625 0.040207 -0.153125
-0.155048 0.21875 0.0397589 0.13125
-0.146498 0.2625 0.0349589 0.04375
-0.137948 0.30625 0.0298589 0.04375
-0.159781 -0.065625 0.0259311 0.04375
-0.122157 -0.021875 0.0208311 0.04375
-0.113607 0.2625 0.0160311 0.04375
-0.105057 0.065625 0.0112311 0.021875
-0.0960567 0.04375 0.00613111 0.065625
-0.088815 0.04375 0.00190333 -0.04375
-0.080265 0.30625 -0.00349667 0.153125
-0.0725733 0.21875 -0.00802444 0.04375
-0.0635733 0.21875 -0.0134244 -0.13125
-0.0545733 0.2625 -0.0188244 -0.109375
-0.352609 -0.065625 -0.0233522 0.0875
-0.0383317 0.2625 -0.0287522 -0.175
-0.03064 0.2625 -0.03328 0.04375
-0.02209 0.21875 -0.03868 -0.175
-0.01309 0.30625 -0.04408 -0.175
-0.00539833 0.240625 -0.0486078 -0.2625
0.00315167 0.153125 -0.0540078 0.04375
0.0121517 0.30625 -0.0594078 -0.175
-0.170446 -0.065625 -0.0630633 -0.13125
0.027085 0.35 -0.0684633 0.065625
0.036085 0.2625 -0.0738633 0.04375
0.045085 0.35 -0.0792633 0.065625
-0.136655 -0.0875 -0.0837911 -0.2625
0.0613267 0.021875 -0.0891911 -0.175
0.0703267 -0.153125 -0.0945911 -0.175
0.0788767 -0.065625 -0.0999911 -0.2625
-0.102413 -0.065625 -0.104519 -0.175
0.0955683 -0.04375 -0.109919 -0.48125
0.104118 -0.109375 -0.115319 0.021875
0.113118 -0.109375 -0.120719 -0.065625
0.122118 -0.021875 -0.126119 -0.021875
0.130668 -0.109375 -0.130647 -0.04375
0.13836 -0.153125 -0.135174 -0.065625
0.14736 -0.021875 -0.140574 -0.04375
0.15591 0 -0.145674 -0.04375
0.16491 -0.109375 -0.151074 0
0.172152 -0.284375 -0.155602 -0.021875
0.181152 -0.284375 -0.161002 -0.175
0.190152 -0.284375 -0.166402 -0.021875
0.081097 0.021875 -0.170058 -0.240625
0.206393 -0.153125 -0.175458 -0.30625
0.0251035 -0.284375 -0.179986 -0.04375
0.222635 -0.240625 -0.185086 0
0.230327 -0.30625 -0.189613 -0.35
0.239327 -0.328125 -0.194141 -0.284375
0.246568 -0.196875 -0.197797 -0.0875
0.25426 -0.240625 -0.202324 -0.284375
0.261502 -0.30625 -0.206852 -0.021875
0.270502 -0.546875 -0.211952 -0.240625
0.276885 -0.240625 -0.225784 -0.30625
-0.0211511 -0.371875 -0.219263 -0.240625
0.102837 -0.13125 -0.223791 -0.109375
0.29951 -0.30625 -0.228019 -0.39375
0.30806 -0.328125 -0.233419 -0.459375
0.31706 -0.240625 -0.237947 -0.30625
0.322993 -0.39375 -0.241602 -0.39375
0.256691 -0.415625 -0.245258 0.021875
0.306686 -0.2625 -0.248613 -0.30625
0.109101 -0.35 -0.251397 -0.284375
0.348077 -0.415625 -0.255052 -0.30625
0.355768 -0.30625 -0.25988 -0.284375
0.174929 -0.56875 -0.265008 -0.30625
0.0940896 -0.39375 -0.268091 -0.284375
0.144084 -0.328125 -0.272047 -0.328125
0.384368 -0.503125 -0.276874 -0.35
0.318066 -0.6125 -0.28083 -0.35
0.120931 -0.459375 -0.283913 -0.415625
0.172684 -0.21875 -0.289041 -0.48125
0.134148 -0.371875 -0.292124 -0.65625
0.418043 -0.35 -0.296952 -0.371875
0.35305 -0.4375 -0.300908 -0.4375
0.433427 -0.2625 -0.305736 -0.35
0.322655 -0.109375 -0.307947 -0.4375
0.301273 -0.459375 -0.315682 -0.4375
0.220434 -0.196875 -0.31703 -0.503125
0.109213 -0.240625 -0.331452 -0.415625
0.436719 -0.415625 -0.324069 -0.503125
0.284504 -0.48125 -0.330932 -0.39375
0.204115 -0.4375 -0.33198 -0.35
0.415325 -0.21875 -0.339715 -0.48125
0.30672 -0.48125 -0.339891 -0.371875
0.473011 -0.4375 -0.352278 -0.525
0.434475 -0.56875 -0.348093 -0.459375
0.398555 -0.459375 -0.350013 -0.39375
0.520377 -0.503125 -0.352224 -0.546875
0.251865 -0.590625 -0.363739 -0.590625
0.534452 -0.459375 -0.368567 -0.39375
0.396773 -0.56875 -0.363219 -0.48125
0.403156 -0.284375 -0.366302 -0.415625
0.278706 -0.503125 -0.369386 -0.4375
0.563052 -0.503125 -0.373341 -0.546875
0.264157 -0.6125 -0.376424 -0.503125
0.344534 -0.525 -0.38038 -0.4375
0.350917 -0.4375 -0.383463 -0.56875
0.517208 -0.546875 -0.385674 -0.525
0.364992 -0.634375 -0.38963 -0.48125
0.574894 -0.503125 -0.392713 -0.6125
0.378209 -0.6125 -0.395797 -0.525
0.5445 -0.196875 -0.39888 -0.6125
0.623568 -0.153125 -0.412139 -0.503125
0.398667 -0.634375 -0.404174 -0.6125
0.447354 -0.7 -0.415689 -0.48125
0.410126 -0.634375 -0.418773 -0.153125
0.65041 -0.546875 -0.412552 -0.503125
0.657243 -0.7 -0.425811 -0.65625
0.635861 -0.721875 -0.425406 -0.48125
0.525948 -0.721875 -0.42063 -0.546875
0.40019 -0.765625 -0.429528 -0.525
0.493795 -0.21875 -0.42418 -0.7
0.412956 -0.7 -0.435695 -0.590625
0.695543 -0.634375 -0.437906 -0.48125
0.704543 -0.721875 -0.438082 -0.56875
0.711377 -0.7875 -0.4432 -0.65625
0.52792 -1.00625 -0.438743 -0.56875
0.373088 -0.940625 -0.439219 -0.678125
0.422224 -0.7875 -0.448717 -0.546875
0.619347 -0.721875 -0.445413 -0.7
0.627489 -0.415625 -0.457528 -0.546875
0.63563 -0.328125 -0.454515 -0.721875
0.757002 -0.9625 -0.456163 -0.590625
0.458557 -0.875 -0.464199 -0.6125
0.464082 -0.678125 -0.464393 -0.6125
0.425996 -0.328125 -0.469811 -0.634375
0.592737 -0.7 -0.473495 -0.7
0.790718 -0.74375 -0.483856 -0.634375
0.79886 -0.875 -0.480271 -0.809375
0.528181 -0.896875 -0.487434 -0.7
0.532398 -0.853125 -0.489373 -0.634375
0.668306 -0.940625 -0.496536 -0.74375
0.791436 -0.853125 -0.495567 -0.634375
0.63967 -1.00625 -0.499823 -0.634375
0.601584 -1.02812 -0.493902 -0.634375
0.724714 -0.4375 -0.506889 -0.634375
0.847393 -1.15938 -0.505621 -0.546875
0.736622 -1.11563 -0.511339 -0.6125
0.551857 -1.02812 -0.505419 -0.634375
0.630067 -1.09375 -0.515489 -0.65625
0.635142 -0.525 -0.516556 -0.678125
0.875877 -1.11563 -0.526045 -0.65625
0.766414 -1.15938 -0.517808 -0.678125
0.771939 -0.7 -0.519447 -0.65625
0.454582 -0.940625 -0.520213 -0.7
0.590941 -0.853125 -0.534073 -0.83125
0.901743 -0.896875 -0.527571 -0.83125
0.720904 -1.00625 -0.528919 -0.721875
0.638756 -0.940625 -0.540161 -0.765625
0.527985 -0.984375 -0.533369 -0.678125
0.693417 -0.4375 -0.540532 -0.7875
0.582646 -0.91875 -0.542461 -0.65625
0.792548 -0.853125 -0.549634 -0.634375
0.75577 -1.00625 -0.547493 -0.765625
0.877591 -0.9625 -0.557563 -0.809375
0.721901 -1.07187 -0.546419 -0.984375
0.652982 -0.546875 -0.555617 -0.7
0.729884 -0.9625 -0.547952 -0.765625
0.691798 -1.07187 -0.550463 -0.721875
0.698631 -1.00625 -0.56345 -0.875
0.981218 -1.24687 -0.556658 -0.7
0.711848 -1.15938 -0.560041 -0.74375
0.643379 -1.24687 -0.569539 -0.765625
0.646738 -1.09375 -0.562774 -0.875
0.695016 -0.984375 -0.565313 -0.74375
0.862206 -0.984375 -0.5789 -0.809375
1.01572 -1.05 -0.573008 -0.896875
0.906705 -1.20312 -0.581943 -0.74375
0.591557 -1.15938 -0.578958 -0.74375
0.594916 -0.525 -0.587011 -0.7875
0.75949 -0.984375 -0.59333 -0.74375
1.01345 -1.05 -0.585693 -0.7875
1.05112 -1.11563 -0.598989 -0.875
0.910415 -1.20312 -0.589608 -0.83125
0.666643 -1.18125 -0.602613 -0.875
0.465175 -1.07187 -0.601663 -0.7875
0.831509 -0.940625 -0.600123 -0.7875
1.07269 -1.1375 -0.602661 -0.74375
1.08129 -1.18125 -0.606073 -0.91875
0.780674 -1.24687 -0.610647 -0.91875
0.490675 -1.11563 -0.607952 -0.74375
0.490966 -0.9625 -0.604095 -0.7
0.860367 -0.896875 -0.604589 -0.853125
1.10155 -1.05 -0.61178 -0.765625
1.07845 -1.15938 -0.60705 -0.809375
0.6457 -1.24687 -0.613369 -0.74375
0.558769 -1.05 -0.612119 -0.7
0.64935 -1.00625 -0.59983 -0.809375
0.815232 -0.9625 -0.602369 -0.91875
1.05249 -1.05 -0.608978 -0.809375
0.985331 -1.24687 -0.617323 -0.91875
0.786479 -1.24687 -0.607941 -0.721875
0.746227 -1.15938 -0.618039 -1.05
0.675591 -1.09375 -0.615045 -0.83125
0.709332 -1.02812 -0.623108 -0.809375
0.683166 -1.07187 -0.623611 -0.853125
1.00896 -1.02812 -0.627023 -0.896875
1.16161 -1.20312 -0.619086 -0.678125
