torque_1 torque_1_t torque_2 torque_2_t
0.76816 -0.13125 -0.55463 0.153125
0.75646 -0.2625 -0.55343 -0.328125
0.74476 -0.415625 -0.55253 -0.415625
0.730443 -0.546875 -0.55948 -0.48125
0.483534 -0.7 -0.551311 -0.503125
0.703568 -0.590625 -0.553319 -0.4375
0.457967 -0.721875 -0.544569 -0.48125
0.444959 -0.74375 -0.545995 -0.546875
0.548247 -0.590625 -0.536945 -0.809375
0.650227 -0.6125 -0.529067 -0.65625
0.638527 -0.765625 -0.522061 -0.634375
0.436537 -0.7 -0.509823 -0.678125
0.378609 -0.678125 -0.501073 -0.678125
0.290299 -0.853125 -0.488243 -0.721875
0.583877 -0.634375 -0.48211 -0.721875
0.572177 -0.678125 -0.469871 -0.196875
0.559168 -0.678125 -0.46083 -0.7
0.268648 -0.634375 -0.452652 -0.65625
0.297942 -0.56875 -0.444774 -0.721875
0.517527 -0.525 -0.433989 -0.6125
0.505827 -0.7 -0.432208 -0.678125
0.494127 -0.7 -0.427819 -0.7
0.335748 -0.415625 -0.426047 -0.56875
0.46856 -0.546875 -0.420786 -0.6125
0.26657 -0.590625 -0.4097 -0.65625
0.443852 -0.590625 -0.409963 -0.525
0.432152 -0.590625 -0.405574 -0.56875
0.420452 -0.546875 -0.39885 -0.546875
0.408752 -0.590625 -0.391845 -0.546875
0.397052 -0.590625 -0.390645 -0.56875
0.385352 -0.546875 -0.385384 -0.546875
0.373652 -0.546875 -0.383611 -0.546875
0.361952 -0.56875 -0.373399 -0.525
0.350252 -0.546875 -0.376569 -0.546875
0.339452 -0.503125 -0.3696 -0.546875
0.328652 -0.503125 -0.369328 -0.546875
0.317852 -0.459375 -0.369056 -0.30625
0.307502 -0.634375 -0.367039 -0.48125
0.296702 -0.4375 -0.366186 -0.48125
0.286352 -0.546875 -0.360389 -0.48125
0.275552 -0.503125 -0.362152 -0.48125
0.264752 -0.4375 -0.357519 -0.546875
0.254402 -0.371875 -0.358991 -0.48125
0.24491 -0.503125 -0.35145 -0.503125
0.23411 -0.503125 -0.355258 -0.48125
0.22376 -0.371875 -0.343356 -0.7
0.21296 -0.35 -0.345991 -0.48125
0.20261 -0.35 -0.337869 -0.371875
0.19181 -0.35 -0.338469 -0.48125
0.18101 -0.328125 -0.331219 -0.459375
0.17066 -0.2625 -0.329202 -0.48125
0.15986 -0.2625 -0.32893 -0.48125
0.14906 -0.371875 -0.319645 -0.6125
0.13871 -0.284375 -0.32228 -0.35
0.12791 -0.2625 -0.319682 -0.459375
0.118418 -0.240625 -0.317665 -0.30625
0.108068 -0.2625 -0.312741 -0.371875
0.287558 -0.175 -0.309852 -0.459375
0.0877767 -0.240625 -0.299695 -0.459375
0.0774267 -0.175 -0.296797 -0.35
0.0666267 -0.153125 -0.300304 -0.459375
0.0558267 -0.284375 -0.289274 -0.39375
0.046785 -0.21875 -0.292782 -0.459375
0.0372933 -0.109375 -0.28873 -0.546875
0.0264933 -0.0875 -0.279736 -0.48125
0.0161433 -0.0875 -0.280336 -0.4375
0.00665167 -0.196875 -0.27483 -0.415625
0.113456 -0.196875 -0.271069 -0.35
-0.01364 -0.109375 -0.27196 -0.39375
0.122689 -0.0875 -0.265863 -0.371875
-0.0334817 -0.175 -0.258613 -0.39375
-0.0442817 0.284375 -0.260086 -0.371875
-0.0533233 -0.065625 -0.256324 -0.415625
-0.0641233 -0.065625 -0.251691 -0.328125
0.115366 0.30625 -0.253163 -0.35
-0.084415 -0.21875 -0.247358 -0.328125
-0.0921483 -0.0875 -0.241561 -0.35
-0.102948 0.4375 -0.245069 -0.371875
-0.113748 0.284375 -0.236947 -0.35
0.109353 0.30625 -0.238419 -0.415625
-0.13359 -0.065625 -0.237265 -0.35
-0.143082 0.328125 -0.227689 -0.328125
-0.153882 -0.0875 -0.229452 -0.328125
-0.163373 -0.021875 -0.224819 -0.284375
-0.173723 0.284375 -0.225119 -0.30625
-0.183215 -0.065625 -0.22223 -0.30625
-0.194015 0.284375 -0.219341 -0.284375
-0.174433 0.525 -0.21558 -0.30625
-0.213857 0.0875 -0.212119 -0.30625
-0.0339169 0.525 -0.207486 -0.30625
-0.233698 -0.175 -0.207513 -0.328125
-0.24274 0.30625 -0.204052 -0.30625
-0.25309 0.30625 -0.199419 -0.30625
-0.262582 0.35 -0.197702 -0.284375
-0.271623 -0.021875 -0.195113 -0.415625
-0.282423 0.35 -0.187863 -0.284375
-0.290157 0.56875 -0.19516 -0.240625
-0.300507 0.590625 -0.187047 -0.175
-0.309998 0.35 -0.182413 -0.153125
-0.320348 0.415625 -0.183604 -0.04375
-0.32939 0.415625 -0.174619 -0.13125
-0.338882 0.39375 -0.176963 -0.328125
-0.347923 0 -0.174665 -0.109375
-0.168434 0.021875 -0.171786 -0.30625
-0.25016 0.04375 -0.169187 -0.2625
-0.143356 0.39375 -0.169215 -0.2625
-0.38499 0.30625 -0.161674 -0.21875
-0.39534 0.39375 -0.15298 -0.30625
-0.404832 0.39375 -0.155324 -0.240625
-0.29496 0.196875 -0.151863 -0.240625
-0.143236 0.39375 -0.151891 -0.196875
-0.152278 0.328125 -0.151037 -0.4375
-0.292603 0.35 -0.142052 -0.30625
-0.447015 0.39375 -0.140036 -0.415625
-0.457365 0.459375 -0.136574 -0.240625
-0.46424 0.459375 -0.136302 -0.153125
-0.354369 0.48125 -0.134586 -0.2625
-0.173571 0.371875 -0.130824 -0.371875
-0.2976 0.39375 -0.134632 0.065625
-0.21987 0.35 -0.126219 -0.196875
-0.505115 0.328125 -0.121886 -0.4375
-0.514607 0.48125 -0.122776 -0.21875
-0.52234 0.503125 -0.118443 0.109375
-0.500141 0.546875 -0.119043 -0.175
-0.39027 0.634375 -0.112374 -0.284375
-0.193626 0.525 -0.113565 -0.065625
-0.359959 0.196875 -0.113293 -0.153125
-0.325839 0.39375 -0.10896 -0.21875
-0.567473 0.503125 -0.103454 -0.175
-0.45936 0.721875 -0.10261 -0.240625
-0.188273 0.56875 -0.0988485 -0.13125
-0.353747 0.459375 -0.102065 -0.153125
-0.448703 0.39375 -0.094243 0.240625
-0.603565 0.546875 -0.0930985 0.21875
-0.495002 0.48125 -0.087593 -0.21875
-0.267976 0.546875 -0.0876207 -0.153125
-0.316704 0.503125 -0.0856041 -0.065625
-0.351345 0.525 -0.0835874 -0.2625
-0.635282 0.56875 -0.0801263 -0.240625
-0.572088 0.546875 -0.075493 -0.021875
-0.53621 0.56875 -0.073767 -0.35
-0.309184 0.6125 -0.0682707 -0.13125
-0.227529 0.6125 -0.0682893 -0.196875
-0.231337 0.546875 -0.0671448 -0.021875
-0.48665 0.13125 -0.0625115 0.109375
-0.683365 0.13125 -0.0564337 0.109375
-0.575252 0.7875 -0.0518004 0.109375
-0.391387 0.634375 -0.047167 -0.0875
-0.395646 0.6125 -0.0445781 -0.0875
-0.402071 0.6125 -0.0425615 0.109375
-0.407187 0.6125 -0.0405726 -0.13125
-0.71844 0.6125 -0.0368393 -0.240625
-0.579495 0.65625 -0.0357226 0.0875
-0.380643 0.65625 -0.0305448 -0.0875
-0.427612 0.6125 -0.0311726 -0.30625
-0.461803 0.65625 -0.0274393 0.065625
-0.555 0.328125 -0.0254504 -0.0875
-0.356598 0.2625 -0.0205541 -0.109375
-0.406184 0.415625 -0.0203096 -0.284375
-0.483536 0.6125 -0.0157041 0.021875
-0.328746 0.6125 -0.0166319 0.04375
-0.536931 0.56875 -0.0155152 -0.240625
-0.380832 0.39375 -0.0170152 0.04375
-0.340579 0.6125 -0.0132819 0
-0.549214 0.56875 -0.0139096 0
-0.5988 0.525 -0.0136652 0.021875
-0.517553 0.6125 -0.00702444 0
-0.492287 0.48125 -0.0111411 -0.04375
-0.247208 0.525 -0.0143856 -0.065625
-0.294627 0.503125 -0.0106522 0.021875
-0.41559 0.590625 -0.010117 -0.021875
-0.785441 0.6125 -0.0180133 -0.0875
-0.750421 0.765625 -0.00875593 -0.153125
-0.637934 0.678125 -0.0120004 0
-0.232946 0.678125 -0.0178615 0
-0.161453 0.6125 -0.0292467 0
-0.397404 0.546875 -0.0307467 -0.021875
-0.535971 0.6125 -0.0214893 0
-0.848532 0.6125 -0.03113 -0.021875
-0.622364 0.765625 -0.0288504 0
-0.304599 0.721875 -0.0338393 -0.13125
-0.189495 0.6125 -0.0335948 -0.13125
-0.351452 0.546875 -0.0420726 0
-0.867982 0.590625 -0.0392115 -0.13125
-0.642672 0.74375 -0.0450726 -0.021875
-0.573796 0.7 -0.0474448 -0.04375
-0.327408 0.853125 -0.0440022 -0.13125
-0.328599 0.6125 -0.0545152 -0.04375
-0.493173 0.678125 -0.0531078 -0.065625
-0.704425 0.65625 -0.0534356 -0.04375
-0.826696 0.7 -0.0680189 0.13125
-0.555609 0.91875 -0.0619596 -0.153125
-0.469579 0.74375 -0.0660763 -0.065625
-0.398944 0.74375 -0.0809504 -0.065625
-0.519048 0.678125 -0.0833226 -0.04375
-0.525023 0.896875 -0.0848226 -0.175
-0.573751 0.74375 -0.0895115 -0.13125
-0.536115 0.7 -0.0918837 -0.175
-0.658836 0.74375 -0.0942559 -0.04375
-0.591268 0.765625 -0.0884874 -0.065625
-0.507404 0.896875 -0.0908596 -0.065625
-0.392299 0.74375 -0.0981652 -0.21875
-0.439269 0.678125 -0.10141 -0.21875
-0.605601 0.7 -0.112213 -0.04375
-0.68602 0.809375 -0.114586 -0.13125
-0.662921 0.74375 -0.104447 -0.2625
-0.621809 0.809375 -0.109436 -0.21875
-0.420791 0.83125 -0.125473 -0.153125
-0.584057 0.74375 -0.119704 -0.30625
-0.706778 0.7875 -0.124393 -0.175
-0.758122 0.4375 -0.126765 -0.175
-0.71787 0.4375 -0.12623 -0.153125
-0.531388 0.83125 -0.138778 -0.065625
-0.488519 0.83125 -0.137652 -0.240625
-0.609932 0.940625 -0.145549 -0.0875
-0.776264 0.91875 -0.149084 -0.2625
-0.943905 0.896875 -0.144469 -0.109375
-0.788664 1.00625 -0.147713 -0.240625
-0.470041 0.91875 -0.161134 0.175
-0.397239 0.853125 -0.167567 -0.240625
-0.589579 0.809375 -0.164124 -0.240625
-0.75722 0.809375 -0.172884 -0.0875
-1.01077 0.9625 -0.176128 -0.240625
-0.652015 1.07187 -0.18228 -0.196875
-0.580521 0.9625 -0.173013 -0.175
-0.420497 0.896875 -0.19283 -0.13125
-0.495683 0.809375 -0.196647 -0.109375
-0.748787 0.83125 -0.190006 -0.109375
-0.91467 0.940625 -0.19733 -0.39375
-0.671348 1.00625 -0.205236 -0.240625
-0.513491 0.853125 -0.204119 -0.0875
-0.47193 0.83125 -0.211152 -0.21875
-0.518041 0.765625 -0.208873 -0.30625
-0.637696 0.765625 -0.219686 -0.21875
-0.729584 0.765625 -0.220613 -0.109375
-0.734701 0.91875 -0.222113 -0.415625
-0.576844 0.896875 -0.224786 -0.109375
-0.459981 0.74375 -0.229774 -0.196875
-0.462481 0.721875 -0.228958 -0.240625
-0.580827 0.809375 -0.23541 -0.371875
-0.582877 0.765625 -0.240399 -0.2625
-0.659371 0.765625 -0.240454 -0.21875
-0.501513 0.853125 -0.243699 -0.371875
-0.591235 0.721875 -0.248406 -0.2625
-0.507371 0.721875 -0.245254 -0.21875
-0.508113 0.634375 -0.248217 -0.328125
-0.478922 0.7 -0.248845 -0.39375
-0.434745 0.875 -0.252389 -0.240625
-0.595844 0.56875 -0.253889 -0.4375
-0.596585 0.9625 -0.25598 -0.284375
-0.597327 0.74375 -0.254863 -0.35
-0.511296 0.48125 -0.256663 0.13125
-0.274212 0.74375 -0.257582 -0.328125
-0.271479 0.590625 -0.256174 -0.546875
-0.504813 0.56875 -0.255649 -0.0875
-0.549166 0.56875 -0.255695 -0.48125
-0.593969 0.721875 -0.250226 -0.04375
-0.432186 0.56875 -0.252017 -0.525
-0.178398 0.525 -0.247421 -0.284375
-0.101221 0.525 -0.254736 0.065625
-0.302007 0.503125 -0.24635 -0.48125
-0.461347 0.415625 -0.245824 -0.30625
-0.533916 0.525 -0.236567 -0.459375
-0.327214 0.678125 -0.23923 -0.39375
-0.0430437 0.371875 -0.240158 -0.284375
-0.0808548 0.153125 -0.236424 -0.284375
-0.193109 0.196875 -0.239378 -0.21875
-0.396061 0.153125 -0.2342 -0.30625
-0.189809 0.30625 -0.229886 -0.328125
-0.230237 0.48125 -0.22121 -0.13125
-0.0636715 0.284375 -0.214287 -0.196875
0.0610415 0.240625 -0.206193 -0.21875
-0.0935159 0.284375 -0.204786 -0.21875
-0.161709 0.175 -0.194374 -0.21875
-0.201279 0.240625 -0.181919 -0.371875
-0.240398 0.284375 -0.165974 -0.30625
-0.105523 0.240625 -0.149739 -0.39375
0.0614924 0.109375 -0.137293 -0.39375
-0.0190715 0.065625 -0.123965 -0.30625
0.0765674 0.0875 -0.112963 -0.2625
-0.0489159 0.13125 -0.0981819 -0.546875
-0.20609 0.021875 -0.0912596 -0.503125
-0.157987 0.0875 -0.0817115 -0.240625
-0.065415 0.153125 -0.0797226 -0.284375
0.0130702 0.13125 -0.0719189 -0.328125
0.108259 0.04375 -0.0713837 -0.2625
0.0268369 -0.021875 -0.0740559 -0.196875
-0.130337 0.153125 -0.0738115 -0.21875
-0.246517 0.065625 -0.0732763 -0.459375
-0.127037 0.196875 -0.0794281 -0.153125
-0.0780761 0.284375 -0.0806374 0.13125
0.0427119 0 -0.0864985 -0.21875
-0.114462 -0.0875 -0.0961393 -0.153125
-0.187031 0.284375 -0.0976393 0.175
-0.230075 0.240625 -0.0976948 -0.21875
-0.274878 0.196875 -0.0991948 0.065625
-0.318372 0.284375 -0.102439 -0.240625
-0.155282 0.021875 -0.103358 0
-0.270153 0.371875 -0.102823 0.153125
-0.270036 0.328125 -0.104613 0.021875
-0.431994 0.328125 -0.101461 -0.196875
-0.476796 0.415625 -0.101217 -0.196875
-0.389008 0.109375 -0.101845 -0.021875
-0.346588 0.415625 -0.0998559 -0.21875
-0.273786 0.35 -0.0996115 0.175
-0.316831 0.459375 -0.0982041 -0.21875
-0.509621 0.546875 -0.095343 -0.0875
-0.512121 0.415625 -0.096843 -0.065625
-0.602701 0.21875 -0.0968985 -0.240625
-0.443535 0.525 -0.0975541 -0.240625
-0.23945 0.590625 -0.103143 -0.30625
-0.325656 0.48125 -0.104671 -0.196875
-0.355471 0.6125 -0.107643 -0.196875
-0.605959 0.415625 -0.109171 -0.21875
-0.522096 0.590625 -0.111271 -0.21875
-0.449702 0.634375 -0.111054 -0.328125
-0.406833 0.765625 -0.117515 -0.13125
-0.28997 0.678125 -0.12166 -0.04375
-0.363396 0.503125 -0.120271 -0.065625
-0.493663 0.634375 -0.123543 -0.175
-0.451652 0.590625 -0.127387 -0.153125
-0.408783 0.678125 -0.128615 -0.109375
-0.498055 0.48125 -0.130143 -0.153125
-0.411574 0.634375 -0.132534 -0.109375
-0.368705 0.56875 -0.135806 -0.153125
-0.413916 0.525 -0.136161 -0.153125
-0.503188 0.6125 -0.136517 -0.153125
-0.461627 0.6125 -0.14008 -0.13125
-0.464985 0.546875 -0.136656 -0.153125
-0.467035 0.634375 -0.138184 -0.175
-0.351481 0.6125 -0.144063 -0.109375
-0.424458 0.546875 -0.141802 -0.175
-0.353822 0.503125 -0.140713 -0.153125
-0.473477 0.546875 -0.138452 -0.065625
-0.549521 0.48125 -0.137936 -0.371875
-0.433966 0.546875 -0.137137 -0.4375
-0.359406 0.546875 -0.136621 -0.21875
-0.154012 0.546875 -0.133197 -0.021875
-0.358272 0.546875 -0.133552 -0.196875
-0.388088 0.7 -0.135371 -0.371875
-0.520521 0.525 -0.132237 -0.153125
-0.521263 0.546875 -0.127069 -0.153125
-0.317178 0.56875 -0.127715 -0.153125
-0.197698 0.546875 -0.127208 -0.2625
-0.195823 0.4375 -0.127854 -0.153125
-0.267942 0.459375 -0.129082 -0.39375
-0.383671 0.459375 -0.126821 -0.328125
-0.545629 0.459375 -0.126023 -0.175
-0.354772 0.30625 -0.123471 -0.21875
-0.309286 0.525 -0.120337 -0.2625
-0.144887 0.4375 -0.126508 -0.109375
-0.214389 0.415625 -0.123084 -0.065625
-0.212514 0.415625 -0.121113 -0.13125
-0.29917 0.39375 -0.115663 -0.196875
-0.180998 0.328125 -0.111658 -0.13125
-0.179123 0.415625 -0.111141 -0.065625
-0.178557 0.35 -0.10888 -0.065625
-0.04454 0.284375 -0.104874 -0.109375
-0.0849678 0.240625 -0.103486 -0.196875
-0.0804761 0.2625 -0.101515 -0.13125
-0.238509 0.175 -0.0919856 -0.0875
-0.0728011 0.4375 -0.08828 0.04375
-0.0246983 0.284375 -0.0848559 -0.284375
0.0987063 0.065625 -0.0881189 -0.0875
-0.0130983 0.153125 -0.0794615 -0.13125
-0.168514 0.196875 -0.0789448 -0.196875
-0.137565 0.04375 -0.0822078 -0.021875
-0.134382 0.2625 -0.0735504 -0.21875
-0.000365 0.21875 -0.072743 -0.065625
0.0332007 -0.0875 -0.0739707 -0.04375
0.0826119 0.175 -0.0717096 -0.04375
0.0139683 0.175 -0.0772985 -0.0875
0.0171517 0.175 -0.073293 -0.0875
-0.110498 0.13125 -0.0771374 0.109375
-0.0637039 0.39375 -0.0757485 -0.065625
0.0583924 0.196875 -0.0761041 -0.109375
-0.0983317 -0.196875 -0.0744244 -0.04375
0.0369933 0.196875 -0.0765244 -0.240625
0.11417 0.196875 -0.07688 -0.021875
0.00105722 0.153125 -0.0763633 -0.153125
-0.0385122 0.196875 -0.0773004 -0.2625
-0.0353289 0.2625 -0.0849244 -0.175
-0.14975 -0.153125 -0.0812004 0.04375
-0.0764983 0.196875 -0.0853356 0.021875
-0.0297039 -0.21875 -0.0827837 -0.2625
-0.189045 0.21875 -0.0892448 0.04375
-0.101256 -0.109375 -0.0878559 0.021875
-0.261046 0.109375 -0.0917004 0.04375
-0.142875 0.109375 -0.0938004 -0.065625
-0.142309 0.153125 -0.0976448 0.0875
-0.139125 -0.13125 -0.0968374 -0.196875
-0.256163 -0.04375 -0.0986374 0
-0.228281 0.284375 -0.100737 -0.196875
-0.301708 0.503125 -0.0993485 0.065625
-0.39098 0.30625 -0.102321 -0.196875
-0.230506 0.328125 -0.104421 -0.21875
-0.391155 0.065625 -0.108837 -0.39375
-0.18707 0.39375 -0.110093 -0.13125
-0.392188 0.35 -0.110186 -0.196875
-0.351485 0.196875 -0.114058 0.109375
-0.47069 0.39375 -0.118502 -0.284375
-0.589895 0.48125 -0.12063 0.13125
-0.518809 0.240625 -0.125374 0.109375
-0.360952 0.503125 -0.123723 -0.13125
-0.406163 0.4375 -0.12555 -0.109375
-0.524059 0.525 -0.137563 -0.175
-0.483357 0.56875 -0.141436 -0.284375
-0.602561 0.590625 -0.141228 -0.153125
-0.534543 0.83125 -0.141611 -0.2625
-0.421155 0.6125 -0.154497 -0.240625
-0.379144 0.634375 -0.158069 0.109375
-0.454737 0.634375 -0.16165 -0.153125
-0.588929 0.634375 -0.159999 0.109375
-0.665831 0.678125 -0.160082 -0.196875
-0.626436 0.7 -0.176747 -0.240625
-0.555351 0.634375 -0.177711 -0.30625
-0.397494 0.65625 -0.179539 -0.240625
-0.442705 0.7 -0.181376 -0.240625
-0.635903 0.678125 -0.191345 -0.175
-0.845396 0.7 -0.189693 -0.21875
-0.615712 0.896875 -0.198217 -0.196875
-0.487787 0.765625 -0.199173 -0.35
-0.417152 0.74375 -0.211186 -0.240625
-0.375141 0.765625 -0.21563 -0.196875
-0.626487 0.7 -0.222991 -0.328125
-0.588851 0.721875 -0.218423 -0.30625
-0.710672 0.7 -0.227819 -0.21875
-0.510062 0.809375 -0.229647 -0.2625
-0.513421 0.74375 -0.234391 -0.30625
-0.442335 0.721875 -0.237091 -0.240625
-0.445244 0.7 -0.245615 -0.240625
-0.522596 0.7 -0.240174 -0.35
-0.68672 0.7 -0.246954 -0.240625
-0.57509 0.74375 -0.247328 -0.284375
-0.577998 0.896875 -0.248584 -0.35
-0.419691 0.875 -0.255063 -0.30625
-0.536729 0.721875 -0.249341 -0.2625
-0.583248 0.74375 -0.249424 -0.2625
-0.542996 0.765625 -0.253287 -0.153125
-0.589515 0.74375 -0.255997 -0.21875
-0.592423 0.765625 -0.242415 -0.371875
-0.552171 0.765625 -0.241636 -0.21875
-0.436166 0.765625 -0.241137 -0.284375
-0.393296 0.678125 -0.237732 -0.13125
-0.482119 0.65625 -0.233173 -0.21875
-0.559471 0.74375 -0.222499 -0.284375
-0.649601 0.7 -0.217639 -0.196875
-0.564429 0.765625 -0.210463 -0.196875
-0.332128 0.74375 -0.199208 -0.2625
-0.241722 0.65625 -0.196093 -0.240625
-0.284317 0.56875 -0.189499 -0.284375
-0.562571 0.6125 -0.173591 -0.30625
-0.492794 0.6125 -0.161463 -0.240625
-0.493535 0.634375 -0.146728 -0.240625
-0.331303 0.525 -0.130821 -0.328125
-0.168212 0.546875 -0.125671 -0.328125
-0.164579 0.6125 -0.119358 -0.328125
-0.235389 0.590625 -0.113345 -0.328125
-0.277984 0.503125 -0.104415 -0.30625
-0.364639 0.4375 -0.102463 -0.284375
-0.362764 0.459375 -0.0978948 -0.39375
-0.200532 0.459375 -0.101767 -0.328125
-0.108818 0.415625 -0.104176 -0.35
-0.0324993 0.35 -0.105132 -0.21875
-0.189223 0.328125 -0.115682 -0.30625
-0.187348 0.328125 -0.11781 -0.284375
-0.214097 0.328125 -0.124871 -0.175
-0.255834 0.2625 -0.129315 -0.240625
-0.182132 0.371875 -0.129399 -0.065625
-0.209331 0.240625 -0.134715 -0.328125
-0.0449317 0.371875 -0.140904 0.153125
-0.128521 0.196875 -0.147965 -0.21875
-0.287861 0.2625 -0.15271 0.04375
-0.330906 0.240625 -0.156282 0.109375
-0.286278 0.284375 -0.160726 -0.21875
-0.166798 0.2625 -0.162554 -0.21875
-0.120004 0.30625 -0.174267 -0.2625
-0.0740678 0.21875 -0.173187 -0.21875
-0.320631 0.175 -0.180249 -0.196875
-0.440285 0.284375 -0.177415 -0.240625
-0.353805 0.35 -0.178943 -0.240625
-0.280553 0.35 -0.184832 -0.21875
-0.322289 0.35 -0.191593 -0.240625
-0.189581 0.30625 -0.193421 -0.371875
-0.276236 0.30625 -0.196402 -0.2625
-0.391966 0.328125 -0.205199 -0.2625
-0.438935 0.30625 -0.204982 -0.240625
-0.396066 0.415625 -0.209126 -0.284375
-0.397258 0.415625 -0.20891 -0.328125
-0.280395 0.415625 -0.216543 -0.328125
-0.323439 0.415625 -0.22156 -0.30625
-0.324181 0.415625 -0.221343 -0.065625
-0.397608 0.371875 -0.227232 -0.284375
-0.443269 0.371875 -0.227015 -0.328125
-0.329022 0.48125 -0.230287 -0.328125
-0.35753 0.4375 -0.23356 -0.284375
-0.358271 0.415625 -0.234215 -0.240625
-0.359013 0.30625 -0.237778 -0.30625
-0.360205 0.48125 -0.239015 -0.30625
-0.448169 0.39375 -0.24345 -0.175
-0.49383 0.39375 -0.244978 -0.284375
-0.363738 0.459375 -0.246506 -0.371875
-0.363171 0.459375 -0.248034 -0.35
-0.333531 0.39375 -0.248689 -0.328125
-0.334722 0.415625 -0.253124 -0.30625
-0.364538 0.459375 -0.255524 -0.30625
-0.408891 0.39375 -0.257052 -0.328125
-0.454552 0.4375 -0.255091 -0.328125
-0.368071 0.546875 -0.251086 -0.240625
-0.338431 0.546875 -0.256102 -0.284375
-0.249784 0.39375 -0.256758 -0.328125
-0.336439 0.48125 -0.258576 -0.415625
-0.366255 0.459375 -0.255452 -0.35
-0.368305 0.459375 -0.253782 -0.328125
-0.413108 0.4375 -0.253565 -0.284375
-0.296245 0.503125 -0.253921 -0.35
-0.337981 0.459375 -0.252832 -0.328125
-0.293803 0.546875 -0.251743 -0.240625
-0.250075 0.4375 -0.24891 -0.371875
-0.249509 0.4375 -0.247821 -0.328125
-0.337472 0.30625 -0.244115 -0.371875
-0.338214 0.4375 -0.245343 -0.35
-0.367171 0.4375 -0.245999 -0.30625
-0.337531 0.4375 -0.244328 -0.284375
-0.177057 0.56875 -0.242367 -0.39375
-0.247867 0.2625 -0.238071 -0.35
-0.24775 0.415625 -0.241052 -0.371875
-0.495621 0.546875 -0.241126 -0.30625
-0.364221 0.4375 -0.236549 -0.153125
-0.201581 0.590625 -0.234287 -0.371875
-0.199706 0.371875 -0.232617 -0.284375
-0.170065 0.634375 -0.22455 -0.284375
-0.35893 0.48125 -0.211823 -0.284375
-0.359671 0.39375 -0.204919 -0.240625
-0.402716 0.371875 -0.193073 -0.284375
-0.286303 0.48125 -0.184124 0.021875
-0.123212 0.4375 -0.172278 -0.196875
-0.120479 0.35 -0.165084 -0.284375
-0.323431 0.35 -0.155845 -0.240625
-0.395549 0.459375 -0.139637 -0.284375
-0.440352 0.371875 -0.132443 -0.196875
-0.351255 0.39375 -0.124658 -0.153125
-0.234392 0.39375 -0.117463 -0.21875
-0.160282 0.328125 -0.116074 -0.21875
-0.231092 0.284375 -0.108008 -0.153125
-0.274586 0.371875 -0.0970337 -0.109375
-0.346705 0.525 -0.096517 -0.2625
-0.347896 0.634375 -0.0954281 -0.13125
-0.392249 0.328125 -0.0832819 -0.153125
-0.348071 0.525 -0.0830652 -0.13125
-0.23035 0.4375 -0.0805133 -0.153125
-0.272086 0.48125 -0.0802967 -0.2625
-0.228359 0.371875 -0.0789078 -0.109375
-0.345396 0.48125 -0.0752022 -0.2625
-0.391508 0.39375 -0.0735226 -0.153125
-0.390941 0.459375 -0.0741781 -0.153125
-0.274528 0.525 -0.0710448 -0.13125
-0.272653 0.415625 -0.0760615 -0.065625
-0.272536 0.503125 -0.0761263 -0.2625
-0.478105 0.39375 -0.0767819 -0.0875
-0.393383 0.4375 -0.0745207 -0.13125
-0.349205 0.634375 -0.0830263 -0.021875
-0.276403 0.546875 -0.0833819 0.021875
-0.348521 0.328125 -0.0843189 -0.175
-0.27572 0.30625 -0.0928152 -0.04375
-0.554423 0.415625 -0.0914263 0.021875
-0.512862 0.765625 -0.096443 -0.109375
-0.355455 0.525 -0.0976707 -0.109375
-0.324506 0.525 -0.0951189 -0.284375
-0.325697 0.459375 -0.0980911 -0.153125
-0.398266 0.459375 -0.108332 -0.13125
-0.400316 0.546875 -0.108687 0.021875
-0.490038 0.4375 -0.10788 -0.04375
-0.448927 0.30625 -0.111443 -0.525
-0.450977 0.65625 -0.117032 -0.065625
-0.497088 0.525 -0.115643 0.065625
-0.367446 0.6125 -0.117452 -0.284375
-0.368188 0.525 -0.119552 -0.175
-0.412991 0.74375 -0.123397 0.065625
-0.533096 0.546875 -0.12666 -0.153125
-0.535146 0.634375 -0.126724 -0.13125
-0.538954 0.65625 -0.13086 0.0875
-0.425158 0.590625 -0.131215 -0.13125
-0.354972 0.6125 -0.139711 -0.175
-0.544696 0.503125 -0.134252 -0.284375
-0.518121 0.6125 -0.135771 -0.196875
-0.549696 0.6125 -0.136708 -0.175
-0.520505 0.7 -0.14346 -0.459375
-0.477635 0.634375 -0.143815 -0.13125
-0.523746 0.634375 -0.151149 -0.284375
-0.439024 0.678125 -0.148015 -0.065625
-0.559129 0.459375 -0.147208 -0.04375
-0.488494 0.7 -0.153087 -0.175
-0.446074 0.65625 -0.154315 -0.196875
-0.489569 0.634375 -0.159032 -0.153125
-0.492069 0.7 -0.159387 -0.30625
-0.450508 0.6125 -0.16206 -0.13125
-0.451699 0.6125 -0.165904 -0.30625
-0.454199 0.65625 -0.163643 -0.35
-0.497694 0.634375 -0.169523 -0.21875
-0.453966 0.7 -0.167843 -0.196875
-0.49746 0.634375 -0.175467 -0.240625
-0.408363 0.809375 -0.173206 -0.175
-0.540388 0.721875 -0.173561 -0.175
-0.454358 0.678125 -0.171 -0.153125
-0.381556 0.678125 -0.173973 -0.2625
-0.455433 0.590625 -0.17898 -0.21875
-0.410396 0.65625 -0.179336 -0.153125
-0.411138 0.678125 -0.180563 -0.175
-0.381947 0.590625 -0.178874 -0.196875
-0.455824 0.590625 -0.179521 -0.196875
-0.412096 0.634375 -0.176387 -0.065625
-0.41198 0.65625 -0.178778 -0.35
-0.382789 0.590625 -0.174473 -0.196875
-0.382672 0.65625 -0.173084 -0.13125
-0.383864 0.48125 -0.172858 -0.13125
-0.250297 0.56875 -0.169724 -0.21875
-0.453249 0.525 -0.164547 -0.30625
-0.409521 0.525 -0.165193 -0.175
-0.381639 0.590625 -0.157699 -0.109375
-0.291684 0.546875 -0.157473 -0.196875
-0.291567 0.525 -0.15055 -0.240625
-0.127618 0.4375 -0.140439 -0.175
-0.2861 0.459375 -0.133817 -0.196875
-0.287292 0.48125 -0.122534 -0.2625
-0.402163 0.634375 -0.11126 -0.284375
-0.371664 0.56875 -0.10173 -0.30625
-0.210332 0.503125 -0.0948078 -0.2625
-0.207598 0.39375 -0.0858596 -0.2625
-0.206173 0.39375 -0.0867874 -0.2625
-0.321045 0.35 -0.0734781 -0.0875
-0.276009 0.415625 -0.0747059 -0.284375
-0.274584 0.371875 -0.0753337 -0.284375
-0.273159 0.240625 -0.0806226 -0.2625
-0.155887 0.39375 -0.0792152 -0.240625
-0.198073 0.371875 -0.0810152 -0.240625
-0.271092 0.328125 -0.0860041 -0.196875
-0.358197 0.371875 -0.0907115 -0.21875
-0.387155 0.371875 -0.0893041 0.065625
-0.431099 0.328125 -0.0966281 -0.240625
-0.226156 0.4375 -0.0978374 -0.240625
-0.268342 0.35 -0.102254 -0.21875
-0.266059 0.371875 -0.101719 -0.21875
-0.310861 0.415625 -0.104963 -0.284375
-0.385188 0.634375 -0.108799 0.109375
-0.473602 0.39375 -0.111752 -0.240625
-0.431183 0.503125 -0.11268 -0.240625
-0.227997 0.459375 -0.113017 -0.284375
-0.271492 0.109375 -0.124693 -0.175
-0.360356 0.65625 -0.119806 0.196875
-0.273017 0.65625 -0.128574 0.065625
-0.553029 0.21875 -0.128339 -0.21875
-0.439683 0.35 -0.135363 0.021875
-0.439566 0.503125 -0.131339 0
-0.398905 0.4375 -0.14128 -0.240625
-0.327411 0.525 -0.145397 -0.153125
-0.372664 0.39375 -0.153002 -0.240625
-0.651368 0.525 -0.157419 0.153125
-0.53933 0.6125 -0.154267 -0.2625
-0.454608 0.48125 -0.159547 -0.284375
-0.49941 0.56875 -0.168324 -0.04375
-0.457441 0.74375 -0.168952 -0.35
-0.459941 0.590625 -0.16958 0
-0.505194 0.65625 -0.172824 -0.284375
-0.711212 0.590625 -0.173461 -0.503125
-0.511952 0.875 -0.175834 0.0875
-0.425921 0.678125 -0.187219 -0.153125
-0.514785 0.65625 -0.183195 0
-0.517285 0.678125 -0.192263 -0.328125
-0.681451 0.7 -0.192019 -0.284375
-0.641648 0.809375 -0.19788 -0.04375
-0.734437 0.7875 -0.197636 -0.065625
-0.606554 0.809375 -0.20088 -0.371875
-0.447838 0.853125 -0.206169 -0.4375
-0.44948 0.546875 -0.208541 -0.109375
-0.495591 0.721875 -0.212658 -0.30625
-0.704676 0.74375 -0.214158 -0.04375
-0.711101 0.853125 -0.215658 -0.328125
-0.671748 0.896875 -0.212797 -0.328125
-0.630637 0.809375 -0.216041 -0.13125
-0.471063 0.896875 -0.224819 -0.240625
-0.604846 0.74375 -0.228063 -0.328125
-0.68134 0.853125 -0.229563 -0.328125
-0.686907 0.875 -0.224667 -0.240625
-0.777937 0.896875 -0.235471 -0.175
-0.535066 0.940625 -0.230284 -0.35
-0.580319 0.875 -0.234691 -0.371875
-0.540516 0.853125 -0.238808 -0.35
-0.748293 0.83125 -0.244087 -0.21875
-0.827403 0.91875 -0.24268 -0.30625
-0.671754 0.9625 -0.238947 -0.39375
-0.603327 0.875 -0.24568 -0.21875
-0.488222 0.896875 -0.25096 -0.328125
-0.563858 0.853125 -0.249552 -0.371875
-0.684412 0.809375 -0.259484 -0.21875
-0.73314 0.875 -0.254587 -0.240625
-0.693787 0.896875 -0.252599 -0.39375
-0.785268 0.875 -0.252354 -0.240625
-0.540638 0.9625 -0.259378 -0.30625
-0.584583 0.765625 -0.263786 -0.2625
-0.513539 0.809375 -0.259761 -0.284375
-0.588724 0.765625 -0.266204 -0.328125
-0.751582 0.853125 -0.262471 -0.284375
-0.681846 0.875 -0.262226 -0.284375
-0.553513 0.91875 -0.253841 -0.2625
-0.553846 0.765625 -0.256504 -0.284375
-0.481495 0.83125 -0.255678 -0.328125
-0.363773 0.721875 -0.252817 -0.284375
-0.480403 0.678125 -0.249656 -0.35
-0.556038 0.7875 -0.247958 -0.35
-0.55768 0.721875 -0.245097 -0.30625
-0.602483 0.546875 -0.241363 -0.30625
-0.326612 0.678125 -0.23733 -0.35
-0.282026 0.65625 -0.232724 -0.39375
-0.323354 0.6125 -0.231599 -0.328125
-0.397681 0.56875 -0.225821 -0.56875
-0.441625 0.65625 -0.219471 -0.371875
-0.529181 0.56875 -0.214856 -0.2625
-0.36654 0.65625 -0.207634 -0.39375
-0.321954 0.56875 -0.200111 -0.240625
-0.158455 0.525 -0.189682 -0.21875
-0.198474 0.56875 -0.19031 -0.35
-0.357407 0.415625 -0.179008 -0.240625
-0.385506 0.459375 -0.17701 -0.328125
-0.385839 0.4375 -0.166008 -0.240625
-0.265951 0.415625 -0.163719 -0.21875
-0.146063 0.503125 -0.160558 -0.240625
-0.0962437 0.371875 -0.160604 -0.2625
-0.136263 0.328125 -0.154536 -0.175
-0.206665 0.39375 -0.152247 -0.30625
-0.289846 0.2625 -0.145597 -0.175
-0.287562 0.328125 -0.145352 -0.30625
-0.239051 0.39375 -0.139574 -0.284375
-0.116546 0.284375 -0.139902 -0.04375
0.00595815 0.04375 -0.134124 -0.21875
0.0134748 0.196875 -0.13388 -0.196875
-0.100538 0.328125 -0.132463 -0.2625
-0.213243 0.39375 -0.129302 -0.153125
-0.254571 0.328125 -0.123234 -0.30625
-0.16114 0.109375 -0.120082 -0.153125
0.00366741 0.196875 -0.12041 -0.04375
0.0111841 0.153125 -0.12161 -0.153125
-0.114749 0.153125 -0.124554 -0.175
-0.111158 0.13125 -0.119649 -0.153125
-0.180251 0.153125 -0.119686 -0.196875
-0.177968 0.13125 -0.123221 -0.175
-0.0567715 0.175 -0.121513 -0.196875
-0.0954826 0.0875 -0.125621 -0.109375
-0.0918909 0.2625 -0.125658 -0.196875
-0.117373 0 -0.125986 -0.21875
-0.247232 0.284375 -0.125441 -0.35
-0.244948 0.153125 -0.124897 -0.196875
-0.271739 0.196875 -0.124352 -0.30625
-0.109548 0.21875 -0.124389 -0.175
-0.193179 0.30625 -0.126461 -0.35
-0.263581 0.2625 -0.130278 -0.240625
-0.190371 0.39375 -0.127417 -0.2625
-0.305692 0.2625 -0.132106 -0.175
-0.393247 0.415625 -0.132434 -0.021875
-0.393581 0.328125 -0.131889 -0.109375
-0.305384 0.503125 -0.135706 -0.328125
-0.259489 0.35 -0.136615 -0.153125
-0.22944 0.525 -0.138687 -0.2625
-0.418755 0.35 -0.141923 -0.109375
-0.508927 0.546875 -0.141087 -0.13125
-0.466958 0.48125 -0.142287 0.065625
-0.51221 0.525 -0.14436 -0.21875
-0.425771 0.48125 -0.149339 -0.153125
-0.397031 0.525 -0.143843 -0.21875
-0.397364 0.56875 -0.149695 -0.196875
-0.42808 0.546875 -0.149732 -0.196875
-0.561863 0.6125 -0.15006 -0.153125
-0.566121 0.6125 -0.149515 -0.284375
-0.435621 0.634375 -0.151587 -0.175
-0.364578 0.678125 -0.151043 -0.2625
-0.439355 0.48125 -0.15486 -0.065625
-0.602212 0.678125 -0.155478 -0.284375
-0.606471 0.65625 -0.153771 -0.13125
-0.490508 0.7 -0.153226 -0.21875
-0.419464 0.678125 -0.153254 -0.240625
-0.45018 0.634375 -0.156199 -0.21875
-0.584413 0.74375 -0.157089 -0.13125
-0.660498 0.721875 -0.153037 -0.196875
-0.547152 0.7 -0.15451 -0.2625
-0.462021 0.83125 -0.154528 -0.240625
-0.464113 0.65625 -0.154256 0.21875
-0.671032 0.765625 -0.153984 -0.153125
-0.630371 0.809375 -0.151967 -0.21875
-0.559777 0.83125 -0.152567 -0.175
-0.444264 0.765625 -0.153458 -0.196875
-0.520349 0.7 -0.152313 -0.175
-0.523299 0.74375 -0.149424 -0.196875
-0.775137 0.74375 -0.150887 -0.21875
-0.61863 0.940625 -0.145382 -0.415625
-0.491196 0.7875 -0.139876 -0.175
-0.375234 0.7 -0.13786 0
-0.463239 0.7 -0.136715 -0.196875
-0.626546 0.328125 -0.133245 -0.065625
-0.70394 0.35 -0.122206 -0.153125
-0.545674 0.7875 -0.119317 -0.109375
-0.473772 0.634375 -0.120208 -0.109375
-0.342414 0.678125 -0.116447 -0.109375
-0.504413 0.678125 -0.102791 -0.13125
-0.506505 0.721875 -0.0999022 -0.13125
-0.508146 0.2625 -0.0926522 -0.30625
-0.479856 0.634375 -0.0792967 -0.175
-0.392109 0.7 -0.0787244 -0.196875
-0.433886 0.590625 -0.0688578 -0.109375
-0.391059 0.6125 -0.055793 -0.04375
-0.388775 0.590625 -0.0520319 -0.21875
-0.386942 0.39375 -0.048843 -0.13125
-0.270121 0.503125 -0.0459541 -0.21875
-0.311898 0.39375 -0.0436467 -0.196875
-0.310065 0.415625 -0.0404578 -0.196875
-0.336856 0.503125 -0.040767 -0.196875
-0.218726 0.415625 -0.0404948 0
-0.216893 0.371875 -0.041667 0.021875
-0.17014 0.328125 -0.0448837 0
-0.29914 0.371875 -0.0472281 -0.21875
-0.326381 0.39375 -0.0475281 -0.21875
-0.208251 0.4375 -0.0463837 0.0875
-0.161048 0.371875 -0.0493004 -0.175
-0.156598 0.153125 -0.0545522 -0.109375
-0.285598 0.371875 -0.0595133 -0.153125
-0.357759 0.35 -0.0571967 -0.13125
-0.355925 0.415625 -0.0577967 -0.153125
-0.194184 0.4375 -0.0598411 -0.065625
-0.146123 0.284375 -0.0557893 -0.13125
-0.141223 0.328125 -0.0636578 -0.175
-0.109008 0.371875 -0.0610504 0.109375
-0.267082 0.0875 -0.0633948 -0.240625
-0.339242 0.35 -0.0619504 -0.196875
-0.292489 0.39375 -0.0634226 -0.21875
-0.216662 0.39375 -0.0634319 0.0875
-0.169909 0.35 -0.0713004 -0.30625
-0.255298 0.35 -0.0695652 -0.175
-0.324842 0.39375 -0.0753985 -0.175
-0.324317 0.4375 -0.077443 -0.196875
-0.279731 0.415625 -0.0789152 -0.2625
-0.279206 0.39375 -0.0763078 0.153125
-0.279989 0.4375 -0.0812596 -0.21875
-0.366686 0.48125 -0.0789522 0.065625
-0.409772 0.459375 -0.0856485 0.13125
-0.323334 0.48125 -0.0897374 -0.240625
-0.36642 0.48125 -0.0900374 -0.240625
-0.367203 0.7 -0.0923819 0.109375
-0.411597 0.503125 -0.0915189 -0.153125
-0.529985 0.525 -0.0929819 -0.175
-0.444855 0.525 -0.0970707 -0.21875
-0.445638 0.546875 -0.0956263 -0.175
-0.44773 0.459375 -0.0976707 -0.21875
-0.494741 0.546875 -0.099143 -0.21875
-0.658048 0.590625 -0.0976985 -0.2625
-0.590071 0.634375 -0.0974263 -0.21875
-0.548552 0.634375 -0.0965633 -0.04375
-0.507891 0.65625 -0.0986078 -0.175
-0.512599 0.7 -0.0989078 -0.0875
-0.720826 0.875 -0.0995078 -0.240625
-0.725534 0.721875 -0.100099 -0.2625
-0.728934 0.809375 -0.0957467 -0.21875
-0.616038 0.853125 -0.102452 -0.240625
-0.619438 0.875 -0.100136 -0.196875
-0.622838 0.853125 -0.10218 -0.240625
-0.700232 0.853125 -0.105097 -0.21875
-0.706248 0.875 -0.10308 -0.21875
-0.667346 0.940625 -0.105997 -0.13125
-0.715665 0.896875 -0.107169 -0.0875
-0.605835 1.11563 -0.108341 -0.065625
-0.609235 0.940625 -0.1005 -0.109375
-0.687937 0.940625 -0.105452 -0.175
-0.736257 0.809375 -0.105461 -0.0875
-0.742273 0.9625 -0.112158 -0.0875
-0.745673 0.940625 -0.111586 -0.21875
-0.677696 0.9625 -0.108406 -0.175
-0.711479 0.9625 -0.115102 -0.0875
-0.598583 0.940625 -0.115402 -0.13125
-0.850421 0.91875 -0.118319 -0.175
-0.770523 1.05 -0.116002 -0.109375
-0.891528 1.00625 -0.116302 -0.109375
-0.735021 1.02812 -0.117474 -0.153125
-0.667044 0.9625 -0.118065 -0.109375
-0.552839 0.9625 -0.119237 -0.153125
-0.717905 0.896875 -0.123899 -0.13125
-1.04374 0.984375 -0.117221 -0.153125
-0.91892 1.18125 -0.117521 -0.13125
-0.601196 1.1375 -0.117821 -0.175
-0.483067 0.9625 -0.12161 -0.065625
-0.572381 0.853125 -0.1222 -0.175
-0.853293 1.00625 -0.123373 -0.13125
-1.02053 1.11563 -0.11465 -0.109375
-0.779412 1.09375 -0.113206 -0.175
-0.590356 1.02812 -0.11525 -0.153125
-0.342701 0.940625 -0.117586 -0.196875
-0.663299 0.765625 -0.11585 -0.21875
-0.871526 1.05 -0.116441 -0.196875
-0.950228 0.940625 -0.110636 -0.021875
-0.764646 0.9625 -0.105702 -0.153125
-0.473381 0.940625 -0.106874 0.04375
-0.355251 0.809375 -0.106874 -0.13125
-0.603614 0.721875 -0.101941 -0.153125
-0.72331 0.809375 -0.103404 -0.21875
-0.887926 0.809375 -0.0975985 -0.109375
-0.642888 0.984375 -0.0944096 -0.240625
-0.687283 0.875 -0.0912207 -0.065625
-0.409246 0.896875 -0.0894763 -0.175
-0.52285 0.721875 -0.0862874 -0.196875
-0.406029 0.7875 -0.0877504 -0.175
-0.684324 0.721875 -0.0816541 0.175
-0.642805 0.853125 -0.0767207 -0.065625
-0.732119 0.83125 -0.0735226 -0.109375
-0.571686 0.6125 -0.0694615 -0.021875
-0.455315 0.7875 -0.0642374 -0.065625
-0.288341 0.7 -0.0636652 -0.109375
-0.286508 0.65625 -0.0630837 -0.065625
-0.63618 0.65625 -0.0581504 0.0875
-0.726802 0.765625 -0.0552522 -0.065625
-0.639505 0.7 -0.0433319 0.21875
-0.287474 0.765625 -0.0418874 -0.065625
-0.239413 0.65625 -0.0433504 -0.065625
-0.234963 0.590625 -0.0416059 0.13125
-0.394346 0.546875 -0.0392893 -0.065625
-0.673091 0.503125 -0.0326115 -0.065625
-0.602497 0.634375 -0.0244707 -0.065625
-0.350918 0.65625 -0.0221541 -0.175
-0.111259 0.546875 -0.0224541 0.196875
-0.177327 0.65625 -0.0250707 0.065625
-0.335401 0.503125 -0.0207189 -0.065625
-0.582006 0.525 -0.0192744 -0.021875
-0.539178 0.721875 -0.0140411 0.021875
-0.421498 0.415625 -0.0152133 -0.13125
-0.284907 0.590625 -0.0187022 -0.196875
-0.0875502 0.21875 -0.0172578 -0.2625
-0.154477 0.39375 -0.0242356 0.021875
-0.239008 0.371875 -0.017267 0
-0.469767 0.48125 -0.0230911 -0.0875
-0.469242 0.503125 -0.0184393 0.021875
-0.51102 0.459375 -0.0187393 -0.065625
-0.185896 0.65625 -0.02688 -0.109375
-0.0176141 0.39375 -0.0286337 0.021875
-0.0554669 0.546875 -0.026017 -0.065625
-0.284918 0.30625 -0.03533 -0.04375
-0.446059 0.284375 -0.0365022 0
-0.400614 0.459375 -0.0324411 -0.153125
-0.368398 0.35 -0.0333133 0.021875
-0.0692826 -0.021875 -0.03623 0.021875
0.052772 0.30625 -0.0379837 -0.0875
-0.189049 0.065625 -0.0420633 -0.021875
-0.377506 0.284375 -0.0385837 -0.13125
-0.462895 0.328125 -0.0406281 0.0875
-0.41745 0.4375 -0.0415004 -0.240625
-0.091877 0.371875 -0.0435448 -0.13125
-0.0429576 0.415625 -0.0444263 0.04375
-0.0371993 0.4375 -0.052867 0.021875
-0.327415 0.13125 -0.0549115 -0.109375
-0.443186 0.4375 -0.0566559 -0.21875
-0.442661 0.35 -0.0540485 -0.065625
-0.194148 0.459375 -0.0552207 -0.240625
-0.161933 0.328125 -0.0616263 -0.328125
-0.0702604 0.328125 -0.064243 -0.13125
-0.0658104 0.240625 -0.072393 -0.175
-0.43047 0.240625 -0.0744374 -0.021875
-0.476172 0.328125 -0.0747374 -0.021875
-0.507338 0.371875 -0.0712485 0.13125
-0.389209 0.503125 -0.0750374 -0.240625
-0.226609 0.30625 -0.0843504 -0.109375
-0.268387 0.371875 -0.0823152 -0.13125
-0.310165 0.415625 -0.0907559 0.153125
-0.501238 0.415625 -0.0872763 -0.13125
-0.59231 0.525 -0.087567 -0.48125
-0.552099 0.56875 -0.0861226 -0.109375
-0.435278 0.721875 -0.0861319 -0.240625
-0.273987 0.525 -0.0942726 -0.109375
-0.347456 0.7 -0.0893393 0.21875
-0.435461 0.56875 -0.088467 -0.065625
-0.671454 0.546875 -0.0896393 0.21875
-0.647538 0.4375 -0.0829615 -0.153125
-0.606019 0.678125 -0.0829615 -0.13125
-0.445586 0.7 -0.0867504 -0.13125
-0.400592 0.7875 -0.0867504 -0.196875
-0.517671 0.65625 -0.0870504 0
-0.682287 0.721875 -0.0809448 -0.065625
-0.816971 0.7875 -0.0786281 -0.13125
-0.616852 0.809375 -0.0783467 0.371875
-0.501339 0.83125 -0.0818356 0.04375
-0.341357 0.83125 -0.0769022 -0.109375
-0.414825 0.678125 -0.07603 -0.04375
-0.623052 0.721875 -0.0699337 0.13125
-0.831729 0.984375 -0.06848 0.30625
-0.792826 1.07187 -0.0626744 0.109375
-0.591399 0.875 -0.0626744 0.0875
-0.357423 0.809375 -0.0635467 -0.04375
-0.311979 0.721875 -0.0594856 -0.04375
-0.47267 0.678125 -0.062393 0.0875
-0.637735 0.83125 -0.0592041 -0.0875
-0.802351 0.721875 -0.052517 0.065625
-0.718529 0.48125 -0.0429319 0.109375
-0.44225 0.896875 -0.0385707 0.04375
-0.396806 0.65625 -0.0414781 -0.04375
-0.320979 0.240625 -0.0382893 -0.04375
-0.48212 0.328125 -0.0321837 -0.175
-0.601816 0.74375 -0.0255059 -0.021875
-0.722821 0.74375 -0.0167837 0
-0.609066 0.74375 -0.0135856 0
-0.403714 0.721875 -0.00400037 0
-0.402331 0.7875 -0.00341889 0.021875
-0.282893 0.634375 0.00210519 -0.0875
-0.530806 0.590625 0.00791074 0.153125
-0.598183 0.546875 0.0265181 -0.109375
-0.425975 0.2625 0.0308793 -0.13125
-0.218457 0.721875 0.0326144 -0.109375
-0.214007 0.48125 0.0334867 -0.0875
-0.417 0.546875 0.039883 0.328125
-0.505456 0.56875 0.0413274 -0.13125
-0.504931 0.590625 0.0421996 0.153125
-0.255109 0.415625 0.0413274 -0.153125
-0.176666 0.459375 0.0387107 -0.109375
-0.0400743 0.459375 0.0340496 -0.13125
-0.168216 0.503125 0.0296885 -0.153125
-0.357981 0.39375 0.0288163 -0.153125
-0.490047 0.503125 0.0305607 -0.196875
-0.287312 0.48125 0.0343404 -0.153125
-0.241009 0.415625 0.0305515 -0.240625
-0.076652 0.4375 0.0258996 -0.21875
-0.072202 0.371875 0.0218293 0.284375
-0.111813 0.2625 0.0183404 0.109375
-0.226276 0.328125 0.0148515 -0.240625
-0.387417 0.284375 0.013407 -0.175
-0.342422 0.30625 0.014007 -0.196875
-0.267046 0.30625 0.0137256 -0.21875
-0.146749 0.328125 0.00909222 -0.153125
-0.0119159 0.284375 0.00184222 0.13125
-0.0964465 0.240625 -0.00134667 -0.21875
-0.210909 0.153125 -0.00714296 0.196875
-0.459272 0.328125 -0.00799667 0.0875
-0.416895 0.371875 -0.00944111 -0.196875
-0.211993 0.371875 -0.0143652 0.13125
-0.0930048 0.240625 -0.0169633 0.240625
-0.162998 0.240625 -0.0221874 0.0875
-0.248837 0.196875 -0.027693 0.13125
-0.322756 0.39375 -0.027093 -0.21875
-0.454822 0.39375 -0.0317263 -0.196875
-0.411995 0.109375 -0.0285189 0.13125
-0.323389 0.459375 -0.033443 -0.196875
-0.207018 0.39375 -0.0308078 -0.196875
-0.249246 0.415625 -0.0383485 -0.175
-0.320547 0.415625 -0.0455985 -0.175
-0.410311 0.546875 -0.0409374 -0.196875
-0.48423 0.48125 -0.0429541 0.109375
-0.414086 0.525 -0.0414819 -0.175
-0.457622 0.525 -0.0487319 -0.13125
-0.328022 0.546875 -0.0472596 -0.175
-0.326639 0.503125 -0.0478319 -0.175
-0.371484 0.525 -0.0518837 0.021875
-0.459489 0.546875 -0.0512837 -0.175
-0.491105 0.56875 -0.0486485 -0.153125
-0.493646 0.6125 -0.0471763 0.04375
-0.49488 0.6125 -0.046867 -0.153125
-0.333589 0.48125 -0.0468485 -0.153125
-0.465656 0.678125 -0.0448041 0.04375
-0.466889 0.6125 -0.0471115 -0.13125
-0.587035 0.6125 -0.044767 -0.13125
-0.547274 0.6125 -0.0424226 -0.0875
-0.549816 0.74375 -0.0418226 -0.153125
-0.552358 0.875 -0.0365707 -0.109375
-0.435986 0.721875 -0.0377152 -0.021875
-0.393609 0.7 -0.0414763 -0.065625
-0.715965 0.678125 -0.0400041 -0.04375
-0.648438 0.74375 -0.0376596 -0.04375
-0.565066 0.721875 -0.0379319 -0.04375
-0.494922 0.809375 -0.0373319 -0.0875
-0.568841 0.74375 -0.0341152 -0.04375
-0.571383 0.940625 -0.038167 -0.04375
-0.689771 0.853125 -0.0364041 -0.109375
-0.692312 0.875 -0.0331874 -0.065625
-0.536255 0.83125 -0.0325874 -0.021875
-0.537488 0.809375 -0.0331504 -0.065625
-0.510956 0.7875 -0.0316781 -0.109375
-0.629794 0.765625 -0.0319504 -0.065625
-0.633644 0.765625 -0.0330948 -0.021875
-0.593883 0.940625 -0.0246448 0
-0.595116 0.7875 -0.0275337 -0.021875
-0.68488 0.809375 -0.0251893 -0.109375
-0.600199 0.83125 -0.0202281 0.04375
-0.560438 0.7875 -0.0213633 -0.109375
-0.532597 0.7875 -0.0161115 0.04375
-0.565521 0.74375 -0.0120226 -0.175
-0.611674 0.7875 -0.00996889 -0.04375
-0.702746 0.83125 -0.0114041 -0.109375
-0.619374 0.83125 -0.00179111 -0.13125
-0.70783 0.35 -0.0032263 0.13125
-0.505545 0.721875 0.00551444 -0.13125
-0.50547 0.7875 0.00350704 0.021875
-0.710221 0.7 0.0113756 0.35
-0.714071 0.853125 0.0143015 -0.0875
-0.629391 0.765625 0.0175181 -0.30625
-0.515636 0.765625 0.0198626 -0.065625
-0.428339 0.765625 0.0251237 -0.175
-0.516795 0.765625 0.0292126 -0.175
-0.677935 0.74375 0.0330107 0.328125
-0.638174 0.721875 0.0426237 -0.04375
-0.564106 0.7 0.0458496 -0.065625
-0.360512 0.56875 0.0508107 -0.175
-0.356962 0.590625 0.057807 -0.109375
-0.516345 0.56875 0.0595607 -0.0875
-0.590263 0.7 0.0677107 0.2625
-0.562422 0.7 0.0723719 0.0875
-0.519595 0.590625 0.0781959 -0.04375
-0.358304 0.678125 0.0837293 0.21875
-0.355612 0.65625 0.0840293 -0.0875
-0.39784 0.590625 0.0942144 -0.153125
-0.425081 0.590625 0.0907256 -0.021875
-0.513536 0.590625 0.0953867 0.065625
-0.424931 0.809375 0.0965589 -0.04375
-0.512078 0.459375 0.0994756 -0.13125
-0.306726 0.6125 0.101811 -0.04375
-0.260423 0.56875 0.101239 0.13125
-0.186355 0.546875 0.0977589 0.371875
-0.38849 0.459375 0.0974774 0.153125
-0.549631 0.546875 0.102139 0.30625
-0.57033 0.503125 0.0998219 0.175
-0.291434 0.590625 0.0975052 0
-0.213441 0.590625 0.0960607 0.153125
-0.210749 0.546875 0.0902644 0.328125
-0.486428 0.503125 0.0934719 0.065625
-0.44405 0.590625 0.0920274 0
-0.443975 0.525 0.096107 0.35
-0.324987 0.525 0.0926274 0.04375
-0.235073 0.021875 0.0894385 -0.021875
-0.230623 0.56875 0.0917737 0.328125
-0.316462 0.503125 0.0859681 0.284375
-0.474986 0.721875 0.0807441 0.021875
-0.359923 0.546875 0.0865681 0.328125
-0.386306 0.48125 0.0810626 0.13125
-0.194183 0.48125 0.0787459 0.328125
-0.307787 0.39375 0.0720681 0.065625
-0.262793 0.525 0.0706237 0.371875
-0.34994 0.415625 0.068307 0.04375
-0.378939 0.525 0.0659904 0.39375
-0.378414 0.39375 0.0622293 0.021875
-0.349265 0.48125 0.06282 -0.04375
-0.347882 0.415625 0.0651552 0.065625
-0.300271 0.415625 0.05557 0
-0.255276 0.39375 0.0494737 -0.021875
-0.342423 0.39375 0.0465848 -0.021875
-0.370972 0.503125 0.0442681 0.021875
-0.414509 0.4375 0.0431144 0.240625
-0.372131 0.415625 0.0396348 0.065625
-0.369439 0.525 0.0396533 -0.175
-0.250451 0.415625 0.0309404 -0.109375
-0.249068 0.371875 0.0315311 -0.021875
-0.40845 0.65625 0.0248533 -0.21875
-0.496906 0.4375 0.0271978 0
-0.498139 0.48125 0.0248811 -0.0875
-0.410842 0.48125 0.0182033 -0.0875
-0.365847 0.48125 0.0161867 -0.109375
-0.293087 0.459375 0.0112533 -0.065625
-0.249401 0.328125 0.0132978 -0.109375
-0.453703 0.39375 0.00692 -0.13125
-0.498547 0.39375 0.00809222 0.13125
-0.530163 0.4375 0.00315889 -0.109375
-0.530088 0.503125 -2.07407e-05 -0.30625
-0.45602 0.678125 -0.00204667 -0.065625
-0.412334 0.590625 -0.00406333 -0.109375
-0.368647 0.546875 -0.00550778 -0.109375
-0.455795 0.56875 -0.0107319 -0.109375
-0.500189 0.56875 -0.0136207 -0.065625
-0.504039 0.678125 -0.0133207 -0.21875
-0.534346 0.678125 -0.013593 0.175
-0.462895 0.65625 -0.00951333 -0.13125
-0.461511 0.590625 -0.0164819 0.240625
-0.375522 0.6125 -0.0196615 0.196875
-0.46267 0.590625 -0.0211059 -0.0875
-0.581508 0.6125 -0.0175985 0.175
-0.584049 0.678125 -0.0219504 0.196875
-0.585283 0.765625 -0.0187337 -0.196875
-0.382547 0.678125 -0.0175615 -0.109375
-0.469695 0.721875 -0.0195781 -0.21875
-0.472236 0.65625 -0.0201504 -0.109375
-0.635994 0.7875 -0.0160615 0.21875
-0.683455 0.896875 -0.0157615 0.328125
-0.555163 0.74375 -0.0108004 -0.109375
-0.395181 0.875 -0.00903741 -0.240625
-0.364723 0.83125 -0.012517 0
-0.599858 0.7875 -0.00988185 0.240625
-0.807226 0.415625 -0.00783741 0.240625
-0.811076 0.83125 -0.0057837 0.240625
-0.491186 0.91875 -0.0025763 0.021875
-0.372198 0.765625 -0.00633741 0.284375
-0.399439 0.853125 -0.0138781 -0.13125
-0.607258 0.65625 -0.00891704 -0.13125
-0.612416 0.875 -0.00627259 -0.13125
-0.732562 0.65625 -0.0021837 -0.04375
-0.4589 0.91875 0.000160741 -0.065625
-0.707263 0.7 -0.00242815 0.153125
-0.621274 0.853125 -0.00270037 -0.109375
-0.418989 0.7 -0.00296333 -0.065625
-0.417606 0.853125 -0.000618889 -0.0875
-0.578746 0.721875 -0.000891111 -0.04375
-0.669819 0.809375 0.00349778 -0.021875
-0.746804 0.765625 0.0110756 0.109375
-0.58813 0.809375 0.0111033 -0.0875
-0.47045 0.74375 0.00966815 -0.04375
-0.425456 0.809375 0.014057 -0.021875
-0.513911 0.30625 0.0155293 -0.065625
-0.719971 0.721875 0.0222441 0
-0.677594 0.634375 0.026333 -0.04375
-0.356396 0.853125 0.0345015 0
-0.194246 0.525 0.0385904 -0.021875
-0.39769 0.56875 0.0418163 0.04375
-0.51522 0.590625 0.045033 0.04375
-0.635366 0.65625 0.0581441 0.04375
-0.520303 0.634375 0.062233 0.0875
-0.475309 0.634375 0.0683663 0.04375
-0.312709 0.6125 0.0727459 0
-0.310018 0.56875 0.0745181 0.065625
-0.265473 0.56875 0.0806515 -0.04375
-0.352621 0.525 0.0859033 0.04375
-0.557372 0.546875 0.0902922 0.30625
-0.58768 0.56875 0.0943811 0.240625
-0.426389 0.6125 0.0935367 0.284375
-0.26379 0.590625 0.0938552 -0.109375
-0.186246 0.459375 0.0927107 0.065625
-0.0646419 0.503125 0.0909941 -0.109375
-0.295851 0.39375 0.0915941 0.35
-0.412072 0.4375 0.0927848 -0.13125
-0.542831 0.13125 0.0928126 -0.13125
-0.380232 0.459375 0.0925404 0.196875
-0.216324 0.48125 0.088207 0.240625
-0.00663907 0.415625 0.0847459 0.109375
-0.0740159 0.35 0.0795404 0.284375
-0.318454 0.30625 0.0766515 0.175
-0.391064 0.328125 0.075807 -0.04375
-0.360607 0.39375 0.0784515 0.175
-0.197149 0.39375 0.0712015 0.109375
-0.0623159 0.328125 0.0686126 0.196875
-0.100619 0.284375 0.0642793 0.196875
-0.185149 0.328125 0.0599459 0.196875
-0.298754 0.328125 0.057057 0.196875
-0.370056 0.328125 0.0570848 0.196875
-0.20529 0.459375 0.0553681 0.175
-0.082377 0.30625 0.0501626 -0.21875
-0.0757604 0.196875 0.0432126 0.109375
-0.158983 0.459375 0.0368348 0.13125
-0.156291 0.153125 0.0368626 0.153125
-0.313957 0.328125 0.0360181 0.175
-0.385259 0.371875 0.032557 -0.153125
-0.222659 0.415625 0.0270607 -0.175
-0.0151409 0.109375 0.0247626 -0.153125
-0.054752 0.065625 0.0210015 -0.196875
-0.138424 0.284375 0.0192848 0.13125
-0.298257 0.30625 0.0184404 0.153125
-0.372175 0.35 0.0175959 -0.175
-0.459322 0.371875 0.0193681 -0.196875
-0.298032 0.39375 0.0150348 0.13125
-0.134574 0.415625 0.00982926 -0.284375
-0.043352 0.371875 0.00898481 -0.153125
-0.201876 0.30625 0.00930333 -0.175
-0.319406 0.328125 0.00525148 0.2625
-0.480996 0.39375 0.00353481 -0.21875
-0.453156 0.4375 0.00995889 0.175
-0.322247 0.371875 0.00737 0.21875
-0.248179 0.4375 0.00100148 0.109375
-0.290407 0.415625 0.00303667 -0.175
-0.290332 0.415625 -0.00364111 -0.21875
-0.36425 0.39375 -0.00770222 -0.153125
-0.527558 0.459375 -0.00187815 0.175
-0.530099 0.459375 -0.00971889 -0.153125
-0.619863 0.503125 -0.0131985 -0.284375
-0.417578 0.04375 -0.0126078 -0.175
-0.490188 0.56875 -0.012017 -0.175
-0.375125 0.6125 -0.0198578 -0.021875
-0.492655 0.56875 -0.0183948 -0.21875
-0.539666 0.634375 -0.0210022 -0.13125
-0.659812 0.56875 -0.0204115 -0.021875
-0.707273 0.65625 -0.0201115 -0.04375
-0.477222 0.678125 -0.0233004 -0.196875
-0.481072 0.678125 -0.0328856 -0.065625
-0.59991 0.65625 -0.0360744 0.196875
-0.60376 0.721875 -0.0247263 -0.175
-0.725215 0.83125 -0.032567 0.13125
-0.65593 0.7875 -0.0302319 -0.196875
-0.527638 0.809375 -0.0363281 -0.065625
-0.501106 0.765625 -0.0421337 -0.13125
-0.621252 0.65625 -0.0461948 0.153125
-0.829929 0.7875 -0.0511189 -0.175
-0.676488 0.896875 -0.046167 0.196875
-0.636727 0.853125 -0.0455763 -0.175
-0.68288 0.853125 -0.0571967 -0.175
-0.643119 0.875 -0.053117 -0.04375
-0.69058 0.940625 -0.0571781 -0.196875
-0.695288 0.91875 -0.0632744 -0.153125
-0.699138 0.91875 -0.0591948 0.21875
-0.732062 0.9625 -0.0676078 0.21875
-0.780832 1.00625 -0.0707967 -0.065625
-0.713305 0.984375 -0.0693337 -0.065625
-0.629933 1.00625 -0.0699059 -0.065625
-0.676085 0.940625 -0.0768744 -0.04375
-0.591405 0.940625 -0.0818078 0.0875
-0.683785 0.91875 -0.0785911 -0.0875
-0.803932 0.765625 -0.0826522 -0.0875
-0.692794 0.875 -0.0777004 -0.13125
-0.696644 0.853125 -0.0829244 -0.04375
-0.655574 0.875 -0.0858133 -0.0875
-0.584981 0.875 -0.0872578 -0.109375
-0.661516 0.83125 -0.0852133 -0.065625
-0.665366 0.896875 -0.0913096 -0.0875
-0.829123 0.853125 -0.0907096 -0.065625
-0.75898 0.940625 -0.0938985 -0.065625
-0.601614 0.984375 -0.093017 -0.065625
-0.515625 0.896875 -0.0959059 -0.109375
-0.561778 0.853125 -0.100258 -0.0875
-0.681924 0.875 -0.0947244 -0.021875
-0.845682 0.896875 -0.0944152 -0.0875
-0.733235 0.91875 -0.0877189 0
-0.618172 0.940625 -0.0885819 -0.0875
-0.529567 0.896875 -0.0871096 -0.0875
-0.456807 0.83125 -0.0853559 -0.13125
-0.619256 0.765625 -0.0763337 -0.13125
-0.65218 0.634375 -0.0713726 -0.065625
-0.624339 0.875 -0.0658393 -0.065625
-0.537042 0.83125 -0.0620411 -0.065625
-0.464282 0.896875 -0.0599967 0.13125
-0.419287 0.74375 -0.0509744 -0.0875
-0.490589 0.7 -0.0413615 -0.065625
-0.620039 0.7 -0.0361189 -0.065625
-0.576353 0.809375 -0.0329022 -0.196875
-0.489056 0.65625 -0.0285319 -0.021875
-0.414987 0.721875 -0.0180467 -0.153125
-0.325073 0.634375 -0.0142578 -0.021875
-0.291999 0.809375 -0.0139485 -0.065625
-0.361993 0.6125 -0.00289111 -0.240625
-0.447832 0.525 0.00525889 -0.021875
-0.564053 0.809375 0.00585889 -0.109375
-0.314232 0.2625 0.0157533 0
-0.193935 0.809375 0.01897 -0.065625
-0.026103 0.503125 0.0216052 0.196875
-0.137091 0.35 0.0245219 0.065625
-0.220313 0.30625 0.0312274 0.13125
-0.291615 0.328125 0.0341441 0
-0.376146 0.371875 0.0393959 -0.196875
-0.212238 0.371875 0.0423126 0
-0.0444057 0.48125 0.0385515 0.021875
0.0785072 0.284375 0.0379793 -0.021875
0.00982204 0.30625 0.0420681 -0.13125
-0.143469 0.175 0.0374348 0.0875
-0.257073 0.328125 0.0391793 0
-0.0931659 0.175 0.0429589 0
-0.131469 0.2625 0.0406422 -0.0875
-0.0508585 0.175 0.0380256 0.04375
0.0870415 0.240625 0.0362811 -0.065625
0.0936581 -0.13125 0.0296033 0.065625
0.0553554 0.153125 0.0296033 -0.065625
-0.142855 -0.13125 0.0293219 0.021875
-0.137546 -0.021875 0.0229256 -0.04375
-0.175849 0 0.0214719 0.109375
0.078347 0.13125 0.0191552 -0.065625
0.0849637 0.0875 0.0139219 -0.021875
0.00435815 0.0875 0.00868852 0.109375
-0.151549 0.065625 0.00462741 -0.21875
-0.263846 0.109375 0.00549963 -0.021875
-0.0999381 0.0875 0.00143852 -0.04375
-0.0933215 0.153125 0.000566296 -0.0875
-0.043952 0.065625 -0.0069837 -0.065625
0.0340415 0.065625 -0.00960037 -0.065625
-0.197168 0.065625 -0.0110448 -0.021875
-0.312081 0.13125 -0.00842815 -0.0875
-0.354309 0.284375 -0.0127893 -0.153125
-0.119024 0.2625 -0.0142337 0.13125
-0.113716 0.13125 -0.0159781 0.109375
-0.111024 0.109375 -0.0238189 0.13125
-0.136957 0.21875 -0.0200393 0.153125
-0.382703 0.109375 -0.0243911 0.153125
-0.383936 0.546875 -0.0223467 -0.175
-0.427472 0.328125 -0.0206022 0.175
-0.26749 0.459375 -0.01943 0.153125
-0.104891 0.328125 -0.0211744 -0.04375
-0.219804 0.415625 -0.0226189 -0.175
-0.26334 0.328125 -0.017967 -0.04375
-0.498474 0.459375 -0.0159226 -0.13125
-0.427022 0.39375 -0.0138781 0.196875
-0.503108 0.415625 -0.0130059 -0.109375
-0.343125 0.48125 -0.0127059 -0.109375
-0.34305 0.459375 -0.0161948 0.196875
-0.299364 0.39375 -0.011243 0.021875
-0.344209 0.56875 -0.0138504 -0.196875
-0.550269 0.503125 -0.0100707 -0.109375
-0.509199 0.6125 -0.0100615 0.196875
-0.513049 0.503125 -0.00510963 -0.109375
-0.557894 0.7 -0.00685407 -0.065625
-0.311997 0.590625 -0.00946148 0.21875
-0.444064 0.525 -0.0071263 -0.13125
-0.519291 0.634375 -0.00916148 -0.0875
-0.610363 0.6125 -0.00420963 -0.0875
-0.569294 0.809375 -0.00478185 -0.240625
-0.455539 0.590625 -0.00681704 -0.065625
-0.530766 0.678125 -0.00477259 0.175
-0.415703 0.634375 -0.00912444 -0.04375
-0.651696 0.74375 -0.00155593 -0.109375
-0.787687 0.765625 -0.00184667 0.21875
-0.58671 0.91875 -0.000674444 -0.13125
-0.59056 0.721875 -0.000374444 0.284375
-0.343356 0.853125 0.0080663 0.13125
-0.548108 0.765625 0.00894778 0.13125
-0.477964 0.74375 0.00691259 -0.021875
-0.672104 0.809375 0.0162256 0.109375
-0.675954 0.765625 0.0217589 0.109375
-0.60581 0.853125 0.0235126 0.109375
-0.519821 0.74375 0.025557 0.109375
-0.404759 0.765625 0.0276015 0.04375
-0.404684 0.678125 0.033707 0.04375
-0.405917 0.721875 0.0392404 0.04375
-0.569674 0.634375 0.0412848 0.021875
-0.615827 0.7875 0.0485626 -0.065625
-0.574758 0.765625 0.0578756 0
-0.339473 0.56875 0.0590478 -0.021875
-0.294479 0.634375 0.0546959 0
-0.335398 0.56875 0.0596478 -0.021875
-0.452928 0.525 0.0616922 0.021875
-0.496464 0.6125 0.0631459 0.04375
-0.52808 0.56875 0.0669348 -0.065625
-0.366789 0.678125 0.0666626 -0.04375
-0.20464 0.546875 0.07017 -0.04375
-0.203257 0.546875 0.0760033 -0.04375
-0.290404 0.48125 0.0757311 0.04375
-0.493847 0.503125 0.0751681 -0.0875
-0.335173 0.48125 0.0809922 0.2625
-0.406925 0.503125 0.0833367 0.13125
-0.287937 0.525 0.0795756 0.240625
-0.198023 0.371875 0.0874441 -0.109375
-0.356547 0.371875 0.08252 0.284375
-0.195257 0.503125 0.08312 -0.109375
-0.281096 0.371875 0.0857552 0.065625
-0.354156 0.415625 0.0851922 -0.109375
-0.396384 0.415625 0.086083 0.0875
-0.277396 0.415625 0.0858107 0.240625
-0.186173 0.39375 0.0855385 0.0875
-0.065877 0.328125 0.0843941 -0.196875
-0.179932 0.30625 0.0780163 0.175
-0.383375 0.284375 0.0821052 0.04375
-0.3833 0.4375 0.0774719 0.109375
-0.265621 0.459375 0.0789441 0.196875
-0.102163 0.328125 0.0777996 0.0875
-0.054552 0.415625 0.0752015 0.13125
-0.139083 0.196875 0.0723126 0.109375
-0.297607 0.371875 0.0702959 0.153125
-0.457439 0.39375 0.0708959 0.13125
-0.3719 0.39375 0.0697515 0
-0.210609 0.415625 0.0651181 0.153125
-0.135233 0.415625 0.0668904 0.13125
-0.161615 0.39375 0.0578959 0.109375
-0.246596 0.371875 0.0605311 0.109375
-0.320514 0.39375 0.0564793 0.153125
-0.247754 0.328125 0.0527181 0.109375
-0.362667 0.459375 0.0515737 -0.196875
-0.320289 0.415625 0.0524644 0.153125
-0.15814 0.4375 0.0487033 -0.196875
-0.288898 0.30625 0.043207 0.065625
-0.242596 0.415625 0.0411904 -0.21875
-0.358817 0.371875 0.0391737 0.13125
-0.447722 0.4375 0.037157 -0.175
-0.448956 0.459375 0.0363033 0.153125
-0.361659 0.48125 0.0380756 -0.240625
-0.157207 0.459375 0.0360589 0.04375
-0.359342 0.39375 0.0288089 -0.21875
-0.242971 0.4375 0.0230126 0.13125
-0.40542 0.39375 0.0250756 -0.196875
-0.450714 0.4375 0.0248033 0.065625
-0.451947 0.371875 0.0172626 -0.21875
-0.451872 0.525 0.0172811 0.109375
-0.320964 0.48125 0.0146922 -0.21875
-0.408561 0.48125 0.00918667 0.21875
-0.453406 0.48125 0.0106589 -0.21875
-0.455947 0.546875 0.00777 0.109375
-0.531624 0.525 0.00605333 -0.153125
-0.461481 0.48125 0.00316444 0
-0.461406 0.546875 0.00376444 -0.284375
-0.463947 0.590625 0.00292 0.175
-0.3771 0.590625 -0.00171333 0
-0.540858 0.56875 -0.00576519 -0.153125
-0.499788 0.6125 -0.000213333 0.196875
-0.590002 0.56875 -0.00397444 -0.153125
-0.505321 0.546875 -0.00743556 -0.153125
-0.506555 0.6125 -0.00945222 -0.153125
-0.480022 0.678125 -0.00710778 0.2625
-0.480397 0.634375 -0.0131856 -0.04375
-0.556933 0.590625 -0.00706148 -0.021875
-0.558166 0.721875 -0.0116856 0.021875
-0.64838 0.678125 -0.01283 0.21875
-0.562391 0.765625 -0.0183263 -0.04375
-0.447328 0.74375 -0.020343 -0.196875
-0.447703 0.65625 -0.0194522 -0.13125
-0.493856 0.678125 -0.0220411 -0.021875
-0.569083 0.503125 -0.0214411 -0.240625
-0.572074 0.634375 -0.0231578 -0.021875
-0.531005 0.634375 -0.0208133 -0.13125
-0.343257 0.634375 -0.0263096 -0.109375
-0.416317 0.328125 -0.0283263 0.415625
-0.461161 0.65625 -0.0317874 -0.0875
-0.579999 0.6125 -0.029443 -0.0875
-0.626602 0.678125 -0.0329041 0.021875
-0.585533 0.590625 -0.0305596 -0.04375
-0.469161 0.7 -0.0360559 -0.065625
-0.425925 0.7 -0.0267244 -0.065625
-0.382239 0.65625 -0.0368726 -0.065625
-0.54383 0.6125 -0.0345096 -0.021875
-0.546371 0.678125 -0.0353448 -0.0875
-0.594283 0.678125 -0.0341448 -0.153125
-0.553213 0.678125 -0.028293 -0.0875
-0.393681 0.853125 -0.032617 -0.0875
-0.276001 0.590625 -0.0302541 -0.0875
-0.524814 0.590625 -0.0328337 -0.021875
-0.55688 0.7875 -0.0304615 0
-0.690255 0.721875 -0.0237374 0.021875
-0.561105 0.721875 -0.0225374 -0.065625
-0.401122 0.503125 -0.0233726 0.021875
-0.326196 0.721875 -0.0236263 0.04375
-0.398806 0.590625 -0.0250337 0.04375
-0.487711 0.30625 -0.0229615 0.04375
-0.606999 0.678125 -0.0208893 0.04375
-0.56593 0.6125 -0.0205615 -0.284375
-0.450009 0.65625 -0.0237226 -0.240625
-0.287409 0.853125 -0.0230948 0.153125
-0.402772 0.7875 -0.022767 0.109375
-0.372315 0.7 -0.0233115 -0.175
-0.535214 0.56875 -0.0183226 -0.04375
-0.493286 0.4375 -0.0179948 -0.109375
-0.493211 0.6125 -0.0162133 0.2625
-0.333679 0.6125 -0.0158856 -0.109375
-0.375907 0.546875 -0.0152578 -0.0875
-0.373665 0.546875 -0.016093 -0.0875
-0.330429 0.546875 -0.0140207 -0.065625
-0.49157 0.503125 -0.0116485 -0.065625
-0.491945 0.56875 -0.00608741 0.328125
-0.403339 0.56875 -0.00256148 0.328125
-0.402406 0.65625 0.00155519 0.328125
-0.283868 0.56875 0.00275519 -0.196875
-0.326096 0.525 0.00715333 0.240625
-0.367465 0.525 0.0138867 0.13125
-0.440075 0.4375 0.0223552 -0.021875
-0.367765 0.503125 0.0270533 0.13125
-0.321912 0.459375 0.0317422 0.021875
-0.158005 0.546875 0.0402107 0.153125
-0.22714 0.39375 0.0472348 -0.065625
-0.268059 0.371875 0.0475626 -0.021875
-0.310737 0.415625 0.0542959 0.153125
-0.266193 0.35 0.0592756 -0.0875
-0.189508 0.459375 0.0599033 -0.153125
-0.185958 0.284375 0.0654644 -0.021875
-0.0951854 0.371875 0.0655107 -0.13125
-0.0462659 0.240625 0.0658385 0
-0.174858 0.175 0.0647219 -0.13125
-0.172166 0.21875 0.0659219 0.065625
-0.168616 0.0875 0.063933 -0.13125
-0.195448 0.21875 0.0633885 0
-0.0315409 0.153125 0.0596552 -0.0875
-0.0702937 0.04375 0.0538774 0.021875
-0.0218243 0.065625 0.0545052 0
-0.149966 0.0875 0.0551237 0.13125
-0.147724 0.196875 0.0510996 0.371875
-0.262637 0.0875 0.0525904 0.109375
-0.0991798 0.21875 0.0468219 0.35
-0.213234 0.109375 0.0474404 0.109375
-0.00440759 0.240625 0.0410904 -0.04375
-0.162073 0.109375 0.0391015 0.04375
-0.158523 0.2625 0.0350681 -0.021875
-0.200751 0.13125 0.0356959 0.109375
-0.242121 0.240625 0.0389311 -0.04375
-0.284798 0.21875 0.0322904 0.109375
-0.149965 0.35 0.0303015 0.415625
-0.0737298 0.0875 0.0274311 0.021875
-0.187334 0.153125 0.0236978 -0.021875
-0.186401 0.21875 0.0217089 0
-0.27269 0.39375 0.018257 -0.0875
-0.272615 0.196875 0.0174311 0.021875
-0.271682 0.371875 0.0125348 -0.109375
-0.182218 0.284375 0.0114089 0
-0.135915 0.415625 0.00854778 -0.109375
-0.104599 0.328125 0.00335148 -0.065625
-0.293506 0.39375 0.00163481 -0.109375
-0.455096 0.284375 0.000218148 0.0875
-0.45633 0.503125 0.000836667 -0.13125
-0.267723 0.459375 -0.00261519 -0.021875
-0.265482 0.48125 -0.00491333 0.021875
-0.220487 0.35 -0.00633 -0.065625
-0.338467 0.503125 -0.0123985 0.04375
-0.3397 0.415625 -0.0138152 -0.021875
-0.458988 0.503125 -0.00970778 0.04375
-0.46153 0.48125 -0.0114244 -0.0875
-0.38922 0.56875 -0.0137133 -0.153125
-0.346842 0.546875 -0.0133856 0.109375
-0.303606 0.546875 -0.0174189 -0.153125
-0.390753 0.546875 -0.0214522 -0.0875
-0.438664 0.634375 -0.0158911 0.065625
-0.55926 0.503125 -0.0216689 0.13125
-0.561802 0.65625 -0.0216411 -0.153125
-0.477571 0.56875 -0.02393 0.0875
-0.362509 0.7 -0.0244744 0.065625
-0.407803 0.525 -0.0276356 0.109375
-0.57156 0.678125 -0.0238189 0.065625
-0.648546 0.590625 -0.02698 0.13125
-0.652396 0.74375 -0.0228726 0.065625
-0.626313 0.765625 -0.0225448 0.153125
-0.542083 0.809375 -0.0303578 0.065625
-0.470631 0.7 -0.0309022 0.109375
-0.546308 0.83125 -0.0285393 0.109375
-0.666454 0.7 -0.0311189 0.13125
-0.598069 0.853125 -0.0270115 -0.21875
-0.601919 0.74375 -0.0365689 0.13125
-0.562608 0.875 -0.0353689 0.0875
-0.521988 0.7875 -0.0367856 -0.04375
-0.568141 0.853125 -0.0399467 0.109375
-0.571133 0.765625 -0.0387467 -0.065625
-0.663513 0.7875 -0.0384189 0.109375
-0.622894 0.853125 -0.0407078 0.153125
-0.670355 0.853125 -0.0395078 0.13125
-0.586124 0.809375 -0.0354004 0.153125
-0.546813 0.853125 -0.0414689 0.109375
-0.518972 0.721875 -0.0437578 0.175
-0.594649 0.83125 -0.044593 -0.284375
-0.803326 0.74375 -0.04223 0.175
-0.647719 0.940625 -0.0430652 0.13125
-0.563488 0.853125 -0.0389578 -0.109375
-0.490728 0.853125 -0.0438633 -0.21875
-0.536022 0.7 -0.046443 -0.153125
-0.609941 0.7875 -0.0455244 0.196875
-0.701463 0.765625 -0.0481041 -0.0875
-0.618541 0.896875 -0.0451596 0.196875
-0.547089 0.7875 -0.0445411 0.196875
-0.577846 0.809375 -0.0488652 0.196875
-0.506395 0.765625 -0.0528985 -0.109375
-0.550381 0.765625 -0.0513985 0.21875
-0.581138 0.74375 -0.051943 -0.0875
-0.422464 0.7875 -0.0516152 0.21875
-0.554981 0.678125 -0.0512874 0.21875
-0.424072 0.678125 -0.0509596 0.13125
-0.469367 0.65625 -0.0549837 -0.0875
-0.352137 0.634375 -0.0555281 0.13125
-0.352062 0.6125 -0.0598522 -0.021875
-0.396048 0.634375 -0.0586522 -0.13125
-0.51272 0.590625 -0.0525004 -0.0875
-0.557564 0.56875 -0.0521726 0.153125
-0.398032 0.65625 -0.052717 -0.04375
-0.235433 0.6125 -0.0506448 0.0875
-0.233191 0.503125 -0.0546689 0.13125
-0.393473 0.546875 -0.0525967 0.109375
-0.466084 0.56875 -0.0522689 -0.021875
-0.511378 0.590625 -0.0481522 -0.0875
-0.349229 0.6125 -0.0498596 -0.021875
-0.259315 0.6125 -0.0495319 -0.175
-0.227999 0.525 -0.0454152 -0.04375
-0.297993 0.48125 -0.0430522 -0.065625
-0.297059 0.503125 -0.0430152 -0.021875
-0.383348 0.525 -0.0423874 0.04375
-0.381965 0.525 -0.0414781 0.021875
-0.293809 0.525 -0.0321374 -0.04375
-0.290259 0.39375 -0.0318004 0.04375
-0.169963 0.415625 -0.0297281 -0.021875
-0.167721 0.415625 -0.0264837 -0.021875
-0.16548 0.415625 -0.0235393 0
-0.279084 0.39375 -0.0208856 0.021875
-0.394447 0.328125 -0.0214207 -0.021875
-0.320829 0.48125 -0.0103356 -0.04375
-0.112002 0.4375 -0.00477444 -0.0875
-0.0648409 0.371875 -0.00213 0.021875
-0.104452 0.284375 0.00951815 -0.0875
-0.145371 0.35 0.00751074 -0.109375
-0.347957 0.284375 0.014807 -0.109375
-0.301654 0.415625 0.0229756 -0.109375
-0.210882 0.371875 0.0212589 -0.175
-0.0905854 0.284375 0.0224496 -0.13125
-0.0870354 0.284375 0.0271293 -0.109375
-0.242943 0.240625 0.0236681 0.04375
-0.285621 0.240625 0.0181719 -0.13125
-0.400534 0.284375 0.0237237 0
-0.357297 0.35 0.0147385 0.284375
-0.237001 0.328125 0.0159293 0.153125
-0.352364 0.284375 0.0124681 0.2625
-0.232068 0.371875 0.0142404 -0.284375
-0.232443 0.35 0.00612741 0.196875
-0.187448 0.328125 0.00353852 0.109375
-0.346422 0.065625 0.00618296 -0.109375
-0.478489 0.39375 0.00621074 -0.175
-0.391642 0.4375 0.0082737 0.175
-0.184123 0.39375 0.00364963 0.196875
-0.107888 0.240625 0.0022237 0.0875
-0.263796 0.21875 0.000507037 0.04375
-0.381775 0.371875 -0.00208185 -0.240625
-0.544674 0.39375 0.00434222 0.0875
-0.473222 0.4375 0.00262556 -0.153125
-0.182857 0.48125 0.00265333 0.13125
-0.312307 0.30625 -0.00604111 -0.21875
-0.269071 0.415625 -0.00920222 -0.0875
-0.430211 0.415625 -0.00830222 0.196875
-0.505888 0.415625 -0.0135078 -0.196875
-0.552041 0.48125 -0.0117356 0.0875
-0.481039 0.503125 -0.0105448 -0.196875
-0.438661 0.56875 -0.01953 -0.153125
-0.440345 0.56875 -0.01863 0.04375
-0.441578 0.56875 -0.0171393 -0.240625
-0.560866 0.56875 -0.0223448 -0.196875
-0.607019 0.678125 -0.0252244 0
-0.684004 0.721875 -0.0176374 -0.240625
-0.61431 0.765625 -0.0210985 -0.2625
-0.500556 0.765625 -0.0245504 0.04375
-0.370097 0.721875 -0.0288837 0.109375
-0.576158 0.678125 -0.0367059 -0.35
-0.696754 0.65625 -0.0384226 0.13125
-0.703221 0.83125 -0.0299541 -0.21875
-0.794743 0.7875 -0.0418467 -0.2625
-0.593766 0.91875 -0.0397837 0.0875
-0.434234 0.875 -0.0412096 -0.240625
-0.435917 0.765625 -0.0516393 0.065625
-0.598366 0.7 -0.0478319 -0.328125
-0.721579 0.7875 -0.0498393 -0.021875
-0.728046 0.896875 -0.0448596 -0.13125
-0.703271 0.875 -0.0465763 -0.30625
-0.499678 0.765625 -0.0555615 -0.240625
-0.574046 0.83125 -0.0648281 0.065625
-0.459434 0.853125 -0.0682893 0.153125
-0.578271 0.74375 -0.0618652 -0.21875
-0.787398 0.7875 -0.0752022 -0.35
-0.67626 0.896875 -0.0629633 -0.21875
-0.68056 0.91875 -0.0704948 0.021875
-0.565497 0.809375 -0.0690041 -0.21875
-0.565872 0.875 -0.0840948 -0.196875
-0.523945 0.83125 -0.0892911 0.065625
-0.52387 0.809375 -0.0915893 -0.021875
-0.759454 0.74375 -0.0970856 -0.021875
-0.732921 1.11563 -0.0993744 -0.240625
-0.573389 0.896875 -0.105452 -0.21875
-0.412548 0.83125 -0.109486 -0.153125
-0.323943 0.721875 -0.112074 -0.21875
-0.574064 0.678125 -0.113491 -0.04375
-0.809198 0.721875 -0.113463 -0.021875
-0.769887 0.809375 -0.112845 -0.21875
-0.53767 0.83125 -0.114561 -0.240625
-0.375071 0.809375 -0.124119 -0.2625
-0.281682 0.74375 -0.133686 -0.240625
-0.411132 0.6125 -0.132486 -0.065625
-0.603105 0.634375 -0.138254 -0.175
-0.648399 0.7875 -0.137026 -0.065625
-0.490175 0.721875 -0.131447 -0.0875
-0.328026 0.634375 -0.141276 -0.13125
-0.206871 0.56875 -0.143837 -0.109375
-0.320926 0.48125 -0.145226 -0.109375
-0.407215 0.546875 -0.152439 -0.109375
-0.523436 0.56875 -0.14686 -0.0875
-0.4802 0.415625 -0.145632 -0.109375
-0.362971 0.65625 -0.152845 -0.109375
-0.153285 0.590625 -0.153371 -0.21875
-0.193346 0.415625 -0.163191 -0.240625
-0.102574 0.415625 -0.160228 -0.240625
-0.346154 0.35 -0.161045 -0.21875
-0.506436 0.2625 -0.165341 -0.21875
-0.388757 0.459375 -0.160924 -0.175
-0.181688 0.48125 -0.159997 -0.196875
0.027997 0.35 -0.165165 -0.196875
0.0341637 0.240625 -0.16133 -0.175
-0.283409 0.240625 -0.16301 -0.196875
-0.327396 0.4375 -0.160628 -0.13125
-0.442759 0.196875 -0.149515 -0.35
-0.324221 0.39375 -0.154111 -0.21875
-0.0722326 0.30625 -0.146206 -0.240625
0.124674 0.240625 -0.149339 -0.196875
-0.0581409 0.196875 -0.14783 -0.21875
-0.186733 0.196875 -0.147474 -0.196875
-0.303404 0.196875 -0.134336 -0.196875
-0.301162 0.21875 -0.131363 -0.196875
-0.0940937 0.196875 -0.127819 -0.196875
0.0283693 0.153125 -0.118741 -0.153125
0.12045 0.21875 -0.12043 -0.196875
-0.076902 0.04375 -0.112224 -0.21875
-0.117821 0.196875 -0.1049 -0.240625
-0.275487 0.240625 -0.0966948 -0.21875
-0.229634 0.240625 -0.0911152 -0.196875
-0.183782 0.240625 -0.0855263 -0.196875
0.1422 0.2625 -0.0840078 -0.153125
0.0611443 -0.065625 -0.0822078 -0.153125
-0.00668259 -0.0875 -0.0827244 -0.153125
-0.207959 0.13125 -0.0806337 -0.04375
-0.205718 0.240625 -0.0794059 -0.13125
-0.203476 0.240625 -0.0790504 -0.13125
-0.0831798 0.21875 -0.0752152 0.13125
0.0418998 0.196875 -0.0821281 0.13125
0.206666 -0.196875 -0.0846893 -0.13125
-0.0672965 0.196875 -0.0849152 -0.13125
-0.342567 0.175 -0.0865948 -0.240625
-0.342942 0.30625 -0.085667 0.109375
-0.297089 0.2625 -0.0844393 -0.13125
-0.133632 0.30625 -0.0858281 0.109375
-0.012477 0.240625 -0.0904244 -0.0875
-0.0512298 0.21875 -0.0891967 -0.109375
-0.211062 0.240625 -0.0879689 0.065625
-0.416264 0.240625 -0.0844244 0.065625
-0.447021 0.153125 -0.0823244 -0.109375
-0.257107 0.30625 -0.0793522 0.04375
-0.124032 0.284375 -0.0781244 0.021875
-0.0491048 0.284375 -0.0763244 0.021875
-0.0904743 0.284375 -0.0730615 -0.109375
-0.278522 0.284375 -0.069217 -0.021875
-0.411039 0.39375 -0.0668263 -0.109375
-0.443105 0.35 -0.0595022 -0.0875
-0.327184 0.196875 -0.0582744 -0.0875
-0.118357 0.415625 -0.0640244 -0.21875
-0.0870409 0.328125 -0.0662856 0.0875
-0.271164 0.328125 -0.0688467 -0.13125
-0.403681 0.284375 -0.0711078 -0.04375
-0.435746 0.371875 -0.0669726 -0.13125
-0.363436 0.35 -0.0747578 -0.065625
-0.202596 0.4375 -0.072367 -0.0875
-0.156743 0.39375 -0.0746281 -0.175
-0.154501 0.196875 -0.0827133 -0.065625
-0.316092 0.196875 -0.0785781 -0.0875
-0.432763 0.2625 -0.08898 -0.153125
-0.406681 0.39375 -0.0886244 -0.04375
-0.319384 0.328125 -0.0908856 -0.175
-0.202154 0.35 -0.0931467 -0.065625
-0.11269 0.48125 -0.0942448 -0.175
-0.198979 0.328125 -0.0985411 -0.065625
-0.361878 0.328125 -0.098767 0.0875
-0.436246 0.30625 -0.103363 -0.04375
-0.408856 0.415625 -0.108241 -0.109375
-0.322009 0.415625 -0.104978 -0.109375
-0.116248 0.39375 -0.105495 -0.13125
-0.202537 0.328125 -0.116769 -0.0875
-0.275597 0.35 -0.113806 -0.13125
-0.407664 0.415625 -0.121019 -0.109375
-0.570563 0.371875 -0.122136 -0.109375
-0.413647 0.6125 -0.122952 -0.153125
-0.324184 0.459375 -0.120861 -0.240625
-0.117115 0.546875 -0.132436 -0.13125
-0.202954 0.2625 -0.133252 -0.196875
-0.406847 0.2625 -0.133497 -0.153125
-0.437605 0.56875 -0.13693 -0.2625
-0.525202 0.525 -0.137747 -0.109375
-0.36567 0.56875 -0.140599 -0.0875
-0.159909 0.48125 -0.141124 -0.153125
-0.0845326 0.459375 -0.143686 -0.21875
-0.110057 0.240625 -0.144802 -0.065625
-0.430246 0.415625 -0.152015 0.109375
-0.515227 0.415625 -0.149924 -0.13125
-0.312084 0.6125 -0.155102 -0.35
-0.192237 0.4375 -0.155919 -0.39375
-0.0283298 0.65625 -0.160224 -0.0875
-0.141076 0.30625 -0.16453 -0.21875
-0.34497 -0.021875 -0.167091 -0.065625
-0.507869 0.4375 -0.16878 -0.328125
-0.393256 0.48125 -0.172213 -0.371875
-0.260181 0.4375 -0.170413 -0.153125
-0.141643 0.39375 -0.172684 -0.175
-0.09534 0.6125 -0.183386 -0.35
-0.299234 0.634375 -0.17955 -0.13125
-0.507052 0.415625 -0.184147 -0.2625
-0.582729 0.459375 -0.179439 -0.284375
-0.424505 0.459375 -0.178221 -0.065625
-0.103757 0.4375 -0.186306 -0.284375
-0.102373 0.415625 -0.195263 -0.21875
-0.349878 0.39375 -0.1923 -0.284375
-0.470474 0.415625 -0.19835 -0.30625
-0.723212 0.48125 -0.189282 -0.30625
-0.480383 0.525 -0.201147 -0.21875
-0.483374 0.56875 -0.207197 -0.284375
-0.323842 0.546875 -0.207141 -0.328125
-0.281464 0.546875 -0.210284 -0.240625
-0.444363 0.525 -0.201797 -0.371875
-0.535885 0.546875 -0.2093 -0.415625
-0.746321 0.6125 -0.215641 -0.30625
-0.782311 0.634375 -0.215295 -0.21875
-0.466796 0.74375 -0.215239 -0.459375
-0.305956 0.65625 -0.210813 -0.30625
-0.305881 0.503125 -0.220643 -0.30625
-0.513699 0.503125 -0.21768 -0.04375
-1.00165 0.7 -0.226928 -0.21875
-0.777279 0.875 -0.223384 -0.240625
-0.649437 0.853125 -0.22013 0.0875
-0.460831 0.875 -0.236056 -0.459375
-0.329064 0.7875 -0.240361 -0.328125
-0.651421 0.721875 -0.24205 -0.328125
-0.906775 0.74375 -0.24025 -0.2625
-0.871389 0.875 -0.231763 -0.48125
-0.598177 0.9625 -0.245073 -0.04375
-0.438645 0.83125 -0.239202 -0.328125
-0.322723 0.7 -0.250195 -0.30625
-0.646838 0.634375 -0.2545 -0.21875
-0.652446 0.83125 -0.246876 -0.503125
-0.686679 1.00625 -0.253217 0.0875
-0.692287 0.809375 -0.258686 -0.2625
-0.534063 0.875 -0.260956 -0.328125
-0.505364 0.765625 -0.265252 -0.415625
-0.302221 0.765625 -0.262289 -0.30625
-0.536496 0.678125 -0.266595 -0.328125
-0.672938 0.765625 -0.266239 -0.175
-0.75254 0.809375 -0.266184 -0.284375
-0.755082 0.7875 -0.269036 -0.328125
-0.362957 0.875 -0.274786 -0.284375
-0.200808 0.83125 -0.271823 -0.196875
-0.230257 0.39375 -0.275256 -0.284375
-0.685205 0.721875 -0.281587 0.21875
-0.764807 0.765625 -0.277752 -0.0875
-0.814026 0.809375 -0.27508 0.153125
-0.403439 0.809375 -0.280249 -0.35
-0.211766 0.853125 -0.285426 0.04375
-0.122302 0.678125 -0.285371 -0.371875
-0.605016 0.6125 -0.283843 -0.328125
-0.770532 0.678125 -0.282006 -0.284375
-0.658535 0.765625 -0.280178 -0.284375
-0.573446 0.765625 -0.274561 -0.30625
-0.25139 0.875 -0.272434 -0.284375
-0.335062 0.678125 -0.273223 -0.328125
-0.334129 0.590625 -0.272258 -0.30625
-0.538022 0.459375 -0.271002 -0.284375
-0.615008 0.6125 -0.261324 -0.35
-0.499086 0.6125 -0.258615 -0.30625
-0.544381 0.83125 -0.254743 -0.30625
-0.248782 0.809375 -0.252915 0.153125
-0.0840159 0.39375 -0.249334 -0.30625
-0.125835 0.525 -0.244589 -0.2625
-0.489636 0.48125 -0.2381 -0.328125
-0.536239 0.153125 -0.225806 -0.2625
-0.610608 0.65625 -0.223969 -0.153125
-0.332162 0.503125 -0.214863 -0.175
-0.00487241 0.6125 -0.210119 -0.175
0.0885165 0.371875 -0.205674 -0.240625
-0.22644 0.328125 -0.201221 -0.2625
-0.431642 0.35 -0.187463 -0.196875
-0.519239 0.65625 -0.180393 -0.021875
-0.313479 0.65625 -0.169543 -0.021875
0.0120526 0.48125 -0.162482 -0.21875
0.267966 0.2625 -0.158319 -0.21875
0.0270026 0.21875 -0.148341 -0.21875
-0.172966 0.30625 -0.14098 -0.240625
-0.199798 0.371875 -0.127804 0.109375
-0.167174 0.39375 -0.117536 -0.30625
-0.116088 0.13125 -0.119197 -0.175
0.168899 -0.21875 -0.111545 -0.21875
0.264904 -0.2625 -0.119011 -0.2625
0.186466 -0.21875 -0.11921 -0.0875
0.00234241 -0.065625 -0.117954 -0.2625
-0.126249 0.04375 -0.118443 -0.04375
-0.197143 -0.196875 -0.119804 -0.109375
-0.0310687 0.065625 -0.123782 -0.30625
0.0503998 0.109375 -0.125724 -0.021875
0.26401 0.0875 -0.138143 -0.021875
0.111578 0.240625 -0.142993 -0.153125
-0.163693 0.0875 -0.143482 -0.240625
-0.162759 0.109375 -0.143099 -0.2625
-0.0429131 0.021875 -0.147076 -0.196875
0.0055563 0 -0.148437 -0.21875
0.129328 0 -0.148926 -0.328125
0.0892665 0.065625 -0.154939 0.175
-0.0974733 -0.04375 -0.148741 -0.196875
-0.228682 0.04375 -0.15301 -0.240625
-0.228198 0.04375 -0.150882 -0.284375
-0.183654 0.0875 -0.148463 -0.459375
-0.0638076 0.240625 -0.153604 -0.2625
0.0269646 0.065625 -0.155547 -0.284375
-0.173004 -0.109375 -0.15778 -0.56875
-0.289675 0.0875 -0.155652 0.021875
-0.407655 0.35 -0.155269 -0.284375
-0.409338 0.2625 -0.157502 -0.021875
-0.220732 0.328125 -0.157691 0.065625
-0.132576 0.4375 -0.162541 -0.196875
-0.218865 0.175 -0.155761 -0.39375
-0.380456 0.634375 -0.154506 0
-0.412521 0.328125 -0.162263 -0.35
-0.504494 0.459375 -0.154611 0.021875
-0.463874 0.546875 -0.154228 -0.2625
-0.347953 0.546875 -0.161113 -0.284375
-0.306025 0.415625 -0.165091 0.021875
-0.307709 0.525 -0.156567 -0.2625
-0.515527 0.4375 -0.1585 0.065625
-0.563438 0.56875 -0.162769 0.065625
-0.685343 0.56875 -0.150465 0.021875
-0.648648 0.590625 -0.16113 -0.2625
-0.416431 0.765625 -0.159584 -0.2625
-0.375811 0.721875 -0.160073 -0.0875
-0.376186 0.6125 -0.159389 -0.284375
-0.614387 0.56875 -0.150574 -0.30625
-0.753446 0.984375 -0.159495 0.0875
-0.671832 0.809375 -0.15475 0
-0.514916 0.940625 -0.157856 -0.153125
-0.473438 0.721875 -0.161534 0.04375
-0.446047 0.809375 -0.163767 -0.2625
-0.610255 0.65625 -0.159895 -0.021875
-0.68724 0.83125 -0.164163 0.04375
-0.650546 0.765625 -0.1597 -0.30625
-0.625771 0.83125 -0.155537 0.065625
-0.49793 0.765625 -0.162423 -0.021875
-0.470539 0.83125 -0.160867 0
-0.547524 0.721875 -0.166008 -0.021875
-0.551824 0.875 -0.162689 -0.021875
-0.556124 0.74375 -0.159661 -0.284375
-0.678479 0.7875 -0.163602 -0.021875
-0.565174 0.765625 -0.161447 0.0875
-0.523246 0.678125 -0.15086 -0.30625
-0.450936 0.634375 -0.15451 -0.04375
-0.45262 0.7875 -0.159623 0.04375
-0.660888 0.721875 -0.16648 -0.2625
-0.577966 0.7875 -0.154139 -0.2625
-0.580958 0.721875 -0.156345 -0.2625
-0.421425 0.721875 -0.153899 -0.2625
-0.347807 0.7875 -0.165108 -0.240625
-0.581224 0.634375 -0.156556 -0.065625
-0.629135 0.7875 -0.164286 -0.328125
-0.587208 0.765625 -0.163574 -0.21875
-0.384064 0.678125 -0.162291 -0.240625
-0.426742 0.56875 -0.166241 -0.065625
-0.42495 0.7 -0.162041 -0.021875
-0.425325 0.590625 -0.162502 -0.0875
-0.382089 0.65625 -0.166152 -0.021875
-0.470995 0.56875 -0.166032 -0.109375
-0.514981 0.6125 -0.165621 -0.109375
-0.383664 0.6125 -0.160258 -0.284375
-0.221515 0.590625 -0.165371 -0.065625
-0.261576 0.503125 -0.161752 -0.109375
-0.375631 0.48125 -0.165993 -0.13125
-0.463228 0.525 -0.16441 -0.240625
-0.376831 0.503125 -0.164871 -0.35
-0.374589 0.48125 -0.163287 -0.240625
-0.21244 0.48125 -0.164039 -0.13125
-0.134896 0.459375 -0.162165 -0.240625
-0.176266 0.39375 -0.163789 -0.2625
-0.33524 0.415625 -0.158717 -0.153125
-0.291146 0.4375 -0.162086 -0.240625
-0.245293 0.35 -0.15963 -0.21875
-0.198132 0.415625 -0.160091 -0.153125
-0.120588 0.30625 -0.153856 -0.175
-0.11573 0.2625 -0.153736 -0.13125
-0.109563 0.328125 -0.153897 -0.196875
-0.180457 0.196875 -0.149997 -0.196875
-0.265437 0.21875 -0.145797 -0.21875
-0.146899 0.371875 -0.147421 -0.196875
-0.0984298 0.328125 -0.139441 -0.153125
-0.00765759 0.328125 -0.139021 -0.175
-0.045102 0.065625 -0.136865 -0.2625
-0.041552 -0.021875 -0.128886 -0.2625
-0.0833715 0.240625 -0.124404 -0.21875
-0.152507 0.2625 -0.121076 -0.2625
-0.119883 0.2625 -0.116876 -0.196875
0.0184257 0.2625 -0.114721 -0.240625
0.0232841 -0.109375 -0.112556 -0.21875
0.0281424 -0.065625 -0.10226 -0.153125
-0.0991409 -0.196875 -0.101549 -0.2625
-0.0986576 0.109375 -0.0976393 -0.13125
-0.0951076 0.153125 -0.0899596 -0.196875
-0.0479465 0.175 -0.0895393 -0.13125
-0.0443965 0.175 -0.0798152 -0.21875
-0.113532 0.196875 -0.075043 -0.21875
-0.0809076 0.175 -0.070843 -0.175
-0.10774 -0.196875 -0.0640263 -0.175
-0.103332 0.21875 -0.0572096 -0.13125
-0.144701 0.175 -0.0541819 -0.153125
-0.186071 0.21875 -0.0482374 -0.109375
-0.0239215 0.21875 -0.0440374 -0.0875
-0.0190631 -0.196875 -0.03693 -0.175
-0.133118 -0.065625 -0.03303 -0.0875
-0.133493 0.196875 -0.02883 0.13125
-0.219782 0.240625 -0.0208504 0.13125
-0.290675 -0.0875 -0.0166504 0.284375
-0.172137 0.240625 -0.0127504 0.13125
-0.169896 0.240625 -0.0146559 0.153125
-0.166346 0.065625 -0.00754852 -0.13125
-0.123109 0.065625 -0.00800037 0.13125
-0.165787 -0.04375 -0.000320741 -0.196875
-0.283767 0.48125 -0.0022263 -0.30625
-0.284142 0.13125 0.00284593 0.109375
-0.284517 0.109375 0.0061737 -0.21875
-0.241731 0.39375 0.00514037 0.284375
-0.284409 0.328125 0.00875889 -0.065625
-0.329703 0.35 0.0103422 -0.196875
-0.330078 0.30625 0.0130978 -0.0875
-0.28815 0.0875 0.0141089 -0.13125
-0.448433 0.503125 0.0125033 0.13125
-0.451424 0.546875 0.0204922 -0.196875
-0.380872 0.21875 0.0197589 -0.240625
-0.382556 0.48125 0.0225144 -0.04375
-0.385547 0.21875 0.0255607 0.48125
-0.416305 0.590625 0.02162 0.065625
-0.462908 0.503125 0.0269922 0.021875
-0.553121 0.2625 0.0343996 0.065625
-0.512502 0.371875 0.0336663 -0.284375
-0.515494 0.721875 0.0364219 0.13125
-0.475324 0.7875 0.0365607 0.284375
-0.478316 0.765625 0.0422237 -0.13125
-0.482616 0.590625 0.0368385 0.065625
-0.57283 0.634375 0.0378496 0.0875
-0.57713 0.7 0.0376978 -0.21875
-0.537819 0.74375 0.0413256 0.065625
-0.453588 0.678125 0.0405922 -0.109375
-0.457888 0.678125 0.0488719 -0.04375
-0.548552 0.7 0.0507552 0.284375
-0.625537 0.678125 0.0535107 -0.13125
-0.602071 0.7875 0.0591737 -0.021875
-0.517841 0.721875 0.0500089 0
-0.475913 0.74375 0.0591607 0.284375
-0.566127 0.721875 0.0537756 0.021875
-0.614038 0.765625 0.0582756 0.04375
-0.691023 0.83125 0.0610311 0.39375
-0.62133 0.853125 0.0666941 0.04375
-0.49218 0.809375 0.066833 0.021875
-0.463931 0.765625 0.0669719 0.284375
-0.468231 0.7 0.067983 -0.109375
-0.661512 0.7 0.0669589 0.525
-0.636738 0.65625 0.0743663 -0.065625
-0.553816 0.7875 0.0715978 0.153125
-0.59911 0.765625 0.0790052 0.328125
-0.513571 0.853125 0.0803163 -0.0875
-0.515255 0.7 0.0731867 0.459375
-0.487864 1.02812 0.0776867 -0.065625
-0.562233 0.940625 0.0778256 -0.109375
-0.608835 0.284375 0.0843607 -0.04375
-0.568216 0.765625 0.0853719 0.30625
-0.526738 0.721875 0.0846385 0.04375
-0.455736 0.678125 0.08217 0.196875
-0.4125 0.74375 0.0852163 0.284375
-0.500097 0.65625 0.0807033 0.284375
-0.574466 0.809375 0.0825867 0
-0.577458 0.30625 0.0835978 0.415625
-0.505147 0.7875 0.0837367 -0.065625
-0.4183 0.634375 0.0841756 0.328125
-0.418675 0.765625 0.0834422 0.240625
-0.374131 0.634375 0.0893959 0.2625
-0.419425 0.634375 0.0793589 0.525
-0.46472 0.4375 0.0829867 0.04375
-0.507397 0.6125 0.0790644 0.371875
-0.421859 0.56875 0.0899607 0.065625
-0.34824 0.525 0.0866107 0.30625
-0.345998 0.853125 0.0858774 -0.13125
-0.374589 0.503125 0.0819552 0.13125
-0.418575 0.525 0.0783144 0.284375
-0.504864 0.503125 0.0749644 -0.065625
-0.416709 0.765625 0.0829626 0.30625
-0.251943 0.48125 0.0703089 0.04375
-0.177016 0.590625 0.0742274 -0.065625
-0.292379 0.415625 0.0801811 0.2625
-0.364131 0.4375 0.0666644 0.2625
-0.406809 0.415625 0.0717459 0.04375
-0.203665 0.525 0.0654885 -0.196875
-0.245034 0.371875 0.0595311 0.328125
-0.196565 0.39375 0.0637404 0.021875
-0.282854 0.240625 0.0592274 0
-0.325532 0.240625 0.0526885 0.30625
-0.397284 0.30625 0.0528274 0.328125
-0.281362 0.328125 0.0564644 0.021875
-0.236818 0.415625 0.0542867 -0.109375
-0.188348 0.459375 0.04952 0.30625
-0.186107 0.30625 0.0461978 0
-0.229234 0.328125 0.0440478 0
-0.271912 0.39375 0.0415978 -0.04375
-0.315898 0.371875 0.0394478 -0.0875
-0.271354 0.35 0.0352626 0.240625
-0.224193 0.4375 0.0264163 0.284375
-0.17834 0.459375 0.0309533 0.2625
-0.262012 0.30625 0.0258867 0.109375
-0.379992 0.2625 0.0161774 0.284375
-0.379059 0.415625 0.0224589 0.021875
-0.49618 0.30625 0.0115774 0.2625
-0.37895 0.371875 0.0178589 -0.021875
-0.260412 0.39375 0.0145367 0.2625
-0.214559 0.48125 0.0106422 -0.0875
-0.257237 0.39375 0.00762 0.021875
-0.3726 0.415625 0.00429778 0
-0.461506 0.459375 0.00389222 -0.04375
-0.419578 0.525 0.00261444 -0.021875
-0.375034 0.546875 -0.000707778 -0.175
-0.331797 0.48125 -0.00285778 -0.13125
-0.30224 0.48125 -0.00588 -0.109375
-0.331689 0.503125 -0.00803 0.021875
-0.538199 0.525 -0.00873556 -0.0875
-0.468506 0.56875 -0.00914111 -0.109375
-0.426578 0.525 -0.0104189 0
-0.382034 0.678125 -0.0137411 0.2625
-0.311032 0.503125 -0.0150189 0.021875
-0.472622 0.6125 -0.0162967 0.240625
-0.548299 0.525 -0.0167022 0.021875
-0.50768 0.6125 -0.0174078 0.284375
-0.481597 0.809375 -0.0178133 0.021875
-0.39475 0.83125 -0.0199633 0.2625
-0.51273 0.7 -0.0212411 0.21875
-0.51703 0.809375 -0.0207744 -0.196875
-0.561466 0.65625 -0.0232244 -0.0875
-0.565766 0.721875 -0.0227578 -0.065625
-0.685054 0.678125 -0.0231633 0.065625
-0.66028 1.07187 -0.0226967 -0.2625
-0.413525 0.765625 -0.0248467 -0.13125
-0.502431 0.2625 -0.0255522 -0.21875
-0.576799 0.809375 -0.02683 0.065625
-0.784618 0.721875 -0.0263633 -0.065625
-0.67393 0.74375 -0.0250244 0.021875
-0.588391 1.07187 -0.0263022 0.021875
-0.516081 0.853125 -0.0284522 0.21875
-0.591758 0.83125 -0.0288578 -0.284375
-0.593441 0.765625 -0.0304356 -0.065625
-0.596433 0.74375 -0.0308411 -0.196875
-0.644344 0.7875 -0.0341541 0.021875
-0.647335 0.853125 -0.0299078 -0.109375
-0.561796 0.896875 -0.0311856 -0.175
-0.490795 0.896875 -0.0324633 0.021875
-0.563855 0.765625 -0.0346133 0.153125
-0.566846 0.30625 -0.0417059 -0.284375
-0.613449 0.371875 -0.0345522 -0.065625
-0.543756 0.7875 -0.0349578 -0.04375
-0.545439 0.7875 -0.0362356 -0.21875
-0.547122 0.721875 -0.0357689 -0.065625
-0.579188 0.984375 -0.0364744 -0.21875
-0.579563 0.74375 -0.0386244 -0.13125
-0.579938 0.74375 -0.0399022 -0.109375
-0.552547 0.7875 -0.0403078 0.021875
-0.51062 0.721875 -0.0418856 0.021875
-0.468692 0.721875 -0.0422911 0.021875
-0.515295 0.721875 -0.0426967 0.021875
-0.633274 0.7 -0.0460096 -0.328125
-0.724796 0.74375 -0.0429356 -0.0875
-0.595646 0.7875 -0.0482837 -0.21875
-0.478417 0.721875 -0.0466541 -0.21875
-0.432564 0.74375 -0.0543281 -0.065625
-0.520161 0.634375 -0.0573504 0.04375
-0.566764 0.7 -0.0554393 -0.04375
-0.567139 0.7875 -0.0555541 -0.21875
-0.597896 0.74375 -0.0579948 -0.13125
-0.40929 0.74375 -0.0517133 -0.0875
-0.438739 0.65625 -0.0558985 -0.13125
-0.322818 0.415625 -0.0542689 -0.196875
-0.439489 0.634375 -0.0549744 0.196875
-0.528395 0.765625 -0.05538 -0.04375
-0.530078 0.48125 -0.0604374 0.021875
-0.486392 0.678125 -0.0570633 0
-0.367854 0.721875 -0.0647374 -0.13125
-0.323309 0.459375 -0.0660152 -0.13125
-0.439981 0.590625 -0.0655485 -0.021875
-0.527578 0.65625 -0.0685707 -0.13125
-0.571564 0.6125 -0.0651967 -0.284375
-0.486025 0.65625 -0.06503 0.04375
-0.368796 0.65625 -0.06718 -0.13125
-0.366554 0.65625 -0.0702022 -0.2625
-0.365621 0.65625 -0.0723522 -0.065625
-0.4836 0.590625 -0.0727578 -0.021875
-0.527586 0.6125 -0.0731633 -0.13125
-0.52927 0.65625 -0.0782207 -0.21875
-0.441114 0.6125 -0.0832781 0.021875
-0.410657 0.6125 -0.0807763 0.04375
-0.318576 0.65625 -0.0936837 -0.240625
-0.361254 0.634375 -0.093217 -0.175
-0.433006 0.678125 -0.0860633 -0.109375
-0.4783 0.6125 -0.0864689 -0.021875
-0.477367 0.65625 -0.0886189 -0.21875
-0.360137 0.590625 -0.0974559 -0.196875
-0.401507 0.590625 -0.100478 0.04375
-0.240666 0.56875 -0.0950689 -0.04375
-0.356029 0.721875 -0.0972189 0.04375
-0.427781 0.39375 -0.0984967 -0.021875
-0.471317 0.56875 -0.0997744 -0.153125
-0.428081 0.525 -0.101052 0.021875
-0.354462 0.503125 -0.112506 -0.04375
-0.350912 0.0875 -0.115528 0
-0.347362 0.590625 -0.109247 -0.021875
-0.39004 0.525 -0.111097 0.021875
-0.4631 0.546875 -0.117026 -0.196875
-0.460859 0.56875 -0.121211 0
-0.345796 0.56875 -0.115793 -0.21875
-0.387165 0.48125 -0.117324 -0.065625
-0.415306 0.48125 -0.121482 0
-0.342996 0.56875 -0.12186 -0.04375
-0.416056 0.546875 -0.123982 -0.021875
-0.547264 0.721875 -0.118836 -0.04375
-0.548947 0.590625 -0.118913 0.021875
-0.418489 0.6125 -0.125106 -0.21875
-0.417556 0.590625 -0.120541 0
-0.461542 0.56875 -0.121791 0
-0.461917 0.6125 -0.121869 -0.04375
-0.507211 0.634375 -0.122247 -0.196875
-0.625191 0.6125 -0.122624 -0.04375
-0.554189 0.678125 -0.12213 0
-0.510953 0.634375 -0.12308 -0.2625
-0.467717 0.678125 -0.12433 -0.021875
-0.468092 0.678125 -0.12558 0
-0.553931 0.590625 -0.127702 -0.021875
-0.513311 0.65625 -0.126908 -0.21875
-0.514995 0.6125 -0.127286 -0.021875
-0.400382 0.6125 -0.127663 0
-0.561972 0.634375 -0.127741 -0.04375
-0.518736 0.721875 -0.128991 0.021875
-0.433197 0.721875 -0.129369 0
-0.475875 0.65625 -0.131191 0
-0.564781 0.65625 -0.130697 -0.021875
-0.595538 0.546875 -0.131074 0.13125
-0.525395 0.7 -0.13028 0
-0.48085 0.721875 -0.132402 -0.30625
-0.436306 0.6125 -0.134224 -0.2625
-0.525211 0.74375 -0.134602 -0.21875
-0.570506 0.721875 -0.13498 0
-0.646183 0.875 -0.134186 0
-0.573872 0.7875 -0.135436 -0.065625
-0.487025 0.74375 -0.136386 -0.21875
-0.486092 0.678125 -0.138508 -0.021875
-0.530936 0.415625 -0.138886 -0.35
-0.53262 0.721875 -0.138963 0.021875
-0.490692 0.765625 -0.138469 0
