angle_1_e angle_1_t d_theta_1_t angle_2_e angle_2_t d_theta_2_t
-0.88669 -0.920485 0 2.28316 2.27664 0
-0.88637 -0.920456 0 2.28308 2.27662 0
-0.88605 -0.920339 0.0232593 2.283 2.2765 0
-0.88573 -0.920107 0.133741 2.28292 2.27627 0
-0.88541 -0.919787 0.165722 2.28283 2.27595 0
-0.88509 -0.919554 0.133741 2.28275 2.27571 0
-0.88477 -0.919496 0.0377963 2.28267 2.27566 0
-0.88445 -0.919409 0 2.28259 2.27557 0
-0.88413 -0.919264 0.0785 2.28251 2.27542 0
-0.88381 -0.918711 0.188981 2.28242 2.27493 -0.0377963
-0.88349 -0.918333 0.197704 2.28234 2.27461 -0.0232593
-0.88317 -0.918043 0.0785 2.28226 2.27455 -0.0785
-0.88285 -0.917897 0.0697778 2.28218 2.27458 -0.093037
-0.88253 -0.917665 0.119204 2.28209 2.27455 -0.110481
-0.88221 -0.917228 0.215148 2.28201 2.27441 -0.133741
-0.88189 -0.916763 0.252944 2.28193 2.27426 -0.165722
-0.88157 -0.916443 0.197704 2.28184 2.27426 -0.183167
-0.88125 -0.91624 0.101759 2.28176 2.27446 -0.220963
-0.88093 -0.916066 0.093037 2.28168 2.27481 -0.238407
-0.88061 -0.915775 0.151185 2.28159 2.27502 -0.270389
-0.88029 -0.915426 0.206426 2.28151 2.27522 -0.293648
-0.87997 -0.914932 0.229685 2.28143 2.27534 -0.32563
-0.87966 -0.914554 0.197704 2.28134 2.27566 -0.348889
-0.87934 -0.914292 0.151185 2.28126 2.27603 -0.389593
-0.87902 -0.914059 0.110481 2.28118 2.27653 -0.430296
-0.8787 -0.913798 0.142463 2.28109 2.27699 -0.389593
-0.87838 -0.913391 0.206426 2.28101 2.27737 -0.407037
-0.87806 -0.912722 0.284926 2.28093 2.27763 -0.407037
-0.87774 -0.912053 0.284926 2.28084 2.27781 -0.38087
-0.87742 -0.911733 0.183167 2.28076 2.27816 -0.348889
-0.8771 -0.91153 0.119204 2.28067 2.27851 -0.343074
-0.87678 -0.911239 0.151185 2.28059 2.27883 -0.311093
-0.87646 -0.910105 0.270389 2.2805 2.27859 -0.238407
-0.87615 -0.909466 0.366333 2.28043 2.2783 -0.197704
-0.87584 -0.909001 0.284926 2.2804 2.27816 -0.174444
-0.87553 -0.90871 0.174444 2.28037 2.2781 -0.142463
-0.87522 -0.908535 0.101759 2.28033 2.27813 -0.110481
-0.87491 -0.908274 0.133741 2.2803 2.27807 -0.119204
-0.8746 -0.907808 0.229685 2.28027 2.27778 -0.093037
-0.87429 -0.907082 0.334352 2.28023 2.27723 -0.0610556
-0.87398 -0.906558 0.311093 2.2802 2.27688 -0.0872222
-0.87367 -0.906209 0.206426 2.28017 2.2767 -0.093037
-0.87336 -0.906006 0.125019 2.28014 2.2767 -0.101759
-0.87305 -0.905715 0.125019 2.2801 2.27664 -0.110481
-0.87274 -0.905279 0.183167 2.28007 2.27644 -0.093037
-0.87243 -0.904727 0.284926 2.28003 2.27606 -0.101759
-0.87212 -0.904261 0.252944 2.28 2.27583 -0.110481
-0.87181 -0.903971 0.183167 2.27997 2.27574 -0.110481
-0.8715 -0.903796 0.110481 2.27993 2.27577 -0.101759
-0.87119 -0.903593 0.110481 2.2799 2.27574 -0.101759
-0.87088 -0.903273 0.165722 2.27987 2.2756 -0.110481
-0.87057 -0.902866 0.24713 2.27983 2.27534 -0.093037
-0.87026 -0.90243 0.252944 2.2798 2.27507 -0.101759
-0.86995 -0.90211 0.197704 2.27976 2.27487 -0.0785
-0.86964 -0.901965 0.125019 2.27973 2.27487 -0.0785
-0.86933 -0.901819 0.0872222 2.2797 2.27487 -0.0697778
-0.86902 -0.901674 0.093037 2.27966 2.27487 -0.0872222
-0.86871 -0.901325 0.174444 2.27963 2.27461 -0.0610556
-0.8684 -0.900918 0.238407 2.27959 2.27432 -0.0785
-0.86809 -0.900511 0.252944 2.27956 2.27403 -0.0465185
-0.86778 -0.90022 0.165722 2.27952 2.27385 -0.0465185
-0.86747 -0.900104 0.093037 2.27949 2.27385 -0.0872222
-0.86716 -0.900017 0.0232593 2.27945 2.27388 -0.0465185
-0.86685 -0.899813 0.093037 2.27942 2.27377 -0.0785
-0.86654 -0.899464 0.183167 2.27938 2.27353 -0.0465185
-0.86623 -0.898999 0.30237 2.27935 2.27319 -0.0290741
-0.86592 -0.898621 0.220963 2.27931 2.27292 -0.0785
-0.86561 -0.898447 0.110481 2.27928 2.27287 -0.0872222
-0.8653 -0.898359 0.0465185 2.27924 2.27292 -0.0465185
-0.86499 -0.898243 0.0552407 2.27921 2.27292 -0.0465185
-0.86468 -0.897952 0.165722 2.27917 2.27272 -0.0552407
-0.86437 -0.897516 0.24713 2.27913 2.2724 -0.0610556
-0.86406 -0.897138 0.220963 2.2791 2.27217 -0.0697778
-0.86375 -0.896877 0.151185 2.27906 2.27205 -0.0697778
-0.86344 -0.896789 0.0377963 2.27903 2.27211 -0.0872222
-0.86313 -0.896644 0.0785 2.27899 2.27211 -0.093037
-0.86282 -0.896382 0.125019 2.27895 2.27199 -0.0697778
-0.86251 -0.896004 0.215148 2.27892 2.27176 -0.0872222
-0.8622 -0.895626 0.238407 2.27888 2.27153 -0.0697778
-0.86189 -0.895307 0.183167 2.27885 2.27138 -0.093037
-0.86158 -0.895161 0.0697778 2.27881 2.27144 -0.093037
-0.86127 -0.895074 0.0697778 2.27877 2.27156 -0.101759
-0.86096 -0.894871 0.093037 2.27874 2.27156 -0.119204
-0.86065 -0.894493 0.197704 2.2787 2.27138 -0.119204
-0.86034 -0.894056 0.252944 2.27866 2.27115 -0.101759
-0.86003 -0.893678 0.238407 2.27863 2.27098 -0.142463
-0.85972 -0.893446 0.142463 2.2786 2.271 -0.125019
-0.85942 -0.893359 0.0697778 2.27857 2.27118 -0.157
-0.85911 -0.893242 0.0465185 2.27854 2.27132 -0.133741
-0.8588 -0.892981 0.142463 2.27852 2.27132 -0.157
-0.85849 -0.892545 0.261667 2.27849 2.27118 -0.151185
-0.85818 -0.892079 0.279111 2.27846 2.271 -0.142463
-0.85787 -0.89176 0.215148 2.27843 2.271 -0.188981
-0.85757 -0.891614 0.0785 2.27841 2.27121 -0.197704
-0.85726 -0.891527 0.0552407 2.27838 2.27147 -0.188981
-0.85695 -0.891294 0.119204 2.27835 2.27167 -0.206426
-0.85664 -0.890887 0.206426 2.27832 2.27173 -0.206426
-0.85633 -0.890335 0.279111 2.27829 2.27156 -0.220963
-0.85602 -0.889986 0.197704 2.27826 2.2717 -0.24713
-0.85572 -0.889753 0.125019 2.27824 2.27199 -0.24713
-0.85541 -0.889666 0.0610556 2.27821 2.27237 -0.252944
-0.8551 -0.889492 0.0697778 2.27818 2.27263 -0.252944
-0.85479 -0.889114 0.188981 2.27815 2.27272 -0.261667
-0.85448 -0.88862 0.279111 2.27812 2.27269 -0.252944
-0.85417 -0.888183 0.284926 2.27809 2.27272 -0.252944
-0.85387 -0.887893 0.174444 2.27806 2.27292 -0.270389
-0.85356 -0.887806 0.0552407 2.27803 2.27333 -0.252944
-0.85325 -0.887689 0.0785 2.278 2.27362 -0.238407
-0.85294 -0.887369 0.151185 2.27798 2.27377 -0.229685
-0.85263 -0.886759 0.30237 2.27795 2.27362 -0.215148
-0.85232 -0.886177 0.293648 2.27792 2.27339 -0.220963
-0.85201 -0.885887 0.197704 2.27789 2.2735 -0.220963
-0.85171 -0.885799 0.0872222 2.27786 2.2738 -0.220963
-0.8514 -0.885712 0.0465185 2.27783 2.27412 -0.215148
-0.85109 -0.88548 0.110481 2.2778 2.27426 -0.220963
-0.85078 -0.885014 0.284926 2.27777 2.2742 -0.220963
-0.85047 -0.884433 0.334352 2.27774 2.27403 -0.238407
-0.85016 -0.883997 0.261667 2.27771 2.27403 -0.229685
-0.84986 -0.883822 0.093037 2.27768 2.27429 -0.238407
-0.84955 -0.883735 0 2.27765 2.27461 -0.215148
-0.84924 -0.883532 0.093037 2.27762 2.27478 -0.215148
-0.84893 -0.883096 0.215148 2.27759 2.2747 -0.206426
-0.84862 -0.882485 0.357611 2.27756 2.27446 -0.220963
-0.84831 -0.881991 0.32563 2.27753 2.27435 -0.174444
-0.848 -0.881671 0.157 2.2775 2.27441 -0.183167
-0.8477 -0.881613 0.0290741 2.27746 2.2747 -0.183167
-0.84739 -0.881496 0.0465185 2.27743 2.27487 -0.174444
-0.84708 -0.881177 0.165722 2.2774 2.27487 -0.151185
-0.84677 -0.880537 0.334352 2.27737 2.27458 -0.206426
-0.84646 -0.879868 0.357611 2.27734 2.27423 -0.157
-0.84615 -0.87949 0.215148 2.27731 2.27414 -0.157
-0.84585 -0.879403 0.0377963 2.27728 2.27438 -0.165722
-0.84554 -0.879374 0 2.27725 2.27467 -0.157
-0.84523 -0.879054 0.142463 2.27722 2.2747 -0.157
-0.84492 -0.878356 0.343074 2.27718 2.27432 -0.165722
-0.84461 -0.877601 0.357611 2.27715 2.27391 -0.165722
-0.8443 -0.877223 0.206426 2.27712 2.27391 -0.174444
-0.84399 -0.877193 0.0610556 2.27709 2.27423 -0.165722
-0.84369 -0.877193 0 2.27706 2.27458 -0.165722
-0.84338 -0.876903 0.151185 2.27702 2.27461 -0.174444
-0.84307 -0.876234 0.343074 2.27699 2.27423 -0.165722
-0.84276 -0.875594 0.398315 2.27696 2.27391 -0.165722
-0.84245 -0.875216 0.215148 2.27693 2.2738 -0.157
-0.84214 -0.875158 0.0377963 2.2769 2.27403 -0.165722
-0.84183 -0.875158 0 2.27686 2.27429 -0.142463
-0.84153 -0.875013 0 2.27683 2.27438 -0.125019
-0.84122 -0.874519 0.252944 2.27683 2.27412 -0.125019
-0.84092 -0.873879 0.366333 2.27682 2.27368 -0.119204
-0.84061 -0.873298 0.334352 2.27682 2.27333 -0.110481
-0.84031 -0.873123 0.125019 2.27681 2.27339 -0.119204
-0.84 -0.873123 0 2.27681 2.27362 -0.133741
-0.8397 -0.873123 0 2.2768 2.27388 -0.125019
-0.83939 -0.872803 0.157 2.2768 2.2738 -0.119204
-0.83909 -0.872193 0.316907 2.27679 2.27339 -0.110481
-0.83878 -0.871582 0.375056 2.27679 2.27298 -0.119204
-0.83848 -0.871204 0.229685 2.27678 2.27289 -0.125019
-0.83818 -0.871117 0.0290741 2.27678 2.27304 -0.133741
-0.83787 -0.871146 0 2.27677 2.27336 -0.125019
-0.83757 -0.87103 0 2.27677 2.2735 -0.125019
-0.83726 -0.87039 0.284926 2.27676 2.2731 -0.093037
-0.83696 -0.869518 0.389593 2.27676 2.27243 -0.119204
-0.83665 -0.868995 0.357611 2.27675 2.27214 -0.125019
-0.83635 -0.868878 0.0785 2.27675 2.27225 -0.125019
-0.83604 -0.868995 -0.0465185 2.27674 2.2726 -0.142463
-0.83574 -0.869024 -0.00581481 2.27673 2.27287 -0.133741
-0.83543 -0.868588 0.206426 2.27673 2.27269 -0.133741
-0.83513 -0.867861 0.375056 2.27672 2.2722 -0.125019
-0.83482 -0.867308 0.357611 2.27671 2.27188 -0.119204
-0.83452 -0.867076 0.151185 2.27671 2.27191 -0.142463
-0.83421 -0.867076 0 2.2767 2.27225 -0.142463
-0.83391 -0.867105 -0.00581481 2.2767 2.27257 -0.165722
-0.8336 -0.866727 0.183167 2.27669 2.27249 -0.157
-0.8333 -0.866087 0.334352 2.27668 2.27217 -0.165722
-0.83299 -0.865506 0.334352 2.27668 2.27191 -0.174444
-0.83269 -0.865244 0.183167 2.27667 2.27196 -0.165722
-0.83238 -0.865215 0 2.27666 2.27228 -0.197704
-0.83208 -0.865215 0 2.27665 2.27266 -0.197704
-0.83177 -0.865011 0.119204 2.27665 2.27281 -0.206426
-0.83147 -0.864488 0.279111 2.27664 2.27263 -0.197704
-0.83116 -0.863878 0.366333 2.27663 2.27237 -0.206426
-0.83086 -0.8635 0.252944 2.27663 2.27231 -0.206426
-0.83055 -0.863354 0.093037 2.27662 2.27255 -0.197704
-0.83025 -0.863325 0 2.27661 2.27292 -0.215148
-0.82994 -0.863296 0 2.2766 2.2733 -0.215148
-0.82964 -0.862976 0.183167 2.2766 2.27333 -0.220963
-0.82933 -0.862395 0.311093 2.27659 2.27316 -0.220963
-0.82903 -0.861842 0.348889 2.27658 2.27301 -0.220963
-0.82872 -0.861493 0.220963 2.27657 2.27307 -0.229685
-0.82842 -0.861406 0.0552407 2.27656 2.27339 -0.252944
-0.82811 -0.861406 0 2.27656 2.27382 -0.252944
-0.82781 -0.861261 0.0785 2.27655 2.27417 -0.252944
-0.8275 -0.860796 0.24713 2.27654 2.27414 -0.252944
-0.8272 -0.860069 0.343074 2.27653 2.27394 -0.24713
-0.82689 -0.859604 0.279111 2.27652 2.27394 -0.252944
-0.82658 -0.8594 0.133741 2.27651 2.27423 -0.252944
-0.82628 -0.859371 0 2.2765 2.2747 -0.284926
-0.82597 -0.859313 0 2.2765 2.27516 -0.293648
-0.82567 -0.858964 0.174444 2.27649 2.27531 -0.293648
-0.82536 -0.858295 0.316907 2.27648 2.27522 -0.293648
-0.82506 -0.857685 0.357611 2.27647 2.27513 -0.316907
-0.82475 -0.857336 0.220963 2.27646 2.27539 -0.311093
-0.82445 -0.857278 0.0377963 2.27645 2.27589 -0.316907
-0.82414 -0.857278 0 2.27644 2.2765 -0.343074
-0.82384 -0.857074 0.101759 2.27643 2.27679 -0.284926
-0.82353 -0.856551 0.261667 2.27642 2.27676 -0.279111
-0.82322 -0.855853 0.375056 2.27641 2.27656 -0.252944
-0.82292 -0.855388 0.279111 2.2764 2.27647 -0.206426
-0.82261 -0.855155 0.133741 2.27639 2.27656 -0.206426
-0.82231 -0.855068 0.0465185 2.27638 2.27679 -0.165722
-0.822 -0.854981 0.0552407 2.27637 2.27694 -0.151185
-0.8217 -0.85469 0.174444 2.27636 2.27682 -0.101759
-0.82139 -0.854138 0.293648 2.27635 2.27644 -0.101759
-0.82109 -0.853527 0.32563 2.27634 2.27601 -0.110481
-0.82078 -0.853091 0.229685 2.27633 2.27571 -0.0872222
-0.82047 -0.852917 0.119204 2.27632 2.27571 -0.093037
-0.82017 -0.852858 0 2.27631 2.2758 -0.093037
-0.81986 -0.852684 0.0697778 2.2763 2.2758 -0.0785
-0.81956 -0.852306 0.183167 2.27629 2.27557 -0.0872222
-0.81925 -0.851754 0.32563 2.27628 2.27516 -0.0872222
-0.81895 -0.85123 0.284926 2.27627 2.27484 -0.110481
-0.81864 -0.850969 0.183167 2.27626 2.27476 -0.0872222
-0.81833 -0.85094 0.014537 2.27625 2.2749 -0.110481
-0.81803 -0.85094 0 2.27625 2.27516 -0.133741
-0.81773 -0.850678 0.119204 2.27625 2.27507 -0.110481
-0.81742 -0.850096 0.284926 2.27625 2.2747 -0.110481
-0.81712 -0.849573 0.293648 2.27625 2.27438 -0.110481
-0.81681 -0.849253 0.188981 2.27625 2.27426 -0.110481
-0.81651 -0.849224 0.0377963 2.27624 2.27446 -0.125019
-0.8162 -0.849224 0 2.27624 2.27467 -0.110481
-0.8159 -0.84905 0.0872222 2.27624 2.27467 -0.119204
-0.81559 -0.848614 0.229685 2.27624 2.27444 -0.101759
-0.81529 -0.848148 0.279111 2.27624 2.27414 -0.093037
-0.81498 -0.8478 0.215148 2.27624 2.27394 -0.110481
-0.81468 -0.847683 0.0785 2.27623 2.27403 -0.093037
-0.81437 -0.847654 0.0232593 2.27623 2.27417 -0.101759
-0.81407 -0.847509 0.0872222 2.27623 2.27417 -0.0872222
-0.81376 -0.847247 0.142463 2.27623 2.27406 -0.0872222
-0.81346 -0.846869 0.215148 2.27623 2.27382 -0.0697778
-0.81315 -0.846491 0.229685 2.27622 2.27359 -0.0697778
-0.81285 -0.84623 0.157 2.27622 2.27348 -0.093037
-0.81254 -0.846084 0.093037 2.27622 2.27348 -0.0872222
-0.81224 -0.845997 0.0232593 2.27622 2.27356 -0.101759
-0.81193 -0.845852 0.0610556 2.27621 2.27356 -0.0785
-0.81163 -0.845561 0.165722 2.27621 2.27339 -0.0872222
-0.81132 -0.845154 0.238407 2.27621 2.27316 -0.093037
-0.81102 -0.844747 0.238407 2.2762 2.27289 -0.093037
-0.81071 -0.844485 0.157 2.2762 2.27281 -0.0785
-0.81041 -0.844427 0.0552407 2.2762 2.27292 -0.119204
-0.8101 -0.844398 0 2.2762 2.27307 -0.101759
-0.8098 -0.844223 0.0552407 2.27619 2.27307 -0.0872222
-0.80949 -0.843787 0.229685 2.27619 2.27281 -0.101759
-0.80919 -0.843235 0.32563 2.27619 2.27249 -0.110481
-0.80888 -0.842799 0.206426 2.27618 2.27225 -0.119204
-0.80858 -0.842741 0.0465185 2.27618 2.27246 -0.125019
-0.80827 -0.842741 0 2.27617 2.27266 -0.110481
-0.80797 -0.842712 0 2.27617 2.27287 -0.142463
-0.80766 -0.842305 0.215148 2.27617 2.27269 -0.119204
-0.80736 -0.841752 0.30237 2.27616 2.2724 -0.125019
-0.80705 -0.841316 0.284926 2.27616 2.27223 -0.165722
-0.80675 -0.841171 0.0872222 2.27615 2.2724 -0.142463
-0.80644 -0.841171 0 2.27615 2.27272 -0.165722
-0.80614 -0.841113 0 2.27615 2.27301 -0.157
-0.80583 -0.840647 0.206426 2.27614 2.27289 -0.188981
-0.80552 -0.840037 0.334352 2.27614 2.27266 -0.183167
-0.80522 -0.839572 0.238407 2.27613 2.27255 -0.174444
-0.80491 -0.839455 0.093037 2.27613 2.27284 -0.206426
-0.80461 -0.839455 0 2.27612 2.27327 -0.220963
-0.8043 -0.839339 0.0697778 2.27612 2.27359 -0.229685
-0.804 -0.838874 0.206426 2.27611 2.27359 -0.238407
-0.80369 -0.838292 0.30237 2.27611 2.27345 -0.220963
-0.80339 -0.837856 0.215148 2.2761 2.2735 -0.229685
-0.80308 -0.837624 0.093037 2.2761 2.27377 -0.252944
-0.80277 -0.837566 0.0465185 2.27609 2.27429 -0.252944
-0.80247 -0.837362 0.0872222 2.27609 2.27458 -0.252944
-0.80216 -0.836926 0.206426 2.27608 2.27458 -0.238407
-0.80186 -0.836403 0.293648 2.27607 2.27458 -0.252944
-0.80155 -0.83585 0.270389 2.27607 2.27455 -0.270389
-0.80125 -0.835647 0.110481 2.27606 2.27487 -0.279111
-0.80094 -0.835588 0.0610556 2.27606 2.27537 -0.252944
-0.80064 -0.835443 0.0872222 2.27605 2.27571 -0.252944
-0.80033 -0.834949 0.24713 2.27605 2.27566 -0.238407
-0.80002 -0.834222 0.32563 2.27604 2.27537 -0.215148
-0.79972 -0.833699 0.261667 2.27603 2.27522 -0.197704
-0.79941 -0.833495 0.119204 2.27603 2.27539 -0.197704
-0.79911 -0.833466 0.0610556 2.27602 2.27571 -0.174444
-0.7988 -0.833233 0.0872222 2.27601 2.27583 -0.174444
-0.79849 -0.832739 0.252944 2.27601 2.27563 -0.165722
-0.79819 -0.832071 0.348889 2.276 2.27525 -0.165722
-0.79788 -0.831518 0.270389 2.27599 2.27496 -0.133741
-0.79758 -0.831402 0.0785 2.27599 2.2751 -0.157
-0.79727 -0.831373 0.0377963 2.27598 2.27534 -0.133741
-0.79697 -0.831169 0.0872222 2.27597 2.27539 -0.165722
-0.79666 -0.830675 0.220963 2.27597 2.27519 -0.157
-0.79635 -0.830152 0.30237 2.27596 2.27496 -0.157
-0.79605 -0.829686 0.279111 2.27595 2.27478 -0.142463
-0.79574 -0.829425 0.174444 2.27594 2.27484 -0.165722
-0.79544 -0.829338 0.0785 2.27594 2.2751 -0.188981
-0.79513 -0.82925 0.0465185 2.27593 2.27539 -0.188981
-0.79482 -0.828931 0.157 2.27592 2.27542 -0.197704
-0.79452 -0.828436 0.252944 2.27591 2.27531 -0.188981
-0.79421 -0.827913 0.293648 2.27591 2.27513 -0.197704
-0.79391 -0.827535 0.238407 2.27592 2.27513 -0.197704
-0.7936 -0.827361 0.119204 2.27592 2.27534 -0.206426
-0.7933 -0.827273 0.0290741 2.27593 2.27569 -0.215148
-0.79299 -0.82707 0.0785 2.27593 2.2758 -0.183167
-0.79269 -0.826663 0.188981 2.27594 2.27569 -0.165722
-0.79238 -0.82611 0.311093 2.27594 2.27539 -0.157
-0.79208 -0.825587 0.311093 2.27595 2.27513 -0.142463
-0.79177 -0.825296 0.174444 2.27595 2.2751 -0.157
-0.79147 -0.825238 0.00581481 2.27596 2.27525 -0.142463
-0.79116 -0.825151 0 2.27596 2.27537 -0.110481
-0.79086 -0.824831 0.133741 2.27597 2.27525 -0.110481
-0.79055 -0.82425 0.334352 2.27597 2.27484 -0.110481
-0.79025 -0.823581 0.366333 2.27598 2.27438 -0.093037
-0.78994 -0.823261 0.238407 2.27598 2.27426 -0.119204
-0.78964 -0.823203 0 2.27598 2.27438 -0.110481
-0.78933 -0.823203 0 2.27599 2.27461 -0.133741
-0.78903 -0.822999 0.093037 2.27599 2.27461 -0.093037
-0.78872 -0.822505 0.279111 2.27599 2.27429 -0.119204
-0.78841 -0.821953 0.366333 2.276 2.27394 -0.125019
-0.78811 -0.821517 0.293648 2.276 2.27371 -0.119204
-0.7878 -0.821342 0.119204 2.276 2.27377 -0.125019
-0.7875 -0.821255 0.0290741 2.27601 2.27388 -0.142463
-0.78719 -0.821168 0.0610556 2.27601 2.27406 -0.142463
-0.78689 -0.820906 0.151185 2.27601 2.274 -0.119204
-0.78658 -0.820441 0.261667 2.27602 2.27377 -0.125019
-0.78628 -0.819976 0.252944 2.27602 2.27353 -0.119204
-0.78597 -0.819598 0.206426 2.27602 2.27336 -0.125019
-0.78567 -0.819394 0.133741 2.27603 2.27339 -0.125019
-0.78536 -0.819249 0.101759 2.27603 2.27345 -0.119204
-0.78505 -0.819133 0.0785 2.27603 2.27353 -0.133741
-0.78475 -0.8189 0.110481 2.27603 2.27348 -0.110481
-0.78444 -0.81858 0.206426 2.27604 2.27333 -0.119204
-0.78414 -0.818144 0.220963 2.27604 2.27307 -0.101759
-0.78383 -0.817766 0.261667 2.27604 2.27289 -0.110481
-0.78353 -0.817475 0.183167 2.27604 2.27278 -0.119204
-0.78322 -0.817359 0.0465185 2.27604 2.27287 -0.119204
-0.78291 -0.81733 0 2.27605 2.27301 -0.101759
-0.78261 -0.817068 0.119204 2.27605 2.27295 -0.119204
-0.7823 -0.816632 0.252944 2.27605 2.27269 -0.101759
-0.782 -0.81608 0.357611 2.27605 2.27228 -0.093037
-0.78169 -0.815673 0.252944 2.27605 2.27208 -0.110481
-0.78139 -0.815586 0.0610556 2.27606 2.2722 -0.133741
-0.78108 -0.815586 0 2.27606 2.2724 -0.133741
-0.78077 -0.815556 0 2.27606 2.27257 -0.110481
-0.78047 -0.815149 0.206426 2.27606 2.27237 -0.119204
-0.78016 -0.814597 0.348889 2.27606 2.27202 -0.119204
-0.77986 -0.814074 0.343074 2.27606 2.2717 -0.125019
-0.77955 -0.81387 0.157 2.27606 2.2717 -0.125019
-0.77924 -0.813812 0.0232593 2.27606 2.27188 -0.142463
-0.77894 -0.813841 0 2.27606 2.27214 -0.125019
-0.77863 -0.813667 0.101759 2.27606 2.2722 -0.142463
-0.77832 -0.81326 0.24713 2.27607 2.27202 -0.142463
-0.77802 -0.812736 0.30237 2.27607 2.27179 -0.151185
-0.77771 -0.812387 0.220963 2.27607 2.27167 -0.157
-0.77741 -0.812213 0.119204 2.27607 2.27179 -0.151185
-0.7771 -0.812126 0.0377963 2.27607 2.27202 -0.197704
-0.77679 -0.811951 0.0697778 2.27607 2.27217 -0.188981
-0.77649 -0.81169 0.165722 2.27607 2.27223 -0.188981
-0.77618 -0.811312 0.229685 2.27607 2.27217 -0.206426
-0.77587 -0.810905 0.238407 2.27607 2.27214 -0.215148
-0.77557 -0.810643 0.174444 2.27607 2.27223 -0.220963
-0.77526 -0.81041 0.133741 2.27607 2.2724 -0.238407
-0.77496 -0.810236 0.110481 2.27607 2.27263 -0.252944
-0.77465 -0.810061 0.119204 2.27606 2.27287 -0.238407
-0.77434 -0.8098 0.119204 2.27606 2.27307 -0.252944
-0.77404 -0.809509 0.183167 2.27606 2.27321 -0.270389
-0.77373 -0.809102 0.220963 2.27606 2.27324 -0.261667
-0.77342 -0.808695 0.252944 2.27606 2.2733 -0.284926
-0.77312 -0.808375 0.206426 2.27606 2.27348 -0.311093
-0.77281 -0.80823 0.110481 2.27606 2.27382 -0.30237
-0.7725 -0.808143 0.0610556 2.27606 2.27423 -0.311093
-0.7722 -0.807968 0.093037 2.27606 2.27461 -0.311093
-0.77189 -0.807619 0.215148 2.27606 2.27478 -0.316907
-0.77158 -0.807038 0.32563 2.27605 2.27481 -0.334352
-0.77128 -0.806543 0.32563 2.27605 2.27484 -0.311093
-0.77097 -0.806282 0.157 2.27605 2.27513 -0.311093
-0.77066 -0.806224 0.014537 2.27605 2.2756 -0.30237
-0.77036 -0.806195 0 2.27605 2.27606 -0.311093
-0.77005 -0.805875 0.157 2.27605 2.27621 -0.284926
-0.76974 -0.805235 0.357611 2.27604 2.27603 -0.279111
-0.76944 -0.804566 0.407037 2.27604 2.2758 -0.229685
-0.76913 -0.804159 0.270389 2.27604 2.27574 -0.220963
-0.76882 -0.804043 0.0872222 2.27604 2.27595 -0.206426
-0.76852 -0.804014 0.0377963 2.27604 2.27621 -0.183167
-0.76821 -0.80384 0.0872222 2.27603 2.2763 -0.133741
-0.7679 -0.803374 0.252944 2.27603 2.27603 -0.119204
-0.7676 -0.802735 0.357611 2.27606 2.2756 -0.110481
-0.76729 -0.802211 0.343074 2.27609 2.27525 -0.093037
-0.76699 -0.801863 0.206426 2.27612 2.27507 -0.101759
-0.76668 -0.801688 0.101759 2.27616 2.27507 -0.101759
-0.76638 -0.801543 0.0785 2.27619 2.2751 -0.101759
-0.76608 -0.801281 0.133741 2.27623 2.27502 -0.0785
-0.76577 -0.800874 0.206426 2.27626 2.27478 -0.101759
-0.76547 -0.80038 0.261667 2.2763 2.27449 -0.110481
-0.76516 -0.799944 0.293648 2.27633 2.27426 -0.119204
-0.76486 -0.799566 0.206426 2.27636 2.27412 -0.125019
-0.76455 -0.799391 0.133741 2.2764 2.2742 -0.142463
-0.76425 -0.799304 0.0552407 2.27643 2.27438 -0.151185
-0.76394 -0.799159 0.0697778 2.27647 2.27446 -0.151185
-0.76364 -0.79881 0.165722 2.2765 2.27438 -0.133741
-0.76333 -0.798286 0.284926 2.27653 2.27409 -0.133741
-0.76303 -0.797763 0.311093 2.27657 2.27385 -0.151185
-0.76272 -0.797443 0.197704 2.2766 2.2738 -0.157
-0.76242 -0.797414 0.0290741 2.27663 2.274 -0.142463
-0.76211 -0.797414 0 2.27667 2.27423 -0.133741
-0.76181 -0.797211 0.101759 2.2767 2.27423 -0.119204
-0.7615 -0.796658 0.293648 2.27673 2.27388 -0.110481
-0.7612 -0.796019 0.38087 2.27677 2.27339 -0.093037
-0.76089 -0.795641 0.252944 2.2768 2.27319 -0.0785
-0.76058 -0.795524 0.0552407 2.27683 2.27324 -0.110481
-0.76028 -0.795524 0 2.27686 2.27342 -0.093037
-0.75997 -0.795437 0 2.2769 2.2735 -0.101759
-0.75967 -0.794972 0.238407 2.27693 2.27321 -0.0697778
-0.75936 -0.794391 0.375056 2.27696 2.27278 -0.101759
-0.75906 -0.793809 0.343074 2.27699 2.27237 -0.093037
-0.75875 -0.793576 0.151185 2.27702 2.27228 -0.119204
-0.75844 -0.793576 0 2.27706 2.27249 -0.101759
-0.75814 -0.793576 0 2.27709 2.27269 -0.110481
-0.75783 -0.793373 0.110481 2.27712 2.27269 -0.119204
-0.75753 -0.792908 0.293648 2.27715 2.2724 -0.093037
-0.75722 -0.792326 0.334352 2.27718 2.27202 -0.119204
-0.75692 -0.791919 0.24713 2.27722 2.27185 -0.110481
-0.75661 -0.791774 0.101759 2.27725 2.27193 -0.125019
-0.7563 -0.791745 0.0290741 2.27728 2.27217 -0.151185
-0.756 -0.791628 0.0465185 2.27731 2.27228 -0.142463
-0.75569 -0.791309 0.157 2.27734 2.27223 -0.157
-0.75538 -0.790843 0.24713 2.27737 2.27205 -0.157
-0.75508 -0.790349 0.311093 2.2774 2.27182 -0.142463
-0.75477 -0.79 0.220963 2.27743 2.27179 -0.174444
-0.75447 -0.789826 0.110481 2.27746 2.27193 -0.188981
-0.75416 -0.789797 0.0610556 2.27749 2.27223 -0.188981
-0.75385 -0.789739 0 2.27753 2.27252 -0.197704
-0.75355 -0.789477 0.142463 2.27756 2.27257 -0.197704
-0.75324 -0.789012 0.252944 2.27759 2.27243 -0.188981
-0.75293 -0.788488 0.348889 2.27762 2.27228 -0.229685
-0.75263 -0.788081 0.261667 2.27765 2.27223 -0.220963
-0.75232 -0.787965 0.093037 2.27768 2.27252 -0.238407
-0.75201 -0.787965 0 2.27771 2.27295 -0.220963
-0.75171 -0.787936 0 2.27774 2.27336 -0.238407
-0.7514 -0.787558 0.183167 2.27777 2.27339 -0.229685
-0.75109 -0.786948 0.32563 2.2778 2.27321 -0.252944
-0.75079 -0.786395 0.343074 2.27783 2.2731 -0.24713
-0.75048 -0.786133 0.174444 2.27786 2.2733 -0.261667
-0.75017 -0.786104 0.014537 2.27788 2.27374 -0.252944
-0.74987 -0.786104 -0.0377963 2.27791 2.2742 -0.270389
-0.74956 -0.785901 0.0785 2.27794 2.27446 -0.270389
-0.74925 -0.785378 0.30237 2.27797 2.27441 -0.252944
-0.74894 -0.784738 0.38087 2.278 2.27423 -0.252944
-0.74864 -0.784273 0.270389 2.27803 2.27423 -0.252944
-0.74833 -0.784156 0.101759 2.27806 2.27464 -0.293648
-0.74802 -0.784156 0 2.27809 2.2751 -0.270389
-0.74772 -0.784098 0 2.27812 2.27551 -0.270389
-0.74741 -0.783691 0.206426 2.27815 2.2756 -0.270389
-0.7471 -0.783052 0.348889 2.27817 2.27542 -0.261667
-0.74679 -0.782005 0.38087 2.2782 2.27592 -0.293648
-0.74649 -0.782005 0 2.27823 2.27638 -0.279111
-0.74618 -0.782005 0 2.27826 2.27685 -0.279111
-0.74587 -0.781772 0.119204 2.27829 2.27708 -0.24713
-0.74556 -0.78122 0.293648 2.27831 2.27694 -0.252944
-0.74525 -0.780522 0.407037 2.27834 2.27667 -0.238407
-0.74495 -0.780028 0.30237 2.27837 2.27656 -0.229685
-0.74464 -0.779824 0.110481 2.2784 2.27676 -0.215148
-0.74433 -0.779824 0 2.27843 2.27711 -0.206426
-0.74402 -0.778691 0 2.27845 2.27679 -0.165722
-0.74372 -0.777964 0.407037 2.27848 2.27627 -0.119204
-0.74341 -0.777324 0.366333 2.27851 2.27586 -0.125019
-0.7431 -0.777033 0.215148 2.27854 2.27574 -0.119204
-0.74279 -0.777062 0 2.27856 2.27598 -0.101759
-0.74248 -0.77715 -0.0377963 2.27859 2.27627 -0.119204
-0.74218 -0.776888 0.157 2.27861 2.27618 -0.119204
-0.74187 -0.776248 0.334352 2.27864 2.27577 -0.110481
-0.74156 -0.775609 0.375056 2.27866 2.27534 -0.125019
-0.74125 -0.775231 0.24713 2.27869 2.27522 -0.157
-0.74094 -0.775114 0.093037 2.27871 2.27537 -0.165722
-0.74063 -0.775056 0.0610556 2.27874 2.2756 -0.157
-0.74033 -0.774795 0.142463 2.27876 2.2756 -0.157
-0.74002 -0.774358 0.238407 2.27879 2.27542 -0.142463
-0.73971 -0.773806 0.32563 2.27881 2.2751 -0.125019
-0.7394 -0.773341 0.284926 2.27884 2.2749 -0.157
-0.73909 -0.773108 0.183167 2.27886 2.27496 -0.142463
-0.73878 -0.772992 0.0697778 2.27889 2.27513 -0.165722
-0.73848 -0.772905 0.0465185 2.27891 2.27531 -0.188981
-0.73817 -0.772672 0.125019 2.27893 2.27534 -0.142463
-0.73786 -0.772294 0.220963 2.27896 2.27519 -0.165722
-0.73755 -0.7718 0.30237 2.27898 2.27493 -0.151185
-0.73724 -0.771335 0.284926 2.27901 2.27473 -0.133741
-0.73693 -0.771015 0.197704 2.27903 2.27464 -0.142463
-0.73662 -0.77087 0.101759 2.27905 2.27476 -0.142463
-0.73631 -0.770841 0 2.27908 2.27499 -0.151185
-0.736 -0.770724 0.0697778 2.2791 2.27513 -0.133741
-0.7357 -0.770375 0.215148 2.27912 2.27502 -0.157
-0.73539 -0.769794 0.343074 2.27915 2.2747 -0.151185
-0.73508 -0.769271 0.334352 2.27917 2.27441 -0.142463
-0.73477 -0.768951 0.206426 2.27919 2.27432 -0.133741
-0.73446 -0.768893 0.0552407 2.27922 2.27449 -0.151185
-0.73415 -0.768893 0 2.27924 2.27473 -0.133741
-0.73384 -0.768776 0.0697778 2.27926 2.27481 -0.133741
-0.73353 -0.768427 0.197704 2.27929 2.27464 -0.101759
-0.73322 -0.767933 0.316907 2.27931 2.27435 -0.110481
-0.73291 -0.76741 0.316907 2.27933 2.27403 -0.119204
-0.7326 -0.767032 0.197704 2.27935 2.27385 -0.119204
-0.73229 -0.766916 0.0697778 2.27938 2.27391 -0.110481
-0.73199 -0.766828 0.0552407 2.2794 2.27403 -0.125019
-0.73168 -0.766654 0.110481 2.27942 2.27403 -0.093037
-0.73137 -0.766305 0.206426 2.27944 2.27382 -0.101759
-0.73106 -0.76584 0.270389 2.27946 2.27353 -0.101759
-0.73075 -0.765346 0.30237 2.27949 2.27324 -0.093037
-0.73044 -0.765055 0.197704 2.27951 2.27319 -0.125019
-0.73013 -0.764909 0.0697778 2.27953 2.27321 -0.110481
-0.72982 -0.764822 0.0697778 2.27955 2.27333 -0.133741
-0.72951 -0.76459 0.133741 2.27957 2.27333 -0.110481
-0.7292 -0.764153 0.238407 2.27959 2.2731 -0.125019
-0.72889 -0.763688 0.293648 2.27962 2.27284 -0.119204
-0.72858 -0.763252 0.261667 2.27964 2.27266 -0.142463
-0.72827 -0.763049 0.151185 2.27966 2.27272 -0.165722
-0.72796 -0.762903 0.0610556 2.27968 2.27284 -0.165722
-0.72765 -0.762787 0.0610556 2.2797 2.27301 -0.165722
-0.72734 -0.762525 0.142463 2.27972 2.27307 -0.183167
-0.72703 -0.761973 0.261667 2.27974 2.27289 -0.183167
-0.72672 -0.761479 0.30237 2.27976 2.27272 -0.197704
-0.72641 -0.761072 0.252944 2.27978 2.27266 -0.197704
-0.7261 -0.760868 0.142463 2.2798 2.27284 -0.229685
-0.72579 -0.760723 0.0552407 2.27982 2.27307 -0.238407
-0.72548 -0.760606 0.0872222 2.27984 2.27336 -0.238407
-0.72517 -0.760316 0.174444 2.27986 2.27348 -0.252944
-0.72486 -0.759851 0.261667 2.27988 2.27348 -0.252944
-0.72455 -0.759356 0.30237 2.2799 2.27345 -0.261667
-0.72424 -0.758949 0.252944 2.27992 2.27353 -0.284926
-0.72393 -0.758688 0.165722 2.27994 2.2738 -0.284926
-0.72362 -0.758542 0.0872222 2.27996 2.27417 -0.293648
-0.72331 -0.758368 0.101759 2.27998 2.27449 -0.311093
-0.72299 -0.758048 0.174444 2.28 2.27476 -0.316907
-0.72268 -0.757554 0.284926 2.28002 2.27481 -0.32563
-0.72237 -0.757001 0.316907 2.28004 2.27487 -0.32563
-0.72206 -0.756594 0.252944 2.28006 2.2751 -0.357611
-0.72175 -0.756391 0.133741 2.28008 2.27554 -0.348889
-0.72144 -0.756245 0.0697778 2.2801 2.27601 -0.389593
-0.72113 -0.756071 0.119204 2.28012 2.27641 -0.334352
-0.72082 -0.755693 0.215148 2.28014 2.27664 -0.366333
-0.72051 -0.75517 0.311093 2.28015 2.27673 -0.357611
-0.7202 -0.754646 0.334352 2.28017 2.27688 -0.375056
-0.71989 -0.754239 0.24713 2.28019 2.27708 -0.334352
-0.71958 -0.754036 0.133741 2.28021 2.27749 -0.343074
-0.71927 -0.753919 0.0697778 2.28023 2.2779 -0.316907
-0.71895 -0.753716 0.101759 2.28025 2.27816 -0.311093
-0.71864 -0.753309 0.252944 2.28027 2.27816 -0.252944
-0.71833 -0.752669 0.348889 2.28028 2.27795 -0.238407
-0.71802 -0.752146 0.32563 2.2803 2.27772 -0.188981
-0.71771 -0.751768 0.220963 2.28032 2.2776 -0.151185
-0.7174 -0.751564 0.125019 2.28034 2.2776 -0.119204
-0.71709 -0.751419 0.093037 2.28036 2.27763 -0.110481
-0.71678 -0.751186 0.125019 2.2804 2.27752 -0.0872222
-0.71647 -0.750808 0.215148 2.28044 2.27723 -0.0465185
-0.71615 -0.750285 0.284926 2.28047 2.27679 -0.0465185
-0.71584 -0.749762 0.30237 2.28051 2.27635 -0.0232593
-0.71553 -0.749355 0.252944 2.28055 2.27606 -0.0290741
-0.71522 -0.749151 0.133741 2.28059 2.27595 -0.0377963
-0.71491 -0.749006 0.0785 2.28063 2.27592 -0.0785
-0.7146 -0.748831 0.0872222 2.28066 2.27589 -0.0552407
-0.71429 -0.748483 0.197704 2.2807 2.27563 -0.0552407
-0.71397 -0.747959 0.279111 2.28074 2.27525 -0.0610556
-0.71366 -0.747436 0.311093 2.28078 2.2749 -0.0872222
-0.71335 -0.747116 0.197704 2.28082 2.27473 -0.093037
-0.71304 -0.747 0.0785 2.28085 2.27476 -0.093037
-0.71273 -0.746971 0.00581481 2.28089 2.27487 -0.110481
-0.71242 -0.746796 0.0697778 2.28093 2.27484 -0.093037
-0.7121 -0.746418 0.206426 2.28097 2.27464 -0.0872222
-0.71179 -0.745895 0.311093 2.281 2.27423 -0.0872222
-0.71148 -0.745459 0.30237 2.28104 2.27397 -0.0872222
-0.71117 -0.745226 0.157 2.28108 2.27388 -0.0872222
-0.71086 -0.745197 0.014537 2.28111 2.27403 -0.101759
-0.71054 -0.745168 0.0232593 2.28115 2.27414 -0.093037
-0.71023 -0.744936 0.133741 2.28119 2.27409 -0.093037
-0.70992 -0.744441 0.284926 2.28122 2.27374 -0.0872222
-0.70961 -0.743947 0.311093 2.28126 2.27336 -0.093037
-0.7093 -0.743627 0.220963 2.2813 2.27321 -0.101759
-0.70898 -0.743511 0.0872222 2.28133 2.27324 -0.0872222
-0.70867 -0.743453 0 2.28137 2.27339 -0.101759
-0.70836 -0.743336 0.0610556 2.2814 2.27342 -0.101759
-0.70805 -0.743017 0.157 2.28144 2.27327 -0.093037
-0.70773 -0.742551 0.279111 2.28148 2.27298 -0.101759
-0.70742 -0.742086 0.252944 2.28151 2.27272 -0.119204
-0.70711 -0.741766 0.206426 2.28155 2.2726 -0.119204
-0.70679 -0.741592 0.101759 2.28158 2.27266 -0.133741
-0.70648 -0.741505 0.0785 2.28162 2.27281 -0.133741
-0.70617 -0.74133 0.0785 2.28165 2.27284 -0.125019
-0.70586 -0.741069 0.157 2.28169 2.27281 -0.151185
-0.70554 -0.740691 0.220963 2.28172 2.27266 -0.142463
-0.70523 -0.740255 0.261667 2.28176 2.27249 -0.142463
-0.70492 -0.739877 0.238407 2.28179 2.2724 -0.157
-0.7046 -0.739615 0.165722 2.28183 2.2724 -0.165722
-0.70429 -0.73947 0.0785 2.28186 2.2726 -0.174444
-0.70398 -0.739382 0.0610556 2.2819 2.27284 -0.188981
-0.70367 -0.739092 0.133741 2.28193 2.27292 -0.188981
-0.70335 -0.738685 0.252944 2.28197 2.27284 -0.215148
-0.70304 -0.738132 0.32563 2.282 2.27266 -0.206426
-0.70273 -0.737667 0.279111 2.28203 2.27257 -0.229685
-0.70241 -0.737522 0.110481 2.28207 2.27284 -0.229685
-0.7021 -0.737493 0.0290741 2.2821 2.27319 -0.215148
-0.70178 -0.737376 0.0552407 2.28214 2.27348 -0.229685
-0.70147 -0.736969 0.197704 2.28217 2.27348 -0.24713
-0.70116 -0.736417 0.343074 2.2822 2.27333 -0.238407
-0.70084 -0.735835 0.357611 2.28224 2.27316 -0.252944
-0.70053 -0.735545 0.174444 2.28227 2.27327 -0.252944
-0.70022 -0.735457 0.014537 2.2823 2.27368 -0.252944
-0.6999 -0.735399 0 2.28234 2.27412 -0.252944
-0.69959 -0.735108 0.157 2.28237 2.27429 -0.279111
-0.69928 -0.734556 0.316907 2.2824 2.2742 -0.279111
-0.69896 -0.733946 0.375056 2.28244 2.27412 -0.293648
-0.69865 -0.733568 0.252944 2.28247 2.27429 -0.316907
-0.69833 -0.733422 0.0872222 2.2825 2.2747 -0.343074
-0.69802 -0.733335 0.0610556 2.28254 2.27516 -0.334352
-0.69771 -0.733161 0.0785 2.28257 2.2756 -0.343074
-0.69739 -0.732753 0.215148 2.2826 2.2758 -0.343074
-0.69708 -0.732201 0.293648 2.28263 2.27583 -0.343074
-0.69676 -0.731736 0.311093 2.28267 2.27595 -0.334352
-0.69645 -0.7313 0.238407 2.2827 2.27615 -0.366333
-0.69613 -0.731038 0.165722 2.28273 2.27647 -0.375056
-0.69582 -0.730893 0.110481 2.28276 2.27694 -0.357611
-0.69551 -0.730718 0.110481 2.28279 2.27734 -0.343074
-0.69519 -0.730457 0.151185 2.28283 2.27766 -0.366333
-0.69488 -0.729991 0.220963 2.28286 2.27784 -0.343074
-0.69456 -0.729439 0.311093 2.28289 2.2779 -0.343074
-0.69425 -0.728916 0.311093 2.28292 2.2779 -0.32563
-0.69393 -0.728567 0.220963 2.28295 2.27804 -0.311093
-0.69362 -0.728421 0.101759 2.28298 2.27839 -0.30237
-0.6933 -0.728305 0.0697778 2.28301 2.27871 -0.270389
-0.69299 -0.728102 0.125019 2.28305 2.27894 -0.270389
-0.69267 -0.727666 0.252944 2.28306 2.27885 -0.252944
-0.69236 -0.727026 0.366333 2.28306 2.27859 -0.220963
-0.69205 -0.726503 0.316907 2.28307 2.27842 -0.188981
-0.69173 -0.726183 0.188981 2.28307 2.27839 -0.174444
-0.69142 -0.726066 0.0872222 2.28307 2.27856 -0.174444
-0.6911 -0.72595 0.0697778 2.28308 2.27868 -0.142463
-0.69079 -0.725659 0.157 2.28308 2.27862 -0.133741
-0.69047 -0.725165 0.293648 2.28308 2.2783 -0.125019
-0.69016 -0.724555 0.348889 2.28308 2.27792 -0.125019
-0.68984 -0.724118 0.284926 2.28309 2.27766 -0.119204
-0.68953 -0.723886 0.142463 2.28309 2.27763 -0.101759
-0.68922 -0.72377 0.0465185 2.28309 2.27772 -0.119204
-0.6889 -0.723624 0.093037 2.28309 2.27775 -0.119204
-0.68859 -0.723304 0.174444 2.2831 2.2776 -0.093037
-0.68827 -0.722868 0.279111 2.2831 2.27734 -0.119204
-0.68796 -0.722374 0.270389 2.2831 2.27705 -0.119204
-0.68764 -0.721996 0.238407 2.2831 2.27688 -0.110481
-0.68733 -0.721734 0.151185 2.28311 2.27682 -0.119204
-0.68701 -0.721531 0.110481 2.28311 2.27682 -0.142463
-0.6867 -0.721356 0.125019 2.28311 2.27685 -0.119204
-0.68638 -0.721095 0.142463 2.28311 2.27679 -0.119204
-0.68607 -0.720717 0.206426 2.28311 2.27662 -0.119204
-0.68575 -0.72031 0.24713 2.28311 2.27638 -0.119204
-0.68544 -0.719874 0.252944 2.28311 2.27621 -0.125019
-0.68512 -0.719525 0.174444 2.28312 2.27609 -0.133741
-0.68481 -0.71935 0.119204 2.28312 2.27612 -0.110481
-0.68449 -0.719205 0.0785 2.28312 2.27621 -0.110481
-0.68418 -0.718885 0.151185 2.28312 2.27612 -0.125019
-0.68386 -0.718391 0.270389 2.28312 2.27586 -0.110481
-0.68355 -0.717809 0.279111 2.28312 2.27551 -0.110481
-0.68323 -0.717431 0.206426 2.28312 2.27534 -0.093037
-0.68292 -0.717286 0.0610556 2.28312 2.27542 -0.119204
-0.6826 -0.717199 0.0232593 2.28312 2.27551 -0.101759
-0.68229 -0.716879 0.157 2.28312 2.27539 -0.0785
-0.68197 -0.716239 0.293648 2.28312 2.27493 -0.119204
-0.68166 -0.715687 0.334352 2.28312 2.27461 -0.093037
-0.68134 -0.715338 0.183167 2.28312 2.27449 -0.125019
-0.68103 -0.71528 0.0610556 2.28312 2.27467 -0.133741
-0.68071 -0.715164 0.0290741 2.28312 2.27481 -0.133741
-0.6804 -0.714815 0.157 2.28312 2.27473 -0.101759
-0.68008 -0.714204 0.311093 2.28312 2.27438 -0.142463
-0.67977 -0.713594 0.316907 2.28312 2.27409 -0.142463
-0.67945 -0.713245 0.165722 2.28312 2.27412 -0.174444
-0.67914 -0.713128 0.00581481 2.28312 2.27435 -0.188981
-0.67882 -0.713012 0.0552407 2.28312 2.27461 -0.183167
-0.67851 -0.712576 0.206426 2.28312 2.27458 -0.188981
-0.67819 -0.711849 0.348889 2.28312 2.27423 -0.220963
-0.67788 -0.711326 0.32563 2.28312 2.27412 -0.215148
-0.67756 -0.711035 0.197704 2.28312 2.27423 -0.252944
-0.67724 -0.710948 0.0785 2.28312 2.27455 -0.238407
-0.67693 -0.71089 0 2.28312 2.27496 -0.279111
-0.67661 -0.710657 0.125019 2.28311 2.27516 -0.279111
-0.6763 -0.710192 0.252944 2.28311 2.27516 -0.270389
-0.67598 -0.709611 0.357611 2.28311 2.27505 -0.279111
-0.67567 -0.709116 0.32563 2.28311 2.27502 -0.270389
-0.67535 -0.708796 0.215148 2.28311 2.27516 -0.279111
-0.67504 -0.708622 0.101759 2.28311 2.27548 -0.279111
-0.67472 -0.708506 0.0552407 2.2831 2.2758 -0.279111
-0.6744 -0.708244 0.125019 2.2831 2.27606 -0.284926
-0.67409 -0.707808 0.252944 2.2831 2.27612 -0.279111
-0.67377 -0.707226 0.357611 2.2831 2.27601 -0.30237
-0.67346 -0.706616 0.366333 2.2831 2.27595 -0.30237
-0.67314 -0.706267 0.229685 2.28309 2.27609 -0.30237
-0.67283 -0.706063 0.125019 2.28309 2.27644 -0.316907
-0.67251 -0.705947 0.0232593 2.28309 2.27688 -0.32563
-0.67219 -0.705744 0.133741 2.28309 2.2772 -0.316907
-0.67188 -0.705337 0.229685 2.28308 2.27737 -0.348889
-0.67156 -0.704755 0.375056 2.28308 2.27731 -0.343074
-0.67125 -0.704174 0.38087 2.28308 2.27728 -0.343074
-0.67093 -0.703708 0.279111 2.28307 2.27743 -0.343074
-0.67062 -0.703505 0.125019 2.28307 2.27781 -0.32563
-0.6703 -0.703418 0.0610556 2.28307 2.2783 -0.32563
-0.66998 -0.703185 0.110481 2.28306 2.27862 -0.311093
-0.66967 -0.702749 0.220963 2.28306 2.27862 -0.284926
-0.66935 -0.702197 0.375056 2.28306 2.27851 -0.252944
-0.66904 -0.701615 0.375056 2.28305 2.2783 -0.220963
-0.66872 -0.701179 0.279111 2.28305 2.27824 -0.206426
-0.6684 -0.700917 0.183167 2.28305 2.27824 -0.188981
-0.66809 -0.700772 0.0465185 2.28304 2.27839 -0.151185
-0.66777 -0.700598 0.0872222 2.28304 2.27842 -0.119204
-0.66745 -0.700161 0.220963 2.28303 2.27819 -0.101759
-0.66714 -0.69958 0.343074 2.28303 2.27775 -0.093037
-0.66682 -0.698911 0.348889 2.28303 2.27723 -0.0610556
-0.66651 -0.698475 0.220963 2.28302 2.27694 -0.0785
-0.66619 -0.698359 0.0872222 2.28302 2.27696 -0.0697778
-0.66587 -0.698213 0.0465185 2.28301 2.27696 -0.0785
-0.66556 -0.697952 0.142463 2.28301 2.27685 -0.0465185
-0.66524 -0.697399 0.252944 2.28299 2.27641 -0.0552407
-0.66493 -0.69676 0.30237 2.28297 2.27598 -0.0872222
-0.66461 -0.696324 0.215148 2.28294 2.27569 -0.093037
-0.6643 -0.696178 0.093037 2.28292 2.27571 -0.0872222
-0.66398 -0.696062 0.00581481 2.28289 2.2758 -0.0697778
-0.66367 -0.6958 0.110481 2.28287 2.27574 -0.0872222
-0.66335 -0.695277 0.252944 2.28284 2.27539 -0.093037
-0.66303 -0.694725 0.316907 2.28282 2.27502 -0.0872222
-0.66272 -0.694318 0.206426 2.28279 2.27484 -0.101759
-0.6624 -0.694259 0.0377963 2.28277 2.27496 -0.093037
-0.66209 -0.694259 0 2.28274 2.27516 -0.110481
-0.66177 -0.69394 0.125019 2.28272 2.27502 -0.0697778
-0.66146 -0.693358 0.293648 2.28269 2.27458 -0.0872222
-0.66114 -0.692777 0.316907 2.28267 2.27417 -0.0872222
-0.66083 -0.692515 0.174444 2.28264 2.27406 -0.0610556
-0.66051 -0.692457 0.0465185 2.28262 2.27417 -0.0872222
-0.6602 -0.692457 0 2.28259 2.27438 -0.101759
-0.65988 -0.692224 0.110481 2.28257 2.27432 -0.093037
-0.65957 -0.691788 0.24713 2.28254 2.27403 -0.093037
-0.65925 -0.691265 0.279111 2.28251 2.27368 -0.0872222
-0.65894 -0.690829 0.188981 2.28249 2.27342 -0.0872222
-0.65862 -0.690683 0.0872222 2.28246 2.2735 -0.093037
-0.6583 -0.690596 0.0610556 2.28244 2.27365 -0.119204
-0.65799 -0.690393 0.093037 2.28241 2.27365 -0.110481
-0.65767 -0.690044 0.183167 2.28238 2.27348 -0.110481
-0.65736 -0.689578 0.252944 2.28236 2.27321 -0.110481
-0.65704 -0.689055 0.279111 2.28233 2.27295 -0.119204
-0.65673 -0.688677 0.188981 2.2823 2.27281 -0.125019
-0.65641 -0.688561 0.0785 2.28228 2.27295 -0.142463
-0.6561 -0.688503 0.0232593 2.28225 2.27316 -0.125019
-0.65578 -0.688241 0.119204 2.28222 2.27316 -0.119204
-0.65547 -0.68766 0.293648 2.2822 2.27284 -0.125019
-0.65515 -0.686933 0.375056 2.28217 2.27243 -0.151185
-0.65483 -0.686497 0.24713 2.28214 2.27225 -0.151185
-0.65452 -0.686409 0.0552407 2.28211 2.27249 -0.157
-0.6542 -0.686409 0 2.28209 2.27281 -0.165722
-0.65389 -0.686177 0.125019 2.28206 2.27284 -0.142463
-0.65357 -0.685653 0.293648 2.28203 2.27263 -0.174444
-0.65326 -0.684956 0.334352 2.282 2.27228 -0.157
-0.65294 -0.68452 0.238407 2.28198 2.2722 -0.174444
-0.65263 -0.684403 0.0552407 2.28195 2.27249 -0.188981
-0.65231 -0.684345 0.0232593 2.28192 2.27278 -0.188981
-0.652 -0.684083 0.110481 2.28189 2.27292 -0.183167
-0.65168 -0.683618 0.220963 2.28186 2.27287 -0.206426
-0.65136 -0.683037 0.316907 2.28184 2.27278 -0.220963
-0.65105 -0.682543 0.229685 2.28181 2.27281 -0.261667
-0.65073 -0.682339 0.101759 2.28178 2.27316 -0.252944
-0.65042 -0.682252 0.0290741 2.28175 2.27359 -0.293648
-0.6501 -0.682106 0.0872222 2.28172 2.27406 -0.293648
-0.64979 -0.68167 0.206426 2.28169 2.2742 -0.316907
-0.64947 -0.681089 0.311093 2.28166 2.27429 -0.32563
-0.64916 -0.680566 0.261667 2.28164 2.27444 -0.343074
-0.64884 -0.680217 0.165722 2.28161 2.27473 -0.334352
-0.64852 -0.680129 0.0377963 2.28158 2.27528 -0.311093
-0.64821 -0.679984 0.0377963 2.28155 2.27571 -0.32563
-0.64789 -0.679635 0.174444 2.28152 2.27595 -0.284926
-0.64758 -0.678996 0.316907 2.28149 2.27589 -0.293648
-0.64726 -0.678327 0.334352 2.28146 2.27574 -0.284926
-0.64695 -0.677949 0.206426 2.28143 2.27592 -0.270389
-0.64663 -0.677862 0.0697778 2.2814 2.27633 -0.252944
-0.64631 -0.677774 0.0552407 2.28137 2.27667 -0.252944
-0.646 -0.677484 0.133741 2.28134 2.27679 -0.229685
-0.64568 -0.677048 0.252944 2.28131 2.2767 -0.220963
-0.64537 -0.676524 0.334352 2.28128 2.2765 -0.220963
-0.64505 -0.676088 0.293648 2.28125 2.27638 -0.174444
-0.64474 -0.675797 0.183167 2.28122 2.27638 -0.174444
-0.64442 -0.675652 0.0785 2.28119 2.2765 -0.174444
-0.64411 -0.675507 0.0785 2.28116 2.27659 -0.151185
-0.64379 -0.675303 0.125019 2.28113 2.27662 -0.142463
-0.64347 -0.674954 0.215148 2.2811 2.27647 -0.101759
-0.64316 -0.674518 0.270389 2.28107 2.27621 -0.110481
-0.64284 -0.674082 0.279111 2.28104 2.27595 -0.110481
-0.64253 -0.673733 0.206426 2.28101 2.27577 -0.110481
-0.64221 -0.67353 0.125019 2.28098 2.27574 -0.101759
-0.6419 -0.673413 0.0552407 2.28095 2.2758 -0.101759
-0.64158 -0.67321 0.119204 2.28092 2.27574 -0.093037
-0.64126 -0.672948 0.157 2.28088 2.27563 -0.0697778
-0.64095 -0.672541 0.252944 2.28085 2.27539 -0.093037
-0.64063 -0.672076 0.270389 2.28082 2.2751 -0.093037
-0.64032 -0.671756 0.206426 2.28079 2.27496 -0.101759
-0.64 -0.671553 0.110481 2.28076 2.27493 -0.093037
-0.63969 -0.671494 0.0232593 2.28072 2.27507 -0.119204
-0.63937 -0.67132 0.0785 2.28068 2.27513 -0.125019
-0.63906 -0.671 0.174444 2.28064 2.27502 -0.119204
-0.63874 -0.670535 0.279111 2.2806 2.27473 -0.110481
-0.63843 -0.670128 0.279111 2.28056 2.27455 -0.133741
-0.63811 -0.669837 0.165722 2.28052 2.27446 -0.133741
-0.6378 -0.66975 0.0610556 2.28048 2.27464 -0.125019
-0.63748 -0.669692 0 2.28044 2.27484 -0.142463
-0.63717 -0.669488 0.093037 2.2804 2.2749 -0.142463
-0.63685 -0.669052 0.220963 2.28035 2.2747 -0.133741
-0.63654 -0.668558 0.293648 2.28031 2.27446 -0.142463
-0.63622 -0.668209 0.229685 2.28027 2.27438 -0.151185
-0.63591 -0.668035 0.110481 2.28023 2.27446 -0.151185
-0.63559 -0.667976 0 2.28019 2.27461 -0.125019
-0.63528 -0.667889 0.0697778 2.28015 2.27476 -0.151185
-0.63496 -0.667628 0.151185 2.2801 2.2747 -0.125019
-0.63465 -0.667221 0.220963 2.28006 2.27449 -0.142463
-0.63433 -0.666784 0.252944 2.28002 2.27429 -0.119204
-0.63402 -0.666523 0.188981 2.27998 2.27423 -0.119204
-0.6337 -0.66629 0.133741 2.27994 2.2742 -0.125019
-0.63339 -0.666145 0.0697778 2.27989 2.27429 -0.125019
-0.63307 -0.665999 0.093037 2.27985 2.27435 -0.133741
-0.63276 -0.665796 0.119204 2.27981 2.27432 -0.093037
-0.63244 -0.665476 0.197704 2.27977 2.27417 -0.110481
-0.63213 -0.665098 0.220963 2.27972 2.27397 -0.119204
-0.63181 -0.66472 0.220963 2.27968 2.27377 -0.0872222
-0.6315 -0.664429 0.174444 2.27964 2.27368 -0.125019
-0.63118 -0.664255 0.110481 2.2796 2.27371 -0.110481
-0.63087 -0.664139 0.0697778 2.27955 2.27377 -0.093037
-0.63055 -0.663993 0.0785 2.27951 2.2738 -0.093037
-0.63024 -0.663557 0.206426 2.27947 2.27359 -0.119204
-0.62992 -0.663092 0.284926 2.27942 2.27327 -0.101759
-0.62961 -0.662598 0.293648 2.27938 2.27301 -0.125019
-0.62929 -0.662336 0.157 2.27934 2.27292 -0.119204
-0.62898 -0.662278 0.0465185 2.27929 2.27307 -0.119204
-0.62866 -0.66222 0 2.27925 2.27319 -0.125019
-0.62835 -0.661958 0.133741 2.27921 2.27313 -0.125019
-0.62803 -0.661406 0.311093 2.27916 2.27281 -0.119204
-0.62772 -0.660795 0.366333 2.27912 2.2724 -0.110481
-0.6274 -0.660446 0.238407 2.27907 2.27228 -0.125019
-0.62709 -0.66033 0.0552407 2.27903 2.27237 -0.133741
-0.62677 -0.660301 0 2.27899 2.2726 -0.133741
-0.62646 -0.660126 0.093037 2.27894 2.27266 -0.125019
-0.62615 -0.659632 0.261667 2.2789 2.2724 -0.133741
-0.62583 -0.65908 0.343074 2.27885 2.27208 -0.133741
-0.62552 -0.658644 0.293648 2.27881 2.27188 -0.151185
-0.6252 -0.658411 0.142463 2.27876 2.27191 -0.157
-0.62489 -0.658266 0.0872222 2.27872 2.27199 -0.183167
-0.62457 -0.65812 0.101759 2.27867 2.27211 -0.157
-0.62426 -0.65783 0.165722 2.27863 2.27211 -0.174444
-0.62394 -0.657481 0.215148 2.27858 2.27199 -0.142463
-0.62363 -0.657103 0.252944 2.27854 2.27191 -0.165722
-0.62331 -0.656725 0.238407 2.27849 2.27179 -0.157
-0.623 -0.656347 0.238407 2.27845 2.2717 -0.174444
-0.62268 -0.656027 0.183167 2.2784 2.2717 -0.165722
-0.62237 -0.655765 0.157 2.27836 2.27173 -0.183167
-0.62205 -0.65562 0.0785 2.27831 2.27188 -0.183167
-0.62174 -0.655387 0.125019 2.27827 2.27196 -0.188981
-0.62142 -0.65498 0.220963 2.27822 2.27188 -0.183167
-0.62111 -0.654428 0.334352 2.27818 2.27162 -0.188981
-0.62079 -0.653963 0.30237 2.27813 2.27144 -0.183167
-0.62048 -0.653672 0.188981 2.27808 2.27153 -0.197704
-0.62016 -0.653643 0.014537 2.27804 2.27185 -0.206426
-0.61985 -0.653585 0 2.27799 2.27217 -0.229685
-0.61953 -0.653265 0.157 2.27795 2.27223 -0.238407
-0.61922 -0.652683 0.348889 2.2779 2.27205 -0.220963
-0.61891 -0.652044 0.389593 2.27785 2.27185 -0.252944
-0.61859 -0.651695 0.252944 2.27781 2.27193 -0.284926
-0.61828 -0.651637 0.0697778 2.27776 2.27243 -0.293648
-0.61796 -0.651637 0 2.27771 2.27295 -0.293648
-0.61765 -0.651462 0.0872222 2.27767 2.27333 -0.32563
-0.61733 -0.651026 0.279111 2.27762 2.27348 -0.334352
-0.61702 -0.650474 0.343074 2.27757 2.2735 -0.357611
-0.6167 -0.650038 0.293648 2.27753 2.27365 -0.366333
-0.61639 -0.649805 0.157 2.27748 2.27403 -0.357611
-0.61607 -0.649689 0.0785 2.27743 2.27452 -0.38087
-0.61576 -0.649485 0.119204 2.27738 2.27493 -0.375056
-0.61544 -0.649166 0.183167 2.27734 2.27525 -0.375056
-0.61513 -0.648758 0.229685 2.27729 2.27548 -0.38087
-0.61481 -0.648351 0.229685 2.27724 2.27566 -0.334352
-0.6145 -0.647973 0.197704 2.27719 2.27583 -0.316907
-0.61419 -0.647654 0.206426 2.27712 2.27595 -0.270389
-0.61388 -0.647305 0.215148 2.27705 2.27603 -0.284926
-0.61356 -0.646985 0.174444 2.27698 2.27609 -0.206426
-0.61325 -0.646781 0.119204 2.27691 2.27621 -0.174444
-0.61294 -0.64652 0.119204 2.27684 2.27621 -0.133741
-0.61263 -0.646084 0.220963 2.27677 2.27595 -0.110481
-0.61231 -0.645531 0.334352 2.2767 2.27554 -0.0785
-0.612 -0.645008 0.316907 2.27663 2.27513 -0.0552407
-0.61169 -0.644746 0.174444 2.27656 2.27496 -0.0697778
-0.61138 -0.644688 0.00581481 2.27649 2.27499 -0.0290741
-0.61107 -0.644601 0.0290741 2.27642 2.27499 -0.0610556
-0.61075 -0.644252 0.188981 2.27635 2.27473 -0.014537
-0.61044 -0.6437 0.348889 2.27628 2.27426 -0.0610556
-0.61013 -0.64306 0.366333 2.27621 2.27374 -0.0377963
-0.60982 -0.642769 0.183167 2.27614 2.27356 -0.0785
-0.6095 -0.64274 0.0377963 2.27607 2.27365 -0.0785
-0.60919 -0.642711 0 2.276 2.27377 -0.0872222
-0.60888 -0.642449 0.151185 2.27593 2.27365 -0.0785
-0.60857 -0.641955 0.270389 2.27586 2.2733 -0.101759
-0.60826 -0.64149 0.311093 2.27579 2.27298 -0.0697778
-0.60794 -0.64117 0.206426 2.27572 2.27284 -0.0872222
-0.60763 -0.641054 0.0872222 2.27565 2.27289 -0.101759
-0.60732 -0.640938 0.0377963 2.27558 2.27295 -0.0785
-0.60701 -0.640676 0.125019 2.27551 2.27287 -0.110481
-0.6067 -0.640356 0.183167 2.27543 2.27269 -0.0697778
-0.60638 -0.640036 0.206426 2.27536 2.27252 -0.0872222
-0.60607 -0.639716 0.174444 2.27529 2.27234 -0.093037
-0.60576 -0.639426 0.165722 2.27522 2.27223 -0.093037
-0.60545 -0.639193 0.151185 2.27515 2.27217 -0.0872222
-0.60514 -0.638931 0.157 2.27508 2.27208 -0.0872222
-0.60482 -0.638786 0.0610556 2.27501 2.27208 -0.093037
-0.60451 -0.638612 0.0697778 2.27494 2.27208 -0.0785
-0.6042 -0.638321 0.165722 2.27486 2.27193 -0.0697778
-0.60389 -0.63771 0.293648 2.27479 2.2715 -0.093037
-0.60358 -0.637216 0.30237 2.27472 2.27118 -0.093037
-0.60327 -0.637071 0.119204 2.27465 2.27118 -0.093037
-0.60295 -0.637071 0 2.27458 2.27132 -0.0872222
-0.60264 -0.637071 0 2.2745 2.27147 -0.0785
-0.60233 -0.636664 0.197704 2.27443 2.27121 -0.0610556
-0.60202 -0.635995 0.334352 2.27436 2.27071 -0.0785
-0.60171 -0.63553 0.293648 2.27429 2.27039 -0.0610556
-0.6014 -0.635384 0.093037 2.27421 2.27036 -0.0872222
-0.60108 -0.635384 0 2.27414 2.27051 -0.0697778
-0.60077 -0.635355 0 2.27407 2.27066 -0.0610556
-0.60046 -0.635006 0.206426 2.274 2.27042 -0.0697778
-0.60015 -0.634425 0.316907 2.27392 2.26999 -0.0610556
-0.59984 -0.634018 0.284926 2.27385 2.26973 -0.0552407
-0.59953 -0.633814 0.133741 2.27378 2.26967 -0.0697778
-0.59921 -0.633727 0.0232593 2.2737 2.26975 -0.101759
-0.5989 -0.633553 0.0552407 2.27363 2.26973 -0.0610556
-0.59859 -0.633233 0.197704 2.27356 2.26955 -0.0785
-0.59828 -0.632797 0.252944 2.27348 2.26926 -0.0872222
-0.59797 -0.632419 0.238407 2.27341 2.26903 -0.093037
-0.59766 -0.632128 0.151185 2.27334 2.26894 -0.093037
-0.59735 -0.631925 0.125019 2.27326 2.26891 -0.093037
-0.59703 -0.631634 0.165722 2.27319 2.26879 -0.110481
-0.59672 -0.631372 0.165722 2.27312 2.26871 -0.110481
-0.59641 -0.63114 0.151185 2.27304 2.26868 -0.110481
-0.5961 -0.630907 0.125019 2.27297 2.26859 -0.101759
-0.59579 -0.630616 0.157 2.27289 2.2685 -0.101759
-0.59548 -0.63018 0.252944 2.27282 2.26824 -0.119204
-0.59517 -0.629744 0.270389 2.27275 2.26804 -0.125019
-0.59486 -0.629424 0.206426 2.27267 2.26792 -0.125019
-0.59454 -0.629337 0.0785 2.2726 2.26804 -0.133741
-0.59423 -0.629308 0 2.27252 2.26821 -0.125019
-0.59392 -0.629046 0.133741 2.27244 2.26818 -0.125019
-0.59361 -0.628552 0.316907 2.27236 2.26792 -0.125019
-0.5933 -0.627941 0.375056 2.27228 2.26754 -0.133741
-0.59299 -0.627563 0.24713 2.27219 2.2674 -0.142463
-0.59268 -0.627505 0.0697778 2.27211 2.26757 -0.151185
-0.59237 -0.627505 0 2.27203 2.26784 -0.165722
-0.59206 -0.62736 0.0465185 2.27194 2.26798 -0.157
-0.59175 -0.626895 0.279111 2.27186 2.26778 -0.165722
-0.59144 -0.626255 0.343074 2.27178 2.26746 -0.142463
-0.59113 -0.625877 0.270389 2.27169 2.26734 -0.183167
-0.59082 -0.625732 0.101759 2.27161 2.26749 -0.188981
-0.59051 -0.625732 0 2.27153 2.26784 -0.197704
-0.5902 -0.625528 0.110481 2.27144 2.26795 -0.188981
-0.58989 -0.62515 0.206426 2.27136 2.26789 -0.197704
-0.58958 -0.624627 0.284926 2.27127 2.26775 -0.183167
-0.58927 -0.624307 0.220963 2.27119 2.26775 -0.188981
-0.58896 -0.624104 0.110481 2.2711 2.26786 -0.183167
-0.58866 -0.623871 0.125019 2.27102 2.26798 -0.197704
-0.58835 -0.623551 0.174444 2.27093 2.26801 -0.188981
-0.58804 -0.623231 0.206426 2.27085 2.26801 -0.183167
-0.58773 -0.62297 0.157 2.27077 2.26807 -0.183167
-0.58742 -0.622737 0.119204 2.27068 2.26816 -0.174444
-0.58711 -0.622417 0.165722 2.2706 2.26813 -0.157
-0.5868 -0.621952 0.252944 2.27051 2.26795 -0.157
-0.58649 -0.621516 0.261667 2.27043 2.26781 -0.188981
-0.58618 -0.621313 0.151185 2.27034 2.26786 -0.157
-0.58587 -0.621254 0.00581481 2.27026 2.26804 -0.165722
-0.58556 -0.621109 0.0552407 2.27017 2.26818 -0.157
-0.58525 -0.620731 0.206426 2.27008 2.2681 -0.157
-0.58494 -0.620121 0.357611 2.27 2.26775 -0.183167
-0.58463 -0.619568 0.334352 2.26991 2.26749 -0.157
-0.58432 -0.619394 0.125019 2.26983 2.2676 -0.165722
-0.58401 -0.619394 0 2.26974 2.26789 -0.165722
-0.5837 -0.619423 -0.0465185 2.26966 2.26821 -0.188981
-0.58339 -0.619045 0.206426 2.26957 2.26818 -0.188981
-0.58309 -0.618405 0.366333 2.26948 2.26789 -0.197704
-0.58278 -0.617853 0.357611 2.2694 2.26772 -0.206426
-0.58247 -0.61762 0.157 2.26931 2.26789 -0.229685
-0.58216 -0.61762 0 2.26923 2.26836 -0.220963
-0.58185 -0.617475 0.0232593 2.26914 2.26871 -0.220963
-0.58154 -0.616981 0.24713 2.26905 2.26871 -0.24713
-0.58123 -0.616312 0.334352 2.26897 2.26845 -0.238407
-0.58092 -0.615847 0.284926 2.26888 2.26845 -0.238407
-0.58061 -0.615585 0.110481 2.26879 2.26859 -0.24713
-0.5803 -0.615411 0.101759 2.26871 2.26879 -0.206426
-0.57999 -0.615149 0.142463 2.26862 2.26888 -0.183167
-0.57969 -0.6148 0.206426 2.26853 2.26885 -0.206426
-0.57938 -0.61448 0.197704 2.26845 2.26882 -0.183167
-0.57907 -0.614131 0.188981 2.26836 2.26877 -0.165722
-0.57876 -0.613724 0.238407 2.26827 2.26865 -0.157
-0.57845 -0.613172 0.252944 2.26819 2.26848 -0.174444
-0.57814 -0.612823 0.188981 2.2681 2.26842 -0.157
-0.57783 -0.612648 0.0785 2.26801 2.26859 -0.174444
-0.57752 -0.612532 0.0552407 2.26792 2.26871 -0.142463
-0.57722 -0.612183 0.174444 2.26784 2.26862 -0.151185
-0.57691 -0.611573 0.32563 2.26775 2.2683 -0.142463
-0.5766 -0.610933 0.38087 2.26766 2.26795 -0.174444
-0.57629 -0.610613 0.220963 2.26757 2.26789 -0.151185
-0.57598 -0.610584 0.0232593 2.26749 2.26813 -0.151185
-0.57568 -0.610584 0 2.26737 2.26839 -0.165722
-0.57537 -0.610352 0.101759 2.26725 2.26839 -0.157
-0.57507 -0.609712 0.343074 2.26712 2.26804 -0.157
-0.57477 -0.609043 0.398315 2.26699 2.26763 -0.142463
-0.57446 -0.608578 0.252944 2.26687 2.26749 -0.142463
-0.57416 -0.608549 0.0552407 2.26674 2.26769 -0.142463
-0.57386 -0.608491 0.0552407 2.26662 2.26789 -0.142463
-0.57355 -0.608171 0.151185 2.26649 2.26781 -0.142463
-0.57325 -0.607648 0.293648 2.26637 2.26752 -0.142463
-0.57295 -0.607066 0.293648 2.26624 2.26717 -0.119204
-0.57264 -0.60663 0.215148 2.26611 2.26693 -0.110481
-0.57234 -0.60631 0.142463 2.26599 2.26685 -0.093037
-0.57204 -0.605961 0.151185 2.26586 2.26673 -0.093037
-0.57173 -0.605642 0.157 2.26574 2.26659 -0.101759
-0.57143 -0.605351 0.142463 2.26561 2.26644 -0.0872222
-0.57113 -0.604915 0.220963 2.26548 2.26615 -0.0697778
-0.57083 -0.604391 0.284926 2.26536 2.26577 -0.0610556
-0.57052 -0.603897 0.279111 2.26523 2.26545 -0.101759
-0.57022 -0.603636 0.157 2.26511 2.26531 -0.0872222
-0.56992 -0.603577 0.0377963 2.26498 2.26539 -0.0872222
-0.56961 -0.603461 0.0610556 2.26485 2.26542 -0.0610556
-0.56931 -0.603083 0.215148 2.26473 2.26516 -0.0785
-0.56901 -0.602443 0.366333 2.2646 2.26464 -0.0785
-0.56871 -0.601862 0.357611 2.26447 2.26417 -0.0785
-0.5684 -0.6016 0.151185 2.26434 2.26406 -0.0785
-0.5681 -0.6016 0 2.26422 2.26417 -0.0697778
-0.5678 -0.601542 0 2.26409 2.26426 -0.0785
-0.5675 -0.601135 0.206426 2.26396 2.26397 -0.0785
-0.56719 -0.600496 0.366333 2.26384 2.26345 -0.0552407
-0.56689 -0.599972 0.357611 2.26371 2.26301 -0.0785
-0.56659 -0.599681 0.188981 2.26358 2.26283 -0.0697778
-0.56629 -0.599623 0.0552407 2.26345 2.26289 -0.0377963
-0.56599 -0.599536 0.0465185 2.26333 2.26295 -0.0610556
-0.56568 -0.599245 0.151185 2.2632 2.26278 -0.093037
-0.56538 -0.598867 0.24713 2.26307 2.26249 -0.0465185
-0.56508 -0.598431 0.252944 2.26294 2.26217 -0.0785
-0.56478 -0.598111 0.206426 2.26282 2.26193 -0.0552407
-0.56448 -0.59785 0.165722 2.26269 2.26179 -0.0785
-0.56417 -0.597617 0.151185 2.26256 2.2617 -0.0872222
-0.56387 -0.597385 0.142463 2.26243 2.26158 -0.0785
-0.56357 -0.597152 0.110481 2.2623 2.2615 -0.0785
