torque_1 torque_1_t torque_2 torque_2_t
-0.22974 0 -0.569902 -0.153125
-0.0444002 0.021875 -0.563574 -0.525
-0.16303 0.240625 -0.551732 -0.371875
-0.238048 0.13125 -0.553836 -0.525
-0.24169 0.30625 -0.547508 -0.503125
-0.0127391 0.0875 -0.54118 -0.4375
-0.0586835 0.2625 -0.535724 -0.74375
-0.177313 0.021875 -0.530269 -0.6125
-0.25364 0.21875 -0.523941 -0.590625
-0.257282 0.109375 -0.521393 -0.546875
-0.143769 0.13125 -0.511286 -0.56875
0.0138054 0.196875 -0.50583 -0.65625
-0.12067 0.0875 -0.49863 -0.56875
0.00652204 0.153125 -0.492602 -0.328125
-0.272015 0.021875 -0.487147 -0.7
-0.276965 0 -0.479947 -0.65625
-0.133928 0.328125 -0.474491 -0.83125
-0.134953 0.21875 -0.469908 -0.503125
0.0226211 0.021875 -0.464452 -0.7875
-0.0537057 0.0875 -0.458124 -0.6125
-0.28994 0.065625 -0.451797 -0.56875
-0.293582 0.328125 -0.445469 -0.503125
-0.297673 0.459375 -0.439141 -0.525
-0.272241 0.196875 -0.432813 -0.678125
-0.114667 0.284375 -0.427358 -0.503125
0.000604444 0.371875 -0.422774 -0.525
-0.0321113 0.284375 -0.416447 -0.634375
-0.311957 0.065625 -0.410119 -0.65625
-0.199302 0.284375 -0.404091 -0.525
-0.31924 0.284375 -0.397763 -0.525
-0.205277 0.371875 -0.392308 -0.525
-0.323907 0.39375 -0.386852 -0.525
-0.255313 0.2625 -0.380524 -0.65625
-0.140042 0.21875 -0.375941 -0.525
-0.0564613 0.240625 -0.369613 -0.503125
-0.0310289 0.328125 -0.363286 -0.48125
-0.107356 0.153125 -0.356958 -0.6125
-0.34359 0.175 -0.35063 -0.4375
-0.34854 0.39375 -0.34343 -0.4375
-0.0746696 0.48125 -0.337974 -0.546875
-0.0756946 0.153125 -0.333391 -0.4375
-0.209311 0.21875 -0.327936 -0.39375
-0.356115 0.35 -0.32248 -0.459375
-0.359265 0.30625 -0.31468 -0.415625
-0.361107 0.240625 -0.308052 -0.459375
-0.245344 0.4375 -0.302297 -0.415625
-0.173192 0.371875 -0.296241 -0.48125
-0.21472 0.21875 -0.29223 -0.328125
-0.129339 0.35 -0.285602 -0.48125
-0.362465 0.2625 -0.279847 -0.39375
-0.364307 0.459375 -0.272919 -0.39375
-0.222086 0.328125 -0.265419 -0.39375
-0.22262 0.240625 -0.259663 -0.415625
-0.223153 0.284375 -0.253608 -0.65625
-0.0915446 0.240625 -0.248724 -0.35
-0.22422 0.30625 -0.242097 -0.4375
-0.370123 0.2625 -0.236041 -0.371875
-0.0666872 0.39375 -0.229413 -0.35
-0.343424 0.240625 -0.223658 -0.371875
-0.373032 0.30625 -0.217602 -0.371875
-0.140972 0.503125 -0.211847 -0.2625
-0.345024 0.284375 -0.206091 -0.21875
-0.301946 0.328125 -0.200036 -0.240625
-0.142572 0.328125 -0.19428 -0.30625
-0.259402 0.328125 -0.188524 -0.30625
-0.23217 0.39375 -0.181597 -0.30625
-0.189092 0.371875 -0.175841 -0.30625
-0.233236 0.30625 -0.157874 -0.30625
-0.104245 0.284375 -0.163158 -0.2625
-0.380982 0.21875 -0.157402 -0.2625
-0.0775456 0.328125 -0.150774 -0.240625
-0.26706 0.30625 -0.144719 -0.284375
-0.269352 0.284375 -0.138091 -0.04375
-0.0809039 0.2625 -0.132336 -0.240625
-0.0814372 0.284375 -0.12628 -0.284375
-0.155964 0.21875 -0.119652 -0.240625
-0.112886 0.328125 -0.113897 -0.04375
-0.158339 0.175 -0.106969 -0.04375
-0.160181 0.21875 -0.100341 -0.284375
-0.0893372 0.284375 -0.0937133 -0.021875
-0.0911789 0.13125 -0.0867856 0.065625
-0.122095 0.21875 -0.0801578 -0.021875
-0.398832 0.153125 -0.0744022 0.065625
-0.401982 0.13125 -0.0666022 0
-0.214842 0.459375 -0.0599744 0.0875
-0.404807 0.21875 -0.0542189 -0.021875
-0.100062 0.284375 -0.0490356 -0.065625
-0.289577 0.284375 -0.04328 -0.04375
-0.130203 0.328125 -0.0372244 0.021875
-0.409557 0.30625 -0.0297244 0.021875
-0.26472 0.39375 -0.0239689 -0.021875
-0.22295 0.328125 -0.0170411 -0.196875
-0.181181 0.2625 -0.0104133 -0.39375
-0.414307 0.328125 -0.00465778 0.240625
-0.343913 0.371875 0.00227 -0.065625
-0.184539 0.35 0.00802556 -0.503125
-0.228684 0.39375 0.0140811 0.065625
-0.227909 0.328125 0.0189644 -0.284375
-0.417423 0.328125 0.02472 0.065625
-0.419265 0.35 0.0316478 -0.021875
-0.114521 0.415625 0.0374033 0
-0.42164 0.328125 0.0443311 0
-0.393549 0.39375 0.0500867 0.04375
-0.232867 0.415625 0.05497 0.04375
-0.147486 0.415625 0.0618978 0
-0.278853 0.328125 0.0676533 -0.04375
-0.30846 0.35 0.0737089 -0.021875
-0.150395 0.39375 0.0803367 -0.04375
-0.311285 0.371875 0.0860922 0
-0.151911 0.546875 0.0921478 0.065625
-0.311902 0.35 0.0979033 0.04375
-0.151628 0.371875 0.103387 0.0875
-0.428773 0.328125 0.110314 0.13125
-0.355721 0.503125 0.11637 0.065625
-0.195447 0.415625 0.122426 0.065625
-0.148853 0.371875 0.126737 0.153125
-0.192097 0.35 0.132792 0.153125
-0.117737 0.284375 0.137976 0.109375
-0.308969 0.48125 0.144903 0.0875
-0.426207 0.35 0.152131 0.175
-0.427148 0.328125 0.159059 0.153125
-0.42854 0.415625 0.165987 0.153125
-0.121587 0.415625 0.17117 0.153125
-0.121221 0.415625 0.183913 0.39375
-0.426132 0.415625 0.182409 0.153125
-0.281703 0.415625 0.1905 0.13125
-0.428015 0.546875 0.193648 0.13125
-0.428957 0.371875 0.200003 0.240625
-0.122004 0.459375 0.208966 0.175
-0.195631 0.48125 0.221418 0.196875
-0.283795 0.546875 0.224857 0.2625
-0.31426 0.415625 0.221609 0.153125
-0.432807 0.39375 0.236968 0.2625
-0.433748 0.35 0.234011 0.30625
-0.0844928 0.6125 0.242111 0.21875
-0.156811 0.503125 0.243805 0.2625
-0.201364 0.328125 0.246081 0.546875
-0.436207 0.39375 0.263185 0.30625
-0.438907 0.415625 0.264879 0.48125
-0.441157 0.634375 0.275587 0.153125
-0.164586 0.525 0.278163 0.415625
-0.440423 0.415625 0.283637 0.459375
-0.412291 0.634375 0.287076 -0.021875
-0.166103 0.21875 0.282083 0.2625
-0.443698 0.6125 0.289301 0.459375
-0.445948 0.459375 0.294485 0.240625
-0.448198 0.678125 0.302585 0.459375
-0.44914 0.590625 0.311548 0.153125
-0.259792 0.6125 0.314987 -0.021875
-0.449715 0.721875 0.32017 0.415625
-0.451107 0.525 0.319829 0.459375
-0.452048 0.634375 0.321524 0.35
-0.45299 0.56875 0.330787 0.39375
-0.453932 0.678125 0.33597 0.48125
-0.338577 0.56875 0.333885 0.415625
-0.222364 0.546875 0.330055 0.503125
-0.455898 0.6125 0.343379 0.371875
-0.458148 0.546875 0.347118 0.415625
-0.460398 0.525 0.356953 0.415625
-0.227889 0.65625 0.358648 0.634375
-0.226214 0.56875 0.352783 0.35
-0.387063 0.35 0.354187 0.48125
-0.461998 0.678125 0.369846 0.371875
-0.187186 0.503125 0.376774 0.21875
-0.46564 0.546875 0.381085 0.590625
-0.2776 0.415625 0.376964 0.48125
-0.278542 0.4375 0.396103 0.35
-0.468915 0.459375 0.398679 0.765625
-0.471165 0.503125 0.404735 0.503125
-0.472107 0.590625 0.409046 0.0875
-0.473048 0.56875 0.408705 0.590625
-0.241847 0.634375 0.421457 0.48125
-0.359085 0.503125 0.415592 0.240625
-0.358719 0.56875 0.421066 0.459375
-0.477715 0.459375 0.425087 0.13125
-0.478657 0.4375 0.43057 0.35
-0.480907 0.56875 0.447674 0.525
-0.249706 0.503125 0.451985 0.546875
-0.207036 0.525 0.447864 0.65625
-0.484182 0.415625 0.465259 0.503125
-0.486432 0.503125 0.460276 0.546875
-0.489132 0.546875 0.476507 0.546875
-0.488765 0.328125 0.481981 0.503125
-0.489707 0.634375 0.486001 0.6125
-0.491098 0.678125 0.491485 0.503125
-0.49204 0.678125 0.499576 0.678125
-0.491673 0.6125 0.494874 0.56875
-0.493065 0.6125 0.507326 0.56875
-0.494007 0.6125 0.510192 0.56875
-0.219195 0.590625 0.506072 0.56875
-0.49634 0.56875 0.525792 0.678125
-0.424596 0.525 0.52139 0.6125
-0.499982 0.6125 0.532098 0.590625
-0.500923 0.590625 0.525361 0.6125
-0.501865 0.6125 0.541592 0.678125
-0.225745 0.7 0.543587 0.6125
-0.501582 0.6125 0.543246 0.6125
-0.503832 0.809375 0.548429 0.65625
-0.505632 0.678125 0.558274 0.853125
-0.506123 0.590625 0.553872 0.7875
-0.476233 0.590625 0.560227 0.853125
-0.50404 0.634375 0.574142 0.7875
-0.359161 0.65625 0.572929 0.721875
-0.316042 0.65625 0.57754 0.875
-0.360145 0.196875 0.581279 0.74375
-0.507315 0.7 0.585018 0.91875
-0.509115 0.721875 0.591374 0.74375
-0.509157 0.634375 0.597148 0.65625
-0.232136 0.590625 0.600587 0.56875
-0.507523 0.525 0.598801 0.74375
-0.275422 0.678125 0.608937 0.83125
-0.509815 0.65625 0.609768 0.7875
-0.511615 0.634375 0.61089 0.7875
-0.513415 0.678125 0.62277 0.7875
-0.208629 0.7 0.626218 0.7875
-0.281356 0.56875 0.636344 0.853125
-0.515748 0.4375 0.633687 0.875
-0.517548 0.30625 0.642659 0.7875
-0.519348 0.634375 0.646689 1.09375
-0.214562 0.853125 0.6513 0.984375
-0.447646 0.503125 0.650677 0.83125
-0.522132 0.4375 0.655289 0.4375
-0.523932 0.7 0.658155 0.74375
-0.525732 0.590625 0.661885 0.875
-0.526223 0.678125 0.663879 0.853125
-0.528023 0.65625 0.666164 0.809375
-0.528065 0.678125 0.662053 0.853125
-0.529865 0.678125 0.666955 0.853125
-0.254153 0.39375 0.662844 0.415625
-0.38417 0.7 0.66135 0.83125
-0.53134 0.48125 0.66189 0.83125
-0.53314 0.7 0.661268 0.83125
-0.53494 0.4375 0.656857 0.875
-0.53674 0.65625 0.650129 0.765625
-0.537232 0.634375 0.649798 0.7875
-0.539032 0.7 0.648303 0.765625
-0.540832 0.65625 0.647972 0.7875
-0.542632 0.7875 0.641244 0.809375
-0.544432 0.83125 0.635098 0.765625
-0.546232 0.634375 0.634185 0.765625
-0.548032 0.765625 0.63269 0.853125
-0.549832 0.65625 0.627998 0.875
-0.550323 0.83125 0.612257 0.809375
-0.552123 0.765625 0.604657 0.7875
-0.553923 0.74375 0.600537 0.7875
-0.555723 0.7 0.588285 0.7875
-0.557523 0.7875 0.58272 0.853125
-0.559323 0.7 0.573085 0.875
-0.561123 0.590625 0.565485 0.809375
-0.562923 0.83125 0.55614 0.853125
-0.564723 0.7875 0.545633 0.896875
-0.566973 0.765625 0.529892 0.83125
-0.568773 0.83125 0.517931 0.940625
-0.570573 0.7875 0.510331 0.853125
-0.572373 0.7875 0.496916 0.765625
-0.574173 0.7875 0.491933 0.83125
-0.575973 0.7875 0.481426 0.74375
-0.577773 0.809375 0.481966 0.74375
-0.579573 0.809375 0.477564 0.9625
-0.581373 0.940625 0.470546 0.634375
-0.583173 0.809375 0.471668 0.634375
-0.584973 0.853125 0.470174 0.7
-0.587223 0.7 0.474785 0.678125
-0.589023 0.853125 0.476779 0.39375
-0.590823 0.721875 0.477029 0.6125
-0.592623 0.91875 0.478151 0.48125
-0.594423 0.7875 0.48189 0.6125
-0.596223 0.875 0.48214 0.634375
-0.598023 0.853125 0.483544 0.634375
-0.599823 0.721875 0.486411 0.6125
-0.295487 0.83125 0.489568 0.590625
-0.602565 0.634375 0.4904 0.590625
-0.604365 0.74375 0.493266 0.56875
-0.606165 0.7875 0.498168 0.6125
-0.607965 0.765625 0.496383 0.634375
-0.332253 0.853125 0.501285 0.6125
-0.609398 0.590625 0.500372 0.6125
-0.611198 0.896875 0.506146 0.6125
-0.612998 0.853125 0.505233 0.721875
-0.614798 0.896875 0.507227 0.678125
-0.498994 0.853125 0.509522 0.7
-0.498627 0.65625 0.506283 0.678125
-0.616723 0.765625 0.511185 0.809375
-0.384622 0.853125 0.5094 0.65625
-0.619015 0.74375 0.514011 0.65625
-0.385606 0.721875 0.513389 0.65625
-0.430159 0.6125 0.515383 0.634375
-0.619632 0.6125 0.517377 0.6125
-0.591049 0.678125 0.519372 0.678125
-0.621923 0.765625 0.521366 0.634375
-0.432575 0.7 0.523361 0.6125
-0.343228 0.74375 0.523611 0.721875
-0.342411 0.678125 0.524733 0.7
-0.472428 0.4375 0.524111 0.6125
-0.620048 0.65625 0.528722 0.7
-0.591466 0.7 0.532461 0.65625
-0.387131 0.65625 0.52835 0.7
-0.473536 0.590625 0.529472 0.546875
-0.383739 0.634375 0.532639 0.678125
-0.308479 0.74375 0.530272 0.678125
-0.337145 0.7875 0.52995 0.721875
-0.612082 0.6125 0.533116 0.74375
-0.495827 0.678125 0.533366 0.74375
-0.536863 0.6125 0.537405 0.74375
-0.257634 0.875 0.533303 0.74375
-0.372664 0.546875 0.533553 0.721875
-0.371397 0.503125 0.534103 0.721875
-0.602273 0.6125 0.538142 0.721875
-0.603623 0.678125 0.547114 0.721875
-0.297079 0.809375 0.547664 0.765625
-0.293196 0.546875 0.54269 0.7875
-0.364164 0.634375 0.546429 0.7875
-0.407817 0.6125 0.55134 0.721875
-0.320636 0.546875 0.556542 0.765625
-0.596882 0.525 0.562898 0.721875
-0.596473 0.721875 0.568681 0.74375
-0.407534 0.896875 0.565742 0.7875
-0.243743 0.678125 0.570653 0.74375
-0.562291 0.503125 0.567996 0.74375
-0.284821 0.634375 0.572326 0.875
-0.58969 0.56875 0.578981 0.765625
-0.59104 0.634375 0.583011 0.721875
-0.589773 0.634375 0.583561 0.56875
-0.355914 0.4375 0.585855 0.896875
-0.353339 0.678125 0.586105 1.02812
-0.439295 0.83125 0.5884 0.6125
-0.585565 0.546875 0.590694 1.00625
-0.585607 0.678125 0.5895 0.721875
-0.280371 0.2625 0.594401 0.7
-0.583073 0.56875 0.59059 0.7875
-0.392825 0.678125 0.593757 0.65625
-0.581848 0.590625 0.592563 0.74375
-0.580132 0.39375 0.591359 0.7875
-0.580173 0.721875 0.593653 0.765625
-0.273629 0.7875 0.588098 0.809375
-0.272362 0.74375 0.590383 0.721875
-0.503688 0.634375 0.582792 0.765625
-0.577723 0.6125 0.582761 0.39375
-0.579073 0.65625 0.581566 0.721875
-0.577807 0.853125 0.573966 0.9625
-0.272571 0.7875 0.570155 0.7
-0.576582 0.809375 0.568379 0.896875
-0.344031 0.65625 0.560789 0.678125
-0.577523 0.7 0.559885 0.721875
-0.577565 0.7875 0.554029 0.875
-0.578915 0.91875 0.548474 0.678125
-0.580265 0.7875 0.544081 0.7875
-0.581615 0.74375 0.538526 0.721875
-0.436286 0.875 0.530053 0.6125
-0.583007 0.678125 0.519264 0.65625
-0.584357 0.83125 0.515453 0.809375
-0.585707 0.65625 0.508153 0.721875
-0.587057 0.9625 0.506377 0.590625
-0.588407 0.809375 0.501976 0.56875
-0.589757 0.765625 0.499327 0.4375
-0.591107 0.83125 0.484468 0.39375
-0.592457 1.05 0.477168 0.65625
-0.593807 0.83125 0.476846 0.65625
-0.595157 0.83125 0.472735 0.7875
-0.596507 0.896875 0.470668 0.721875
-0.597857 0.83125 0.467729 0.678125
-0.599207 0.765625 0.465372 0.65625
-0.600557 0.7875 0.460689 0.634375
-0.601907 0.83125 0.459194 0.634375
-0.603257 0.7875 0.458872 0.634375
-0.604607 0.7875 0.459422 0.6125
-0.605957 0.721875 0.455611 0.634375
-0.607757 0.721875 0.453253 0.590625
-0.609107 0.74375 0.454676 0.590625
-0.610457 0.809375 0.450564 0.590625
-0.611807 0.9625 0.451987 0.56875
-0.495552 0.83125 0.451664 0.590625
-0.613198 1.05 0.453087 0.56875
-0.614548 0.765625 0.450148 0.853125
-0.615898 0.4375 0.454187 0.721875
-0.617248 0.896875 0.453564 0.6125
-0.588216 0.9625 0.45237 0.634375
-0.61909 0.765625 0.448268 0.65625
-0.342928 0.853125 0.450853 0.678125
-0.620482 0.83125 0.449659 0.590625
-0.473845 0.765625 0.449337 0.6125
-0.620565 0.74375 0.454248 0.590625
-0.621915 0.7 0.451309 0.634375
-0.623265 0.765625 0.446035 0.678125
-0.625065 0.853125 0.450946 0.74375
-0.436125 0.896875 0.454403 0.56875
-0.625148 0.853125 0.451174 0.765625
-0.626498 0.91875 0.450851 0.678125
-0.553855 0.809375 0.449366 0.6125
-0.62834 0.765625 0.454277 0.590625
-0.627073 0.809375 0.456572 0.590625
-0.628423 1.1375 0.457994 0.56875
-0.438175 0.809375 0.457372 0.6125
-0.627198 0.940625 0.456759 0.6125
-0.598616 0.984375 0.462833 0.65625
-0.62904 0.7875 0.467744 0.371875
-0.510577 0.9625 0.468303 0.940625
-0.50886 0.415625 0.472342 0.590625
-0.62344 0.7 0.4761 0.6125
-0.34552 0.74375 0.481011 0.525
-0.620865 0.678125 0.48157 0.65625
-0.386556 0.284375 0.479503 0.6125
-0.61874 0.65625 0.485587 0.65625
-0.617023 0.56875 0.490498 0.7
-0.265968 0.721875 0.493092 0.56875
-0.42285 0.678125 0.494514 0.56875
-0.304837 0.7 0.494492 0.590625
-0.609707 0.546875 0.499403 0.65625
-0.46217 0.7 0.504614 0.678125
-0.605823 0.65625 0.505464 0.678125
-0.48781 0.721875 0.503979 0.65625
-0.484785 0.65625 0.51297 0.721875
-0.206865 0.74375 0.516137 0.74375
-0.319686 0.48125 0.518731 0.678125
-0.477877 0.525 0.519281 0.678125
-0.593765 0.56875 0.521003 0.6125
-0.593357 0.7 0.527959 0.634375
-0.44627 0.7 0.531998 0.240625
-0.284646 0.7 0.536627 0.7
-0.470152 0.634375 0.53805 0.634375
-0.352139 0.48125 0.539481 0.65625
-0.583015 0.56875 0.542939 0.765625
-0.305095 0.7 0.545242 0.765625
-0.508205 0.7875 0.549 0.896875
-0.433803 0.65625 0.553039 0.74375
-0.577457 0.634375 0.554761 0.7
-0.271771 0.7 0.559672 0.7
-0.459035 0.7 0.562266 0.678125
-0.50048 0.678125 0.563116 0.634375
-0.340164 0.634375 0.568318 0.721875
-0.296145 0.56875 0.566261 0.7875
-0.38165 0.459375 0.574079 0.7
-0.571532 0.590625 0.574929 0.721875
-0.569815 0.56875 0.575779 0.7
-0.569407 0.634375 0.576911 0.721875
-0.218801 0.7 0.578051 0.678125
-0.217084 0.415625 0.580646 0.765625
-0.375275 0.525 0.585848 0.721875
-0.565157 0.525 0.585535 0.74375
-0.566057 0.590625 0.588129 0.7
-0.566957 0.678125 0.588679 0.74375
-0.566548 0.678125 0.58982 0.721875
-0.56614 0.678125 0.589498 0.74375
-0.564423 0.765625 0.595 0.721875
-0.564015 0.765625 0.589453 0.7
-0.564915 0.765625 0.593783 0.678125
-0.44821 0.91875 0.594633 0.7
-0.565407 0.809375 0.596646 0.74375
-0.566307 0.875 0.597496 0.721875
-0.565898 0.853125 0.596592 0.74375
-0.566798 0.875 0.593953 0.721875
-0.567698 0.875 0.594803 0.74375
-0.538216 0.853125 0.5939 0.765625
-0.56864 0.853125 0.5869 0.7875
-0.56954 1.00625 0.586005 0.7
-0.57044 0.853125 0.583357 0.765625
-0.57134 0.91875 0.574322 0.7
-0.57224 0.83125 0.569066 0.74375
-0.57314 0.853125 0.563801 0.765625
-0.57404 0.853125 0.557383 0.7875
-0.573632 0.875 0.552418 0.7875
-0.574532 0.875 0.544255 0.7875
-0.575432 0.875 0.536083 0.765625
-0.576782 0.91875 0.531409 0.7875
-0.577682 0.853125 0.525281 0.765625
-0.578582 0.91875 0.516818 0.7
-0.579482 0.83125 0.51069 0.721875
-0.580382 0.721875 0.509796 0.65625
-0.581282 0.765625 0.503377 0.7
-0.582632 0.7875 0.503927 0.83125
-0.583532 0.765625 0.500126 0.678125
-0.584432 0.7875 0.500976 0.6125
-0.585332 0.83125 0.500953 0.7
-0.586232 0.765625 0.501213 0.678125
-0.587582 0.678125 0.502935 0.634375
-0.588482 0.7875 0.499424 0.65625
-0.589382 0.7875 0.504635 0.65625
-0.590282 0.765625 0.505485 0.91875
-0.591632 0.6125 0.508651 0.678125
-0.592532 0.765625 0.511246 0.721875
-0.593432 0.765625 0.512968 0.678125
-0.476727 0.765625 0.513818 0.7
-0.593065 0.721875 0.51902 0.6125
-0.593965 0.809375 0.518998 0.590625
-0.593557 0.91875 0.518976 0.634375
-0.594457 0.809375 0.520698 0.6125
-0.405517 0.984375 0.518931 0.65625
-0.287504 0.721875 0.518609 0.634375
-0.447003 0.678125 0.516551 0.65625
-0.403434 0.984375 0.522926 0.65625
-0.593315 0.415625 0.518542 0.6125
-0.594215 0.853125 0.525789 0.65625
-0.594257 0.765625 0.517626 0.634375
-0.518546 0.83125 0.518176 0.634375
-0.240626 0.83125 0.517281 0.6125
-0.281662 0.7875 0.515514 0.678125
-0.441161 0.721875 0.518109 0.634375
-0.587432 0.678125 0.513726 0.634375
-0.442103 0.765625 0.51632 0.65625
-0.586615 0.721875 0.51717 0.678125
-0.512621 0.83125 0.519192 0.65625
-0.581832 0.21875 0.511029 0.65625
-0.230776 0.56875 0.51247 0.65625
-0.386759 0.809375 0.508959 0.65625
-0.544499 0.678125 0.508364 0.721875
-0.49958 0.634375 0.507479 0.678125
-0.337506 0.56875 0.50862 0.678125
-0.219043 0.525 0.505118 0.65625
-0.260487 0.525 0.505968 0.7
-0.256562 0.546875 0.505374 0.678125
-0.56229 0.503125 0.504489 0.634375
-0.561432 0.678125 0.511735 0.634375
-0.558815 0.7875 0.510268 0.6125
-0.251371 0.678125 0.51229 0.634375
-0.202976 0.525 0.507907 0.6125
-0.15544 0.765625 0.513418 0.56875
-0.429477 0.503125 0.509035 0.678125
-0.312322 0.546875 0.50815 0.678125
-0.544057 0.2625 0.516568 0.65625
-0.426902 0.525 0.51829 0.678125
-0.54189 0.525 0.520313 0.721875
-0.26352 0.721875 0.522335 0.721875
-0.42126 0.525 0.523476 0.678125
-0.39002 0.525 0.524626 0.65625
-0.460088 0.634375 0.519379 0.590625
-0.225329 0.503125 0.524009 0.65625
-0.252236 0.503125 0.52167 0.634375
-0.526273 0.48125 0.527472 0.56875
-0.292822 0.74375 0.523098 0.7
-0.40826 0.503125 0.523948 0.678125
-0.37657 0.48125 0.523644 0.678125
-0.287181 0.678125 0.51927 0.546875
-0.518915 0.74375 0.522155 0.6125
-0.518057 0.6125 0.518653 0.678125
-0.517198 0.721875 0.518059 0.6125
-0.208446 0.590625 0.517755 0.56875
-0.277656 0.74375 0.5125 0.6125
-0.362711 0.503125 0.510161 0.7
-0.274631 0.503125 0.511311 0.634375
-0.507223 0.2625 0.513905 0.6125
-0.230161 0.65625 0.507205 0.65625
-0.506815 0.503125 0.512135 0.74375
-0.505957 0.634375 0.512413 0.65625
-0.271197 0.7 0.508029 0.65625
-0.501623 0.503125 0.507726 0.56875
-0.223253 0.765625 0.499863 0.56875
-0.49729 0.503125 0.496942 0.6125
-0.496432 0.6125 0.492859 0.65625
-0.496882 0.721875 0.492837 0.65625
-0.21982 0.371875 0.490789 0.56875
-0.347178 0.4375 0.482053 0.7875
-0.215486 0.328125 0.475644 0.765625
-0.49214 0.284375 0.472133 0.7875
-0.49259 0.7 0.466887 0.65625
-0.375435 0.678125 0.45757 0.634375
-0.461799 0.678125 0.456103 0.546875
-0.299725 0.83125 0.448531 0.634375
-0.458774 0.6125 0.440087 0.678125
-0.414305 0.590625 0.441809 0.634375
-0.253539 0.678125 0.432492 0.6125
-0.485273 0.56875 0.424629 0.56875
-0.486173 0.678125 0.424907 0.56875
-0.485315 0.503125 0.4153 0.6125
-0.483148 0.765625 0.414696 0.678125
-0.48229 0.7 0.40945 0.56875
-0.334753 0.7875 0.405366 0.590625
-0.479265 0.809375 0.400411 0.7875
-0.173129 0.721875 0.395164 0.65625
-0.201345 0.6125 0.396314 0.525
-0.171412 0.328125 0.396592 0.48125
-0.47759 0.30625 0.39279 0.196875
-0.47804 0.6125 0.396848 0.74375
-0.477182 0.328125 0.395963 0.503125
-0.242422 0.525 0.394496 0.459375
-0.327478 0.525 0.396518 0.459375
-0.397996 0.39375 0.392435 0.65625
-0.19407 0.48125 0.395329 0.525
-0.236822 0.284375 0.399968 0.48125
-0.467248 0.30625 0.399374 0.48125
-0.233797 0.6125 0.397316 0.415625
-0.230322 0.678125 0.399339 0.525
-0.155921 0.546875 0.397 0.6125
-0.184136 0.503125 0.403383 0.503125
-0.2705 0.48125 0.403661 0.590625
-0.226031 0.371875 0.402776 0.74375
-0.34061 0.284375 0.412066 0.6125
-0.308061 0.2625 0.411181 0.546875
-0.101068 0.2625 0.407679 0.503125
-0.25795 0.328125 0.41697 0.525
-0.254475 0.21875 0.417248 0.503125
-0.251 0.21875 0.418398 0.590625
-0.132537 0.30625 0.422164 0.48125
-0.0872094 0.35 0.432327 0.56875
-0.157728 0.35 0.427663 0.459375
-0.0828761 0.35 0.436081 0.7875
-0.0794011 0.459375 0.437231 0.525
-0.308519 0.30625 0.442742 0.6125
-0.146445 0.35 0.440985 0.634375
-0.230642 0.30625 0.445624 0.65625
-0.138636 0.196875 0.451426 0.503125
0.0247461 0.240625 0.447051 0.56875
-0.218909 0.196875 0.458959 0.525
-0.215434 0.35 0.45255 0.525
-0.25557 0.284375 0.468237 0.525
-0.0934956 0.371875 0.465907 0.56875
-0.0455511 0.328125 0.470546 0.65625
-0.113453 0.2625 0.478964 0.590625
-0.0822122 0.30625 0.482731 0.525
-0.267719 0.21875 0.477194 0.634375
-0.0765706 0.328125 0.48067 0.590625
-0.103928 0.175 0.485309 0.56875
-0.186367 0.175 0.500124 0.56875
-0.1842 0.196875 0.50797 0.83125
-0.180725 0.21875 0.504177 0.546875
-0.0186511 0.2625 0.517248 0.765625
-0.174225 0.175 0.518107 0.6125
-0.0848363 0.196875 0.521001 0.74375
-0.0522872 0.153125 0.533781 0.65625
-0.00650944 0.13125 0.531451 0.7
-0.0484039 0.13125 0.543359 0.65625
-0.351515 0.13125 0.542474 0.678125
-0.074453 0.196875 0.553509 0.765625
-0.319866 0.109375 0.553496 0.721875
-0.201403 0.21875 0.55639 0.6125
-0.199236 0.196875 0.568598 0.721875
-0.225285 0.109375 0.568003 0.678125
-0.339415 0.240625 0.577876 0.65625
-0.264563 0.240625 0.58455 0.765625
-0.14655 0.284375 0.590061 0.721875
-0.187995 0.240625 0.590639 0.678125
-0.331198 0.2625 0.590916 0.721875
-0.0545863 0.2625 0.5973 0.721875
-0.0246539 0.240625 0.601939 0.765625
-0.140092 0.328125 0.605424 0.721875
-0.328665 0.2625 0.608318 0.765625
-0.329115 0.371875 0.611213 0.765625
-0.0511946 0.328125 0.61527 0.7875
-0.0926391 0.175 0.610324 0.721875
-0.0917807 0.2625 0.61787 0.896875
-0.25128 0.2625 0.61902 0.765625
-0.324415 0.284375 0.620461 0.83125
-0.322698 0.21875 0.619294 0.7875
-0.323148 0.328125 0.623351 0.765625
-0.250055 0.328125 0.620722 0.7
-0.249196 0.284375 0.618674 0.765625
-0.248788 0.39375 0.622159 0.7875
-0.0153372 0.21875 0.624472 0.74375
-0.321515 0.284375 0.621261 0.7
-0.321965 0.2625 0.620094 0.7
-0.322865 0.2625 0.618918 0.74375
-0.323315 0.30625 0.61687 0.721875
-0.322907 0.153125 0.61047 0.678125
-0.323357 0.30625 0.604061 0.721875
-0.324257 0.328125 0.596489 0.74375
-0.324707 0.35 0.592696 0.721875
-0.325607 0.35 0.581935 0.7875
-0.326057 0.415625 0.57349 0.765625
-0.326957 0.35 0.560685 0.7
-0.327407 0.328125 0.55254 0.7875
-0.328307 0.415625 0.542351 0.7875
-0.329207 0.39375 0.528674 0.765625
-0.329657 0.371875 0.515877 0.809375
-0.330557 0.371875 0.505689 0.74375
-0.331007 0.35 0.498126 0.74375
-0.331907 0.371875 0.482413 0.809375
-0.332807 0.35 0.476585 0.7875
-0.333257 0.35 0.466405 0.7875
-0.334157 0.371875 0.45767 0.7
-0.334607 0.371875 0.452424 0.7875
-0.335507 0.35 0.450385 0.765625
-0.336407 0.35 0.44165 0.7
-0.336857 0.39375 0.441355 0.809375
-0.337757 0.39375 0.443377 0.7
-0.338657 0.371875 0.439003 0.721875
-0.339107 0.371875 0.440453 0.7
-0.340007 0.35 0.436079 0.7
-0.340907 0.39375 0.440146 0.678125
-0.341357 0.56875 0.443331 0.6125
-0.342257 0.39375 0.447098 0.590625
-0.343157 0.39375 0.446803 0.56875
-0.344057 0.459375 0.45057 0.48125
-0.344507 0.39375 0.450276 0.56875
-0.111506 0.459375 0.450263 0.6125
-0.34369 0.415625 0.456655 0.590625
-0.34459 0.371875 0.458677 0.590625
-0.34504 0.371875 0.457511 0.590625
-0.315108 0.503125 0.454309 0.678125
-0.153034 0.196875 0.450526 0.546875
-0.194478 0.459375 0.449059 0.7875
-0.150009 0.48125 0.4508 0.546875
-0.192761 0.459375 0.451377 0.590625
-0.338582 0.48125 0.4537 0.6125
-0.339032 0.371875 0.449916 0.371875
-0.0624196 0.284375 0.450194 0.590625
-0.307383 0.30625 0.446701 0.678125
-0.33429 0.371875 0.439429 0.546875
-0.100839 0.4375 0.43739 0.6125
-0.0259872 0.30625 0.436224 0.65625
-0.256413 0.30625 0.439709 0.4375
-0.139709 0.35 0.428648 0.56875
-0.327832 0.30625 0.42312 0.415625
-0.297899 0.240625 0.41672 0.765625
-0.135825 0.35 0.417589 0.4375
0.0262489 0.39375 0.408572 0.525
-0.0447196 0.240625 0.398683 0.678125
-0.0438613 0.240625 0.391411 0.503125
-0.320515 0.109375 0.384139 0.634375
-0.320965 0.2625 0.375694 0.546875
-0.319248 0.30625 0.364061 0.65625
-0.129409 0.21875 0.354172 0.634375
-0.316223 0.196875 0.345155 0.48125
-0.316673 0.35 0.337011 0.415625
-0.317573 0.371875 0.330611 0.48125
-0.318023 0.328125 0.320722 0.7
-0.0845724 0.39375 0.316357 0.459375
-0.318065 0.39375 0.301816 0.546875
-0.318515 0.39375 0.291055 0.459375
-0.318965 0.525 0.284074 0.371875
-0.319865 0.415625 0.269533 0.4375
-0.320315 0.525 0.263705 0.328125
-0.320765 0.525 0.254398 0.371875
-0.321665 0.525 0.250614 0.328125
-0.322115 0.30625 0.244796 0.39375
-0.323015 0.328125 0.238105 0.39375
-0.323465 0.30625 0.235776 0.39375
-0.323915 0.30625 0.237226 0.35
-0.324815 0.30625 0.235187 0.35
-0.325265 0.39375 0.231985 0.284375
-0.326165 0.415625 0.234307 0.328125
-0.326615 0.4375 0.236629 0.328125
-0.327065 0.415625 0.241568 0.328125
-0.327965 0.459375 0.24389 0.35
-0.328415 0.4375 0.243305 0.415625
-0.329315 0.35 0.249407 0.459375
-0.329765 0.48125 0.249694 0.30625
-0.330665 0.590625 0.252016 0.284375
-0.329807 0.371875 0.255501 0.30625
-0.258021 0.328125 0.26044 0.39375
-0.331157 0.328125 0.26189 0.459375
-0.332057 0.30625 0.266829 0.30625
-0.331198 0.6125 0.26857 0.35
-0.332098 0.35 0.270601 0.4375
-0.300858 0.328125 0.26769 0.415625
-0.329523 0.35 0.273501 0.459375
-0.329973 0.4375 0.275251 0.371875
-0.330873 0.4375 0.273213 0.35
-0.0538113 0.503125 0.275244 0.459375
-0.330915 0.2625 0.280474 0.48125
-0.0974641 0.284375 0.280761 0.525
-0.330957 0.35 0.283083 0.328125
-0.331857 0.35 0.289185 0.39375
-0.330998 0.328125 0.285983 0.284375
-0.141609 0.35 0.291794 0.371875
-0.329732 0.525 0.296733 0.35
-0.329323 0.328125 0.296148 0.35
-0.330223 0.328125 0.307483 0.415625
-0.0240872 0.284375 0.304581 0.459375
-0.138667 0.4375 0.307776 0.459375
-0.0510363 0.196875 0.313877 0.48125
-0.32769 0.153125 0.318816 0.371875
-0.051078 0.56875 0.322011 0.328125
-0.328182 0.415625 0.32317 0.371875
-0.328632 0.30625 0.329853 0.371875
-0.328223 0.39375 0.335092 0.371875
-0.327815 0.459375 0.337414 0.371875
-0.21111 0.284375 0.34497 0.39375
-0.32569 0.284375 0.345257 0.415625
-0.325282 0.371875 0.351068 0.459375
-0.324873 0.240625 0.356007 0.503125
-0.324465 0.240625 0.36239 0.459375
-0.322748 0.328125 0.357444 0.503125
-0.324098 0.35 0.371396 0.503125
-0.0910974 0.39375 0.371392 0.459375
-0.177911 0.196875 0.387379 0.459375
-0.0902807 0.196875 0.384759 0.525
-0.324223 0.459375 0.393187 0.459375
-0.0912224 0.2625 0.401614 0.459375
-0.323407 0.4375 0.413822 0.503125
-0.322998 0.240625 0.417598 0.503125
-0.32304 0.2625 0.425153 0.590625
-0.322632 0.2625 0.433581 0.56875
-0.205927 0.2625 0.442009 0.56875
-0.176445 0.284375 0.450437 0.525
-0.175178 0.240625 0.458283 0.56875
-0.17477 0.21875 0.465548 0.525
-0.32104 0.30625 0.474848 0.56875
-0.175711 0.459375 0.482403 0.56875
-0.131692 -0.021875 0.490831 0.590625
-0.131284 0.2625 0.499259 0.6125
-0.044103 0.13125 0.512629 0.56875
-0.290824 0.328125 0.515242 0.56875
-0.320798 0.13125 0.531229 0.56875
-0.322148 0.546875 0.531226 0.634375
-0.132759 0.13125 0.538781 0.590625
-0.0147456 0.546875 0.545464 0.6125
-0.318757 0.415625 0.563196 0.7875
-0.319657 0.196875 0.569007 0.721875
-0.320557 0.21875 0.569294 0.721875
-0.321907 0.240625 0.58529 0.678125
-0.205202 0.6125 0.585577 0.6125
-0.322848 0.21875 0.601564 0.7
-0.17707 0.48125 0.60912 0.721875
-0.32379 0.13125 0.617548 0.765625
-0.32469 0.459375 0.624231 0.74375
-0.1353 0.56875 0.62917 0.7875
-0.325632 0.13125 0.630329 0.809375
-0.326532 0.56875 0.637303 0.7875
-0.327882 0.503125 0.649511 0.678125
-0.328782 0.153125 0.651542 0.875
-0.330132 0 0.657072 0.721875
-0.331032 0.65625 0.662883 0.91875
-0.332382 0 0.667822 0.415625
-0.331973 0.2625 0.670144 0.875
-0.333323 0.415625 0.674211 0.853125
-0.334223 0.6125 0.675951 0.875
-0.335573 0.546875 0.68089 0.853125
-0.336473 0.65625 0.684385 0.83125
-0.337823 0.546875 0.68787 0.91875
-0.338723 0.240625 0.691064 0.896875
-0.340073 0.525 0.69077 0.91875
-0.340973 0.328125 0.689603 0.875
-0.342323 0.328125 0.696577 0.853125
-0.343673 0.590625 0.693666 0.809375
-0.344573 0.74375 0.697451 0.765625
-0.345923 0.590625 0.697157 0.546875
-0.346823 0.546875 0.69977 0.853125
-0.348173 0.525 0.698603 0.875
-0.349523 0.525 0.695692 0.853125
-0.350423 0.65625 0.693953 0.875
-0.351773 0.525 0.69395 0.91875
-0.352673 0.678125 0.694818 0.809375
-0.354023 0.459375 0.686674 0.809375
-0.355373 0.74375 0.68289 0.83125
-0.356273 0.503125 0.677081 0.83125
-0.357623 0.503125 0.675333 0.83125
-0.358973 0.30625 0.67155 0.91875
-0.359873 0.590625 0.659044 0.809375
-0.361223 0.48125 0.650327 0.6125
-0.362573 0.48125 0.641601 0.91875
-0.363473 0.48125 0.62677 0.809375
-0.364823 0.4375 0.609903 0.940625
-0.366173 0.525 0.593627 1.02812
-0.367523 0.525 0.569492 1.05
-0.368423 0.590625 0.55437 1.11563
-0.369773 0.74375 0.54042 1.07187
-0.371123 0.7 0.52239 0.7875
-0.372023 0.634375 0.504942 0.809375
-0.373373 0.65625 0.490401 0.809375
-0.374723 0.48125 0.480522 0.7875
-0.376073 0.590625 0.468016 0.765625
-0.376973 0.7 0.456092 0.7
-0.378323 0.48125 0.453481 0.721875
-0.379673 0.503125 0.442139 0.765625
-0.381023 0.590625 0.445624 0.634375
-0.381923 0.678125 0.440105 0.7
-0.382823 0.48125 0.439239 0.7875
-0.383723 0.48125 0.436627 0.765625
-0.384623 0.590625 0.432844 0.546875
-0.385523 0.48125 0.426744 0.6125
-0.386423 0.590625 0.422098 0.6125
-0.387323 0.48125 0.422394 0.546875
-0.0816372 0.48125 0.421227 0.48125
-0.387815 0.48125 0.42414 0.525
-0.387407 0.525 0.423274 0.546875
-0.388307 0.6125 0.422116 0.48125
-0.389657 0.65625 0.420377 0.503125
-0.389248 0.6125 0.420083 0.525
-0.156247 0.6125 0.422124 0.634375
-0.388432 0.634375 0.420385 0.546875
-0.389332 0.525 0.417774 0.546875
-0.390232 0.6125 0.417779 0.546875
-0.199534 0.459375 0.418948 0.525
-0.388107 0.546875 0.410513 0.590625
-0.388148 0.525 0.414298 0.65625
-0.389048 0.196875 0.412559 0.525
-0.38864 0.634375 0.406459 0.590625
-0.386923 0.65625 0.403848 0.74375
-0.152614 0.721875 0.39862 0.415625
-0.385248 0.65625 0.396009 0.503125
-0.386148 0.56875 0.391653 0.546875
-0.38574 0.48125 0.387289 0.4375
-0.38664 0.503125 0.386422 0.590625
-0.268627 0.503125 0.382357 0.503125
-0.0796872 0.56875 0.378874 0.503125
-0.108353 0.4375 0.373646 0.48125
-0.385457 0.4375 0.370163 0.525
-0.386807 0.415625 0.366098 0.48125
-0.387707 0.48125 0.359126 0.39375
-0.388607 0.4375 0.357677 0.39375
-0.388198 0.4375 0.353613 0.4375
-0.155647 0.503125 0.340244 0.459375
-0.38914 0.415625 0.333272 0.525
-0.112528 0.546875 0.32629 0.35
-0.390082 0.48125 0.316701 0.35
-0.390982 0.6125 0.300716 0.328125
-0.391882 0.590625 0.294616 0.328125
-0.393232 0.7 0.279503 0.48125
-0.394132 0.56875 0.269042 0.39375
-0.395032 0.56875 0.261779 0.459375
-0.396382 0.48125 0.253935 0.39375
-0.397282 0.546875 0.2458 0.39375
-0.398182 0.546875 0.237664 0.371875
-0.399532 0.546875 0.233309 0.35
-0.400432 0.546875 0.228081 0.39375
-0.401782 0.525 0.22169 0.35
-0.402682 0.678125 0.220824 0.415625
-0.403582 0.65625 0.213561 0.39375
-0.404932 0.525 0.215311 0.39375
-0.405832 0.546875 0.208629 0.35
-0.407182 0.65625 0.209507 0.371875
-0.408082 0.7 0.213001 0.35
-0.409432 0.74375 0.210972 0.30625
-0.410332 0.65625 0.213894 0.328125
-0.411682 0.83125 0.22175 0.328125
-0.412582 0.634375 0.225244 0.4375
-0.413932 0.74375 0.229611 0.2625
-0.414832 0.6125 0.233105 0.459375
-0.385799 0.590625 0.238344 0.2625
-0.414465 0.6125 0.240094 0.328125
-0.414507 0.546875 0.243589 0.328125
-0.415407 0.56875 0.2497 0.35
-0.226467 0.590625 0.25145 0.328125
-0.297435 0.459375 0.254944 0.328125
-0.413773 0.56875 0.258439 0.30625
-0.414673 0.546875 0.266013 0.284375
-0.182122 0.56875 0.267472 0.328125
-0.341621 0.590625 0.269222 0.328125
-0.109071 0.56875 0.275333 0.328125
-0.41439 0.590625 0.275339 0.39375
-0.41529 0.74375 0.282322 0.328125
-0.299035 0.7 0.285816 0.35
-0.342238 0.6125 0.288439 0.30625
-0.340971 0.546875 0.29107 0.35
-0.136186 0.6125 0.295727 0.415625
-0.410673 0.56875 0.301839 0.30625
-0.410715 0.678125 0.303298 0.459375
-0.412065 0.65625 0.306792 0.175
-0.135903 0.590625 0.312903 0.284375
-0.381766 0.590625 0.314653 0.328125
-0.105154 0.678125 0.317276 0.39375
-0.337788 0.590625 0.328039 0.525
-0.410515 0.525 0.329498 0.503125
-0.411865 0.546875 0.334164 0.35
-0.134395 0.678125 0.332135 0.39375
-0.263961 0.4375 0.338246 0.525
-0.176781 0.39375 0.349009 0.525
-0.410273 0.590625 0.349596 0.503125
-0.411623 0.503125 0.360359 0.6125
-0.179072 0.021875 0.36647 0.503125
-0.411707 0.39375 0.367929 0.503125
-0.411748 0.590625 0.374922 0.525
-0.413098 0.590625 0.378998 0.371875
-0.41314 0.6125 0.394413 0.415625
-0.413182 0.590625 0.395581 0.4375
-0.414532 0.546875 0.404309 0.525
-0.225592 0.7 0.417689 0.4375
-0.414615 0.48125 0.422064 0.525
-0.415965 0.6125 0.431664 0.4375
-0.416865 0.65625 0.441264 0.546875
-0.418215 0.6125 0.450864 0.48125
-0.271578 0.7 0.45872 0.546875
-0.228009 0.678125 0.467748 0.525
-0.184439 0.6125 0.476476 0.678125
-0.418382 0.590625 0.486076 0.65625
-0.419732 0.503125 0.495676 0.65625
-0.421082 0.48125 0.505276 0.721875
-0.115846 0.56875 0.514303 0.7
-0.347171 0.590625 0.528846 0.74375
-0.421207 0.503125 0.530887 0.7875
-0.276328 0.459375 0.544557 0.809375
-0.423048 0.459375 0.54777 0.7
-0.42309 0.6125 0.558533 0.634375
-0.191847 0.6125 0.57482 0.590625
-0.424482 0.459375 0.582676 0.678125
-0.425832 0.546875 0.578911 0.678125
-0.425873 0.590625 0.595779 0.7
-0.15102 0.721875 0.602763 0.678125
-0.428573 0.48125 0.610337 0.721875
-0.429923 0.765625 0.615285 0.6125
-0.431273 0.7875 0.626048 0.74375
-0.432623 0.678125 0.633031 0.74375
-0.434423 0.65625 0.639442 0.853125
-0.433157 0.896875 0.642937 0.7875
-0.434507 0.83125 0.648466 0.83125
-0.435857 0.7875 0.658366 0.74375
-0.437207 0.56875 0.661861 0.83125
-0.438557 0.56875 0.66739 1.09375
-0.440357 0.240625 0.671476 0.83125
-0.441707 0.6125 0.675842 1.09375
-0.443057 0.6125 0.678464 0.984375
-0.443098 0.590625 0.678189 0.940625
-0.444448 0.809375 0.679939 0.853125
-0.446248 0.765625 0.684024 0.91875
-0.447598 0.6125 0.685774 0.875
-0.448948 0.590625 0.68607 0.875
-0.450298 0.721875 0.679979 0.875
-0.451648 0.6125 0.68202 0.875
-0.453448 0.6125 0.684642 0.875
-0.454798 0.6125 0.680587 0.875
-0.456148 0.765625 0.677103 0.809375
-0.457498 0.809375 0.676827 0.91875
-0.459298 0.590625 0.673344 0.83125
-0.460648 0.853125 0.671605 0.7875
-0.461998 0.809375 0.665805 0.7875
-0.463798 0.809375 0.659705 0.83125
-0.465148 0.83125 0.660592 0.7875
-0.466498 0.7875 0.651585 0.853125
-0.468298 0.7875 0.648692 0.853125
-0.469198 0.984375 0.64202 0.83125
-0.470548 0.809375 0.637955 0.809375
-0.471898 0.65625 0.627503 1.07187
-0.472798 0.853125 0.621122 0.83125
-0.474148 0.765625 0.61445 0.809375
-0.475498 0.896875 0.607196 0.7875
-0.477707 0.765625 0.595 0.83125
-0.479057 0.765625 0.588327 0.809375
-0.480407 0.65625 0.580783 0.83125
-0.481757 0.6125 0.565389 0.940625
-0.482657 0.678125 0.550276 0.9625
-0.484007 0.809375 0.542731 0.74375
-0.485357 0.35 0.531407 0.7875
-0.486707 0.74375 0.521827 0.809375
-0.487607 0.7 0.518644 0.721875
-0.488957 0.83125 0.512844 0.765625
-0.490307 0.35 0.50937 0.74375
-0.491657 0.896875 0.504442 0.721875
-0.493007 0.875 0.501259 0.896875
-0.493907 0.984375 0.496331 0.634375
-0.495257 0.83125 0.494892 0.678125
-0.496607 0.875 0.492581 0.6125
-0.497957 0.809375 0.492014 0.7
-0.499307 0.809375 0.489413 0.721875
-0.500657 0.984375 0.487101 0.6125
-0.502007 0.7875 0.488279 0.65625
-0.502907 0.809375 0.481607 0.590625
-0.504257 0.809375 0.483657 0.65625
-0.505607 0.7 0.479601 0.6125
-0.506957 0.6125 0.479907 0.634375
-0.506998 0.65625 0.482829 0.634375
-0.508348 0.809375 0.475866 0.65625
-0.509698 0.678125 0.477335 0.634375
-0.480666 0.30625 0.483164 0.39375
-0.509782 0.83125 0.480853 0.634375
-0.511132 0.809375 0.474181 0.65625
-0.511173 0.940625 0.474487 0.48125
-0.512073 0.765625 0.470731 0.65625
-0.323134 0.2625 0.470455 0.678125
-0.513465 0.6125 0.464655 0.678125
-0.440821 0.678125 0.466124 0.634375
-0.513548 0.875 0.460324 0.590625
-0.325917 0.853125 0.456268 0.65625
-0.51494 0.7875 0.446107 0.4375
-0.514982 0.83125 0.447576 0.590625
-0.516332 0.721875 0.436542 0.634375
-0.515065 0.721875 0.431614 0.56875
-0.39881 0.83125 0.421753 0.65625
-0.238945 0.809375 0.4145 0.4375
-0.516948 0.721875 0.404048 0.415625
-0.328009 0.765625 0.399411 0.4375
-0.51834 0.765625 0.390122 0.4375
-0.51969 0.83125 0.384613 0.56875
-0.52104 0.721875 0.372135 0.503125
-0.52239 0.678125 0.358485 0.4375
-0.52374 0.7 0.348324 0.6125
-0.52509 0.74375 0.338744 0.6125
-0.52644 0.74375 0.332363 0.525
-0.52824 0.83125 0.31755 0.56875
-0.52959 0.74375 0.308261 0.39375
-0.53094 0.721875 0.300716 0.48125
-0.53274 0.875 0.291137 0.371875
-0.53409 0.765625 0.282429 0.39375
-0.53589 0.765625 0.27314 0.415625
-0.53724 0.875 0.266177 0.4375
-0.53904 0.765625 0.261259 0.371875
-0.54039 0.7875 0.253714 0.39375
-0.54174 0.83125 0.249368 0.546875
-0.54354 0.30625 0.245022 0.525
-0.54489 0.91875 0.235442 0.415625
-0.54669 0.875 0.236329 0.371875
-0.54804 0.91875 0.239251 0.371875
-0.54984 0.83125 0.238685 0.30625
-0.55119 0.765625 0.240735 0.415625
-0.55299 0.6125 0.242494 0.4375
-0.55434 0.74375 0.241927 0.459375
-0.55614 0.984375 0.249801 0.4375
-0.3672 0.896875 0.252433 0.240625
-0.557982 0.7875 0.256227 0.328125
-0.559332 0.91875 0.261185 0.415625
-0.561132 0.875 0.264689 0.2625
-0.561173 0.6125 0.267901 0.328125
-0.561665 0.765625 0.269951 0.371875
-0.532633 0.765625 0.274918 0.65625
-0.329606 0.7875 0.274351 0.2625
-0.257412 0.74375 0.275529 0.371875
-0.562732 0.91875 0.276707 0.39375
-0.563223 0.809375 0.27614 0.415625
-0.564573 0.634375 0.281398 0.35
-0.448769 0.940625 0.279668 0.371875
-0.260279 0.765625 0.280846 0.48125
-0.565598 0.765625 0.280861 0.2625
-0.333497 0.875 0.284946 0.35
-0.56744 0.6125 0.283516 0.4375
-0.56924 0.74375 0.289055 0.35
-0.569732 0.7875 0.298083 0.35
-0.569773 0.153125 0.301005 0.39375
-0.292753 0.48125 0.302192 0.503125
-0.569448 0.48125 0.311511 0.35
-0.570798 0.721875 0.311526 0.65625
-0.572598 0.875 0.317064 0.39375
-0.57309 0.853125 0.320287 0.415625
-0.573132 0.984375 0.325535 0.4375
-0.428253 1.02812 0.331074 0.415625
-0.574115 0.83125 0.331961 0.39375
-0.574607 0.83125 0.336637 0.4375
-0.575957 0.7 0.345664 0.4375
-0.576448 0.984375 0.35382 0.4375
-0.578248 0.984375 0.36402 0.4375
-0.549666 0.984375 0.373048 0.56875
-0.578782 0.765625 0.382076 0.48125
-0.580582 0.853125 0.392276 0.459375
-0.508388 0.7875 0.401303 0.39375
-0.581565 0.91875 0.410331 0.415625
-0.581607 1.09375 0.419659 0.4375
-0.583407 0.91875 0.429559 0.546875
-0.58259 0.940625 0.437714 0.48125
-0.58439 0.853125 0.447914 0.6125
-0.468585 0.721875 0.456942 0.65625
-0.584923 0.83125 0.46597 0.721875
-0.396434 0.56875 0.475298 0.590625
-0.46961 0.809375 0.484326 0.525
-0.281121 0.91875 0.493353 0.48125
-0.514205 0.875 0.502681 0.56875
-0.58869 0.765625 0.512581 0.6125
-0.589182 0.74375 0.532085 0.56875
-0.589673 0.765625 0.530064 0.678125
-0.471252 0.853125 0.537348 0.65625
-0.44267 0.853125 0.553063 0.6125
-0.587223 0.853125 0.56239 0.65625
-0.589023 0.7875 0.566766 0.765625
-0.591273 0.721875 0.582481 1.02812
-0.590457 0.809375 0.589764 0.7
-0.590948 0.721875 0.59414 0.875
-0.286162 0.765625 0.592711 0.7
-0.592382 0.9625 0.602029 0.74375
-0.594182 1.09375 0.613674 0.678125
-0.595982 0.940625 0.624737 0.875
-0.597782 0.853125 0.633192 0.83125
-0.408434 0.984375 0.633498 0.9625
-0.596598 0.809375 0.642816 0.721875
-0.598398 1.09375 0.651272 0.7875
-0.600198 0.83125 0.649833 0.853125
-0.602448 0.853125 0.657116 0.896875
-0.60294 1.02812 0.662655 0.83125
-0.60474 0.940625 0.668785 0.765625
-0.605682 0.83125 0.670544 0.875
-0.607482 0.546875 0.678118 0.853125
-0.607973 0.83125 0.683085 0.875
-0.579841 1.05 0.685426 0.896875
-0.610715 0.984375 0.68922 0.91875
-0.538521 0.9625 0.69157 0.896875
-0.613457 0.896875 0.69362 0.896875
-0.615257 0.765625 0.697414 0.896875
-0.617057 0.83125 0.700637 0.853125
-0.617998 0.459375 0.699198 0.91875
-0.619798 0.853125 0.7059 0.940625
-0.62074 0.853125 0.706505 0.984375
-0.62254 0.853125 0.707392 0.91875
-0.506735 0.875 0.711777 0.940625
-0.625282 0.809375 0.711211 0.875
-0.627082 0.415625 0.712389 0.853125
-0.629332 1.09375 0.714157 0.91875
-0.631132 0.91875 0.714463 0.896875
-0.632073 0.940625 0.714487 0.91875
-0.633873 1.11563 0.712176 0.875
-0.635673 1.07187 0.710737 0.875
-0.637923 1.05 0.715122 0.875
-0.639723 0.91875 0.713974 0.896875
-0.566671 1.11563 0.707601 0.91875
-0.641157 0.634375 0.709942 0.875
-0.643407 0.940625 0.704442 0.896875
-0.645207 1.07187 0.699805 0.9625
-0.647457 0.853125 0.696622 0.7875
-0.649257 1.00625 0.69054 0.875
-0.651507 1.00625 0.684159 0.809375
-0.653307 1.02812 0.67517 0.940625
-0.655557 0.91875 0.664137 0.940625
-0.657357 0.853125 0.654276 0.984375
-0.659607 0.91875 0.644114 0.940625
-0.661857 0.875 0.632218 0.9625
-0.663657 1.07187 0.616533 0.91875
-0.665907 1.09375 0.609289 0.875
-0.667707 0.940625 0.594766 0.896875
-0.669957 1.05 0.584614 0.940625
-0.671757 1.07187 0.578814 0.809375
-0.674007 1.18125 0.566046 0.74375
-0.676257 1.24687 0.559383 0.765625
-0.678057 1.15938 0.55649 0.896875
-0.680307 1.225 0.548955 0.83125
-0.682557 1.07187 0.542864 0.765625
-0.684357 1.18125 0.542889 0.809375
-0.686157 0.940625 0.539714 0.65625
-0.687957 0.896875 0.53247 0.7875
-0.689307 1.15938 0.531631 0.721875
-0.691107 0.546875 0.530492 0.721875
-0.692457 1.15938 0.528781 0.65625
-0.694257 0.48125 0.529387 0.721875
-0.548928 1.07187 0.525931 0.678125
-0.695648 0.765625 0.524211 0.7
-0.69614 0.984375 0.5225 0.678125
-0.69749 1.02812 0.519035 0.634375
-0.69929 0.984375 0.518196 0.678125
-0.553961 0.984375 0.51444 0.7
-0.42362 1.02812 0.511276 0.721875
-0.423661 0.74375 0.507239 0.65625
-0.701665 0.809375 0.49447 0.65625
-0.703015 0.984375 0.49305 0.4375
-0.704815 0.9625 0.485805 0.65625
-0.559936 0.896875 0.479733 0.590625
-0.471447 0.853125 0.471044 0.6125
-0.428328 0.765625 0.462055 0.546875
-0.63058 1.07187 0.455111 0.546875
-0.705065 0.415625 0.449029 0.525
-0.706415 1.05 0.438596 0.721875
-0.430703 1.00625 0.432814 0.721875
-0.633405 0.984375 0.421209 0.634375
-0.632138 0.875 0.410776 0.6125
-0.706623 0.896875 0.403831 0.765625
-0.430461 0.371875 0.39775 0.525
-0.474564 0.74375 0.384118 0.546875
-0.475056 0.896875 0.369324 0.503125
-0.708998 0.984375 0.354229 0.415625
-0.710798 0.39375 0.340307 0.525
-0.71129 0.853125 0.328129 0.546875
-0.710023 0.984375 0.300242 0.459375
-0.521534 1.09375 0.295333 0.459375
-0.565636 0.875 0.278213 0.525
-0.711048 0.634375 0.257894 0.4375
-0.712848 1.11563 0.248033 0.56875
-0.714648 1.09375 0.232657 0.503125
-0.71514 1.1375 0.220189 0.525
-0.715182 1.09375 0.214116 0.371875
-0.716982 1.15938 0.203092 0.4375
-0.644788 1.11563 0.198474 0.56875
-0.719273 0.9625 0.193855 0.590625
-0.720623 1.20312 0.192726 0.525
-0.722423 1.09375 0.189551 0.459375
-0.724223 0.65625 0.18784 0.39375
-0.448511 1.02812 0.191363 0.35
-0.60846 0.809375 0.190233 0.371875
-0.726557 1.00625 0.1955 0.590625
-0.728357 0.91875 0.196977 0.415625
-0.730157 0.940625 0.201953 0.35
-0.730648 0.48125 0.208092 0.30625
-0.729832 1.05 0.212487 0.284375
-0.731182 1.24687 0.215137 0.175
-0.731673 1.24687 0.221276 0.30625
-0.730857 1.1375 0.226542 0.39375
-0.58467 1.11563 0.234998 0.39375
-0.496631 1.09375 0.230379 0.35
-0.540734 0.91875 0.242042 0.35
-0.731515 0.940625 0.245274 0.35
-0.732415 0.940625 0.252585 0.35
-0.585778 1.05 0.263385 0.30625
-0.700358 1.05 0.260811 0.35
-0.421129 0.590625 0.271029 0.240625
-0.578461 0.984375 0.273989 0.35
-0.445911 1.1375 0.290313 0.328125
-0.720398 0.74375 0.297624 0.48125
-0.442478 1.09375 0.306098 0.39375
-0.441211 0.91875 0.310801 0.35
-0.56902 0.853125 0.315496 0.39375
-0.569061 0.809375 0.324551 0.30625
-0.59511 0.875 0.332735 0.328125
-0.405721 1.00625 0.344126 0.39375
-0.403146 0.9625 0.347657 0.415625
-0.59041 0.853125 0.356131 0.4375
-0.428786 0.896875 0.360535 0.4375
-0.705032 0.875 0.365529 0.415625
-0.469414 0.4375 0.366153 0.39375
-0.395462 0.91875 0.38742 0.546875
-0.582727 0.765625 0.390379 0.503125
-0.58146 0.91875 0.389259 0.48125
-0.697348 0.940625 0.398314 0.48125
-0.69739 0.83125 0.406798 0.48125
-0.461772 0.35 0.414981 0.525
-0.344209 0.7875 0.423464 0.503125
-0.457481 0.83125 0.430776 0.56875
-0.384837 0.91875 0.440703 0.525
-0.689707 0.853125 0.450931 0.590625
-0.691057 0.83125 0.461731 0.678125
-0.413136 0.7875 0.471087 0.65625
-0.688073 0.721875 0.480142 0.7
-0.292548 1.05 0.488326 0.7
-0.378504 0.809375 0.497681 0.7
-0.378096 0.83125 0.507609 0.7
-0.450822 0.83125 0.517837 0.590625
-0.683457 0.13125 0.527764 0.48125
-0.683048 1.11563 0.53712 0.65625
-0.491492 1.00625 0.545303 0.65625
-0.328559 0.896875 0.553787 0.721875
-0.237454 0.7 0.560226 0.7
-0.673607 0.634375 0.570453 0.6125
-0.674507 0.9625 0.586196 0.765625
-0.674548 0.415625 0.599913 0.765625
-0.555677 0.940625 0.597339 0.765625
-0.362362 0.875 0.608729 0.74375
-0.316176 0.875 0.616913 0.721875
-0.634724 0.7875 0.620163 0.74375
-0.431247 0.853125 0.637359 0.74375
-0.66474 0.875 0.645842 0.83125
-0.432639 0.65625 0.64792 0.875
-0.430064 0.809375 0.656394 0.74375
-0.545094 0.6125 0.662833 0.91875
-0.660123 0.765625 0.665201 0.853125
-0.540394 0.74375 0.671931 0.7875
-0.37922 0.74375 0.668785 0.7
-0.462559 0.7 0.674061 1.00625
-0.652032 0.875 0.67265 0.875
-0.653382 0.91875 0.681124 0.809375
-0.375911 0.896875 0.677968 0.7875
-0.578613 0.7875 0.677148 0.853125
-0.373828 0.809375 0.680389 0.853125
-0.648765 0.7 0.672581 0.896875
-0.649257 0.9625 0.672914 0.896875
-0.649298 1.00625 0.670931 0.896875
-0.4595 0.853125 0.666903 0.896875
-0.52961 0.875 0.660259 0.809375
-0.339362 0.853125 0.657103 0.896875
-0.411231 0.7875 0.652503 0.83125
-0.645173 0.83125 0.649348 0.875
-0.646973 0.875 0.653461 0.809375
-0.648323 0.415625 0.645653 0.7875
-0.371303 0.7 0.64367 0.853125
-0.412339 0.678125 0.636444 0.875
-0.367911 0.7875 0.631544 0.875
-0.645465 0.634375 0.627816 0.875
-0.647265 0.83125 0.62815 0.91875
-0.648615 0.765625 0.627901 0.875
-0.371595 0.91875 0.627953 0.853125
-0.341254 0.30625 0.619564 0.875
-0.647023 0.284375 0.61292 0.765625
-0.648373 0.459375 0.609483 1.00625
-0.650173 0.940625 0.601094 0.91875
-0.651523 0.940625 0.596785 0.83125
-0.301818 0.809375 0.583744 0.83125
-0.416847 0.83125 0.575646 0.853125
-0.649932 0.875 0.564068 0.7
-0.651732 0.875 0.554516 0.678125
-0.653082 0.875 0.544683 0.7
-0.654882 0.7875 0.536876 0.809375
-0.624991 1.07187 0.528487 0.875
-0.654107 0.74375 0.51749 0.809375
-0.655907 0.875 0.506485 0.4375
-0.655948 0.809375 0.496361 0.7875
-0.655132 0.875 0.481576 0.853125
-0.654315 0.875 0.47872 0.39375
-0.420456 0.875 0.467424 0.721875
-0.652232 0.721875 0.463114 0.6125
-0.654032 1.07187 0.460831 0.7
-0.655832 0.721875 0.456813 0.7
-0.654565 0.809375 0.45889 0.634375
-0.464767 0.896875 0.45807 0.65625
-0.536635 0.853125 0.450263 0.6125
-0.506295 0.9625 0.453803 0.6125
-0.418256 0.940625 0.448613 0.6125
-0.65134 0.678125 0.450409 0.56875
-0.506461 0.984375 0.449298 0.546875
-0.37612 0.74375 0.448759 0.590625
-0.417606 0.721875 0.44822 0.6125
-0.461709 0.7875 0.445937 0.590625
-0.622108 0.74375 0.439592 0.721875
-0.463142 0.83125 0.44167 0.590625
-0.504628 0.765625 0.436189 0.634375
-0.342596 0.83125 0.426637 0.634375
-0.529452 0.7 0.43105 0.6125
-0.252882 0.765625 0.427313 0.6125
-0.500503 0.74375 0.424157 0.546875
-0.368853 0.6125 0.420129 0.56875
-0.645548 0.6125 0.417564 0.546875
-0.572496 0.678125 0.411792 0.546875
-0.368161 0.721875 0.40602 0.503125
-0.409647 0.7 0.397922 0.39375
-0.409281 0.809375 0.390705 0.6125
-0.641057 0.7 0.384061 0.503125
-0.408956 0.721875 0.375672 0.56875
-0.408589 0.56875 0.361477 0.39375
-0.52276 0.65625 0.340587 0.525
-0.639998 0.678125 0.334233 0.04375
-0.64049 0.853125 0.323527 0.459375
-0.334396 0.765625 0.308742 0.415625
-0.290418 0.634375 0.300653 0.284375
-0.334521 0.74375 0.284996 0.525
-0.451759 0.590625 0.278061 0.678125
-0.64254 0.39375 0.267064 0.4375
-0.64434 0.7 0.259548 0.30625
-0.645282 0.853125 0.253485 0.35
-0.339187 0.7 0.248594 0.503125
-0.369203 0.6125 0.242531 0.48125
-0.645898 0.678125 0.240548 0.39375
-0.648148 0.74375 0.236229 0.371875
-0.649948 0.765625 0.239479 0.48125
-0.649582 0.546875 0.237777 0.371875
-0.417481 1.00625 0.241027 0.35
-0.534719 0.7875 0.243977 0.371875
-0.652815 0.984375 0.253033 0.328125
-0.655065 0.91875 0.257737 0.328125
-0.656865 0.83125 0.259814 0.39375
-0.659115 0.875 0.268298 0.39375
-0.427014 0.984375 0.280261 0.4375
-0.544252 0.896875 0.28322 0.35
-0.428897 0.765625 0.288787 0.30625
-0.66329 0.48125 0.292037 0.2625
-0.66554 0.91875 0.30052 0.30625
-0.666032 0.9625 0.309576 0.371875
-0.477992 0.853125 0.315442 0.30625
-0.55031 0.853125 0.321881 0.30625
-0.433197 0.765625 0.322514 0.39375
-0.665423 0.7875 0.325174 0.39375
-0.433322 0.875 0.337437 0.48125
-0.361579 0.74375 0.341559 0.371875
-0.477509 0.678125 0.349742 0.371875
-0.478 0.83125 0.358226 0.371875
-0.667923 0.7 0.36292 0.546875
-0.670173 0.74375 0.372276 0.590625
-0.668048 0.765625 0.376398 0.6125
-0.273873 0.7875 0.38022 0.590625
-0.359421 0.7875 0.386377 0.590625
-0.431739 0.678125 0.389037 0.503125
-0.519453 0.721875 0.394031 0.4375
-0.664007 0.721875 0.405422 0.4375
-0.664498 0.7875 0.4081 0.503125
-0.358404 0.853125 0.413966 0.56875
-0.588871 0.678125 0.413437 0.459375
-0.428597 0.765625 0.420476 0.590625
-0.515003 0.74375 0.428087 0.634375
-0.660865 0.721875 0.42524 0.459375
-0.660048 0.765625 0.439539 0.459375
-0.383028 0.765625 0.44715 0.590625
-0.219687 0.678125 0.44692 0.13125
-0.419772 0.48125 0.447263 0.765625
-0.654165 0.459375 0.458081 0.678125
-0.655965 0.7 0.468309 0.7
-0.656907 0.721875 0.473303 0.546875
-0.422189 0.7875 0.480051 0.6125
-0.258848 0.678125 0.47487 0.721875
-0.416631 0.4375 0.482781 0.721875
-0.417122 0.459375 0.492137 0.721875
-0.651515 0.634375 0.503537 0.765625
-0.376253 0.721875 0.513764 0.984375
-0.345054 0.503125 0.522548 0.6125
-0.344237 0.6125 0.531903 0.809375
-0.650007 0.39375 0.542431 0.809375
-0.652257 0.7 0.553531 0.4375
-0.46115 0.525 0.562605 0.678125
-0.459025 0.809375 0.569926 0.83125
-0.615499 0.4375 0.577837 1.02812
-0.52791 0.721875 0.597368 0.809375
-0.409489 0.7 0.60557 0.83125
-0.365061 0.415625 0.601842 0.809375
-0.496386 0.678125 0.611498 0.765625
-0.453717 0.74375 0.621153 0.765625
-0.64319 0.65625 0.631672 0.721875
-0.569688 0.7 0.644235 0.984375
-0.24689 0.634375 0.645159 0.721875
-0.359753 0.525 0.655105 0.765625
-0.561146 0.546875 0.667668 0.7875
-0.634773 0.7 0.675279 0.83125
-0.636573 0.7 0.687842 0.634375
-0.517294 0.7 0.685568 1.11563
-0.237657 0.721875 0.699003 0.9625
-0.232915 0.634375 0.702553 0.39375
-0.321079 0.39375 0.702896 0.91875
-0.437867 0.546875 0.707318 0.984375
-0.629098 0.765625 0.72337 0.525
-0.62959 0.65625 0.727792 1.05
-0.234107 0.371875 0.737148 1.07187
-0.477803 0.48125 0.737209 0.9625
-0.345295 0.634375 0.741631 1.02812
-0.623298 0.7 0.751859 0.896875
-0.347586 0.678125 0.757153 0.940625
-0.390831 0.6125 0.763611 0.809375
-0.316471 0.371875 0.769777 1.11563
-0.344728 0.546875 0.773027 1.1375
-0.621873 0.546875 0.781229 1.05
-0.622365 0.590625 0.778383 1.18125
-0.621998 0.7 0.789492 0.9625
-0.269676 0.83125 0.787809 1.26875
-0.22439 0.546875 0.786698 1.225
-0.265876 0.415625 0.786759 1.20312
-0.426725 0.415625 0.794961 0.7
-0.470828 0.7875 0.793277 0.9625
-0.618448 0.13125 0.800898 0.65625
-0.501785 0.48125 0.79747 1.02812
-0.311987 0.634375 0.798976 1.00625
-0.381689 0.56875 0.791187 1.00625
-0.584841 0.65625 0.785433 1.05
-0.584024 0.678125 0.777653 1.00625
-0.4233 0.678125 0.775679 0.9625
-0.376256 0.809375 0.764111 0.940625
-0.491735 0.65625 0.762146 1.05
-0.607215 0.65625 0.759009 0.9625
-0.607707 0.7 0.754427 0.91875
-0.535513 0.74375 0.742287 0.7
-0.460703 0.328125 0.737696 0.9625
-0.299121 0.65625 0.729626 0.984375
-0.603582 0.809375 0.728524 0.896875
-0.573691 0.809375 0.709114 1.02812
-0.414275 0.853125 0.704524 0.940625
-0.60244 0.765625 0.690929 0.984375
-0.484019 0.896875 0.677035 0.984375
-0.325053 0.853125 0.664313 0.9625
-0.60044 0.7 0.652463 0.984375
-0.600932 0.896875 0.638568 1.09375
-0.601423 0.7 0.624683 0.91875
-0.295329 0.7 0.596551 1.15938
-0.366339 0.6125 0.581203 0.940625
-0.596807 0.6125 0.559177 0.940625
-0.598607 0.721875 0.545864 0.875
-0.599548 0.7 0.53227 0.91875
-0.60004 0.875 0.520129 0.9625
-0.481619 0.91875 0.510024 0.896875
-0.248209 0.240625 0.498455 0.503125
-0.321836 0.7875 0.493292 0.765625
-0.59984 0.56875 0.486676 0.721875
-0.60164 0.7875 0.483248 0.590625
-0.601273 0.4375 0.479248 0.634375
-0.48416 0.896875 0.477283 0.721875
-0.293054 0.896875 0.471248 0.65625
-0.410292 0.65625 0.469564 0.74375
-0.601073 0.590625 0.471961 0.6125
-0.603323 0.7 0.467961 0.590625
-0.605123 0.7 0.464833 0.6125
-0.530313 0.9625 0.457916 0.634375
-0.32512 0.721875 0.454207 0.6125
-0.455136 0.875 0.449335 0.4375
-0.601448 0.875 0.445335 0.6125
-0.603248 0.940625 0.44715 0.6125
-0.60419 0.940625 0.442277 0.56875
-0.488385 0.765625 0.434489 0.590625
-0.458945 0.7875 0.429907 0.546875
-0.413209 0.853125 0.421546 0.525
-0.370539 0.765625 0.415801 0.56875
-0.602315 0.765625 0.405696 0.503125
-0.603257 0.896875 0.404894 0.48125
-0.603748 0.83125 0.386648 0.503125
-0.327178 0.91875 0.381194 0.503125
-0.297287 0.853125 0.371961 0.459375
-0.45552 0.721875 0.361274 0.39375
-0.325178 0.809375 0.347679 0.459375
-0.529638 0.7875 0.34397 0.39375
-0.604123 0.765625 0.333855 0.415625
-0.603757 0.853125 0.316481 0.35
-0.370797 0.765625 0.295618 0.39375
-0.297296 0.721875 0.282024 0.39375
-0.369614 0.65625 0.264068 0.4375
-0.457778 0.83125 0.25309 0.415625
-0.604948 0.721875 0.237461 0.546875
-0.60589 0.65625 0.21399 0.4375
-0.60814 0.13125 0.200977 0.546875
-0.300737 0.721875 0.183603 0.39375
-0.330753 0.65625 0.1703 0.459375
-0.331245 0.175 0.15467 0.590625
-0.609248 0.065625 0.1469 0.21875
-0.611048 0.6125 0.142909 0.503125
-0.613298 0.91875 0.140363 0.328125
-0.615098 0.721875 0.142768 0.39375
-0.61559 0.7875 0.143139 0.35
-0.61739 0.721875 0.149605 0.371875
-0.61964 0.809375 0.149103 0.30625
-0.620132 1.00625 0.161976 0.284375
-0.345728 0.83125 0.165253 0.284375
-0.623732 0.7 0.176953 0.503125
-0.625982 0.7875 0.185464 0.35
-0.627782 1.02812 0.185835 0.328125
-0.629582 0.7 0.198707 0.525
-0.631382 1.00625 0.206046 0.30625
-0.633632 0.853125 0.212813 0.4375
-0.635432 0.853125 0.227429 -0.109375
-0.518319 0.721875 0.237103 0.284375
-0.634248 0.809375 0.242707 0.30625
-0.329462 0.83125 0.254698 0.284375
-0.562996 0.634375 0.264081 0.21875
-0.636173 0.74375 0.268813 0.175
-0.637973 0.74375 0.271509 0.328125
-0.361403 0.765625 0.290196 0.328125
-0.360586 0.83125 0.297835 0.21875
-0.606041 0.74375 0.297333 0.6125
-0.636915 0.721875 0.306998 0.35
-0.638715 1.02812 0.321033 0.48125
-0.450675 0.74375 0.335068 0.39375
-0.289951 0.9625 0.343579 0.4375
-0.522177 0.83125 0.353835 0.35
-0.638965 0.984375 0.366126 0.4375
-0.641215 0.896875 0.372601 0.459375
-0.643015 0.984375 0.382857 0.4375
-0.645265 1.02812 0.393113 0.459375
-0.573071 1.00625 0.399879 0.48125
-0.646698 0.48125 0.41217 0.503125
-0.648498 0.371875 0.414285 0.503125
-0.64944 0.91875 0.430937 0.809375
-0.65169 0.853125 0.432179 0
-0.652182 0.503125 0.439818 0.546875
-0.653123 0.875 0.446294 0.590625
-0.653615 0.853125 0.464981 0.590625
-0.655865 0.9625 0.473492 0.634375
-0.656807 1.1375 0.477351 0.809375
-0.628224 0.896875 0.482383 0.109375
-0.46795 0.503125 0.496418 0.7875
-0.657873 1.02812 0.507546 0.590625
-0.658365 0.83125 0.509661 0.678125
-0.660615 1.07187 0.518172 0.634375
-0.354971 0.853125 0.523776 0.634375
-0.38192 0.74375 0.542753 0.765625
-0.657757 0.896875 0.542833 0.65625
-0.660007 0.875 0.55804 0.65625
-0.661807 0.74375 0.566551 0.240625
-0.428847 0.875 0.569539 0.721875
-0.310876 0.91875 0.578922 0.546875
-0.425497 0.56875 0.589468 0.853125
-0.513211 0.7 0.602059 0.875
-0.660382 0.21875 0.610579 0.48125
-0.661323 0.91875 0.618518 0.525
-0.355229 0.74375 0.628492 0.765625
-0.4694 0.809375 0.633814 0.7875
-0.58488 0.7 0.64407 0.415625
-0.657198 0.240625 0.647648 0.6125
-0.65769 0.7875 0.655587 0.525
-0.381978 0.809375 0.663816 0.35
-0.54021 0.721875 0.670011 0.91875
-0.350412 0.634375 0.675624 1.05
-0.65749 0.65625 0.683563 0.853125
-0.585746 0.940625 0.690629 0.503125
-0.660232 0.721875 0.692463 0.940625
-0.54181 0.809375 0.694296 0.896875
-0.585055 0.74375 0.698164 1.18125
-0.656923 0.765625 0.704359 0.503125
-0.467125 0.809375 0.7091 1.00625
-0.657048 0.91875 0.710933 0.940625
-0.541244 1.09375 0.711894 0.896875
-0.351896 1.05 0.713727 0.875
-0.656357 0.7 0.715861 1.07187
-0.658607 1.05 0.722346 0.940625
-0.660407 0.7875 0.717201 0.91875
-0.66004 0.809375 0.72107 0.83125
-0.311643 0.39375 0.71767 1.02812
-0.469875 0.74375 0.71427 0.83125
-0.660657 0.853125 0.717266 0.83125
-0.472617 0.91875 0.716783 0.875
-0.663398 0.875 0.71629 0.940625
-0.476667 0.74375 0.711727 0.9625
-0.433547 1.00625 0.716759 0.9625
-0.521711 1.00625 0.710451 1.00625
-0.668882 0.91875 0.706479 0.940625
-0.671132 0.91875 0.705987 1.00625
-0.673382 0.9625 0.702296 0.984375
-0.675182 1.00625 0.698024 0.984375
-0.673507 0.896875 0.692307 1.15938
-0.675757 0.940625 0.69007 1.05
-0.559952 0.765625 0.679983 0.91875
-0.678498 0.875 0.669314 0.940625
-0.403236 0.984375 0.657492 0.940625
-0.68124 0.56875 0.643626 0.940625
-0.68349 0.809375 0.629468 1.1375
-0.68574 0.875 0.623751 1.15938
-0.68754 0.940625 0.611048 0.940625
-0.455889 0.74375 0.603287 1.02812
-0.660349 0.875 0.595826 0.896875
-0.691673 0.875 0.596787 0.91875
-0.693473 0.875 0.591651 0.83125
-0.695273 0.7875 0.592913 0.83125
-0.694457 0.875 0.588068 0.875
-0.694948 0.896875 0.589048 0.940625
-0.697198 1.15938 0.588274 0.7875
-0.508709 0.9625 0.581685 0.7875
-0.667799 1.00625 0.584109 0.809375
-0.697365 1.09375 0.581018 0.74375
-0.699165 1.1375 0.583442 0.503125
-0.700965 0.83125 0.583831 0.678125
-0.672833 1.1375 0.587137 0.765625
-0.629713 1.05 0.586653 0.765625
-0.55752 1.1375 0.586461 0.765625
-0.427178 0.83125 0.585405 0.809375
-0.631638 0.7875 0.585794 0.91875
-0.706123 1.00625 0.583866 0.74375
-0.707923 0.83125 0.581057 0.74375
-0.430903 0.853125 0.576213 0.721875
-0.429228 0.7875 0.573703 0.875
-0.473331 0.634375 0.563335 0.721875
-0.707723 0.74375 0.560826 0.984375
-0.709973 0.74375 0.554237 0.809375
-0.711773 0.459375 0.546494 0.765625
-0.681883 0.65625 0.540777 0.721875
-0.433078 0.896875 0.525766 0.721875
-0.477181 0.91875 0.514816 0.91875
-0.711573 0.721875 0.507655 0.678125
-0.713823 0.809375 0.499322 0.590625
-0.715623 0.91875 0.492451 0.875
-0.716565 0.91875 0.479466 0.875
-0.718365 1.1375 0.475213 0.765625
-0.720615 0.984375 0.461946 0.721875
-0.722415 0.853125 0.446344 0.65625
-0.577986 0.91875 0.435694 0.56875
-0.725157 0.896875 0.425916 0.74375
-0.727407 0.984375 0.41642 0.56875
-0.729207 0.984375 0.404607 0.525
-0.731457 1.00625 0.397146 0.678125
-0.731498 1.00625 0.38825 0.525
-0.733298 1.00625 0.383133 0.65625
-0.734648 0.984375 0.376281 0.590625
-0.736448 0.678125 0.371746 0.459375
-0.737798 0.634375 0.368374 0.634375
-0.739598 0.91875 0.366455 0.56875
-0.740948 1.00625 0.366281 0.765625
-0.74144 0.984375 0.369014 0.6125
-0.74279 1.09375 0.365061 0.6125
-0.74459 0.984375 0.370411 0.371875
-0.74639 0.91875 0.378677 0.546875
-0.74774 0.83125 0.382864 0.328125
-0.74954 1.02812 0.387924 0.546875
-0.75089 1.18125 0.401414 0.56875
-0.75269 1.18125 0.409681 0.30625
-0.75449 1.1375 0.422881 0.4375
-0.75584 1.02812 0.430848 0.546875
-0.75764 1.02812 0.435907 0.809375
-0.75944 1.02812 0.441266 0.503125
-0.76079 1.00625 0.462026 0.65625
-0.76259 1.15938 0.470864 0.546875
-0.76439 1.09375 0.48262 0.678125
-0.764882 0.678125 0.48797 0.7
-0.766232 0.853125 0.497681 0.83125
