angle_1_e angle_1_t d_theta_1_t angle_2_e angle_2_t d_theta_2_t
-0.88669 -0.893242 0 2.28316 2.26478 0
-0.88637 -0.893242 0 2.28308 2.26478 0
-0.88605 -0.893213 0.014537 2.283 2.26484 -0.0465185
-0.88573 -0.893155 0.0377963 2.28292 2.26493 -0.014537
-0.88541 -0.893097 0 2.28283 2.26507 -0.101759
-0.88509 -0.893068 0 2.28275 2.26525 -0.101759
-0.88477 -0.893039 0 2.28267 2.26548 -0.110481
-0.88445 -0.892981 0.00581481 2.28259 2.26565 -0.142463
-0.88413 -0.892893 0 2.28251 2.26583 -0.125019
-0.88381 -0.892806 0.0697778 2.28242 2.26606 -0.125019
-0.88349 -0.89269 0.0552407 2.28234 2.26624 -0.119204
-0.88317 -0.892603 0 2.28226 2.26644 -0.119204
-0.88285 -0.892516 0.0552407 2.28218 2.26661 -0.119204
-0.88253 -0.892399 0.0697778 2.28209 2.26673 -0.101759
-0.88221 -0.892225 0.0552407 2.28201 2.26679 -0.0785
-0.88189 -0.892079 0.0872222 2.28193 2.26685 -0.093037
-0.88157 -0.891934 0.0785 2.28184 2.26688 -0.0697778
-0.88125 -0.891818 0.0377963 2.28176 2.26696 -0.0872222
-0.88093 -0.891672 0.0785 2.28168 2.26702 -0.0785
-0.88061 -0.891498 0.0872222 2.28159 2.26702 -0.110481
-0.88029 -0.891353 0.0785 2.28151 2.26705 -0.0872222
-0.87997 -0.891178 0.0610556 2.28143 2.26708 -0.0872222
-0.87966 -0.891033 0.0872222 2.28134 2.26711 -0.101759
-0.87934 -0.890887 0.0610556 2.28126 2.26717 -0.0872222
-0.87902 -0.890713 0.0872222 2.28118 2.2672 -0.0872222
-0.8787 -0.890509 0.101759 2.28109 2.26717 -0.101759
-0.87838 -0.890306 0.0785 2.28101 2.26717 -0.110481
-0.87806 -0.890102 0.101759 2.28093 2.2672 -0.093037
-0.87774 -0.88987 0.093037 2.28084 2.26722 -0.0872222
-0.87742 -0.889608 0.101759 2.28076 2.26722 -0.0872222
-0.8771 -0.889346 0.093037 2.28067 2.2672 -0.0785
-0.87678 -0.889143 0.101759 2.28059 2.2672 -0.093037
-0.87646 -0.888939 0.0785 2.2805 2.26717 -0.110481
-0.87615 -0.888794 0.101759 2.28043 2.2672 -0.0872222
-0.87584 -0.88862 0.0785 2.2804 2.26722 -0.110481
-0.87553 -0.888416 0.0785 2.28037 2.26722 -0.101759
-0.87522 -0.888242 0.0785 2.28033 2.26725 -0.101759
-0.87491 -0.888067 0.093037 2.2803 2.26728 -0.110481
-0.8746 -0.887864 0.110481 2.28027 2.26731 -0.093037
-0.87429 -0.887718 0.0785 2.28023 2.2674 -0.125019
-0.87398 -0.887544 0.0785 2.2802 2.26743 -0.110481
-0.87367 -0.887398 0.0697778 2.28017 2.26754 -0.125019
-0.87336 -0.887224 0.0552407 2.28014 2.26763 -0.110481
-0.87305 -0.887021 0.0785 2.2801 2.26772 -0.142463
-0.87274 -0.886846 0.0872222 2.28007 2.26781 -0.125019
-0.87243 -0.886672 0.093037 2.28003 2.26789 -0.133741
-0.87212 -0.886526 0.0697778 2.28 2.26804 -0.119204
-0.87181 -0.886352 0.0872222 2.27997 2.26816 -0.133741
-0.8715 -0.886206 0.0465185 2.27993 2.26827 -0.133741
-0.87119 -0.886003 0.093037 2.2799 2.26836 -0.142463
-0.87088 -0.885799 0.0785 2.27987 2.26845 -0.142463
-0.87057 -0.885625 0.093037 2.27983 2.26856 -0.119204
-0.87026 -0.885451 0.101759 2.2798 2.26865 -0.125019
-0.86995 -0.885276 0.093037 2.27976 2.26871 -0.133741
-0.86964 -0.885102 0.0872222 2.27973 2.26882 -0.133741
-0.86933 -0.884927 0.0872222 2.2797 2.26888 -0.110481
-0.86902 -0.884724 0.0872222 2.27966 2.26894 -0.119204
-0.86871 -0.88452 0.101759 2.27963 2.26894 -0.101759
-0.8684 -0.884317 0.101759 2.27959 2.26897 -0.125019
-0.86809 -0.884113 0.101759 2.27956 2.269 -0.093037
-0.86778 -0.88391 0.093037 2.27952 2.269 -0.101759
-0.86747 -0.883706 0.093037 2.27949 2.26903 -0.101759
-0.86716 -0.883473 0.125019 2.27945 2.269 -0.101759
-0.86685 -0.883241 0.110481 2.27942 2.26897 -0.101759
-0.86654 -0.883037 0.093037 2.27938 2.269 -0.110481
-0.86623 -0.882834 0.101759 2.27935 2.269 -0.119204
-0.86592 -0.882601 0.093037 2.27931 2.269 -0.119204
-0.86561 -0.882369 0.125019 2.27928 2.269 -0.110481
-0.8653 -0.882107 0.125019 2.27924 2.269 -0.125019
-0.86499 -0.881845 0.119204 2.27921 2.269 -0.133741
-0.86468 -0.881642 0.093037 2.27917 2.26909 -0.142463
-0.86437 -0.881438 0.101759 2.27913 2.26914 -0.142463
-0.86406 -0.881206 0.110481 2.2791 2.26923 -0.133741
-0.86375 -0.880944 0.142463 2.27906 2.26932 -0.165722
-0.86344 -0.880653 0.119204 2.27903 2.26943 -0.174444
-0.86313 -0.880392 0.119204 2.27899 2.26952 -0.174444
-0.86282 -0.88013 0.142463 2.27895 2.26967 -0.197704
-0.86251 -0.879868 0.125019 2.27892 2.26981 -0.197704
-0.8622 -0.879607 0.119204 2.27888 2.26999 -0.197704
-0.86189 -0.879374 0.125019 2.27885 2.27016 -0.206426
-0.86158 -0.879083 0.142463 2.27881 2.27031 -0.220963
-0.86127 -0.878822 0.125019 2.27877 2.27048 -0.220963
-0.86096 -0.878531 0.157 2.27874 2.2706 -0.206426
-0.86065 -0.878269 0.142463 2.2787 2.27074 -0.206426
-0.86034 -0.878008 0.119204 2.27866 2.27089 -0.183167
-0.86003 -0.877717 0.125019 2.27863 2.27098 -0.197704
-0.85972 -0.877426 0.165722 2.2786 2.27106 -0.197704
-0.85942 -0.877106 0.151185 2.27857 2.27109 -0.174444
-0.85911 -0.876816 0.157 2.27854 2.27118 -0.165722
-0.8588 -0.876554 0.133741 2.27852 2.27127 -0.165722
-0.85849 -0.876292 0.125019 2.27849 2.27135 -0.165722
-0.85818 -0.875972 0.174444 2.27846 2.27138 -0.183167
-0.85787 -0.875653 0.157 2.27843 2.27135 -0.151185
-0.85757 -0.875362 0.157 2.27841 2.27138 -0.165722
-0.85726 -0.875042 0.151185 2.27838 2.27135 -0.125019
-0.85695 -0.87478 0.142463 2.27835 2.27138 -0.157
-0.85664 -0.874461 0.151185 2.27832 2.27135 -0.151185
-0.85633 -0.87417 0.142463 2.27829 2.27135 -0.125019
-0.85602 -0.87385 0.157 2.27826 2.2713 -0.125019
-0.85572 -0.87353 0.142463 2.27824 2.27124 -0.125019
-0.85541 -0.87321 0.165722 2.27821 2.27118 -0.119204
-0.8551 -0.872891 0.151185 2.27818 2.27109 -0.119204
-0.85479 -0.8726 0.165722 2.27815 2.271 -0.119204
-0.85448 -0.872309 0.133741 2.27812 2.27095 -0.110481
-0.85417 -0.872018 0.151185 2.27809 2.27086 -0.110481
-0.85387 -0.871698 0.142463 2.27806 2.27074 -0.093037
-0.85356 -0.871379 0.157 2.27803 2.27066 -0.101759
-0.85325 -0.871059 0.151185 2.278 2.27054 -0.0872222
-0.85294 -0.870768 0.151185 2.27798 2.27045 -0.101759
-0.85263 -0.870477 0.165722 2.27795 2.27039 -0.101759
-0.85232 -0.870158 0.142463 2.27792 2.27028 -0.119204
-0.85201 -0.869896 0.151185 2.27789 2.27025 -0.110481
-0.85171 -0.869605 0.151185 2.27786 2.27019 -0.110481
-0.8514 -0.869314 0.151185 2.27783 2.27013 -0.110481
-0.85109 -0.869024 0.133741 2.2778 2.27007 -0.110481
-0.85078 -0.868762 0.157 2.27777 2.27005 -0.110481
-0.85047 -0.868471 0.142463 2.27774 2.26996 -0.101759
-0.85016 -0.868181 0.133741 2.27771 2.2699 -0.110481
-0.84986 -0.867919 0.133741 2.27768 2.26984 -0.110481
-0.84955 -0.867657 0.133741 2.27765 2.26978 -0.093037
-0.84924 -0.867396 0.142463 2.27762 2.26975 -0.093037
-0.84893 -0.867105 0.133741 2.27759 2.26967 -0.093037
-0.84862 -0.866843 0.119204 2.27756 2.26958 -0.0785
-0.84831 -0.866581 0.133741 2.27753 2.26949 -0.0697778
-0.848 -0.866291 0.151185 2.2775 2.26941 -0.093037
-0.8477 -0.866058 0.142463 2.27746 2.26935 -0.0697778
-0.84739 -0.865826 0.110481 2.27743 2.26929 -0.093037
-0.84708 -0.865593 0.119204 2.2774 2.26926 -0.0872222
-0.84677 -0.86536 0.125019 2.27737 2.2692 -0.0872222
-0.84646 -0.865099 0.133741 2.27734 2.26914 -0.110481
-0.84615 -0.864837 0.119204 2.27731 2.26906 -0.093037
-0.84585 -0.864604 0.110481 2.27728 2.269 -0.093037
-0.84554 -0.864401 0.125019 2.27725 2.26903 -0.093037
-0.84523 -0.864168 0.110481 2.27722 2.26897 -0.093037
-0.84492 -0.863907 0.125019 2.27718 2.26894 -0.0872222
-0.84461 -0.863674 0.119204 2.27715 2.26894 -0.093037
-0.8443 -0.863471 0.110481 2.27712 2.26891 -0.0872222
-0.84399 -0.863238 0.119204 2.27709 2.26891 -0.119204
-0.84369 -0.863005 0.101759 2.27706 2.26891 -0.0872222
-0.84338 -0.862773 0.119204 2.27702 2.26888 -0.119204
-0.84307 -0.862569 0.093037 2.27699 2.26891 -0.119204
-0.84276 -0.862337 0.110481 2.27696 2.26891 -0.110481
-0.84245 -0.862075 0.133741 2.27693 2.26888 -0.110481
-0.84214 -0.861842 0.119204 2.2769 2.26891 -0.119204
-0.84183 -0.86161 0.119204 2.27686 2.26891 -0.125019
-0.84153 -0.861406 0.093037 2.27683 2.269 -0.110481
-0.84122 -0.861174 0.101759 2.27683 2.26903 -0.133741
-0.84092 -0.860912 0.119204 2.27682 2.269 -0.133741
-0.84061 -0.860679 0.125019 2.27682 2.26903 -0.133741
-0.84031 -0.860447 0.110481 2.27681 2.26906 -0.133741
-0.84 -0.860243 0.110481 2.27681 2.26914 -0.133741
-0.8397 -0.859982 0.125019 2.2768 2.26917 -0.125019
-0.83939 -0.859778 0.110481 2.2768 2.26926 -0.142463
-0.83909 -0.859575 0.119204 2.27679 2.26935 -0.125019
-0.83878 -0.859313 0.119204 2.27679 2.26941 -0.142463
-0.83848 -0.85908 0.110481 2.27678 2.26952 -0.151185
-0.83818 -0.858848 0.125019 2.27678 2.26964 -0.157
-0.83787 -0.858615 0.093037 2.27677 2.26973 -0.142463
-0.83757 -0.858383 0.101759 2.27677 2.26978 -0.157
-0.83726 -0.858121 0.110481 2.27676 2.26987 -0.157
-0.83696 -0.857917 0.119204 2.27676 2.26999 -0.157
-0.83665 -0.857656 0.119204 2.27675 2.27002 -0.142463
-0.83635 -0.857423 0.110481 2.27675 2.27013 -0.174444
-0.83604 -0.85722 0.110481 2.27674 2.27025 -0.142463
-0.83574 -0.856987 0.110481 2.27673 2.27034 -0.151185
-0.83543 -0.856696 0.125019 2.27673 2.27031 -0.151185
-0.83513 -0.856464 0.125019 2.27672 2.27039 -0.142463
-0.83482 -0.856202 0.125019 2.27671 2.27045 -0.157
-0.83452 -0.855969 0.093037 2.27671 2.27054 -0.157
-0.83421 -0.855708 0.133741 2.2767 2.2706 -0.157
-0.83391 -0.855417 0.133741 2.2767 2.27063 -0.157
-0.8336 -0.855126 0.142463 2.27669 2.27068 -0.165722
-0.8333 -0.854865 0.133741 2.27668 2.27077 -0.165722
-0.83299 -0.854603 0.125019 2.27668 2.27089 -0.183167
-0.83269 -0.85437 0.125019 2.27667 2.27106 -0.206426
-0.83238 -0.85408 0.125019 2.27666 2.27118 -0.188981
-0.83208 -0.85376 0.133741 2.27665 2.27127 -0.197704
-0.83177 -0.853469 0.151185 2.27665 2.27141 -0.220963
-0.83147 -0.853149 0.157 2.27664 2.27156 -0.220963
-0.83116 -0.852829 0.165722 2.27663 2.27164 -0.206426
-0.83086 -0.852539 0.165722 2.27663 2.27176 -0.197704
-0.83055 -0.852248 0.142463 2.27662 2.27185 -0.197704
-0.83025 -0.851957 0.142463 2.27661 2.27191 -0.174444
-0.82994 -0.851637 0.157 2.2766 2.27188 -0.142463
-0.82964 -0.851288 0.165722 2.2766 2.27182 -0.125019
-0.82933 -0.85094 0.183167 2.27659 2.27167 -0.110481
-0.82903 -0.850591 0.174444 2.27658 2.27153 -0.093037
-0.82872 -0.8503 0.174444 2.27657 2.27138 -0.0872222
-0.82842 -0.84998 0.133741 2.27656 2.27124 -0.0610556
-0.82811 -0.84966 0.151185 2.27656 2.27106 -0.0465185
-0.82781 -0.849341 0.165722 2.27655 2.27092 -0.0785
-0.8275 -0.848992 0.174444 2.27654 2.27071 -0.0872222
-0.8272 -0.848643 0.174444 2.27653 2.27054 -0.0785
-0.82689 -0.848352 0.151185 2.27652 2.27039 -0.0697778
-0.82658 -0.848061 0.151185 2.27651 2.27031 -0.110481
-0.82628 -0.847741 0.142463 2.2765 2.27019 -0.101759
-0.82597 -0.847451 0.142463 2.2765 2.27007 -0.0872222
-0.82567 -0.847131 0.174444 2.27649 2.26996 -0.110481
-0.82536 -0.846811 0.157 2.27648 2.26987 -0.119204
-0.82506 -0.846549 0.142463 2.27647 2.26984 -0.110481
-0.82475 -0.846288 0.142463 2.27646 2.26981 -0.119204
-0.82445 -0.845997 0.119204 2.27645 2.26973 -0.101759
-0.82414 -0.845706 0.151185 2.27644 2.26964 -0.119204
-0.82384 -0.845386 0.151185 2.27643 2.26955 -0.125019
-0.82353 -0.845067 0.157 2.27642 2.26943 -0.101759
-0.82322 -0.844805 0.142463 2.27641 2.26938 -0.110481
-0.82292 -0.844543 0.119204 2.2764 2.26929 -0.101759
-0.82261 -0.844311 0.125019 2.27639 2.26923 -0.093037
-0.82231 -0.84402 0.151185 2.27638 2.26914 -0.093037
-0.822 -0.843729 0.142463 2.27637 2.26903 -0.093037
-0.8217 -0.843438 0.157 2.27636 2.26891 -0.0872222
-0.82139 -0.843206 0.133741 2.27635 2.26888 -0.093037
-0.82109 -0.842973 0.110481 2.27634 2.26882 -0.0697778
-0.82078 -0.842741 0.119204 2.27633 2.26877 -0.0872222
-0.82047 -0.842479 0.119204 2.27632 2.26868 -0.101759
-0.82017 -0.842217 0.133741 2.27631 2.26859 -0.0610556
-0.81986 -0.841956 0.125019 2.2763 2.2685 -0.101759
-0.81956 -0.841694 0.125019 2.27629 2.26845 -0.093037
-0.81925 -0.841432 0.142463 2.27628 2.26833 -0.0552407
-0.81895 -0.8412 0.093037 2.27627 2.26827 -0.0785
-0.81864 -0.840996 0.093037 2.27626 2.26821 -0.0872222
-0.81833 -0.840647 0.119204 2.27625 2.2681 -0.0465185
-0.81803 -0.840298 0.142463 2.27625 2.26795 -0.0785
-0.81773 -0.840008 0.133741 2.27625 2.26781 -0.0785
-0.81742 -0.839804 0.101759 2.27625 2.26775 -0.0610556
-0.81712 -0.839601 0.093037 2.27625 2.26772 -0.0552407
-0.81681 -0.839368 0.101759 2.27625 2.2676 -0.0552407
-0.81651 -0.839136 0.110481 2.27624 2.26754 -0.0872222
-0.8162 -0.838845 0.133741 2.27624 2.2674 -0.0465185
-0.8159 -0.838583 0.125019 2.27624 2.26731 -0.0697778
-0.81559 -0.83838 0.110481 2.27624 2.26731 -0.0785
-0.81529 -0.838176 0.0872222 2.27624 2.26728 -0.0872222
-0.81498 -0.837943 0.093037 2.27624 2.26722 -0.101759
-0.81468 -0.837682 0.133741 2.27623 2.26717 -0.101759
-0.81437 -0.83742 0.125019 2.27623 2.26708 -0.093037
-0.81407 -0.837188 0.142463 2.27623 2.26708 -0.110481
-0.81376 -0.836984 0.110481 2.27623 2.26711 -0.110481
-0.81346 -0.836781 0.0872222 2.27623 2.26714 -0.119204
-0.81315 -0.836577 0.093037 2.27622 2.2672 -0.093037
-0.81285 -0.836315 0.125019 2.27622 2.2672 -0.151185
-0.81254 -0.836054 0.151185 2.27622 2.26722 -0.119204
-0.81224 -0.835792 0.142463 2.27622 2.26725 -0.125019
-0.81193 -0.835588 0.101759 2.27621 2.26737 -0.151185
-0.81163 -0.835414 0.0785 2.27621 2.26749 -0.133741
-0.81132 -0.835211 0.0872222 2.27621 2.26763 -0.197704
-0.81102 -0.834949 0.157 2.2762 2.26775 -0.188981
-0.81071 -0.834658 0.165722 2.2762 2.26781 -0.142463
-0.81041 -0.834367 0.151185 2.2762 2.26786 -0.188981
-0.8101 -0.834193 0.093037 2.2762 2.26807 -0.197704
-0.8098 -0.833989 0.0872222 2.27619 2.26827 -0.188981
-0.80949 -0.833757 0.110481 2.27619 2.26842 -0.206426
-0.80919 -0.833437 0.157 2.27619 2.2685 -0.206426
-0.80888 -0.833088 0.188981 2.27618 2.26856 -0.174444
-0.80858 -0.832768 0.157 2.27618 2.26865 -0.197704
-0.80827 -0.832507 0.125019 2.27617 2.26885 -0.197704
-0.80797 -0.832274 0.125019 2.27617 2.26903 -0.197704
-0.80766 -0.831983 0.125019 2.27617 2.26914 -0.206426
-0.80736 -0.831634 0.151185 2.27616 2.2692 -0.197704
-0.80705 -0.831256 0.188981 2.27616 2.26926 -0.215148
-0.80675 -0.830878 0.188981 2.27615 2.26929 -0.188981
-0.80644 -0.830588 0.165722 2.27615 2.26941 -0.206426
-0.80614 -0.830326 0.133741 2.27615 2.26958 -0.206426
-0.80583 -0.830035 0.125019 2.27614 2.2697 -0.197704
-0.80552 -0.829686 0.165722 2.27614 2.26975 -0.206426
-0.80522 -0.829279 0.197704 2.27613 2.26975 -0.188981
-0.80491 -0.828872 0.197704 2.27613 2.26973 -0.188981
-0.80461 -0.828523 0.157 2.27612 2.26978 -0.188981
-0.8043 -0.828233 0.142463 2.27612 2.26984 -0.197704
-0.804 -0.827913 0.151185 2.27611 2.2699 -0.174444
-0.80369 -0.827535 0.183167 2.27611 2.26987 -0.174444
-0.80339 -0.827099 0.215148 2.2761 2.26981 -0.188981
-0.80308 -0.826692 0.197704 2.2761 2.26975 -0.183167
-0.80277 -0.826343 0.183167 2.27609 2.26973 -0.151185
-0.80247 -0.826023 0.151185 2.27609 2.26975 -0.165722
-0.80216 -0.825674 0.183167 2.27608 2.26973 -0.174444
-0.80186 -0.825267 0.206426 2.27607 2.26967 -0.174444
-0.80155 -0.824831 0.220963 2.27607 2.26958 -0.165722
-0.80125 -0.824453 0.197704 2.27606 2.26955 -0.165722
-0.80094 -0.824075 0.183167 2.27606 2.26955 -0.174444
-0.80064 -0.823755 0.142463 2.27605 2.26961 -0.197704
-0.80033 -0.823377 0.188981 2.27605 2.26964 -0.206426
-0.80002 -0.822999 0.183167 2.27604 2.26967 -0.220963
-0.79972 -0.822563 0.197704 2.27603 2.26967 -0.220963
-0.79941 -0.822185 0.197704 2.27603 2.26973 -0.215148
-0.79911 -0.821807 0.174444 2.27602 2.26978 -0.215148
-0.7988 -0.821488 0.174444 2.27601 2.2699 -0.215148
-0.79849 -0.821139 0.174444 2.27601 2.26996 -0.197704
-0.79819 -0.820761 0.174444 2.276 2.26996 -0.197704
-0.79788 -0.820354 0.188981 2.27599 2.26993 -0.188981
-0.79758 -0.819918 0.220963 2.27599 2.26984 -0.142463
-0.79727 -0.819511 0.206426 2.27598 2.26973 -0.165722
-0.79697 -0.819162 0.165722 2.27597 2.26967 -0.125019
-0.79666 -0.818813 0.165722 2.27597 2.26958 -0.133741
-0.79635 -0.818435 0.197704 2.27596 2.26946 -0.125019
-0.79605 -0.817999 0.215148 2.27595 2.26926 -0.125019
-0.79574 -0.817592 0.197704 2.27594 2.26911 -0.125019
-0.79544 -0.817214 0.174444 2.27594 2.26897 -0.119204
-0.79513 -0.816894 0.165722 2.27593 2.26891 -0.125019
-0.79482 -0.816545 0.174444 2.27592 2.26882 -0.125019
-0.79452 -0.816167 0.188981 2.27591 2.26874 -0.133741
-0.79421 -0.815789 0.197704 2.27591 2.26865 -0.142463
-0.79391 -0.815411 0.183167 2.27592 2.26853 -0.125019
-0.7936 -0.815091 0.165722 2.27592 2.2685 -0.151185
-0.7933 -0.814801 0.157 2.27593 2.2685 -0.133741
-0.79299 -0.814481 0.174444 2.27593 2.26845 -0.133741
-0.79269 -0.814161 0.157 2.27594 2.26839 -0.142463
-0.79238 -0.813812 0.165722 2.27594 2.26833 -0.142463
-0.79208 -0.813492 0.142463 2.27595 2.26824 -0.133741
-0.79177 -0.813143 0.165722 2.27595 2.26816 -0.125019
-0.79147 -0.812853 0.151185 2.27596 2.2681 -0.125019
-0.79116 -0.812591 0.142463 2.27596 2.26807 -0.119204
-0.79086 -0.8123 0.125019 2.27597 2.26801 -0.119204
-0.79055 -0.812009 0.151185 2.27597 2.26795 -0.119204
-0.79025 -0.81169 0.165722 2.27598 2.26784 -0.110481
-0.78994 -0.811399 0.142463 2.27598 2.26772 -0.093037
-0.78964 -0.811166 0.125019 2.27598 2.26769 -0.0872222
-0.78933 -0.810905 0.119204 2.27599 2.26763 -0.101759
-0.78903 -0.810672 0.110481 2.27599 2.26757 -0.093037
-0.78872 -0.810352 0.133741 2.27599 2.26746 -0.0872222
-0.78841 -0.810091 0.142463 2.276 2.26737 -0.093037
-0.78811 -0.809829 0.151185 2.276 2.26728 -0.093037
-0.7878 -0.809596 0.101759 2.276 2.26722 -0.0872222
-0.7875 -0.809393 0.101759 2.27601 2.2672 -0.0552407
-0.78719 -0.809189 0.119204 2.27601 2.26717 -0.093037
-0.78689 -0.808928 0.119204 2.27601 2.26711 -0.093037
-0.78658 -0.808695 0.133741 2.27602 2.26708 -0.093037
-0.78628 -0.808462 0.110481 2.27602 2.26702 -0.0872222
-0.78597 -0.80823 0.101759 2.27602 2.26699 -0.110481
-0.78567 -0.808055 0.093037 2.27603 2.26702 -0.093037
-0.78536 -0.807852 0.093037 2.27603 2.26705 -0.110481
-0.78505 -0.807619 0.125019 2.27603 2.26702 -0.119204
-0.78475 -0.807416 0.110481 2.27603 2.26705 -0.119204
-0.78444 -0.807183 0.110481 2.27604 2.26705 -0.125019
-0.78414 -0.80698 0.0872222 2.27604 2.26711 -0.125019
-0.78383 -0.806805 0.101759 2.27604 2.2672 -0.142463
-0.78353 -0.806602 0.093037 2.27604 2.26725 -0.133741
-0.78322 -0.806369 0.119204 2.27604 2.26728 -0.110481
-0.78291 -0.806136 0.101759 2.27605 2.26734 -0.142463
-0.78261 -0.805933 0.093037 2.27605 2.26743 -0.142463
-0.7823 -0.8057 0.110481 2.27605 2.26749 -0.165722
-0.782 -0.805497 0.110481 2.27605 2.2676 -0.174444
-0.78169 -0.805235 0.110481 2.27605 2.26772 -0.151185
-0.78139 -0.804973 0.101759 2.27606 2.26778 -0.157
-0.78108 -0.804712 0.125019 2.27606 2.26786 -0.174444
-0.78077 -0.80445 0.133741 2.27606 2.26792 -0.165722
-0.78047 -0.804218 0.119204 2.27606 2.26807 -0.197704
-0.78016 -0.803956 0.125019 2.27606 2.26818 -0.188981
-0.77986 -0.803723 0.125019 2.27606 2.26833 -0.183167
-0.77955 -0.803462 0.133741 2.27606 2.26848 -0.197704
-0.77924 -0.803142 0.125019 2.27606 2.26853 -0.197704
-0.77894 -0.80288 0.157 2.27606 2.26874 -0.215148
-0.77863 -0.802589 0.151185 2.27606 2.26885 -0.215148
-0.77832 -0.802299 0.133741 2.27607 2.269 -0.206426
-0.77802 -0.802008 0.133741 2.27607 2.26917 -0.229685
-0.77771 -0.801717 0.133741 2.27607 2.26935 -0.229685
-0.77741 -0.801397 0.157 2.27607 2.26955 -0.252944
-0.7771 -0.801078 0.142463 2.27607 2.26967 -0.229685
-0.77679 -0.8007 0.165722 2.27607 2.26981 -0.238407
-0.77649 -0.80038 0.165722 2.27607 2.26999 -0.220963
-0.77618 -0.800031 0.151185 2.27607 2.2701 -0.229685
-0.77587 -0.799711 0.183167 2.27607 2.27019 -0.215148
-0.77557 -0.799333 0.174444 2.27607 2.27022 -0.197704
-0.77526 -0.798984 0.183167 2.27607 2.27022 -0.183167
-0.77496 -0.798606 0.174444 2.27607 2.27016 -0.165722
-0.77465 -0.798228 0.174444 2.27606 2.27007 -0.133741
-0.77434 -0.797879 0.197704 2.27606 2.26996 -0.125019
-0.77404 -0.797472 0.183167 2.27606 2.26981 -0.119204
-0.77373 -0.797094 0.197704 2.27606 2.26964 -0.110481
-0.77342 -0.796716 0.183167 2.27606 2.26946 -0.110481
-0.77312 -0.796338 0.183167 2.27606 2.26929 -0.093037
-0.77281 -0.795961 0.183167 2.27606 2.26911 -0.101759
-0.7725 -0.795583 0.197704 2.27606 2.26894 -0.110481
-0.7722 -0.795205 0.188981 2.27606 2.26879 -0.093037
-0.77189 -0.794856 0.188981 2.27606 2.26868 -0.119204
-0.77158 -0.794478 0.188981 2.27605 2.26853 -0.110481
-0.77128 -0.794158 0.157 2.27605 2.26848 -0.151185
-0.77097 -0.793838 0.157 2.27605 2.26845 -0.142463
-0.77066 -0.79346 0.151185 2.27605 2.26842 -0.142463
-0.77036 -0.793082 0.165722 2.27605 2.26842 -0.165722
-0.77005 -0.792675 0.188981 2.27605 2.26842 -0.165722
-0.76974 -0.792268 0.174444 2.27604 2.26836 -0.174444
-0.76944 -0.791919 0.142463 2.27604 2.26839 -0.157
-0.76913 -0.79157 0.151185 2.27604 2.26836 -0.151185
-0.76882 -0.791221 0.142463 2.27604 2.26833 -0.133741
-0.76852 -0.790843 0.157 2.27604 2.26821 -0.119204
-0.76821 -0.790466 0.151185 2.27603 2.26807 -0.093037
-0.7679 -0.790117 0.151185 2.27603 2.26792 -0.101759
-0.7676 -0.789797 0.142463 2.27606 2.26781 -0.0552407
-0.76729 -0.789477 0.157 2.27609 2.26763 -0.0785
-0.76699 -0.789215 0.119204 2.27612 2.26752 -0.0872222
-0.76668 -0.788983 0.119204 2.27616 2.26743 -0.0697778
-0.76638 -0.788692 0.119204 2.27619 2.26725 -0.0465185
-0.76608 -0.78843 0.125019 2.27623 2.26714 -0.0465185
-0.76577 -0.78814 0.142463 2.27626 2.26699 -0.0552407
-0.76547 -0.787907 0.125019 2.2763 2.26688 -0.0290741
-0.76516 -0.787645 0.110481 2.27633 2.26676 -0.0872222
-0.76486 -0.787413 0.0785 2.27636 2.26667 -0.0697778
-0.76455 -0.787209 0.101759 2.2764 2.26659 -0.0377963
-0.76425 -0.786948 0.119204 2.27643 2.26647 -0.0785
-0.76394 -0.786744 0.101759 2.27647 2.26644 -0.0785
-0.76364 -0.786511 0.093037 2.2765 2.26635 -0.0465185
-0.76333 -0.786308 0.0785 2.27653 2.26627 -0.0697778
-0.76303 -0.786133 0.0785 2.27657 2.26627 -0.0552407
-0.76272 -0.78593 0.101759 2.2766 2.26621 -0.0785
-0.76242 -0.785726 0.0610556 2.27663 2.26618 -0.0785
-0.76211 -0.785494 0.093037 2.27667 2.26612 -0.0697778
-0.76181 -0.78529 0.101759 2.2767 2.26609 -0.0872222
-0.7615 -0.785087 0.0872222 2.27673 2.26606 -0.0872222
-0.7612 -0.784941 0.0872222 2.27677 2.26615 -0.0697778
-0.76089 -0.784738 0.0785 2.2768 2.26615 -0.0872222
-0.76058 -0.784534 0.0872222 2.27683 2.26615 -0.110481
-0.76028 -0.784331 0.093037 2.27686 2.26621 -0.110481
-0.75997 -0.784127 0.093037 2.2769 2.26624 -0.101759
-0.75967 -0.783924 0.0872222 2.27693 2.26629 -0.101759
-0.75936 -0.783749 0.0697778 2.27696 2.26635 -0.093037
-0.75906 -0.783575 0.0785 2.27699 2.26647 -0.110481
-0.75875 -0.783313 0.0872222 2.27702 2.26647 -0.101759
-0.75844 -0.783139 0.093037 2.27706 2.26653 -0.119204
-0.75814 -0.782906 0.110481 2.27709 2.26659 -0.119204
-0.75783 -0.782703 0.0872222 2.27712 2.26664 -0.125019
-0.75753 -0.782528 0.0697778 2.27715 2.26673 -0.125019
-0.75722 -0.782383 0.0872222 2.27718 2.26688 -0.133741
-0.75692 -0.782179 0.0872222 2.27722 2.26696 -0.142463
-0.75661 -0.781918 0.119204 2.27725 2.26699 -0.142463
-0.7563 -0.781714 0.101759 2.27728 2.26708 -0.151185
-0.756 -0.781482 0.093037 2.27731 2.26725 -0.151185
-0.75569 -0.781191 0.093037 2.27734 2.26737 -0.142463
-0.75538 -0.780929 0.110481 2.27737 2.26749 -0.151185
-0.75508 -0.780638 0.125019 2.2774 2.26752 -0.151185
-0.75477 -0.780406 0.125019 2.27743 2.26763 -0.174444
-0.75447 -0.780202 0.110481 2.27746 2.26778 -0.165722
-0.75416 -0.779912 0.093037 2.27749 2.26795 -0.165722
-0.75385 -0.779621 0.142463 2.27753 2.26804 -0.188981
-0.75355 -0.77933 0.133741 2.27756 2.26821 -0.206426
-0.75324 -0.778923 0.142463 2.27759 2.26839 -0.206426
-0.75293 -0.778574 0.119204 2.27762 2.2685 -0.215148
-0.75263 -0.778342 0.110481 2.27765 2.26871 -0.215148
-0.75232 -0.778051 0.133741 2.27768 2.26882 -0.197704
-0.75201 -0.77776 0.142463 2.27771 2.26897 -0.206426
-0.75171 -0.77744 0.174444 2.27774 2.26906 -0.197704
-0.7514 -0.777062 0.157 2.27777 2.26917 -0.229685
-0.75109 -0.776801 0.125019 2.2778 2.26946 -0.215148
-0.75079 -0.776481 0.133741 2.27783 2.26964 -0.215148
-0.75048 -0.776045 0.157 2.27786 2.26981 -0.220963
-0.75017 -0.77558 0.183167 2.27788 2.2699 -0.215148
-0.74987 -0.775202 0.183167 2.27791 2.26993 -0.206426
-0.74956 -0.774853 0.151185 2.27794 2.27002 -0.215148
-0.74925 -0.774562 0.142463 2.27797 2.27013 -0.206426
-0.74894 -0.774242 0.151185 2.278 2.27031 -0.215148
-0.74864 -0.773835 0.197704 2.27803 2.27031 -0.206426
-0.74833 -0.773428 0.183167 2.27806 2.27036 -0.197704
-0.74802 -0.772963 0.174444 2.27809 2.27039 -0.215148
-0.74772 -0.772498 0.157 2.27812 2.27045 -0.206426
-0.74741 -0.77212 0.174444 2.27815 2.27039 -0.183167
-0.7471 -0.771742 0.188981 2.27817 2.27034 -0.157
-0.74679 -0.771335 0.206426 2.2782 2.27025 -0.151185
-0.74649 -0.770899 0.197704 2.27823 2.2701 -0.142463
-0.74618 -0.770521 0.174444 2.27826 2.26999 -0.133741
-0.74587 -0.770172 0.174444 2.27829 2.2699 -0.142463
-0.74556 -0.769823 0.183167 2.27831 2.26978 -0.110481
-0.74525 -0.769445 0.183167 2.27834 2.26964 -0.119204
-0.74495 -0.768893 0.188981 2.27837 2.26941 -0.125019
-0.74464 -0.768456 0.197704 2.2784 2.26929 -0.119204
-0.74433 -0.767962 0.183167 2.27843 2.26914 -0.125019
-0.74402 -0.767468 0.157 2.27845 2.26903 -0.151185
-0.74372 -0.767032 0.188981 2.27848 2.26897 -0.142463
-0.74341 -0.766625 0.188981 2.27851 2.26888 -0.133741
-0.7431 -0.766218 0.188981 2.27854 2.26879 -0.142463
-0.74279 -0.765898 0.174444 2.27856 2.26879 -0.142463
-0.74248 -0.765578 0.157 2.27859 2.26879 -0.151185
-0.74218 -0.765258 0.174444 2.27861 2.26877 -0.142463
-0.74187 -0.76488 0.165722 2.27864 2.26874 -0.165722
-0.74156 -0.764531 0.183167 2.27866 2.26874 -0.165722
-0.74125 -0.764183 0.183167 2.27869 2.26871 -0.165722
-0.74094 -0.763834 0.142463 2.27871 2.26871 -0.183167
-0.74063 -0.763514 0.174444 2.27874 2.26871 -0.142463
-0.74033 -0.763136 0.165722 2.27876 2.26865 -0.165722
-0.74002 -0.762758 0.174444 2.27879 2.26859 -0.151185
-0.73971 -0.76238 0.188981 2.27881 2.26853 -0.142463
-0.7394 -0.761973 0.174444 2.27884 2.26845 -0.125019
-0.73909 -0.761653 0.174444 2.27886 2.26836 -0.142463
-0.73878 -0.761304 0.188981 2.27889 2.26824 -0.119204
-0.73848 -0.760984 0.165722 2.27891 2.26816 -0.119204
-0.73817 -0.760665 0.174444 2.27893 2.26807 -0.110481
-0.73786 -0.760316 0.174444 2.27896 2.26792 -0.110481
-0.73755 -0.759996 0.165722 2.27898 2.26778 -0.093037
-0.73724 -0.759676 0.151185 2.27901 2.26769 -0.101759
-0.73693 -0.759385 0.142463 2.27903 2.26757 -0.110481
-0.73662 -0.759066 0.151185 2.27905 2.26746 -0.0872222
-0.73631 -0.758775 0.142463 2.27908 2.26737 -0.119204
-0.736 -0.758455 0.142463 2.2791 2.26722 -0.0872222
-0.7357 -0.758222 0.125019 2.27912 2.2672 -0.0872222
-0.73539 -0.757961 0.125019 2.27915 2.26711 -0.093037
-0.73508 -0.757728 0.119204 2.27917 2.26708 -0.101759
-0.73477 -0.757437 0.133741 2.27919 2.26702 -0.119204
-0.73446 -0.757205 0.125019 2.27922 2.26696 -0.101759
-0.73415 -0.756943 0.125019 2.27924 2.26693 -0.101759
-0.73384 -0.75674 0.119204 2.27926 2.26693 -0.093037
-0.73353 -0.756507 0.110481 2.27929 2.26691 -0.110481
-0.73322 -0.756303 0.093037 2.27931 2.26693 -0.119204
-0.73291 -0.7561 0.110481 2.27933 2.26696 -0.110481
-0.7326 -0.755867 0.110481 2.27935 2.26696 -0.119204
-0.73229 -0.755635 0.101759 2.27938 2.26699 -0.110481
-0.73199 -0.755431 0.119204 2.2794 2.26705 -0.125019
-0.73168 -0.755199 0.093037 2.27942 2.26708 -0.110481
-0.73137 -0.755024 0.093037 2.27944 2.26717 -0.133741
-0.73106 -0.754821 0.093037 2.27946 2.2672 -0.119204
-0.73075 -0.754617 0.101759 2.27949 2.26725 -0.125019
-0.73044 -0.754385 0.133741 2.27951 2.26728 -0.125019
-0.73013 -0.754181 0.0872222 2.27953 2.26734 -0.125019
-0.72982 -0.753978 0.101759 2.27955 2.26743 -0.133741
-0.72951 -0.753774 0.101759 2.27957 2.26746 -0.119204
-0.7292 -0.753571 0.101759 2.27959 2.26754 -0.119204
-0.72889 -0.753338 0.110481 2.27962 2.26757 -0.151185
-0.72858 -0.753105 0.093037 2.27964 2.2676 -0.125019
-0.72827 -0.752873 0.119204 2.27966 2.26766 -0.119204
-0.72796 -0.752669 0.119204 2.27968 2.26775 -0.157
-0.72765 -0.752408 0.101759 2.2797 2.26778 -0.142463
-0.72734 -0.752204 0.110481 2.27972 2.26784 -0.151185
-0.72703 -0.751971 0.093037 2.27974 2.26792 -0.142463
-0.72672 -0.75171 0.142463 2.27976 2.26798 -0.165722
-0.72641 -0.751448 0.119204 2.27978 2.26807 -0.174444
-0.7261 -0.751186 0.133741 2.2798 2.26818 -0.142463
-0.72579 -0.750983 0.119204 2.27982 2.26836 -0.188981
-0.72548 -0.75075 0.101759 2.27984 2.2685 -0.206426
-0.72517 -0.750489 0.125019 2.27986 2.26868 -0.188981
-0.72486 -0.750198 0.142463 2.27988 2.26885 -0.220963
-0.72455 -0.749907 0.157 2.2799 2.269 -0.220963
-0.72424 -0.749616 0.133741 2.27992 2.2692 -0.220963
-0.72393 -0.749355 0.142463 2.27994 2.26941 -0.229685
-0.72362 -0.749064 0.133741 2.27996 2.26961 -0.238407
-0.72331 -0.748802 0.151185 2.27998 2.26987 -0.252944
-0.72299 -0.748453 0.165722 2.28 2.27002 -0.252944
-0.72268 -0.748134 0.157 2.28002 2.27019 -0.24713
-0.72237 -0.747814 0.174444 2.28004 2.27042 -0.252944
-0.72206 -0.747436 0.165722 2.28006 2.27057 -0.24713
-0.72175 -0.747087 0.174444 2.28008 2.27063 -0.215148
-0.72144 -0.746738 0.174444 2.2801 2.27068 -0.197704
-0.72113 -0.746389 0.188981 2.28012 2.27071 -0.188981
-0.72082 -0.745982 0.206426 2.28014 2.27066 -0.174444
-0.72051 -0.745575 0.197704 2.28015 2.27057 -0.157
-0.7202 -0.745226 0.197704 2.28017 2.27048 -0.133741
-0.71989 -0.744848 0.188981 2.28019 2.27034 -0.110481
-0.71958 -0.74447 0.188981 2.28021 2.27013 -0.101759
-0.71927 -0.744063 0.197704 2.28023 2.26993 -0.093037
-0.71895 -0.743656 0.215148 2.28025 2.26973 -0.0785
-0.71864 -0.743249 0.206426 2.28027 2.26946 -0.0697778
-0.71833 -0.742871 0.206426 2.28028 2.26926 -0.0872222
-0.71802 -0.742493 0.165722 2.2803 2.26906 -0.093037
-0.71771 -0.742144 0.183167 2.28032 2.26891 -0.101759
-0.7174 -0.741766 0.183167 2.28034 2.26871 -0.101759
-0.71709 -0.741359 0.197704 2.28036 2.2685 -0.093037
-0.71678 -0.741011 0.197704 2.2804 2.26836 -0.093037
-0.71647 -0.740603 0.165722 2.28044 2.26816 -0.101759
-0.71615 -0.740313 0.151185 2.28047 2.2681 -0.119204
-0.71584 -0.739993 0.151185 2.28051 2.26798 -0.110481
-0.71553 -0.739673 0.165722 2.28055 2.26786 -0.0872222
-0.71522 -0.739295 0.183167 2.28059 2.26769 -0.093037
-0.71491 -0.738946 0.165722 2.28063 2.26754 -0.110481
-0.7146 -0.738626 0.151185 2.28066 2.26743 -0.093037
-0.71429 -0.738336 0.142463 2.2807 2.26731 -0.101759
-0.71397 -0.738045 0.142463 2.28074 2.2672 -0.101759
-0.71366 -0.737725 0.151185 2.28078 2.26705 -0.0872222
-0.71335 -0.737405 0.165722 2.28082 2.26691 -0.0872222
-0.71304 -0.737086 0.165722 2.28085 2.26676 -0.0697778
-0.71273 -0.736795 0.165722 2.28089 2.26664 -0.0872222
-0.71242 -0.736504 0.142463 2.28093 2.26653 -0.110481
-0.7121 -0.736242 0.133741 2.28097 2.26644 -0.0872222
-0.71179 -0.735981 0.133741 2.281 2.26638 -0.093037
-0.71148 -0.73569 0.133741 2.28104 2.26629 -0.093037
-0.71117 -0.735399 0.151185 2.28108 2.26621 -0.110481
-0.71086 -0.735079 0.151185 2.28111 2.26612 -0.110481
-0.71054 -0.734818 0.125019 2.28115 2.26606 -0.101759
-0.71023 -0.734614 0.110481 2.28119 2.26606 -0.110481
-0.70992 -0.734382 0.101759 2.28122 2.26603 -0.101759
-0.70961 -0.734149 0.119204 2.28126 2.26603 -0.119204
-0.7093 -0.733887 0.142463 2.2813 2.266 -0.110481
-0.70898 -0.733597 0.142463 2.28133 2.26592 -0.119204
-0.70867 -0.733393 0.110481 2.28137 2.26597 -0.133741
-0.70836 -0.73319 0.0697778 2.2814 2.26603 -0.119204
-0.70805 -0.732986 0.093037 2.28144 2.26609 -0.133741
-0.70773 -0.732753 0.125019 2.28148 2.26615 -0.133741
-0.70742 -0.732463 0.125019 2.28151 2.26615 -0.142463
-0.70711 -0.73223 0.119204 2.28155 2.26621 -0.125019
-0.70679 -0.732027 0.093037 2.28158 2.26629 -0.133741
-0.70648 -0.731852 0.0697778 2.28162 2.26644 -0.165722
-0.70617 -0.731649 0.110481 2.28165 2.26656 -0.174444
-0.70586 -0.731387 0.110481 2.28169 2.26661 -0.133741
-0.70554 -0.731125 0.133741 2.28172 2.26664 -0.125019
-0.70523 -0.730893 0.133741 2.28176 2.2667 -0.142463
-0.70492 -0.730689 0.101759 2.28179 2.26676 -0.133741
-0.7046 -0.730486 0.101759 2.28183 2.26682 -0.133741
-0.70429 -0.730282 0.119204 2.28186 2.26688 -0.125019
-0.70398 -0.73005 0.119204 2.2819 2.26691 -0.133741
-0.70367 -0.729759 0.125019 2.28193 2.26688 -0.133741
-0.70335 -0.729526 0.125019 2.28197 2.26691 -0.133741
-0.70304 -0.729265 0.119204 2.282 2.26691 -0.151185
-0.70273 -0.729061 0.101759 2.28203 2.26699 -0.142463
-0.70241 -0.728858 0.093037 2.28207 2.26708 -0.142463
-0.7021 -0.728596 0.119204 2.2821 2.26714 -0.142463
-0.70178 -0.728305 0.142463 2.28214 2.2672 -0.165722
-0.70147 -0.728014 0.142463 2.28217 2.26725 -0.183167
-0.70116 -0.727811 0.110481 2.2822 2.2674 -0.174444
-0.70084 -0.727607 0.093037 2.28224 2.26757 -0.197704
-0.70053 -0.727404 0.093037 2.28227 2.26778 -0.197704
-0.70022 -0.727142 0.133741 2.2823 2.26792 -0.197704
-0.6999 -0.726793 0.157 2.28234 2.26801 -0.215148
-0.69959 -0.726503 0.157 2.28237 2.26818 -0.220963
-0.69928 -0.72627 0.133741 2.2824 2.26842 -0.238407
-0.69896 -0.726037 0.101759 2.28244 2.26865 -0.238407
-0.69865 -0.725805 0.125019 2.28247 2.26891 -0.252944
-0.69833 -0.725514 0.142463 2.2825 2.26909 -0.252944
-0.69802 -0.725136 0.188981 2.28254 2.2692 -0.229685
-0.69771 -0.724816 0.174444 2.28257 2.26941 -0.252944
-0.69739 -0.724496 0.157 2.2826 2.26961 -0.252944
-0.69708 -0.724235 0.119204 2.28263 2.2699 -0.252944
-0.69676 -0.723886 0.142463 2.28267 2.27013 -0.252944
-0.69645 -0.723537 0.157 2.2827 2.27031 -0.252944
-0.69613 -0.723101 0.215148 2.28273 2.27042 -0.252944
-0.69582 -0.722636 0.188981 2.28276 2.27051 -0.279111
-0.69551 -0.722258 0.174444 2.28279 2.27071 -0.252944
-0.69519 -0.721938 0.157 2.28283 2.27086 -0.220963
-0.69488 -0.721589 0.174444 2.28286 2.27103 -0.252944
-0.69456 -0.721182 0.188981 2.28289 2.27106 -0.215148
-0.69425 -0.720688 0.220963 2.28292 2.27106 -0.220963
-0.69393 -0.720223 0.215148 2.28295 2.27103 -0.215148
-0.69362 -0.719816 0.206426 2.28298 2.27106 -0.206426
-0.6933 -0.719467 0.188981 2.28301 2.27112 -0.206426
-0.69299 -0.719089 0.165722 2.28305 2.27112 -0.197704
-0.69267 -0.718711 0.197704 2.28306 2.27112 -0.188981
-0.69236 -0.718246 0.229685 2.28306 2.271 -0.157
-0.69205 -0.71778 0.229685 2.28307 2.27089 -0.165722
-0.69173 -0.717344 0.215148 2.28307 2.27077 -0.174444
-0.69142 -0.716966 0.197704 2.28307 2.27074 -0.157
-0.6911 -0.716501 0.197704 2.28308 2.27066 -0.157
-0.69079 -0.716065 0.206426 2.28308 2.27054 -0.142463
-0.69047 -0.7156 0.220963 2.28308 2.27039 -0.165722
-0.69016 -0.715164 0.220963 2.28308 2.27028 -0.165722
-0.68984 -0.714786 0.188981 2.28309 2.27022 -0.151185
-0.68953 -0.714408 0.183167 2.28309 2.27013 -0.151185
-0.68922 -0.71403 0.197704 2.28309 2.27007 -0.151185
-0.6889 -0.713594 0.197704 2.28309 2.26993 -0.157
-0.68859 -0.713158 0.215148 2.2831 2.26984 -0.157
-0.68827 -0.712576 0.206426 2.2831 2.26961 -0.133741
-0.68796 -0.71214 0.183167 2.2831 2.26946 -0.125019
-0.68764 -0.711791 0.183167 2.2831 2.26935 -0.101759
-0.68733 -0.711442 0.165722 2.28311 2.26923 -0.119204
-0.68701 -0.711093 0.174444 2.28311 2.26911 -0.110481
-0.6867 -0.710686 0.188981 2.28311 2.26891 -0.110481
-0.68638 -0.71025 0.197704 2.28311 2.26874 -0.093037
-0.68607 -0.709843 0.183167 2.28311 2.26856 -0.101759
-0.68575 -0.709523 0.142463 2.28311 2.26848 -0.110481
-0.68544 -0.709174 0.142463 2.28311 2.26836 -0.119204
-0.68512 -0.708855 0.157 2.28312 2.2683 -0.119204
-0.68481 -0.708506 0.188981 2.28312 2.26816 -0.119204
-0.68449 -0.708157 0.183167 2.28312 2.26807 -0.142463
-0.68418 -0.707808 0.151185 2.28312 2.26807 -0.133741
-0.68386 -0.707546 0.110481 2.28312 2.26816 -0.151185
-0.68355 -0.707256 0.119204 2.28312 2.2681 -0.165722
-0.68323 -0.707023 0.142463 2.28312 2.26813 -0.157
-0.68292 -0.706703 0.174444 2.28312 2.26816 -0.174444
-0.6826 -0.706441 0.174444 2.28312 2.26818 -0.174444
-0.68229 -0.70618 0.133741 2.28312 2.26824 -0.183167
-0.68197 -0.705976 0.119204 2.28312 2.26842 -0.174444
-0.68166 -0.705715 0.110481 2.28312 2.26853 -0.165722
-0.68134 -0.705482 0.125019 2.28312 2.26865 -0.206426
-0.68103 -0.705249 0.133741 2.28312 2.26874 -0.197704
-0.68071 -0.705017 0.151185 2.28312 2.26882 -0.188981
-0.6804 -0.704726 0.133741 2.28312 2.26891 -0.197704
-0.68008 -0.704464 0.119204 2.28312 2.26897 -0.165722
-0.67977 -0.704261 0.110481 2.28312 2.26909 -0.165722
-0.67945 -0.704028 0.110481 2.28312 2.26911 -0.165722
-0.67914 -0.703796 0.125019 2.28312 2.26914 -0.157
-0.67882 -0.703563 0.157 2.28312 2.26914 -0.133741
-0.67851 -0.703331 0.165722 2.28312 2.26911 -0.133741
-0.67819 -0.703127 0.133741 2.28312 2.26911 -0.133741
-0.67788 -0.702923 0.125019 2.28312 2.26911 -0.133741
-0.67756 -0.702749 0.119204 2.28312 2.26914 -0.110481
-0.67724 -0.702546 0.125019 2.28312 2.26917 -0.133741
-0.67693 -0.702226 0.174444 2.28312 2.26911 -0.133741
-0.67661 -0.701993 0.157 2.28311 2.26909 -0.133741
-0.6763 -0.70179 0.142463 2.28311 2.26909 -0.142463
-0.67598 -0.701586 0.125019 2.28311 2.26911 -0.142463
-0.67567 -0.701412 0.119204 2.28311 2.26917 -0.157
-0.67535 -0.70115 0.151185 2.28311 2.26917 -0.157
-0.67504 -0.700946 0.125019 2.28311 2.2692 -0.157
-0.67472 -0.700714 0.133741 2.2831 2.26926 -0.165722
-0.6744 -0.70051 0.125019 2.2831 2.26932 -0.165722
-0.67409 -0.700307 0.142463 2.2831 2.26943 -0.188981
-0.67377 -0.700045 0.188981 2.2831 2.26949 -0.197704
-0.67346 -0.699783 0.142463 2.2831 2.26961 -0.197704
-0.67314 -0.699522 0.133741 2.28309 2.26978 -0.215148
-0.67283 -0.699318 0.119204 2.28309 2.26993 -0.229685
-0.67251 -0.699144 0.119204 2.28309 2.2701 -0.24713
-0.67219 -0.698911 0.165722 2.28309 2.27028 -0.229685
-0.67188 -0.698533 0.183167 2.28308 2.27036 -0.229685
-0.67156 -0.698184 0.165722 2.28308 2.27048 -0.238407
-0.67125 -0.697952 0.142463 2.28308 2.27066 -0.252944
-0.67093 -0.69769 0.125019 2.28307 2.27083 -0.24713
-0.67062 -0.697428 0.142463 2.28307 2.27098 -0.238407
-0.6703 -0.697167 0.174444 2.28307 2.27109 -0.220963
-0.66998 -0.696876 0.188981 2.28306 2.27112 -0.220963
-0.66967 -0.696585 0.165722 2.28306 2.27121 -0.215148
-0.66935 -0.696295 0.183167 2.28306 2.27121 -0.206426
-0.66904 -0.696033 0.174444 2.28305 2.27127 -0.206426
-0.66872 -0.695742 0.183167 2.28305 2.27124 -0.174444
-0.6684 -0.695451 0.188981 2.28305 2.27124 -0.165722
-0.66809 -0.695161 0.197704 2.28304 2.27118 -0.183167
-0.66777 -0.694812 0.183167 2.28304 2.27109 -0.151185
-0.66745 -0.694492 0.174444 2.28303 2.271 -0.151185
-0.66714 -0.694143 0.197704 2.28303 2.27089 -0.125019
-0.66682 -0.693765 0.215148 2.28303 2.27071 -0.125019
-0.66651 -0.693445 0.197704 2.28302 2.27057 -0.119204
-0.66619 -0.693126 0.188981 2.28302 2.27039 -0.110481
-0.66587 -0.692806 0.183167 2.28301 2.27025 -0.119204
-0.66556 -0.692515 0.188981 2.28301 2.2701 -0.110481
-0.66524 -0.692224 0.197704 2.28299 2.26996 -0.093037
-0.66493 -0.691904 0.220963 2.28297 2.26981 -0.093037
-0.66461 -0.691556 0.220963 2.28294 2.26961 -0.110481
-0.6643 -0.691236 0.206426 2.28292 2.26946 -0.110481
-0.66398 -0.690887 0.197704 2.28289 2.26935 -0.110481
-0.66367 -0.690509 0.197704 2.28287 2.2692 -0.119204
-0.66335 -0.69016 0.188981 2.28284 2.26909 -0.119204
-0.66303 -0.689811 0.197704 2.28282 2.26894 -0.125019
-0.66272 -0.689491 0.215148 2.28279 2.26882 -0.133741
-0.6624 -0.689171 0.188981 2.28277 2.26871 -0.133741
-0.66209 -0.688881 0.197704 2.28274 2.26862 -0.125019
-0.66177 -0.688561 0.215148 2.28272 2.26848 -0.119204
-0.66146 -0.688241 0.188981 2.28269 2.26839 -0.125019
-0.66114 -0.687892 0.188981 2.28267 2.26827 -0.142463
-0.66083 -0.687601 0.197704 2.28264 2.26818 -0.125019
-0.66051 -0.687282 0.215148 2.28262 2.26813 -0.142463
-0.6602 -0.686875 0.188981 2.28259 2.26795 -0.151185
-0.65988 -0.686555 0.206426 2.28257 2.26784 -0.119204
-0.65957 -0.686235 0.188981 2.28254 2.26775 -0.133741
-0.65925 -0.685857 0.197704 2.28251 2.26763 -0.133741
-0.65894 -0.68545 0.197704 2.28249 2.26746 -0.133741
-0.65862 -0.685159 0.183167 2.28246 2.26743 -0.142463
-0.6583 -0.684665 0.183167 2.28244 2.26722 -0.125019
-0.65799 -0.684316 0.188981 2.28241 2.26711 -0.133741
-0.65767 -0.683938 0.188981 2.28238 2.26699 -0.119204
-0.65736 -0.68356 0.183167 2.28236 2.26688 -0.133741
-0.65704 -0.683153 0.183167 2.28233 2.26676 -0.119204
-0.65673 -0.682891 0.157 2.2823 2.26667 -0.125019
-0.65641 -0.68263 0.165722 2.28228 2.26661 -0.125019
-0.6561 -0.68231 0.165722 2.28225 2.26653 -0.110481
-0.65578 -0.68199 0.165722 2.28222 2.26641 -0.125019
-0.65547 -0.681699 0.174444 2.2822 2.26635 -0.110481
-0.65515 -0.681409 0.151185 2.28217 2.26629 -0.125019
-0.65483 -0.681147 0.151185 2.28214 2.26624 -0.119204
-0.65452 -0.680914 0.157 2.28211 2.26618 -0.125019
-0.6542 -0.680682 0.142463 2.28209 2.26618 -0.125019
-0.65389 -0.68042 0.142463 2.28206 2.26615 -0.119204
-0.65357 -0.680129 0.133741 2.28203 2.26612 -0.119204
-0.65326 -0.679897 0.142463 2.282 2.26609 -0.125019
-0.65294 -0.679635 0.142463 2.28198 2.26609 -0.133741
-0.65263 -0.679344 0.119204 2.28195 2.26603 -0.119204
-0.65231 -0.679112 0.125019 2.28192 2.266 -0.133741
-0.652 -0.678879 0.125019 2.28189 2.26603 -0.133741
-0.65168 -0.678618 0.125019 2.28186 2.26603 -0.110481
-0.65136 -0.678356 0.142463 2.28184 2.26603 -0.119204
-0.65105 -0.678036 0.133741 2.28181 2.26603 -0.125019
-0.65073 -0.677774 0.110481 2.28178 2.26603 -0.119204
-0.65042 -0.677571 0.110481 2.28175 2.26606 -0.125019
-0.6501 -0.677367 0.110481 2.28172 2.26609 -0.125019
-0.64979 -0.677135 0.125019 2.28169 2.26609 -0.133741
-0.64947 -0.676931 0.125019 2.28166 2.26615 -0.133741
-0.64916 -0.676699 0.125019 2.28164 2.26618 -0.151185
-0.64884 -0.676466 0.110481 2.28161 2.26632 -0.151185
-0.64852 -0.676233 0.110481 2.28158 2.26641 -0.174444
-0.64821 -0.676001 0.110481 2.28155 2.26653 -0.183167
-0.64789 -0.675797 0.110481 2.28152 2.26667 -0.197704
-0.64758 -0.675536 0.125019 2.28149 2.26682 -0.197704
-0.64726 -0.675274 0.133741 2.28146 2.26696 -0.215148
-0.64695 -0.675041 0.142463 2.28143 2.26717 -0.215148
-0.64663 -0.674838 0.142463 2.2814 2.26734 -0.229685
-0.64631 -0.674605 0.119204 2.28137 2.26754 -0.220963
-0.646 -0.674431 0.110481 2.28134 2.26775 -0.238407
-0.64568 -0.674227 0.133741 2.28131 2.26789 -0.238407
-0.64537 -0.673995 0.142463 2.28128 2.26801 -0.229685
-0.64505 -0.673733 0.165722 2.28125 2.2681 -0.215148
-0.64474 -0.673471 0.174444 2.28122 2.26821 -0.229685
-0.64442 -0.67321 0.157 2.28119 2.2683 -0.215148
-0.64411 -0.672948 0.142463 2.28116 2.26842 -0.197704
-0.64379 -0.672716 0.157 2.28113 2.2685 -0.206426
-0.64347 -0.672454 0.174444 2.2811 2.26853 -0.183167
-0.64316 -0.672221 0.157 2.28107 2.26859 -0.188981
-0.64284 -0.671931 0.165722 2.28104 2.26859 -0.197704
-0.64253 -0.671669 0.174444 2.28101 2.26859 -0.174444
-0.64221 -0.671436 0.174444 2.28098 2.26859 -0.157
-0.6419 -0.671146 0.174444 2.28095 2.26856 -0.174444
-0.64158 -0.670855 0.165722 2.28092 2.26856 -0.151185
-0.64126 -0.670535 0.174444 2.28088 2.26856 -0.165722
-0.64095 -0.670244 0.174444 2.28085 2.26853 -0.174444
-0.64063 -0.669953 0.183167 2.28082 2.26853 -0.165722
-0.64032 -0.669634 0.188981 2.28079 2.26853 -0.165722
-0.64 -0.669285 0.183167 2.28076 2.2685 -0.165722
-0.63969 -0.668965 0.165722 2.28072 2.26848 -0.165722
-0.63937 -0.668703 0.157 2.28068 2.26848 -0.174444
-0.63906 -0.668413 0.165722 2.28064 2.26848 -0.183167
-0.63874 -0.668151 0.183167 2.2806 2.26848 -0.183167
-0.63843 -0.667773 0.206426 2.28056 2.26842 -0.183167
-0.63811 -0.667453 0.183167 2.28052 2.26842 -0.183167
-0.6378 -0.667075 0.197704 2.28048 2.26848 -0.188981
-0.63748 -0.666668 0.174444 2.28044 2.2685 -0.188981
-0.63717 -0.66629 0.142463 2.2804 2.26845 -0.183167
-0.63685 -0.665999 0.183167 2.28035 2.26845 -0.183167
-0.63654 -0.665709 0.188981 2.28031 2.26842 -0.183167
-0.63622 -0.665389 0.238407 2.28027 2.26836 -0.165722
-0.63591 -0.66504 0.220963 2.28023 2.26824 -0.151185
-0.63559 -0.664749 0.197704 2.28019 2.26821 -0.157
-0.63528 -0.664488 0.183167 2.28015 2.26816 -0.142463
-0.63496 -0.664197 0.188981 2.2801 2.2681 -0.157
-0.63465 -0.663906 0.183167 2.28006 2.2681 -0.165722
-0.63433 -0.663528 0.183167 2.28002 2.26801 -0.157
-0.63402 -0.66315 0.206426 2.27998 2.26789 -0.151185
-0.6337 -0.662801 0.215148 2.27994 2.26784 -0.165722
-0.63339 -0.662423 0.215148 2.27989 2.26769 -0.151185
-0.63307 -0.662045 0.215148 2.27985 2.26763 -0.165722
-0.63276 -0.661726 0.188981 2.27981 2.26757 -0.151185
-0.63244 -0.661435 0.165722 2.27977 2.26752 -0.157
-0.63213 -0.661144 0.183167 2.27972 2.26749 -0.174444
-0.63181 -0.660882 0.188981 2.27968 2.26746 -0.142463
-0.6315 -0.660475 0.215148 2.27964 2.26731 -0.151185
-0.63118 -0.660156 0.220963 2.2796 2.26722 -0.151185
-0.63087 -0.659807 0.197704 2.27955 2.26717 -0.151185
-0.63055 -0.659429 0.215148 2.27951 2.26705 -0.174444
-0.63024 -0.659167 0.197704 2.27947 2.26705 -0.165722
-0.62992 -0.658876 0.188981 2.27942 2.26702 -0.165722
-0.62961 -0.658586 0.183167 2.27938 2.26696 -0.165722
-0.62929 -0.658295 0.188981 2.27934 2.26693 -0.142463
-0.62898 -0.657975 0.197704 2.27929 2.26685 -0.157
-0.62866 -0.657655 0.206426 2.27925 2.26685 -0.174444
-0.62835 -0.657219 0.215148 2.27921 2.26673 -0.157
-0.62803 -0.65687 0.188981 2.27916 2.26667 -0.151185
-0.62772 -0.656521 0.174444 2.27912 2.26661 -0.157
-0.6274 -0.656231 0.206426 2.27907 2.26653 -0.142463
-0.62709 -0.65594 0.188981 2.27903 2.26647 -0.125019
-0.62677 -0.655649 0.197704 2.27899 2.26638 -0.133741
-0.62646 -0.655358 0.183167 2.27894 2.26629 -0.125019
-0.62615 -0.655068 0.188981 2.2789 2.26621 -0.133741
-0.62583 -0.654806 0.183167 2.27885 2.26615 -0.142463
-0.62552 -0.654544 0.188981 2.27881 2.26609 -0.119204
-0.6252 -0.654253 0.174444 2.27876 2.266 -0.119204
-0.62489 -0.653905 0.183167 2.27872 2.26592 -0.125019
-0.62457 -0.653498 0.183167 2.27867 2.26574 -0.119204
-0.62426 -0.653207 0.174444 2.27863 2.26563 -0.119204
-0.62394 -0.652945 0.183167 2.27858 2.26557 -0.125019
-0.62363 -0.652683 0.157 2.27854 2.26545 -0.125019
-0.62331 -0.652451 0.165722 2.27849 2.26539 -0.101759
-0.623 -0.65216 0.151185 2.27845 2.26531 -0.119204
-0.62268 -0.651869 0.174444 2.2784 2.26522 -0.093037
-0.62237 -0.65155 0.183167 2.27836 2.26507 -0.093037
-0.62205 -0.651317 0.151185 2.27831 2.26502 -0.110481
-0.62174 -0.651026 0.157 2.27827 2.2649 -0.0697778
-0.62142 -0.650823 0.151185 2.27822 2.26484 -0.110481
-0.62111 -0.650561 0.165722 2.27818 2.26475 -0.093037
-0.62079 -0.650358 0.133741 2.27813 2.2647 -0.0785
-0.62048 -0.650125 0.133741 2.27808 2.26461 -0.101759
-0.62016 -0.649863 0.151185 2.27804 2.26455 -0.093037
-0.61985 -0.649543 0.157 2.27799 2.2644 -0.0785
-0.61953 -0.649311 0.151185 2.27795 2.26435 -0.110481
-0.61922 -0.649078 0.142463 2.2779 2.26429 -0.110481
-0.61891 -0.648875 0.125019 2.27785 2.26426 -0.110481
-0.61859 -0.648671 0.101759 2.27781 2.2642 -0.101759
-0.61828 -0.648468 0.125019 2.27776 2.26417 -0.101759
-0.61796 -0.648264 0.151185 2.27771 2.26411 -0.110481
-0.61765 -0.648032 0.151185 2.27767 2.26406 -0.101759
-0.61733 -0.64777 0.151185 2.27762 2.264 -0.110481
-0.61702 -0.647566 0.101759 2.27757 2.26403 -0.101759
-0.6167 -0.647334 0.110481 2.27753 2.264 -0.125019
-0.61639 -0.647101 0.110481 2.27748 2.264 -0.110481
-0.61607 -0.64684 0.142463 2.27743 2.26394 -0.119204
-0.61576 -0.646607 0.151185 2.27738 2.26388 -0.125019
-0.61544 -0.646374 0.125019 2.27734 2.26382 -0.125019
-0.61513 -0.646229 0.110481 2.27729 2.26391 -0.119204
-0.61481 -0.645996 0.101759 2.27724 2.26391 -0.142463
-0.6145 -0.645793 0.119204 2.27719 2.264 -0.142463
-0.61419 -0.645531 0.125019 2.27712 2.264 -0.142463
-0.61388 -0.64527 0.125019 2.27705 2.26406 -0.174444
-0.61356 -0.645008 0.133741 2.27698 2.26411 -0.151185
-0.61325 -0.644775 0.142463 2.27691 2.26414 -0.174444
-0.61294 -0.644601 0.133741 2.27684 2.26429 -0.183167
-0.61263 -0.644339 0.125019 2.27677 2.26446 -0.215148
-0.61231 -0.644048 0.101759 2.2767 2.2647 -0.24713
-0.612 -0.643787 0.125019 2.27663 2.26493 -0.252944
-0.61169 -0.643438 0.174444 2.27656 2.26513 -0.279111
-0.61138 -0.643118 0.215148 2.27649 2.26525 -0.293648
-0.61107 -0.642827 0.174444 2.27642 2.26545 -0.270389
-0.61075 -0.642653 0.125019 2.27635 2.26574 -0.32563
-0.61044 -0.642478 0.110481 2.27628 2.26609 -0.30237
-0.61013 -0.642275 0.119204 2.27621 2.26638 -0.311093
-0.60982 -0.641897 0.229685 2.27614 2.2665 -0.30237
-0.6095 -0.64149 0.24713 2.27607 2.26659 -0.293648
-0.60919 -0.641141 0.206426 2.276 2.2667 -0.270389
-0.60888 -0.640938 0.157 2.27593 2.26693 -0.284926
-0.60857 -0.640705 0.133741 2.27586 2.26711 -0.293648
-0.60826 -0.640472 0.151185 2.27579 2.26725 -0.252944
-0.60794 -0.640182 0.197704 2.27572 2.26734 -0.24713
-0.60763 -0.639833 0.229685 2.27565 2.26734 -0.252944
-0.60732 -0.639338 0.229685 2.27558 2.26728 -0.229685
-0.60701 -0.638961 0.220963 2.27551 2.26728 -0.188981
-0.6067 -0.638583 0.188981 2.27543 2.26722 -0.165722
-0.60638 -0.638205 0.188981 2.27536 2.26711 -0.119204
-0.60607 -0.637914 0.197704 2.27529 2.26702 -0.133741
-0.60576 -0.637478 0.220963 2.27522 2.26679 -0.101759
-0.60545 -0.6371 0.215148 2.27515 2.26659 -0.093037
-0.60514 -0.636751 0.220963 2.27508 2.26635 -0.093037
-0.60482 -0.636402 0.252944 2.27501 2.26615 -0.0697778
-0.60451 -0.636053 0.220963 2.27494 2.26592 -0.0872222
-0.6042 -0.635791 0.188981 2.27486 2.26577 -0.0697778
-0.60389 -0.63553 0.157 2.27479 2.26563 -0.0697778
-0.60358 -0.635268 0.165722 2.27472 2.26551 -0.0785
-0.60327 -0.634948 0.188981 2.27465 2.26534 -0.0872222
-0.60295 -0.634512 0.24713 2.27458 2.26504 -0.0697778
-0.60264 -0.634134 0.24713 2.2745 2.26481 -0.0872222
-0.60233 -0.633756 0.206426 2.27443 2.26461 -0.0872222
-0.60202 -0.633524 0.151185 2.27436 2.26452 -0.101759
-0.60171 -0.633262 0.133741 2.27429 2.26446 -0.0872222
-0.6014 -0.632884 0.165722 2.27421 2.26429 -0.093037
-0.60108 -0.632448 0.220963 2.27414 2.26403 -0.093037
-0.60077 -0.631983 0.229685 2.27407 2.26374 -0.093037
-0.60046 -0.631634 0.206426 2.274 2.26353 -0.0872222
-0.60015 -0.631343 0.157 2.27392 2.26342 -0.093037
-0.59984 -0.631081 0.157 2.27385 2.2633 -0.0872222
-0.59953 -0.630762 0.151185 2.27378 2.26315 -0.093037
-0.59921 -0.630384 0.197704 2.2737 2.26292 -0.093037
-0.5989 -0.629977 0.206426 2.27363 2.26266 -0.0872222
-0.59859 -0.629511 0.220963 2.27356 2.2624 -0.093037
-0.59828 -0.629192 0.220963 2.27348 2.2622 -0.0872222
-0.59797 -0.62893 0.174444 2.27341 2.26208 -0.0872222
-0.59766 -0.628697 0.142463 2.27334 2.26199 -0.0785
-0.59735 -0.628436 0.133741 2.27326 2.26188 -0.0785
-0.59703 -0.628116 0.183167 2.27319 2.26173 -0.101759
-0.59672 -0.627738 0.197704 2.27312 2.2615 -0.0872222
-0.59641 -0.62736 0.215148 2.27304 2.26126 -0.0872222
-0.5961 -0.627011 0.197704 2.27297 2.26109 -0.0872222
-0.59579 -0.626691 0.151185 2.27289 2.26094 -0.0872222
-0.59548 -0.626459 0.0872222 2.27282 2.26089 -0.0785
-0.59517 -0.626168 0.151185 2.27275 2.26074 -0.093037
-0.59486 -0.625906 0.197704 2.27267 2.26063 -0.093037
-0.59454 -0.625528 0.229685 2.2726 2.26039 -0.0872222
-0.59423 -0.625238 0.197704 2.27252 2.26022 -0.093037
-0.59392 -0.625034 0.151185 2.27244 2.26016 -0.0785
-0.59361 -0.62486 0.125019 2.27236 2.26013 -0.101759
-0.5933 -0.624627 0.101759 2.27228 2.2601 -0.101759
-0.59299 -0.624336 0.165722 2.27219 2.25996 -0.101759
-0.59268 -0.624046 0.174444 2.27211 2.25981 -0.101759
-0.59237 -0.623784 0.197704 2.27203 2.25967 -0.0785
-0.59206 -0.623493 0.151185 2.27194 2.25955 -0.101759
-0.59175 -0.62329 0.133741 2.27186 2.25949 -0.101759
-0.59144 -0.623115 0.110481 2.27178 2.25943 -0.093037
-0.59113 -0.622853 0.125019 2.27169 2.25935 -0.0785
-0.59082 -0.622563 0.157 2.27161 2.25917 -0.0872222
-0.59051 -0.622301 0.174444 2.27153 2.25906 -0.0610556
-0.5902 -0.622039 0.165722 2.27144 2.25891 -0.0610556
-0.58989 -0.621778 0.165722 2.27136 2.25879 -0.0785
-0.58958 -0.621545 0.142463 2.27127 2.25871 -0.0785
-0.58927 -0.621283 0.125019 2.27119 2.25865 -0.0785
-0.58896 -0.621022 0.119204 2.2711 2.25853 -0.093037
-0.58866 -0.62076 0.142463 2.27102 2.25844 -0.0785
-0.58835 -0.620382 0.174444 2.27093 2.25821 -0.093037
-0.58804 -0.620062 0.206426 2.27085 2.25807 -0.093037
-0.58773 -0.619801 0.157 2.27077 2.25795 -0.101759
-0.58742 -0.619655 0.119204 2.27068 2.25795 -0.101759
-0.58711 -0.61951 0.0872222 2.2706 2.25795 -0.101759
-0.5868 -0.619277 0.110481 2.27051 2.25792 -0.101759
-0.58649 -0.618987 0.165722 2.27043 2.2578 -0.093037
-0.58618 -0.61858 0.215148 2.27034 2.2576 -0.110481
-0.58587 -0.618289 0.215148 2.27026 2.25749 -0.119204
-0.58556 -0.618027 0.125019 2.27017 2.25749 -0.133741
-0.58525 -0.617853 0.0785 2.27008 2.25751 -0.119204
-0.58494 -0.617707 0.0872222 2.27 2.2576 -0.125019
-0.58463 -0.617417 0.174444 2.26991 2.25751 -0.125019
-0.58432 -0.617097 0.197704 2.26983 2.25737 -0.110481
-0.58401 -0.616777 0.229685 2.26974 2.25728 -0.142463
-0.5837 -0.616515 0.157 2.26966 2.25725 -0.119204
-0.58339 -0.616341 0.119204 2.26957 2.25728 -0.151185
-0.58309 -0.616166 0.110481 2.26948 2.2574 -0.157
-0.58278 -0.615876 0.151185 2.2694 2.25743 -0.165722
-0.58247 -0.615498 0.183167 2.26931 2.25737 -0.188981
-0.58216 -0.615178 0.183167 2.26923 2.25734 -0.157
-0.58185 -0.614916 0.174444 2.26914 2.25737 -0.165722
-0.58154 -0.614596 0.165722 2.26905 2.2574 -0.188981
-0.58123 -0.614393 0.151185 2.26897 2.25746 -0.188981
-0.58092 -0.61416 0.151185 2.26888 2.25749 -0.165722
-0.58061 -0.613957 0.142463 2.26879 2.25757 -0.183167
-0.5803 -0.613695 0.157 2.26871 2.25757 -0.197704
-0.57999 -0.613433 0.188981 2.26862 2.2576 -0.165722
-0.57969 -0.613085 0.206426 2.26853 2.25754 -0.197704
-0.57938 -0.612736 0.229685 2.26845 2.25749 -0.183167
-0.57907 -0.612416 0.174444 2.26836 2.25751 -0.165722
-0.57876 -0.612183 0.119204 2.26827 2.25763 -0.174444
-0.57845 -0.612009 0.093037 2.26819 2.25772 -0.183167
-0.57814 -0.611718 0.142463 2.2681 2.25772 -0.174444
-0.57783 -0.611369 0.229685 2.26801 2.25763 -0.174444
-0.57752 -0.610875 0.279111 2.26792 2.25746 -0.183167
-0.57722 -0.610526 0.24713 2.26784 2.2574 -0.174444
-0.57691 -0.610293 0.133741 2.26775 2.25743 -0.165722
-0.5766 -0.610177 0.0872222 2.26766 2.25763 -0.174444
-0.57629 -0.609916 0.119204 2.26757 2.25775 -0.197704
-0.57598 -0.609538 0.220963 2.26749 2.25766 -0.206426
-0.57568 -0.609131 0.284926 2.26737 2.25754 -0.183167
-0.57537 -0.608753 0.270389 2.26725 2.25749 -0.215148
-0.57507 -0.608462 0.197704 2.26712 2.25751 -0.206426
-0.57477 -0.608258 0.151185 2.26699 2.25766 -0.215148
-0.57446 -0.607997 0.133741 2.26687 2.25783 -0.252944
-0.57416 -0.607619 0.197704 2.26674 2.25792 -0.238407
-0.57386 -0.607241 0.238407 2.26662 2.25789 -0.229685
-0.57355 -0.606863 0.252944 2.26649 2.25792 -0.229685
-0.57325 -0.606543 0.229685 2.26637 2.25795 -0.252944
-0.57295 -0.606194 0.206426 2.26624 2.25801 -0.24713
-0.57264 -0.605787 0.220963 2.26611 2.25804 -0.229685
-0.57234 -0.605438 0.220963 2.26599 2.25807 -0.238407
-0.57204 -0.60506 0.206426 2.26586 2.25815 -0.220963
-0.57173 -0.604682 0.206426 2.26574 2.25812 -0.206426
-0.57143 -0.604362 0.197704 2.26561 2.2581 -0.215148
-0.57113 -0.603955 0.252944 2.26548 2.25798 -0.197704
-0.57083 -0.603548 0.284926 2.26536 2.25783 -0.165722
-0.57052 -0.603112 0.279111 2.26523 2.25769 -0.183167
-0.57022 -0.602763 0.220963 2.26511 2.25763 -0.183167
-0.56992 -0.602414 0.151185 2.26498 2.25769 -0.165722
-0.56961 -0.601978 0.183167 2.26485 2.25763 -0.206426
-0.56931 -0.601455 0.293648 2.26473 2.2574 -0.142463
-0.56901 -0.600961 0.316907 2.2646 2.25714 -0.174444
-0.56871 -0.600554 0.270389 2.26447 2.25696 -0.165722
-0.5684 -0.600263 0.197704 2.26434 2.25693 -0.151185
-0.5681 -0.600001 0.142463 2.26422 2.25696 -0.142463
-0.5678 -0.599652 0.151185 2.26409 2.25687 -0.151185
-0.5675 -0.599245 0.215148 2.26396 2.25676 -0.151185
-0.56719 -0.598722 0.252944 2.26384 2.25653 -0.142463
-0.56689 -0.598228 0.252944 2.26371 2.25629 -0.133741
-0.56659 -0.597908 0.197704 2.26358 2.25621 -0.142463
-0.56629 -0.597617 0.165722 2.26345 2.25612 -0.133741
-0.56599 -0.597326 0.174444 2.26333 2.25603 -0.125019
-0.56568 -0.597036 0.183167 2.2632 2.25592 -0.110481
-0.56538 -0.596745 0.183167 2.26307 2.2558 -0.125019
-0.56508 -0.596425 0.188981 2.26294 2.25565 -0.101759
-0.56478 -0.596134 0.206426 2.26282 2.25551 -0.101759
-0.56448 -0.595815 0.220963 2.26269 2.25533 -0.093037
-0.56417 -0.595466 0.229685 2.26256 2.25513 -0.093037
-0.56387 -0.595059 0.183167 2.26243 2.2549 -0.0785
-0.56357 -0.594884 0.110481 2.2623 2.25487 -0.0872222
