angle_1_e angle_1_t d_theta_1_t angle_2_e angle_2_t d_theta_2_t
-1.2963 -1.29252 0.0232593 2.39752 2.35381 0
-1.29616 -1.29246 0.0290741 2.39732 2.35375 0
-1.29602 -1.29243 0.0610556 2.39711 2.35372 0
-1.29588 -1.29237 0.0232593 2.3969 2.35372 -0.00581481
-1.29574 -1.29234 0 2.3967 2.35381 -0.0785
-1.29559 -1.29231 0 2.39649 2.35389 -0.0872222
-1.29545 -1.29225 0.014537 2.39629 2.35401 -0.119204
-1.29531 -1.2922 0.0377963 2.39608 2.35421 -0.133741
-1.29517 -1.29208 0.0290741 2.39587 2.35439 -0.183167
-1.29503 -1.29202 0.0697778 2.39567 2.35462 -0.206426
-1.29489 -1.29194 0.0552407 2.39546 2.35494 -0.206426
-1.29475 -1.29188 0.00581481 2.39526 2.35529 -0.252944
-1.29461 -1.29179 0.00581481 2.39505 2.35561 -0.24713
-1.29447 -1.2917 0.014537 2.39484 2.35596 -0.270389
-1.29433 -1.29159 0.0552407 2.39464 2.35625 -0.252944
-1.29418 -1.29144 0.0697778 2.39443 2.35657 -0.279111
-1.29404 -1.2913 0.093037 2.39422 2.35686 -0.252944
-1.2939 -1.29115 0.093037 2.39402 2.35712 -0.252944
-1.29376 -1.29103 0.0872222 2.39381 2.35738 -0.24713
-1.29362 -1.29092 0.0872222 2.39361 2.35765 -0.24713
-1.29348 -1.29077 0.0872222 2.3934 2.35785 -0.229685
-1.29334 -1.2906 0.101759 2.39319 2.35805 -0.220963
-1.2932 -1.29042 0.110481 2.39299 2.35826 -0.229685
-1.29306 -1.29019 0.125019 2.39278 2.35843 -0.220963
-1.29292 -1.28999 0.125019 2.39258 2.35858 -0.215148
-1.29278 -1.28978 0.110481 2.39237 2.35875 -0.220963
-1.29264 -1.28961 0.110481 2.39216 2.35892 -0.229685
-1.2925 -1.28941 0.110481 2.39196 2.35907 -0.220963
-1.29235 -1.28917 0.119204 2.39175 2.35919 -0.197704
-1.29221 -1.28894 0.125019 2.39154 2.35927 -0.206426
-1.29207 -1.28871 0.151185 2.39134 2.35939 -0.188981
-1.29193 -1.28848 0.119204 2.39113 2.35945 -0.197704
-1.29179 -1.28827 0.133741 2.39093 2.35954 -0.197704
-1.29172 -1.28804 0.133741 2.3907 2.35962 -0.174444
-1.29165 -1.28786 0.101759 2.39047 2.35971 -0.165722
-1.29159 -1.28766 0.110481 2.39024 2.3598 -0.151185
-1.29152 -1.28743 0.125019 2.39001 2.3598 -0.151185
-1.29146 -1.28723 0.125019 2.38978 2.35977 -0.133741
-1.2914 -1.28702 0.133741 2.38955 2.35977 -0.110481
-1.29133 -1.28679 0.119204 2.38933 2.35971 -0.110481
-1.29127 -1.28659 0.119204 2.3891 2.35965 -0.093037
-1.2912 -1.28644 0.110481 2.38887 2.35965 -0.0872222
-1.29114 -1.28627 0.110481 2.38864 2.35956 -0.0872222
-1.29108 -1.28609 0.110481 2.38841 2.35948 -0.0697778
-1.29101 -1.28592 0.101759 2.38818 2.35936 -0.0552407
-1.29095 -1.28577 0.093037 2.38795 2.35927 -0.0610556
-1.29088 -1.2856 0.101759 2.38772 2.35913 0
-1.29082 -1.28545 0.093037 2.38749 2.35901 0
-1.29075 -1.28534 0.0785 2.38726 2.3589 0
-1.29069 -1.28519 0.0872222 2.38704 2.35878 -0.0610556
-1.29062 -1.2851 0.0872222 2.38681 2.35869 0
-1.29056 -1.28499 0.0465185 2.38658 2.35863 0
-1.29049 -1.28487 0.0785 2.38635 2.35852 0
-1.29043 -1.28475 0.0610556 2.38612 2.3584 0
-1.29037 -1.28467 0.0785 2.38589 2.35834 -0.014537
-1.2903 -1.28461 0.0290741 2.38566 2.35828 0
-1.29024 -1.28455 0.0232593 2.38543 2.35823 0
-1.29017 -1.28449 0.0552407 2.3852 2.35817 0
-1.29011 -1.28443 0.0465185 2.38497 2.35811 0
-1.29004 -1.28435 0.0610556 2.38474 2.35802 0
-1.28998 -1.28429 0 2.38451 2.35797 -0.0552407
-1.28991 -1.28423 0 2.38429 2.35794 0
-1.28985 -1.2842 0 2.38406 2.35791 0
-1.28978 -1.28414 0.0465185 2.38383 2.35785 0
-1.28972 -1.28406 0.0377963 2.3836 2.35776 0
-1.28965 -1.28403 0.0377963 2.38337 2.35773 0
-1.28959 -1.284 0.014537 2.38314 2.3577 0
-1.28952 -1.28397 0.0290741 2.38291 2.35767 0
-1.28946 -1.28394 0.0377963 2.38268 2.35765 0
-1.28939 -1.28388 0.0465185 2.38245 2.35759 0
-1.28933 -1.28385 0 2.38222 2.35756 0
-1.28926 -1.28382 0 2.38199 2.35753 0
-1.2892 -1.28382 0 2.38176 2.35753 0
-1.28913 -1.28377 0 2.38154 2.35747 0
-1.28907 -1.28371 0.0552407 2.38131 2.35741 0
-1.289 -1.28365 0.0465185 2.38108 2.35735 0
-1.28894 -1.28362 0 2.38085 2.35733 0
-1.28887 -1.28359 0 2.38062 2.3573 0
-1.28881 -1.28359 0 2.38039 2.3573 0
-1.28874 -1.28353 0.0290741 2.38016 2.35724 0
-1.28868 -1.2835 0 2.37993 2.35721 0
-1.28861 -1.28347 0.0377963 2.3797 2.35718 0
-1.28854 -1.28342 0.00581481 2.37947 2.35712 0
-1.28848 -1.28339 0.0552407 2.37924 2.35709 0
-1.28841 -1.28336 0.0377963 2.37901 2.35706 0
-1.28835 -1.28333 0.0290741 2.37878 2.35703 0
-1.28828 -1.28333 0 2.37855 2.35703 0
-1.28822 -1.2833 0 2.37833 2.35701 0
-1.28816 -1.2833 0 2.37809 2.35701 0
-1.28813 -1.28327 0.0552407 2.37785 2.35698 0
-1.2881 -1.28321 0.0465185 2.37761 2.35692 0
-1.28807 -1.28321 0.014537 2.37737 2.35692 0
-1.28804 -1.28321 0 2.37713 2.35692 0
-1.28801 -1.28321 0 2.37689 2.35692 0
-1.28799 -1.28318 0 2.37665 2.35689 0
-1.28796 -1.28318 0 2.37641 2.35689 0
-1.28793 -1.28315 0.0290741 2.37617 2.35686 0
-1.2879 -1.28313 0.0465185 2.37593 2.35683 0
-1.28787 -1.28313 0 2.37569 2.35683 0
-1.28784 -1.28313 0 2.37545 2.35683 0
-1.28781 -1.28313 0 2.37521 2.35683 0
-1.28778 -1.28313 0 2.37497 2.35683 0
-1.28775 -1.28307 0.0465185 2.37473 2.35677 0
-1.28772 -1.28307 0 2.37449 2.35677 0
-1.28769 -1.28304 0 2.37425 2.35674 0
-1.28766 -1.28304 0 2.37401 2.35674 0
-1.28763 -1.28304 0 2.37377 2.35674 0
-1.2876 -1.28301 0.0377963 2.37353 2.35671 0
-1.28757 -1.28301 0 2.37329 2.35671 0
-1.28754 -1.28298 0.00581481 2.37305 2.35669 0
-1.28751 -1.28298 0 2.3728 2.35666 0
-1.28748 -1.28298 0 2.37256 2.35666 0
-1.28745 -1.28295 0.0465185 2.37232 2.35663 0
-1.28742 -1.28292 0 2.37208 2.3566 0
-1.28738 -1.28292 0 2.37184 2.3566 0
-1.28735 -1.28292 0 2.3716 2.3566 0
-1.28732 -1.28292 0 2.37136 2.3566 0
-1.28729 -1.28292 0 2.37112 2.3566 0
-1.28726 -1.28289 0.0377963 2.37088 2.35657 0
-1.28723 -1.28289 0 2.37064 2.35657 0
-1.2872 -1.28289 0 2.3704 2.35657 0
-1.28717 -1.28289 0 2.37016 2.35657 0
-1.28714 -1.28286 0 2.36992 2.35651 0
-1.28711 -1.28286 0 2.36968 2.35651 0
-1.28708 -1.28286 0 2.36944 2.35651 0
-1.28705 -1.28283 0.014537 2.3692 2.35648 0
-1.28701 -1.28283 0 2.36896 2.35648 0
-1.28698 -1.28283 0 2.36872 2.35648 0
-1.28695 -1.28283 0 2.36848 2.35648 0
-1.28692 -1.28281 0.0290741 2.36824 2.35645 0
-1.28689 -1.28281 0 2.36799 2.35645 0
-1.28686 -1.28281 0 2.36775 2.35645 0
-1.28683 -1.28281 0 2.36751 2.35642 0.0290741
-1.2868 -1.28281 0 2.36727 2.35642 0
-1.28676 -1.28275 0.014537 2.36703 2.35637 0
-1.28673 -1.28275 0 2.36679 2.35637 0
-1.2867 -1.28275 0 2.36655 2.35637 0
-1.28667 -1.28275 0 2.36631 2.35637 0
-1.28664 -1.28275 0 2.36607 2.35634 0.00581481
-1.28661 -1.28275 0 2.36583 2.35634 0
-1.28657 -1.28275 0 2.36559 2.35634 0
-1.28654 -1.28275 0 2.36535 2.35634 0
-1.28651 -1.28275 0 2.36511 2.35634 0
-1.28648 -1.28275 0 2.36487 2.35634 0
-1.28645 -1.28275 0 2.36463 2.35631 0.0377963
-1.28641 -1.28275 0 2.36438 2.35631 0
-1.28638 -1.28275 0 2.36414 2.35631 0
-1.28635 -1.28275 0 2.3639 2.35628 0
-1.28632 -1.28275 0 2.36366 2.35628 0
-1.28628 -1.28275 0 2.36342 2.35628 0
-1.28625 -1.28275 0 2.36318 2.35628 0
-1.28622 -1.28275 0 2.36294 2.35625 0.00581481
-1.28619 -1.28275 0 2.3627 2.35625 0
-1.28616 -1.28275 0 2.36246 2.35622 0
-1.28612 -1.28275 0 2.36222 2.35619 0
-1.28609 -1.28275 0 2.36198 2.35619 0
-1.28606 -1.28275 0 2.36174 2.35616 0.0552407
-1.28602 -1.28275 0 2.3615 2.35616 0
-1.28599 -1.28275 0 2.36125 2.35613 0
-1.28596 -1.28275 0 2.36101 2.35613 0
-1.28593 -1.28275 0 2.36077 2.3561 0
-1.28589 -1.28275 0 2.36053 2.3561 0
-1.28588 -1.28275 0 2.36028 2.3561 0
-1.28588 -1.28275 0 2.36004 2.3561 0
-1.28587 -1.28275 0 2.35979 2.35608 0.0290741
-1.28586 -1.28275 0 2.35954 2.35608 0
-1.28585 -1.28275 0 2.35929 2.35608 0
-1.28585 -1.28275 0 2.35904 2.35608 0
-1.28584 -1.28275 0 2.35879 2.35605 0.0552407
-1.28583 -1.28275 0 2.35854 2.35605 0
-1.28582 -1.28275 0 2.35829 2.35605 0
-1.28582 -1.28275 0 2.35804 2.35605 0
-1.28581 -1.28275 0 2.35779 2.35605 0
-1.2858 -1.28275 0 2.35755 2.35605 0
-1.28579 -1.28275 0 2.3573 2.35605 0
-1.28578 -1.28275 0 2.35705 2.35605 0
-1.28578 -1.28275 0 2.3568 2.35605 0
-1.28577 -1.28275 0 2.35655 2.35602 0.00581481
-1.28576 -1.28275 0 2.3563 2.35602 0
-1.28575 -1.28275 0 2.35605 2.35602 0
-1.28574 -1.28275 0 2.3558 2.35602 0
-1.28573 -1.28275 0 2.35555 2.35602 0
-1.28573 -1.28275 0 2.3553 2.35602 0
-1.28572 -1.28275 0 2.35506 2.35602 0
-1.28571 -1.28275 0 2.35481 2.35602 0
-1.2857 -1.28275 0 2.35456 2.35599 0
-1.28569 -1.28275 0 2.35431 2.35599 0
-1.28568 -1.28275 0 2.35406 2.35599 0
-1.28567 -1.28275 0 2.35381 2.35599 0
-1.28566 -1.28275 0 2.35356 2.35599 0
-1.28565 -1.28275 0 2.35331 2.35599 0
-1.28565 -1.28275 0 2.35306 2.35599 0
-1.28564 -1.28275 0 2.35281 2.35599 0
-1.28563 -1.28275 0 2.35256 2.35599 0
-1.28562 -1.28275 0 2.35232 2.35599 0
-1.28561 -1.28275 0 2.35207 2.35596 0
-1.2856 -1.28275 0 2.35182 2.35596 0
-1.28559 -1.28275 0 2.35157 2.35596 0
-1.28558 -1.28275 0 2.35132 2.35596 0
-1.28557 -1.28275 0 2.35107 2.35596 0
-1.28556 -1.28275 0 2.35082 2.35596 0
-1.28555 -1.28275 0 2.35057 2.35596 0
-1.28554 -1.28275 0 2.35032 2.35596 0
-1.28553 -1.28275 0 2.35007 2.35593 0.0465185
-1.28552 -1.28275 0 2.34982 2.35593 0
-1.28551 -1.28275 0 2.34957 2.35593 0
-1.2855 -1.28275 0 2.34932 2.3559 0.0290741
-1.28549 -1.28275 0 2.34907 2.3559 0
-1.28548 -1.28275 0 2.34883 2.35584 0
-1.28547 -1.28275 0 2.34858 2.35584 0
-1.28546 -1.28275 0 2.34833 2.35581 0.0290741
-1.28545 -1.28275 0 2.34808 2.35581 0
-1.28544 -1.28275 0 2.34783 2.35578 0
-1.28543 -1.28275 0 2.34758 2.35576 0
-1.28542 -1.28275 0 2.34733 2.3557 0.00581481
-1.28541 -1.28275 0 2.34708 2.35567 0
-1.2854 -1.28275 0 2.34683 2.35564 0
-1.28538 -1.28275 0 2.34658 2.35561 0
-1.28537 -1.28275 0 2.34633 2.35558 0
-1.28536 -1.28275 0 2.34608 2.35552 0
-1.28535 -1.28275 0 2.34583 2.35549 0.0232593
-1.28534 -1.28275 0 2.34558 2.35546 0.0377963
-1.28533 -1.28275 0 2.34533 2.35544 0.0232593
-1.28532 -1.28275 0 2.34508 2.35538 0
-1.28531 -1.28275 0 2.34483 2.35535 0.0552407
-1.2853 -1.28275 0 2.34459 2.35532 0.0377963
-1.28528 -1.28275 0 2.34434 2.35526 0
-1.28527 -1.28275 0 2.34409 2.35517 0.0610556
-1.28526 -1.28275 0 2.34384 2.35512 0.0552407
-1.28525 -1.28275 0 2.34359 2.35506 0.0552407
-1.28524 -1.28275 0 2.34334 2.355 0.0377963
-1.28523 -1.28275 0 2.34309 2.35494 0.0552407
-1.28521 -1.28275 0 2.34284 2.35485 0.0610556
-1.2852 -1.28275 0 2.34259 2.3548 0.0232593
-1.28519 -1.28275 0 2.34234 2.35471 0.0290741
-1.28518 -1.28275 0 2.34209 2.35462 0.0610556
-1.28517 -1.28275 0 2.34184 2.35453 0.0610556
-1.28515 -1.28275 0 2.34159 2.35445 0.0697778
-1.28514 -1.28275 0 2.34134 2.35433 0.0785
-1.28513 -1.28275 0 2.34109 2.35421 0.0697778
-1.28512 -1.28275 0 2.34084 2.35413 0.0697778
-1.2851 -1.28275 0 2.34059 2.35401 0.0785
-1.28509 -1.28275 0 2.34034 2.35387 0.0872222
-1.28508 -1.28275 0 2.34009 2.35372 0.0872222
-1.28507 -1.28275 0 2.33984 2.3536 0.093037
-1.28505 -1.28275 0 2.33959 2.35346 0.093037
-1.28504 -1.28275 0 2.33934 2.35331 0.093037
-1.28503 -1.28275 0 2.33909 2.35317 0.093037
-1.28504 -1.28275 0 2.33883 2.35299 0.110481
-1.28506 -1.28275 0 2.33857 2.35285 0.110481
-1.28508 -1.28275 0 2.33832 2.35264 0.110481
-1.28509 -1.28275 0 2.33806 2.35244 0.125019
-1.28511 -1.28275 0 2.3378 2.35224 0.125019
-1.28512 -1.28278 -0.0377963 2.33754 2.35206 0.125019
-1.28514 -1.28278 0 2.33728 2.35186 0.142463
-1.28515 -1.28278 0 2.33702 2.35166 0.151185
-1.28517 -1.28278 0 2.33676 2.35142 0.142463
-1.28519 -1.28278 0 2.3365 2.35119 0.165722
-1.2852 -1.28278 0 2.33624 2.35093 0.165722
-1.28522 -1.28278 0 2.33598 2.35067 0.157
-1.28523 -1.28278 0 2.33572 2.35035 0.165722
-1.28525 -1.28278 0 2.33546 2.35003 0.197704
-1.28526 -1.28278 0 2.3352 2.34971 0.206426
-1.28528 -1.28278 0 2.33494 2.34936 0.215148
-1.28529 -1.28281 0 2.33468 2.34901 0.238407
-1.28531 -1.28281 0 2.33443 2.3486 0.238407
-1.28532 -1.28281 0 2.33417 2.3482 0.252944
-1.28533 -1.28281 0 2.33391 2.34776 0.270389
-1.28535 -1.28283 0 2.33365 2.34735 0.279111
-1.28536 -1.28283 -0.0465185 2.33339 2.34692 0.293648
-1.28538 -1.28283 0 2.33313 2.34642 0.30237
-1.28539 -1.28286 0 2.33287 2.34599 0.311093
-1.28541 -1.28286 -0.0465185 2.33261 2.34552 0.30237
-1.28542 -1.28286 0 2.33235 2.34509 0.293648
-1.28543 -1.28289 0 2.33209 2.34465 0.311093
-1.28545 -1.28289 0 2.33183 2.34418 0.311093
-1.28546 -1.28292 -0.0232593 2.33157 2.34381 0.261667
-1.28548 -1.28298 -0.014537 2.33131 2.3434 0.293648
-1.28549 -1.28301 0 2.33105 2.34299 0.279111
-1.2855 -1.28301 0 2.33079 2.34261 0.270389
-1.28552 -1.28304 0 2.33053 2.34227 0.252944
-1.28553 -1.28307 -0.014537 2.33027 2.34192 0.24713
-1.28554 -1.2831 0 2.33001 2.3416 0.238407
-1.28556 -1.28313 0 2.32975 2.34125 0.215148
-1.28557 -1.28313 -0.0465185 2.32949 2.3409 0.215148
-1.28558 -1.28315 -0.0610556 2.32923 2.34061 0.188981
-1.28559 -1.28318 -0.00581481 2.32897 2.34032 0.183167
-1.28561 -1.28318 0 2.32871 2.34006 0.174444
-1.28562 -1.28321 -0.0232593 2.32845 2.33979 0.157
-1.28563 -1.28324 0 2.32819 2.33962 0.151185
-1.28565 -1.28324 0 2.32793 2.33942 0.125019
-1.28566 -1.2833 -0.0377963 2.32767 2.3393 0.133741
-1.28567 -1.2833 0 2.32741 2.3391 0.119204
-1.28568 -1.28333 -0.00581481 2.32715 2.33898 0.0872222
-1.28569 -1.28333 0 2.32689 2.33883 0.110481
-1.28571 -1.28333 0 2.32663 2.33866 0.101759
-1.28572 -1.28333 0 2.32637 2.33854 0.0785
-1.28573 -1.28336 -0.0610556 2.32611 2.33843 0.0785
-1.28574 -1.28336 0 2.32585 2.33831 0.0872222
-1.28575 -1.28336 0 2.32559 2.33819 0.0785
-1.28577 -1.28336 0 2.32533 2.33808 0.0785
-1.28578 -1.28336 0 2.32507 2.33796 0.0785
-1.28579 -1.28336 0 2.32481 2.33787 0.0465185
-1.2858 -1.28336 0 2.32455 2.33779 0.0465185
-1.28581 -1.28336 0 2.32429 2.33773 0.0610556
-1.28582 -1.28336 0 2.32403 2.33764 0.0377963
-1.28583 -1.28336 0 2.32377 2.33758 0.0232593
-1.28585 -1.28336 0 2.32351 2.33753 0.0465185
-1.28586 -1.28333 0.0465185 2.32325 2.33747 0.00581481
-1.28587 -1.28333 0 2.32299 2.33744 0.0465185
-1.28588 -1.28333 0 2.32273 2.33741 0.0465185
-1.28589 -1.28333 0 2.32247 2.33738 0.0610556
-1.2859 -1.2833 0 2.32221 2.33729 0
-1.28591 -1.2833 0 2.32195 2.33729 0
-1.28592 -1.2833 0 2.32169 2.33726 0.0377963
-1.28593 -1.2833 0 2.32143 2.33726 0
-1.28594 -1.28327 0 2.32117 2.33724 0
-1.28595 -1.28327 0 2.32091 2.33721 0
-1.28596 -1.28327 0 2.32065 2.33721 0
-1.28597 -1.28327 0 2.32039 2.33721 0
-1.28598 -1.28324 0.0290741 2.32013 2.33718 0
-1.28599 -1.28324 0 2.31987 2.33715 0.0377963
-1.286 -1.28324 0 2.31961 2.33712 0
-1.28601 -1.28324 0 2.31935 2.33709 0
-1.28602 -1.28324 0 2.31909 2.33709 0
-1.28603 -1.28321 0.0232593 2.31883 2.33703 0
-1.28604 -1.28321 0 2.31857 2.337 0
-1.28605 -1.28321 0 2.31831 2.33697 0
-1.28606 -1.28321 0 2.31805 2.33689 0.014537
-1.28607 -1.28321 0 2.31779 2.33686 0.0377963
-1.28608 -1.28321 0 2.31753 2.3368 0
-1.28609 -1.28321 0 2.31727 2.33674 0.0552407
-1.2861 -1.28318 0 2.31701 2.33665 0.0610556
-1.28611 -1.28318 0 2.31675 2.33657 0.0377963
-1.28611 -1.28318 0 2.31649 2.33648 0.0465185
-1.28612 -1.28318 0 2.31623 2.33642 0.0697778
-1.28614 -1.28318 0 2.31596 2.33633 0.0465185
-1.28616 -1.28318 0 2.3157 2.33622 0.0697778
-1.28618 -1.28318 0 2.31543 2.3361 0.0872222
-1.2862 -1.28318 0 2.31517 2.33601 0.0610556
-1.28622 -1.28318 0 2.3149 2.33587 0.0697778
-1.28624 -1.28318 0 2.31464 2.33578 0.0552407
-1.28626 -1.28318 0 2.31437 2.33564 0.093037
-1.28628 -1.28318 0 2.31411 2.33552 0.0872222
-1.2863 -1.28318 0 2.31384 2.33537 0.093037
-1.28633 -1.28318 0 2.31358 2.33523 0.0872222
-1.28635 -1.28318 0 2.31331 2.33508 0.101759
-1.28637 -1.28318 0 2.31305 2.33497 0.0872222
-1.28639 -1.28318 0 2.31278 2.33479 0.101759
-1.28641 -1.28318 0 2.31252 2.33465 0.110481
-1.28643 -1.28318 0 2.31225 2.3345 0.093037
-1.28644 -1.28318 0 2.31199 2.33436 0.101759
-1.28646 -1.28318 0 2.31172 2.33421 0.0872222
-1.28648 -1.28318 0 2.31146 2.33407 0.101759
-1.2865 -1.28318 0 2.31119 2.33392 0.101759
-1.28652 -1.28318 0 2.31093 2.33378 0.101759
-1.28654 -1.28318 0 2.31066 2.33363 0.0785
-1.28656 -1.28318 0 2.3104 2.33351 0.101759
-1.28658 -1.28318 0 2.31013 2.33337 0.0872222
-1.2866 -1.28318 0 2.30987 2.33319 0.093037
-1.28662 -1.28318 0 2.3096 2.33302 0.101759
-1.28664 -1.28318 0 2.30934 2.33282 0.093037
-1.28666 -1.28318 0 2.30907 2.33267 0.110481
-1.28667 -1.28318 0 2.30881 2.3325 0.125019
-1.28669 -1.28318 0 2.30854 2.33229 0.119204
-1.28671 -1.28318 0 2.30828 2.33206 0.125019
-1.28673 -1.28318 0 2.30801 2.3318 0.151185
-1.28675 -1.28318 0 2.30775 2.33159 0.151185
-1.28677 -1.28318 0 2.30748 2.3313 0.151185
-1.28678 -1.28318 0 2.30722 2.33104 0.157
-1.2868 -1.28318 0 2.30695 2.33078 0.165722
-1.28682 -1.28318 0 2.30668 2.33052 0.165722
-1.28684 -1.28318 0 2.30642 2.3302 0.165722
-1.28686 -1.28318 -0.014537 2.30615 2.32991 0.165722
-1.28687 -1.28318 0 2.30589 2.32956 0.188981
-1.28689 -1.28318 0 2.30562 2.32921 0.206426
-1.28691 -1.28318 0 2.30536 2.32889 0.183167
-1.28693 -1.28318 0 2.30509 2.32851 0.229685
-1.28694 -1.28321 -0.0552407 2.30483 2.32816 0.238407
-1.28696 -1.28321 0 2.30456 2.32776 0.220963
-1.28698 -1.28321 0 2.3043 2.32732 0.261667
-1.28699 -1.28321 0 2.30403 2.32691 0.284926
-1.28701 -1.28324 -0.0465185 2.30376 2.32645 0.293648
-1.28703 -1.28324 0 2.3035 2.32595 0.293648
-1.28704 -1.2833 0 2.30323 2.32549 0.311093
-1.28706 -1.2833 0 2.30297 2.32494 0.32563
-1.28708 -1.28333 0 2.3027 2.32441 0.334352
-1.28709 -1.28336 0 2.30244 2.32386 0.366333
-1.28711 -1.28336 0 2.30217 2.32322 0.375056
-1.28713 -1.28339 -0.0465185 2.3019 2.32261 0.389593
-1.28714 -1.28342 -0.014537 2.30164 2.322 0.389593
-1.28716 -1.28347 -0.0232593 2.30137 2.32142 0.407037
-1.28718 -1.2835 0 2.30111 2.32075 0.421574
-1.28719 -1.28353 0 2.30084 2.32008 0.439019
-1.28721 -1.28359 -0.0552407 2.30058 2.31941 0.439019
-1.28722 -1.28365 -0.0232593 2.30031 2.31874 0.444833
-1.28724 -1.28371 -0.00581481 2.30004 2.31808 0.462278
-1.28725 -1.28379 -0.0290741 2.29978 2.31746 0.421574
-1.28727 -1.28385 -0.0552407 2.29951 2.31688 0.398315
-1.28729 -1.28394 -0.0465185 2.29925 2.31636 0.398315
-1.2873 -1.284 -0.0290741 2.29898 2.31587 0.357611
-1.28732 -1.28409 -0.0552407 2.29871 2.31546 0.32563
-1.28733 -1.28417 -0.0232593 2.29845 2.31508 0.30237
-1.28735 -1.28426 -0.0552407 2.29818 2.31476 0.270389
-1.28736 -1.28435 -0.0697778 2.29792 2.31447 0.220963
-1.28738 -1.28443 -0.0290741 2.29765 2.31421 0.220963
-1.28739 -1.28449 -0.0552407 2.29738 2.31395 0.188981
-1.28741 -1.28458 -0.0290741 2.29712 2.31371 0.183167
-1.28742 -1.28464 -0.0552407 2.29685 2.31348 0.174444
-1.28743 -1.2847 -0.014537 2.29659 2.31328 0.165722
-1.28745 -1.28478 -0.0610556 2.29632 2.31307 0.165722
-1.28746 -1.28484 -0.0697778 2.29605 2.31287 0.165722
-1.28748 -1.28493 -0.0610556 2.29579 2.3127 0.151185
-1.28749 -1.28496 -0.0290741 2.29552 2.31249 0.151185
-1.28751 -1.28499 -0.0465185 2.29526 2.31229 0.133741
-1.28752 -1.28502 0 2.29499 2.31209 0.151185
-1.28753 -1.28504 0 2.29472 2.31188 0.133741
-1.28755 -1.28507 0 2.29446 2.31171 0.142463
-1.28756 -1.2851 0 2.29419 2.3115 0.151185
-1.28758 -1.2851 0 2.29392 2.31127 0.142463
-1.28759 -1.28513 0 2.29366 2.31107 0.142463
-1.2876 -1.28513 0 2.29339 2.31081 0.151185
-1.28762 -1.28513 0 2.29313 2.31057 0.151185
-1.28763 -1.28513 0 2.29286 2.31031 0.142463
-1.28764 -1.28513 0 2.29259 2.31005 0.151185
-1.28766 -1.28513 0 2.29233 2.30979 0.174444
-1.28767 -1.28513 0 2.29206 2.30947 0.174444
-1.28768 -1.28513 0 2.29179 2.30921 0.174444
-1.28769 -1.28513 0 2.29153 2.30892 0.157
-1.28771 -1.2851 0 2.29126 2.30863 0.157
-1.28772 -1.2851 0 2.29099 2.30834 0.174444
-1.28773 -1.28507 0.0610556 2.29073 2.30804 0.183167
-1.28777 -1.28504 0 2.29045 2.30775 0.157
-1.28782 -1.28502 0 2.29017 2.30746 0.188981
-1.28787 -1.28499 0 2.28989 2.30717 0.157
-1.28792 -1.28499 0 2.28961 2.30688 0.183167
-1.28797 -1.28493 0 2.28933 2.30653 0.183167
-1.28802 -1.2849 0 2.28905 2.30624 0.183167
-1.28807 -1.28487 0 2.28877 2.30589 0.197704
-1.28812 -1.28484 0 2.28849 2.30557 0.197704
-1.28816 -1.28484 0 2.28821 2.30525 0.197704
-1.28821 -1.28481 0.0610556 2.28793 2.30488 0.188981
-1.28826 -1.28478 0 2.28765 2.30447 0.197704
-1.28831 -1.28478 0 2.28737 2.30412 0.215148
-1.28836 -1.28478 0 2.28709 2.3038 0.215148
-1.2884 -1.28475 0 2.28681 2.30339 0.215148
-1.28845 -1.28472 0 2.28653 2.30299 0.229685
-1.2885 -1.2847 0.0290741 2.28625 2.30258 0.238407
-1.28855 -1.2847 0 2.28597 2.3022 0.252944
-1.28859 -1.2847 0 2.28569 2.30182 0.252944
-1.28864 -1.2847 0 2.28541 2.30139 0.24713
-1.28869 -1.2847 0 2.28513 2.30092 0.270389
-1.28874 -1.2847 0 2.28485 2.30046 0.293648
-1.28878 -1.2847 0 2.28456 2.29996 0.30237
-1.28883 -1.2847 0 2.28428 2.29947 0.316907
-1.28888 -1.2847 0 2.284 2.29897 0.316907
-1.28892 -1.2847 0 2.28372 2.29848 0.343074
-1.28897 -1.2847 0 2.28344 2.29796 0.366333
-1.28902 -1.2847 0 2.28316 2.29735 0.357611
-1.28906 -1.2847 0 2.28288 2.29676 0.348889
-1.28911 -1.2847 0 2.2826 2.29621 0.348889
-1.28915 -1.2847 0 2.28232 2.29566 0.375056
-1.2892 -1.28472 -0.0377963 2.28204 2.29514 0.357611
-1.28925 -1.28472 0 2.28176 2.29458 0.357611
-1.28929 -1.28475 -0.0290741 2.28148 2.29403 0.348889
-1.28934 -1.28475 0 2.2812 2.29345 0.357611
-1.28938 -1.28478 0 2.28091 2.29293 0.334352
-1.28943 -1.28478 -0.0232593 2.28063 2.29234 0.348889
-1.28947 -1.28481 -0.0465185 2.28035 2.29182 0.343074
-1.28952 -1.28484 -0.0377963 2.28007 2.2913 0.343074
-1.28956 -1.28484 0 2.27979 2.29075 0.311093
-1.28961 -1.2849 0 2.27951 2.29025 0.311093
-1.28965 -1.2849 0 2.27923 2.28979 0.293648
-1.2897 -1.28493 -0.014537 2.27895 2.28938 0.270389
-1.28974 -1.28496 0 2.27867 2.28903 0.24713
-1.28979 -1.28499 -0.0232593 2.27839 2.28871 0.206426
-1.28983 -1.28499 0 2.2781 2.28839 0.197704
-1.28987 -1.28502 -0.014537 2.27782 2.28813 0.174444
-1.28992 -1.28502 0 2.27754 2.2879 0.142463
-1.28996 -1.28504 -0.00581481 2.27726 2.28772 0.133741
-1.29001 -1.28504 0 2.27698 2.28749 0.133741
-1.29005 -1.28504 0 2.2767 2.28732 0.101759
-1.29009 -1.28504 0 2.27642 2.28714 0.110481
-1.29014 -1.28504 0 2.27614 2.28697 0.119204
-1.29018 -1.28504 0 2.27585 2.28676 0.101759
-1.29022 -1.28504 0 2.27557 2.28659 0.093037
-1.29027 -1.28504 0 2.27529 2.28644 0.101759
-1.29031 -1.28504 0 2.27501 2.28627 0.0872222
-1.29035 -1.28504 0 2.27473 2.28615 0.093037
-1.29039 -1.28504 0 2.27445 2.28601 0.0552407
-1.29044 -1.28504 0 2.27416 2.28589 0.0697778
-1.29048 -1.28504 0 2.27388 2.28577 0.0610556
-1.29052 -1.28504 0 2.2736 2.28569 0.0465185
-1.29056 -1.28504 0 2.27332 2.28557 0.0290741
-1.29061 -1.28502 0 2.27304 2.28545 0.0552407
-1.29065 -1.28502 0 2.27276 2.28537 0.0377963
-1.29069 -1.28499 0 2.27247 2.28528 0.0610556
-1.29073 -1.28496 0.0377963 2.27219 2.28516 0.0377963
-1.29077 -1.28493 0.0377963 2.27191 2.28505 0.0552407
-1.29082 -1.2849 0 2.27163 2.28496 0.0697778
-1.29086 -1.2849 0 2.27135 2.2849 0.0552407
-1.2909 -1.28487 0.0552407 2.27107 2.28479 0.0610556
-1.29094 -1.28484 0.0610556 2.27078 2.2847 0.0552407
-1.29098 -1.28481 0.0552407 2.2705 2.28461 0.0610556
-1.29102 -1.28481 0 2.27022 2.28455 0.0552407
-1.29106 -1.28481 0 2.26994 2.28449 0.0377963
-1.2911 -1.28478 0.0552407 2.26966 2.28441 0.014537
-1.29114 -1.28472 0.0465185 2.26937 2.28429 0.014537
-1.29118 -1.28467 0 2.26909 2.28418 0.0697778
-1.29122 -1.28467 0 2.26881 2.28412 0.0552407
-1.29126 -1.28467 0 2.26853 2.28406 0.0610556
-1.2913 -1.28464 0 2.26825 2.28397 0.0610556
-1.29134 -1.28461 0.0377963 2.26797 2.28386 0.0697778
-1.29138 -1.28458 0.0610556 2.26769 2.28374 0.0552407
-1.29142 -1.28455 0 2.2674 2.28362 0.00581481
-1.29145 -1.28455 0 2.26712 2.28354 0.0610556
-1.29149 -1.28455 0 2.26684 2.28345 0.0697778
-1.29153 -1.28455 0 2.26656 2.28333 0.0785
-1.29157 -1.28452 0.0610556 2.26628 2.28319 0.0697778
-1.29161 -1.28449 0 2.266 2.28304 0.0465185
-1.29164 -1.28449 0 2.26571 2.2829 0.0465185
-1.29168 -1.28449 0 2.26543 2.28275 0.0785
-1.29172 -1.28449 0 2.26515 2.28261 0.0872222
-1.29176 -1.28449 0 2.26487 2.28246 0.0872222
-1.29179 -1.28449 0 2.26459 2.28231 0.101759
-1.29183 -1.28449 0 2.2643 2.28214 0.093037
-1.29187 -1.28449 0 2.26402 2.28197 0.101759
-1.2919 -1.28449 0 2.26374 2.28179 0.110481
-1.29194 -1.28449 0 2.26346 2.28159 0.119204
-1.29198 -1.28449 0 2.26318 2.28138 0.119204
-1.29201 -1.28449 0 2.26289 2.28115 0.142463
-1.29205 -1.28449 0 2.26261 2.28095 0.125019
-1.29209 -1.28449 0 2.26233 2.28069 0.142463
-1.29212 -1.28449 0 2.26205 2.28042 0.157
-1.29216 -1.28449 0 2.26177 2.28016 0.165722
-1.2922 -1.28449 0 2.26148 2.27987 0.157
-1.29223 -1.28449 0 2.2612 2.27955 0.183167
-1.29227 -1.28449 0 2.26092 2.27923 0.188981
-1.2923 -1.28449 0 2.26064 2.27891 0.197704
-1.29234 -1.28449 0 2.26036 2.27856 0.215148
-1.29237 -1.28449 0 2.26007 2.27819 0.220963
-1.29241 -1.28449 0 2.25979 2.27778 0.238407
-1.29244 -1.28449 0 2.25951 2.27737 0.252944
-1.29248 -1.28449 0 2.25923 2.27694 0.279111
-1.29252 -1.28449 0 2.25894 2.27647 0.261667
-1.29255 -1.28449 0 2.25866 2.27601 0.284926
-1.29259 -1.28449 0 2.25838 2.27545 0.311093
-1.29262 -1.28449 0 2.2581 2.27493 0.32563
-1.29265 -1.28449 0 2.25781 2.27426 0.334352
-1.29269 -1.28449 0 2.25753 2.27368 0.375056
-1.29272 -1.28452 -0.0465185 2.25725 2.27307 0.389593
-1.29276 -1.28452 0 2.25697 2.2724 0.407037
-1.29279 -1.28458 -0.0232593 2.25668 2.27176 0.439019
-1.29283 -1.28458 0 2.2564 2.271 0.444833
-1.29286 -1.28458 0 2.25612 2.27025 0.462278
-1.29289 -1.28461 -0.014537 2.25584 2.26952 0.453556
-1.29293 -1.28464 -0.0465185 2.25555 2.26877 0.508796
-1.29296 -1.2847 0 2.25527 2.26804 0.494259
-1.293 -1.28472 0 2.25499 2.26725 0.444833
-1.29303 -1.28475 0 2.2547 2.26659 0.430296
-1.29306 -1.28478 0 2.25442 2.26597 0.398315
-1.2931 -1.28487 -0.0290741 2.25414 2.26545 0.38087
-1.29313 -1.28496 -0.0697778 2.25386 2.26496 0.366333
-1.29316 -1.28502 -0.0465185 2.25357 2.26449 0.32563
-1.29319 -1.28504 -0.0290741 2.25329 2.26406 0.311093
-1.29323 -1.28507 -0.0232593 2.25301 2.26362 0.293648
-1.29326 -1.2851 -0.0290741 2.25272 2.26321 0.279111
-1.29329 -1.28516 -0.0610556 2.25244 2.26283 0.261667
-1.29333 -1.28525 -0.0552407 2.25216 2.26254 0.252944
-1.29336 -1.28528 -0.0465185 2.25188 2.2622 0.238407
-1.29339 -1.28531 -0.014537 2.25159 2.26188 0.215148
-1.29342 -1.28534 -0.0377963 2.25131 2.26156 0.206426
-1.29345 -1.28539 0 2.25103 2.26129 0.206426
-1.29349 -1.28542 -0.0232593 2.25074 2.261 0.197704
-1.29352 -1.28545 -0.0552407 2.25046 2.26074 0.174444
-1.29355 -1.28548 -0.0232593 2.25018 2.26048 0.174444
-1.29358 -1.28551 -0.0465185 2.24989 2.26025 0.151185
-1.29361 -1.28551 0 2.24961 2.25999 0.151185
-1.29364 -1.28551 0 2.24933 2.25972 0.174444
-1.29368 -1.28551 0 2.24904 2.25949 0.157
-1.29371 -1.28551 0 2.24876 2.25923 0.151185
-1.29374 -1.28551 0 2.24848 2.259 0.142463
-1.29377 -1.28551 0 2.24819 2.25876 0.157
-1.2938 -1.28551 0 2.24791 2.25853 0.133741
-1.29383 -1.28551 0 2.24763 2.25833 0.133741
-1.29386 -1.28551 0 2.24734 2.25807 0.133741
-1.29389 -1.28551 0 2.24706 2.25783 0.133741
-1.29392 -1.28551 0 2.24678 2.2576 0.142463
-1.29394 -1.28551 0 2.2465 2.25734 0.133741
-1.29397 -1.28551 0 2.24622 2.25708 0.142463
-1.29399 -1.28548 0 2.24594 2.25682 0.151185
-1.29401 -1.28548 0.00581481 2.24565 2.25655 0.165722
-1.29404 -1.28545 0.0465185 2.24537 2.25623 0.157
-1.29406 -1.28542 0 2.24509 2.25594 0.157
-1.29409 -1.28542 0 2.24481 2.25568 0.165722
-1.29411 -1.28539 0.014537 2.24453 2.25536 0.165722
-1.29413 -1.28539 0 2.24425 2.2551 0.174444
-1.29416 -1.28534 0.0610556 2.24397 2.25472 0.165722
-1.29418 -1.28531 0 2.24369 2.25443 0.174444
-1.2942 -1.28531 0 2.2434 2.25414 0.188981
-1.29423 -1.28528 0 2.24312 2.25379 0.188981
-1.29425 -1.28528 0 2.24284 2.25353 0.188981
-1.29427 -1.28525 0.0610556 2.24256 2.25318 0.183167
-1.2943 -1.28522 0 2.24228 2.25286 0.188981
-1.29432 -1.28522 0 2.242 2.25254 0.197704
-1.29434 -1.28522 0 2.24172 2.25222 0.206426
-1.29436 -1.28522 0 2.24143 2.25187 0.206426
-1.29439 -1.28522 0 2.24115 2.25152 0.206426
-1.29441 -1.28522 0 2.24087 2.25118 0.215148
-1.29443 -1.28522 0 2.24059 2.2508 0.215148
-1.29445 -1.28522 0 2.24031 2.25042 0.220963
-1.29447 -1.28522 0 2.24003 2.25001 0.220963
-1.2945 -1.28522 0 2.23974 2.24961 0.238407
-1.29452 -1.28522 0 2.23946 2.24923 0.252944
-1.29454 -1.28522 0 2.23918 2.24882 0.24713
-1.29456 -1.28522 0 2.2389 2.24841 0.270389
-1.29458 -1.28522 0 2.23862 2.24801 0.279111
-1.29461 -1.28522 0 2.23834 2.24757 0.279111
-1.29463 -1.28522 0 2.23805 2.24716 0.293648
-1.29465 -1.28522 0 2.23777 2.2467 0.293648
-1.29467 -1.28522 0 2.23749 2.24626 0.293648
-1.29469 -1.28522 0 2.23721 2.24577 0.316907
-1.29471 -1.28522 0 2.23693 2.24527 0.293648
-1.29473 -1.28525 0 2.23664 2.24484 0.30237
-1.29475 -1.28525 0 2.23636 2.24434 0.311093
-1.29477 -1.28525 0 2.23608 2.24382 0.32563
-1.2948 -1.28525 0 2.2358 2.2433 0.32563
-1.29482 -1.28528 -0.0465185 2.23552 2.24283 0.343074
-1.29484 -1.28528 0 2.23523 2.24234 0.334352
-1.29486 -1.28528 0 2.23495 2.24181 0.343074
-1.29488 -1.28528 0 2.23467 2.24129 0.343074
-1.2949 -1.28528 0 2.23439 2.2408 0.316907
-1.29492 -1.28531 -0.0465185 2.23411 2.24027 0.343074
-1.29494 -1.28531 0 2.23382 2.23978 0.32563
-1.29496 -1.28534 0 2.23354 2.23934 0.311093
-1.29498 -1.28534 0 2.23326 2.23885 0.293648
-1.295 -1.28534 0 2.23298 2.23841 0.284926
-1.29502 -1.28536 0 2.23269 2.23806 0.24713
-1.29504 -1.28536 0 2.23241 2.23769 0.261667
-1.29506 -1.28539 -0.0377963 2.23213 2.23739 0.206426
-1.29507 -1.28539 0 2.23185 2.23705 0.206426
-1.29509 -1.28542 -0.0377963 2.23156 2.23678 0.183167
-1.29511 -1.28542 0 2.23128 2.23652 0.183167
-1.29513 -1.28542 0 2.231 2.23626 0.151185
-1.29515 -1.28542 0 2.23072 2.23603 0.183167
-1.29517 -1.28545 0 2.23044 2.2358 0.142463
-1.29519 -1.28545 0 2.23015 2.23553 0.165722
-1.29521 -1.28545 0 2.22987 2.2353 0.151185
-1.29523 -1.28545 0 2.22959 2.23501 0.165722
-1.29524 -1.28545 0 2.2293 2.23475 0.165722
-1.29526 -1.28545 0 2.22902 2.23449 0.151185
-1.29528 -1.28545 0 2.22874 2.23425 0.165722
-1.2953 -1.28545 0 2.22846 2.23399 0.165722
-1.29532 -1.28545 0 2.22817 2.23376 0.165722
-1.29534 -1.28545 0 2.22789 2.23353 0.151185
-1.29535 -1.28545 0 2.22761 2.2333 0.142463
-1.29537 -1.28545 0 2.22733 2.23306 0.133741
-1.29539 -1.28545 0 2.22704 2.23289 0.125019
-1.29541 -1.28545 0 2.22676 2.23268 0.133741
-1.29542 -1.28545 0 2.22648 2.23251 0.101759
-1.29544 -1.28545 0 2.22619 2.23234 0.110481
-1.29546 -1.28545 0 2.22591 2.23216 0.0785
-1.29548 -1.28545 0 2.22563 2.23202 0.093037
-1.29549 -1.28545 0.0465185 2.22534 2.2319 0.0552407
-1.29552 -1.28545 0 2.22506 2.23175 0.0552407
-1.29555 -1.28542 0 2.22477 2.23161 0.093037
-1.29558 -1.28542 0 2.22448 2.23149 0.0697778
-1.29561 -1.28542 0 2.22419 2.23141 0.0552407
-1.29564 -1.28539 0.0290741 2.2239 2.23126 0.0465185
-1.29567 -1.28539 0 2.22362 2.23117 0.0610556
-1.29569 -1.28534 0.0465185 2.22333 2.23103 0.0290741
-1.29572 -1.28534 0 2.22304 2.23094 0.0465185
-1.29575 -1.28534 0 2.22275 2.23082 0.0377963
-1.29578 -1.28531 0 2.22246 2.23074 0.0697778
-1.2958 -1.28531 0 2.22217 2.23065 0.0232593
-1.29583 -1.28528 0.0290741 2.22189 2.23053 0.0610556
-1.29586 -1.28525 0.0290741 2.2216 2.23042 0.0610556
-1.29589 -1.28525 0 2.22131 2.23036 0.0290741
-1.29591 -1.28525 0 2.22102 2.23027 0.0697778
-1.29594 -1.28525 0 2.22073 2.23018 0.0290741
-1.29597 -1.28522 0 2.22044 2.23007 0.0610556
-1.296 -1.28519 0.0290741 2.22015 2.22998 0.0290741
-1.29602 -1.28519 0 2.21987 2.22989 0.0232593
-1.29605 -1.28516 0 2.21958 2.22981 0.0610556
-1.29608 -1.28516 0 2.21929 2.22975 0.0610556
-1.2961 -1.28516 0 2.219 2.22963 0.014537
-1.29613 -1.28513 0 2.21871 2.22954 0.0610556
-1.29616 -1.28513 0 2.21842 2.22949 0.0465185
-1.29618 -1.28513 0 2.21813 2.22943 0.0610556
-1.29621 -1.28513 0 2.21784 2.22934 0.0697778
-1.29623 -1.28513 0 2.21755 2.22928 0.0552407
-1.29626 -1.28513 0 2.21727 2.22923 0.00581481
-1.29629 -1.28513 0 2.21698 2.22914 0.00581481
-1.29631 -1.28513 0 2.21669 2.22908 0.0465185
-1.29634 -1.2851 0 2.2164 2.22896 0.0552407
-1.29636 -1.2851 0 2.21611 2.22888 0.0697778
-1.29639 -1.2851 0 2.21582 2.22876 0.0697778
-1.29641 -1.2851 0 2.21553 2.22867 0.0785
-1.29644 -1.2851 0 2.21524 2.22856 0.0785
-1.29646 -1.2851 0 2.21495 2.22844 0.0872222
-1.29649 -1.2851 0 2.21466 2.22829 0.0610556
-1.29651 -1.2851 0 2.21437 2.22803 0.0872222
-1.29654 -1.2851 0 2.21409 2.22792 0.093037
-1.29656 -1.2851 0 2.2138 2.22771 0.110481
-1.29659 -1.2851 0 2.21351 2.22754 0.110481
-1.29661 -1.2851 0 2.21322 2.22734 0.119204
-1.29664 -1.2851 0 2.21293 2.22713 0.133741
-1.29666 -1.2851 0 2.21264 2.2269 0.142463
-1.29668 -1.2851 0 2.21235 2.22667 0.142463
-1.29671 -1.2851 0 2.21206 2.2264 0.157
-1.29673 -1.2851 0 2.21177 2.22614 0.174444
-1.29676 -1.2851 0 2.21148 2.22585 0.174444
-1.29678 -1.2851 0 2.21119 2.22553 0.174444
-1.2968 -1.2851 0 2.2109 2.22524 0.197704
-1.29683 -1.2851 0 2.21061 2.22489 0.206426
-1.29685 -1.2851 0 2.21032 2.22454 0.215148
-1.29687 -1.2851 0 2.21003 2.22417 0.220963
-1.2969 -1.2851 0 2.20974 2.22376 0.238407
-1.29692 -1.28513 0 2.20945 2.22335 0.229685
-1.29694 -1.28513 0 2.20916 2.22292 0.261667
-1.29697 -1.28513 0 2.20887 2.22233 0.30237
-1.29699 -1.28516 -0.0465185 2.20858 2.22187 0.30237
-1.29701 -1.28516 0 2.20829 2.22129 0.348889
-1.29703 -1.28516 0 2.208 2.22074 0.348889
-1.29706 -1.28516 0 2.20771 2.22012 0.375056
-1.29708 -1.28519 0 2.20742 2.21951 0.38087
-1.2971 -1.28525 0 2.20713 2.21885 0.421574
-1.29712 -1.28528 -0.0552407 2.20684 2.21821 0.421574
-1.29715 -1.28528 0 2.20655 2.21739 0.430296
-1.29717 -1.28531 -0.0465185 2.20626 2.21672 0.430296
-1.29719 -1.28531 0 2.20597 2.21605 0.430296
-1.29721 -1.28534 -0.014537 2.20568 2.21539 0.421574
-1.29723 -1.28536 -0.0290741 2.20539 2.21469 0.412852
-1.29726 -1.28542 -0.0610556 2.2051 2.21416 0.38087
-1.29728 -1.28545 0 2.20481 2.21355 0.357611
-1.2973 -1.28545 0 2.20452 2.213 0.343074
-1.29732 -1.28548 -0.0552407 2.20423 2.21248 0.311093
-1.29734 -1.28554 -0.0552407 2.20394 2.2121 0.252944
-1.29736 -1.2856 0 2.20365 2.21175 0.252944
-1.29738 -1.28563 -0.0232593 2.20336 2.21143 0.229685
-1.2974 -1.28563 0 2.20307 2.21111 0.188981
-1.29743 -1.28568 -0.014537 2.20278 2.21085 0.174444
-1.29745 -1.28574 -0.0610556 2.20249 2.21065 0.157
-1.29747 -1.28577 -0.00581481 2.2022 2.21044 0.133741
-1.29749 -1.2858 -0.0552407 2.20191 2.21024 0.142463
-1.29751 -1.28583 0 2.20162 2.21007 0.125019
-1.29753 -1.28583 0 2.20133 2.2098 0.125019
-1.29755 -1.28586 0 2.20104 2.20963 0.119204
-1.29757 -1.28589 0 2.20075 2.20943 0.133741
-1.29759 -1.28592 -0.014537 2.20046 2.20922 0.133741
-1.29761 -1.28595 0 2.20017 2.20905 0.125019
-1.29763 -1.28597 -0.0232593 2.19988 2.20882 0.151185
-1.29765 -1.28597 0 2.19959 2.20861 0.133741
-1.29767 -1.28597 0 2.19929 2.20835 0.151185
-1.29769 -1.28597 0 2.199 2.20812 0.157
-1.29771 -1.28597 0 2.19871 2.20783 0.142463
-1.29773 -1.28597 0 2.19842 2.20756 0.174444
-1.29775 -1.28597 0 2.19813 2.20727 0.183167
-1.29777 -1.28597 0 2.19784 2.20695 0.183167
-1.29778 -1.28597 0 2.19755 2.20663 0.206426
-1.2978 -1.28597 0 2.19726 2.20629 0.215148
-1.29782 -1.28597 0 2.19697 2.20591 0.206426
-1.29784 -1.28597 0 2.19668 2.20559 0.220963
-1.29786 -1.28595 0.00581481 2.19639 2.20518 0.220963
-1.29788 -1.28595 0 2.19609 2.2048 0.229685
-1.2979 -1.28595 0 2.1958 2.20442 0.206426
-1.29792 -1.28592 0 2.19551 2.20405 0.220963
-1.29793 -1.28592 0 2.19522 2.20373 0.220963
-1.29795 -1.28589 0 2.19493 2.20335 0.197704
-1.29797 -1.28589 0 2.19464 2.20303 0.183167
-1.29799 -1.28589 0 2.19435 2.20268 0.197704
-1.29801 -1.28589 0 2.19406 2.20239 0.188981
-1.29802 -1.28586 0 2.19376 2.20201 0.183167
-1.29804 -1.28586 0 2.19347 2.20169 0.197704
-1.29806 -1.28586 0 2.19318 2.20137 0.174444
-1.29808 -1.28583 0.0232593 2.19289 2.20102 0.197704
-1.2981 -1.28583 0 2.1926 2.2007 0.183167
-1.29811 -1.28583 0 2.19231 2.20041 0.183167
-1.29813 -1.2858 0 2.19202 2.20006 0.183167
-1.29815 -1.2858 0 2.19172 2.19974 0.215148
-1.29816 -1.2858 0 2.19143 2.1994 0.206426
-1.29818 -1.2858 0 2.19114 2.19908 0.188981
-1.2982 -1.2858 0 2.19085 2.19873 0.220963
-1.29822 -1.28577 0 2.19056 2.19835 0.215148
-1.29823 -1.28577 0 2.19027 2.19797 0.220963
-1.29825 -1.28577 0 2.18997 2.19756 0.229685
-1.29826 -1.28577 0 2.18968 2.19719 0.252944
-1.29828 -1.28577 0 2.18939 2.19678 0.252944
-1.2983 -1.28577 0 2.1891 2.19637 0.261667
-1.29831 -1.28577 0 2.18881 2.19591 0.279111
-1.29833 -1.28577 0 2.18851 2.19541 0.270389
-1.29835 -1.28577 0 2.18822 2.19495 0.293648
-1.29836 -1.28577 0 2.18793 2.19445 0.270389
-1.29838 -1.28577 0 2.18764 2.19396 0.32563
-1.29839 -1.28577 0 2.18735 2.19343 0.311093
-1.29841 -1.28577 0 2.18705 2.19291 0.316907
-1.29842 -1.28577 0 2.18676 2.19236 0.316907
-1.29844 -1.28577 0 2.18647 2.19184 0.311093
-1.29846 -1.28577 0 2.18618 2.19131 0.334352
-1.29847 -1.28577 0 2.18589 2.19073 0.316907
-1.29849 -1.28577 0 2.18559 2.19021 0.343074
-1.2985 -1.28577 0 2.1853 2.18968 0.293648
-1.29852 -1.28577 0 2.18501 2.1891 0.32563
-1.29853 -1.28577 0 2.18472 2.18861 0.30237
-1.29855 -1.28577 0 2.18442 2.18809 0.30237
-1.29856 -1.28577 0 2.18413 2.18759 0.279111
-1.29857 -1.28577 0 2.18384 2.1871 0.279111
-1.29859 -1.28577 0 2.18355 2.18663 0.284926
-1.2986 -1.28577 0 2.18326 2.1862 0.284926
-1.29862 -1.28577 0 2.18296 2.18576 0.252944
-1.29863 -1.28577 0 2.18267 2.18538 0.238407
-1.29865 -1.28577 0 2.18238 2.18497 0.229685
-1.29866 -1.28577 0 2.18209 2.18463 0.215148
-1.29867 -1.28577 0 2.18179 2.18428 0.206426
-1.29869 -1.28577 0 2.1815 2.18393 0.206426
-1.2987 -1.28577 0 2.18121 2.18361 0.197704
-1.29872 -1.2858 -0.014537 2.18091 2.18332 0.188981
-1.29873 -1.2858 0 2.18062 2.18303 0.165722
-1.29874 -1.2858 0 2.18033 2.18274 0.157
-1.29876 -1.2858 0 2.18004 2.18247 0.165722
-1.29877 -1.2858 0 2.17974 2.18221 0.142463
-1.29878 -1.2858 0 2.17945 2.18198 0.142463
-1.2988 -1.2858 0 2.17916 2.18175 0.125019
-1.29881 -1.2858 0 2.17887 2.18151 0.142463
-1.29882 -1.2858 0 2.17857 2.18131 0.119204
-1.29883 -1.2858 0 2.17828 2.18111 0.133741
-1.29885 -1.2858 0 2.17799 2.18087 0.133741
-1.29886 -1.2858 0 2.17769 2.1807 0.110481
-1.29887 -1.2858 0 2.1774 2.1805 0.110481
-1.29889 -1.2858 0 2.1771 2.18032 0.110481
-1.29891 -1.2858 0 2.17681 2.18015 0.119204
-1.29894 -1.2858 0 2.17651 2.17997 0.093037
-1.29896 -1.2858 0.0465185 2.17621 2.1798 0.110481
-1.29898 -1.2858 0 2.17591 2.17962 0.110481
-1.29901 -1.2858 0 2.17561 2.17948 0.0785
-1.29903 -1.2858 0 2.17531 2.1793 0.110481
-1.29905 -1.2858 0 2.17501 2.17913 0.093037
-1.29908 -1.2858 0 2.17471 2.17899 0.101759
-1.2991 -1.28577 0.0552407 2.17441 2.17878 0.101759
-1.29912 -1.28577 0 2.17412 2.17864 0.101759
-1.29914 -1.28577 0 2.17382 2.17846 0.110481
-1.29917 -1.28577 0 2.17352 2.17829 0.101759
-1.29919 -1.28577 0 2.17322 2.17814 0.093037
-1.29921 -1.28574 0 2.17292 2.17794 0.0872222
-1.29923 -1.28574 0 2.17262 2.17779 0.0872222
-1.29926 -1.28574 0 2.17232 2.17762 0.0872222
-1.29928 -1.28574 0 2.17202 2.17744 0.0785
-1.2993 -1.28571 0.0552407 2.17172 2.17727 0.093037
-1.29932 -1.28571 0 2.17142 2.1771 0.093037
-1.29934 -1.28571 0 2.17112 2.17695 0.101759
-1.29936 -1.28571 0 2.17082 2.1768 0.0872222
-1.29939 -1.28571 0 2.17052 2.17663 0.0697778
-1.29941 -1.28566 0 2.17022 2.17643 0.0697778
-1.29943 -1.28566 0 2.16992 2.17634 0.0552407
-1.29945 -1.28566 0 2.16962 2.17619 0.0697778
-1.29947 -1.28566 0 2.16933 2.17608 0.0465185
-1.29949 -1.28566 0 2.16903 2.17596 0.0697778
-1.29951 -1.28566 0 2.16873 2.17585 0.0552407
-1.29953 -1.28566 0 2.16843 2.17573 0.0552407
-1.29955 -1.28566 0 2.16813 2.17561 0.0785
-1.29957 -1.28566 0 2.16783 2.1755 0.0465185
-1.29959 -1.28566 0 2.16753 2.17538 0.0552407
-1.29961 -1.28566 0 2.16723 2.17526 0.0785
-1.29964 -1.28566 0 2.16693 2.17515 0.0465185
-1.29966 -1.28566 0 2.16663 2.17503 0.093037
-1.29968 -1.28566 0 2.16633 2.17489 0.0610556
-1.2997 -1.28566 0 2.16603 2.17474 0.0697778
-1.29971 -1.28566 0 2.16573 2.17459 0.093037
-1.29973 -1.28566 0 2.16543 2.17445 0.0872222
-1.29975 -1.28566 0 2.16513 2.1743 0.0872222
-1.29977 -1.28566 0 2.16483 2.17416 0.093037
-1.29979 -1.28566 0 2.16453 2.17396 0.110481
-1.29981 -1.28566 0 2.16423 2.17378 0.0785
-1.29983 -1.28566 0 2.16393 2.17361 0.110481
-1.29985 -1.28566 0 2.16363 2.1734 0.125019
-1.29987 -1.28566 0 2.16333 2.1732 0.125019
-1.29989 -1.28566 0 2.16302 2.17297 0.142463
-1.29991 -1.28566 0 2.16272 2.17271 0.142463
-1.29993 -1.28566 0 2.16242 2.17241 0.142463
-1.29994 -1.28566 0 2.16212 2.17207 0.151185
-1.29996 -1.28566 0 2.16182 2.17169 0.165722
-1.29998 -1.28568 -0.0552407 2.16152 2.17128 0.188981
-1.3 -1.28568 0 2.16122 2.17079 0.215148
-1.30002 -1.28568 0 2.16092 2.17023 0.238407
-1.30004 -1.28568 0 2.16062 2.16968 0.252944
-1.30005 -1.28571 -0.00581481 2.16032 2.16913 0.279111
-1.30007 -1.28571 0 2.16002 2.16849 0.293648
-1.30009 -1.28571 0 2.15972 2.16782 0.32563
-1.30011 -1.28574 -0.0552407 2.15942 2.16712 0.343074
-1.30013 -1.28577 0 2.15912 2.16637 0.366333
-1.30014 -1.28577 0 2.15882 2.16549 0.375056
-1.30016 -1.28577 0 2.15852 2.16471 0.38087
-1.30018 -1.28583 0 2.15821 2.16387 0.38087
-1.30019 -1.28589 -0.00581481 2.15791 2.16308 0.366333
-1.30021 -1.28595 -0.0465185 2.15761 2.16221 0.343074
-1.30023 -1.286 0 2.15731 2.16151 0.30237
-1.30025 -1.28603 0 2.15701 2.1609 0.279111
-1.30026 -1.28609 0 2.15671 2.16041 0.220963
-1.30028 -1.28618 -0.0232593 2.15641 2.15994 0.206426
-1.3003 -1.28632 -0.0232593 2.15611 2.15951 0.125019
-1.30031 -1.28635 -0.0290741 2.15581 2.1593 0.133741
-1.30033 -1.28638 -0.0552407 2.1555 2.15913 0.125019
-1.30034 -1.28641 -0.0377963 2.1552 2.15895 0.119204
-1.30036 -1.28644 0 2.1549 2.15881 0.110481
-1.30038 -1.28644 0 2.1546 2.15858 0.110481
-1.30039 -1.28644 0 2.1543 2.15837 0.101759
-1.30041 -1.2865 -0.0465185 2.154 2.15823 0.125019
-1.30043 -1.28656 -0.0232593 2.15369 2.15808 0.133741
-1.30045 -1.28659 -0.0465185 2.15339 2.15791 0.119204
-1.30047 -1.28659 0 2.15308 2.1577 0.125019
-1.30049 -1.28659 0 2.15278 2.15747 0.142463
-1.30051 -1.28659 0 2.15248 2.15724 0.142463
-1.30053 -1.28659 0 2.15217 2.15695 0.157
-1.30055 -1.28661 -0.0552407 2.15187 2.15674 0.151185
-1.30057 -1.28661 0 2.15156 2.15645 0.183167
-1.30059 -1.28661 0 2.15126 2.15619 0.151185
-1.30061 -1.28661 0 2.15095 2.15593 0.151185
-1.30063 -1.28661 0 2.15065 2.15564 0.157
-1.30065 -1.28661 0 2.15035 2.15538 0.142463
-1.30067 -1.28661 0 2.15004 2.15512 0.165722
-1.30069 -1.28661 0 2.14974 2.15485 0.157
-1.30071 -1.28661 0 2.14943 2.15462 0.142463
-1.30073 -1.28661 0 2.14913 2.15436 0.142463
-1.30075 -1.28661 0 2.14882 2.15416 0.142463
-1.30076 -1.28661 0 2.14852 2.15395 0.125019
-1.30078 -1.28661 0 2.14822 2.15375 0.133741
-1.3008 -1.28659 0 2.14791 2.15352 0.119204
-1.30082 -1.28659 0 2.14761 2.15337 0.110481
-1.30084 -1.28659 0 2.1473 2.1532 0.119204
-1.30086 -1.28659 0 2.147 2.15302 0.110481
-1.30087 -1.28659 0 2.14669 2.15288 0.101759
-1.30089 -1.28659 0 2.14639 2.15273 0.0785
-1.30091 -1.28659 0 2.14608 2.15259 0.0872222
-1.30093 -1.28659 0 2.14578 2.15244 0.0785
-1.30094 -1.28659 0 2.14547 2.15232 0.0785
-1.30096 -1.28659 0 2.14517 2.15221 0.0785
-1.30098 -1.28659 0 2.14486 2.15206 0.0785
-1.301 -1.28659 0 2.14456 2.15195 0.0785
-1.30101 -1.28659 0 2.14425 2.15183 0.0610556
-1.30103 -1.28659 0 2.14395 2.15171 0.0697778
-1.30105 -1.28659 0 2.14364 2.15163 0.0552407
-1.30106 -1.28656 0.014537 2.14334 2.15148 0.0872222
-1.30108 -1.28656 0 2.14303 2.15136 0.0872222
-1.3011 -1.28656 0 2.14273 2.15128 0.0377963
-1.30111 -1.28656 0 2.14242 2.15116 0.0785
-1.30113 -1.28656 0 2.14212 2.15104 0.0697778
-1.30115 -1.28656 0 2.14181 2.15096 0.0465185
-1.30116 -1.28656 0 2.14151 2.15084 0.0785
-1.30118 -1.28656 0 2.1412 2.15073 0.0785
-1.3012 -1.28656 0 2.1409 2.15061 0.0610556
-1.30121 -1.28656 0 2.14059 2.15046 0.0785
-1.30123 -1.28656 0 2.14029 2.15035 0.0872222
-1.30124 -1.28656 0 2.13998 2.1502 0.0872222
-1.30126 -1.28656 0 2.13967 2.15003 0.093037
-1.30127 -1.28656 0 2.13937 2.14982 0.110481
-1.30129 -1.28656 0 2.13906 2.14962 0.119204
-1.3013 -1.28656 0 2.13876 2.14942 0.125019
-1.30132 -1.28656 0 2.13845 2.14916 0.151185
-1.30134 -1.28656 0 2.13815 2.14889 0.151185
-1.30135 -1.28656 0 2.13784 2.1486 0.157
-1.30137 -1.28656 0 2.13753 2.14825 0.183167
-1.30138 -1.28656 0 2.13723 2.14793 0.188981
-1.30139 -1.28656 0 2.13692 2.14759 0.206426
-1.30141 -1.28656 0 2.13662 2.14721 0.215148
-1.30142 -1.28656 0 2.13631 2.14686 0.220963
-1.30144 -1.28656 0 2.136 2.14648 0.238407
-1.30145 -1.28656 0 2.1357 2.1461 0.220963
-1.30147 -1.28656 0 2.13539 2.1454 0.252944
-1.30148 -1.28656 0 2.13509 2.145 0.252944
-1.30149 -1.28656 0 2.13478 2.14456 0.238407
-1.30151 -1.28656 0 2.13447 2.14413 0.261667
-1.30152 -1.28656 0 2.13417 2.14363 0.293648
-1.30154 -1.28659 0 2.13386 2.14317 0.279111
-1.30155 -1.28659 0 2.13356 2.14267 0.30237
-1.30156 -1.28659 0 2.13325 2.14218 0.311093
-1.30158 -1.28661 0 2.13294 2.14168 0.311093
-1.30159 -1.28661 0 2.13264 2.14113 0.32563
-1.3016 -1.28664 0 2.13233 2.14061 0.348889
-1.30162 -1.28667 0 2.13202 2.14005 0.357611
-1.30164 -1.2867 0 2.13171 2.13953 0.357611
-1.30166 -1.28673 0 2.1314 2.13898 0.343074
-1.30167 -1.28676 -0.00581481 2.13109 2.13843 0.334352
-1.30169 -1.28679 -0.0290741 2.13079 2.1379 0.348889
-1.30171 -1.28688 -0.00581481 2.13048 2.13741 0.357611
-1.30172 -1.28691 -0.0232593 2.13017 2.13683 0.334352
-1.30174 -1.28693 -0.0232593 2.12986 2.13633 0.334352
-1.30176 -1.28696 -0.00581481 2.12955 2.13581 0.334352
-1.30177 -1.28699 -0.0290741 2.12924 2.13526 0.316907
-1.30179 -1.28705 -0.0465185 2.12893 2.13476 0.311093
-1.3018 -1.28711 -0.0610556 2.12862 2.13436 0.30237
-1.30182 -1.28717 -0.0610556 2.12831 2.13395 0.284926
-1.30184 -1.2872 0 2.128 2.13351 0.252944
-1.30185 -1.28723 0 2.12769 2.13314 0.252944
-1.30187 -1.28728 -0.0377963 2.12738 2.13279 0.238407
-1.30188 -1.28737 -0.0232593 2.12707 2.1325 0.220963
-1.3019 -1.28743 -0.0610556 2.12677 2.13218 0.215148
-1.30191 -1.28752 -0.0552407 2.12646 2.13191 0.197704
-1.30193 -1.28754 0 2.12615 2.13165 0.197704
-1.30194 -1.28754 0 2.12584 2.1313 0.206426
-1.30196 -1.28757 0 2.12553 2.13104 0.183167
-1.30197 -1.28763 -0.0697778 2.12522 2.13078 0.188981
-1.30199 -1.28772 -0.0465185 2.12491 2.13058 0.188981
-1.302 -1.28775 0 2.1246 2.13029 0.183167
-1.30202 -1.28775 0 2.12429 2.13 0.188981
-1.30203 -1.28775 0 2.12398 2.12968 0.215148
-1.30205 -1.28781 -0.0552407 2.12367 2.12941 0.183167
-1.30206 -1.28786 0 2.12336 2.12909 0.229685
-1.30208 -1.28789 -0.0610556 2.12305 2.12877 0.206426
-1.30209 -1.28789 0 2.12274 2.12843 0.206426
-1.3021 -1.28789 0 2.12243 2.12805 0.24713
-1.30212 -1.28789 0 2.12212 2.12761 0.252944
-1.30213 -1.28792 -0.0552407 2.12181 2.12723 0.229685
-1.30215 -1.28795 -0.0552407 2.1215 2.12686 0.229685
-1.30216 -1.28795 0 2.12119 2.12645 0.238407
-1.30217 -1.28795 0 2.12088 2.12604 0.252944
-1.30219 -1.28795 0 2.12057 2.12561 0.270389
-1.3022 -1.28795 0 2.12026 2.12523 0.252944
-1.30221 -1.28798 -0.0465185 2.11995 2.12485 0.252944
-1.30223 -1.28798 0 2.11964 2.12447 0.229685
-1.30224 -1.28798 0 2.11933 2.12415 0.197704
-1.30225 -1.28798 0 2.11902 2.1238 0.24713
-1.30227 -1.28798 0 2.11871 2.12342 0.220963
-1.30228 -1.28798 0 2.1184 2.12308 0.206426
-1.30229 -1.28798 0 2.11808 2.12264 0.197704
-1.3023 -1.28798 0 2.11777 2.1222 0.197704
-1.30232 -1.28798 0 2.11746 2.12162 0.252944
-1.30233 -1.28798 0 2.11715 2.12098 0.252944
-1.30234 -1.28798 0 2.11684 2.12031 0.284926
-1.30235 -1.28798 0 2.11653 2.11956 0.293648
-1.30236 -1.28798 0 2.11622 2.11877 0.293648
-1.30238 -1.28798 0 2.11591 2.11816 0.30237
-1.30239 -1.28798 0 2.1156 2.11755 0.293648
-1.3024 -1.28798 0 2.11529 2.11691 0.30237
-1.30241 -1.28798 0 2.11498 2.11621 0.279111
-1.30242 -1.28801 -0.00581481 2.11467 2.11563 0.284926
-1.30243 -1.28801 0 2.11436 2.11499 0.252944
-1.30245 -1.28804 0 2.11404 2.11456 0.220963
-1.30246 -1.28804 0 2.11373 2.11412 0.215148
-1.30247 -1.28807 0 2.11342 2.11377 0.183167
-1.30248 -1.28807 0 2.11311 2.11339 0.174444
-1.30249 -1.2881 -0.0610556 2.1128 2.11305 0.165722
-1.3025 -1.2881 0 2.11249 2.11255 0.133741
-1.30251 -1.2881 0 2.11218 2.11214 0.151185
-1.30252 -1.2881 0 2.11187 2.11182 0.157
-1.30253 -1.28816 -0.0465185 2.11155 2.11162 0.142463
-1.30254 -1.28816 0 2.11124 2.11133 0.125019
-1.30255 -1.28818 0 2.11093 2.11107 0.142463
-1.30256 -1.28818 0 2.11062 2.11069 0.133741
-1.30257 -1.28818 0 2.11031 2.11031 0.133741
-1.30258 -1.28821 -0.00581481 2.11 2.11008 0.142463
-1.30259 -1.28821 0 2.10969 2.1097 0.151185
-1.3026 -1.28824 -0.0552407 2.10937 2.10935 0.142463
-1.30261 -1.28824 0 2.10906 2.10903 0.110481
-1.30262 -1.28824 0 2.10875 2.1088 0.119204
-1.30263 -1.28824 0 2.10844 2.10857 0.101759
-1.30264 -1.28827 -0.0465185 2.10813 2.10836 0.110481
-1.30265 -1.2883 -0.014537 2.10782 2.10825 0.0785
-1.30266 -1.2883 0 2.1075 2.10804 0.0785
-1.30267 -1.2883 0 2.10719 2.10787 0.0697778
-1.30268 -1.2883 0 2.10688 2.10775 0.0610556
-1.30269 -1.2883 0 2.10657 2.10764 0.0290741
-1.3027 -1.2883 0 2.10626 2.10755 0.0552407
-1.30271 -1.2883 0 2.10594 2.10746 0.014537
-1.30273 -1.2883 0 2.10562 2.10738 0.0610556
-1.30275 -1.2883 0 2.1053 2.10735 0
-1.30277 -1.2883 0 2.10498 2.10732 0.0610556
-1.30279 -1.2883 0 2.10466 2.10729 0.0377963
-1.30281 -1.2883 0 2.10435 2.10729 0
-1.30283 -1.2883 0 2.10403 2.10729 0
-1.30284 -1.2883 0 2.10371 2.10729 0
-1.30286 -1.2883 0 2.10339 2.10729 0
-1.30288 -1.2883 0 2.10307 2.10729 0
-1.3029 -1.2883 0 2.10275 2.10729 0
-1.30292 -1.2883 0 2.10243 2.10729 0
-1.30294 -1.2883 0 2.10211 2.10729 0
-1.30295 -1.2883 0 2.10179 2.10729 0
-1.30297 -1.2883 0 2.10148 2.10729 0
-1.30299 -1.2883 0 2.10116 2.10729 0
-1.30301 -1.2883 0 2.10084 2.10729 0
-1.30302 -1.2883 0 2.10052 2.10726 0.014537
-1.30304 -1.2883 0 2.1002 2.10726 0
-1.30306 -1.2883 0 2.09988 2.10726 0
-1.30308 -1.2883 0 2.09956 2.10726 0
-1.30309 -1.2883 0 2.09924 2.1072 0
-1.30311 -1.2883 0 2.09892 2.10717 0.0232593
-1.30313 -1.2883 0 2.0986 2.10714 0.0465185
-1.30314 -1.2883 0 2.09828 2.10708 0
-1.30316 -1.2883 0 2.09796 2.10706 0
-1.30318 -1.2883 0 2.09764 2.107 0
-1.30319 -1.2883 0 2.09732 2.10694 0
-1.30321 -1.2883 0 2.097 2.10688 0.0377963
-1.30322 -1.2883 0 2.09668 2.10682 0
-1.30324 -1.2883 0 2.09636 2.10677 0.0232593
-1.30326 -1.2883 0 2.09604 2.10671 0.0552407
-1.30327 -1.2883 0 2.09572 2.10668 0.0377963
-1.30329 -1.2883 0 2.0954 2.10662 0
-1.3033 -1.2883 0 2.09508 2.10653 0.0610556
-1.30332 -1.2883 0 2.09476 2.10647 0.0232593
-1.30333 -1.2883 0 2.09444 2.10642 0
-1.30335 -1.28833 0 2.09412 2.10636 0.0465185
-1.30337 -1.28833 0 2.0938 2.10627 0.0377963
-1.30338 -1.28833 0 2.09348 2.10618 0.0552407
-1.3034 -1.28833 0 2.09316 2.1061 0.0465185
-1.30341 -1.28833 0 2.09284 2.10601 0
-1.30342 -1.28833 0 2.09252 2.10589 0.014537
-1.30344 -1.28833 0 2.0922 2.10581 0.0377963
-1.30345 -1.28836 -0.0610556 2.09188 2.10569 0.0465185
-1.30347 -1.28836 0 2.09156 2.10554 0.0697778
-1.30348 -1.28836 0 2.09124 2.10543 0.0697778
-1.3035 -1.28836 0 2.09092 2.10528 0.0785
-1.30351 -1.28839 0 2.0906 2.1052 0.0697778
-1.30352 -1.28839 0 2.09028 2.10505 0.0785
-1.30354 -1.28839 0 2.08996 2.10485 0.0872222
-1.30355 -1.28839 0 2.08964 2.10467 0.0872222
-1.30357 -1.28842 0 2.08932 2.1045 0.101759
-1.30358 -1.28842 0 2.089 2.10429 0.093037
-1.30359 -1.28842 0 2.08868 2.10406 0.119204
-1.30361 -1.28845 0 2.08835 2.10389 0.101759
-1.30362 -1.28848 0 2.08803 2.10368 0.110481
-1.30363 -1.28848 0 2.08771 2.10345 0.125019
-1.30365 -1.2885 0 2.08739 2.10325 0.125019
-1.30366 -1.2885 0 2.08707 2.10299 0.133741
-1.30367 -1.28853 0 2.08675 2.10272 0.133741
-1.30368 -1.28856 -0.0552407 2.08643 2.10237 0.142463
-1.3037 -1.28859 0 2.08611 2.10197 0.151185
-1.30371 -1.28862 0 2.08579 2.10159 0.183167
-1.30372 -1.28862 0 2.08546 2.10124 0.188981
-1.30373 -1.28865 -0.0465185 2.08514 2.10086 0.165722
-1.30375 -1.28871 0 2.08482 2.10046 0.197704
-1.30376 -1.28871 0 2.0845 2.09993 0.206426
-1.30377 -1.28874 0 2.08418 2.09932 0.229685
-1.30378 -1.28885 0 2.08386 2.09868 0.261667
-1.30379 -1.28888 -0.0552407 2.08354 2.0981 0.279111
-1.30381 -1.28894 -0.0232593 2.08321 2.09749 0.30237
-1.30382 -1.28894 0 2.08289 2.09682 0.316907
-1.30383 -1.28894 0 2.08257 2.09609 0.316907
-1.30384 -1.289 0 2.08225 2.0954 0.32563
-1.30385 -1.28911 -0.0232593 2.08193 2.09476 0.375056
-1.30386 -1.28917 -0.0552407 2.08161 2.09403 0.38087
-1.30387 -1.28923 -0.0465185 2.08128 2.0931 0.412852
-1.30388 -1.28929 -0.0290741 2.08096 2.09176 0.502981
-1.3039 -1.28932 0 2.08064 2.09051 0.508796
-1.30393 -1.28941 -0.0465185 2.08031 2.08915 0.508796
-1.30395 -1.28952 -0.0552407 2.07998 2.08824 0.508796
-1.30397 -1.28961 -0.0697778 2.07965 2.08734 0.476815
-1.30399 -1.28967 0 2.07932 2.08618 0.471
-1.30402 -1.28973 0 2.07899 2.08522 0.412852
-1.30404 -1.28993 -0.0785 2.07866 2.08432 0.375056
-1.30406 -1.29016 -0.093037 2.07832 2.08359 0.311093
-1.30408 -1.29022 -0.0552407 2.07799 2.08301 0.270389
-1.3041 -1.29022 0 2.07766 2.08255 0.229685
-1.30412 -1.29028 -0.0232593 2.07733 2.08217 0.229685
-1.30415 -1.29039 -0.0290741 2.077 2.08188 0.206426
-1.30417 -1.29057 -0.0872222 2.07667 2.08162 0.206426
-1.30419 -1.29068 -0.0785 2.07634 2.08135 0.188981
-1.30421 -1.29077 -0.0377963 2.07601 2.08103 0.197704
-1.30423 -1.29077 0 2.07568 2.0806 0.197704
-1.30425 -1.29086 -0.0465185 2.07535 2.0801 0.188981
-1.30427 -1.29106 -0.0785 2.07502 2.07976 0.183167
-1.30429 -1.29118 -0.0697778 2.07469 2.07938 0.188981
-1.30431 -1.29124 0 2.07436 2.07903 0.188981
-1.30434 -1.29124 0 2.07403 2.07845 0.215148
-1.30436 -1.29135 -0.0697778 2.0737 2.07801 0.229685
-1.30438 -1.29153 -0.0872222 2.07337 2.07757 0.261667
-1.3044 -1.29159 -0.0552407 2.07304 2.07702 0.24713
-1.30442 -1.29162 -0.0465185 2.0727 2.07647 0.252944
-1.30444 -1.29162 0 2.07237 2.07595 0.252944
-1.30446 -1.29164 0 2.07204 2.07519 0.270389
-1.30448 -1.29176 -0.0552407 2.07171 2.07464 0.261667
-1.3045 -1.29188 -0.0610556 2.07138 2.0742 0.252944
-1.30451 -1.29191 -0.0377963 2.07105 2.07368 0.261667
-1.30453 -1.29191 0 2.07072 2.0731 0.261667
-1.30455 -1.29191 0 2.07039 2.07237 0.279111
-1.30457 -1.29196 -0.0552407 2.07006 2.07176 0.261667
-1.30459 -1.29205 -0.014537 2.06972 2.07129 0.252944
-1.30461 -1.29205 0 2.06939 2.07077 0.252944
-1.30463 -1.29205 0 2.06906 2.07028 0.252944
-1.30465 -1.29205 0 2.06873 2.06981 0.238407
-1.30467 -1.29211 0 2.0684 2.06938 0.215148
-1.30468 -1.29223 -0.0232593 2.06807 2.06888 0.197704
-1.3047 -1.29228 0 2.06773 2.06845 0.188981
-1.30472 -1.29231 -0.0232593 2.0674 2.06813 0.183167
-1.30474 -1.29231 0 2.06707 2.06781 0.151185
-1.30476 -1.29237 -0.0552407 2.06674 2.06754 0.151185
-1.30477 -1.29243 -0.0377963 2.06641 2.06728 0.142463
-1.30479 -1.29246 0 2.06607 2.06705 0.142463
-1.30481 -1.29249 -0.0465185 2.06574 2.06682 0.133741
-1.30483 -1.29252 0 2.06541 2.06658 0.119204
-1.30485 -1.29255 -0.0290741 2.06508 2.06638 0.101759
-1.30486 -1.2926 -0.0290741 2.06475 2.06626 0.0872222
-1.30488 -1.29266 -0.0552407 2.06441 2.06615 0.093037
-1.3049 -1.29272 0 2.06408 2.06603 0.093037
-1.30491 -1.29272 0 2.06375 2.06586 0.0785
-1.30493 -1.29275 0 2.06342 2.06574 0.0872222
-1.30495 -1.29281 -0.0610556 2.06308 2.06563 0.0785
-1.30496 -1.29289 -0.0610556 2.06275 2.06557 0.0872222
-1.30498 -1.29292 -0.0232593 2.06242 2.06542 0.0465185
-1.305 -1.29292 0 2.06209 2.06525 0.0785
-1.30501 -1.29295 0 2.06175 2.06504 0.101759
-1.30503 -1.29307 -0.0232593 2.06142 2.06496 0.0697778
-1.30504 -1.29313 -0.0465185 2.06109 2.06484 0.0872222
-1.30506 -1.29319 -0.0610556 2.06076 2.06475 0.0785
-1.30508 -1.29319 0 2.06042 2.06455 0.0610556
-1.30509 -1.29319 0 2.06009 2.06435 0.0785
-1.30511 -1.29327 0 2.05976 2.06423 0.0697778
-1.30512 -1.29336 -0.0465185 2.05942 2.0642 0.0610556
-1.30514 -1.29342 -0.0377963 2.05909 2.06414 0.0872222
-1.30515 -1.29345 -0.0610556 2.05876 2.06403 0.0610556
-1.30517 -1.29345 0 2.05842 2.06391 0.0610556
-1.30519 -1.29345 0 2.05809 2.06382 0.0697778
-1.30522 -1.29348 0 2.05774 2.06371 0.0610556
-1.30525 -1.29353 -0.0232593 2.0574 2.06368 0.014537
-1.30528 -1.29359 -0.0232593 2.05705 2.06365 0.0232593
-1.30532 -1.29365 -0.0552407 2.05671 2.06359 0
-1.30535 -1.29365 0 2.05636 2.0635 0.0232593
-1.30538 -1.29368 -0.0232593 2.05601 2.06344 0
-1.30541 -1.29371 -0.0377963 2.05567 2.06342 0.0465185
-1.30544 -1.29377 0 2.05532 2.06342 0
-1.30547 -1.29377 0 2.05498 2.06336 0
-1.30551 -1.29377 0 2.05463 2.0633 0
-1.30554 -1.29385 -0.0377963 2.05429 2.06336 0
-1.30557 -1.29391 -0.0552407 2.05394 2.06339 0.0232593
-1.3056 -1.29394 0 2.05359 2.06339 0.0377963
-1.30563 -1.29397 0 2.05325 2.06339 0
-1.30566 -1.29397 0 2.0529 2.06333 0.0377963
-1.30569 -1.29397 0 2.05255 2.06327 0
-1.30572 -1.294 -0.0377963 2.05221 2.06327 0.014537
-1.30575 -1.29403 0 2.05186 2.06327 0.0465185
-1.30578 -1.29406 -0.0465185 2.05151 2.06324 0
-1.30581 -1.29409 0 2.05117 2.06321 0.0610556
-1.30584 -1.29409 0 2.05082 2.06315 0.0465185
-1.30587 -1.29409 0 2.05047 2.0631 0
-1.3059 -1.29412 -0.0610556 2.05013 2.06304 0.0465185
-1.30593 -1.29417 0 2.04978 2.06301 0
-1.30596 -1.29417 0 2.04943 2.06292 0
-1.30599 -1.29417 0 2.04909 2.06283 0.0610556
-1.30602 -1.2942 0 2.04874 2.06278 0.014537
-1.30604 -1.29426 -0.0552407 2.04839 2.06275 0.014537
-1.30607 -1.29429 0 2.04805 2.06269 0.0377963
-1.3061 -1.29432 -0.014537 2.0477 2.0626 0.0465185
-1.30613 -1.29432 0 2.04735 2.06246 0.0552407
-1.30616 -1.29435 -0.0465185 2.047 2.0624 0.0552407
-1.30619 -1.29438 -0.0232593 2.04666 2.06231 0.0785
-1.30621 -1.29441 0 2.04631 2.06225 0.0290741
-1.30624 -1.29441 0 2.04596 2.06211 0.0785
-1.30627 -1.29441 0 2.04561 2.06196 0.0610556
-1.3063 -1.29444 -0.0552407 2.04527 2.06182 0.0872222
-1.30633 -1.29449 -0.0377963 2.04492 2.0617 0.0785
-1.30635 -1.29449 0 2.04457 2.0615 0.093037
-1.30638 -1.29449 0 2.04422 2.06121 0.093037
-1.30641 -1.29455 0 2.04388 2.06109 0.0872222
-1.30643 -1.29458 -0.0552407 2.04353 2.06089 0.110481
-1.30646 -1.29464 0 2.04318 2.06071 0.101759
-1.30649 -1.29467 0 2.04283 2.06054 0.110481
-1.30651 -1.2947 0 2.04248 2.06025 0.125019
-1.30654 -1.29478 -0.014537 2.04214 2.05993 0.125019
-1.30657 -1.29487 -0.0465185 2.04179 2.05969 0.142463
-1.30659 -1.2949 -0.0377963 2.04144 2.05946 0.151185
-1.30662 -1.29496 -0.0377963 2.04109 2.0592 0.142463
-1.30665 -1.29496 0 2.04074 2.05885 0.125019
-1.30667 -1.29499 -0.014537 2.04039 2.05853 0.151185
-1.3067 -1.29505 -0.0377963 2.04005 2.05821 0.165722
-1.30672 -1.29516 -0.0377963 2.0397 2.05795 0.165722
-1.30674 -1.29522 -0.0552407 2.03935 2.05763 0.188981
-1.30676 -1.29528 -0.0232593 2.03901 2.05728 0.183167
-1.30678 -1.29531 0 2.03867 2.05682 0.206426
-1.30679 -1.29537 0 2.03832 2.05638 0.220963
-1.30681 -1.29548 -0.0610556 2.03798 2.05586 0.229685
-1.30683 -1.2956 -0.0610556 2.03764 2.05536 0.252944
-1.30685 -1.29566 -0.0465185 2.03729 2.05484 0.261667
-1.30686 -1.29569 -0.0377963 2.03695 2.05426 0.284926
-1.30688 -1.29571 0 2.03661 2.05336 0.30237
-1.3069 -1.29583 -0.0552407 2.03626 2.0526 0.334352
-1.30692 -1.29598 -0.0610556 2.03592 2.05173 0.366333
-1.30693 -1.29603 -0.0552407 2.03557 2.05091 0.38087
-1.30695 -1.29609 0 2.03523 2.05016 0.389593
-1.30697 -1.29615 -0.0290741 2.03489 2.04929 0.407037
-1.30698 -1.29627 -0.0232593 2.03454 2.04847 0.430296
-1.307 -1.29638 -0.0377963 2.0342 2.04769 0.453556
-1.30702 -1.29647 -0.0465185 2.03385 2.04676 0.508796
-1.30703 -1.29659 0 2.03351 2.04591 0.494259
-1.30705 -1.29665 -0.0232593 2.03316 2.04498 0.508796
-1.30706 -1.29676 -0.014537 2.03282 2.04391 0.462278
-1.30708 -1.29691 -0.0552407 2.03247 2.04295 0.508796
-1.3071 -1.29711 -0.0872222 2.03213 2.04187 0.508796
-1.30711 -1.29726 -0.0552407 2.03179 2.04065 0.508796
-1.30713 -1.29734 -0.0232593 2.03144 2.0396 0.453556
-1.30714 -1.2974 -0.0465185 2.0311 2.03879 0.412852
-1.30716 -1.2976 -0.0785 2.03075 2.03803 0.343074
-1.30717 -1.29781 -0.101759 2.03041 2.03748 0.334352
-1.30719 -1.29792 -0.0552407 2.03006 2.0369 0.261667
-1.3072 -1.29798 0 2.02972 2.03641 0.252944
-1.30722 -1.29807 -0.0610556 2.02937 2.03606 0.220963
-1.30723 -1.29822 -0.0290741 2.02903 2.03562 0.215148
-1.30725 -1.29836 -0.0232593 2.02868 2.03521 0.215148
-1.30726 -1.29851 -0.0290741 2.02834 2.03466 0.220963
-1.30727 -1.29862 -0.0465185 2.02799 2.03428 0.229685
-1.30729 -1.29871 -0.0465185 2.02764 2.03393 0.229685
-1.3073 -1.29885 -0.014537 2.0273 2.03347 0.229685
-1.30732 -1.29891 -0.0232593 2.02695 2.03306 0.229685
-1.30733 -1.299 -0.0610556 2.02661 2.03268 0.238407
-1.30734 -1.29909 -0.0697778 2.02626 2.03225 0.252944
-1.30736 -1.29917 0 2.02592 2.03178 0.261667
-1.30737 -1.29926 -0.014537 2.02557 2.03129 0.284926
-1.30738 -1.29938 -0.0465185 2.02523 2.03068 0.284926
-1.30747 -1.29958 -0.0785 2.02483 2.02998 0.311093
-1.30758 -1.29967 -0.0610556 2.02441 2.02908 0.32563
-1.30769 -1.29976 0 2.02399 2.02829 0.334352
-1.3078 -1.29984 -0.0232593 2.02357 2.02768 0.348889
-1.3079 -1.29996 -0.0377963 2.02315 2.02693 0.348889
-1.30801 -1.30013 -0.0697778 2.02273 2.0262 0.375056
-1.30812 -1.30025 -0.0697778 2.02231 2.02524 0.38087
-1.30823 -1.30031 -0.0465185 2.02189 2.02451 0.375056
-1.30834 -1.3004 -0.0465185 2.02147 2.02385 0.375056
-1.30844 -1.30051 -0.0465185 2.02105 2.023 0.366333
-1.30855 -1.3006 -0.00581481 2.02063 2.02239 0.334352
-1.30866 -1.30069 -0.0377963 2.02021 2.02184 0.316907
-1.30876 -1.30077 -0.0610556 2.01979 2.02132 0.311093
-1.30887 -1.30089 -0.0465185 2.01937 2.02085 0.24713
-1.30897 -1.30098 -0.0610556 2.01895 2.02053 0.215148
-1.30908 -1.30109 -0.014537 2.01852 2.02036 0.151185
-1.30918 -1.30115 -0.0465185 2.0181 2.02021 0.0872222
