torque_1,torque_1_t,torque_2,torque_2_t
0.300332,-0.175,-2,0.04375
0.291032,0.153125,-2,-0.984375
0.281432,-0.175,-2,-1.44375
0.272132,-0.13125,-2,-1.64062
0.262832,-0.240625,-2,-1.85938
0.253532,-0.4375,-2,-2.03437
0.244232,-0.459375,-2,-1.94687
0.234932,-0.13125,-2,-2.03437
0.225632,0,-2,-2.05625
0.216904,-0.459375,-2,-2.275
0.208477,-0.21875,-2,-2.16562
0.200049,-0.328125,-2,-2.34063
0.286403,-0.21875,-2,-2.49375
0.279719,-0.2625,-2,-2.31875
0.30211,-0.284375,-2,-2.23125
0.349204,-0.2625,-2,-2.40625
0.355023,-0.65625,-2,-2.34063
0.338454,-0.721875,-2,-2.03437
0.399223,-0.48125,-2,-2.16562
0.425103,-0.546875,-2,-2.40625
0.439925,-0.590625,-2,-2.60312
0.502438,-0.6125,-2,-2.66875
0.466971,-0.6125,-2,-2.7125
0.532101,-0.546875,-2,-2.45
0.503021,-0.6125,-2,-2.7125
0.586467,-0.7,-1.94683,-2.60312
0.619325,-0.896875,-1.90122,-2.58125
0.65538,-0.83125,-1.8556,-2.58125
0.67371,-0.56875,-1.79141,-2.60312
0.681282,-0.91875,-1.69698,-2.7125
0.728104,-0.940625,-1.54498,-2.69062
0.784812,-1.15938,-1.43426,-2.55938
0.826701,-1.09375,-1.33459,-2.42813
0.910738,-1.29062,-1.25963,-2.3625
0.907553,-1.225,-1.19428,-2.31875
0.967749,-1.4,-1.13445,-1.925
1.00149,-0.984375,-1.06676,-1.85938
1.01342,-1.35625,-1.02902,-1.72812
1.071,-1.55313,-0.968309,-1.70625
1.11114,-1.37813,-0.941907,-1.6625
1.14139,-1.4,-0.918412,-1.59688
1.12629,-1.44375,-0.906547,-1.24687
1.15072,-1.4875,-0.867071,-1.24687
1.11265,-1.20312,-0.849683,-1.24687
1.15773,-1.59688,-0.827933,-1.29062
1.13477,-1.70625,-0.80531,-1.26875
1.16328,-1.3125,-0.79141,-1.42188
1.11038,-1.59688,-0.759775,-1.1375
1.1697,-1.61875,-0.742677,-1.05
1.15343,-1.61875,-0.71017,-1.00625
1.17874,-1.59688,-0.703538,-1.225
1.18806,-1.59688,-0.695744,-1.1375
1.18313,-1.33438,-0.687368,-0.896875
1.14011,-1.26875,-0.675503,-0.7875
1.14681,-1.55313,-0.667999,-0.74375
1.14188,-1.4875,-0.675614,-0.940625
1.09799,-1.70625,-0.640781,-0.525
1.10556,-1.50937,-0.610309,-0.9625
1.15151,-1.50937,-0.560357,-0.940625
1.18002,-1.50937,-0.526105,-0.9625
1.12625,-1.75,-0.464223,-0.875
1.09631,-1.53125,-0.404386,-1.00625
1.08731,-1.50937,-0.336409,-0.984375
1.09488,-1.50937,-0.262034,-0.940625
1.0917,-1.46562,-0.230109,-0.83125
1.0984,-1.4,-0.168536,-0.765625
1.1054,-1.37813,-0.132549,-0.65625
1.04669,-1.55313,-0.0913381,-0.7875
1.03246,-1.33438,-0.0736678,-0.525
0.934501,-1.3125,-0.0472752,-0.4375
0.92551,-1.29062,-0.0255437,-0.48125
0.863014,-1.26875,-0.0372381,-0.39375
0.872921,-1.225,-0.0189956,-0.35
0.823808,-1.24687,-0.0251659,-0.35
0.820914,-1.09375,-0.0147641,-0.328125
0.754356,-1.07187,-0.0471011,-0.196875
0.666866,-0.83125,-0.0538622,-0.21875
0.58489,-0.940625,-0.0594511,-0.153125
0.531416,-0.853125,-0.0641678,-0.21875
0.58318,-0.853125,-0.052903,-0.13125
0.517204,-0.875,-0.0576196,-0.109375
0.567525,-0.765625,-0.0515789,-0.13125
0.62336,-0.7875,-0.0484456,-0.153125
0.492549,-0.83125,-0.0595678,-0.13125
0.483549,-0.765625,-0.045677,-0.284375
0.474849,-0.721875,-0.0573715,0.0875
0.465849,-0.74375,-0.0559826,0.175
0.457149,-0.74375,-0.0484974,0.109375
0.448149,-0.678125,-0.0654252,0.109375
0.439449,-0.678125,-0.0657807,0.196875
0.401375,-0.56875,-0.0736956,-0.109375
0.420877,-0.56875,-0.0693993,0
0.411304,-0.678125,-0.08779,-0.109375
0.401432,-0.590625,-0.107334,-0.196875
0.279634,-0.56875,-0.104201,-0.196875
0.380243,-0.590625,-0.115023,0.04375
0.341297,-0.590625,-0.145325,0.065625
0.361671,-0.525,-0.138412,-0.175
0.293651,-0.30625,-0.150979,-0.13125
0.24919,-0.546875,-0.163546,-0.021875
0.320725,-0.459375,-0.172923,-0.196875
0.322782,-0.48125,-0.190142,-0.175
0.313782,-0.546875,-0.203581,-0.371875
0.305082,-0.546875,-0.207425,-0.153125
0.296082,-0.56875,-0.224353,-0.153125
0.28621,-0.503125,-0.233721,-0.153125
0.167029,-0.48125,-0.238147,-0.153125
0.26851,-0.459375,-0.260599,-0.153125
0.25981,-0.459375,-0.255149,-0.2625
0.25111,-0.503125,-0.274994,-0.13125
0.24241,-0.459375,-0.288151,-0.240625
0.23371,-0.4375,-0.302762,-0.35
0.22471,-0.371875,-0.299929,-0.35
0.21601,-0.4375,-0.320936,-0.371875
0.20731,-0.48125,-0.321592,-0.459375
0.19861,-0.371875,-0.322529,-0.371875
0.301264,-0.371875,-0.333942,-0.371875
0.182654,-0.371875,-0.333725,-0.371875
0.173954,-0.371875,-0.364618,-0.39375
0.259164,-0.371875,-0.36789,-0.328125
0.158299,-0.415625,-0.371162,-0.39375
0.150471,-0.39375,-0.374434,-0.415625
0.142343,-0.30625,-0.377707,-0.459375
0.135388,-0.328125,-0.381851,-0.503125
0.18658,-0.30625,-0.385996,-0.415625
0.231958,-0.30625,-0.38984,-0.459375
0.236332,-0.30625,-0.393984,-0.459375
0.217747,-0.35,-0.398129,-0.503125
0.210791,-0.30625,-0.402273,-0.48125
0.139573,-0.328125,-0.406418,-0.6125
0.243971,-0.284375,-0.411134,-0.525
0.174797,-0.284375,-0.417023,-0.525
0.186158,-0.284375,-0.42204,-0.525
0.191404,-0.284375,-0.427057,-0.590625
0.156247,-0.284375,-0.432073,-0.525
0.197554,-0.284375,-0.437662,-0.546875
0.226932,-0.284375,-0.458088,-0.525
0.168516,-0.2625,-0.448568,-0.590625
0.21621,-0.284375,-0.455329,-0.56875
0.210999,-0.2625,-0.478944,-0.546875
0.188343,-0.2625,-0.465934,-0.6125
0.16626,-0.2625,-0.498571,-0.634375
0.195938,-0.2625,-0.47654,-0.590625
0.221545,-0.240625,-0.50656,-0.6125
0.216906,-0.240625,-0.508088,-0.678125
0.21344,-0.240625,-0.496523,-0.678125
0.179727,-0.328125,-0.516077,-0.634375
0.18789,-0.196875,-0.511209,-0.634375
0.184123,-0.240625,-0.522031,-0.65625
0.214673,-0.196875,-0.532281,-0.678125
0.210906,-0.175,-0.550671,-0.634375
0.20744,-0.196875,-0.535909,-0.634375
0.203973,-0.503125,-0.55052,-0.7
0.152816,-0.153125,-0.574134,-0.74375
0.19674,-0.284375,-0.573627,-0.74375
0.192973,-0.13125,-0.583877,-0.7875
0.172062,-0.328125,-0.588594,-0.721875
0.215686,-0.109375,-0.59739,-0.7875
0.213091,-0.35,-0.600944,-0.765625
0.13286,-0.0875,-0.615546,-0.809375
0.129093,-0.065625,-0.604271,-0.809375
0.135212,0.175,-0.614512,-0.459375
0.14889,0.021875,-0.611088,-0.83125
0.127979,0.109375,-0.619294,-0.853125
0.11171,-0.459375,-0.634768,-0.875
0.136145,0.109375,-0.642101,-0.83125
0.114934,-0.415625,-0.645946,-0.875
0.0995378,-0.4375,-0.645129,-0.896875
0.141417,0.109375,-0.647229,-0.853125
0.09026,-0.4375,-0.65747,-0.875
0.0850489,0.153125,-0.656662,-0.875
0.0446489,0.0875,-0.642771,-0.91875
0.103973,-0.30625,-0.65214,-0.91875
0.07026,-0.35,-0.666442,-0.91875
0.0481767,0.21875,-0.665634,-0.940625
0.0726119,0.0875,-0.668607,-0.940625
0.0214544,0.196875,-0.667218,-0.91875
0.0633341,0.13125,-0.676586,-0.91875
0.057823,0.13125,-0.675479,-0.9625
0.00666556,0.13125,-0.669729,-0.984375
0.0369156,0.0875,-0.672701,-0.875
0.0613507,0.0875,-0.67044,-0.83125
0.02851,-0.2625,-0.681834,-0.91875
0.0250433,0.065625,-0.684807,-0.91875
0.00470444,0.021875,-0.69214,-0.940625
0.065773,-0.04375,-0.692496,-0.74375
0.0620063,0.065625,-0.686446,-0.896875
0.0233507,0.065625,-0.703373,-0.896875
0.0187119,0.04375,-0.706346,-0.940625
0.0489619,0.021875,-0.703784,-1.00625
0.0626396,0.04375,-0.714025,-0.875
0.0414285,0.04375,-0.71409,-0.984375
0.0838804,0.065625,-0.724031,-0.9625
0.0344674,0.065625,-0.722642,-0.984375
0.0298285,0.021875,-0.736653,-0.91875
0.00948963,0,-0.726542,-0.940625
0.0548581,0.04375,-0.74347,-1.00625
0.0220174,-0.021875,-0.740036,-0.984375
0.0473248,-0.04375,-0.752894,-0.91875
0.0618748,-0.04375,-0.74946,-1.00625
0.0415359,-0.284375,-0.763771,-0.9625
0.0735304,-0.021875,-0.764999,-0.9625
0.0706359,-0.065625,-0.768834,-0.9625
0.0677415,-0.065625,-0.773551,-1.00625
0.0657193,-0.0875,-0.77884,-0.9625
0.0799693,-0.065625,-0.785592,-0.984375
0.0613748,-0.13125,-0.790009,-0.984375
0.0776693,-0.109375,-0.798214,-1.00625
0.075647,-0.196875,-0.79856,-1.02812
0.103571,-0.13125,-0.805894,-1.02812
0.0849767,-0.0875,-0.807694,-0.984375
0.0838267,-0.13125,-0.813573,-1.02812
0.0815044,-0.21875,-0.801999,-1.05
0.116988,-0.21875,-0.817473,-1.00625
0.116138,0.13125,-0.820736,-1.09375
0.162379,0.109375,-0.826625,-1.05
0.162401,-0.2625,-0.825827,-1.07187
0.162995,-0.30625,-0.835205,-1.1375
0.198479,-0.30625,-0.827138,-1.11563
0.164484,-0.30625,-0.842912,-1.05
0.199967,-0.35,-0.837462,-1.09375
0.200862,-0.35,-0.838981,-1.05
0.248847,-0.39375,-0.834403,-1.07187
0.250614,-0.39375,-0.828953,-1.05
0.218064,-0.415625,-0.830481,-1.15938
0.237847,-0.415625,-0.833171,-1.09375
0.239614,-0.4375,-0.811431,-1.11563
0.276841,-0.328125,-0.820809,-1.09375
0.291682,-0.328125,-0.81187,-1.09375
0.330954,-0.284375,-0.812525,-1.20312
0.298404,-0.546875,-0.798925,-1.18125
0.301616,-0.240625,-0.810338,-1.20312
0.340888,-0.240625,-0.793259,-1.07187
0.346716,-0.371875,-0.779659,-1.02812
0.400806,-0.2625,-0.787292,-1.05
0.376988,-0.48125,-0.778353,-0.91875
0.41189,-0.48125,-0.760973,-1.09375
0.454351,-0.503125,-0.767734,-1.18125
0.44099,-0.6125,-0.74891,-1.11563
0.446245,-0.56875,-0.75101,-1.07187
0.450329,-0.634375,-0.746142,-1.07187
0.420395,-0.6125,-0.744181,-1.07187
0.46024,-0.6125,-0.743664,-1.07187
0.447179,-0.546875,-0.746064,-1.05
0.469579,-0.678125,-0.750209,-1.07187
0.502736,-0.65625,-0.752309,-1.09375
0.461173,-0.65625,-0.74744,-1.05
0.50189,-0.7,-0.751284,-1.02812
0.472256,-0.284375,-0.75979,-1.05
0.494656,-0.765625,-0.759273,-1.05
0.464723,-0.634375,-0.762546,-1.07187
0.507184,-0.7,-0.755633,-0.940625
0.530456,-0.7,-0.763557,-1.18125
0.51914,-0.7,-0.770318,-1.29062
0.505779,-0.590625,-0.759044,-1.26875
0.492417,-0.546875,-0.756792,-1.18125
0.496501,-0.6125,-0.766742,-1.15938
0.499712,-0.6125,-0.767097,-1.20312
0.491293,-0.415625,-0.783744,-1.09375
0.460488,-0.4375,-0.78846,-1.02812
0.51109,-0.65625,-0.777486,-1.07187
0.453254,-0.7,-0.791797,-0.9625
0.456466,-0.634375,-0.806699,-0.9625
0.463166,-0.634375,-0.810544,-1.02812
0.469866,-0.721875,-0.820212,-1.05
0.42743,-0.7875,-0.831907,-1.07187
0.46553,-0.74375,-0.837496,-1.18125
0.468741,-0.7875,-0.839314,-1.18125
0.501027,-0.721875,-0.858277,-1.00625
0.486793,-0.721875,-0.852827,-1.02812
0.459186,-0.721875,-0.865684,-0.65625
0.491471,-0.853125,-0.876797,-1.00625
0.494682,-0.634375,-0.886466,-1.07187
0.534527,-0.678125,-0.888566,-1.09375
0.502849,-0.7875,-0.887768,-1.07187
0.508104,-0.7875,-0.87971,-1.07187
0.481369,-0.74375,-0.875423,-1.09375
0.513082,-0.415625,-0.881612,-1.11563
0.468903,-0.853125,-0.861334,-1.15938
0.553821,-0.7875,-0.870431,-1.24687
0.586979,-0.984375,-0.85684,-1.1375
0.592234,-0.875,-0.856342,-1.29062
0.614634,-0.83125,-0.847984,-1.24687
0.589943,-0.875,-0.838473,-1.29062
0.622229,-0.853125,-0.810055,-1.26875
0.597538,-1.00625,-0.803742,-1.26875
0.649012,-0.896875,-0.787534,-1.29062
0.635651,-0.875,-0.768138,-1.26875
0.658351,-0.853125,-0.754547,-1.44375
0.663306,-0.853125,-0.742701,-1.26875
0.669434,-0.91875,-0.725049,-1.24687
0.691834,-0.91875,-0.711168,-1.225
0.69679,-0.7875,-0.701366,-1.18125
0.684601,-0.7875,-0.700859,-1.15938
0.672112,-0.853125,-0.702396,-1.09375
0.695384,-1.11563,-0.692294,-0.65625
0.718084,-0.896875,-0.71679,-0.984375
0.659949,-0.984375,-0.736934,-1.05
0.664904,-0.91875,-0.749801,-1.02812
0.651843,-0.940625,-0.755399,-1.05
0.685001,-0.940625,-0.778451,-0.91875
0.624249,-0.940625,-0.793062,-1.05
0.626888,-0.896875,-0.809709,-0.9625
0.600153,-0.9625,-0.826364,-1.00625
0.602491,-0.896875,-0.833997,-1.05
0.569069,-0.853125,-0.847155,-1.07187
0.54089,-0.91875,-0.860894,-1.07187
0.506595,-0.940625,-0.868246,-1.1375
0.524634,-0.83125,-0.875007,-1.09375
0.525229,-0.91875,-0.893397,-1.05
0.508679,-0.83125,-0.894925,-1.09375
0.525845,-0.7875,-0.908383,-1.15938
0.495621,-0.765625,-0.920377,-1.18125
0.460454,-0.83125,-0.922196,-1.225
0.541884,-0.853125,-0.928957,-1.18125
0.459327,-0.809375,-0.938925,-1.20312
0.441604,-0.809375,-0.936092,-1.225
0.457899,-0.7875,-0.92599,-1.18125
0.474193,-0.853125,-0.926936,-1.18125
0.520434,-0.875,-0.922068,-1.24687
0.456493,-0.83125,-0.919234,-1.24687
0.457088,-0.74375,-0.922225,-1.225
0.491699,-0.809375,-0.901366,-1.24687
0.525729,-0.853125,-0.902312,-1.225
0.526323,-0.896875,-0.902968,-1.24687
0.545234,-0.91875,-0.887633,-1.26875
0.576647,-0.875,-0.906023,-1.29062
0.613003,-0.7875,-0.904644,-1.3125
0.597025,-0.9625,-0.908207,-1.24687
0.533656,-0.940625,-0.898105,-1.24687
0.55344,-1.02812,-0.908355,-1.24687
0.58428,-0.940625,-0.911046,-1.29062
0.63808,-0.39375,-0.912573,-1.26875
0.60553,-0.91875,-0.921951,-1.20312
0.608741,-0.896875,-0.933364,-1.24687
0.645969,-1.11563,-0.937809,-1.20312
0.612547,-1.00625,-0.941381,-1.225
0.661704,-0.984375,-0.94786,-1.24687
0.634969,-1.1375,-0.954921,-1.15938
0.667254,-1.00625,-0.950644,-1.225
0.707399,-0.9625,-0.961484,-1.15938
0.71061,-1.02812,-0.955162,-1.15938
0.695504,-0.984375,-0.964259,-1.11563
0.71646,-0.853125,-0.970447,-1.20312
0.684782,-0.9625,-0.963553,-1.18125
0.688866,-0.940625,-0.955786,-1.225
0.693249,-1.00625,-0.97186,-1.35625
0.714777,-0.984375,-0.962049,-1.4
0.766251,-1.05,-0.967366,-1.20312
0.743004,-1.07187,-0.955238,-1.3125
0.76396,-1.05,-0.959683,-1.24687
0.778801,-1.15938,-0.947555,-1.3125
0.736366,-1.15938,-0.937453,-1.24687
0.757893,-1.24687,-0.92707,-1.29062
0.778849,-1.1375,-0.92977,-1.24687
0.812006,-1.18125,-0.906594,-1.35625
0.832662,-1.3125,-0.902016,-1.33438
0.801856,-1.26875,-0.892214,-1.35625
0.759421,-1.29062,-0.886192,-1.29062
0.809451,-1.35625,-0.877834,-1.3125
0.831851,-1.35625,-0.872684,-1.42188
0.80686,-1.33438,-0.871605,-1.4
0.840017,-1.15938,-0.860631,-1.42188
0.797582,-1.225,-0.856934,-1.42188
0.83074,-1.20312,-0.860507,-1.37813
0.823193,-1.26875,-0.862907,-1.37813
0.839206,-1.07187,-0.865316,-1.26875
0.84329,-1.09375,-0.874121,-1.35625
0.864817,-1.26875,-0.883499,-1.35625
0.868029,-1.18125,-0.883583,-1.33438
0.807277,-1.26875,-0.891516,-1.37813
0.792171,-1.24687,-0.90351,-1.29062
0.782008,-1.11563,-0.898942,-1.18125
0.767775,-1.18125,-0.918205,-1.29062
0.799188,-1.11563,-0.929627,-1.33438
0.800654,-1.26875,-0.935516,-1.33438
0.866956,-1.15938,-0.944612,-1.33438
0.757941,-1.18125,-0.962712,-1.3125
0.759408,-1.11563,-0.970936,-1.33438
0.807393,-1.11563,-0.979442,-1.35625
0.732395,-1.11563,-0.990864,-1.37813
0.762064,-1.15938,-0.988031,-1.35625
0.76353,-1.11563,-0.995964,-1.37813
0.718479,-1.09375,-1.00738,-1.37813
0.719945,-1.02812,-1.0092,-1.225
0.737984,-1.05,-1.01626,-1.26875
0.750208,-1.05,-1.01721,-1.29062
0.704284,-1.02812,-1.017,-1.3125
0.65836,-1.11563,-1.02493,-1.53125
0.740362,-0.853125,-1.01599,-1.35625
0.751714,-1.11563,-1.01956,-1.33438
0.723234,-0.940625,-1.02371,-1.42188
0.770347,-1.09375,-1.03338,-1.42188
0.74244,-1.02812,-1.02997,-1.35625
0.743034,-1.02812,-1.0315,-1.42188
0.772703,-1.02812,-1.03826,-1.37813
0.792486,-1.02812,-1.04735,-1.4
0.759064,-1.11563,-1.05179,-1.4
0.777975,-1.1375,-1.06117,-1.42188
0.762869,-1.1375,-1.05776,-1.35625
0.828871,-1.18125,-1.05784,-1.35625
0.81958,-1.225,-1.06925,-1.4
0.850993,-1.20312,-1.0574,-1.3125
0.854204,-1.35625,-1.06445,-1.3125
0.892004,-1.24687,-1.05029,-1.42188
0.831253,-1.29062,-1.0617,-1.4
0.88011,-1.29062,-1.04753,-1.46562
0.901638,-1.29062,-1.04383,-1.44375
0.916179,-1.3125,-1.04012,-1.50937
0.937706,-1.3125,-1.03002,-1.50937
0.912716,-1.46562,-1.03242,-1.59688
0.928129,-1.37813,-1.0261,-1.46562
0.950529,-1.35625,-1.00989,-1.53125
1.00287,-1.37813,-0.995727,-1.55313
1.04329,-1.55313,-0.988242,-1.50937
1.01597,-1.59688,-0.985409,-1.50937
1.0093,-1.55313,-0.962805,-1.50937
1.12618,-1.42188,-0.960844,-1.46562
1.03316,-1.59688,-0.951323,-1.46562
1.03899,-1.4875,-0.952851,-1.44375
1.04451,-1.50937,-0.951471,-1.42188
1.03871,-1.46562,-0.954744,-1.37813
1.055,-1.46562,-0.963831,-1.37813
1.07652,-1.4875,-0.970592,-1.37813
1.01752,-1.53125,-0.981714,-1.3125
0.991354,-1.55313,-0.980334,-1.35625
1.00794,-1.53125,-0.997853,-1.37813
0.965204,-1.44375,-1.01683,-1.3125
0.986732,-1.44375,-1.03609,-1.33438
0.955627,-1.42188,-1.05186,-1.35625
0.958838,-1.33438,-1.06705,-1.35625
0.91553,-1.33438,-1.07642,-1.42188
0.900125,-1.00625,-1.08057,-1.33438
0.967299,-1.15938,-1.11233,-1.44375
0.922819,-1.26875,-1.09874,-1.4875
0.895212,-1.24687,-1.10667,-1.44375
0.878062,-1.29062,-1.1268,-1.53125
0.878656,-1.24687,-1.12135,-1.53125
0.844062,-1.24687,-1.1252,-1.55313
0.861229,-1.29062,-1.13574,-1.59688
0.862395,-1.24687,-1.11953,-1.53125
0.832743,-1.225,-1.11844,-1.53125
0.832466,-1.24687,-1.11532,-1.53125
0.842645,-1.29062,-1.11074,-1.53125
0.842367,-1.24687,-1.09598,-1.575
0.83016,-1.33438,-1.0975,-1.53125
0.812438,-1.29062,-1.09554,-1.575
0.841806,-1.26875,-1.08806,-1.50937
0.829599,-1.33438,-1.09452,-1.53125
0.86014,-1.20312,-1.09081,-1.53125
0.877879,-1.35625,-1.09496,-1.55313
0.878173,-1.42188,-1.09096,-1.50937
0.862195,-1.37813,-1.10731,-1.50937
0.909008,-1.26875,-1.11494,-1.53125
0.863084,-1.46562,-1.11821,-1.50937
0.881695,-1.20312,-1.12845,-1.4875
0.911064,-1.26875,-1.12592,-1.50937
0.900901,-1.26875,-1.1417,-1.50937
0.884051,-1.26875,-1.16156,-1.46562
0.914591,-1.3125,-1.16135,-1.50937
0.915186,-1.26875,-1.16143,-1.4875
0.934669,-1.4,-1.17751,-1.55313
0.919564,-1.225,-1.18922,-1.72812
0.957664,-1.44375,-1.19395,-1.575
0.925114,-1.44375,-1.2045,-1.53125
0.962041,-1.44375,-1.20837,-1.59688
0.981825,-1.37813,-1.20845,-1.55313
0.996666,-1.26875,-1.21231,-1.53125
0.988247,-1.575,-1.21676,-1.53125
1.00192,-1.53125,-1.21597,-1.64062
0.993497,-1.575,-1.20995,-1.61875
1.02665,-1.55313,-1.20858,-1.55313
1.0662,-1.68437,-1.21389,-1.575
1.08104,-1.64062,-1.21601,-1.575
1.08512,-1.77188,-1.2161,-1.6625
1.08978,-1.44375,-1.20977,-1.79375
1.11131,-1.55313,-1.21625,-1.70625
1.11539,-1.61875,-1.1986,-1.75
1.15581,-1.50937,-1.19781,-1.575
1.12675,-1.53125,-1.20778,-1.61875
1.16716,-1.68437,-1.17879,-1.64062
1.15555,-1.64062,-1.16027,-1.77188
1.19045,-1.59688,-1.15134,-1.68437
1.1669,-1.68437,-1.13164,-1.6625
1.19017,-1.81563,-1.11748,-1.70625
1.17913,-1.75,-1.11029,-1.81563
1.20327,-1.6625,-1.10485,-1.70625
1.21956,-1.72812,-1.08633,-1.68437
1.22451,-1.81563,-1.07274,-1.68437
1.21784,-1.68437,-1.08503,-1.61875
1.20505,-1.70625,-1.08948,-1.575
1.19169,-1.68437,-1.08578,-1.59688
1.17803,-1.68437,-1.08992,-1.575
1.16961,-1.68437,-1.09698,-1.4875
1.17339,-1.61875,-1.10288,-1.53125
1.1766,-1.64062,-1.10209,-1.4875
1.19115,-1.55313,-1.12136,-1.53125
1.13009,-1.575,-1.13714,-1.53125
1.13243,-1.64062,-1.13897,-1.53125
1.1054,-1.70625,-1.15561,-1.50937
1.12518,-1.50937,-1.16529,-1.4875
1.07314,-1.50937,-1.16886,-1.4875
1.06211,-1.46562,-1.17214,-1.50937
1.02751,-1.575,-1.17484,-1.61875
1.00949,-1.4875,-1.17318,-1.53125
1.04497,-1.46562,-1.18081,-1.53125
1.02695,-1.50937,-1.18787,-1.55313
1.00836,-1.61875,-1.18416,-1.50937
0.996149,-1.42188,-1.18686,-1.61875
0.977254,-1.575,-1.18142,-1.575
0.976977,-1.64062,-1.18673,-1.59688
0.976399,-1.44375,-1.18652,-1.70625
0.974949,-1.42188,-1.18805,-1.61875
0.939782,-1.4,-1.18639,-1.61875
0.926703,-1.6625,-1.19519,-1.68437
0.936882,-1.35625,-1.18626,-1.79375
0.988066,-1.4,-1.19914,-1.6625
0.970343,-1.4875,-1.2065,-1.64062
0.934004,-1.50937,-1.197,-1.6625
0.920353,-1.35625,-1.20175,-1.70625
0.91833,-1.37813,-1.22103,-1.64062
0.929682,-1.29062,-1.21065,-1.75
0.981438,-1.44375,-1.21627,-1.70625
0.916325,-1.44375,-1.21753,-1.70625
0.943377,-1.44375,-1.22779,-1.6625
0.960543,-1.37813,-1.24766,-1.6625
0.942521,-1.02812,-1.23845,-1.6625
0.97626,-1.37813,-1.24493,-1.6625
0.922777,-1.35625,-1.24706,-1.59688
0.956216,-1.37813,-1.24861,-1.61875
0.973382,-1.29062,-1.24347,-1.59688
1.00392,-1.37813,-1.23862,-1.61875
0.985901,-1.33438,-1.24132,-1.72812
1.02226,-1.37813,-1.23734,-1.6625
1.04087,-1.44375,-1.25924,-1.72812
1.07315,-1.53125,-1.2416,-1.64062
1.07462,-1.59688,-1.24838,-1.70625
1.07666,-1.575,-1.25661,-1.70625
1.079,-1.64062,-1.25001,-1.70625
1.1011,-1.61875,-1.24661,-1.68437
1.12175,-1.64062,-1.24699,-1.72812
1.13717,-1.72812,-1.259,-1.72812
1.1395,-1.75,-1.25939,-1.75
1.14242,-1.81563,-1.265,-1.79375
1.14563,-1.77188,-1.26015,-1.79375
1.20292,-1.77188,-1.26198,-1.79375
1.20757,-1.79375,-1.26033,-1.75
1.21135,-1.77188,-1.26246,-1.79375
1.21631,-1.225,-1.25325,-1.79375
1.22097,-1.81563,-1.25391,-1.79375
1.23668,-1.77188,-1.24557,-1.77188
1.3053,-1.79375,-1.2413,-1.79375
1.24716,-1.925,-1.2443,-1.77188
1.30415,-1.79375,-1.23625,-1.72812
1.30911,-1.79375,-1.24884,-1.77188
1.2498,-1.8375,-1.24719,-1.75
1.28178,-1.85938,-1.25774,-1.75
1.25767,-1.90312,-1.25376,-1.77188
1.22569,-1.79375,-1.26985,-1.75
1.21145,-1.77188,-1.27167,-1.77188
1.23094,-1.75,-1.28601,-1.72812
1.2164,-1.3125,-1.30413,-1.77188
1.20799,-1.85938,-1.30858,-1.77188
1.22165,-1.75,-1.31245,-1.77188
1.19462,-1.77188,-1.33027,-1.75
1.2144,-1.77188,-1.33966,-1.81563
1.13416,-1.79375,-1.34005,-1.77188
1.13533,-1.77188,-1.3631,-1.79375
1.1365,-1.68437,-1.36261,-1.85938
1.15541,-1.61875,-1.3717,-1.8375
1.15657,-1.61875,-1.35871,-1.79375
1.12198,-1.68437,-1.3588,-1.81563
1.09407,-1.46562,-1.35654,-1.81563
1.14058,-1.50937,-1.34468,-1.94687
1.14058,-1.53125,-1.34648,-1.79375
1.10511,-1.64062,-1.33956,-1.79375
1.10511,-1.50937,-1.33206,-1.81563
1.0926,-1.575,-1.33299,-1.8375
1.09259,-1.50937,-1.33043,-1.8375
1.09289,-1.575,-1.3273,-1.81563
1.1394,-1.61875,-1.32038,-1.90312
1.12195,-1.6625,-1.32392,-1.88125
1.12107,-1.64062,-1.30567,-1.90312
1.09112,-1.61875,-1.29875,-1.81563
1.09142,-1.70625,-1.30229,-1.85938
1.09141,-1.64062,-1.28984,-1.81563
1.13792,-1.70625,-1.2966,-1.85938
1.12135,-1.3125,-1.28589,-1.8375
1.15623,-1.575,-1.29031,-1.88125
1.1699,-1.77188,-1.28252,-1.75
1.14169,-1.70625,-1.2878,-1.77188
1.12424,-1.81563,-1.28467,-1.81563
1.14255,-1.75,-1.28008,-1.77188
1.12597,-1.6625,-1.28624,-1.75
1.16347,-1.70625,-1.28455,-1.8375
1.16464,-1.64062,-1.28635,-1.72812
1.19458,-1.70625,-1.2989,-1.68437
1.17887,-1.81563,-1.30188,-1.6625
1.18061,-1.72812,-1.30368,-1.8375
1.19892,-1.64062,-1.30373,-1.72812
1.21811,-1.68437,-1.31629,-1.68437
1.15501,-1.90312,-1.31896,-1.75
1.20327,-1.75,-1.32251,-1.88125
1.15849,-1.72812,-1.32605,-1.77188
1.22419,-1.81563,-1.33948,-1.77188
1.20849,-1.81563,-1.33983,-1.6625
1.31025,-1.77188,-1.34512,-1.85938
1.21488,-1.90312,-1.34779,-1.8375
1.25151,-1.90312,-1.3586,-1.61875
1.26575,-1.925,-1.34557,-1.75
1.30238,-1.99063,-1.33778,-1.70625
1.2419,-1.96875,-1.34307,-1.85938
1.24276,-1.94687,-1.33527,-1.90312
1.27445,-1.79375,-1.33184,-1.79375
1.27793,-1.88125,-1.32375,-1.81563
1.33375,-1.99063,-1.3177,-1.85938
1.30234,-1.94687,-1.3009,-2.03437
1.35235,-1.85938,-1.30531,-1.85938
1.29187,-1.925,-1.29665,-1.81563
1.29535,-1.96875,-1.29321,-1.8375
1.31628,-1.85938,-1.29414,-1.96875
1.35465,-1.72812,-1.29594,-1.8375
1.35813,-1.85938,-1.30123,-1.81563
1.32643,-1.90312,-1.2978,-1.79375
1.32904,-1.85938,-1.29146,-1.88125
1.3142,-1.88125,-1.29848,-1.81563
1.31682,-1.81563,-1.28342,-1.79375
1.31943,-1.81563,-1.28522,-1.75
1.32204,-1.99063,-1.30214,-1.77188
1.31215,-1.90312,-1.28707,-1.75
1.31301,-1.88125,-1.288,-1.77188
1.31475,-2.03437,-1.2895,-1.75
1.29905,-1.90312,-1.28433,-1.85938
1.23508,-1.90312,-1.28003,-1.77188
1.18943,-1.90312,-1.28532,-1.75
1.25338,-1.925,-1.27752,-1.72812
1.23768,-1.6625,-1.28311,-1.72812
1.2211,-1.925,-1.28404,-1.77188
1.20278,-1.94687,-1.29194,-1.8375
1.2019,-1.94687,-1.28677,-1.75
1.21847,-1.79375,-1.30107,-1.8375
1.19897,-1.77188,-1.28978,-1.85938
1.16815,-1.72812,-1.29856,-1.6625
1.16727,-1.79375,-1.30183,-1.79375
1.16552,-1.90312,-1.30828,-1.75
1.09894,-1.79375,-1.30572,-1.77188
1.1155,-1.72812,-1.30839,-1.77188
1.09631,-1.44375,-1.30437,-1.72812
1.14108,-1.50937,-1.28844,-1.75
1.14107,-1.68437,-1.27367,-1.75
1.121,-1.59688,-1.2871,-1.70625
1.13583,-1.68437,-1.27581,-1.75
1.1047,-1.59688,-1.26889,-1.75
1.10295,-1.64062,-1.25208,-1.75
1.10033,-1.64062,-1.25039,-1.75
1.12765,-1.75,-1.24085,-1.77188
1.1259,-1.64062,-1.23917,-1.77188
1.10671,-1.70625,-1.23399,-1.70625
1.18607,-1.575,-1.24393,-1.79375
1.15612,-1.68437,-1.21753,-1.70625
1.15611,-1.72812,-1.20973,-1.79375
1.11947,-1.575,-1.1999,-1.81563
1.10115,-1.61875,-1.18775,-1.8375
1.1523,-1.72812,-1.18083,-1.72812
1.1805,-1.68437,-1.16315,-1.70625
1.19794,-1.68437,-1.15157,-1.72812
1.17962,-1.68437,-1.1461,-1.70625
1.1613,-1.68437,-1.13161,-1.68437
1.14849,-1.70625,-1.1212,-1.61875
1.15837,-1.70625,-1.1166,-1.68437
1.15749,-1.53125,-1.12189,-1.64062
1.14468,-1.6625,-1.11759,-1.6625
1.14293,-1.61875,-1.11125,-1.61875
1.15368,-1.61875,-1.11275,-1.64062
1.14118,-1.55313,-1.11891,-1.59688
1.15163,-1.59688,-1.1178,-1.575
1.16732,-1.575,-1.12832,-1.575
1.13737,-1.55313,-1.13739,-1.55313
1.117,-1.575,-1.13424,-1.55313
1.06786,-1.50937,-1.14941,-1.50937
1.09432,-1.44375,-1.15383,-1.55313
1.00999,-1.53125,-1.169,-1.55313
1.0597,-1.46562,-1.15975,-1.59688
1.0687,-1.50937,-1.17841,-1.50937
1.06578,-1.46562,-1.17759,-1.61875
1.03234,-1.46562,-1.19073,-1.55313
1.0114,-1.44375,-1.18264,-1.59688
0.977662,-1.35625,-1.19142,-1.77188
0.957595,-1.4875,-1.20021,-1.59688
0.970673,-1.33438,-1.19882,-1.53125
0.968051,-1.44375,-1.19918,-1.64062
1.01107,-1.33438,-1.20331,-1.575
0.977925,-1.225,-1.20716,-1.59688
0.909595,-1.09375,-1.19357,-1.81563
0.922673,-1.3125,-1.20003,-1.70625
0.953195,-1.33438,-1.19777,-1.64062
0.960458,-1.4875,-1.19202,-1.68437
0.92789,-1.42188,-1.20226,-1.61875
0.94184,-1.4,-1.19681,-1.64062
0.937473,-1.02812,-1.20065,-1.575
0.933106,-1.46562,-1.20275,-1.64062
0.940369,-1.46562,-1.19061,-1.68437
0.925245,-1.4875,-1.19213,-1.64062
0.903434,-1.35625,-1.18347,-1.61875
0.899067,-1.50937,-1.19371,-1.575
0.91389,-1.4,-1.18331,-1.59688
0.939469,-1.15938,-1.19472,-1.61875
0.953119,-1.42188,-1.18257,-1.575
0.93218,-1.46562,-1.17857,-1.575
0.94613,-1.42188,-1.18677,-1.53125
0.925191,-1.46562,-1.18916,-1.55313
0.892623,-1.3125,-1.1965,-1.59688
0.935647,-1.46562,-1.20325,-1.55313
0.932725,-1.46562,-1.19895,-1.61875
0.977493,-1.26875,-1.2057,-1.61875
0.973999,-1.3125,-1.21507,-1.59688
0.944047,-1.26875,-1.20554,-1.64062
0.941425,-1.3125,-1.22015,-1.61875
0.968749,-1.20312,-1.22254,-1.6625
0.92018,-1.225,-1.21679,-1.59688
0.965821,-1.4,-1.22354,-1.59688
0.964943,-1.55313,-1.23087,-1.55313
1.02803,-1.3125,-1.23645,-1.77188
0.961143,-1.575,-1.22023,-1.68437
0.996027,-0.875,-1.22233,-1.79375
0.977704,-1.50937,-1.22211,-1.11563
0.994271,-1.33438,-1.21461,-1.50937
0.959077,-0.984375,-1.20421,-1.90312
0.993088,-1.20312,-1.18363,-1.64062
0.957321,-1.18125,-1.18225,-1.64062
1.00353,-1.50937,-1.17183,-1.53125
1.03842,-1.575,-1.17481,-1.61875
1.05673,-0.984375,-1.16818,-1.68437
1.0573,-1.37813,-1.1668,-1.575
0.992454,-1.4875,-1.17268,-1.55313
1.00408,-1.53125,-1.17215,-1.55313
0.992143,-1.61875,-1.17367,-1.55313
1.0404,-1.50937,-1.1589,-1.55313
1.08779,-1.64062,-1.15868,-1.53125
1.08748,-1.61875,-1.13955,-1.575
1.10579,-1.575,-1.12624,-1.61875
1.08834,-1.61875,-1.09665,-1.575
1.04152,-1.59688,-1.10049,-1.59688
1.02407,-1.4875,-1.08019,-1.59688
1.05952,-1.53125,-1.07008,-1.575
1.07115,-1.55313,-1.04747,-1.575
1.13685,-1.53125,-1.0487,-1.59688
1.06182,-1.53125,-1.04585,-1.55313
1.09146,-1.46562,-1.02612,-1.55313
1.06151,-1.4875,-1.02269,-1.53125
1.04376,-1.50937,-1.01286,-1.59688
1.04346,-1.50937,-1.02193,-1.53125
1.04345,-1.50937,-1.0057,-1.50937
1.04315,-1.53125,-1.01621,-1.46562
1.0254,-1.55313,-1.00377,-1.4875
1.06028,-1.50937,-1.00179,-1.42188
1.04253,-1.59688,-1.00533,-1.42188
1.00646,-1.59688,-0.996366,-1.42188
1.02303,-1.4875,-1.00514,-1.44375
0.991904,-1.50937,-1.00869,-1.4
0.954966,-1.42188,-1.00874,-1.4
0.988977,-1.50937,-1.02158,-1.4
0.933721,-1.44375,-1.0135,-1.37813
0.949116,-1.44375,-1.01704,-1.44375
0.947938,-1.42188,-1.02407,-1.37813
0.927871,-1.55313,-1.02034,-1.26875
0.943266,-1.37813,-1.02738,-1.26875
0.875508,-1.4,-1.02975,-1.4
0.89003,-1.37813,-1.03882,-1.35625
0.869091,-1.44375,-1.04062,-1.53125
0.865297,-1.35625,-1.04124,-1.37813
0.861503,-1.24687,-1.03781,-1.37813
0.840264,-1.44375,-1.05152,-1.4
0.82484,-1.35625,-1.05448,-1.29062
0.767267,-1.3125,-1.04872,-1.3125
0.798362,-1.26875,-1.05052,-1.42188
0.793695,-1.26875,-1.05697,-1.44375
0.75414,-1.07187,-1.06021,-1.3125
0.802679,-1.33438,-1.06288,-1.44375
0.763423,-1.29062,-1.06293,-1.53125
0.793645,-1.09375,-1.06386,-1.4
0.772406,-1.24687,-1.05925,-1.44375
0.750295,-1.24687,-1.06541,-1.4875
0.780517,-0.984375,-1.05994,-1.42188
0.741834,-0.984375,-1.07366,-1.44375
0.737167,-1.20312,-1.06905,-1.46562
0.798508,-1.11563,-1.07434,-1.42188
0.776397,-1.26875,-1.07962,-1.44375
0.808364,-1.11563,-1.07938,-1.37813
0.788869,-1.1375,-1.0646,-1.37813
0.805136,-1.3125,-1.06087,-1.50937
0.803086,-1.4,-1.07517,-1.37813
0.81848,-1.3125,-1.06359,-1.44375
0.862949,-1.09375,-1.04764,-1.4
0.88096,-1.18125,-1.04944,-1.42188
0.911473,-1.50937,-1.04309,-1.4
0.880349,-1.42188,-1.02802,-1.44375
0.879171,-1.61875,-1.0368,-1.35625
0.925384,-1.42188,-1.03219,-1.42188
0.95358,-1.53125,-1.01887,-1.35625
0.955019,-1.4875,-1.01194,-1.42188
0.954714,-1.44375,-1.01257,-1.4875
0.973597,-1.44375,-1.01058,-1.44375
0.974164,-1.4,-0.992903,-1.46562
0.945656,-1.44375,-0.987425,-1.46562
1.02269,-1.33438,-0.991842,-1.1375
1.025,-1.4875,-0.991597,-1.44375
1.08313,-1.29062,-0.983512,-1.37813
1.03573,-1.4,-0.983268,-1.37813
1.0299,-1.4875,-0.961227,-1.4
1.06477,-1.4,-0.96011,-1.35625
1.08627,-1.33438,-0.965099,-1.4
1.09294,-1.46562,-0.959631,-1.575
1.06124,-1.50937,-0.956479,-1.4
1.08361,-1.42188,-0.963512,-1.37813
1.05685,-1.46562,-0.958907,-1.4
1.04346,-1.53125,-0.969129,-1.33438
1.0292,-1.05,-0.970057,-1.42188
1.01232,-1.4875,-0.97679,-1.33438
0.968112,-1.6625,-0.976846,-0.9625
1.00618,-1.46562,-0.985323,-1.4
1.01664,-1.575,-0.99322,-1.29062
0.969812,-1.46562,-0.995892,-1.37813
0.968334,-1.4875,-1.00175,-1.33438
0.919766,-1.46562,-1.00936,-1.29062
0.918588,-1.50937,-1.00475,-1.02812
0.934854,-1.4,-1.01208,-1.26875
0.898788,-1.26875,-1.01183,-1.35625
0.933371,-1.29062,-1.01333,-1.07187
0.850786,-1.575,-1.00698,-1.3125
0.894382,-1.33438,-0.998025,-1.33438
0.827497,-1.42188,-0.996036,-1.33438
0.907727,-1.15938,-1.00103,-1.35625
0.841414,-1.37813,-0.99642,-1.35625
0.902454,-1.26875,-0.992114,-1.35625
0.853886,-1.4,-0.99187,-1.4
0.880038,-1.20312,-0.979996,-1.37813
0.813153,-0.809375,-0.984984,-1.37813
0.891638,-1.225,-0.987647,-1.37813
0.854399,-1.37813,-0.977518,-1.42188
0.868921,-1.50937,-0.987168,-1.4875
0.867743,-1.42188,-0.979946,-1.4
0.864821,-1.4,-0.976212,-1.46562
0.862771,-0.7875,-0.981201,-1.35625
0.795886,-1.07187,-0.977468,-1.42188
0.858371,-1.18125,-0.984201,-1.37813
0.857193,-1.37813,-0.978433,-1.33438
0.87346,-1.4875,-0.991562,-1.4875
0.835649,-1.44375,-0.995679,-1.29062
0.821669,-1.3125,-1.00358,-1.37813
0.830377,-1.3125,-1.0042,-1.3125
0.828327,-1.4,-1.00832,-1.35625
0.861166,-1.4,-1.01534,-1.35625
0.877132,-1.225,-1.01772,-1.09375
0.824493,-1.1375,-1.02532,-1.4
0.859077,-1.18125,-1.03671,-1.4
0.843071,-1.26875,-1.026,-1.33438
0.843338,-1.1375,-1.03098,-1.37813
0.888679,-1.225,-1.02202,-1.35625
0.890117,-1.24687,-1.03428,-1.26875
0.86131,-1.29062,-1.02531,-1.575
0.908395,-1.15938,-1.02158,-1.35625
0.929023,-1.33438,-1.02656,-1.35625
0.92959,-1.33438,-1.01498,-1.11563
0.976375,-1.20312,-1.02375,-1.37813
0.931295,-1.33438,-1.02002,-1.3125
0.960936,-1.26875,-1.01455,-1.46562
0.979519,-1.3125,-1.01895,-1.37813
0.951012,-1.4,-1.02307,-1.4
0.982397,-1.225,-1.01149,-1.4875
1.00098,-1.33438,-1.02549,-1.24687
1.02161,-1.50937,-1.011,-1.55313
1.03555,-1.4875,-0.996509,-1.4
1.055,-1.42188,-0.991031,-1.3125
1.04074,-1.50937,-0.990786,-1.29062
1.04218,-1.44375,-0.98182,-1.37813
1.04419,-1.64062,-0.97954,-1.4875
1.04738,-1.6625,-0.965921,-1.33438
1.10289,-1.53125,-0.968294,-1.3125
1.11653,-1.72812,-0.951186,-1.3125
1.11972,-1.6625,-0.96606,-1.29062
1.1104,-1.81563,-0.980062,-1.3125
1.12404,-1.77188,-0.976038,-1.29062
1.06239,-1.59688,-0.986551,-1.35625
1.08184,-1.64062,-1.00026,-1.3125
1.13242,-1.64062,-1.00002,-1.33438
1.13386,-1.6625,-0.992796,-1.37813
1.13761,-1.37813,-0.999529,-1.35625
1.09515,-1.68437,-0.996668,-1.35625
1.13118,-1.02812,-0.986538,-1.33438
1.03376,-1.64062,-0.998796,-1.37813
1.05235,-1.37813,-1.00815,-1.37813
1.08286,-1.59688,-1.00092,-1.4
1.08517,-1.55313,-1.01521,-1.35625
1.08544,-1.61875,-0.995483,-1.50937
1.10519,-1.64062,-1.00512,-1.29062
1.0415,-1.64062,-1.00575,-1.3125
1.02462,-1.64062,-1.0026,-1.3125
1.05977,-1.61875,-1.0041,-1.11563
1.06034,-1.6625,-1.00355,-1.26875
1.09143,-1.59688,-1.00709,-1.42188
1.04635,-1.68437,-1.00685,-1.29062
1.04661,-1.50937,-1.0066,-1.42188
1.03148,-1.46562,-1.02148,-1.33438
0.985229,-1.55313,-1.01105,-1.33438
1.00324,-1.4875,-1.01633,-1.35625
1.00263,-1.33438,-1.02044,-1.50937
1.02035,-1.3125,-1.0199,-1.33438
0.985151,-1.35625,-1.02518,-1.33438
1.00199,-1.46562,-1.0261,-1.29062
0.954293,-1.33438,-1.02847,-1.33438
0.933627,-1.37813,-1.02647,-1.24687
0.931577,-1.26875,-1.03059,-1.3125
0.929227,-1.3125,-1.02365,-1.29062
0.945493,-1.46562,-1.01061,-1.4
0.972217,-1.42188,-1.00077,-1.3125
0.953295,-1.29062,-1.00749,-1.24687
0.95299,-1.4,-0.99969,-1.33438
0.968084,-1.3125,-0.978221,-1.35625
0.937832,-1.44375,-0.981184,-1.4
0.964556,-1.44375,-0.955655,-1.37813
0.998267,-1.44375,-0.946688,-1.42188
0.945329,-1.53125,-0.927264,-1.50937
0.945023,-1.42188,-0.916853,-1.44375
0.96129,-1.50937,-0.907896,-1.46562
0.960684,-1.50937,-0.88411,-1.44375
1.02521,-1.53125,-0.873399,-1.44375
0.97809,-1.575,-0.844962,-1.37813
0.977784,-1.55313,-0.841529,-1.29062
0.959734,-1.4875,-0.816581,-1.26875
1.02426,-1.59688,-0.800646,-1.35625
1.12513,-1.46562,-0.793133,-1.29062
1.02597,-1.61875,-0.781268,-1.29062
1.04455,-1.59688,-0.774927,-1.225
0.981156,-1.37813,-0.792418,-1.4
1.0105,-1.33438,-0.799451,-1.18125
1.01194,-1.18125,-0.779446,-1.09375
1.00057,-0.940625,-0.809738,-1.1375
1.00114,-1.50937,-0.80397,-1.11563
0.965645,-1.59688,-0.82961,-1.11563
0.96504,-0.984375,-0.82327,-1.09375
0.946417,-1.44375,-0.838725,-1.11563
0.915866,-0.83125,-0.854771,-1.3125
0.897243,-1.29062,-0.880984,-1.1375
0.83093,-1.29062,-0.878423,-1.15938
0.846325,-1.15938,-0.896796,-1.15938
0.807341,-0.853125,-0.899168,-0.7875
0.83988,-1.1375,-0.903584,-1.07187
0.83783,-1.33438,-0.925727,-1.20312
0.797975,-1.42188,-0.919386,-1.18125
0.812197,-1.24687,-0.936877,-1.225
0.761012,-1.18125,-0.941294,-1.4
0.785991,-1.11563,-0.93786,-1.24687
0.717362,-1.37813,-0.941105,-1.26875
0.747284,-1.00625,-0.947557,-1.225
0.760634,-1.20312,-0.943823,-1.26875
0.755095,-1.09375,-0.950857,-1.225
0.76263,-1.09375,-0.946251,-1.26875
0.727717,-0.9625,-0.948623,-0.91875
0.705606,-1.02812,-0.941701,-1.24687
0.670693,-1.18125,-0.947562,-1.3125
0.711373,-1.1375,-0.941512,-1.225
0.659016,-1.1375,-0.943012,-1.29062
0.730814,-1.09375,-0.934346,-1.3125
0.696773,-1.09375,-0.943986,-1.29062
0.756641,-0.940625,-0.94287,-1.29062
0.688884,-1.07187,-0.939146,-1.29062
0.68479,-1.07187,-0.929307,-1.26875
0.662379,-1.02812,-0.92819,-1.3125
0.675729,-0.7875,-0.923884,-1.46562
0.701008,-0.875,-0.916371,-1.3125
0.71523,-1.05,-0.917871,-1.29062
0.712008,-1.15938,-0.91531,-1.29062
0.72623,-1.18125,-0.922916,-1.26875
0.686375,-0.83125,-0.911914,-1.26875
0.683453,-0.91875,-0.915459,-1.225
0.714247,-0.91875,-0.91347,-1.26875
0.711897,-0.678125,-0.917586,-1.225
0.690358,-1.24687,-0.923447,-1.225
0.70458,-0.91875,-0.921159,-1.225
0.70223,-0.896875,-0.924103,-1.24687
0.717325,-0.7875,-0.934616,-1.29062
0.744049,-1.05,-0.944538,-1.11563
0.712625,-1.02812,-0.945738,-1.3125
0.709403,-0.83125,-0.957696,-1.24687
0.70618,-1.07187,-0.962384,-1.20312
0.667197,-1.07187,-0.967364,-1.24687
0.698864,-0.91875,-0.978459,-1.37813
0.708143,-1.11563,-0.983438,-1.26875
0.740682,-0.984375,-0.992779,-1.24687
0.701699,-1.15938,-1.00096,-1.3125
0.686847,-1.07187,-1.00332,-1.29062
0.696127,-1.09375,-1.00278,-1.42188
0.712093,-0.9625,-1.01648,-1.29062
0.710616,-1.29062,-1.01099,-1.29062
0.726582,-1.11563,-1.01859,-1.35625
0.724232,-1.18125,-1.01891,-1.37813
0.769273,-1.18125,-0.999762,-1.4
0.749479,-1.20312,-1.00125,-1.42188
0.736371,-1.15938,-0.99722,-1.44375
0.781412,-1.4,-0.995221,-1.37813
0.80988,-1.24687,-0.97607,-1.4
0.810147,-1.15938,-0.976688,-1.4
0.809541,-1.24687,-0.972655,-1.35625
0.844697,-0.7,-0.958736,-1.15938
0.828391,-0.984375,-0.951214,-1.26875
0.877493,-1.37813,-0.947471,-1.29062
0.879504,-1.42188,-0.934425,-1.29062
0.851569,-1.44375,-0.927775,-1.26875
0.899227,-1.44375,-0.937988,-1.26875
0.901238,-1.50937,-0.912731,-1.26875
0.903249,-1.44375,-0.913059,-1.20312
0.952651,-1.46562,-0.898268,-1.29062
0.955534,-1.50937,-0.886957,-1.3125
0.956673,-1.50937,-0.877399,-1.24687
0.947627,-1.575,-0.863771,-1.20312
0.963012,-1.50937,-0.846946,-1.42188
1.00253,-1.4,-0.848146,-1.24687
0.97314,-1.55313,-0.840623,-1.26875
0.976895,-1.61875,-0.823497,-1.3125
0.979779,-0.9625,-0.819464,-1.225
1.0472,-1.50937,-0.823862,-1.24687
1.02101,-1.575,-0.822446,-1.24687
1.04221,-1.575,-0.823355,-1.20312
1.05759,-1.55313,-0.827744,-1.15938
1.03227,-1.55313,-0.836794,-1.15938
1.01828,-1.4875,-0.836249,-1.26875
1.03861,-1.42188,-0.84152,-1.26875
1.00661,-1.24687,-0.861027,-1.1375
1.02955,-1.29062,-0.873566,-1.18125
0.951027,-1.42188,-0.879999,-1.18125
0.951866,-1.37813,-0.896018,-1.15938
1.01784,-1.37813,-0.900707,-1.15938
0.943386,-1.4875,-0.916153,-1.02812
0.943653,-1.44375,-0.937405,-1.18125
0.944491,-1.44375,-0.930755,-1.18125
0.94563,-1.4875,-0.945901,-1.18125
0.946769,-1.44375,-0.961347,-1.29062
0.912147,-1.44375,-0.964292,-1.15938
0.893797,-1.46562,-0.968681,-1.225
0.913253,-1.29062,-0.977149,-1.29062
0.961782,-1.3125,-0.987934,-1.225
0.898958,-1.44375,-0.974307,-1.20312
0.886423,-1.4875,-0.977823,-1.15938
0.868373,-1.44375,-0.967684,-1.26875
0.886084,-1.4875,-0.971201,-1.24687
0.896808,-1.44375,-0.955829,-1.24687
0.949408,-1.35625,-0.959346,-1.37813
0.93223,-1.4,-0.964325,-1.46562
0.933069,-1.44375,-0.956503,-1.26875
0.886817,-1.4875,-0.953042,-1.26875
0.897841,-1.4,-0.947555,-0.9625
0.916997,-1.225,-0.951944,-1.3125
0.954769,-1.15938,-0.946457,-1.225
0.969282,-1.35625,-0.937762,-1.26875
1.00588,-1.46562,-0.931684,-1.225
1.02534,-1.53125,-0.914277,-1.24687
1.02735,-1.61875,-0.916049,-1.24687
0.976727,-1.53125,-0.901549,-1.29062
1.01275,-1.53125,-0.889075,-1.3125
1.01477,-1.44375,-0.882997,-1.35625
1.03392,-1.55313,-0.881871,-1.33438
0.982727,-1.59688,-0.87027,-1.33438
1.0202,-1.55313,-0.847329,-1.24687
1.05128,-1.33438,-0.837471,-1.50937
1.02771,-1.44375,-0.821809,-1.35625
1.03029,-1.575,-0.809625,-1.35625
1.09801,-1.50937,-0.799768,-1.29062
1.06571,-1.59688,-0.78177,-1.24687
1.06859,-1.575,-0.76349,-1.29062
1.08862,-1.4,-0.781253,-1.20312
1.04411,-1.53125,-0.757149,-1.225
1.11183,-1.4,-0.751653,-1.24687
1.07865,-1.53125,-0.754879,-1.15938
1.0167,-1.4875,-0.770034,-1.11563
1.07074,-1.42188,-0.755816,-1.05
1.03699,-1.37813,-0.777068,-1.1375
1.02213,-1.18125,-0.786399,-1.09375
0.994197,-1.50937,-0.787299,-1.09375
0.946773,-1.4875,-0.803899,-1.07187
0.976114,-1.4875,-0.814984,-1.02812
0.911545,-1.44375,-0.835073,-1.09375
0.92634,-1.4,-0.835973,-1.05
0.889973,-1.4,-0.848503,-1.07187
0.90564,-1.44375,-0.865975,-1.07187
0.886717,-1.4,-0.865131,-1.1375
0.807603,-1.42188,-0.875044,-1.09375
0.816882,-1.33438,-0.885538,-1.225
0.784286,-1.33438,-0.889927,-1.225
0.781936,-1.3125,-0.898968,-1.1375
0.82406,-1.02812,-0.898123,-1.18125
0.792636,-1.29062,-0.903384,-1.1375
0.788241,-1.26875,-0.901668,-1.225
0.720756,-1.24687,-0.904312,-1.24687
0.71579,-1.20312,-0.901723,-1.29062
0.775358,-1.15938,-0.902914,-1.20312
0.736375,-1.1375,-0.90207,-1.20312
0.73198,-1.26875,-0.888723,-1.33438
0.711314,-1.37813,-0.90387,-1.26875
0.723491,-1.29062,-0.886162,-1.3125
0.737714,-0.9625,-0.887062,-1.18125
0.752508,-1.11563,-0.882729,-1.33438
0.732714,-1.1375,-0.881594,-1.1375
0.776582,-0.7,-0.882494,-1.24687
0.708225,-1.15938,-0.859553,-1.18125
0.752393,-0.91875,-0.86307,-1.225
0.767188,-1.26875,-0.859318,-1.225
0.764838,-0.984375,-0.870675,-1.225
0.733114,-1.225,-0.852677,-1.20312
0.711275,-1.18125,-0.87422,-1.18125
0.725497,-1.05,-0.874829,-1.11563
0.687086,-0.9625,-0.881253,-1.11563
0.70218,-1.1375,-0.889131,-1.15938
0.698658,-0.853125,-0.894964,-1.05
0.71258,-1.35625,-0.904877,-1.29062
0.738432,-0.984375,-0.905777,-1.1375
0.689264,-1.18125,-0.922668,-1.1375
0.667725,-1.18125,-0.934034,-1.11563
0.699091,-1.20312,-0.932018,-1.11563
0.707199,-1.24687,-0.949199,-1.15938
0.703977,-1.20312,-0.950099,-1.15938
0.670508,-1.24687,-0.965246,-1.09375
0.666986,-1.18125,-0.97137,-1.15938
0.69371,-1.00625,-0.973142,-1.225
0.708504,-1.05,-0.98131,-1.225
0.687538,-0.896875,-0.980457,-1.4
0.720949,-1.11563,-0.976123,-1.29062
0.700854,-1.09375,-0.982547,-1.3125
0.698204,-0.590625,-0.973553,-1.3125
0.761562,-0.896875,-0.976488,-1.26875
0.744956,-1.24687,-0.957327,-1.3125
0.778067,-1.225,-0.952694,-1.29062
0.794906,-1.00625,-0.94051,-1.3125
0.794873,-1.29062,-0.93356,-1.3125
0.759951,-0.984375,-0.909447,-1.33438
0.825625,-1.11563,-0.901625,-1.33438
0.825891,-1.18125,-0.881001,-1.3125
0.82673,-1.3125,-0.870271,-1.24687
0.845014,-1.3125,-0.85866,-1.24687
0.874354,-1.02812,-0.854327,-1.26875
0.876938,-1.24687,-0.857544,-1.35625
0.879521,-1.18125,-0.852338,-1.33438
0.88036,-1.26875,-0.843353,-1.26875
0.883243,-1.07187,-0.834359,-1.18125
0.884954,-1.35625,-0.836703,-1.26875
0.88841,-0.875,-0.817251,-1.15938
0.90931,-1.46562,-0.826573,-1.15938
0.93051,-1.20312,-0.820496,-1.225
0.914777,-1.29062,-0.81906,-1.05
0.935677,-1.53125,-0.812983,-1.24687
0.873425,-1.26875,-0.815627,-1.11563
0.903638,-1.44375,-0.803453,-1.225
0.857086,-1.37813,-0.797957,-1.225
0.893686,-1.4,-0.806125,-1.20312
0.907027,-1.3125,-0.803546,-1.11563
0.910782,-1.20312,-0.798049,-1.20312
0.882547,-1.35625,-0.814368,-1.20312
0.899958,-1.29062,-0.814396,-1.15938
0.800201,-1.15938,-0.812679,-1.07187
0.819656,-1.1375,-0.81446,-1.11563
0.86963,-1.26875,-0.826118,-1.07187
0.840523,-1.3125,-0.827018,-1.07187
0.804729,-1.26875,-0.827927,-1.09375
0.803251,-1.24687,-0.830571,-1.09375
0.773271,-1.24687,-0.828855,-1.24687
0.754921,-1.05,-0.831499,-1.09375
0.77146,-1.3125,-0.838805,-1.15938
0.769682,-1.07187,-0.840577,-1.18125
0.780706,-1.225,-0.843221,-1.09375
0.748982,-0.984375,-0.852262,-1.1375
0.776279,-1.29062,-0.833983,-1.18125
0.744554,-1.33438,-0.860468,-1.15938
0.759349,-1.3125,-0.857879,-1.1375
0.692736,-1.26875,-0.859651,-1.18125
0.718588,-1.20312,-0.85619,-1.05
0.697621,-1.20312,-0.860007,-1.29062
0.72986,-0.91875,-0.856546,-1.1375
0.71151,-1.05,-0.856283,-1.15938
0.691416,-1.1375,-0.858055,-1.35625
0.741099,-1.07187,-0.855466,-1.18125
0.657041,-1.05,-0.852877,-1.1375
0.70121,-1.00625,-0.859883,-1.15938
0.697688,-0.6125,-0.851488,-1.29062
0.714227,-0.9625,-0.858494,-1.24687
0.714193,-0.678125,-0.850381,-1.18125
0.696716,-0.875,-0.861166,-1.18125
0.68011,-0.91875,-0.858286,-1.225
0.697521,-0.984375,-0.873433,-1.09375
0.716677,-0.940625,-0.87346,-1.15938
0.698627,-1.02812,-0.869709,-1.15938
0.695977,-1.02812,-0.891833,-1.15938
0.739845,-1.07187,-0.890116,-1.1375
0.725566,-1.11563,-0.895377,-1.1375
0.770306,-1.1375,-0.898021,-1.11563
0.687121,-1.225,-0.922181,-1.15938
0.73099,-1.11563,-0.921336,-1.1375
0.729212,-1.1375,-0.932121,-1.26875
0.699232,-1.18125,-0.943488,-1.37813
0.744845,-1.18125,-0.943807,-1.225
0.778829,-1.11563,-0.960397,-1.1375
0.777051,-1.225,-0.966821,-1.225
0.741256,-1.225,-0.975862,-1.20312
0.786869,-1.09375,-0.991009,-1.20312
0.722873,-1.26875,-0.999177,-1.24687
0.774301,-1.24687,-0.998623,-1.1375
0.803341,-1.11563,-0.989057,-1.20312
0.823369,-1.1375,-1.00449,-1.26875
0.871599,-0.875,-0.99201,-1.29062
0.826791,-1.20312,-0.980699,-1.3125
0.910782,-1.15938,-0.981599,-1.33438
0.914238,-1.44375,-0.956333,-1.33438
0.928451,-1.24687,-0.942986,-1.575
0.935395,-1.42188,-0.924697,-1.42188
0.955423,-0.853125,-0.905818,-1.4
1.00889,-1.33438,-0.890146,-1.53125
1.05072,-1.37813,-0.866914,-1.61875
1.02365,-1.42188,-0.839612,-1.4
1.00413,-0.984375,-0.810847,-1.37813
0.993634,-0.91875,-0.78936,-1.35625
1.0346,-1.29062,-0.765257,-1.33438
1.04968,-1.61875,-0.765284,-1.24687
1.05401,-1.44375,-0.763849,-1.24687
1.05834,-1.55313,-0.763586,-1.225
1.07924,-1.575,-0.762451,-1.225
1.03617,-1.55313,-0.769457,-1.05
1.03876,-1.4875,-0.780523,-1.18125
1.02477,-1.3125,-0.78404,-1.1375
0.998277,-1.3125,-0.792499,-1.3125
0.999988,-1.33438,-0.809962,-1.09375
1.01507,-1.3125,-0.820457,-1.11563
0.98771,-1.3125,-0.837629,-0.7875
0.889397,-1.29062,-0.857136,-1.07187
0.889364,-1.29062,-0.854547,-1.05
0.876829,-1.3125,-0.875499,-1.09375
0.841034,-1.35625,-0.88861,-1.09375
0.856701,-1.29062,-0.890955,-1.1375
0.838351,-1.35625,-0.898833,-1.05
0.835701,-1.33438,-0.90264,-1.18125
0.805721,-1.29062,-0.919231,-1.18125
0.768182,-1.24687,-0.92362,-1.18125
0.781804,-1.26875,-0.925964,-1.1375
0.744266,-1.18125,-0.928609,-1.11563
0.776504,-1.09375,-0.927755,-1.24687
0.738966,-1.05,-0.940284,-0.83125
0.736316,-1.1375,-0.933616,-1.225
0.720291,-1.09375,-0.93219,-1.26875
0.746716,-0.7,-0.937151,-1.37813
0.714691,-1.09375,-0.913338,-1.24687
0.724543,-0.984375,-0.921207,-1.3125
0.694564,-0.853125,-0.900583,-1.225
0.758493,-0.875,-0.898866,-1.18125
0.721827,-1.18125,-0.893942,-1.24687
0.737493,-1.09375,-0.885247,-1.24687
0.771177,-0.6125,-0.888464,-1.225
0.752827,-1.00625,-0.900694,-1.26875
0.780995,-1.05,-0.881242,-1.24687
0.76846,-1.02812,-0.87719,-1.3125
0.797501,-1.33438,-0.885931,-1.225
0.796295,-1.26875,-0.887703,-1.24687
0.777073,-1.26875,-0.881907,-1.225
0.828501,-1.3125,-0.886286,-1.24687
0.827595,-1.00625,-0.887186,-1.225
0.828434,-1.18125,-0.89302,-1.20312
0.828973,-1.09375,-0.894492,-1.225
0.829812,-1.15938,-0.911083,-1.18125
0.812334,-1.09375,-0.92244,-1.20312
0.829745,-1.44375,-0.921868,-1.225
0.841041,-1.20312,-0.916644,-1.26875
0.841008,-1.35625,-0.922168,-1.26875
0.857547,-1.37813,-0.93497,-1.26875
0.857514,-1.35625,-0.932653,-1.26875
0.858053,-1.4,-0.941966,-1.225
0.892036,-1.3125,-0.941094,-1.24687
0.893747,-0.984375,-0.93616,-1.37813
0.910577,-1.20312,-0.932971,-1.26875
0.848897,-1.29062,-0.932099,-1.24687
0.966904,-1.1375,-0.941412,-1.26875
0.981117,-1.4875,-0.928629,-1.225
0.918866,-1.46562,-0.932418,-1.20312
0.907775,-1.33438,-0.926312,-0.984375
0.921116,-1.26875,-0.923414,-1.4
0.921954,-1.4,-0.920797,-1.33438
0.976871,-1.33438,-0.915864,-1.35625
0.989912,-1.26875,-0.90657,-1.20312
0.929404,-1.35625,-0.900464,-0.940625
0.985193,-1.26875,-0.886518,-1.225
0.95346,-1.33438,-0.883029,-1.11563
1.02001,-1.37813,-0.872862,-1.20312
1.00427,-1.37813,-0.854555,-1.225
0.995227,-1.37813,-0.843797,-1.225
0.978321,-1.4875,-0.822873,-1.225
0.946016,-1.46562,-0.808627,-1.18125
0.964299,-1.53125,-0.81416,-1.20312
0.983154,-1.50937,-0.80602,-1.20312
0.968293,-1.37813,-0.801959,-1.15938
0.988321,-0.9625,-0.789166,-1.42188
0.97316,-1.33438,-0.790338,-1.20312
0.958299,-1.64062,-0.788594,-1.15938
0.96001,-1.29062,-0.779881,-1.20312
0.950091,-1.15938,-0.795581,-1.11563
0.96226,-1.50937,-0.782207,-1.11563
0.886634,-1.4875,-0.797334,-0.984375
0.897358,-1.29062,-0.787449,-1.225
0.867079,-1.4,-0.816242,-1.29062
0.831284,-1.29062,-0.81159,-1.20312
0.864395,-1.11563,-0.815951,-1.18125
0.828301,-0.809375,-0.828753,-1.11563
0.814893,-1.29062,-0.837475,-1.05
0.777354,-1.20312,-0.849686,-1.05
0.756088,-1.20312,-0.843009,-1.05
0.724364,-1.05,-0.854347,-1.15938
0.685953,-1.18125,-0.862488,-1.24687
0.746093,-0.940625,-0.862788,-1.02812
0.732686,-1.26875,-0.864533,-1.11563
0.757066,-1.20312,-0.867149,-1.15938
0.670391,-1.225,-0.870938,-1.18125
0.682569,-1.15938,-0.869194,-1.24687
0.661303,-1.00625,-0.871229,-1.11563
0.646151,-1.09375,-0.862216,-1.02812
0.65513,-0.875,-0.860471,-1.29062
0.637934,-0.984375,-0.855538,-1.15938
0.662614,-1.05,-0.855538,-1.225
0.657347,-1.05,-0.854666,-1.24687
0.623579,-0.546875,-0.843036,-1.15938
0.629941,-0.875,-0.835186,-1.18125
0.596173,-1.02812,-0.834323,-1.26875
0.609223,-1.02812,-0.843336,-1.18125
0.586512,-0.83125,-0.833151,-1.18125
0.612636,-0.83125,-0.835468,-1.18125
0.58004,-0.984375,-0.838657,-0.875
0.574773,-0.9625,-0.83574,-1.1375
0.59828,-0.48125,-0.829916,-1.1375
0.593014,-0.896875,-0.847351,-1.11563
0.576117,-0.896875,-0.844434,-1.15938
0.553106,-0.896875,-0.849368,-1.15938
0.565284,-0.853125,-0.84964,-1.11563
0.508556,-0.9625,-0.863586,-1.11563
0.566953,-0.875,-0.858925,-1.20312
0.550929,-0.896875,-0.86037,-1.11563
0.546234,-0.65625,-0.860942,-0.678125
0.570914,-0.853125,-0.864703,-1.225
0.537445,-0.74375,-0.870799,-1.11563
0.54438,-0.65625,-0.87486,-1.1375
0.528356,-0.65625,-0.877177,-1.05
0.535591,-0.765625,-0.890251,-1.1375
0.565786,-0.853125,-0.887034,-1.1375
0.544819,-0.853125,-0.889351,-1.18125
0.558741,-0.875,-0.898064,-1.20312
0.554047,-0.853125,-0.905605,-1.18125
0.568841,-0.896875,-0.906177,-1.20312
0.594093,-0.678125,-0.900644,-1.33438
0.638834,-0.809375,-0.908184,-1.11563
0.589666,-0.678125,-0.91777,-1.225
0.622477,-0.9625,-0.912236,-1.20312
0.631456,-0.940625,-0.905531,-1.18125
0.629679,-1.02812,-0.899997,-1.24687
0.645045,-1.07187,-0.906094,-1.18125
0.645012,-1.00625,-0.90026,-1.18125
0.690325,-1.09375,-0.903449,-1.18125
0.689419,-1.09375,-0.889766,-1.15938
0.689386,-1.1375,-0.885105,-1.225
0.689053,-0.984375,-0.891783,-1.15938
0.707336,-1.00625,-0.88246,-1.18125
0.725619,-1.26875,-0.885068,-1.18125
0.755232,-1.20312,-0.882723,-1.20312
0.808404,-1.26875,-0.885912,-1.20312
0.792371,-1.29062,-0.87659,-1.26875
0.759193,-1.33438,-0.871929,-1.29062
0.82574,-1.26875,-0.85999,-1.33438
0.828023,-1.225,-0.861434,-1.26875
0.848051,-1.15938,-0.846588,-1.24687
0.867779,-1.33438,-0.832914,-1.29062
0.85379,-1.3125,-0.833186,-1.33438
0.892134,-1.3125,-0.814279,-1.225
0.877845,-1.1375,-0.795944,-1.225
0.846412,-1.35625,-0.800005,-1.225
0.903073,-1.26875,-0.783414,-1.225
0.889656,-1.33438,-0.778162,-1.18125
0.874795,-1.35625,-0.77321,-1.20312
0.877079,-1.35625,-0.770866,-1.18125
0.862217,-1.44375,-0.767359,-1.20312
0.854916,-1.1375,-0.780142,-1.15938
0.906334,-1.07187,-0.796405,-1.02812
0.848443,-0.875,-0.788546,-1.1375
0.852471,-1.07187,-0.816438,-1.05
0.83761,-1.18125,-0.80479,-1.11563
0.841066,-0.896875,-0.826286,-1.02812
0.797703,-1.09375,-0.832964,-1.09375
0.766269,-1.00625,-0.845738,-0.9625
0.756051,-1.00625,-0.864046,-0.678125
0.742062,-0.984375,-0.862573,-1.07187
0.808608,-1.00625,-0.877101,-1.15938
0.728612,-0.940625,-0.892492,-1.20312
0.710262,-1.07187,-0.886959,-1.1375
0.695682,-1.02812,-0.884914,-1.225
0.693032,-1.07187,-0.888966,-1.18125
0.736601,-1.05,-0.894771,-1.18125
0.67086,-1.02812,-0.898823,-1.15938
0.650766,-1.05,-0.895034,-1.18125
0.694334,-1.09375,-0.876127,-1.20312
0.680054,-1.09375,-0.888901,-1.18125
0.689606,-0.875,-0.877844,-1.18125
0.675327,-1.09375,-0.881896,-1.18125
0.672377,-1.15938,-0.87171,-1.15938
0.618266,-1.11563,-0.857736,-1.1375
0.680451,-1.02812,-0.858599,-1.18125
0.648427,-1.09375,-0.860616,-1.18125
0.728929,-1.09375,-0.85421,-1.15938
0.710279,-1.11563,-0.862333,-1.15938
0.725945,-1.09375,-0.850403,-1.18125
0.671534,-1.15938,-0.840209,-1.15938
0.657254,-0.9625,-0.836992,-1.15938
0.656349,-1.15938,-0.845414,-1.15938
0.684217,-0.875,-0.844814,-1.1375
0.718201,-0.9625,-0.844514,-1.1375
0.728625,-0.984375,-0.854671,-1.1375
0.728591,-1.15938,-0.845349,-1.15938
0.716629,-1.09375,-0.845049,-1.15938
0.728225,-1.09375,-0.859568,-1.1375
0.76278,-1.1375,-0.858968,-1.1375
0.727858,-1.18125,-0.872914,-1.1375
0.79266,-1.18125,-0.85894,-1.15938
0.728364,-1.09375,-0.876075,-1.1375
0.781536,-1.18125,-0.878392,-1.09375
0.794577,-1.24687,-0.878083,-1.1375
0.830304,-1.225,-0.873994,-1.18125
0.815143,-1.35625,-0.88416,-1.20312
0.836916,-1.29062,-0.877455,-1.09375
0.841816,-0.765625,-0.869005,-1.09375
0.811254,-1.44375,-0.876546,-1.11563
0.866171,-1.11563,-0.87014,-1.24687
0.882701,-1.24687,-0.874773,-1.1375
0.921045,-1.29062,-0.863707,-1.20312
0.940773,-1.3125,-0.863979,-1.15938
0.891895,-1.33438,-0.865123,-1.15938
0.929067,-0.91875,-0.868603,-0.940625
0.915951,-1.24687,-0.872364,-1.1375
0.965625,-1.20312,-0.872636,-1.1375
0.940006,-1.33438,-0.859825,-1.18125
0.944906,-1.3125,-0.854864,-1.24687
0.969295,-1.35625,-0.848159,-1.15938
1.00182,-1.37813,-0.838546,-1.1375
1.00585,-1.42188,-0.817894,-1.15938
0.992736,-1.33438,-0.809153,-1.29062
0.998508,-1.53125,-0.798959,-1.26875
0.972017,-1.35625,-0.78324,-1.20312
0.960345,-1.37813,-0.77886,-1.26875
1.01294,-1.53125,-0.772736,-1.26875
0.986145,-1.4875,-0.763414,-1.24687
0.954712,-1.55313,-0.761651,-1.24687
1.0102,-1.18125,-0.762796,-1.225
0.959579,-1.35625,-0.76016,-1.11563
0.967395,-1.46562,-0.764494,-1.07187
0.942349,-1.26875,-0.763594,-1.18125
0.92836,-1.44375,-0.775205,-1.15938
0.949832,-1.225,-0.774014,-1.00625
0.937588,-1.55313,-0.780092,-0.984375
0.921854,-1.18125,-0.792566,-1.18125
0.895064,-1.24687,-0.80126,-1.11563
0.852001,-1.1375,-0.811127,-1.05
0.853412,-1.18125,-0.809355,-1.225
0.855995,-1.05,-0.81834,-1.05
0.838517,-0.74375,-0.818312,-1.3125
0.821612,-1.20312,-0.823518,-1.07187
0.792504,-1.1375,-0.826979,-1.00625
0.773854,-0.984375,-0.84207,-1.09375
0.756377,-1.07187,-0.824307,-0.7
0.801117,-1.20312,-0.826323,-1.15938
0.78741,-1.02812,-0.829203,-1.1375
0.749871,-0.984375,-0.815801,-1.07187
0.746921,-1.05,-0.81839,-1.20312
0.716069,-1.02812,-0.80586,-1.11563
0.743366,-0.875,-0.81659,-1.29062
0.740416,-1.00625,-0.806968,-1.11563
0.738638,-1.11563,-0.799671,-1.225
0.706914,-0.984375,-0.799644,-1.11563
0.703964,-0.678125,-0.791766,-1.05
0.700441,-1.09375,-0.80046,-1.15938
0.709121,-1.02812,-0.792583,-0.721875
0.706471,-0.678125,-0.79052,-1.35625
0.673875,-1.00625,-0.793399,-1.09375
0.65348,-0.875,-0.790464,-1.07187
0.669147,-0.91875,-0.801194,-1.07187
0.685386,-0.91875,-0.804355,-0.9625
0.712682,-0.91875,-0.807234,-1.07187
0.70916,-1.05,-0.814184,-1.05
0.675391,-1.05,-0.81154,-1.1375
0.637853,-0.91875,-0.805407,-1.24687
0.652347,-0.896875,-0.817881,-1.24687
0.678771,-0.896875,-0.823086,-1.02812
0.647919,-0.853125,-0.814336,-1.09375
0.674916,-0.896875,-0.829127,-1.02812
0.691454,-0.896875,-0.825029,-1.02812
0.690549,-1.00625,-0.824129,-1.09375
0.753306,-0.9625,-0.822357,-1.20312
0.669249,-1.00625,-0.826981,-1.02812
0.721249,-1.07187,-0.82956,-1.20312
0.731973,-0.7875,-0.82052,-1.05
0.719438,-1.07187,-0.810025,-1.09375
0.764751,-1.05,-0.820755,-1.09375
0.831297,-1.09375,-0.796586,-1.07187
0.815564,-0.74375,-0.798594,-1.11563
0.786156,-1.15938,-0.781703,-1.20312
0.799497,-1.09375,-0.780803,-1.1375
0.866616,-1.1375,-0.767101,-1.26875
0.82268,-1.15938,-0.751373,-1.1375
0.82788,-1.18125,-0.751346,-1.11563
0.876682,-1.05,-0.736771,-1.15938
0.915899,-1.15938,-0.732092,-1.15938
0.949301,-1.18125,-0.723051,-1.15938
0.971645,-1.225,-0.724168,-1.11563
0.894566,-1.15938,-0.722668,-1.1375
0.834058,-1.20312,-0.727273,-1.00625
0.919793,-1.225,-0.719677,-1.02812
0.940393,-1.42188,-0.720794,-1.02812
0.907216,-1.46562,-0.728888,-0.9625
0.908054,-1.24687,-0.732621,-1.02812
0.910638,-0.896875,-0.728805,-1.20312
0.847514,-0.940625,-0.740388,-0.940625
0.883814,-1.225,-0.73976,-0.590625
0.86808,-1.29062,-0.74611,-1.18125
0.91631,-1.15938,-0.753333,-1.02812
0.839812,-1.24687,-0.749216,-1.20312
0.842095,-1.00625,-0.760518,-1.00625
0.842934,-1.05,-0.749133,-1.11563
0.790567,-0.9625,-0.750249,-0.809375
0.77716,-1.09375,-0.755727,-0.984375
0.757938,-1.00625,-0.746377,-1.02812
0.709341,-1.11563,-0.750983,-1.00625
0.754082,-1.02812,-0.751227,-1.11563
0.704041,-0.984375,-0.746238,-1.11563
0.701391,-0.940625,-0.746483,-1.07187
0.645536,-0.940625,-0.730736,-0.984375
0.613512,-0.875,-0.736514,-1.225
0.638191,-0.896875,-0.72949,-1.11563
0.634669,-0.65625,-0.737003,-0.765625
0.619517,-0.853125,-0.717768,-1.09375
0.580234,-0.853125,-0.723246,-0.984375
0.609556,-0.6125,-0.71186,-1.225
0.551084,-0.83125,-0.728096,-1.05
0.581579,-0.940625,-0.702464,-1.02812
0.557995,-0.56875,-0.721607,-0.853125
0.470449,-0.48125,-0.722723,-1.24687
0.529145,-0.721875,-0.717144,-1.18125
0.446241,-0.721875,-0.717388,-1.07187
0.515695,-0.809375,-0.695246,-0.6125
0.445593,-0.83125,-0.716133,-1.18125
0.491788,-0.853125,-0.699223,-1.15938
0.467332,-0.678125,-0.70034,-0.984375
0.490267,-0.65625,-0.701457,-0.9625
0.407364,-0.634375,-0.702573,-1.00625
0.365464,-0.65625,-0.70369,-0.9625
0.421543,-0.56875,-0.704807,-0.896875
0.397088,-0.546875,-0.72016,-0.984375
0.407521,-0.7,-0.70674,-0.984375
0.41621,-0.546875,-0.706984,-0.896875
0.391754,-0.6125,-0.721766,-1.09375
0.366127,-0.56875,-0.730733,-1.00625
0.375688,-0.546875,-0.735038,-0.91875
0.35036,-0.74375,-0.70679,-0.9625
0.279386,-0.678125,-0.726805,-1.00625
0.352038,-0.65625,-0.734027,-0.984375
0.297636,-0.65625,-0.706651,-0.984375
0.27318,-0.590625,-0.737996,-0.984375
0.311516,-0.65625,-0.720505,-1.00625
0.257114,-0.678125,-0.72541,-1.02812
0.231786,-0.6125,-0.729144,-0.9625
0.306182,-0.4375,-0.709336,-0.940625
0.297999,-0.56875,-0.733421,-0.984375
0.261041,-0.525,-0.716231,-1.00625
0.236586,-0.6125,-0.712414,-0.940625
0.181312,-0.56875,-0.710914,-0.896875
0.284782,-0.525,-0.710586,-0.984375
0.324862,-0.590625,-0.718971,-1.00625
0.223941,-0.546875,-0.717771,-1.02812
0.198614,-0.546875,-0.733134,-0.91875
0.256438,-0.546875,-0.717688,-0.9625
0.249127,-0.525,-0.738284,-0.91875
0.25956,-0.65625,-0.73156,-0.984375
0.201088,-0.39375,-0.74169,-1.1375
0.247282,-0.39375,-0.72886,-0.9625
0.242016,-0.48125,-0.729105,-0.984375
0.247206,-0.284375,-0.727905,-1.00625
0.212866,-0.35,-0.746175,-0.984375
0.236673,-0.459375,-0.757759,-0.940625
0.183143,-0.30625,-0.742603,-0.9625
0.260156,-0.4375,-0.746336,-1.02812
0.255462,-0.328125,-0.748625,-0.9625
0.233623,-0.525,-0.747125,-0.9625
0.263245,-0.6125,-0.760744,-0.9625
0.240534,-0.525,-0.750821,-0.91875
0.264341,-0.56875,-0.761533,-0.984375
0.229701,-0.459375,-0.746377,-0.9625
0.253508,-0.48125,-0.744005,-0.9625
0.236612,-0.0875,-0.753844,-0.9625
0.243847,-0.328125,-0.747983,-0.875
0.276086,-0.590625,-0.761029,-0.91875
0.237375,-0.525,-0.754296,-1.02812
0.31526,-0.48125,-0.764425,-0.9625
0.246903,-0.525,-0.75334,-0.984375
0.259953,-0.35,-0.749223,-1.02812
0.304693,-0.196875,-0.761097,-0.765625
0.256097,-0.56875,-0.762214,-0.940625
0.30171,-0.109375,-0.769155,-1.02812
0.318249,-0.4375,-0.753409,-0.83125
0.34729,-0.415625,-0.766446,-1.18125
0.383017,-0.39375,-0.784425,-0.984375
0.368156,-0.328125,-0.777692,-1.02812
0.387012,-0.371875,-0.778527,-1.15938
0.417797,-0.328125,-0.783133,-0.9625
0.419508,-0.328125,-0.782796,-1.07187
0.439536,-0.4375,-0.785947,-1.05
0.507827,-0.809375,-0.780086,-1.05
0.49471,-0.459375,-0.770436,-0.83125
0.562129,-0.503125,-0.76602,-0.940625
0.539999,-0.6125,-0.762766,-0.9625
0.529499,-0.678125,-0.750209,-1.18125
0.663497,-0.678125,-0.74492,-0.940625
0.70533,-0.91875,-0.739921,-1.09375
0.645695,-0.940625,-0.734633,-1.1375
0.679097,-0.91875,-0.721203,-1.11563
0.66598,-0.896875,-0.727544,-1.1375
0.670308,-0.984375,-0.711497,-1.09375
0.69208,-1.09375,-0.69109,-1.11563
0.732169,-1.05,-0.67766,-1.07187
0.719925,-1.15938,-0.671499,-1.09375
0.724253,-1.11563,-0.661849,-1.07187
0.776843,-1.15938,-0.657142,-1.07187
0.735525,-1.11563,-0.634118,-1.09375
0.787243,-1.26875,-0.62941,-1.00625
0.774999,-1.07187,-0.624994,-1.00625
0.780199,-1.225,-0.637149,-1.02812
0.786271,-1.15938,-0.621975,-1.02812
0.792343,-1.225,-0.627153,-0.984375
0.81586,-1.24687,-0.626507,-1.00625
0.804488,-1.29062,-0.635464,-0.9625
0.744853,-1.24687,-0.63977,-0.9625
0.802386,-1.15938,-0.64204,-0.984375
0.753508,-1.225,-0.652742,-0.875
0.75958,-0.9625,-0.660536,-0.83125
0.704306,-0.721875,-0.668903,-0.9625
0.707762,-1.02812,-0.657509,-0.7875
0.766167,-0.7,-0.681294,-0.984375
0.771667,-1.09375,-0.678621,-1.09375
0.760295,-1.02812,-0.677403,-0.875
0.729734,-1.11563,-0.682571,-0.91875
0.702371,-1.1375,-0.687749,-0.896875
0.669193,-1.09375,-0.698451,-0.9625
0.723238,-0.853125,-0.681533,-0.896875
0.708377,-1.00625,-0.682049,-0.9625
0.691771,-0.896875,-0.694205,-0.896875
0.676038,-0.896875,-0.679321,-1.00625
0.677749,-1.00625,-0.686244,-0.91875
0.678588,-0.984375,-0.685016,-0.940625
0.679427,-1.00625,-0.679727,-0.940625
0.650619,-0.9625,-0.677327,-0.896875
0.634886,-0.896875,-0.675799,-0.896875
0.617408,-0.984375,-0.676888,-0.896875
0.68251,-1.02812,-0.665766,-0.853125
0.682477,-1.05,-0.663366,-0.875
0.619653,-0.940625,-0.689168,-0.91875
0.618747,-0.875,-0.669033,-0.91875
0.655347,-0.853125,-0.668668,-1.00625
0.621597,-1.07187,-0.679642,-0.896875
0.65558,-1.07187,-0.671718,-0.875
0.686366,-1.1375,-0.671353,-0.940625
0.675003,-1.07187,-0.666336,-0.896875
0.690088,-0.940625,-0.674403,-0.83125
0.662153,-0.503125,-0.671994,-1.00625
0.681308,-0.940625,-0.660581,-0.896875
0.665575,-0.91875,-0.666321,-0.9625
0.69666,-0.9625,-0.652583,-0.896875
0.637025,-1.11563,-0.646694,-0.853125
0.702127,-0.91875,-0.640805,-0.896875
0.721282,-1.11563,-0.63666,-0.853125
0.739866,-0.984375,-0.627864,-0.853125
0.725877,-1.15938,-0.630116,-0.875
0.709271,-1.09375,-0.624799,-0.875
0.747916,-1.05,-0.616294,-0.896875
0.749627,-1.02812,-0.613021,-0.940625
0.783329,-0.56875,-0.593759,-1.00625
0.774282,-1.05,-0.592231,-0.9625
0.781527,-0.91875,-0.570923,-0.940625
0.750966,-1.09375,-0.56736,-0.91875
0.78931,-1.02812,-0.56874,-1.00625
0.759921,-1.29062,-0.552966,-0.9625
0.813384,-0.940625,-0.54417,-0.875
0.771493,-1.05,-0.539434,-0.83125
