torque_1,torque_1_t,torque_2,torque_2_t
0.264577,0.065625,-0.470857,0.109375
0.253777,-0.175,-0.455857,-0.48125
0.243277,-0.35,-0.440857,-0.590625
0.232477,-0.2625,-0.425857,-0.546875
0.221677,-0.284375,-0.410557,-0.503125
0.211177,-0.21875,-0.395557,-0.13125
0.200377,-0.284375,-0.380557,-0.39375
0.189577,-0.2625,-0.365257,-0.153125
0.179077,-0.196875,-0.350257,-0.65625
0.168277,-0.2625,-0.335257,-0.56875
0.157477,-0.175,-0.319957,-0.7
0.146977,-0.13125,-0.304957,-0.153125
0.136177,-0.30625,-0.289657,-0.35
0.125377,-0.415625,-0.274657,-0.503125
0.114877,-0.196875,-0.259657,-0.6125
0.104077,-0.240625,-0.244357,-0.503125
0.0935767,-0.21875,-0.229357,-0.415625
0.0827767,-0.109375,-0.214057,-0.415625
0.0719767,-0.13125,-0.199057,-0.39375
0.0614767,-0.2625,-0.184057,0.021875
0.0512767,-0.13125,-0.170257,-0.546875
0.0410767,0.065625,-0.156457,-0.30625
0.0308767,0.04375,-0.142657,-0.415625
0.0206767,0.04375,-0.128857,-0.48125
0.0104767,0,-0.115057,-0.48125
0.000276667,0,-0.101257,-0.30625
-0.00992333,0.109375,-0.0874567,0.109375
-0.0198233,0,-0.0736567,-0.4375
-0.0300233,-0.109375,-0.0598567,-0.415625
-0.0402233,0.065625,-0.0460567,0.04375
-0.0504233,-0.0875,-0.0322567,-0.2625
-0.0606233,0.196875,-0.0184567,-0.459375
-0.0708233,-0.0875,-0.00465667,0.021875
-0.00455852,0.240625,0.00827111,0.065625
-0.0903511,-0.04375,0.0220711,0.065625
-0.100551,0.153125,0.0358711,0.13125
-0.110451,0.240625,0.0499711,0
-0.0732604,-0.065625,0.0628989,0.0875
-0.129979,0.04375,0.0766989,0.109375
-0.140179,0.196875,0.0904989,0.196875
-0.0913585,-0.21875,0.103427,0.021875
-0.159707,-0.0875,0.117227,0.13125
-0.168162,-0.065625,0.129582,0.175
-0.178362,-0.065625,0.143382,0.240625
-0.188262,0.284375,0.157182,0.328125
-0.19759,-0.021875,0.16951,0.240625
-0.20749,-0.021875,0.18271,0.240625
-0.216518,0.109375,0.195038,0.35
-0.149653,0.21875,0.206493,0.21875
-0.235146,0.065625,0.219693,0.21875
-0.244173,0.30625,0.242779,0.415625
-0.195053,0.35,0.273132,0.240625
-0.262229,0.2625,0.276147,0.39375
-0.271257,0.21875,0.282369,0.21875
-0.280284,0.2625,0.287719,0.35
-0.289312,0.2625,0.294523,0.328125
-0.297468,0.35,0.309758,0.196875
-0.306496,0.371875,0.318597,0.415625
-0.239931,0.35,0.323947,0.459375
-0.266403,0.328125,0.352266,0.39375
-0.333579,0.56875,0.369827,0.546875
-0.342607,0.39375,0.373432,0.371875
-0.351634,0.39375,0.38576,0.39375
-0.266753,0.39375,0.400123,0.415625
-0.368818,0.39375,0.411579,0.459375
-0.376673,0.415625,0.406171,0.525
-0.339183,0.4375,0.408904,0.48125
-0.284247,0.39375,0.43199,0.56875
-0.392127,0.4375,0.44578,0.546875
-0.337192,0.39375,0.440373,0.546875
-0.422684,0.525,0.44834,0.65625
-0.431712,0.678125,0.465319,0.525
-0.382592,0.39375,0.471541,0.678125
-0.326784,0.503125,0.476891,0.83125
-0.458796,0.39375,0.480206,0.74375
-0.391931,0.525,0.481195,0.74375
-0.477723,0.459375,0.502836,0.7875
-0.392842,0.56875,0.503553,0.74375
-0.436759,0.525,0.509203,0.6125
-0.504807,0.56875,0.514853,0.875
-0.392023,0.590625,0.516141,0.875
-0.524034,0.48125,0.527325,0.721875
-0.503988,0.65625,0.527741,0.875
-0.54209,0.83125,0.541241,0.7
-0.55229,0.678125,0.551253,0.91875
-0.532244,0.678125,0.551969,0.875
-0.570346,0.7875,0.545117,0.678125
-0.579373,0.74375,0.556291,0.678125
-0.588701,0.6125,0.557008,0.65625
-0.598601,1.02812,0.561786,0.984375
-0.514592,0.7,0.567436,0.91875
-0.540192,0.678125,0.572514,0.765625
-0.625112,0.765625,0.576129,0.7875
-0.635012,0.83125,0.582651,0.896875
-0.568447,0.83125,0.580751,0.853125
-0.577475,0.7875,0.587273,0.9625
-0.569359,0.83125,0.602817,0.91875
-0.671423,0.721875,0.608467,0.91875
-0.604859,0.83125,0.617025,0.91875
-0.596442,0.83125,0.622975,1.00625
-0.697634,0.74375,0.62688,0.875
-0.648814,0.83125,0.645914,0.984375
-0.656097,0.984375,0.648075,0.984375
-0.665125,0.896875,0.655188,1.02812
-0.731429,0.875,0.66171,0.9625
-0.727955,1.02812,0.67929,0.940625
-0.700649,0.875,0.690464,1.05
-0.63234,0.9625,0.698158,0.875
-0.652125,0.91875,0.704099,0.9625
-0.770762,1.02812,0.702199,0.83125
-0.668436,1.02812,0.708721,0.875
-0.676892,0.984375,0.727464,0.940625
-0.672246,0.984375,0.711017,0.940625
-0.72692,0.9625,0.715195,0.940625
-0.751347,0.984375,0.705417,0.984375
-0.676923,0.9625,0.706697,0.984375
-0.701651,0.940625,0.704769,0.940625
-0.785099,0.940625,0.692084,0.9625
-0.71649,0.940625,0.689003,0.91875
-0.75372,1.02812,0.682714,0.91875
-0.841238,1.05,0.67468,0.984375
-0.750242,1.09375,0.668691,0.9625
-0.745023,1.07187,0.673741,0.984375
-0.780209,0.9625,0.661347,0.9625
-0.805509,1.11563,0.654486,0.875
-0.813364,1.11563,0.652558,0.940625
-0.756684,1.07187,0.644825,0.9625
-0.855833,1.11563,0.637954,0.984375
-0.816297,1.24687,0.629921,0.809375
-0.795379,1.15938,0.616664,1.02812
-0.766601,1.07187,0.599908,0.9625
-0.791029,1.07187,0.593919,0.853125
-0.92681,1.07187,0.573384,0.984375
-0.899205,1.18125,0.573501,0.940625
-0.813151,1.20312,0.559071,0.91875
-0.836707,1.15938,0.544069,0.9625
-0.853575,1.20312,0.52179,0.91875
-0.832657,1.20312,0.512021,0.940625
-0.838768,1.15938,0.507477,0.896875
-0.909714,1.15938,0.494219,0.875
-0.916997,1.225,0.501886,0.940625
-0.905664,1.20312,0.491536,0.875
-0.866129,1.11563,0.488445,0.809375
-0.917886,1.18125,0.49554,0.7875
-0.906853,1.24687,0.485762,0.765625
-0.900462,1.225,0.492856,0.74375
-0.853368,1.225,0.499951,0.721875
-0.858607,1.20312,0.498895,0.809375
-0.882462,1.1375,0.511223,0.83125
-0.858627,1.225,0.513956,0.634375
-0.862994,1.1375,0.517553,0.765625
-0.87899,1.15938,0.523775,0.634375
-0.854283,1.07187,0.523591,0.74375
-0.83976,1.18125,0.527197,0.74375
-0.861571,1.09375,0.527314,0.7875
-0.817675,1.15938,0.526558,0.721875
-0.803153,1.15938,0.530164,0.74375
-0.806647,1.11563,0.517197,0.7875
-0.790953,1.1375,0.51993,0.765625
-0.85871,1.07187,0.50959,0.809375
-0.749107,1.09375,0.508834,0.809375
-0.769473,1.02812,0.494704,0.7875
-0.770351,1.09375,0.487843,0.7875
-0.73634,1.05,0.466445,0.765625
-0.784909,1.09375,0.462782,0.83125
-0.738396,1.05,0.466688,0.678125
-0.739273,1.05,0.471166,0.65625
-0.739579,1.05,0.474771,0.65625
-0.709638,1.02812,0.477504,0.7
-0.73959,0.984375,0.481982,0.74375
-0.722451,1.02812,0.485888,0.765625
-0.69251,1.00625,0.488621,0.83125
-0.691644,0.984375,0.473329,0.35
-0.75504,0.984375,0.49496,0.83125
-0.671894,1.11563,0.490725,0.678125
-0.641953,0.91875,0.501599,0.765625
-0.687905,0.940625,0.505204,0.74375
-0.669594,0.940625,0.485851,0.74375
-0.65041,1.00625,0.512716,0.6125
-0.638214,0.875,0.482304,0.91875
-0.683866,0.875,0.503945,0.765625
-0.682127,0.83125,0.520053,0.721875
-0.680688,0.940625,0.50854,0.7875
-0.632431,0.853125,0.508956,0.765625
-0.576614,0.940625,0.504421,0.371875
-0.627509,0.809375,0.504838,0.7875
-0.637399,0.940625,0.514549,0.765625
-0.623159,0.809375,0.518154,0.7875
-0.62142,0.9625,0.523804,0.765625
-0.555146,0.809375,0.53904,0.7875
-0.563292,0.940625,0.535677,0.74375
-0.59557,0.7875,0.540154,0.7875
-0.610703,0.91875,0.55569,0.809375
-0.572331,0.809375,0.535454,0.809375
-0.553147,0.91875,0.545466,0.809375
-0.567409,0.765625,0.557793,0.809375
-0.582242,0.74375,0.553849,0.83125
-0.59882,0.721875,0.553675,0.83125
-0.596209,0.853125,0.565721,0.83125
-0.541564,0.74375,0.582701,0.896875
-0.537781,0.809375,0.570016,0.984375
-0.551742,0.74375,0.579127,0.809375
-0.613666,0.765625,0.583877,0.896875
-0.59361,0.74375,0.584566,0.9625
-0.57907,0.65625,0.602399,0.9625
-0.559014,0.9625,0.609184,0.765625
-0.508712,0.74375,0.609582,0.853125
-0.617155,0.721875,0.614332,0.809375
-0.580527,0.765625,0.626351,0.875
-0.595933,0.7875,0.614538,0.4375
-0.577621,0.853125,0.630917,0.896875
-0.564825,0.83125,0.63306,0.875
-0.610477,0.809375,0.633449,0.940625
-0.626755,0.853125,0.657679,0.83125
-0.608144,0.896875,0.645866,0.91875
-0.607277,0.875,0.652651,0.91875
-0.636057,0.875,0.684449,0.9625
-0.653507,0.896875,0.689199,0.896875
-0.688101,0.9625,0.693377,0.940625
-0.700609,0.91875,0.697254,0.940625
-0.653796,0.940625,0.670904,1.02812
-0.636057,0.9625,0.704438,0.940625
-0.654379,0.9625,0.708616,0.9625
-0.690718,0.9625,0.713366,1.11563
-0.692468,0.984375,0.718416,1.07187
-0.740436,0.940625,0.723166,1.18125
-0.706125,0.9625,0.727343,1.05
-0.726192,0.984375,0.732966,1.05
-0.680251,0.984375,0.737143,1.1375
-0.72852,0.984375,0.741893,1.09375
-0.72997,0.940625,0.746943,1.00625
-0.77881,1.02812,0.752866,1.05
-0.734914,0.984375,0.758488,1.24687
-0.782883,0.896875,0.763538,1.18125
-0.756431,1.02812,0.76916,1.07187
-0.722992,1.02812,0.773338,1.1375
-0.743631,1.20312,0.780132,0.896875
-0.745381,1.02812,0.784882,1.1375
-0.847427,1.02812,0.791677,1.1375
-0.798588,1.18125,0.798471,1.18125
-0.80091,1.02812,0.804093,1.15938
-0.756714,1.11563,0.810016,1.225
-0.775909,1.05,0.815066,1.15938
-0.796547,1.18125,0.820988,1.18125
-0.79917,1.02812,0.82661,1.18125
-0.784047,1.29062,0.832532,1.20312
-0.803814,1.11563,0.838454,1.18125
-0.818066,1.11563,0.844377,1.09375
-0.791314,1.15938,0.852034,1.18125
-0.77532,0.9625,0.854177,1.225
-0.795386,1.09375,0.860099,1.20312
-0.761947,1.15938,0.865149,1.05
-0.817775,1.05,0.871071,1.225
-0.849171,1.20312,0.876993,1.225
-0.804103,1.11563,0.881743,1.18125
-0.805853,1.15938,0.886793,1.225
-0.742468,1.05,0.890099,1.225
-0.790436,1.02812,0.895149,1.225
-0.76224,1.09375,0.899327,1.225
-0.793636,1.09375,0.905249,1.33438
-0.766312,1.05,0.916695,1.3125
-0.796836,1.07187,0.914477,1.33438
-0.769212,1.11563,0.919527,1.42188
-0.78172,1.09375,0.923704,0.83125
-0.799742,1.05,0.927582,1.33438
-0.736357,1.05,0.93176,1.3125
-0.772996,1.02812,0.93681,1.4
-0.773573,1.02812,0.940988,1.3125
-0.756707,0.984375,0.945166,1.29062
-0.757584,1.02812,0.949343,1.44375
-0.758162,1.02812,0.953521,1.4875
-0.741296,0.9625,0.957999,1.35625
-0.758746,1.02812,0.961304,1.46562
-0.741879,1.02812,0.965482,1.4875
-0.723268,1.05,0.967916,1.3125
-0.723273,1.05,0.971221,1.53125
-0.740423,0.721875,0.974527,1.33438
-0.740429,1.07187,0.977832,1.33438
-0.756707,1.15938,0.980266,1.4
-0.774729,0.9625,0.984443,0.984375
-0.738973,1.09375,0.986877,1.29062
-0.738679,1.05,0.990182,1.42188
-0.735768,1.05,0.991171,1.4
-0.736646,1.07187,0.995349,1.37813
-0.718034,1.07187,0.997782,1.53125
-0.735184,1.05,1.00109,1.42188
-0.753507,0.984375,1.00527,1.42188
-0.735768,1.07187,1.00857,1.37813
-0.770362,1.02812,1.01218,1.4875
-0.718034,1.05,1.01548,1.42188
-0.71774,1.02812,1.01879,1.44375
-0.752334,1.02812,1.02209,1.44375
-0.753212,1.02812,1.02657,1.53125
-0.736346,1.02812,1.03075,1.4875
-0.753496,1.05,1.03405,1.575
-0.783447,1.05,1.03766,1.55313
-0.754951,1.02812,1.04184,1.4875
-0.755529,1.02812,1.04602,1.42188
-0.772979,1.07187,1.04932,1.46562
-0.773557,0.940625,1.0535,1.4875
-0.774707,1.09375,1.05738,1.42188
-0.775284,1.11563,1.07928,1.59688
-0.788364,0.9625,1.06513,1.53125
-0.742423,1.11563,1.06901,1.4875
-0.761018,1.1375,1.07346,1.26875
-0.79067,1.11563,1.07647,1.4875
-0.809564,1.11563,1.08122,1.4875
-0.78194,1.1375,1.09236,1.575
-0.812464,1.09375,1.08897,1.575
-0.78454,1.26875,1.09372,1.4875
-0.830764,1.1375,1.10748,1.4875
-0.81477,1.02812,1.09886,1.72812
-0.797903,1.15938,1.10187,1.68437
-0.816497,1.11563,1.10865,1.53125
-0.817075,1.00625,1.13462,1.72812
-0.836842,1.1375,1.11902,1.53125
-0.83742,1.02812,1.11389,1.75
-0.803681,1.33438,1.1198,1.50937
-0.822575,1.18125,1.14316,1.70625
-0.859786,1.07187,1.12465,1.61875
-0.862109,1.11563,1.1294,1.61875
-0.847559,1.15938,1.16177,1.75
-0.868197,1.09375,1.1389,1.72812
-0.852203,1.225,1.16604,1.72812
-0.872842,1.1375,1.14783,1.64062
-0.875736,1.18125,1.17147,1.6625
-0.878931,1.09375,1.1582,1.37813
-0.911199,1.15938,1.16382,1.79375
-0.931838,1.29062,1.19619,1.575
-0.898971,1.24687,1.17245,1.61875
-0.901294,1.02812,1.20395,1.61875
-0.938505,1.3125,1.20812,1.59688
-0.905938,1.29062,1.212,1.90312
-0.926277,1.225,1.21966,1.61875
-0.929471,1.26875,1.20755,1.88125
-0.932666,1.26875,1.22742,1.24687
-0.953305,1.29062,1.23159,1.64062
-0.938755,1.29062,1.23896,1.64062
-0.923633,1.35625,1.2251,1.8375
-0.961716,1.44375,1.23247,1.68437
-0.994857,1.29062,1.23229,1.6625
-0.986121,1.50937,1.23529,1.3125
-0.937855,1.35625,1.2444,1.79375
-0.993383,1.24687,1.22706,1.90312
-0.96256,1.37813,1.24374,1.90312
-1.00122,1.55313,1.25285,1.50937
-1.01778,1.37813,1.27157,1.77188
-0.993077,1.33438,1.28477,1.75
-1.01546,1.33438,1.28663,1.75
-1.03146,1.4,1.28065,1.79375
-1.02389,1.42188,1.28513,1.72812
-1.05821,1.42188,1.30328,1.81563
-1.0332,1.4875,1.29177,1.79375
-1.05007,1.4875,1.30178,1.79375
-1.02506,1.46562,1.29754,1.79375
-1.04774,1.4875,1.33226,1.42188
-1.03437,1.50937,1.33499,1.99063
-1.05618,1.44375,1.32669,1.64062
-1.07187,1.4875,1.34454,1.77188
-1.06461,1.53125,1.34467,1.81563
-1.06868,1.46562,1.36252,1.50937
-1.07304,1.59688,1.3516,1.85938
-1.08961,1.46562,1.36741,1.8375
-1.11112,1.59688,1.37684,1.81563
-1.11636,1.4875,1.37143,1.81563
-1.07391,1.4,1.3736,1.88125
-1.07828,1.46562,1.39,1.8375
-1.0649,1.59688,1.37791,1.90312
-1.08758,1.46562,1.39141,1.8375
-1.0742,1.53125,1.38716,1.88125
-1.12596,1.46562,1.39281,1.88125
-1.10095,1.46562,1.39149,1.6625
-1.15184,1.50937,1.39713,1.90312
-1.10852,1.55313,1.40278,1.68437
-1.09457,1.42188,1.4,2.05625
-1.07944,1.4875,1.39954,1.6625
-1.13497,1.6625,1.40867,1.70625
-1.12189,1.44375,1.40298,1.99063
-1.12596,1.77188,1.40892,1.96875
-1.08294,1.4875,1.4262,1.88125
-1.11608,1.59688,1.42486,2.05625
-1.12044,1.575,1.42441,1.925
-1.10619,1.575,1.41697,2.05625
-1.128,1.50937,1.41768,1.79375
-1.16609,1.64062,1.40908,2.05625
-1.11725,1.8375,1.39379,1.8375
-1.13702,1.53125,1.3884,1.90312
-1.13964,1.50937,1.37573,1.88125
-1.14196,1.61875,1.3526,2.07812
-1.12771,1.50937,1.35156,1.85938
-1.14778,1.575,1.3354,1.925
-1.1501,1.64062,1.32709,1.75
-1.17017,1.6625,1.29872,1.88125
-1.13847,1.55313,1.28692,1.61875
-1.12974,1.6625,1.28468,1.70625
-1.11431,1.46562,1.2874,1.61875
-1.14658,1.68437,1.27499,1.81563
-1.16692,1.59688,1.2623,1.8375
-1.20645,1.6625,1.21587,1.88125
-1.17533,1.77188,1.17555,1.85938
-1.17765,1.4875,1.16751,1.8375
-1.1506,1.575,1.11789,1.81563
-1.11773,1.59688,1.06565,1.85938
-1.11888,1.50937,1.02562,1.81563
-1.15696,1.53125,0.977167,1.72812
-1.15899,1.55313,0.941504,1.72812
-1.14356,1.59688,0.891004,1.68437
-1.12844,1.53125,0.859412,1.575
-1.14704,1.55313,0.823167,1.59688
-1.14819,1.53125,0.820649,1.33438
-1.16678,1.50937,0.819003,0.940625
-1.17986,1.225,0.804273,1.20312
-1.16938,1.61875,0.814256,1.11563
-1.16966,1.64062,0.841093,1.11563
-1.13505,1.50937,0.844971,1.18125
-1.11818,1.59688,0.848849,1.225
-1.05362,1.46562,0.851854,1.24687
-1.04053,1.46562,0.853116,1.225
-1.07018,1.44375,0.856121,1.20312
-1.11698,1.46562,0.859999,1.225
-1.06986,1.46562,0.885391,1.20312
-1.02275,1.42188,0.865138,1.225
-1.02158,1.42188,0.867271,1.225
-1.06751,1.46562,0.870277,1.15938
-1.03784,1.44375,0.873282,1.225
-1.0198,1.44375,0.876288,1.225
-0.983744,1.4,0.878421,1.20312
-1.01717,1.37813,0.880554,1.225
-0.979938,1.33438,0.881816,1.225
-0.948525,1.37813,0.883077,1.225
-0.963059,1.35625,0.883466,1.24687
-0.959847,1.3125,0.883854,1.225
-0.968266,1.33438,0.884243,1.26875
-0.936281,1.37813,0.884632,1.225
-0.899053,1.24687,0.885893,1.26875
-0.895842,1.26875,0.887454,1.225
-0.946709,1.29062,0.889588,1.3125
-0.956299,1.29062,0.868462,1.29062
-0.95396,1.24687,0.88019,1.26875
-0.922547,1.29062,0.897732,1.26875
-0.920209,1.225,0.88184,1.33438
-0.934742,1.225,0.896475,1.20312
-0.929786,1.26875,0.876512,1.35625
-0.926575,1.24687,0.903658,0.7875
-0.922492,1.11563,0.909571,1.35625
-0.901836,1.3125,0.884956,1.44375
-0.927999,1.15938,0.88709,0.83125
-0.895714,0.83125,0.890095,0.721875
-0.892503,1.18125,0.890193,1.33438
-0.936683,1.29062,0.905701,1.225
-0.916327,1.3125,0.912195,1.26875
-0.913988,1.33438,0.904162,1.35625
-0.910777,1.225,0.911529,1.26875
-0.908438,1.24687,0.910173,1.4
-0.876153,1.24687,0.926262,1.24687
-0.903188,1.26875,0.917056,1.4
-0.853459,1.20312,0.93548,1.24687
-0.867692,1.24687,0.920751,1.37813
-0.865353,1.18125,0.951377,1.29062
-0.892088,1.18125,0.95351,1.44375
-0.860103,1.1375,0.954199,0.91875
-0.872592,1.29062,0.952843,1.24687
-0.851936,1.1375,0.953232,1.29062
-0.864425,1.1375,0.952177,1.18125
-0.861514,1.11563,0.952566,1.37813
-0.840859,1.1375,0.952954,1.42188
-0.801886,1.11563,0.952771,1.46562
-0.851881,1.05,0.954032,1.4875
-0.831225,1.1375,0.954421,1.44375
-0.845759,1.20312,0.95511,1.61875
-0.823359,1.18125,0.953754,1.50937
-0.771884,1.225,0.952399,1.42188
-0.779431,1.07187,0.952216,1.61875
-0.811109,1.1375,0.952604,1.29062
-0.837271,1.18125,0.953293,1.42188
-0.787542,1.24687,0.953682,1.37813
-0.783459,1.18125,0.953199,1.18125
-0.815136,1.3125,0.953888,1.35625
-0.813097,1.11563,0.955149,1.50937
-0.822388,0.9625,0.95671,1.46562
-0.835749,1.33438,0.956227,1.4
-0.813349,1.15938,0.955171,1.50937
-0.76362,0.984375,0.95556,1.61875
-0.794725,1.00625,0.955377,1.35625
-0.804016,1.225,0.956638,1.4
-0.799933,1.1375,0.956454,1.46562
-0.815038,1.07187,0.958016,1.35625
-0.747864,1.02812,0.958404,1.46562
-0.791471,1.02812,0.959093,0.875
-0.78826,1.02812,0.959482,1.35625
-0.77342,1.09375,0.960171,1.29062
-0.768464,1.20312,0.958816,0.896875
-0.778627,1.20312,0.961249,1.24687
-0.810605,1.00625,0.961938,1.4875
-0.789649,1.05,0.961427,1.4875
-0.757064,1.00625,0.960916,0.853125
-0.765755,1.00625,0.961277,1.29062
-0.779688,1.05,0.960766,1.00625
-0.822696,1.1375,0.960254,1.35625
-0.820929,1.02812,0.961488,1.24687
-0.788344,0.7875,0.960977,1.4
-0.765644,1.07187,0.958721,1.35625
-0.811268,1.07187,0.960827,1.4
-0.809501,1.00625,0.96206,1.35625
-0.808607,1.02812,0.964166,1.4
-0.823112,1.02812,0.964527,1.50937
-0.790527,1.05,0.964016,0.875
-0.734683,1.09375,0.963504,1.1375
-0.732044,1.05,0.963866,1.4
-0.80994,1.02812,0.963654,1.4
-0.825618,1.18125,0.964888,1.24687
-0.787218,1.07187,0.964377,1.18125
-0.785451,1.11563,0.96561,1.3125
-0.769138,1.11563,0.964227,1.225
-0.765627,1.20312,0.963716,1.42188
-0.764733,1.11563,0.965821,1.59688
-0.792912,1.11563,0.968227,1.55313
-0.79289,1.00625,0.971204,1.35625
-0.775423,1.11563,0.974182,1.35625
-0.81029,1.05,0.97716,1.4
-0.792823,1.07187,0.980438,1.35625
-0.809373,1.24687,0.982543,1.35625
-0.78899,1.1375,0.982904,1.42188
-0.804668,1.15938,0.984138,1.44375
-0.821218,1.11563,0.985671,1.3125
-0.851142,1.29062,0.988649,1.61875
-0.834547,1.09375,0.992499,1.35625
-0.822023,1.1375,0.994604,1.24687
-0.822001,1.18125,0.997882,1.50937
-0.820234,1.11563,1.00987,1.50937
-0.820784,1.09375,1.00122,1.4
-0.820762,1.07187,1.0045,1.35625
-0.833242,1.1375,1.03074,1.42188
-0.83322,1.09375,1.01045,1.35625
-0.82244,1.20312,1.01373,1.44375
-0.822418,1.11563,1.01584,1.24687
-0.804951,1.09375,1.01882,1.42188
-0.805801,1.225,1.03372,1.44375
-0.806351,1.11563,1.02594,1.35625
-0.854592,1.11563,1.05771,1.29062
-0.837997,1.20312,1.03307,1.42188
-0.85542,1.1375,1.03518,1.4
-0.808879,1.24687,1.05125,1.50937
-0.791412,1.11563,1.05771,1.4
-0.827151,1.09375,1.06535,1.42188
-0.827129,1.09375,1.0442,1.42188
-0.827979,1.24687,1.04748,1.46562
-0.857603,1.09375,1.05045,1.42188
-0.79449,1.07187,1.05373,1.37813
-0.776151,1.15938,1.05584,1.50937
-0.776129,1.00625,1.06085,1.44375
-0.763605,1.05,1.05948,1.42188
-0.810673,1.09375,1.06333,1.575
-0.810651,1.02812,1.0663,1.42188
-0.792312,1.18125,1.0908,1.46562
-0.791418,1.02812,1.06877,1.37813
-0.791096,1.02812,1.07408,1.44375
-0.761127,1.00625,1.07241,1.59688
-0.771862,1.00625,1.07452,1.42188
-0.788412,1.07187,1.07605,1.575
-0.758144,1.05,1.07728,1.4875
-0.80464,0.9625,1.08026,1.42188
-0.758099,1.07187,1.094,1.59688
-0.803723,1.00625,1.08477,1.4
-0.738866,0.984375,1.08688,1.42188
-0.720227,1.1375,1.11137,1.53125
-0.699271,0.984375,1.0879,1.46562
-0.798973,1.00625,1.09175,1.4875
-0.764062,1.1375,1.09503,1.53125
-0.798629,1.00625,1.098,1.46562
-0.762846,1.11563,1.10011,1.59688
-0.749449,1.02812,1.10077,1.4875
-0.748555,1.02812,1.10288,1.46562
-0.729044,1.15938,1.10441,1.575
-0.758096,1.07187,1.10739,1.44375
-0.757201,1.05,1.10949,1.44375
-0.774623,1.05,1.11277,1.4875
-0.727783,1.15938,1.11575,1.59688
-0.756834,1.00625,1.14141,1.4875
-0.709421,1.02812,1.12026,1.53125
-0.77249,1.09375,1.12179,1.61875
-0.772168,1.00625,1.1239,1.50937
-0.754701,1.00625,1.1263,1.35625
-0.754679,1.1375,1.15516,1.55313
-0.752912,0.9625,1.14186,1.50937
-0.770334,1.09375,1.15269,1.59688
-0.752568,1.02812,1.13009,1.55313
-0.76999,1.02812,1.13163,1.4
-0.769968,1.02812,1.15961,1.59688
-0.804834,1.11563,1.16114,1.61875
-0.753051,1.05,1.13475,1.575
-0.78879,1.02812,1.16769,1.53125
-0.770451,1.15938,1.1634,1.61875
-0.788746,1.05,1.16057,1.53125
-0.771851,1.02812,1.17722,1.53125
-0.806718,1.225,1.17322,1.64062
-0.771807,1.09375,1.16487,1.575
-0.807546,1.07187,1.16844,1.4875
-0.808096,1.07187,1.18392,1.55313
-0.74411,1.15938,1.16597,1.6625
-0.790607,1.02812,1.18001,1.53125
-0.791457,1.05,1.18735,1.4875
-0.77369,1.05,1.18016,1.53125
-0.791984,1.09375,1.19332,1.575
-0.773646,1.05,1.18439,1.575
-0.745421,1.05,1.20074,1.4875
-0.773601,1.09375,1.19093,1.64062
-0.791596,1.09375,1.19944,1.575
-0.791573,1.09375,1.2004,1.55313
-0.792423,1.05,1.17866,1.59688
-0.775829,1.15938,1.1927,1.61875
-0.746433,1.05,1.19277,1.59688
-0.822875,1.00625,1.20158,1.59688
-0.776634,1.09375,1.19121,1.59688
-0.824003,1.07187,1.17939,1.68437
-0.796079,1.07187,1.18792,1.575
-0.761168,1.09375,1.16708,1.53125
-0.827153,1.02812,1.17852,1.4875
-0.816673,1.05,1.15449,1.53125
-0.829153,1.05,1.14616,1.50937
-0.783784,1.07187,1.14132,1.42188
-0.819523,1.02812,1.16409,1.4875
-0.820673,1.07187,1.14965,1.50937
-0.869214,1.09375,1.1483,1.4875
-0.806101,1.20312,1.13329,1.46562
-0.836325,1.09375,1.12495,1.4875
-0.825546,1.1375,1.12302,1.53125
-0.809251,1.18125,1.12021,1.50937
-0.840047,1.1375,1.09705,1.575
-0.85777,1.1375,1.09163,1.4875
-0.830718,1.20312,1.09115,1.46562
-0.860642,1.1375,1.07583,1.50937
-0.798701,1.1375,1.05821,1.50937
-0.83444,1.18125,1.05016,1.46562
-0.834718,1.20312,1.01595,1.4875
-0.84837,1.20312,0.998327,1.4875
-0.820146,1.15938,0.970514,1.4875
-0.868686,1.18125,0.937467,1.44375
-0.840462,1.20312,0.922166,1.4875
-0.842484,1.1375,0.895225,1.42188
-0.872709,1.18125,0.886019,1.4
-0.873559,1.15938,0.859088,1.3125
-0.857264,1.1375,0.840869,1.4
-0.846484,1.18125,0.838069,1.26875
-0.860136,1.18125,0.818106,1.18125
-0.879603,1.20312,0.818495,1.20312
-0.863881,1.20312,0.820056,1.225
-0.883347,1.15938,0.813177,1.20312
-0.866753,1.20312,0.816773,1.15938
-0.857146,1.15938,0.810766,0.984375
-0.857996,1.1375,0.817851,1.11563
-0.858273,1.15938,0.819984,1.09375
-0.871925,1.07187,0.825034,1.09375
-0.841957,1.1375,0.82833,1.00625
-0.872181,1.02812,0.830764,1.05
-0.808196,1.05,0.838421,1.00625
-0.843362,1.1375,0.834749,0.984375
-0.797121,1.1375,0.843288,1.07187
-0.778783,1.07187,0.824488,1.07187
-0.842151,1.09375,0.831282,1.05
-0.760149,1.11563,0.815971,1.07187
-0.775827,1.09375,0.819567,1.09375
-0.738599,1.05,0.808627,1.07187
-0.736833,1.05,0.793316,1.09375
-0.751938,1.05,0.785282,1.07187
-0.733027,1.02812,0.778993,1.15938
-0.747833,0.91875,0.765136,1.07187
-0.71642,0.9625,0.754486,1.09375
-0.742855,0.984375,0.738312,1.05
-0.741388,0.896875,0.738119,1.02812
-0.692231,1.00625,0.716421,1.00625
-0.719838,0.9625,0.709832,1.05
-0.668936,0.940625,0.70586,1.05
-0.701486,0.940625,0.693747,1.11563
-0.69972,0.9625,0.667388,1.05
-0.726155,0.940625,0.671556,1.00625
-0.694742,0.940625,0.66991,0.984375
-0.674659,0.91875,0.671171,1.00625
-0.655747,0.91875,0.673604,0.91875
-0.651364,0.853125,0.673121,0.91875
-0.649597,0.875,0.675254,0.940625
-0.628942,0.853125,0.675643,1.00625
-0.691138,0.83125,0.677777,0.91875
-0.67687,0.940625,0.67991,0.91875
-0.63877,0.875,0.680599,0.91875
-0.607057,0.896875,0.68186,0.91875
-0.602973,0.91875,0.65899,0.940625
-0.664297,0.875,0.684382,0.91875
-0.645086,0.896875,0.686816,0.940625
-0.65932,0.91875,0.670051,0.875
-0.603475,0.9625,0.675673,0.91875
-0.587762,0.875,0.68363,0.91875
-0.595009,0.896875,0.679658,1.02812
-0.626386,0.853125,0.692549,0.91875
-0.55834,0.896875,0.66241,0.940625
-0.601347,0.83125,0.667751,0.91875
-0.615581,0.83125,0.696632,0.875
-0.564679,0.984375,0.674062,0.940625
-0.561168,0.809375,0.693058,0.9625
-0.53964,0.83125,0.677456,0.91875
-0.552701,0.896875,0.682506,0.9625
-0.547746,0.74375,0.682895,0.91875
-0.606453,0.765625,0.674862,0.875
-0.550609,0.721875,0.703743,0.940625
-0.61136,0.765625,0.677384,0.940625
-0.560459,0.7,0.678073,0.91875
-0.555503,0.74375,0.703175,0.91875
-0.568564,0.721875,0.679151,0.9625
-0.58367,0.875,0.701636,0.853125
-0.580159,0.74375,0.709593,0.9625
-0.557459,0.590625,0.690212,0.9625
-0.518486,1.02812,0.708927,0.9625
-0.501601,0.7,0.707571,0.9625
-0.49839,0.809375,0.70826,0.91875
-0.540525,0.7,0.707777,0.9625
-0.554459,0.7875,0.708466,1.00625
-0.55212,0.65625,0.710027,0.940625
-0.531164,0.678125,0.710416,0.9625
-0.545397,0.74375,0.711104,0.984375
-0.525314,0.678125,0.712366,0.984375
-0.539547,0.765625,0.713054,0.984375
-0.536036,0.65625,0.713743,0.984375
-0.53427,0.678125,0.715877,0.91875
-0.54356,0.678125,0.717438,0.984375
-0.529292,0.7,0.718999,0.9625
-0.47462,0.65625,0.72026,0.984375
-0.534199,0.7,0.720077,0.940625
-0.518486,0.809375,0.719893,0.984375
-0.528349,0.721875,0.732784,0.984375
-0.526583,0.74375,0.723588,0.940625
-0.494297,0.74375,0.724277,1.00625
-0.51986,0.678125,0.724093,0.984375
-0.535838,0.74375,0.726227,0.984375
-0.503253,0.74375,0.726043,1.00625
-0.512544,0.7,0.754353,1.00625
-0.479959,0.721875,0.741086,0.940625
-0.495064,0.809375,0.727238,0.9625
-0.539816,0.721875,0.759327,1.00625
-0.539221,0.65625,0.760888,1.02812
-0.52001,0.721875,0.731049,1.00625
-0.48947,0.7,0.755869,0.984375
-0.532477,0.634375,0.759175,1.00625
-0.531883,0.809375,0.764516,1.02812
-0.511799,0.678125,0.748341,1.05
-0.510333,0.7,0.762114,1.00625
-0.519905,0.65625,0.751464,1.05
-0.516694,0.721875,0.757677,1.00625
-0.531499,0.74375,0.745864,1.02812
-0.511716,0.765625,0.726782,0.940625
-0.507333,0.678125,0.72689,1.09375
-0.518949,0.853125,0.726706,0.853125
-0.497994,0.678125,0.74921,0.896875
-0.476466,0.875,0.735653,1.11563
-0.453766,0.7,0.725584,0.984375
-0.486316,0.6125,0.713771,1.00625
-0.511879,0.678125,0.735103,0.9625
-0.480466,0.721875,0.714567,1.11563
-0.507773,0.678125,0.712649,0.9625
-0.494677,0.765625,0.736597,1.11563
-0.455405,0.678125,0.714317,0.984375
-0.453066,0.678125,0.710354,1.02812
-0.469616,0.634375,0.715123,1.02812
-0.494607,0.65625,0.744304,0.9625
-0.510284,0.634375,0.713012,0.9625
-0.477999,0.678125,0.711084,0.9625
-0.45996,0.6125,0.716434,0.9625
-0.439877,0.590625,0.73951,1.07187
-0.404975,0.525,0.738454,0.984375
-0.429666,0.56875,0.724325,0.809375
-0.461344,0.56875,0.71193,0.984375
-0.467718,0.590625,0.719897,1.02812
-0.435433,0.634375,0.732216,0.984375
-0.385403,0.634375,0.719821,0.9625
-0.394694,0.6125,0.726043,0.91875
-0.410371,0.6125,0.730512,0.7875
-0.408905,0.634375,0.728012,1.00625
-0.407138,0.546875,0.729573,1.11563
-0.470507,0.546875,0.734041,1.00625
-0.451596,0.65625,0.727762,0.940625
-0.420755,0.56875,0.739208,0.853125
-0.355325,0.6125,0.736999,0.940625
-0.435838,0.525,0.740304,0.984375
-0.39861,0.6125,0.723849,1.02812
-0.44249,0.6125,0.724538,0.875
-0.430266,0.6125,0.733667,0.91875
-0.504392,0.56875,0.718656,1.00625
-0.391271,0.65625,0.711795,0.91875
-0.424694,0.590625,0.713947,0.9625
-0.388038,0.6125,0.714927,1.02812
-0.386571,0.6125,0.697308,0.875
-0.432196,0.56875,0.68753,0.9625
-0.419971,0.56875,0.672819,0.853125
-0.465596,0.56875,0.674971,0.984375
-0.448429,0.6125,0.671299,0.940625
-0.41876,0.590625,0.656588,0.940625
-0.416994,0.6125,0.656404,0.853125
-0.445473,0.525,0.641693,1.00625
-0.479468,0.6125,0.644717,0.765625
-0.527136,0.6125,0.639891,0.809375
-0.493397,0.7,0.635347,0.74375
-0.51082,0.634375,0.627032,0.7875
-0.465151,0.634375,0.620743,0.7875
-0.482273,0.634375,0.604532,0.765625
-0.529342,0.634375,0.585704,0.765625
-0.530764,0.678125,0.56426,0.765625
-0.560388,0.678125,0.542825,0.809375
-0.532736,0.7,0.523125,0.7875
-0.515842,0.7,0.504006,0.7875
-0.534709,0.678125,0.47006,0.7875
-0.554447,0.65625,0.463443,0.83125
-0.538425,0.7,0.441136,0.7
-0.568921,0.721875,0.428123,0.65625
-0.606105,0.74375,0.416273,0.74375
-0.57351,0.765625,0.397154,0.7
-0.62901,0.765625,0.388803,0.65625
-0.56647,0.7875,0.386547,0.590625
-0.644357,0.74375,0.374406,0.6125
-0.600705,0.765625,0.366917,0.678125
-0.584683,0.765625,0.365834,0.65625
-0.604421,0.83125,0.349332,0.590625
-0.62416,0.83125,0.365684,0.48125
-0.609883,0.83125,0.362856,0.56875
-0.66044,0.83125,0.362927,0.634375
-0.616216,0.853125,0.363288,0.48125
-0.654271,0.765625,0.368601,0.503125
-0.669068,0.875,0.366927,0.590625
-0.64316,0.83125,0.369032,0.65625
-0.62801,0.853125,0.371729,0.503125
-0.647749,0.875,0.376451,0.459375
-0.669233,0.875,0.383217,0.459375
-0.654083,0.875,0.381834,0.48125
-0.656377,0.853125,0.386856,0.590625
-0.642099,0.875,0.379367,0.459375
-0.661838,0.875,0.371588,0.48125
-0.629244,0.875,0.379517,0.48125
-0.649855,0.853125,0.373482,0.634375
-0.669594,0.83125,0.385773,0.65625
-0.654444,0.940625,0.374504,0.6125
-0.65761,0.940625,0.384179,0.48125
-0.659033,0.940625,0.368549,0.590625
-0.662199,0.896875,0.367466,0.459375
-0.664494,0.896875,0.378593,0.503125
-0.636842,0.896875,0.376338,0.6125
-0.66821,0.853125,0.356356,0.459375
-0.671377,0.875,0.350321,0.6125
-0.625409,0.940625,0.376858,0.503125
-0.655033,1.00625,0.368206,0.503125
-0.643653,0.875,0.360727,0.503125
-0.629375,0.940625,0.367493,0.503125
-0.648242,0.74375,0.372216,0.328125
-0.648792,0.875,0.376366,0.525
-0.651086,0.83125,0.38226,0.415625
-0.651636,0.940625,0.38611,0.503125
-0.635614,0.875,0.391132,0.415625
-0.619592,0.91875,0.396154,0.56875
-0.602697,0.83125,0.400004,0.459375
-0.603247,0.83125,0.404154,0.503125
-0.59304,0.875,0.409177,0.56875
-0.575273,0.853125,0.412154,0.56875
-0.604897,0.765625,0.416304,0.525
-0.60632,0.853125,0.421327,0.6125
-0.594368,0.809375,0.424604,0.35
-0.606547,0.809375,0.428454,0.56875
-0.607097,0.765625,0.433477,0.56875
-0.595146,0.809375,0.436754,0.56875
-0.593951,0.809375,0.43916,0.6125
-0.606131,0.809375,0.44331,0.525
-0.594179,0.91875,0.446288,0.678125
-0.541523,0.765625,0.449566,0.503125
-0.57609,0.853125,0.452843,0.678125
-0.575768,0.809375,0.456121,0.56875
-0.539684,0.809375,0.458527,0.56875
-0.573379,0.7,0.461804,0.525
-0.53904,0.7875,0.465654,0.74375
-0.537846,0.56875,0.46806,0.56875
-0.507577,0.896875,0.470466,0.74375
-0.570646,0.74375,0.472871,0.525
-0.551707,0.74375,0.475277,0.6125
-0.568829,0.896875,0.478554,0.74375
-0.53449,0.74375,0.482704,0.56875
-0.55074,0.65625,0.48481,0.56875
-0.532973,0.721875,0.488088,0.6125
-0.532651,0.7875,0.491366,0.765625
-0.532329,0.678125,0.494643,0.590625
-0.531134,0.875,0.497049,0.721875
-0.52994,0.74375,0.499454,0.634375
-0.562762,0.7875,0.500688,0.765625
-0.56244,0.721875,0.503966,0.678125
-0.562118,0.721875,0.507243,0.634375
-0.514405,0.721875,0.509649,0.678125
-0.523968,0.634375,0.511182,0.678125
-0.512016,0.83125,0.51446,0.721875
-0.574784,0.721875,0.516866,0.721875
-0.575334,0.678125,0.521016,0.6125
-0.522679,0.809375,0.524293,0.74375
-0.520612,0.678125,0.525827,0.678125
-0.507788,0.65625,0.52736,0.678125
-0.507466,0.678125,0.530638,0.721875
-0.517901,0.678125,0.533043,0.6125
-0.505077,0.765625,0.534577,0.65625
-0.532957,0.634375,0.536982,0.634375
-0.514318,0.634375,0.560903,0.7
-0.502366,0.809375,0.539177,0.809375
-0.501171,0.721875,0.54071,0.721875
-0.512479,0.65625,0.572771,0.678125
-0.499655,0.74375,0.542032,0.721875
-0.49846,0.7875,0.561591,0.678125
-0.497266,0.7,0.564869,0.809375
-0.477755,0.7,0.562914,0.678125
-0.505634,0.7,0.578693,0.7
-0.474494,0.6125,0.580227,0.65625
-0.504118,0.765625,0.580316,0.875
-0.491294,0.721875,0.581267,0.7
-0.472655,0.678125,0.572043,0.7
-0.500534,0.74375,0.573577,0.7875
-0.488583,0.678125,0.57889,0.7
-0.51559,0.7875,0.570829,0.83125
-0.467877,0.65625,0.576151,0.7
-0.484127,0.678125,0.572451,0.74375
-0.400653,0.7,0.56439,0.74375
-0.50994,0.590625,0.56069,0.74375
-0.545379,0.74375,0.555545,0.83125
-0.491851,0.7,0.56144,0.7
-0.508973,0.65625,0.558612,0.765625
-0.478705,0.765625,0.559273,0.7875
-0.490012,0.634375,0.553256,0.74375
-0.48969,0.65625,0.557697,0.7875
-0.506812,0.678125,0.558358,0.7875
-0.50649,0.678125,0.550597,0.7
-0.52274,0.678125,0.546025,0.7
-0.488401,0.765625,0.551047,0.74375
-0.504951,0.74375,0.546775,0.765625
-0.522946,0.65625,0.550343,0.678125
-0.521751,0.74375,0.544027,0.74375
-0.503984,0.65625,0.554001,0.74375
-0.521979,0.74375,0.549429,0.7
-0.568175,0.765625,0.53091,0.765625
-0.539651,0.74375,0.537095,0.721875
-0.521012,0.678125,0.541245,0.765625
-0.550636,0.634375,0.545986,0.634375
-0.520368,0.721875,0.526586,0.65625
-0.520046,0.721875,0.531327,0.634375
-0.519723,0.83125,0.529371,0.678125
-0.549347,0.721875,0.52539,0.6125
-0.537396,0.74375,0.527214,0.65625
-0.536201,0.56875,0.514219,0.74375
-0.518434,0.721875,0.513427,0.634375
-0.534684,0.7,0.501304,0.65625
-0.545992,0.678125,0.504001,0.65625
-0.499151,0.765625,0.482284,0.65625
-0.517446,0.721875,0.46899,0.634375
-0.534568,0.48125,0.461519,0.6125
-0.534246,0.7,0.447071,0.6125
-0.545253,0.721875,0.435221,0.6125
-0.516729,0.7,0.409988,0.590625
-0.532679,0.74375,0.391732,0.65625
-0.514612,0.765625,0.361266,0.65625
-0.513118,0.74375,0.314517,0.65625
-0.543314,0.721875,0.293354,0.634375
-0.531934,0.7875,0.25998,0.6125
-0.543814,0.74375,0.221082,0.590625
-0.59757,0.765625,0.192941,0.590625
-0.581247,0.809375,0.163929,0.56875
-0.581497,0.83125,0.14073,0.503125
-0.546859,0.83125,0.118123,0.503125
-0.565425,0.853125,0.110334,0.4375
-0.583992,0.83125,0.10051,0.415625
-0.61506,0.853125,0.0915581,0.35
-0.605725,0.853125,0.098597,0.30625
-0.635921,0.896875,0.0977859,0.35
-0.637916,0.853125,0.111221,0.371875
-0.610836,0.83125,0.107503,0.240625
-0.611086,0.875,0.0988415,0.240625
-0.595636,0.875,0.100947,0.065625
-0.597631,0.91875,0.119616,0.21875
-0.628127,0.875,0.108919,0.065625
-0.647566,0.875,0.133984,0.21875
-0.60217,0.875,0.127649,0.21875
-0.619864,0.853125,0.127138,0.21875
-0.586097,0.83125,0.119349,0.021875
-0.539829,0.853125,0.12726,0.065625
-0.58777,0.83125,0.116564,0.13125
-0.570575,0.853125,0.119532,0.240625
-0.623159,0.809375,0.128616,0.240625
-0.586775,0.809375,0.132456,0.0875
-0.53789,0.721875,0.118271,0.240625
-0.536396,0.7875,0.111654,0.175
-0.536073,0.809375,0.120438,0.0875
-0.553768,0.7875,0.0957859,0.240625
-0.58222,0.809375,0.105441,0.21875
-0.581597,0.7875,0.086323,0.153125
-0.515268,0.765625,0.0980137,0.153125
-0.484699,0.721875,0.08441,0.175
-0.558225,0.74375,0.0856433,0.13125
-0.556731,0.371875,0.0874489,0.30625
-0.608442,0.74375,0.0904267,0.196875
-0.574675,0.809375,0.0948489,0.175
-0.556609,0.7875,0.0975267,0.196875
-0.544657,0.721875,0.100504,0.109375
-0.509146,0.721875,0.103182,0.109375
-0.573359,0.74375,0.107032,0.175
-0.508773,0.7875,0.10971,0.109375
-0.590431,0.7,0.11356,0.175
-0.574109,0.65625,0.117982,0.196875
-0.527268,0.74375,0.12096,0.109375
-0.544962,0.721875,0.12451,0.196875
-0.509451,0.7875,0.127488,0.175
-0.542846,0.74375,0.129293,0.13125
-0.571297,0.721875,0.132271,0.175
-0.554403,0.74375,0.135821,0.153125
-0.507262,0.74375,0.138799,0.196875
-0.541529,0.678125,0.141477,0.2625
-0.553409,0.678125,0.145327,0.240625
-0.506568,0.765625,0.148004,0.13125
-0.540834,0.65625,0.150982,0.153125
-0.52364,0.678125,0.154832,0.2625
-0.540462,0.678125,0.15751,0.371875
-0.569786,0.74375,0.16136,0.2625
-0.54039,0.721875,0.164038,0.175
-0.523196,0.721875,0.167888,0.284375
-0.540018,0.721875,0.170866,0.240625
-0.539396,0.765625,0.173543,0.109375
-0.586164,0.721875,0.177393,0.175
-0.550953,0.765625,0.180371,0.109375
-0.586092,0.721875,0.183921,0.284375
-0.522379,0.7875,0.187771,0.284375
-0.550831,0.74375,0.190749,0.196875
-0.568825,0.765625,0.194299,0.21875
-0.487668,0.765625,0.198149,0.240625
-0.551009,0.74375,0.201127,0.284375
-0.587892,0.7875,0.206721,0.196875
-0.570997,0.765625,0.210271,0.284375
-0.57212,0.83125,0.214993,0.328125
-0.57237,0.7875,0.218843,0.284375
-0.542673,0.765625,0.221821,0.284375
-0.554853,0.74375,0.225671,0.21875
-0.555103,0.7875,0.229221,0.328125
-0.591114,0.590625,0.233943,0.240625
-0.57392,0.7875,0.237793,0.21875
-0.611103,0.83125,0.266647,0.240625
-0.576164,0.83125,0.246638,0.328125
-0.612175,0.74375,0.25076,0.240625
-0.54729,0.896875,0.252266,0.2625
-0.612375,0.74375,0.255216,0.328125
-0.560864,0.896875,0.258466,0.21875
-0.642521,0.765625,0.262879,0.284375
-0.596825,0.896875,0.263221,0.240625
-0.615392,0.7875,0.28973,0.35
-0.59877,0.896875,0.270584,0.371875
-0.582447,0.765625,0.293314,0.35
-0.582397,0.809375,0.298308,0.328125
-0.59922,0.896875,0.298069,0.240625
-0.617486,0.678125,0.305971,0.328125
-0.581975,0.74375,0.292358,0.328125
-0.616814,0.809375,0.314206,0.328125
-0.582175,0.809375,0.295069,0.371875
-0.564681,0.875,0.305588,0.39375
-0.554173,0.809375,0.306221,0.371875
-0.553251,0.853125,0.303366,0.35
-0.565131,0.940625,0.308651,0.371875
-0.582525,0.721875,0.306667,0.371875
-0.599347,0.984375,0.30294,0.35
-0.552779,1.07187,0.305317,0.371875
-0.53384,0.765625,0.30159,0.39375
-0.563736,0.91875,0.300479,0.35
-0.580559,0.765625,0.297623,0.371875
-0.53429,0.7875,0.291279,0.39375
-0.53424,0.721875,0.286388,0.35
-0.562692,0.7,0.290801,0.30625
-0.562642,0.721875,0.293179,0.371875
-0.562892,0.7,0.295556,0.415625
-0.562842,0.83125,0.27671,0.39375
-0.533146,0.65625,0.27589,0.415625
-0.533096,0.721875,0.281756,0.48125
-0.529857,0.721875,0.273667,0.371875
-0.546379,0.74375,0.274301,0.371875
-0.545757,0.83125,0.269701,0.39375
-0.557336,0.7,0.26888,0.328125
-0.545957,0.809375,0.262245,0.415625
-0.52789,0.678125,0.260553,0.35
-0.55517,0.7,0.268164,0.39375
-0.542918,0.65625,0.254269,0.284375
-0.541996,0.7875,0.260427,0.371875
-0.507357,0.74375,0.255827,0.284375
-0.507307,0.65625,0.248319,0.328125
-0.48924,0.721875,0.244882,0.30625
-0.540651,0.678125,0.250749,0.30625
-0.569975,0.809375,0.240343,0.240625
-0.523707,0.678125,0.241267,0.175
-0.569303,0.74375,0.236667,0.284375
-0.523034,0.74375,0.238173,0.284375
-0.522112,0.721875,0.232119,0.196875
-0.52149,0.83125,0.226075,0.328125
-0.551386,0.7,0.229616,0.2625
-0.569081,0.721875,0.219782,0.21875
-0.523684,0.853125,0.219843,0.35
-0.551836,0.65625,0.222512,0.153125
-0.586975,0.83125,0.210062,0.371875
-0.540407,0.74375,0.207497,0.175
-0.540657,0.875,0.202325,0.30625
-0.52229,0.74375,0.193654,0.175
-0.569931,0.83125,0.178588,0.284375
-0.588497,0.7875,0.168182,0.175
-0.619266,0.765625,0.155732,0.153125
-0.572997,0.809375,0.139793,0.196875
-0.608709,0.809375,0.121538,0.13125
-0.556625,0.853125,0.0992026,0.175
-0.62171,0.765625,0.0890878,0.065625
-0.593459,0.83125,0.0641359,0.13125
-0.641971,0.809375,0.056347,0.13125
-0.643666,0.83125,0.0331396,0.109375
-0.627344,0.83125,0.0163285,0.0875
-0.600264,0.875,-0.00570667,0.13125
-0.647605,0.809375,-0.0199011,0.04375
-0.632155,0.875,-0.0384474,0.153125
-0.633849,0.853125,-0.0607826,0.13125
-0.670733,0.875,-0.0854344,0.13125
-0.637838,0.875,-0.103409,0.021875
-0.675294,0.896875,-0.114977,0.065625
-0.659844,0.853125,-0.134696,0.065625
-0.661538,0.875,-0.142484,0.0875
-0.681849,0.809375,-0.131384,-0.04375
-0.667271,0.9625,-0.143825,0
-0.751246,0.896875,-0.140275,-0.30625
-0.672705,0.984375,-0.126268,-0.2625
-0.71046,0.940625,-0.118357,0.04375
-0.695583,0.940625,-0.127609,0.021875
-0.662688,0.9625,-0.126675,-0.109375
-0.681827,0.940625,-0.130103,-0.240625
-0.70301,0.940625,-0.111734,-0.153125
-0.658486,0.9625,-0.103833,-0.13125
-0.75409,0.91875,-0.105234,-0.13125
-0.692694,0.984375,-0.112751,-0.153125
-0.694388,0.896875,-0.103396,-0.153125
-0.678638,0.9625,-0.103062,-0.13125
-0.669003,0.896875,-0.0995215,-0.153125
-0.699771,0.875,-0.106457,-0.153125
-0.672392,1.02812,-0.10059,-0.240625
-0.673214,0.896875,-0.100257,-0.153125
-0.674036,1.00625,-0.0996233,-0.2625
-0.622825,0.984375,-0.104523,-0.13125
-0.658536,0.875,-0.119009,-0.13125
-0.659359,0.91875,-0.122164,-0.196875
-0.660181,0.896875,-0.109029,-0.284375
-0.643859,0.91875,-0.122942,-0.196875
-0.661253,0.853125,-0.106318,-0.21875
-0.662075,0.940625,-0.126627,-0.109375
-0.644581,0.896875,-0.12076,-0.065625
-0.614584,0.853125,-0.130884,-0.240625
-0.643909,0.875,-0.127934,-0.175
-0.614784,0.896875,-0.125557,-0.109375
-0.625492,0.875,-0.124351,-0.065625
-0.613812,0.853125,-0.121973,-0.240625
-0.596618,0.853125,-0.118723,-0.153125
-0.62477,0.809375,-0.116646,-0.2625
-0.594773,0.809375,-0.114268,-0.13125
-0.61304,0.83125,-0.110146,-0.196875
-0.592929,0.91875,-0.109812,-0.0875
-0.57399,0.83125,-0.108307,-0.153125
-0.572196,0.809375,-0.106801,-0.196875
-0.587846,0.7875,-0.105296,-0.109375
-0.569479,0.7875,-0.103218,-0.109375
-0.55054,0.7875,-0.101712,-0.13125
-0.583634,0.83125,-0.100207,-0.196875
-0.58184,0.809375,-0.0990011,-0.13125
-0.545157,0.809375,-0.0974956,-0.13125
-0.513716,0.765625,-0.0968622,-0.175
-0.493605,0.809375,-0.0962289,-0.065625
-0.49181,0.721875,-0.0947233,-0.196875
-0.489444,0.765625,-0.09439,-0.109375
-0.522538,0.721875,-0.0928844,-0.04375
-0.520744,0.721875,-0.0913789,-0.153125
-0.500633,0.74375,-0.0907456,-0.13125
-0.479949,0.7,-0.0909844,-0.0875
-0.493855,0.7,-0.0912233,-0.109375
-0.491188,0.7,-0.09089,-0.175
-0.506838,0.721875,-0.0893844,-0.13125
-0.469583,0.678125,-0.0887511,-0.0875
-0.466044,0.678125,-0.08899,-0.13125
-0.481694,0.65625,-0.0874844,-0.153125
-0.479327,0.590625,-0.0868511,-0.21875
-0.450494,0.65625,-0.09494,-0.0875
-0.446955,0.721875,-0.0951789,-0.153125
-0.490807,0.7,-0.0945456,-0.109375
-0.489312,0.6125,-0.09304,-0.04375
-0.484029,0.65625,-0.0950233,-0.04375
-0.434844,0.678125,-0.09439,-0.21875
-0.449049,0.7,-0.0946289,-0.13125
-0.44551,0.765625,-0.0948678,-0.021875
-0.489362,0.6125,-0.0942344,-0.21875
-0.457621,0.853125,-0.0936011,-0.153125
-0.459034,0.546875,-0.100818,-0.13125
-0.473812,0.634375,-0.100184,-0.0875
-0.442944,0.634375,-0.0986789,-0.0875
-0.453951,0.65625,-0.0963011,-0.0875
-0.487046,0.65625,-0.0947956,-0.0875
-0.51607,0.65625,-0.0915456,-0.13125
-0.503818,0.6125,-0.0891678,-0.0875
-0.513653,0.7,-0.0876622,-0.109375
-0.483657,0.634375,-0.0852844,-0.153125
-0.46559,0.634375,-0.0826067,-0.175
-0.510314,0.678125,-0.0811011,-0.196875
-0.528581,0.65625,-0.0769789,-0.175
-0.498884,0.7,-0.0746011,-0.21875
-0.528781,0.678125,-0.0704789,-0.196875
-0.510414,0.7,-0.0681011,-0.196875
-0.526064,0.56875,-0.0662956,-0.065625
-0.509742,0.678125,-0.0621733,-0.0875
-0.527136,0.721875,-0.0597956,-0.175
-0.50877,0.65625,-0.0574178,-0.175
-0.561353,0.721875,-0.0274196,0.065625
-0.562175,0.74375,-0.0506178,0.109375
-0.544981,0.7,-0.04824,-0.0875
-0.544931,0.765625,-0.0458622,0.109375
-0.563197,0.765625,-0.04144,-0.109375
-0.529431,0.853125,-0.0265604,0.0875
-0.576771,0.765625,-0.03494,-0.065625
-0.578466,0.7875,-0.0308178,-0.175
-0.58046,0.765625,-0.0255233,0.13125
-0.599599,0.765625,0.00912667,-0.153125
-0.57222,0.91875,0.00161926,0.109375
-0.57247,0.765625,0.00778593,-0.13125
-0.584049,0.765625,0.0101637,0.240625
-0.585744,0.721875,0.0102248,-0.13125
-0.585994,0.7875,0.00736926,-0.0875
-0.587688,0.809375,-0.00304556,0.21875
-0.623699,0.853125,0.0281248,0.021875
-0.578003,0.83125,0.0182915,0.13125
-0.590455,0.9625,0.00613222,0.153125
-0.578775,0.809375,0.030897,0.13125
-0.579597,0.809375,0.00971556,0.109375
-0.592049,0.765625,0.0318637,0
-0.628933,0.809375,0.0162156,0
-0.582364,0.83125,0.0409804,-0.0875
-0.583186,1.11563,0.0506267,0.240625
-0.566564,0.65625,0.049797,0.328125
-0.584831,0.853125,0.0245544,0.109375
-0.585653,1.02812,0.0269322,0.065625
-0.615849,0.83125,0.02931,-0.0875
-0.599227,0.678125,0.0433174,0.065625
-0.586675,0.809375,0.0547081,-0.0875
-0.551736,0.765625,0.0562137,-0.065625
-0.615649,0.765625,0.0469619,0.175
-0.569081,0.765625,0.0368378,0.109375
-0.587647,0.721875,0.0665359,-0.109375
-0.534392,0.7875,0.0404211,-0.2625
-0.586675,0.6125,0.0410544,0.0875
-0.587497,0.721875,0.0748322,0.065625
-0.570003,0.875,0.04581,0.21875
-0.524307,0.721875,0.0758081,0.13125
-0.535314,0.678125,0.0773137,0.30625
-0.570153,0.74375,0.0817267,0.13125
-0.536086,0.74375,0.0544489,0.065625
-0.535164,0.74375,0.0739804,0.13125
-0.523484,0.74375,0.0565878,0.35
-0.569953,0.6125,0.0705952,0.109375
-0.569331,0.7875,0.078497,0.13125
-0.521018,0.83125,0.0605322,-0.109375
-0.520096,0.74375,0.0887859,-0.109375
-0.54912,0.65625,0.0644156,0.13125
-0.501679,0.896875,0.0650489,-0.0875
-0.518501,0.896875,0.0656822,0.21875
-0.48269,0.678125,0.0744563,0.13125
-0.517529,0.875,0.0884637,0.30625
-0.515734,0.65625,0.089097,0.13125
-0.497668,0.7,0.0833341,-0.13125
-0.542392,0.678125,0.103166,0.21875
-0.477507,0.56875,0.0930415,0.109375
-0.493157,0.65625,0.0747767,0.30625
-0.473918,0.765625,0.0762822,0.13125
-0.472423,0.65625,0.100175,-0.2625
-0.470629,0.875,0.0778489,0.21875
-0.438888,0.74375,0.0784822,-0.021875
-0.483612,0.546875,0.0791156,0.13125
-0.447229,0.65625,0.0797489,0.109375
-0.462879,0.56875,0.0815544,0.0875
-0.460212,0.56875,0.0813156,0.175
-0.428471,0.590625,0.0819489,0.13125
-0.425805,0.546875,0.0825822,-0.109375
-0.499031,0.678125,0.105903,0.30625
-0.485607,0.65625,0.0841489,0.153125
-0.448923,0.74375,0.0993193,-0.021875
-0.447129,0.65625,0.0865878,0.109375
-0.427318,0.546875,0.109608,-0.13125
-0.45954,0.74375,0.0869822,0.13125
-0.421984,0.56875,0.110303,0.153125
-0.455079,0.65625,0.0876767,0.35
-0.417823,0.853125,0.08831,-0.109375
-0.434346,0.6125,0.0909878,0.0875
-0.431679,0.525,0.102379,0.13125
-0.448501,0.371875,0.0934267,0.065625
-0.42839,0.65625,0.0960952,-0.065625
-0.473986,0.48125,0.0958656,0.04375
-0.44399,0.6125,0.100279,0.240625
-0.443368,0.896875,0.0997489,0.240625
-0.459018,0.196875,0.118708,0.371875
-0.438907,0.809375,0.100443,-0.021875
-0.455429,0.590625,0.102249,0.13125
-0.454807,0.634375,0.111023,0.35
-0.418996,0.678125,0.112829,0.13125
-0.464592,0.65625,0.106193,0.13125
-0.498859,0.65625,0.134747,0.109375
-0.497064,0.65625,0.10806,0
-0.47957,0.83125,0.108693,0.153125
-0.461503,0.721875,0.132886,0.153125
-0.478025,0.634375,0.117529,0.13125
-0.512864,0.6125,0.134453,0.284375
-0.477053,0.6125,0.137703,0.196875
-0.477303,0.7,0.134275,0.153125
-0.512142,0.6125,0.130847,0.21875
-0.512964,0.65625,0.151832,0.196875
-0.478325,0.65625,0.142299,0.021875
-0.461703,0.634375,0.143232,0.04375
-0.432579,0.678125,0.150843,0.196875
-0.497664,0.678125,0.155266,0.13125
-0.545877,0.678125,0.161723,0.2625
-0.546699,0.809375,0.157123,0.2625
-0.548694,0.7,0.165034,0.196875
-0.520442,0.459375,0.163351,0.04375
-0.502075,0.7,0.163412,0.175
-0.530527,0.721875,0.160847,0.109375
-0.531349,0.9625,0.162653,0.0875
-0.55106,0.678125,0.16413,0.240625
-0.505064,0.721875,0.169088,0.175
-0.521859,0.7,0.163288,0.284375
-0.534883,0.721875,0.15866,0.196875
-0.570294,0.765625,0.150243,0.21875
-0.554244,0.634375,0.153466,0.21875
-0.507947,0.721875,0.148829,0.328125
-0.538416,0.7875,0.145945,0.196875
-0.574699,0.7875,0.137529,0.196875
-0.593538,0.765625,0.14453,0.13125
-0.560044,0.765625,0.129717,0.13125
-0.543694,0.809375,0.136719,0.109375
-0.545088,0.74375,0.11958,0.13125
-0.599688,0.74375,0.123093,0.153125
-0.601955,0.7875,0.121654,0.109375
-0.615851,0.7875,0.116154,0.109375
-0.616946,0.721875,0.105121,0.109375
-0.555249,0.7875,0.101656,0.153125
-0.591533,0.765625,0.098773,0.21875
-0.622873,0.74375,0.0897748,0.175
-0.596066,0.7875,0.0781693,0.153125
-0.580888,0.7875,0.0671359,0.13125
-0.563666,0.809375,0.0459359,0.21875
-0.616521,0.809375,0.0352026,-0.284375
-0.583027,0.809375,0.00468963,0.109375
-0.618438,0.590625,-0.0246511,0.109375
-0.584071,0.7875,-0.0513752,0.109375
-0.537775,0.765625,-0.0624085,0.109375
-0.584816,0.7875,-0.0990178,-0.196875
-0.603655,0.83125,-0.11324,-0.109375
-0.634123,0.83125,-0.13852,-0.109375
-0.635518,0.875,-0.137914,-0.04375
-0.601733,0.875,-0.168999,-0.240625
-0.601955,0.896875,-0.162297,-0.371875
-0.586777,0.896875,-0.155586,-0.2625
-0.623933,0.809375,-0.168936,-0.240625
-0.625327,0.809375,-0.154084,-0.21875
-0.609277,0.875,-0.164246,-0.284375
-0.627244,0.83125,-0.172362,-0.240625
-0.592877,0.853125,-0.166523,-0.35
-0.627988,0.853125,-0.173768,-0.175
-0.577049,0.91875,-0.183929,-0.371875
-0.54937,0.83125,-0.187684,-0.240625
-0.579838,0.765625,-0.192312,-0.30625
-0.598677,0.896875,-0.205662,-0.13125
-0.570125,0.809375,-0.218431,-0.21875
-0.552031,0.7875,-0.21957,-0.196875
-0.569997,0.875,-0.239616,-0.21875
-0.534759,0.39375,-0.255583,-0.284375
-0.57017,0.765625,-0.259629,-0.240625
-0.517486,0.83125,-0.259605,-0.2625
-0.534581,0.765625,-0.276734,-0.371875
-0.534231,0.721875,-0.263918,-0.65625
-0.516436,0.9625,-0.296166,-0.2625
-0.532359,0.7,-0.30719,-0.240625
-0.530264,0.65625,-0.308329,-0.459375
-0.529042,0.74375,-0.306851,-0.30625
-0.480429,0.7,-0.306246,-0.30625
-0.525725,0.7,-0.305068,-0.284375
-0.523631,0.7,-0.304462,-0.4375
-0.505836,0.765625,-0.302112,-0.30625
-0.458968,0.7,-0.299762,-0.371875
-0.456873,0.634375,-0.299157,-0.35
-0.500997,0.65625,-0.298551,-0.371875
-0.468957,0.6125,-0.298818,-0.30625
-0.482562,0.634375,-0.299957,-0.39375
-0.416505,0.721875,-0.299351,-0.546875
-0.424296,0.678125,-0.30019,-0.371875
-0.440518,0.546875,-0.298712,-0.525
-0.438423,0.6125,-0.298107,-0.678125
-0.436329,0.6125,-0.297501,-0.503125
-0.450807,0.48125,-0.297768,-0.39375
-0.412951,0.196875,-0.298034,-0.240625
-0.409112,0.546875,-0.299173,-0.35
-0.405846,0.56875,-0.29944,-0.39375
-0.391249,0.56875,-0.299707,-0.35
-0.369094,0.809375,-0.301718,-0.48125
-0.384444,0.56875,-0.300812,-0.4375
-0.391362,0.56875,-0.302823,-0.4375
-0.388396,0.503125,-0.30309,-0.196875
-0.402873,0.4375,-0.303357,-0.371875
-0.369088,0.65625,-0.305368,-0.35
-0.347805,0.634375,-0.306507,-0.30625
-0.343094,0.30625,-0.308218,-0.415625
-0.403218,0.525,-0.309357,-0.48125
-0.318844,0.590625,-0.309623,-0.48125
-0.397284,0.459375,-0.30989,-0.328125
-0.347799,0.503125,-0.309857,-0.371875
-0.35529,0.56875,-0.310996,-0.39375
-0.338949,0.459375,-0.313007,-0.35
-0.347612,0.48125,-0.313273,-0.39375
-0.332144,0.503125,-0.314112,-0.415625
-0.340807,0.525,-0.314379,-0.39375
-0.372729,0.415625,-0.314646,-0.590625
-0.334873,0.48125,-0.314612,-0.39375
-0.321149,0.4375,-0.314007,-0.415625
-0.30161,0.39375,-0.313401,-0.48125
-0.346034,0.525,-0.312496,-0.39375
-0.362257,0.503125,-0.311018,-0.371875
-0.378179,0.525,-0.31014,-0.48125
-0.388286,0.503125,-0.309262,-0.415625
-0.35769,0.525,-0.308684,-0.4375
-0.320407,0.48125,-0.308979,-0.415625
-0.306383,0.48125,-0.308973,-0.4375
-0.351379,0.503125,-0.308396,-0.35
-0.332412,0.546875,-0.307518,-0.39375
-0.348334,0.48125,-0.30694,-0.48125
-0.329368,0.48125,-0.306062,-0.415625
-0.374364,0.4375,-0.305484,-0.39375
-0.326023,0.48125,-0.304607,-0.415625
-0.341073,0.546875,-0.304901,-0.6125
-0.304662,0.48125,-0.304023,-0.371875
-0.337157,0.328125,-0.304318,-0.39375
-0.33389,0.371875,-0.305184,-0.415625
-0.34894,0.4375,-0.305479,-0.35
-0.328229,0.415625,-0.306346,-0.39375
-0.342407,0.415625,-0.307212,-0.415625
-0.321696,0.4375,-0.308379,-0.415625
-0.301857,0.634375,-0.308373,-0.371875
-0.316907,0.39375,-0.308668,-0.371875
-0.330212,0.6125,-0.310407,-0.328125
-0.309501,0.35,-0.311273,-0.39375
-0.305362,0.328125,-0.313312,-0.371875
-0.267207,0.371875,-0.314179,-0.35
-0.234866,0.35,-0.315046,-0.328125
-0.229855,0.30625,-0.317957,-0.39375
-0.307123,0.30625,-0.319696,-0.35
-0.251523,0.109375,-0.320862,-0.503125
-0.265701,0.30625,-0.321729,-0.35
-0.23306,0.2625,-0.322596,-0.4375
-0.192288,0.2625,-0.326079,-0.328125
-0.205594,0.30625,-0.328118,-0.240625
-0.248846,0.328125,-0.328984,-0.415625
-0.216505,0.065625,-0.329851,-0.39375
-0.160905,0.2625,-0.331018,-0.39375
-0.190783,0.2625,-0.333629,-0.459375
-0.217462,0.2625,-0.333623,-0.503125
-0.166805,0.35,-0.335362,-0.39375
-0.179238,0.284375,-0.338273,-0.546875
-0.139338,0.196875,-0.340884,-0.371875
-0.135199,0.2625,-0.342623,-0.48125
-0.184266,0.30625,-0.34349,-0.459375
-0.162683,0.240625,-0.345229,-0.39375
-0.177733,0.240625,-0.345523,-0.4375
-0.173594,0.371875,-0.347262,-0.4375
-0.134566,0.21875,-0.349001,-0.678125
-0.131299,0.21875,-0.349868,-0.39375
-0.162921,0.240625,-0.350734,-0.4375
-0.141338,0.21875,-0.352473,-0.546875
-0.118883,0.2625,-0.355084,-0.56875
-0.179579,0.328125,-0.356251,-0.4375
-0.158868,0.153125,-0.357118,-0.48125
-0.125655,0.175,-0.358857,-0.415625
-0.13896,0.503125,-0.360596,-0.56875
-0.182212,0.175,-0.361462,-0.4375
-0.161501,0.196875,-0.362329,-0.39375
-0.192251,0.21875,-0.364068,-0.13125
-0.190729,0.371875,-0.36319,-0.590625
-0.106055,0.21875,-0.364057,-0.503125
-0.167623,0.459375,-0.364051,-0.6125
-0.165229,0.175,-0.364046,-0.4375
-0.181151,0.240625,-0.363168,-0.328125
-0.191259,0.04375,-0.36229,-0.546875
-0.161534,0.2625,-0.36054,-0.678125
-0.206831,0.196875,-0.359662,-0.4375
-0.205309,0.240625,-0.358784,-0.4375
-0.138079,0.21875,-0.359651,-0.48125
-0.201392,0.21875,-0.357901,-0.4375
-0.19987,0.30625,-0.357023,-0.546875
-0.19922,0.196875,-0.355273,-0.525
-0.181125,0.4375,-0.353523,-0.503125
-0.215364,-0.13125,-0.351773,-0.503125
-0.231286,0.109375,-0.350896,-0.503125
-0.213192,0.4375,-0.349146,-0.39375
-0.230859,0.175,-0.346523,-0.48125
-0.230209,0.39375,-0.344773,-0.56875
-0.228686,0.240625,-0.343596,-0.39375
-0.228909,0.240625,-0.340973,-0.39375
-0.228259,0.240625,-0.339223,-0.459375
-0.258427,0.21875,-0.335729,-0.6125
-0.241205,0.35,-0.333107,-0.503125
-0.29376,0.284375,-0.330484,-0.39375
-0.242521,0.35,-0.32699,-0.4375
-0.259616,0.371875,-0.32494,-0.503125
-0.231636,0.35,-0.321446,-0.35
-0.262677,0.35,-0.317079,-0.503125
-0.263771,0.35,-0.313584,-0.39375
-0.299755,0.35,-0.31009,-0.503125
-0.284277,0.328125,-0.305423,-0.39375
-0.267927,0.284375,-0.301929,-0.503125
-0.269894,0.30625,-0.297562,-0.48125
-0.305877,0.30625,-0.294068,-0.503125
-0.225564,0.328125,-0.290273,-0.371875
-0.292366,0.30625,-0.285034,-0.503125
-0.275144,0.328125,-0.282412,-0.371875
-0.259966,0.371875,-0.277746,-0.503125
-0.279077,0.196875,-0.273979,-0.371875
-0.279871,0.328125,-0.271084,-0.4375
-0.328057,0.328125,-0.267618,-0.284375
-0.299777,0.371875,-0.264723,-0.04375
-0.253481,0.328125,-0.262701,-0.35
-0.265033,0.4375,-0.260979,-0.39375
-0.301588,0.35,-0.257212,-0.371875
-0.302383,0.371875,-0.254618,-0.2625
-0.320621,0.39375,-0.251723,-0.371875
-0.303971,0.4375,-0.249701,-0.21875
-0.269877,0.371875,-0.247107,-0.39375
-0.288116,0.328125,-0.244212,-0.04375
-0.28921,0.415625,-0.241318,-0.35
-0.273433,0.4375,-0.237851,-0.503125
-0.273355,0.13125,-0.235829,-0.109375
-0.291594,0.4375,-0.232934,-0.30625
-0.292388,0.415625,-0.23034,-0.4375
-0.263236,0.30625,-0.228318,-0.30625
-0.327994,0.39375,-0.225423,-0.56875
-0.294199,0.39375,-0.222829,-0.2625
-0.294994,0.4375,-0.219934,-0.39375
-0.265842,0.39375,-0.218784,-0.2625
-0.278266,0.415625,-0.216762,-0.415625
-0.313949,0.371875,-0.214168,-0.2625
-0.267353,0.39375,-0.212146,-0.30625
-0.296349,0.35,-0.210123,-0.35
-0.249181,0.56875,-0.206938,-0.371875
-0.249103,0.4375,-0.207823,-0.30625
-0.296416,0.240625,-0.205229,-0.2625
-0.267264,0.415625,-0.203207,-0.30625
-0.23317,0.371875,-0.201184,-0.240625
-0.280483,0.590625,-0.19829,-0.30625
-0.268203,0.590625,-0.19714,-0.175
-0.298071,0.415625,-0.194546,-0.4375
-0.251475,0.4375,-0.193396,0.065625
-0.268842,0.39375,-0.191373,-0.415625
-0.232131,0.39375,-0.191968,-0.240625
-0.296016,0.371875,-0.189946,-0.240625
-0.278794,0.371875,-0.187923,-0.21875
-0.267959,0.459375,-0.182994,-0.35
-0.232992,0.371875,-0.183879,-0.284375
-0.267803,0.35,-0.182729,-0.240625
-0.267725,0.35,-0.162981,0
-0.232186,0.35,-0.169971,-0.21875
-0.278627,0.39375,-0.180451,-0.13125
-0.213714,0.48125,-0.153425,-0.2625
-0.249397,0.39375,-0.160125,0.2625
-0.265892,0.175,-0.171477,-0.240625
-0.278616,0.35,-0.162186,-0.240625
-0.249464,0.503125,-0.169177,-0.240625
-0.265959,0.35,-0.176168,-0.196875
-0.27751,0.35,-0.147397,-0.196875
-0.278305,0.328125,-0.172996,-0.4375
-0.266897,0.35,-0.171846,0.175
-0.231931,0.240625,-0.171568,-0.196875
-0.279244,0.2625,-0.169546,-0.240625
-0.279166,0.328125,-0.167523,-0.21875
-0.27996,0.35,-0.142242,0.04375
-0.251981,0.35,-0.148942,-0.196875
-0.299294,0.39375,-0.138197,-0.21875
-0.271014,0.371875,-0.153038,-0.196875
-0.283438,0.328125,-0.157984,-0.2625
-0.272903,0.284375,-0.155962,-0.196875
-0.302771,0.371875,-0.144055,-0.196875
-0.339327,0.35,-0.12517,-0.065625
-0.340121,0.39375,-0.15164,-0.175
-0.306027,0.371875,-0.121997,-0.30625
-0.289677,0.39375,-0.126081,-0.175
-0.291344,0.39375,-0.135688,-0.196875
-0.291266,0.371875,-0.117084,-0.175
-0.326949,0.371875,-0.115934,-0.175
-0.311471,0.35,-0.126414,-0.328125
-0.32971,0.328125,-0.113634,-0.21875
-0.295616,0.196875,-0.124986,-0.021875
-0.313855,0.328125,-0.120347,-0.109375
-0.316694,0.371875,-0.134016,-0.21875
-0.334933,0.415625,-0.12647,-0.21875
-0.365673,0.415625,-0.110201,0
-0.36734,0.415625,-0.120681,-0.021875
-0.321916,0.4375,-0.120103,-0.240625
-0.306138,0.415625,-0.127094,-0.109375
-0.389212,0.459375,-0.118675,-0.196875
-0.361805,0.503125,-0.121886,-0.240625
-0.346327,0.48125,-0.111714,-0.021875
-0.377068,0.4375,-0.0998067,-0.153125
-0.413623,0.525,-0.106797,-0.35
-0.351627,0.503125,-0.10652,0
-0.37161,0.48125,-0.10129,-0.175
-0.355833,0.4375,-0.108281,-0.175
-0.421462,0.56875,-0.0920122,0
-0.359466,0.56875,-0.103064,-0.284375
-0.343688,0.525,-0.102786,-0.13125
-0.380244,0.2625,-0.0917511,-0.196875
-0.411857,0.525,-0.0894289,-0.196875
-0.384749,0.56875,-0.0900233,0.021875
-0.432934,0.525,-0.0903178,-0.284375
-0.400584,0.546875,-0.0848067,-0.153125
-0.403423,0.56875,-0.09674,0.021875
-0.423407,0.546875,-0.0822067,-0.240625
-0.396871,0.721875,-0.0897789,-0.240625
-0.381394,0.765625,-0.08484,0.021875
-0.46534,0.6125,-0.0961919,-0.30625
-0.450434,0.503125,-0.0831122,0.021875
-0.371566,0.6125,-0.0877956,0.021875
-0.420323,0.546875,-0.100347,0
-0.438834,0.56875,-0.0858511,0.04375
-0.423629,0.525,-0.0867733,-0.415625
-0.425868,0.525,-0.0961178,-0.153125
-0.49207,0.525,-0.0830844,0.021875
-0.481807,0.65625,-0.101742,0
-0.420083,0.634375,-0.0898622,-0.240625
-0.433079,0.56875,-0.0960178,-0.2625
-0.45159,0.853125,-0.0931511,-0.153125
-0.453829,0.525,-0.0897122,-0.30625
-0.437751,0.7,-0.10429,0.065625
-0.427488,0.590625,-0.0930011,-0.21875
-0.41141,0.6125,-0.0915881,0.021875
-0.460168,0.590625,-0.0954178,-0.284375
-0.397571,0.590625,-0.101273,0.153125
-0.446029,0.634375,-0.087077,-0.196875
-0.434894,0.83125,-0.102818,-0.2625
-0.43626,0.525,-0.102577,0.0875
-0.436755,0.65625,-0.094477,-0.21875
-0.438121,0.65625,-0.102377,-0.13125
-0.374653,0.590625,-0.101255,-0.2625
-0.439983,0.634375,-0.102759,-0.30625
-0.388144,0.6125,-0.0990196,-0.04375
-0.424399,0.634375,-0.11476,-0.153125
-0.407149,0.546875,-0.111903,-0.2625
-0.390199,0.590625,-0.117759,-0.196875
-0.390694,0.503125,-0.11432,-0.021875
-0.40776,0.634375,-0.121047,0.065625
-0.378309,0.525,-0.12604,-0.021875
-0.377931,0.546875,-0.124046,-0.21875
-0.360981,0.546875,-0.130773,-0.065625
-0.389677,0.634375,-0.143907,-0.21875
-0.342781,0.459375,-0.148018,-0.0875
-0.342103,0.546875,-0.152129,-0.284375
-0.339981,0.48125,-0.156249,-0.240625
-0.356175,0.503125,-0.170827,-0.284375
-0.337481,0.678125,-0.182788,-0.153125
-0.351931,0.590625,-0.196794,-0.175
-0.314047,0.503125,-0.206138,-0.284375
-0.32937,0.546875,-0.209377,-0.240625
-0.279857,0.415625,-0.227744,-0.284375
-0.305936,0.634375,-0.237088,-0.328125
-0.272996,0.415625,-0.260388,-0.2625
-0.269129,0.328125,-0.279627,-0.2625
-0.264962,0.371875,-0.293333,-0.371875
-0.243651,0.35,-0.302677,-0.2625
-0.23804,0.35,-0.325396,-0.284375
-0.235046,0.35,-0.336784,-0.415625
-0.202105,0.30625,-0.353107,-0.415625
-0.21074,0.284375,-0.363323,-0.4375
-0.178671,0.284375,-0.377901,-0.4375
-0.174805,0.21875,-0.400047,-0.48125
-0.189255,0.240625,-0.405031,-0.459375
-0.185388,0.240625,-0.415247,-0.48125
-0.181521,0.240625,-0.437675,-0.48125
-0.16021,0.2625,-0.446147,-0.503125
-0.17466,0.2625,-0.461016,-0.503125
-0.170794,0.21875,-0.476766,-0.503125
-0.143377,0.30625,-0.495123,-0.56875
-0.120894,0.109375,-0.518714,-0.6125
-0.133599,0.153125,-0.538525,-0.590625
-0.157934,-0.13125,-0.53217,-0.6125
-0.10406,0.328125,-0.53977,-0.678125
-0.14584,0.0875,-0.545053,-0.7
-0.128599,0.109375,-0.577657,-0.7
-0.136362,0.39375,-0.580896,-0.6125
-0.119121,0.2625,-0.585007,-0.65625
-0.0960659,0.2625,-0.583594,-0.678125
-0.108771,0.2625,-0.594101,-0.765625
-0.115662,0.21875,-0.59734,-0.83125
-0.109179,0.175,-0.602323,-0.765625
-0.10444,0.175,-0.605562,-1.02812
-0.0714993,0.153125,-0.607929,-0.7875
-0.09409,0.196875,-0.612912,-0.525
-0.0785937,0.35,-0.615279,-0.875
-0.0863567,-0.2625,-0.617646,-0.853125
-0.08249,0.153125,-0.620012,-0.765625
-0.0943233,0.153125,-0.624123,-0.853125
-0.0605104,0.153125,-0.627362,-0.853125
-0.08659,0.13125,-0.628857,-0.896875
-0.0536493,0.13125,-0.631223,-0.875
-0.0506548,0.196875,-0.632718,-0.4375
-0.111623,0.175,-0.634212,-0.853125
-0.0562956,0.109375,-0.635707,-0.875
-0.0707456,0.175,-0.637201,-0.896875
-0.0677511,0.109375,-0.638696,-0.853125
-0.04644,0.109375,-0.641062,-0.9625
-0.0434456,0.065625,-0.642557,-0.940625
-0.027077,0.021875,-0.645796,-0.940625
-0.0688567,0.109375,-0.649034,-0.896875
-0.0301011,0,-0.651401,-0.91875
-0.0271067,0.13125,-0.652896,-0.809375
-0.0406844,0,-0.655262,-0.940625
-0.0193733,0.065625,-0.656757,-1.1375
-0.0317789,0.175,-0.660296,-0.6125
-0.075003,0,-0.66239,-0.9625
-0.02519,0.196875,-0.664484,-0.91875
-0.0387678,0.0875,-0.685477,-0.940625
-0.0346011,0,-0.669846,-1.05
-0.0487511,-0.065625,-0.67194,-0.9625
-0.0745307,0.04375,-0.70369,-0.83125
-0.0421622,-0.021875,-0.675257,-1.05
-0.0214233,-0.153125,-0.695677,-0.9625
-0.047503,0.04375,-0.678873,-0.91875
-0.061653,0.0875,-0.687364,-0.91875
0.00473222,-0.13125,-0.681318,-1.07187
-0.0550641,0.065625,-0.683412,-0.91875
-0.0351974,0.021875,-0.684934,-0.91875
-0.0676641,0.0875,-0.685284,-0.590625
-0.0315252,-0.021875,-0.684762,-1.15938
-0.0465474,-0.04375,-0.685984,-1.00625
0.00326556,0.0875,-0.688079,-0.83125
-0.0408307,-0.021875,-0.689601,-1.11563
-0.0741696,0.021875,-0.689951,-0.9625
-0.0717474,0.35,-0.691173,-0.65625
-0.0539252,0.109375,-0.690651,-0.984375
-0.0349307,0,-0.691001,-1.00625
-0.0325085,0.13125,-0.692223,-1.15938
-0.048403,0.284375,-0.692573,-0.875
-0.0651696,0.021875,-0.692051,-0.9625
-0.0627474,0.0875,-0.693273,-0.984375
-0.0914437,0.153125,-0.693051,-0.940625
-0.0608196,0.153125,-0.693401,-0.853125
-0.0601419,-0.04375,-0.692879,-0.984375
-0.0402752,0.109375,-0.694101,-0.91875
-0.0570419,-0.065625,-0.693579,-0.678125
-0.0557919,0.175,-0.693929,-1.00625
-0.0676159,-0.021875,-0.692534,-0.940625
-0.119271,0.109375,-0.692012,-0.984375
-0.0837048,0.109375,-0.69149,-0.984375
-0.100471,-0.065625,-0.690968,-0.853125
-0.0826493,0.065625,-0.690446,-0.875
-0.129362,0.153125,-0.689051,-1.00625
-0.0530919,-0.328125,-0.688529,-0.9625
-0.0998048,0.153125,-0.687134,-0.9625
-0.100871,0.153125,-0.684868,-1.07187
-0.066477,0.0875,-0.683473,-0.91875
-0.129762,0.153125,-0.682951,-0.91875
-0.101755,0.415625,-0.680684,-1.09375
-0.101949,0.284375,-0.67929,-1.00625
-0.13239,-0.065625,-0.677023,-1.05
-0.121827,0.371875,-0.674757,-0.875
-0.0862604,0.21875,-0.674234,-0.940625
-0.104771,-0.04375,-0.671968,-0.9625
-0.13404,0.196875,-0.670573,-1.00625
-0.135407,0.04375,-0.668007,-0.9625
-0.107399,0.328125,-0.66574,-0.91875
-0.12591,0.109375,-0.663473,-0.503125
-0.109533,-0.109375,-0.661207,-0.875
-0.157418,0.415625,-0.65894,-0.875
-0.141912,0.109375,-0.655801,-1.11563
-0.142979,0.175,-0.653534,-0.91875
-0.144046,0.109375,-0.651268,-0.83125
-0.116038,0.21875,-0.648701,-0.896875
-0.134849,0.175,-0.646434,-0.896875
-0.136788,-0.021875,-0.643296,-0.7875
-0.166929,0.240625,-0.641029,-0.9625
-0.167996,0.021875,-0.638762,-0.7875
-0.153662,0.13125,-0.634751,-0.765625
-0.172173,0.21875,-0.632184,-0.896875
-0.17324,0.21875,-0.629918,-0.91875
-0.157734,0.328125,-0.626779,-0.91875
-0.177418,0.04375,-0.62364,-0.984375
-0.161912,0.240625,-0.620501,-0.56875
-0.181296,0.196875,-0.617062,-1.09375
-0.184107,0.153125,-0.613051,-0.525
-0.185473,0.459375,-0.610784,-0.875
-0.26882,0.240625,-0.607646,-0.875
-0.223368,0.2625,-0.605079,-1.00625
-0.19159,0.284375,-0.601068,-0.83125
-0.163583,0.153125,-0.598801,-0.809375
-0.241986,0.284375,-0.59479,-0.7875
-0.214851,0.109375,-0.591351,-0.7875
-0.21709,0.2625,-0.588212,-1.05
-0.236473,0.175,-0.585073,-0.7
-0.185207,0.21875,-0.582507,-0.415625
-0.174644,0.240625,-0.58024,-0.7875
-0.189384,0.13125,-0.576229,-0.7875
-0.226212,0.459375,-0.57279,-1.00625
-0.164188,0.21875,-0.569651,-1.00625
-0.259464,0.175,-0.566512,-0.7875
-0.18581,0.2625,-0.563073,-0.765625
-0.251712,0.196875,-0.559934,-1.07187
-0.201318,0.2625,-0.556796,-0.7875
-0.203557,0.2625,-0.553357,-0.7875
-0.240384,0.240625,-0.550218,-0.7875
-0.242323,0.2625,-0.546779,-0.7875
-0.244562,0.2625,-0.54364,-0.765625
-0.182538,0.284375,-0.540501,-0.765625
-0.201921,0.30625,-0.537062,-0.7875
-0.202116,0.284375,-0.535668,-0.7875
-0.233429,0.21875,-0.532229,-0.83125
-0.25194,0.2625,-0.529962,-0.765625
-0.235562,0.35,-0.527696,-0.765625
-0.254373,0.30625,-0.525129,-0.765625
-0.220251,0.30625,-0.523462,-0.765625
-0.191944,0.30625,-0.522396,-0.74375
-0.221484,0.35,-0.521329,-0.30625
-0.239696,0.2625,-0.520262,-0.74375
-0.276223,0.284375,-0.518323,-0.74375
-0.242101,0.30625,-0.517257,-0.39375
-0.260884,0.371875,-0.515318,-0.7875
-0.21426,0.328125,-0.515123,-0.7875
-0.19671,0.35,-0.514929,-0.765625
-0.215794,0.35,-0.51269,-0.678125
-0.21626,0.21875,-0.511623,-0.634375
-0.293492,0.284375,-0.509684,-0.74375
-0.231168,0.35,-0.507746,-0.65625
-0.231934,0.328125,-0.506679,-0.7
-0.234446,0.328125,-0.503868,-0.678125
-0.287246,0.328125,-0.502801,-0.7
-0.236551,0.328125,-0.500562,-0.7875
-0.254762,0.328125,-0.499496,-0.7
-0.238957,0.328125,-0.497557,-0.65625
-0.240296,0.328125,-0.495618,-0.7
-0.211988,0.39375,-0.494551,-0.678125
-0.242701,0.30625,-0.492612,-0.678125
-0.214394,0.39375,-0.491246,-0.7
-0.244807,0.21875,-0.489307,-0.678125
-0.263018,0.284375,-0.48824,-0.7875
-0.23471,0.35,-0.487173,-0.7
-0.247979,0.415625,-0.484934,-0.7
-0.301079,0.30625,-0.483868,-0.678125
-0.220138,0.39375,-0.482801,-0.7
-0.313942,0.35,-0.481734,-0.65625
-0.204227,0.371875,-0.480668,-0.678125
-0.22331,0.284375,-0.478429,-0.590625
-0.252851,0.284375,-0.477362,-0.678125
-0.241988,0.35,-0.476296,-0.678125
-0.254384,0.35,-0.474929,-0.7
-0.191188,0.35,-0.473862,-0.7
-0.191083,0.30625,-0.473668,-0.7
-0.226438,0.284375,-0.472601,-0.7
-0.227205,0.30625,-0.471234,-0.7
-0.227971,0.30625,-0.470168,-0.678125
-0.210421,0.196875,-0.469973,-0.7
-0.191999,0.35,-0.470351,-0.65625
-0.255557,0.48125,-0.470157,-0.65625
-0.227249,0.328125,-0.46909,-0.6125
-0.193127,0.328125,-0.467723,-0.721875
-0.208721,0.284375,-0.469273,-0.7
-0.179542,0.284375,-0.469079,-0.7
-0.226527,0.328125,-0.467712,-0.6125
-0.208977,0.284375,-0.467518,-0.678125
-0.244633,0.415625,-0.466451,-0.678125
-0.209638,0.284375,-0.465957,-0.634375
-0.209533,0.35,-0.465762,-0.7
-0.209999,0.240625,-0.465268,-0.65625
-0.191577,0.39375,-0.465946,-0.65625
-0.192344,0.240625,-0.464879,-0.634375
-0.244571,0.371875,-0.464384,-0.65625
-0.193005,0.21875,-0.463318,-0.65625
-0.192599,0.35,-0.462823,-0.6125
-0.179992,0.196875,-0.463501,-0.634375
-0.191516,0.35,-0.463007,-0.56875
-0.19141,0.196875,-0.462812,-0.6125
-0.207877,0.39375,-0.46349,-0.65625
-0.206899,0.328125,-0.463868,-0.65625
-0.187305,0.2625,-0.465418,-0.6125
-0.157253,0.415625,-0.465796,-0.678125
-0.154531,0.240625,-0.468218,-0.65625
-0.170997,0.240625,-0.468596,-0.65625
-0.179905,0.196875,-0.471018,-0.74375
-0.165553,0.30625,-0.47314,-0.875
-0.145959,0.0875,-0.47469,-0.634375
-0.143236,0.13125,-0.476812,-0.65625
-0.123942,0.0875,-0.478362,-0.74375
-0.156109,0.196875,-0.480484,-0.6125
-0.136814,0.0875,-0.482034,-0.634375
-0.152409,0.30625,-0.483284,-0.7
-0.150259,0.0875,-0.484834,-0.65625
-0.16091,0.109375,-0.485212,-0.65625
-0.0950974,0.0875,-0.486462,-0.74375
-0.145581,0.196875,-0.488012,-0.6125
-0.109714,0.21875,-0.48839,-0.7
-0.172699,0.13125,-0.489068,-0.7
-0.125203,0.109375,-0.489446,-0.7
-0.171316,0.13125,-0.489251,-0.7
-0.140392,0.30625,-0.490501,-0.6125
-0.139414,0.2625,-0.490879,-0.7
-0.12012,0.153125,-0.492429,-0.83125
-0.136586,0.13125,-0.492807,-0.65625
-0.135609,0.109375,-0.493484,-0.65625
-0.133759,0.284375,-0.494734,-0.875
-0.114164,0.153125,-0.495984,-0.853125
-0.130631,0.153125,-0.496662,-0.7
-0.110464,0.284375,-0.498784,-0.74375
-0.109486,0.21875,-0.499462,-0.678125
-0.13641,0.175,-0.501312,-0.678125
-0.13456,0.153125,-0.502862,-0.7
-0.168171,0.13125,-0.50384,-0.7
-0.149449,0.13125,-0.504518,-0.678125
-0.131027,0.109375,-0.505496,-0.7
-0.129749,0.196875,-0.506473,-0.7
-0.117142,0.109375,-0.507151,-0.65625
-0.144938,0.153125,-0.508129,-0.7
-0.161405,0.109375,-0.508807,-0.83125
-0.144427,0.0875,-0.50804,-0.7
-0.160594,0.240625,-0.509018,-0.721875
-0.177933,0.284375,-0.508823,-0.7
-0.160083,0.196875,-0.508929,-0.74375
-0.160849,0.503125,-0.507862,-0.7875
-0.17876,0.021875,-0.507096,-0.634375
-0.179527,0.21875,-0.506029,-0.7
-0.179121,0.196875,-0.506134,-0.721875
-0.191218,0.2625,-0.505068,-0.91875
-0.16291,-0.21875,-0.504301,-0.7
-0.180821,0.2625,-0.503234,-0.7
-0.164144,0.459375,-0.502468,-0.74375
-0.182055,0.39375,-0.501701,-0.7
-0.195323,0.39375,-0.499762,-0.65625
-0.212362,0.21875,-0.499868,-0.74375
-0.16631,0.240625,-0.498801,-0.7
-0.196151,0.39375,-0.497734,-0.7
-0.214062,0.284375,-0.496968,-0.65625
-0.198257,0.30625,-0.495029,-0.721875
-0.151333,0.21875,-0.495134,-0.7
-0.216934,0.2625,-0.493196,-0.74375
-0.218273,0.2625,-0.491557,-0.7
-0.266431,0.35,-0.489618,-0.765625
-0.157288,0.371875,-0.487979,-0.7
-0.175499,0.21875,-0.486912,-0.7
-0.223357,0.35,-0.485273,-0.7
-0.24214,0.590625,-0.483334,-0.6125
-0.272853,0.240625,-0.481396,-0.39375
-0.228546,0.240625,-0.478884,-0.74375
-0.200238,0.39375,-0.477818,-0.765625
-0.212334,0.240625,-0.477051,-0.678125
-0.213101,0.2625,-0.475984,-0.7
-0.231884,0.30625,-0.474046,-0.4375
-0.204449,0.2625,-0.472407,-0.65625
-0.268879,0.2625,-0.47134,-0.65625
-0.218184,0.35,-0.469401,-0.525
-0.189577,0.30625,-0.468634,-0.678125
-0.191216,0.35,-0.466696,-0.6125
-0.209127,0.240625,-0.465929,-0.853125
-0.209894,-0.04375,-0.464862,-0.74375
-0.193788,0.328125,-0.462923,-0.853125
-0.223329,0.21875,-0.462157,-0.6125
-0.223223,0.35,-0.461962,-0.7
-0.21206,0.35,-0.460896,-0.7
-0.159621,0.415625,-0.460701,-0.65625
-0.194105,0.0875,-0.460807,-0.65625
-0.177427,0.284375,-0.45974,-0.175
-0.177894,0.30625,-0.458673,-0.6125
-0.196977,0.4375,-0.457034,-0.6125
-0.179127,0.240625,-0.45684,-0.48125
-0.197338,0.196875,-0.455773,-0.459375
-0.179488,0.525,-0.455579,-0.48125
-0.196827,0.13125,-0.455684,-0.6125
-0.197294,0.30625,-0.454618,-0.590625
-0.197188,0.21875,-0.454423,-0.65625
-0.197655,0.284375,-0.453357,-0.634375
-0.179233,0.240625,-0.454334,-0.7875
-0.149753,0.284375,-0.45414,-0.590625
-0.161277,0.415625,-0.453946,-0.678125
-0.178316,0.328125,-0.453751,-0.56875
-0.149136,0.240625,-0.453557,-0.6125
-0.148731,0.153125,-0.453662,-0.7
-0.15851,0.13125,-0.455212,-0.525
-0.129031,0.21875,-0.455018,-0.2625
-0.144625,-0.04375,-0.456568,-0.525
-0.143347,0.196875,-0.457246,-0.65625
-0.14237,0.196875,-0.458223,-0.56875
-0.105331,0.153125,-0.459773,-0.6125
-0.120053,0.196875,-0.462196,-0.6125
-0.118203,0.21875,-0.463746,-0.525
-0.0986085,0.13125,-0.465296,-0.6125
-0.0967585,0.175,-0.466846,-0.525
-0.0954807,0.153125,-0.467523,-0.65625
-0.110203,0.153125,-0.470246,-0.65625
-0.0914807,0.153125,-0.470923,-0.634375
-0.125392,0.153125,-0.471601,-0.7
-0.123242,0.175,-0.473151,-0.634375
-0.133894,0.175,-0.473829,-0.590625
-0.084353,0.13125,-0.476251,-0.74375
-0.0650585,0.0875,-0.477801,-0.678125
-0.0620363,0.153125,-0.480223,-0.590625
-0.0767585,0.065625,-0.482646,-0.65625
-0.0937974,0.065625,-0.482451,-0.65625
-0.10852,0.21875,-0.484873,-0.6125
-0.0549085,0.0875,-0.485851,-0.7875
-0.070503,0.04375,-0.487401,-0.91875
-0.0395789,0.065625,-0.488951,-0.6125
-0.0499307,0.240625,-0.489629,-0.6125
-0.064353,0.153125,-0.492951,-0.7
-0.0976641,0.109375,-0.494529,-0.875
-0.0777696,0,-0.496979,-0.875
-0.0747474,-0.04375,-0.500301,-0.65625
-0.054853,0.021875,-0.502751,-0.21875
-0.0875919,0.13125,-0.505201,-0.35
-0.050253,0.175,-0.507651,-0.65625
-0.048103,0.175,-0.510101,-0.74375
-0.0630974,0.065625,-0.512551,-0.65625
-0.0618196,0.021875,-0.514129,-0.35
-0.0593696,0.065625,-0.516579,-0.7875
-0.0755363,0.153125,-0.518157,-0.7
-0.0730863,-0.175,-0.520607,-0.678125
-0.0700641,-0.065625,-0.523929,-0.74375
-0.0801159,0.39375,-0.525507,-0.634375
-0.0680807,0.065625,-0.526212,-0.765625
-0.095577,-0.109375,-0.52779,-0.7875
-0.0652252,0.109375,-0.529368,-0.7
-0.0944659,0.153125,-0.529201,-0.74375
-0.0940604,0.153125,-0.529907,-0.74375
-0.0933548,0.153125,-0.530612,-0.56875
-0.14034,0.175,-0.530446,-0.7
-0.0939881,0.196875,-0.530279,-0.74375
-0.0944548,0.175,-0.530112,-0.765625
-0.14114,0.175,-0.529646,-0.74375
-0.0950881,0.21875,-0.529479,-0.74375
-0.16009,0.21875,-0.52844,-0.74375
-0.078277,0.175,-0.529146,-0.74375
-0.160723,0.196875,-0.528107,-0.74375
-0.132116,0.0875,-0.52794,-0.7875
-0.145657,0.240625,-0.526029,-0.7
-0.181012,0.175,-0.525862,-0.765625
-0.181179,0.153125,-0.525696,-0.765625
-0.147629,0.21875,-0.524357,-0.7875
-0.201301,0.21875,-0.523318,-0.721875
-0.213097,0.415625,-0.523151,-0.7
-0.16879,0.2625,-0.52124,-0.83125
-0.169829,0.2625,-0.520201,-0.7
-0.172912,0.240625,-0.517418,-0.7875
-0.191396,0.2625,-0.516079,-0.74375
-0.240125,0.2625,-0.514168,-0.721875
-0.178946,0.30625,-0.511384,-0.875
-0.198601,-0.175,-0.509473,-0.74375
-0.247031,0.2625,-0.507562,-0.7
-0.22104,0.21875,-0.504779,-0.765625
-0.333433,0.2625,-0.502568,-0.721875
-0.207718,0.35,-0.500657,-0.9625
-0.321855,0.284375,-0.497001,-0.83125
-0.260103,0.35,-0.49509,-0.875
-0.21754,0.328125,-0.491134,-0.7875
-0.219451,0.240625,-0.489223,-0.7
-0.269053,0.35,-0.48644,-0.65625
-0.255264,0.35,-0.482784,-0.721875
-0.24759,0.35,-0.478829,-0.721875
-0.28032,0.240625,-0.475173,-0.74375
-0.255201,0.35,-0.471518,-0.65625
-0.305375,0.39375,-0.467862,-0.6125
-0.384923,0.48125,-0.463907,-0.7
-0.387707,0.371875,-0.461123,-0.590625
-0.332642,0.39375,-0.45834,-0.678125
-0.336597,0.415625,-0.454684,-0.65625
-0.304492,0.39375,-0.451601,-0.65625
-0.388983,0.39375,-0.448818,-0.7
-0.358621,0.371875,-0.44429,-0.809375
-0.396594,0.415625,-0.441207,-0.65625
-0.300525,0.503125,-0.438423,-0.6125
-0.291979,0.4375,-0.43564,-0.6125
-0.29419,0.4375,-0.433429,-0.6125
-0.419957,0.634375,-0.429773,-0.6125
-0.364892,0.546875,-0.408964,-0.6125
-0.316214,0.4375,-0.423907,-0.6125
-0.371631,0.415625,-0.421123,-0.7875
-0.339525,0.503125,-0.41834,-0.6125
-0.389999,0.48125,-0.414384,-0.6125
-0.300046,0.503125,-0.411601,-0.6125
-0.384236,0.590625,-0.408518,-0.6125
-0.305912,0.371875,-0.405734,-0.590625
-0.449123,0.39375,-0.402079,-0.6125
-0.341725,0.503125,-0.398996,-0.6125
-0.332007,0.459375,-0.397084,-0.4375
-0.40981,0.39375,-0.394873,-0.6125
-0.348059,0.56875,-0.392962,-0.56875
-0.339212,0.65625,-0.390179,-0.56875
-0.353053,0.415625,-0.387968,-0.6125
-0.419799,0.415625,-0.385184,-0.6125
-0.35892,0.546875,-0.382101,-0.56875
-0.31374,0.4375,-0.381062,-0.56875
-0.36217,0.48125,-0.378851,-0.590625
-0.30129,0.459375,-0.376068,-0.56875
-0.402053,0.4375,-0.373857,-0.56875
-0.322857,0.459375,-0.371946,-0.56875
-0.360529,0.4375,-0.369462,-0.525
-0.408959,0.459375,-0.367551,-0.546875
-0.329762,0.459375,-0.36594,-0.6125
-0.378192,0.4375,-0.364029,-0.525
-0.332712,0.48125,-0.36329,-0.459375
-0.350323,0.48125,-0.363423,-0.546875
-0.33479,0.48125,-0.361512,-0.56875
-0.37189,0.525,-0.359901,-0.56875
-0.33804,0.48125,-0.358862,-0.48125
-0.385597,0.4375,-0.358123,-0.48125
-0.357562,0.48125,-0.357084,-0.48125
-0.294938,0.48125,-0.356346,-0.48125
-0.359068,0.48125,-0.356179,-0.48125
-0.343534,0.48125,-0.354568,-0.525
-0.344573,0.459375,-0.353529,-0.525
-0.380801,0.503125,-0.35279,-0.48125
-0.330379,0.48125,-0.350879,-0.56875
-0.301471,0.459375,-0.351012,-0.525
-0.319083,0.48125,-0.350846,-0.13125
-0.383512,0.503125,-0.350979,-0.4375
-0.303144,0.459375,-0.34994,-0.525
-0.30331,0.459375,-0.350073,-0.459375
-0.350868,0.4375,-0.349907,-0.6125
-0.32226,0.459375,-0.35004,-0.525
-0.322427,0.48125,-0.349873,-0.525
-0.334223,0.503125,-0.350007,-0.48125
-0.32276,0.35,-0.34984,-0.48125
-0.306655,0.4375,-0.349101,-0.48125
-0.288505,0.4375,-0.349807,-0.525
-0.32356,0.4375,-0.34964,-0.459375
-0.306283,0.4375,-0.349773,-0.7
-0.270988,0.4375,-0.350479,-0.39375
-0.334246,0.415625,-0.351484,-0.48125
-0.286149,0.328125,-0.353934,-0.459375
-0.285744,0.371875,-0.347671,-0.39375
-0.266721,0.4375,-0.356518,-0.6125
-0.282588,0.4375,-0.358096,-0.65625
-0.264438,0.371875,-0.359101,-0.459375
-0.280605,0.415625,-0.360679,-0.459375
-0.326418,0.328125,-0.361384,-0.48125
-0.25012,0.415625,-0.36239,-0.48125
-0.278488,0.371875,-0.363096,-0.459375
-0.27721,0.328125,-0.364973,-0.48125
-0.246559,0.371875,-0.366551,-0.525
-0.257483,0.4375,-0.367257,-0.6125
-0.244575,0.4375,-0.369134,-0.48125
-0.24387,0.39375,-0.36984,-0.0875
-0.253049,0.371875,-0.37229,-0.6125
-0.222397,0.56875,-0.374168,-0.525
-0.22112,0.39375,-0.375746,-0.7
-0.183781,0.4375,-0.378196,-0.48125
-0.198775,-0.021875,-0.380646,-0.56875
-0.214942,0.284375,-0.382523,-0.6125
-0.194175,0.328125,-0.385846,-0.459375
-0.191725,0.2625,-0.388296,-0.525
-0.171831,0.328125,-0.391046,-0.525
-0.169681,0.240625,-0.393496,-0.525
-0.166359,0.371875,-0.396818,-0.56875
-0.152279,0.196875,-0.399268,-0.525
-0.114368,0.35,-0.40289,-0.590625
-0.12849,0.196875,-0.406212,-0.56875
-0.154242,0.30625,-0.409534,-0.525
-0.152092,0.175,-0.411984,-0.546875
-0.101379,0.240625,-0.416479,-0.546875
-0.144575,0.153125,-0.419801,-0.56875
-0.0758456,0.13125,-0.424868,-0.7
-0.10654,0.196875,-0.429062,-0.56875
-0.103218,0.0875,-0.432684,-0.56875
-0.0815789,0.13125,-0.436879,-0.6125
-0.0960011,0.13125,-0.440201,-0.6125
-0.0752344,0.153125,-0.443523,-0.590625
-0.0719122,0.13125,-0.446846,-0.6125
-0.0680178,0.13125,-0.45134,-0.13125
-0.0463789,0.021875,-0.455534,-0.7
-0.0596289,0.240625,-0.459729,-0.6125
-0.0723067,0.13125,-0.464796,-0.6125
-0.0506678,0.13125,-0.46899,-0.634375
-0.0447289,0,-0.474929,-0.65625
-0.0399622,0.153125,-0.479996,-0.634375
-0.05234,0.109375,-0.485362,-0.678125
-0.00976778,0.153125,-0.493046,-0.7
-0.0872807,0.04375,-0.49724,-0.634375
-0.0356956,0.065625,-0.502307,-0.7
-0.0771474,0.0875,-0.507373,-0.6125
-0.0267344,0.021875,-0.511568,-0.678125
-0.0216678,0.021875,-0.516634,-0.7
-0.0349178,0.175,-0.520829,-0.7875
0.00386556,0.04375,-0.525323,-0.7
-0.0733474,-0.065625,-0.529518,-0.74375
-0.069153,0.065625,-0.533712,-0.6125
-0.0312419,0.065625,-0.537034,-0.74375
-0.0296641,0.153125,-0.538612,-0.721875
-0.0275141,0.109375,-0.541062,-0.896875
-0.0416363,-0.021875,-0.544384,-0.74375
-0.0400585,-0.065625,-0.545962,-0.765625
-0.0195919,-0.021875,-0.549284,-0.74375
-0.0520307,-0.021875,-0.551734,-0.65625
-0.0678974,-0.30625,-0.553312,-0.525
-0.077377,0.21875,-0.555762,-0.765625
-0.0757993,-0.0875,-0.55734,-0.7875
-0.0742215,0.13125,-0.558918,-0.83125
-0.0726437,-0.065625,-0.560796,-0.74375
-0.0719381,0.21875,-0.562401,-0.7875
-0.0875048,-0.0875,-0.564579,-0.7875
-0.12256,-0.065625,-0.565312,-0.875
-0.0857937,0.13125,-0.56749,-0.765625
-0.0850881,0.13125,-0.568796,-0.7875
-0.119844,0.240625,-0.569529,-0.7875
-0.0842493,0.13125,-0.570834,-0.74375
-0.10186,0.175,-0.571568,-0.7875
-0.131673,-0.04375,-0.571129,-0.765625
-0.102766,0.284375,-0.571562,-0.7875
-0.120949,0.175,-0.571423,-0.7875
-0.132746,0.2625,-0.571857,-0.7875
-0.150929,0.153125,-0.571418,-0.7875
-0.134523,0.2625,-0.571279,-0.74375
-0.135262,0.196875,-0.57084,-0.74375
-0.201136,0.284375,-0.569829,-0.7875
-0.172801,0.240625,-0.56939,-0.7875
-0.192157,0.21875,-0.568079,-0.7875
-0.158007,0.459375,-0.56794,-0.721875
-0.159918,0.21875,-0.566629,-0.7875
-0.160657,0.240625,-0.56619,-0.7875
-0.244847,0.21875,-0.564007,-0.875
-0.199368,0.415625,-0.563868,-0.7875
-0.183534,0.175,-0.562557,-0.7875
-0.215392,0.35,-0.560373,-0.7875
-0.234447,0.2625,-0.559362,-0.83125
-0.27212,0.56875,-0.557179,-0.74375
-0.257159,0.328125,-0.554996,-0.7875
-0.25907,-0.065625,-0.553684,-0.7875
-0.226664,0.328125,-0.551801,-0.7875
-0.310855,0.328125,-0.549618,-0.65625
-0.249675,0.35,-0.547434,-0.7875
-0.223084,0.328125,-0.545551,-0.721875
-0.348851,0.459375,-0.542496,-0.83125
-0.211779,0.371875,-0.540312,-0.765625
-0.342488,0.415625,-0.538129,-0.39375
-0.310083,0.35,-0.535946,-0.7875
-0.249775,0.415625,-0.53319,-0.7875
-0.241501,0.35,-0.530134,-0.7875
-0.273359,0.415625,-0.527951,-0.7875
-0.230496,0.48125,-0.524896,-0.7875
-0.34346,0.35,-0.523012,-0.765625
-0.37619,0.48125,-0.519957,-0.721875
-0.303953,0.371875,-0.516901,-0.74375
-0.382329,0.503125,-0.514718,-0.74375
-0.263573,0.459375,-0.511662,-0.721875
-0.24804,0.39375,-0.510351,-0.721875
-0.268268,0.56875,-0.508468,-0.7
-0.271623,0.459375,-0.505412,-0.765625
-0.349999,0.415625,-0.503229,-0.7875
-0.306836,0.4375,-0.500173,-0.678125
-0.292175,0.415625,-0.49799,-0.721875
-0.39381,0.4375,-0.495807,-0.765625
-0.332331,0.109375,-0.493923,-0.74375
-0.300225,0.30625,-0.49174,-0.74375
-0.302709,0.4375,-0.489557,-0.4375
-0.357825,0,-0.487373,-0.875
-0.307975,0.546875,-0.48519,-0.7
-0.363092,0.415625,-0.483007,-0.896875
-0.31267,0.328125,-0.481696,-0.721875
-0.302651,0.371875,-0.480384,-0.7
-0.317064,0.39375,-0.478201,-0.74375
-0.307918,0.503125,-0.476318,-0.6125
-0.386294,0.48125,-0.474134,-0.56875
-0.325114,0.4375,-0.471951,-0.678125
-0.326725,0.328125,-0.47064,-0.7
-0.282118,0.525,-0.469329,-0.56875
-0.284029,0.6125,-0.468018,-0.7
-0.333031,0.459375,-0.465834,-0.65625
-0.323312,0.459375,-0.464523,-0.7
-0.353997,0.459375,-0.463212,-0.7
-0.291946,0.634375,-0.461901,-0.7
-0.329618,0.459375,-0.459718,-0.65625
-0.312912,0.459375,-0.459279,-0.65625
-0.314823,0.459375,-0.457968,-0.65625
-0.363825,0.4375,-0.455784,-0.65625
-0.283457,0.459375,-0.455346,-0.678125
-0.320257,0.39375,-0.454034,-0.6125
-0.320996,0.4375,-0.453596,-0.6125
-0.287146,0.459375,-0.453157,-0.65625
-0.323946,0.39375,-0.451846,-0.65625
-0.324684,0.459375,-0.451407,-0.678125
-0.325723,0.4375,-0.450968,-0.7
-0.290701,0.4375,-0.451401,-0.7875
-0.292612,0.328125,-0.45009,-0.65625
-0.345112,0.4375,-0.450523,-0.7875
-0.281016,0.4375,-0.450957,-0.6125
-0.293684,0.4375,-0.450518,-0.634375
-0.282221,0.371875,-0.450951,-0.6125
-0.293718,0.371875,-0.451384,-0.525
-0.26481,0.415625,-0.451818,-0.590625
-0.281249,0.371875,-0.453123,-0.6125
-0.31049,0.415625,-0.453557,-0.56875
-0.246694,0.4375,-0.45399,-0.74375
-0.293079,0.39375,-0.454123,-0.6125
-0.264171,0.39375,-0.454557,-0.48125
-0.28091,0.415625,-0.455862,-0.6125
-0.292407,0.328125,-0.456296,-0.853125
-0.22861,0.371875,-0.457029,-0.65625
-0.262494,0.35,-0.458334,-0.74375
-0.261788,0.39375,-0.45994,-0.65625
-0.260783,0.39375,-0.461546,-0.6125
-0.242333,0.30625,-0.463151,-0.7
-0.195109,0.196875,-0.464457,-0.678125
-0.257194,0.196875,-0.466934,-0.7
-0.236999,0.35,-0.492671,-0.6125
-0.218849,0.371875,-0.471018,-0.6125
-0.20447,0.328125,-0.474068,-0.634375
-0.214221,0.35,-0.476546,-0.525
-0.201014,0.284375,-0.479023,-0.65625
-0.198264,0.415625,-0.482073,-0.809375
-0.197259,0.21875,-0.483679,-0.7
-0.194809,0.328125,-0.487029,-0.65625
-0.173742,0.328125,-0.490951,-0.525
-0.124473,0.459375,-0.494301,-0.678125
-0.16767,0.284375,-0.498523,-0.634375
-0.147475,0.30625,-0.501873,-0.7
-0.163342,0.2625,-0.504051,-0.7
-0.143147,0.284375,-0.507401,-0.678125
-0.122953,0.2625,-0.510751,-0.74375
-0.137947,0.2625,-0.513801,-0.7
-0.117753,0.21875,-0.517151,-0.721875
-0.103373,0.21875,-0.520201,-0.7
-0.112553,0.21875,-0.523551,-0.7875
-0.0981733,0.196875,-0.526901,-0.7
-0.107353,0.196875,-0.529951,-0.721875
-0.121175,0.196875,-0.534173,-0.7
-0.100981,0.240625,-0.537523,-0.74375
-0.0685844,0.240625,-0.541446,-0.809375
-0.0815344,0.240625,-0.54654,-0.7
-0.0761678,0.175,-0.552207,-0.91875
-0.0737178,-0.0875,-0.555557,-0.7875
-0.0517789,0.0875,-0.560651,-0.9625
-0.094103,0.04375,-0.565446,-0.7875
-0.0721641,0.109375,-0.57054,-0.7875
-0.05604,0.109375,-0.574462,-0.7875
-0.0809196,0.0875,-0.579557,-0.7875
-0.0764252,0.240625,-0.584351,-0.74375
-0.0440289,0.153125,-0.588573,-0.765625
-0.0511641,0.04375,-0.593668,-0.91875
-0.083303,0.021875,-0.596718,-0.7875
-0.0625363,-0.04375,-0.60094,-0.721875
-0.0580419,-0.065625,-0.605734,-0.7875
-0.0730363,0.109375,-0.609084,-0.7875
-0.0711585,-0.04375,-0.611262,-0.83125
-0.0684085,-0.0875,-0.615775,-0.7875
-0.0659585,0,-0.615918,-0.7875
-0.0457641,0.109375,-0.619268,-0.83125
-0.0441863,0.021875,-0.621446,-0.875
-0.0239919,0.109375,-0.624796,-0.83125
-0.0581752,-0.021875,-0.626101,-0.875
-0.0737419,-0.065625,-0.628579,-0.853125
-0.0718641,0.04375,-0.630757,-1.07187
-0.0353974,0.021875,-0.633234,-0.765625
-0.0800381,-0.065625,-0.63454,-0.91875
-0.067703,0.0875,-0.636146,-0.896875
-0.0466363,0.065625,-0.640068,-1.09375
-0.0613307,0.021875,-0.643418,-0.875
-0.0705104,0.109375,-0.646468,-0.91875
-0.12271,0.0875,-0.647201,-0.83125
-0.0862437,0.065625,-0.649379,-0.83125
-0.0843659,0.13125,-0.651557,-0.83125
-0.0653437,0.109375,-0.654034,-0.875
-0.099227,0.0875,-0.657375,-0.896875
-0.0973493,0.13125,-0.656946,-0.91875
-0.0791993,0.13125,-0.658251,-0.7875
-0.113083,0.240625,-0.659557,-0.91875
-0.113249,0.109375,-0.66029,-0.91875
-0.111371,0.13125,-0.684855,-0.91875
-0.140612,0.13125,-0.662329,-0.940625
-0.123034,0.153125,-0.662762,-0.91875
-0.111571,0.065625,-0.663196,-0.940625
-0.123068,0.175,-0.663057,-1.00625
-0.140379,0.153125,-0.66349,-0.503125
-0.123973,0.175,-0.663351,-0.7
-0.158729,0.109375,-0.663784,-0.83125
-0.124007,0.175,-0.664218,-0.91875
-0.141318,0.109375,-0.664951,-0.91875
-0.11241,0.153125,-0.665384,-0.896875
-0.189614,0.175,-0.664073,-0.984375
-0.125818,0.240625,-0.664807,-0.91875
-0.178018,0.13125,-0.66524,-0.91875
-0.114794,0.240625,-0.664801,-0.91875
-0.127462,0.284375,-0.664662,-0.91875
-0.145646,0.196875,-0.664223,-0.9625
-0.147557,0.0875,-0.662912,-0.91875
-0.16574,0.21875,-0.662473,-0.984375
-0.149334,0.284375,-0.662334,-0.74375
-0.196592,0.109375,-0.661896,-0.940625
-0.151984,0.30625,-0.660584,-0.940625
-0.123649,0.240625,-0.690101,-0.896875
-0.188651,0.328125,-0.659134,-0.940625
-0.155373,0.240625,-0.657823,-0.91875
-0.238692,0.13125,-0.656512,-0.984375
-0.192912,0.284375,-0.656373,-0.940625
-0.193951,0.371875,-0.655934,-0.91875
-0.208064,0.2625,-0.653751,-0.853125
-0.132638,0.196875,-0.654184,-0.91875
-0.145007,-0.21875,-0.654046,-0.940625
-0.16349,0.240625,-0.653607,-0.91875
-0.209875,0.21875,-0.65434,-0.853125
-0.246375,0.2625,-0.653329,-0.984375
-0.199723,0.284375,-0.654362,-1.09375
-0.164701,0.39375,-0.655096,-0.896875
-0.147996,0.30625,-0.655257,-0.896875
-0.165307,0.459375,-0.65629,-0.91875
-0.18349,0.328125,-0.656151,-1.11563
-0.167657,0.065625,-0.65544,-0.9625
-0.150079,0.2625,-0.656173,-0.875
-0.150818,0.371875,-0.656334,-0.91875
-0.216392,0.240625,-0.655323,-0.940625
-0.170612,0.30625,-0.655484,-0.91875
-0.153907,-0.021875,-0.655646,-0.91875
-0.17209,0.196875,-0.655507,-0.875
-0.143755,0.21875,-0.655668,-0.896875
-0.173568,0.21875,-0.655529,-0.91875
-0.156862,-0.021875,-0.65569,-0.853125
-0.209934,0.240625,-0.655551,-0.875
-0.14671,0.21875,-0.655712,-0.896875
-0.147449,0.240625,-0.655573,-0.940625
-0.147316,0.21875,-0.656607,-0.853125
-0.148055,0.196875,-0.656468,-0.91875
-0.177868,0.240625,-0.656629,-0.91875
-0.149533,0.21875,-0.65649,-0.91875
-0.161029,0.21875,-0.657523,-0.7875
-0.179212,0.153125,-0.657384,-0.91875
-0.179079,0.196875,-0.657546,-0.940625
-0.132427,0.196875,-0.681538,-0.853125
-0.161368,0.175,-0.659312,-0.875
-0.149605,0.21875,-0.660046,-0.875
-0.196862,0.30625,-0.659907,-0.91875
-0.114749,0.39375,-0.661812,-0.91875
-0.13206,0.153125,-0.662546,-1.11563
-0.149371,0.284375,-0.663579,-0.91875
-0.149238,0.240625,-0.664312,-0.634375
-0.130788,0.196875,-0.666218,-0.875
-0.130655,0.39375,-0.666951,-0.91875
-0.112205,0.328125,-0.667984,-0.91875
-0.156846,0.284375,-0.670462,-1.09375
-0.164562,0.240625,-0.68079,-1.09375
-0.117038,0.175,-0.682696,-1.1375
-0.0977159,0.13125,-0.685173,-0.875
-0.0792659,0.196875,-0.687079,-0.91875
-0.0648863,0.13125,-0.689557,-0.91875
-0.126971,0.30625,-0.692034,-0.9625
-0.107649,0.13125,-0.694812,-0.984375
-0.0700104,0.021875,-0.69729,-1.15938
-0.0381863,0.021875,-0.70064,-1.1375
-0.0645104,0,-0.703418,-0.546875
-0.0329863,0,-0.705896,-0.9625
-0.0311085,0,-0.708373,-1.18125
-0.0574326,0,-0.730049,-0.9625
-0.0555548,0,-0.713629,-1.02812
-0.0702493,0.196875,-0.716107,-0.984375
-0.0035363,0.13125,-0.719757,-0.6125
-0.0182307,0.109375,-0.722234,-1.15938
-0.032053,0,-0.726457,-0.984375
-0.0301752,0,-0.729234,-0.940625
-0.0282974,0.04375,-0.73084,-1.00625
-0.0546215,0.109375,-0.73419,-1.00625
-0.00622519,0.021875,-0.736096,-1.02812
0.012797,0.021875,-0.738573,-1.20312
0.0164193,0,-0.742796,-1.00625
-0.0157196,0.175,-0.772894,-0.83125
0.0393637,0.175,-0.748051,-0.6125
0.00635259,-0.021875,-0.750529,-1.09375
-0.00921407,0,-0.752134,-1.05
0.0101081,0.04375,-0.78136,-0.9625
-0.00545852,-0.04375,-0.756518,-1.1375
-0.0143381,0.021875,-0.765392,-1.07187
-0.0133326,-0.04375,-0.777755,-1.07187
-0.012327,0.04375,-0.760462,-1.05
-0.0281937,-0.065625,-0.762368,-1.00625
-0.0271881,0.021875,-0.790721,-1.05
-0.0619437,0.04375,-0.763834,-1.26875
-0.00773259,-0.021875,-0.77707,-1.09375
0.022347,0.0875,-0.766473,-1.05
-0.0580548,-0.021875,-0.768079,-0.7875
-0.0230326,0.021875,-0.791199,-1.09375
-0.00545481,-0.0875,-0.770709,-1.05
-0.00444926,-0.021875,-0.769407,-1.1375
-0.103468,-0.13125,-0.784105,-1.07187
-0.021927,0.153125,-0.797049,-1.11563
-0.0392381,0.0875,-0.768418,-1.00625
-0.0565493,0.13125,-0.769151,-1.05
-0.0680456,0.109375,-0.769012,-0.984375
-0.0687844,0.13125,-0.795621,-1.09375
-0.0695233,-0.04375,-0.76699,-1.09375
-0.104279,0.13125,-0.768023,-1.1375
-0.136136,0.0875,-0.779805,-1.05
-0.0604104,0.153125,-0.766001,-1.07187
-0.0736511,0.13125,-0.794646,-0.984375
-0.07439,-0.21875,-0.763979,-1.07187
-0.0760011,0.196875,-0.762096,-0.940625
-0.112501,0.0875,-0.761084,-1.05
-0.19582,0.284375,-0.758901,-1.07187
-0.145097,0.153125,-0.75789,-1.02812
-0.0830456,0.196875,-0.756579,-0.940625
-0.13699,0.30625,-0.755268,-1.05
-0.185992,0.196875,-0.753384,-1.05
-0.188775,0.21875,-0.761959,-1.07187
-0.155497,0.2625,-0.749318,-1.29062
-0.158853,0.503125,-0.746262,-1.00625
-0.272118,0.4375,-0.744379,-1.07187
-0.153362,0.21875,-0.741323,-1.07187
-0.155273,0.21875,-0.740012,-0.984375
-0.26911,0.2625,-0.737257,-1.02812
-0.173614,0.13125,-0.734201,-1.11563
-0.194714,0.21875,-0.731146,-0.984375
-0.291979,0.21875,-0.727518,-1.1375
-0.247944,0.35,-0.725334,-1.05
-0.205953,0.21875,-0.721707,-0.984375
-0.302346,0.153125,-0.718651,-0.9625
-0.213836,0.4375,-0.714723,-1.00625
-0.311101,0.21875,-0.711096,-1.05
-0.302827,0.328125,-0.70804,-1.1375
-0.318984,0.415625,-0.704112,-1.09375
-0.212731,0.35,-0.700484,-0.984375
-0.251275,0.459375,-0.697429,-1.02812
-0.238059,0.4375,-0.693501,-1.00625
-0.336196,0.21875,-0.689001,-0.984375
-0.340723,0.4375,-0.685073,-0.9625
-0.345823,0.4375,-0.680273,-0.634375
-0.350351,0.48125,-0.676646,-0.91875
-0.278986,0.35,-0.672718,-0.9625
-0.300659,0.48125,-0.66879,-0.940625
-0.241223,0.634375,-0.664862,-1.11563
-0.368434,0.4375,-0.660362,-0.91875
-0.372962,0.6125,-0.656434,-0.940625
-0.378062,0.39375,-0.651634,-1.05
-0.38229,0.35,-0.648007,-0.9625
-0.293781,0.7875,-0.644079,-0.9625
-0.361099,0.4375,-0.641023,-0.984375
-0.395573,0.39375,-0.636223,-0.896875
-0.399801,0.48125,-0.632596,-0.875
-0.404901,0.153125,-0.627796,-0.91875
-0.36291,0.590625,-0.623868,-0.875
-0.303175,0.56875,-0.61994,-0.83125
-0.342592,0.48125,-0.616012,-0.875
-0.364264,0.590625,-0.612384,-0.853125
-0.427812,0.525,-0.607584,-0.91875
-0.356447,0.525,-0.603657,-0.875
-0.436268,0.525,-0.599729,-0.853125
-0.440796,-0.021875,-0.595801,-0.83125
-0.415949,0.56875,-0.592173,-0.875
-0.372214,0.525,-0.58999,-0.7875
-0.440405,0.48125,-0.586062,-0.9625
-0.38097,0.525,-0.582134,-0.721875
-0.402642,0.7,-0.578207,-0.809375
-0.465318,0.503125,-0.574279,-0.48125
-0.375636,0.7,-0.571523,-0.7875
-0.472901,0.546875,-0.567596,-0.809375
-0.353573,0.525,-0.565412,-0.7875
-0.357801,0.56875,-0.561484,-0.809375
-0.42542,0.6125,-0.558429,-0.83125
-0.412203,0.678125,-0.554501,-0.7
-0.434175,0.48125,-0.550573,-0.83125
-0.385197,0.525,-0.547818,-0.765625
-0.423742,0.525,-0.544762,-0.7875
-0.427097,0.503125,-0.541707,-0.74375
-0.430453,0.546875,-0.538651,-0.853125
-0.451553,0.634375,-0.535596,-0.7875
-0.437464,0.525,-0.53254,-0.74375
-0.394601,0.678125,-0.529484,-0.7875
-0.408714,0.56875,-0.527301,-0.940625
-0.41237,0.459375,-0.524246,-0.30625
-0.404096,0.56875,-0.52119,-0.546875
-0.407751,0.48125,-0.518134,-0.7875
-0.520716,0.525,-0.515951,-0.765625
-0.489483,0.6125,-0.512896,-0.7
-0.428003,0.546875,-0.510712,-0.765625
-0.447359,0.590625,-0.509401,-0.74375
-0.404196,0.6125,-0.506646,-0.30625
-0.546534,0.56875,-0.504462,-0.74375
-0.392018,0.74375,-0.502279,-0.6125
-0.493653,0.56875,-0.500096,-0.2625
-0.461247,0.546875,-0.497912,-0.7
-0.417512,0.74375,-0.495729,-0.6125
-0.482214,0.459375,-0.49529,-0.721875
-0.439351,0.634375,-0.492234,-0.30625
-0.470036,0.853125,-0.490923,-0.6125
-0.426001,0.6125,-0.48874,-0.6125
-0.475303,0.546875,-0.486257,-0.765625
-0.430396,0.546875,-0.484946,-0.6125
-0.450623,0.809375,-0.482762,-0.7875
-0.464164,0.56875,-0.481451,-0.7
-0.48322,0.65625,-0.48014,-0.678125
-0.486003,0.721875,-0.477657,-0.65625
-0.423951,0.634375,-0.476046,-0.721875
-0.42469,0.153125,-0.475607,-0.678125
-0.508009,0.371875,-0.473996,-0.65625
-0.475031,0.634375,-0.472684,-0.875
-0.430123,0.7,-0.471073,-0.590625
-0.513442,0.65625,-0.469762,-0.7
-0.468834,0.7,-0.468151,-0.6125
-0.453001,0.65625,-0.46684,-0.65625
-0.453168,0.7875,-0.466973,-0.6125
-0.455079,0.65625,-0.465362,-0.7875
-0.454946,0.6125,-0.465796,-0.21875
-0.472557,0.634375,-0.465929,-0.6125
-0.438707,0.240625,-0.46549,-0.6125
-0.410371,0.634375,-0.464751,-0.56875
-0.410538,0.634375,-0.464884,-0.6125
-0.410705,0.6125,-0.465318,-0.634375
-0.475407,0.65625,-0.464579,-0.65625
-0.440684,0.6125,-0.464712,-0.678125
-0.376016,0.56875,-0.466018,-0.7
-0.411071,0.546875,-0.466151,-0.525
-0.421696,0.6125,-0.467157,-0.6125
-0.42099,0.590625,-0.468462,-0.7
-0.373766,0.2625,-0.469468,-0.896875
-0.407649,0.546875,-0.470473,-0.7
-0.388627,0.546875,-0.472651,-0.56875
-0.353033,0.503125,-0.473657,-0.83125
-0.367727,0.525,-0.476407,-0.65625
-0.349577,0.503125,-0.477712,-0.525
-0.335497,0.48125,-0.480462,-0.6125
-0.345549,0.503125,-0.48234,-0.7
-0.361116,0.503125,-0.484518,-0.7
-0.329592,0.459375,-0.487268,-0.65625
-0.340516,0.459375,-0.488273,-0.6125
-0.308692,0.459375,-0.491023,-0.634375
-0.324559,0.503125,-0.493201,-0.590625
-0.303792,0.4375,-0.496823,-0.65625
-0.301342,0.4375,-0.499573,-0.7
-0.280275,0.4375,-0.503196,-0.7875
-0.248751,0.459375,-0.506246,-0.2625
-0.228857,0.35,-0.508996,-0.74375
-0.243851,0.35,-0.511746,-0.7875
-0.240229,0.415625,-0.515368,-0.2625
-0.236907,0.371875,-0.51929,-0.721875
-0.246086,0.39375,-0.52204,-0.7
-0.196818,0.39375,-0.52479,-0.721875
-0.193496,0.109375,-0.528412,-0.721875
-0.234947,0.328125,-0.533779,-0.7
-0.219996,0.328125,-0.537701,-0.6125
-0.163168,0.328125,-0.542196,-0.65625
-0.194734,0.30625,-0.545818,-0.74375
-0.154779,0.30625,-0.551184,-0.74375
-0.168901,0.30625,-0.554807,-0.74375
-0.183596,0.35,-0.557557,-0.765625
-0.145384,0.284375,-0.561479,-0.74375
-0.176079,0.284375,-0.565973,-0.7875
-0.15444,0.30625,-0.570468,-0.83125
-0.133373,0.2625,-0.57409,-0.7
-0.164068,0.48125,-0.578584,-0.765625
-0.160746,0.2625,-0.582207,-0.7875
-0.156551,0.175,-0.586701,-0.328125
-0.181131,0.35,-0.591496,-0.853125
-0.147862,0.35,-0.59599,-0.83125
-0.127096,0.56875,-0.599612,-0.7875
-0.105457,0.2625,-0.604107,-0.809375
-0.0896326,0.30625,-0.608601,-0.83125
-0.131657,0.21875,-0.613096,-0.984375
-0.11089,0.196875,-0.616718,-0.940625
-0.153214,0.196875,-0.621212,-0.896875
-0.0859289,0.21875,-0.624834,-0.875
-0.0823067,0.13125,-0.628457,-0.875
-0.142947,-0.240625,-0.632079,-0.875
-0.128868,0.284375,-0.634829,-0.853125
-0.0889122,0.175,-0.640196,-0.853125
-0.132681,0.328125,-0.642946,-0.940625
-0.118601,0.196875,-0.644823,-0.896875
-0.16267,0.175,-0.670833,-0.896875
-0.190166,0.21875,-0.649451,-0.875
-0.176959,0.240625,-0.651029,-0.940625
-0.157936,0.21875,-0.652607,-0.940625
-0.155786,0.04375,-0.654757,-0.9625
-0.154209,0.0875,-0.656334,-0.896875
-0.170947,0.13125,-0.656168,-0.9625
-0.151925,0.21875,-0.657746,-0.91875
-0.168664,0.196875,-0.658451,-0.875
-0.168259,0.109375,-0.658857,-1.1375
-0.196627,0.153125,-0.659562,-1.00625
-0.243312,0.2625,-0.659396,-0.896875
-0.19696,0.240625,-0.659229,-0.875
-0.197427,0.240625,-0.658762,-0.809375
-0.179277,0.196875,-0.659468,-0.83125
-0.260851,0.175,-0.659301,-0.809375
-0.308409,0.459375,-0.658262,-0.875
-0.233855,0.35,-0.656923,-0.91875
-0.264268,0.2625,-0.655884,-0.875
-0.248734,0.328125,-0.653973,-0.91875
-0.284662,0.415625,-0.652634,-1.00625
-0.33222,0.371875,-0.651596,-0.896875
-0.306229,0.371875,-0.648812,-0.896875
-0.272379,0.196875,-0.647473,-0.875
-0.291734,0.39375,-0.645562,-0.875
-0.341036,0.153125,-0.642779,-0.896875
-0.325803,0.4375,-0.640568,-0.83125
-0.427438,0.39375,-0.637784,-0.875
-0.366259,0.459375,-0.635001,-0.546875
-0.369042,0.4375,-0.631918,-0.7875
-0.308162,0.503125,-0.629134,-0.875
-0.392353,0.4375,-0.626351,-0.809375
-0.314601,0.371875,-0.622396,-0.896875
-0.363903,0.415625,-0.619612,-0.525
-0.338784,0.459375,-0.615957,-0.984375
-0.372386,0.48125,-0.611129,-0.809375
-0.469079,0.48125,-0.607473,-1.09375
-0.397142,0.634375,-0.603518,-0.83125
-0.366209,0.546875,-0.599862,-0.896875
-0.357362,0.503125,-0.597079,-0.74375
-0.390964,0.48125,-0.592251,-0.48125
-0.487657,0.503125,-0.588596,-0.809375
-0.382003,0.590625,-0.583768,-0.940625
-0.497012,0.39375,-0.57924,-0.83125
-0.500668,0.39375,-0.575284,-0.74375
-0.446475,0.634375,-0.571629,-0.83125
-0.385296,0.590625,-0.568846,-0.809375
-0.418025,0.546875,-0.56489,-0.765625
-0.51559,0.590625,-0.560362,-0.83125
-0.520418,0.56875,-0.555534,-0.809375
-0.448481,0.7875,-0.551879,-0.809375
-0.469581,0.74375,-0.547923,-0.7875
-0.473536,0.65625,-0.544268,-0.83125
-0.506266,0.74375,-0.540312,-0.74375
-0.428514,0.678125,-0.536657,-0.4375
-0.43217,0.74375,-0.532701,-0.7
-0.454442,0.678125,-0.528173,-0.74375
-0.504616,0.634375,-0.524218,-0.765625
-0.55479,0.678125,-0.520562,-0.721875
-0.436634,0.721875,-0.516607,-0.765625
-0.51501,0.65625,-0.513523,-0.74375
-0.454703,0.634375,-0.509868,-0.65625
-0.458659,0.678125,-0.505912,-0.765625
-0.478886,0.65625,-0.503129,-0.721875
-0.500859,0.56875,-0.498301,-0.721875
-0.469625,0.74375,-0.494646,-0.65625
-0.490153,0.634375,-0.491562,-0.7
-0.476364,0.678125,-0.487607,-0.65625
-0.577999,0.634375,-0.484823,-0.65625
-0.470601,0.74375,-0.48174,-0.896875
-0.485014,0.65625,-0.478957,-0.65625
-0.456979,0.590625,-0.477918,-0.6125
-0.524597,0.678125,-0.473962,-0.83125
-0.463718,0.7,-0.471179,-0.65625
-0.559538,0.6125,-0.468396,-0.634375
-0.54982,0.809375,-0.466184,-0.678125
-0.470323,0.7,-0.464273,-0.6125
-0.489679,0.590625,-0.462362,-0.65625
-0.456129,0.74375,-0.461323,-0.65625
-0.522875,0.678125,-0.45824,-0.6125
-0.572177,0.7,-0.455457,-0.590625
-0.562459,0.74375,-0.453546,-0.56875
-0.448373,0.74375,-0.451334,-0.6125
-0.449412,0.678125,-0.450296,-0.65625
-0.514414,0.634375,-0.449257,-0.678125
-0.505568,0.634375,-0.446173,-0.6125
-0.47259,0.65625,-0.444262,-0.546875
-0.520447,0.6125,-0.442923,-0.6125
-0.510729,0.678125,-0.441012,-0.590625
-0.495196,0.7,-0.439101,-0.6125
-0.461346,0.7,-0.454916,-0.56875
-0.480129,0.765625,-0.434979,-0.6125
-0.481168,0.7,-0.43364,-0.6125
-0.481334,0.83125,-0.433473,-0.6125
-0.453299,0.65625,-0.432434,-0.6125
-0.466268,0.678125,-0.431096,-0.56875
-0.466434,0.6125,-0.430929,-0.6125
-0.467473,0.678125,-0.42959,-0.590625
-0.438566,0.196875,-0.429423,-0.546875
-0.456477,0.6125,-0.429257,-0.6125
-0.456644,0.634375,-0.42879,-0.590625
-0.440238,0.634375,-0.427751,-0.590625
-0.42296,0.546875,-0.427284,-0.56875
-0.422555,0.6125,-0.42799,-0.4375
-0.45761,0.7875,-0.427523,-0.546875
-0.456905,0.6125,-0.428229,-0.590625
-0.422183,0.65625,-0.427762,-0.6125
-0.404333,0.546875,-0.428468,-0.7
-0.373681,0.6125,-0.429746,-0.590625
-0.39042,0.56875,-0.430451,-0.56875
-0.353953,0.634375,-0.431729,-0.6125
-0.434083,0.590625,-0.433307,-0.546875
-0.414188,0.809375,-0.435457,-0.590625
-0.429183,0.48125,-0.437907,-0.6125
-0.380514,0.6125,-0.440057,-0.2625
-0.324859,0.39375,-0.443379,-0.109375
-0.322409,0.634375,-0.445529,-0.6125
-0.319959,0.4375,-0.447679,-0.525
-0.36927,0.546875,-0.451001,-0.590625
-0.331931,0.415625,-0.453151,-0.56875
-0.312036,0.459375,-0.455601,-0.678125
-0.27994,0.39375,-0.458623,-0.590625
-0.275746,0.525,-0.462818,-0.6125
