torque_1,torque_1_t,torque_2,torque_2_t
1.91308,0.415625,-1.48525,-0.021875
1.90315,-0.853125,-1.47112,-0.56875
1.89178,-1.4875,-1.45438,-0.875
1.63646,-1.61875,-1.46729,-1.02812
1.54222,-1.88125,-1.4674,-1.29062
1.50468,-1.90312,-1.49194,-1.29062
1.56918,-2.1,-1.50601,-1.53125
1.62962,-2.07812,-1.49653,-1.46562
1.6322,-2.23125,-1.48909,-1.68437
1.65367,-2.12188,-1.46682,-1.61875
1.63851,-2.20938,-1.44454,-1.81563
1.53962,-2.1875,-1.40628,-1.94687
1.50527,-2.12188,-1.35377,-1.88125
1.45842,-2.20938,-1.30068,-1.925
1.50578,-2.03437,-1.23306,-1.77188
1.50312,-2.16562,-1.16891,-1.6625
1.5057,-1.99063,-1.10042,-1.64062
1.48967,-2.14375,-1.04587,-1.46562
1.42712,-2.0125,-1.01604,-1.42188
1.4297,-1.85938,-0.972546,-1.29062
1.39508,-1.96875,-0.918914,-1.26875
1.41047,-1.88125,-0.852781,-1.18125
1.41248,-1.99063,-0.757864,-1.3125
1.39879,-1.88125,-0.69522,-1.3125
1.48395,-1.99063,-0.609316,-1.26875
1.47201,-1.99063,-0.54202,-1.26875
1.40686,-2.12188,-0.455825,-1.15938
1.46005,-2.0125,-0.391146,-1.1375
1.40246,-2.03437,-0.290414,-1.00625
1.48529,-1.99063,-0.195207,-1.09375
1.47509,-1.99063,-0.110466,-0.9625
1.46489,-1.99063,-0.0318307,-0.83125
1.45469,-2.0125,0.0223822,-0.678125
1.44449,-2.03437,0.0611859,-0.546875
1.43429,-1.99063,0.0627748,-0.48125
1.42409,-1.94687,0.0838433,-0.459375
1.41419,-1.90312,0.0828248,-0.328125
1.40399,-1.99063,0.0774359,-0.065625
1.39379,-1.90312,0.082223,-0.021875
1.38359,-1.90312,0.0765433,0.0875
1.37339,-1.90312,0.0737711,0
1.36319,-1.925,0.0582063,0.021875
1.35299,-1.85938,0.0917859,0.04375
1.34279,-1.85938,0.0823267,0.04375
1.33289,-1.81563,0.0961267,0.021875
1.32269,-1.94687,0.109327,0.04375
1.31279,-1.79375,0.122527,0.04375
1.30289,-1.75,0.135727,0.04375
1.29329,-1.77188,0.148927,0.196875
1.28252,-1.70625,0.162999,0.175
1.27088,-1.81563,0.177943,0.2625
1.14875,-1.44375,0.192888,0.109375
1.12548,-1.64062,0.20666,0.153125
1.09552,-1.55313,0.244864,0.109375
1.10219,-1.50937,0.257191,0.2625
1.13793,-1.575,0.25789,0.196875
1.14373,-1.55313,0.281847,0.328125
1.16116,-1.575,0.293303,0.240625
1.11957,-1.55313,0.312899,0.284375
1.02565,-1.44375,0.324354,0.30625
1.07535,-1.53125,0.345404,0.21875
1.02882,-1.575,0.362384,0.35
1.12853,-1.44375,0.368316,0.4375
1.05873,-1.4875,0.378899,0.371875
1.10611,-1.55313,0.397623,0.328125
1.04737,-1.50937,0.41373,0.415625
1.02323,-1.46562,0.42693,0.415625
0.947621,-1.42188,0.438386,0.48125
0.965051,-1.35625,0.452177,0.503125
1.04732,-1.3125,0.458399,0.56875
1.03742,-1.35625,0.477995,0.48125
0.90366,-1.46562,0.480438,0.65625
1.01413,-1.20312,0.487823,0.503125
1.00335,-1.44375,0.500151,0.6125
0.992582,-1.29062,0.499395,0.546875
0.906517,-1.37813,0.511723,0.6125
0.941091,-1.44375,0.516791,0.896875
0.930319,-1.3125,0.507623,0.7875
0.949493,-1.29062,0.503388,0.7
0.939593,-1.24687,0.512817,0.7
0.929393,-1.44375,0.51934,0.7
0.919493,-1.42188,0.513079,0.721875
0.909593,-1.37813,0.530358,0.7875
0.899693,-1.26875,0.520017,0.459375
0.889493,-1.26875,0.523051,0.7
0.879593,-1.24687,0.535106,0.7
0.869693,-1.35625,0.536395,0.7
0.859793,-1.26875,0.544953,0.7
0.849593,-1.18125,0.550903,0.7
0.839693,-1.15938,0.54783,0.7
0.829793,-0.984375,0.559004,0.74375
0.819893,-1.1375,0.570188,0.7
0.809693,-1.37813,0.577873,0.765625
0.799793,-1.07187,0.575673,0.7875
0.789893,-1.18125,0.583658,0.7
0.779993,-1.05,0.587564,0.721875
0.769793,-1.05,0.589443,0.65625
0.759893,-1.05,0.603525,0.678125
0.749993,-1.09375,0.596964,0.7
0.740093,-1.00625,0.611345,0.678125
0.730193,-1.1375,0.614669,0.7
0.719993,-1.07187,0.599686,0.765625
0.757484,-0.9625,0.602138,0.74375
0.701066,-1.18125,0.59704,0.74375
0.691166,-0.9625,0.581756,0.7
0.681266,-0.9625,0.56154,0.809375
0.671066,-0.984375,0.544512,0.809375
0.661166,-0.91875,0.520516,0.809375
0.651266,-0.875,0.47703,0.809375
0.641366,-0.875,0.448382,0.809375
0.631466,-0.9625,0.439204,0.853125
0.621266,-0.875,0.393112,0.7875
0.611666,-0.83125,0.374049,0.765625
0.601766,-1.00625,0.349153,0.7
0.592166,-0.83125,0.32949,0.7
0.582566,-0.7875,0.311871,0.634375
0.572666,-0.7875,0.290464,0.415625
0.563066,-0.853125,0.277779,0.590625
0.553466,-1.00625,0.276151,0.525
0.543566,-0.546875,0.285562,0.525
0.533966,-0.984375,0.306021,0.459375
0.524366,-0.74375,0.276773,0.459375
0.514466,-0.765625,0.281823,0.459375
0.504866,-0.83125,0.291234,0.415625
0.495266,-0.678125,0.293095,0.35
0.533929,-0.809375,0.292912,0.4375
0.47751,-0.721875,0.309019,0.39375
0.46791,-0.678125,0.291101,0.415625
0.459182,-0.56875,0.293825,0.4375
0.450154,-0.634375,0.300047,0.4375
0.440554,-0.875,0.289106,0.503125
0.431827,-0.2625,0.29998,0.284375
0.423971,-0.74375,0.305321,0.415625
0.473964,-0.525,0.30631,0.415625
0.530071,-0.65625,0.299149,0.35
0.522216,-0.415625,0.307116,0.48125
0.392249,-0.328125,0.307223,0.39375
0.476258,-0.6125,0.301816,0.35
0.45183,-0.896875,0.298434,0.48125
0.462291,-0.590625,0.291282,0.35
0.391045,-0.56875,0.290517,0.35
0.477099,-0.678125,0.275516,0.371875
0.423597,-0.546875,0.292195,0.35
0.399169,-0.525,0.276321,0.39375
0.444219,-0.56875,0.270904,0.30625
0.483754,-0.546875,0.26666,0.30625
0.441882,-0.56875,0.265323,0.30625
0.38838,-0.634375,0.240136,0.459375
0.352023,-0.525,0.226879,0.4375
0.409003,-0.284375,0.228158,0.35
0.413649,-0.546875,0.213729,0.35
0.377591,-0.48125,0.203088,0.371875
0.305773,-0.590625,0.18953,0.39375
0.268543,-0.48125,0.189647,0.21875
0.260688,-0.590625,0.178134,0.2625
0.282779,-0.634375,0.192206,0.284375
0.403421,-0.4375,0.181566,0.284375
0.332475,-0.371875,0.175577,0.284375
0.324619,-0.6125,0.192266,0.35
0.222554,-0.415625,0.197043,0.284375
0.271975,-0.48125,0.194253,0.415625
0.206543,-0.371875,0.221699,0.21875
0.291725,-0.459375,0.220943,0.30625
0.203334,-0.39375,0.235888,0.2625
0.30566,-0.546875,0.229899,0.371875
0.26873,-0.35,0.241654,0.284375
0.16871,-0.371875,0.254854,0.284375
0.282666,-0.35,0.272706,0.30625
0.153571,-0.21875,0.277184,0.284375
0.256197,-0.240625,0.282534,0.2625
0.214897,-0.35,0.297197,0.284375
0.289321,-0.30625,0.301675,0.30625
0.264893,-0.35,0.28929,0.328125
0.258482,-0.35,0.296384,0.30625
0.234054,-0.415625,0.311919,0.4375
0.214569,-0.328125,0.312908,0.35
0.172397,-0.415625,0.304884,0.371875
0.18373,-0.30625,0.319547,0.30625
0.259027,-0.2625,0.331875,0.35
0.200282,-0.35,0.323851,0.503125
0.181669,-0.21875,0.320779,0.39375
0.175558,-0.35,0.333979,0.415625
0.168275,-0.328125,0.33584,0.525
0.144719,-0.175,0.331895,0.415625
0.220016,-0.284375,0.342479,0.415625
0.148769,-0.30625,0.328649,0.48125
0.207493,-0.284375,0.331091,0.4375
0.183938,-0.284375,0.348071,0.4375
0.177827,-0.240625,0.343836,0.48125
0.107453,-0.284375,0.33494,0.590625
0.14786,-0.371875,0.337973,0.6125
0.160066,-0.175,0.337799,0.56875
0.153654,-0.153125,0.346938,0.590625
0.148416,-0.284375,0.381653,0.503125
0.143177,-0.13125,0.362299,0.525
0.136766,-0.153125,0.37201,0.503125
0.0966378,-0.13125,0.387545,0.525
0.107971,-0.503125,0.389988,0.546875
0.137621,-0.196875,0.399127,0.48125
0.0498026,-0.065625,0.408838,0.525
0.109699,-0.13125,0.415632,0.415625
0.121904,-0.196875,0.423871,0.48125
0.116093,-0.21875,0.432982,0.503125
0.0942822,-0.328125,0.440649,0.6125
0.0893433,-0.21875,0.448888,0.525
0.113179,-0.525,0.456254,0.56875
0.09661,-0.04375,0.464793,0.590625
0.0916711,-0.21875,0.473032,0.678125
0.0980619,-0.21875,0.481271,0.590625
0.0640489,-0.35,0.488938,0.7
0.0887563,-0.0875,0.496304,0.65625
0.0547433,-0.21875,0.504843,0.74375
0.0785785,-0.13125,0.51221,0.6125
0.06201,-0.21875,0.534986,0.65625
0.0404989,0.109375,0.527243,0.7
0.0527044,-0.240625,0.535482,0.634375
0.0477656,0.153125,0.542277,0.83125
0.0433989,0,0.549643,0.7
0.0675341,-0.021875,0.55731,0.721875
0.0332211,-0.240625,0.583575,0.83125
0.0282822,0.021875,0.573216,0.765625
-0.0115456,0,0.580582,0.721875
0.0463063,-0.021875,0.619649,0.721875
0.023923,0.021875,0.627016,0.83125
-0.0278344,0,0.630903,0.984375
-0.0319011,0.04375,0.609777,0.765625
-0.03684,0,0.646227,0.896875
-0.0246344,0.065625,0.637603,0.765625
-0.0644622,0.175,0.62986,0.91875
-0.0348122,0.04375,0.636354,0.809375
-0.010677,0.021875,0.657686,0.984375
-0.0455622,0.04375,0.657212,0.853125
-0.021727,0.021875,0.668067,0.984375
-0.05574,0.04375,0.674862,0.83125
-0.0444067,0.04375,0.692986,0.853125
-0.0676622,0.04375,0.691058,0.984375
-0.0909178,0.04375,0.710936,0.875
-0.0612678,0.109375,0.719466,1.00625
-0.101968,0.04375,0.724516,0.765625
-0.0723178,0.109375,0.717936,0.940625
-0.0955733,0.0875,0.74391,0.896875
-0.136273,0.109375,0.753321,0.940625
-0.12494,0.109375,0.758371,0.9625
-0.158953,0.13125,0.762549,1.00625
-0.13599,0.13125,0.774567,1.00625
-0.159246,0.109375,0.771477,1.00625
-0.111851,0.109375,0.77769,0.984375
-0.11709,0.153125,0.788845,1.05
-0.140346,0.0875,0.792723,1.02812
-0.164473,0.175,0.789051,1.11563
-0.169712,0.175,0.791484,1.05
-0.158079,0.2625,0.808745,1.00625
-0.199079,0.065625,0.79984,1.02812
-0.204018,0.21875,0.799366,1.15938
-0.175812,0.196875,0.811384,1.05
-0.163607,0.240625,0.823412,1.09375
-0.18599,0.240625,0.817123,1.24687
-0.22669,0.175,0.825662,1.09375
-0.180468,0.21875,0.836236,1.05
-0.203723,0.284375,0.827912,1.225
-0.208962,0.21875,0.845464,1.11563
-0.197329,0.21875,0.847025,1.07187
-0.219712,0.284375,0.857308,1.18125
-0.242396,0.240625,0.868754,1.05
-0.22989,0.39375,0.866527,1.18125
-0.217384,0.21875,0.876229,1.1375
-0.257512,0.2625,0.889419,1.05
-0.215933,0.30625,0.886619,1.11563
-0.232501,0.2625,0.898066,1.1375
-0.22611,0.284375,0.907767,1.18125
-0.231049,0.35,0.901479,1.18125
-0.265062,0.284375,0.906247,1.20312
-0.240355,0.240625,0.906936,1.1375
-0.256923,0.371875,0.89803,1.1375
-0.250233,0.371875,0.901627,1.15938
-0.254599,0.284375,0.890977,1.1375
-0.241221,0.2625,0.889049,1.1375
-0.263905,0.2625,0.871421,1.1375
-0.250527,0.35,0.871529,1.1375
-0.219705,0.30625,0.867856,1.11563
-0.241516,0.2625,0.866219,1.1375
-0.245583,0.30625,0.861675,1.1375
-0.232205,0.39375,0.849871,1.1375
-0.254016,0.30625,0.838349,1.1375
-0.239766,0.284375,0.846597,1.1375
-0.260405,0.39375,0.828969,1.1375
-0.247327,0.328125,0.811341,1.15938
-0.23802,0.284375,0.790225,1.02812
-0.241214,0.39375,0.745277,1.11563
-0.256338,0.284375,0.733754,1.09375
-0.230459,0.284375,0.710021,1.15938
-0.232781,0.415625,0.676112,1.15938
-0.283666,0.328125,0.641921,1.11563
-0.222025,0.2625,0.616153,1.18125
-0.271738,0.240625,0.577882,1.1375
-0.227842,0.39375,0.556775,1.11563
-0.247609,0.240625,0.521993,1.07187
-0.233359,0.30625,0.503203,1.05
-0.217664,0.35,0.482377,0.984375
-0.219986,0.284375,0.470564,0.940625
-0.256897,0.240625,0.452927,0.896875
-0.212701,0.39375,0.458549,0.83125
-0.214151,0.284375,0.464171,0.7
-0.216473,0.240625,0.469793,0.721875
-0.281586,0.328125,0.474243,0.721875
-0.218201,0.240625,0.478121,0.7
-0.203079,0.30625,0.483743,0.634375
-0.168768,0.284375,0.487621,0.721875
-0.169346,0.328125,0.491499,0.65625
-0.168751,0.21875,0.494504,0.634375
-0.186773,0.284375,0.49751,0.7
-0.204796,0.35,0.501388,0.7
-0.187057,0.175,0.504393,0.65625
-0.156516,0.0875,0.506527,0.7
-0.102144,0.065625,0.521453,0.74375
-0.0893474,0.13125,0.509049,0.7
-0.0873085,0.13125,0.51031,0.7
-0.0317641,0.21875,0.510699,0.721875
-0.112005,0.109375,0.512832,0.7
-0.0933937,0.109375,0.514966,0.7
-0.0913548,0.0875,0.516227,0.721875
-0.0581974,0.153125,0.515743,0.721875
-0.0195252,0.109375,0.51526,0.721875
0.0299044,0.13125,0.515649,0.721875
-0.000328889,0.04375,0.514593,0.721875
-0.00874741,-0.021875,0.514982,0.7
0.00579333,0.065625,0.515371,0.765625
0.00957667,0.065625,0.514888,0.74375
0.0491211,0.04375,0.513532,0.7
0.0174433,-0.021875,0.513921,0.721875
-0.00784741,-0.04375,0.51431,0.634375
0.0782156,-0.04375,0.514127,0.74375
0.0287933,0.153125,0.514516,0.7
0.0221193,-0.04375,0.486412,0.74375
0.0259026,0.13125,0.513549,0.765625
-0.0226474,0.109375,0.486317,0.765625
0.130577,-0.04375,0.448047,0.74375
0.104714,-0.021875,0.45018,0.678125
0.106753,0.13125,0.458419,0.678125
0.075647,-0.065625,0.42421,0.678125
0.0951304,-0.415625,0.42926,0.7
0.080897,-0.065625,0.449129,0.634375
0.119569,0.04375,0.436143,0.65625
0.0875915,-0.021875,0.448743,0.634375
0.137021,-0.065625,0.46019,0.634375
0.0771415,0,0.451566,0.634375
0.133258,0,0.47029,0.65625
0.148371,-0.04375,0.461393,0.6125
0.104764,-0.021875,0.487386,0.634375
0.108247,-0.04375,0.469195,0.6125
0.156804,-0.021875,0.49228,0.634375
0.131214,-0.04375,0.500838,0.634375
0.11668,-0.04375,0.501827,0.65625
0.137608,0.021875,0.502243,0.6125
0.170466,-0.065625,0.50236,0.678125
0.144003,-0.04375,0.503649,0.678125
0.16523,-0.065625,0.503766,0.634375
0.13208,-0.065625,0.505927,0.678125
0.170753,-0.065625,0.506043,0.678125
0.184993,-0.0875,0.507332,0.678125
0.142258,-0.0875,0.507449,0.765625
0.19226,-0.13125,0.507866,0.678125
0.23006,-0.0875,0.508854,0.678125
0.16988,-0.48125,0.509271,0.678125
0.190808,-0.109375,0.509388,0.7
0.176275,-0.459375,0.510677,0.678125
0.13324,-0.13125,0.511093,0.65625
0.200114,-0.175,0.512082,0.74375
0.168708,-0.13125,0.512499,0.7
0.171619,-0.196875,0.513488,0.7
0.209119,-0.153125,0.538036,0.721875
0.176269,-0.240625,0.516938,0.721875
0.179753,-0.153125,0.517054,0.765625
0.164347,-0.240625,0.519216,0.721875
0.200975,-0.196875,0.521377,0.721875
0.203886,-0.21875,0.522666,0.678125
0.171908,-0.240625,0.523654,0.678125
0.174519,-0.21875,0.524943,0.765625
0.194875,-0.2625,0.526232,0.7
0.179169,-0.2625,0.528393,0.721875
0.181208,-0.30625,0.541012,0.721875
0.218708,-0.21875,0.541429,0.721875
0.220747,-0.371875,0.53196,0.83125
0.188469,-0.240625,0.533249,0.765625
0.178879,-0.35,0.53511,0.765625
0.210564,-0.2625,0.536399,0.765625
0.182656,-0.35,0.539432,0.74375
0.212597,0.021875,0.541593,0.765625
0.185562,-0.35,0.543754,0.74375
0.216675,-0.284375,0.545916,0.74375
0.18934,-0.371875,0.548077,0.721875
0.191379,-0.30625,0.549938,0.74375
0.204747,-0.175,0.552099,0.765625
0.206786,-0.35,0.55396,0.74375
0.209125,-0.371875,0.554049,0.83125
0.200706,-0.328125,0.554438,0.765625
0.202745,-0.459375,0.555699,0.765625
0.215841,-0.503125,0.557832,0.74375
0.21818,-0.415625,0.558793,0.765625
0.208017,-0.459375,0.560927,0.765625
0.209184,-0.0875,0.565095,0.74375
0.193206,-0.371875,0.564321,0.765625
0.225491,-0.371875,0.56441,0.83125
0.226958,-0.0875,0.566543,0.809375
0.245569,0,0.568677,0.765625
0.183073,-0.35,0.577206,0.765625
0.201984,-0.371875,0.571771,0.83125
0.250541,-0.415625,0.573032,0.7875
0.234564,-0.371875,0.575166,0.809375
0.206956,-0.371875,0.577299,0.809375
0.225867,-0.4375,0.579432,0.74375
0.20959,-0.371875,0.581566,0.875
0.211056,-0.415625,0.583699,0.83125
0.23084,-0.503125,0.58466,0.83125
0.215734,-0.35,0.585049,0.809375
0.198584,-0.39375,0.588054,0.83125
0.200051,-0.4375,0.590188,0.809375
0.21809,-0.39375,0.593193,0.7875
0.236701,-0.371875,0.595327,0.809375
0.238167,-0.35,0.59746,0.83125
0.240506,-0.35,0.598721,0.809375
0.241973,-0.35,0.600854,0.7
0.242267,-0.371875,0.60386,0.83125
0.22629,-0.284375,0.605993,0.809375
0.227756,-0.35,0.608127,0.853125
0.259169,-0.30625,0.609388,0.853125
0.249579,-0.30625,0.610649,0.853125
0.262675,-0.328125,0.612782,0.809375
0.252512,-0.328125,0.614916,0.83125
0.253979,-0.284375,0.639436,0.875
0.255145,-0.328125,0.61831,0.7
0.269114,-0.39375,0.619571,0.853125
0.224934,-0.30625,0.620832,0.853125
0.243545,-0.30625,0.622966,0.853125
0.262456,-0.415625,0.625099,0.875
0.276425,-0.415625,0.62666,0.875
0.277891,-0.4375,0.628793,0.853125
0.251729,-0.503125,0.629182,0.91875
0.271512,-0.2625,0.630443,0.853125
0.319497,-0.284375,0.632577,0.39375
0.305264,-0.4375,0.632966,0.875
0.278229,-0.39375,0.634227,0.940625
0.292197,-0.4375,0.635488,0.896875
0.294536,-0.48125,0.637049,0.7875
0.296875,-0.503125,0.63831,0.853125
0.234379,-0.503125,0.640443,0.83125
0.270434,-0.459375,0.642577,0.875
0.289345,-0.503125,0.64471,0.896875
0.304186,-0.153125,0.645099,0.896875
0.277451,-0.415625,0.64636,0.875
0.29519,-0.415625,0.649366,0.875
0.308286,-0.48125,0.651799,0.940625
0.24579,-0.4375,0.653932,0.896875
0.246384,-0.153125,0.656938,0.91875
0.264423,-0.459375,0.659943,0.91875
0.301351,-0.48125,0.661204,0.896875
0.237982,-0.35,0.66451,0.91875
0.202816,-0.4375,0.668388,0.91875
0.250801,-0.415625,0.670521,0.875
0.238893,-0.39375,0.674399,0.940625
0.239188,-0.39375,0.677704,0.91875
0.222338,-0.39375,0.68071,0.940625
0.240377,-0.371875,0.683716,0.91875
0.175264,-0.371875,0.688766,0.940625
0.250279,-0.196875,0.692643,0.940625
0.18691,-0.371875,0.695649,0.940625
0.203204,-0.35,0.700699,0.9625
0.220371,-0.328125,0.704577,0.940625
0.202649,-0.196875,0.708454,0.9625
0.202071,-0.196875,0.712632,0.9625
0.218366,-0.175,0.717382,0.9625
0.218088,-0.21875,0.72126,0.875
0.152975,-0.21875,0.72631,1.05
0.150953,-0.30625,0.731932,0.9625
0.180321,-0.284375,0.735238,0.83125
0.167541,-0.21875,0.739988,1.00625
0.148947,-0.2625,0.743866,0.9625
0.164369,-0.21875,0.749788,0.940625
0.144603,-0.21875,0.754538,0.984375
0.172527,-0.240625,0.759588,0.984375
0.106541,-0.240625,0.763466,1.05
0.14028,-0.2625,0.766771,1.02812
0.155703,-0.284375,0.771521,1.02812
0.119364,-0.2625,0.790236,1.02812
0.134786,-0.240625,0.810977,1.07187
0.133636,-0.284375,0.807014,1.07187
0.0958526,-0.240625,0.788804,1.11563
0.0938304,-0.284375,0.806347,1.07187
0.0798785,-0.240625,0.823608,1.02812
0.0894859,-0.175,0.802773,1.05
0.0874637,-0.284375,0.811312,1.07187
0.102014,0.021875,0.82333,1.11563
0.0709174,-0.30625,0.815006,1.1375
0.0802248,0,0.843897,1.1375
0.095947,0.153125,0.84891,1.1375
0.0767804,-0.196875,0.835897,1.225
0.110247,0.13125,0.838003,1.09375
0.0436896,-0.240625,0.854064,1.09375
0.0876137,-0.21875,0.859949,1.15938
0.0559452,-0.109375,0.846936,1.18125
0.101614,0.04375,0.86038,1.05
0.0815748,0.109375,0.871499,1.1375
0.0789804,0.04375,0.858486,1.18125
0.0298674,-0.240625,0.861464,1.15938
0.0281452,0.021875,0.862697,1.18125
0.0432952,0.109375,0.877304,1.18125
0.041573,-0.35,0.872141,1.18125
0.0215341,-0.04375,0.890238,1.18125
0.00149519,0.109375,0.888854,1.1375
0.0337896,0.109375,0.887771,1.20312
0.0137507,-0.284375,0.897727,1.225
0.0286007,0.0875,0.875991,1.225
0.00856185,-0.2625,0.898449,1.18125
0.0353415,0.021875,0.884564,1.20312
0.00280074,-0.284375,0.881145,1.20312
-0.0646289,0.04375,0.892264,1.20312
-0.00326037,0.04375,0.89903,1.225
-0.0416159,-0.04375,0.917999,1.24687
-0.0276381,0.065625,0.916616,1.225
-0.0136604,0.04375,0.904475,1.225
-0.0345715,0.04375,0.907753,1.3125
-0.0380381,0.04375,0.920325,1.225
-0.0586493,0.065625,0.927082,1.26875
-0.0446715,0,0.934421,1.24687
-0.0647104,0.021875,0.910079,1.26875
-0.068177,0.04375,0.921197,1.24687
-0.0367548,0.04375,0.92214,1.26875
-0.0742381,0,0.944016,1.225
-0.0428159,0.0875,0.936536,1.24687
-0.0454104,0.0875,0.935153,1.26875
-0.0950956,0.021875,0.967204,1.26875
-0.0511715,0.04375,0.945769,1.24687
-0.0537659,0.109375,0.941479,1.24687
-0.074677,0.109375,0.967716,1.24687
-0.0589548,0.109375,0.964888,1.26875
-0.0324752,0.13125,0.958853,1.26875
-0.045827,-0.021875,0.976077,1.3125
-0.0484215,0.065625,0.966853,1.3125
-0.0390863,0.13125,0.979716,1.20312
-0.0416807,0,0.982121,1.3125
-0.0559048,0.175,0.987716,1.29062
-0.057627,0.13125,0.990112,1.3125
-0.0602215,0.153125,0.988738,1.33438
-0.0503141,0.13125,0.992006,1.3125
-0.0811104,0.153125,1.00052,1.35625
-0.0371863,0.153125,0.984888,1.35625
-0.0389085,0.13125,0.991945,1.35625
-0.0694048,0.153125,0.991434,1.3125
-0.042053,0.13125,0.999945,1.35625
-0.0612196,0.13125,0.988677,1.35625
-0.0106085,0.175,0.984677,1.37813
-0.0646641,0.13125,0.990862,1.37813
-0.00125111,0.175,0.998201,1.37813
-0.0785659,0.153125,0.982571,1.44375
-0.00295111,0.13125,0.980316,1.33438
-0.0686363,0.13125,0.981549,1.37813
-0.016853,0.13125,0.981338,1.4
-0.00607333,0.153125,0.985188,1.35625
-0.0176807,-0.109375,0.967814,1.35625
-0.00690111,0.175,0.983593,1.33438
-0.0373974,-0.175,0.983954,1.37813
-0.00917333,0.175,0.979082,1.26875
-0.00915111,0.0875,0.98206,1.3125
-0.0390752,0.109375,0.985629,1.33438
-0.0216085,0.0875,0.967382,1.35625
-0.0212863,-0.13125,0.980245,1.3125
-0.0212641,0.109375,0.982651,1.26875
-0.0229863,0.175,0.986501,1.37813
0.00523778,0.0875,0.981056,1.33438
0.00468778,0.153125,0.983162,1.3125
-0.0127344,0.13125,0.984395,1.29062
-0.0252141,0.13125,0.984475,1.33438
-0.0260641,0.13125,0.99443,1.26875
-0.0266141,0.0875,0.987241,1.33438
0.00161,0.13125,0.994871,1.26875
0.00163222,0.109375,0.984766,1.33438
0.0190989,0.04375,0.979321,1.35625
-0.0279696,0.065625,0.98666,1.35625
0.00112667,-0.109375,0.975982,1.33438
-0.0462419,0.065625,0.980995,1.225
0.000298889,-0.065625,0.969445,1.3125
-0.0458974,0.04375,0.966317,1.20312
-0.029303,0.0875,0.953604,1.35625
-0.0176511,0.065625,0.953384,1.29062
-0.00105667,0.2625,0.947067,1.20312
-0.031853,0.0875,0.937834,1.24687
-0.0199011,0.021875,0.931517,1.3125
-0.033253,0.021875,0.941191,1.24687
-0.0515474,0.04375,0.931667,1.18125
-0.0358252,0.021875,0.945121,1.24687
-0.00730111,0.04375,0.93676,1.35625
-0.0546696,0,0.927827,1.26875
-0.0255733,0.021875,0.93284,1.225
-0.00897889,0.04375,0.911404,1.15938
-0.00952889,0.021875,0.913229,1.26875
-0.0752141,-0.021875,0.902251,1.1375
-0.0577474,0.021875,0.896806,1.1375
-0.0402807,0,0.889908,1.26875
-0.0408307,0.065625,0.874279,1.15938
-0.0117344,0.065625,0.858367,1.07187
-0.0495085,0.0875,0.818034,1.26875
-0.0861196,0.0875,0.799206,1.1375
-0.0692252,0.0875,0.789401,1.07187
-0.053503,0.13125,0.776979,1.1375
-0.0552252,-0.04375,0.753799,1.225
-0.0104289,0.0875,0.731191,1.15938
-0.0577974,0.0875,0.721967,1.00625
-0.0941085,0.153125,0.702277,1.11563
-0.0434974,0.109375,0.694216,1.09375
-0.0801085,0.0875,0.675097,1.09375
-0.0460696,0.109375,0.661512,1.11563
-0.100697,0.0875,0.657812,1.05
-0.0849752,0.0875,0.646843,0.9625
-0.0521085,0.153125,0.635893,0.91875
-0.106164,0.0875,0.620001,0.984375
-0.055853,0.0875,0.618645,0.940625
-0.0924641,-0.109375,0.638514,0.896875
-0.0953585,0.109375,0.643264,0.984375
-0.0973807,0.0875,0.624182,0.896875
-0.0825307,0.0875,0.652191,0.83125
-0.0662363,0.153125,0.646475,0.853125
-0.0563289,0.109375,0.666343,0.940625
-0.0874252,0.0875,0.656847,0.853125
-0.0894474,0.0875,0.664214,0.7875
-0.0902974,0.153125,0.686127,0.984375
-0.0632456,0.04375,0.674304,0.83125
-0.0931696,0.0875,0.684288,0.83125
-0.0768752,0.196875,0.689038,0.83125
-0.0951696,0.109375,0.689727,1.00625
-0.0314844,0.065625,0.688371,0.91875
-0.0675233,0.065625,0.691667,0.875
-0.0334844,0.153125,0.683916,1.02812
-0.03289,0.065625,0.697979,0.91875
-0.0154233,0.065625,0.693134,0.91875
-0.0148289,0.153125,0.68451,0.91875
0.0139674,-0.196875,0.687234,1.07187
0.0139896,-0.04375,0.680354,0.940625
0.0154563,-0.021875,0.66388,1.00625
0.0337952,-0.196875,0.655847,0.940625
0.0643359,-0.196875,0.676588,1.02812
0.0367285,-0.04375,0.672616,0.9625
0.0568119,-0.021875,0.654406,0.940625
0.0408341,0.065625,0.64491,0.940625
0.0891193,-0.021875,0.647343,0.940625
0.0458119,-0.065625,0.647732,0.896875
0.0763526,0.065625,0.649866,0.9625
0.0973081,-0.109375,0.650554,0.91875
0.099647,-0.065625,0.651816,0.91875
0.120603,-0.04375,0.652504,0.91875
0.123814,-0.153125,0.652893,0.83125
0.109008,-0.21875,0.654454,0.9625
0.128791,-0.065625,0.642051,0.91875
0.0962415,-0.109375,0.658149,0.83125
0.0988804,-0.0875,0.65941,0.875
0.136108,-0.13125,0.660971,0.940625
0.103858,-0.196875,0.663104,0.875
0.159403,-0.04375,0.663793,0.91875
0.162614,-0.196875,0.650817,0.940625
0.112919,-0.240625,0.667488,0.896875
0.180093,-0.21875,0.668177,0.984375
0.170803,-0.153125,0.651412,1.02812
0.157741,-0.240625,0.656462,0.896875
0.189154,-0.240625,0.673432,0.853125
0.147019,-0.240625,0.673821,0.896875
0.185991,-0.240625,0.67451,0.74375
0.19996,-0.196875,0.676943,0.74375
0.138636,-0.2625,0.678204,1.07187
0.158419,-0.284375,0.679766,0.896875
0.211938,-0.2625,0.670569,0.896875
0.185203,-0.415625,0.679099,1.00625
0.141323,-0.2625,0.68066,0.896875
0.155291,-0.021875,0.659534,0.853125
0.157058,-0.30625,0.684927,0.875
0.129451,-0.30625,0.68706,1.00625
0.149534,-0.284375,0.688321,0.940625
0.163803,-0.284375,0.690454,0.940625
0.165269,-0.30625,0.692588,0.940625
0.156279,-0.30625,0.693849,0.940625
0.169375,-0.328125,0.696282,0.940625
0.141195,-0.328125,0.699288,1.02812
0.161279,-0.328125,0.700549,0.940625
0.144429,-0.30625,0.703554,0.896875
0.145323,-0.371875,0.70656,0.940625
0.129645,-0.30625,0.708693,1.00625
0.147684,-0.065625,0.711999,0.940625
0.11369,-0.328125,0.715004,0.896875
0.178247,0.153125,0.71801,0.940625
0.132623,-0.35,0.721016,1.02812
0.116073,-0.04375,0.724321,0.940625
0.105038,-0.4375,0.727327,0.940625
0.10506,0.021875,0.731204,0.940625
0.116412,0,0.735382,1.09375
0.0524711,-0.021875,0.73926,0.984375
0.105699,0.021875,0.742266,0.940625
0.106293,0,0.745271,0.984375
0.13539,0,0.749449,1.02812
0.10691,-0.021875,0.752454,0.940625
0.136879,0,0.75576,0.984375
0.106954,-0.35,0.774175,1.07187
0.107549,-0.021875,0.762643,1.07187
0.0901267,-0.021875,0.766821,1.00625
0.118923,-0.021875,0.770699,1.18125
0.0741711,-0.021875,0.773132,0.7875
0.139029,0.021875,0.775266,1.1375
0.0931044,-0.04375,0.778271,1.1375
0.124817,0.021875,0.779832,1.00625
0.127156,-0.0875,0.783129,1.15938
0.0989767,-0.04375,0.783527,1.05
0.0995711,0.021875,0.786532,1.11563
0.101338,-0.065625,0.799723,1.00625
0.0839156,-0.284375,0.791971,1.05
0.131901,-0.0875,0.793532,1.02812
0.101977,-0.0875,0.798282,1.09375
0.131645,0.240625,0.815253,1.15938
0.13254,-0.2625,0.805756,1.07187
0.150879,-0.109375,0.806154,1.09375
0.0866378,-0.153125,0.812367,1.07187
0.16894,-0.109375,0.811593,1.15938
0.122143,-0.109375,0.82304,1.09375
0.107338,0.0875,0.835058,1.09375
0.153579,-0.153125,0.821501,1.1375
0.108827,-0.175,0.821027,1.00625
0.126293,0.0875,0.824032,1.1375
0.155962,0.065625,0.845364,1.1375
0.157729,-0.175,0.828027,1.09375
0.159195,-0.240625,0.83016,1.18125
0.16009,-0.175,0.832593,1.1375
0.196445,-0.196875,0.834154,1.09375
0.179895,-0.284375,0.86478,1.1375
0.163345,-0.240625,0.840466,1.24687
0.199701,-0.21875,0.842027,1.1375
0.183151,-0.2625,0.852601,1.1375
0.202062,-0.30625,0.846593,1.1375
0.202956,-0.21875,0.849899,1.1375
0.204423,-0.240625,0.852332,1.15938
0.189617,-0.284375,0.880641,1.18125
0.143693,-0.153125,0.856327,1.1375
0.221925,-0.30625,0.857016,1.1375
0.223391,-0.284375,0.859449,1.15938
0.17864,-0.21875,0.883397,1.1375
0.15016,-0.153125,0.863443,1.20312
0.163556,-0.13125,0.865004,1.15938
0.182467,-0.328125,0.867438,1.1375
0.16679,-0.35,0.869871,1.18125
0.186573,-0.109375,0.89818,1.09375
0.187467,-0.109375,0.873866,1.18125
0.28953,-0.30625,0.874554,1.20312
0.192445,-0.4375,0.890653,1.29062
0.193912,-0.328125,0.878549,1.18125
0.130843,-0.459375,0.880982,1.29062
0.177956,-0.503125,0.883416,1.18125
0.197167,-0.35,0.886149,1.18125
0.215206,-0.371875,0.903119,1.18125
0.169582,-0.04375,0.891016,1.1375
0.180934,-0.4375,0.894321,1.1375
0.199273,-0.04375,0.896754,1.225
0.152477,-0.328125,0.899188,1.225
0.170816,-0.30625,0.916458,1.225
0.18304,-0.328125,0.903482,1.225
0.15486,-0.371875,0.91144,1.18125
0.137138,-0.328125,0.918234,1.20312
0.184551,-0.328125,0.938121,1.225
0.186017,-0.328125,0.93503,1.29062
0.121204,-0.30625,0.94386,1.33438
0.155816,-0.13125,0.952399,1.20312
0.109019,0,0.949027,1.15938
0.173004,-0.021875,0.948843,1.20312
0.173599,-0.30625,0.962034,1.24687
0.173621,-0.328125,0.956917,1.26875
0.10938,-0.35,0.955862,1.20312
0.138477,-0.13125,0.962084,1.33438
0.109125,-0.2625,0.959284,1.24687
0.173982,-0.175,0.96288,1.35625
0.173704,-0.30625,0.96823,1.26875
0.204545,-0.196875,0.970082,1.35625
0.156877,-0.30625,0.96671,1.3125
0.156899,-0.328125,0.966527,1.35625
0.174066,-0.04375,0.960238,1.24687
0.109825,-0.30625,0.955121,1.26875
0.120604,0.021875,0.970929,1.26875
0.154343,-0.065625,0.95709,1.24687
0.136921,-0.240625,0.953417,1.29062
0.107569,-0.284375,0.946556,1.29062
0.118349,-0.04375,0.951025,1.26875
0.105569,-0.2625,0.955793,1.29062
0.116921,-0.065625,0.944853,1.26875
0.104441,-0.240625,0.932758,1.20312
0.103291,0.109375,0.945377,1.29062
0.134132,-0.240625,0.922516,1.26875
0.152171,-0.04375,0.911293,1.225
0.117304,-0.240625,0.912273,1.20312
0.133599,-0.04375,0.90076,1.18125
0.133621,-0.30625,0.896806,1.18125
0.150788,-0.065625,0.88354,1.18125
0.103991,-0.30625,0.882203,1.18125
0.116516,-0.04375,0.872425,1.15938
0.150254,0.109375,0.869053,1.1375
0.13196,-0.021875,0.858993,1.15938
0.149127,-0.21875,0.861145,1.18125
0.147977,-0.21875,0.847879,1.15938
0.112238,-0.35,0.842762,1.15938
0.11226,-0.175,0.834147,1.15938
0.129154,-0.196875,0.807179,1.15938
0.11116,-0.065625,0.79969,1.15938
0.146371,-0.35,0.783479,1.11563
0.129249,-0.4375,0.757101,1.11563
0.146143,-0.196875,0.736238,1.1375
0.128149,-0.371875,0.702291,1.09375
0.110154,-0.371875,0.675323,1.1375
0.109604,-0.04375,0.659984,1.11563
0.0974248,-0.109375,0.625175,1.07187
0.0968748,-0.153125,0.606056,1.07187
0.125399,-0.0875,0.57996,1.02812
0.124849,-0.109375,0.572471,1.00625
0.0952248,-0.13125,0.549291,1.00625
0.095547,-0.109375,0.534534,0.940625
0.0609804,-0.109375,0.525882,0.875
0.0956193,0,0.514032,0.875
0.0601804,-0.109375,0.503936,0.896875
0.0421859,-0.0875,0.494412,0.7875
0.0582081,-0.0875,0.490121,0.74375
0.0759748,-0.065625,0.491654,0.7
0.091997,-0.109375,0.509169,0.7
0.0391137,-0.065625,0.530754,0.678125
0.0734526,-0.04375,0.526764,0.7
0.0554581,-0.153125,0.523636,0.678125
0.089797,-0.021875,0.52923,0.765625
0.100877,-0.153125,0.541521,0.6125
0.100327,-0.153125,0.541882,0.634375
0.135538,-0.21875,0.532949,0.634375
0.136732,-0.196875,0.542032,0.7
0.120482,-0.196875,0.532227,0.896875
0.139121,-0.196875,0.54509,0.896875
0.140316,-0.196875,0.537601,0.590625
0.170584,-0.240625,0.535645,0.74375
0.161021,-0.065625,0.531645,0.7
0.162216,-0.2625,0.51806,0.74375
0.192484,-0.240625,0.521038,0.74375
0.177106,-0.328125,0.522571,0.7
0.179173,-0.328125,0.516827,0.74375
0.216129,-0.328125,0.51051,0.74375
0.218195,-0.2625,0.509427,0.765625
0.20369,-0.21875,0.500775,0.7
0.223201,-0.328125,0.472943,0.7
0.253469,-0.35,0.474177,0.7
0.226462,-0.284375,0.47571,0.7
0.228529,-0.35,0.476943,0.7
0.230895,-0.284375,0.478477,0.7
0.251279,-0.0875,0.479138,0.6125
0.253345,-0.35,0.480371,0.721875
0.220523,-0.196875,0.481904,0.721875
0.258351,-0.2625,0.482566,0.678125
0.290364,-0.415625,0.482927,0.678125
0.310747,-0.371875,0.48446,0.678125
0.232279,-0.4375,0.485121,0.6125
0.281736,-0.371875,0.485482,0.678125
0.255601,-0.35,0.487016,0.65625
0.287614,-0.39375,0.487677,0.65625
0.325441,-0.175,0.488038,0.74375
0.293491,-0.4375,0.486664,0.678125
0.348764,-0.39375,0.491104,0.74375
0.352575,-0.48125,0.491766,0.678125
0.338069,-0.459375,0.492999,0.678125
0.306991,-0.415625,0.49366,0.678125
0.363136,-0.48125,0.494321,0.678125
0.350375,-0.4375,0.493238,0.678125
0.338486,-0.459375,0.464534,0.678125
0.423704,-0.39375,0.492516,0.7
0.394371,-0.525,0.49056,0.65625
0.352536,-0.415625,0.463601,0.678125
0.402866,-0.525,0.472984,0.678125
0.407549,-0.503125,0.490799,0.678125
0.413977,-0.48125,0.488843,0.546875
0.353825,-0.590625,0.488332,0.6125
0.422471,-0.503125,0.488121,0.678125
0.427154,-0.634375,0.487038,0.65625
0.401591,-0.48125,0.48043,0.634375
0.387386,-0.48125,0.48836,0.65625
0.407769,-0.6125,0.489021,0.65625
0.394136,-0.48125,0.48881,0.678125
0.397075,-0.503125,0.489171,0.65625
0.416586,-0.525,0.490704,0.721875
0.384636,-0.503125,0.491366,0.678125
0.405019,-0.525,0.492027,0.590625
0.390514,-0.39375,0.492688,0.678125
0.410025,-0.459375,0.494221,0.65625
0.396391,-0.6125,0.49371,0.678125
0.415903,-0.6125,0.495243,0.65625
0.435414,-0.525,0.496777,0.65625
0.373517,-0.503125,0.49831,0.74375
0.393029,-0.48125,0.499843,0.678125
0.395967,-0.525,0.500504,0.634375
0.411408,-0.48125,0.500293,0.7
0.402717,-0.546875,0.500954,0.678125
0.38734,-0.503125,0.502488,0.678125
0.419353,-0.503125,0.503149,0.678125
0.357456,-0.590625,0.504682,0.678125
0.358651,-0.6125,0.507088,0.721875
0.395606,-0.525,0.522286,0.678125
0.414245,-0.503125,0.510154,0.65625
0.380551,-0.634375,0.511688,0.678125
0.381745,-0.503125,0.514093,0.678125
0.383812,-0.503125,0.545282,0.678125
0.356804,-0.525,0.545943,0.546875
0.387073,-0.590625,0.519856,0.721875
0.388267,-0.590625,0.518482,0.7
0.37289,-0.503125,0.538041,0.721875
0.408973,-0.371875,0.548297,0.678125
0.362777,-0.634375,0.534712,0.721875
0.363099,-0.546875,0.531012,0.7875
0.376795,-0.546875,0.524404,0.7
0.365488,-0.48125,0.53874,0.721875
0.331793,-0.590625,0.551903,0.7
0.415267,-0.48125,0.528432,0.7
0.381573,-0.503125,0.560493,0.809375
0.382767,-0.56875,0.529754,0.721875
0.419723,-0.503125,0.529543,0.74375
0.420917,-0.503125,0.552891,0.721875
0.439556,-0.546875,0.543958,0.74375
0.38929,-0.39375,0.547236,0.721875
0.391356,-0.503125,0.54528,0.721875
0.458258,-0.546875,0.543625,0.721875
0.460325,-0.503125,0.562021,0.721875
0.450762,-0.65625,0.551343,0.74375
0.453701,-0.56875,0.548516,0.721875
0.420006,-0.56875,0.557327,0.721875
0.392999,-0.590625,0.546649,0.721875
0.458156,-0.56875,0.558649,0.721875
0.425334,-0.546875,0.548271,0.74375
0.473919,-0.56875,0.541954,0.721875
0.446912,-0.634375,0.548721,0.765625
0.478625,-0.56875,0.546193,0.721875
0.480691,-0.6125,0.539877,0.765625
0.452812,-0.6125,0.527164,0.721875
0.41999,-0.56875,0.537138,0.809375
0.457817,-0.56875,0.539543,0.7875
0.460756,-0.525,0.512303,0.765625
0.492769,-0.634375,0.513836,0.721875
0.483206,-0.590625,0.528743,0.7
0.485273,-0.65625,0.507608,0.74375
0.486467,-0.65625,0.532982,0.765625
0.489406,-0.634375,0.510975,0.74375
0.503975,-0.590625,0.51338,0.7
0.476095,-0.634375,0.514341,0.7
0.497351,-0.65625,0.519654,0.74375
0.499417,-0.678125,0.508986,0.7875
0.514858,-0.7,0.48726,0.7
0.535241,-0.7,0.489384,0.678125
0.520736,-0.74375,0.513886,0.7
0.476284,-0.721875,0.510486,0.7
0.495495,-0.721875,0.487016,0.7
0.526636,-0.74375,0.487977,0.678125
0.499629,-0.765625,0.512197,0.65625
0.550258,-0.721875,0.487554,0.7
0.504934,-0.74375,0.510875,0.678125
0.524745,-0.74375,0.501341,0.678125
0.527112,-0.721875,0.505764,0.65625
0.558553,-0.74375,0.486054,0.721875
0.545219,-0.721875,0.511119,0.7
0.548458,-0.7875,0.509436,0.678125
0.523495,-0.74375,0.506008,0.678125
0.526434,-0.721875,0.507232,0.65625
0.528801,-0.65625,0.499153,0.65625
0.531167,-0.65625,0.498341,0.7
0.532662,-0.721875,0.486201,0.678125
0.535029,-0.7,0.503416,0.65625
0.501634,-0.7,0.503477,0.678125
0.520573,-0.721875,0.495397,0.721875
0.504323,-0.678125,0.501854,0.65625
0.494188,-0.65625,0.498136,0.65625
0.507312,-0.678125,0.505466,0.65625
0.526251,-0.721875,0.481395,0.65625
0.509429,-0.634375,0.504716,0.678125
0.527495,-0.65625,0.489086,0.65625
0.512417,-0.678125,0.491764,0.7
0.449649,-0.525,0.495314,0.678125
0.466843,-0.634375,0.482291,0.6125
0.502354,-0.634375,0.482353,0.634375
0.502977,-0.7,0.498704,0.65625
0.503599,-0.678125,0.503127,0.6125
0.504221,-0.678125,0.481964,0.634375
0.46791,-0.634375,0.498888,0.6125
0.485977,-0.634375,0.495169,0.65625
0.468282,-0.546875,0.511521,0.634375
0.450588,-0.678125,0.507221,0.65625
0.403819,-0.56875,0.513679,0.74375
0.467532,-0.6125,0.509388,0.6125
0.449538,-0.634375,0.511484,0.56875
0.449288,-0.65625,0.514162,0.65625
0.419091,-0.634375,0.522073,0.7
0.418841,-0.590625,0.511095,0.7
0.417719,-0.546875,0.521041,0.590625
0.399153,-0.56875,0.523719,0.7
0.445121,-0.546875,0.51623,0.7
0.433241,-0.56875,0.516291,0.590625
0.415547,-0.590625,0.521886,0.678125
0.414425,-0.546875,0.520493,0.65625
0.39673,-0.634375,0.528404,0.65625
0.476716,-0.56875,0.511321,0.721875
0.394186,-0.590625,0.515743,0.65625
0.427953,-0.546875,0.519012,0.6125
0.409386,-0.590625,0.518201,0.721875
0.391691,-0.590625,0.511584,0.721875
0.407141,-0.546875,0.508156,0.678125
0.405719,-0.56875,0.506773,0.65625
0.433671,-0.56875,0.500729,0.56875
0.421791,-0.56875,0.497601,0.7
0.403225,-0.678125,0.493591,0.65625
0.365469,-0.546875,0.489591,0.721875
0.398936,-0.546875,0.48064,0.809375
0.362053,-0.525,0.492921,0.590625
0.377503,-0.546875,0.48048,0.634375
0.410397,-0.525,0.477353,0.634375
0.374086,-0.678125,0.480321,0.56875
0.372091,-0.48125,0.476321,0.721875
0.323579,-0.48125,0.483951,0.56875
0.35153,-0.721875,0.472673,0.525
0.36698,-0.546875,0.469836,0.678125
0.348114,-0.459375,0.461175,0.590625
0.364436,-0.525,0.448453,0.546875
0.362441,-0.48125,0.442708,0.678125
0.361319,-0.459375,0.421836,0.546875
0.342753,-0.503125,0.402717,0.65625
0.376219,-0.48125,0.379529,0.56875
0.35678,-0.525,0.370867,0.546875
0.338214,-0.48125,0.344771,0.546875
0.373725,-0.459375,0.330886,0.56875
0.353986,-0.459375,0.316119,0.525
0.336291,-0.459375,0.297001,0.6125
0.334297,-0.4375,0.282243,0.525
0.319801,-0.48125,0.275627,0.48125
0.347453,-0.48125,0.272199,0.48125
0.328014,-0.459375,0.259186,0.21875
0.326891,-0.2625,0.237451,0.48125
0.324025,-0.48125,0.243045,0.415625
0.310101,-0.525,0.234684,0.415625
0.290662,-0.4375,0.223988,0.634375
0.334314,-0.39375,0.222604,0.459375
0.303245,-0.415625,0.233432,0.39375
0.31258,-0.415625,0.232049,0.328125
0.282684,-0.415625,0.216691,0.39375
0.309764,-0.4375,0.22343,0.35
0.327258,-0.4375,0.234821,0.4375
0.29619,-0.371875,0.227304,0.35
0.341014,-0.39375,0.237532,0.284375
0.339891,-0.525,0.229443,0.35
0.303308,-0.525,0.230949,0.459375
0.31963,-0.415625,0.224314,0.4375
0.353697,-0.39375,0.240638,0.328125
0.336003,-0.503125,0.229641,0.284375
0.382571,-0.634375,0.241032,0.2625
0.382321,-0.48125,0.225675,0.328125
0.336725,-0.4375,0.228925,0.30625
0.418754,-0.39375,0.235082,0.48125
0.402232,-0.459375,0.234543,0.371875
0.402854,-0.4375,0.213953,0.2625
0.404649,-0.6125,0.234066,0.415625
0.422716,-0.503125,0.230338,0.415625
0.423638,-0.503125,0.223703,0.371875
0.42426,-0.503125,0.209217,0.371875
0.426054,-0.634375,0.202582,0.4375
0.426677,-0.590625,0.20496,0.415625
0.47499,-0.56875,0.206466,0.415625
0.440723,-0.546875,0.208843,0.284375
0.412571,-0.525,0.211221,0.284375
0.430638,-0.6125,0.213599,0.284375
0.461206,-0.546875,0.215104,0.415625
0.445556,-0.546875,0.21661,0.328125
0.447051,-0.590625,0.218116,0.240625
0.483734,-0.65625,0.219621,0.284375
0.466912,-0.6125,0.221999,0.39375
0.468706,-0.56875,0.192977,0.284375
0.452756,-0.6125,0.22501,0.2625
0.426349,-0.678125,0.225643,0.284375
0.426971,-0.6125,0.228021,0.503125
0.492729,-0.590625,0.230399,0.39375
0.510795,-0.6125,0.232777,0.35
0.49689,-0.6125,0.232538,0.4375
0.498384,-0.721875,0.234916,0.2625
0.46499,-0.634375,0.236421,0.39375
0.465912,-0.65625,0.238799,0.2625
0.485723,-0.415625,0.226067,0.240625
0.470945,-0.65625,0.241238,0.39375
0.47244,-0.6125,0.220356,0.284375
0.530056,-0.590625,0.241632,0.328125
0.514106,-0.678125,0.221623,0.284375
0.469382,-0.7875,0.246388,0.284375
0.482506,-0.83125,0.248193,0.415625
0.471499,-0.56875,0.232545,0
0.456721,-0.7,0.252077,0.415625
0.47566,-0.634375,0.253582,0.328125
0.47571,-0.634375,0.257704,0.2625
0.488834,-0.74375,0.25951,0.2625
0.478127,-0.765625,0.261888,0.328125
0.462177,-0.634375,0.263393,0.284375
0.444482,-0.7,0.266943,0.459375
0.445404,-0.590625,0.269321,0.30625
0.428582,-0.678125,0.271699,0.328125
0.446077,-0.590625,0.274949,0.328125
0.48246,-0.546875,0.276754,0.35
0.448493,-0.546875,0.279132,0.4375
0.46656,-0.7,0.28151,0.371875
0.433166,-0.48125,0.283316,0
0.425075,-0.721875,0.283077,0.48125
0.455643,-0.56875,0.284582,0.35
0.473138,-0.590625,0.288132,0.371875
0.456316,-0.634375,0.29051,0.371875
0.438621,-0.634375,0.29406,0.48125
0.438671,-0.590625,0.29731,0.371875
0.425919,-0.634375,0.301732,0.328125
0.390208,-0.634375,0.304982,0.371875
0.436477,-0.6125,0.308232,0.459375
0.452799,-0.525,0.312654,0.48125
0.422903,-0.525,0.330441,0.48125
0.420908,-0.546875,0.321199,0.459375
0.419214,-0.56875,0.326193,0.415625
0.383203,-0.56875,0.353003,0.39375
0.400397,-0.56875,0.332993,0.459375
0.38213,-0.546875,0.348173,0.415625
0.39758,-0.546875,0.341538,0.415625
0.443277,-0.546875,0.363986,0.48125
0.413953,-0.546875,0.347466,0.546875
0.361369,-0.525,0.350143,0.415625
0.394564,-0.525,0.354566,0.459375
0.375997,-0.546875,0.357816,0.415625
0.392319,-0.525,0.360493,0.39375
0.374053,-0.525,0.37828,0.415625
0.419449,-0.525,0.380958,0.459375
0.437816,-0.35,0.394975,0.503125
0.409364,-0.56875,0.398516,0.525
0.409114,-0.590625,0.399149,0.415625
0.438238,-0.546875,0.384664,0.590625
0.420843,-0.56875,0.400116,0.48125
0.422638,-0.634375,0.403366,0.65625
0.42356,-0.590625,0.395558,0.48125
0.42331,-0.6125,0.383108,0.546875
0.461738,-0.590625,0.399432,0.56875
0.491734,-0.6125,0.391053,0.590625
0.481027,-0.6125,0.381791,0.65625
0.429616,-0.7,0.381553,0.7
0.429366,-0.56875,0.390608,0.503125
0.484366,-0.65625,0.388625,0.546875
0.485288,-0.65625,0.36221,0.6125
0.533601,-0.65625,0.376508,0.525
0.499334,-0.65625,0.382075,0.459375
0.488627,-0.65625,0.387941,0.503125
0.472104,-0.678125,0.393508,0.65625
0.491343,-0.634375,0.381058,0.546875
0.492266,-0.678125,0.368027,0.503125
0.522834,-0.721875,0.369232,0.459375
0.525501,-0.7,0.369866,0.678125
0.509851,-0.7,0.388225,0.56875
0.52909,-0.678125,0.370832,0.721875
0.57623,-0.7,0.37321,0.678125
0.514062,-0.7,0.374416,0.459375
0.533301,-0.678125,0.375921,0.459375
0.488577,-0.765625,0.377427,0.678125
0.572651,-0.678125,0.37776,0.459375
0.540129,-0.7,0.378393,0.678125
0.526223,-0.7,0.378154,0.459375
0.564651,-0.7,0.377916,0.459375
0.531556,-0.7,0.378249,0.590625
0.56794,-0.74375,0.379754,0.503125
0.524088,-0.721875,0.380388,0.459375
0.554956,-0.721875,0.381593,0.503125
0.539306,-0.6125,0.383099,0.546875
0.593134,-0.74375,0.384604,0.459375
0.560912,-0.765625,0.385238,0.56875
0.516188,-0.721875,0.386743,0.503125
0.534254,-0.721875,0.399579,0.415625
0.546806,-0.721875,0.390327,0.56875
0.566045,-0.678125,0.391832,0.503125
0.603601,-0.721875,0.392466,0.459375
0.605095,-0.765625,0.393971,0.525
0.571129,-0.74375,0.410014,0.634375
0.590367,-0.765625,0.396682,0.503125
0.609606,-0.765625,0.398188,0.503125
0.55964,-0.83125,0.398821,0.525
0.562306,-0.7875,0.405851,0.109375
0.553343,-0.74375,0.399216,0.503125
0.554838,-0.74375,0.400721,0.546875
0.568262,-0.83125,0.431882,0.415625
0.588373,-0.721875,0.401988,0.56875
0.561093,-0.765625,0.421519,0.6125
0.560843,-0.721875,0.404999,0.525
0.526877,-0.765625,0.406504,0.503125
0.527799,-0.896875,0.40801,0.546875
0.511849,-0.74375,0.407771,0.7875
0.578479,-0.721875,0.430791,0.525
0.580273,-0.765625,0.407293,0.56875
0.569566,-0.7875,0.416067,0.65625
0.518727,-0.721875,0.40856,0.546875
0.517904,-0.7,0.429836,0.56875
0.517954,-0.459375,0.431341,0.56875
0.517704,-0.83125,0.413949,0.546875
0.553516,-0.721875,0.44511,0.56875
0.509664,-0.721875,0.419867,0.56875
0.53936,-0.765625,0.440853,0.678125
0.492891,-0.678125,0.422006,0.525
0.558649,-0.678125,0.448516,0.56875
0.524382,-0.765625,0.416595,0.56875
0.524432,-0.721875,0.442814,0.6125
0.477091,-0.65625,0.439958,0.590625
0.476841,-0.896875,0.425473,0.525
0.512653,-0.678125,0.452854,0.503125
0.560093,-0.634375,0.456977,0.678125
0.49618,-0.7,0.433197,0.546875
0.512503,-0.6125,0.447786,0.65625
0.494236,-0.6125,0.45656,0.65625
0.475969,-0.809375,0.445564,0.590625
0.493164,-0.74375,0.457827,0.56875
0.521416,-0.7,0.43928,0.896875
0.520293,-0.65625,0.455904,0.634375
0.508714,-0.65625,0.456538,0.590625
0.519521,-0.74375,0.466193,0.503125
0.454436,-0.678125,0.451708,0.65625
0.517577,-0.634375,0.45961,0.590625
0.471108,-0.7875,0.459371,0.56875
0.469986,-0.503125,0.468154,0.765625
0.451719,-0.590625,0.473149,0.590625
0.485786,-0.56875,0.468549,0.56875
0.532054,-0.328125,0.463377,0.7
0.485586,-0.6125,0.473895,0.853125
0.531282,-0.590625,0.474829,0.765625
0.501086,-0.634375,0.487673,0.590625
0.481947,-0.634375,0.478712,0.590625
0.498269,-0.74375,0.482262,0.765625
0.445986,-0.56875,0.470684,0.590625
0.497497,-0.634375,0.473934,0.6125
0.509177,-0.765625,0.471951,0.6125
0.509227,-0.6125,0.47839,0.7
0.509277,-0.56875,0.478441,0.634375
0.47908,-0.65625,0.476458,0.56875
0.496575,-0.74375,0.473603,0.74375
0.478308,-0.74375,0.468712,0.678125
0.50656,-0.74375,0.474569,0.634375
0.540627,-0.678125,0.465317,0.678125
0.540677,-0.634375,0.46159,0.853125
0.493908,-0.6125,0.466003,0.765625
0.493086,-0.65625,0.467508,0.678125
0.492264,-0.634375,0.460291,0.765625
0.474869,-0.634375,0.461797,0.48125
0.503121,-0.74375,0.458941,0.590625
0.473225,-0.6125,0.466843,0.678125
0.536938,-0.634375,0.457582,0.590625
0.490469,-0.634375,0.457343,0.546875
0.473075,-0.7,0.456232,0.56875
0.502199,-0.65625,0.455121,0.590625
0.489747,-0.546875,0.452556,0.56875
0.502299,-0.721875,0.45319,0.56875
0.555254,-0.634375,0.445101,0.634375
0.520416,-0.65625,0.445153,0.546875
0.538782,-0.721875,0.440553,0.546875
0.505688,-0.7,0.437988,0.546875
0.504866,-0.65625,0.430771,0.590625
0.492414,-0.65625,0.427043,0.546875
0.474719,-0.65625,0.415466,0.503125
0.504716,-0.65625,0.423667,0.56875
0.523082,-0.765625,0.402495,0.546875
0.526621,-0.809375,0.399058,0.525
0.510971,-0.678125,0.38748,0.56875
0.510721,-0.809375,0.369797,0.6125
0.481697,-0.678125,0.368104,0.678125
0.510821,-0.65625,0.346641,0.634375
0.509999,-0.65625,0.34931,0.590625
0.54551,-0.678125,0.33686,0.503125
0.511543,-0.74375,0.317732,0.56875
0.513338,-0.678125,0.295688,0.21875
0.466869,-0.765625,0.265503,0.48125
0.467791,-0.678125,0.234445,0.503125
0.550693,-0.7,0.195538,0.503125
0.515854,-0.7875,0.171758,0.48125
0.470258,-0.6125,0.144771,0.4375
0.469436,-0.678125,0.125925,0.459375
0.504075,-0.65625,0.0939952,0.4375
0.470108,-0.7,0.0763211,0.4375
0.469286,-0.634375,0.0705581,0.39375
0.451891,-0.678125,0.0677026,0
0.451069,-0.65625,0.0520544,0.240625
0.449075,-0.634375,0.0745026,0.30625
0.436623,-0.6125,0.0579822,0.196875
0.445686,-0.590625,0.0775137,0.196875
0.443119,-0.7,0.0665267,0.021875
0.441125,-0.7,0.0814063,0.021875
0.409484,-0.590625,0.0962859,-0.021875
0.436864,-0.546875,0.0946026,0.284375
0.42354,-0.590625,0.0926193,0.21875
0.421545,-0.56875,0.107208,0.021875
0.448925,-0.634375,0.121516,0.04375
0.464675,-0.6125,0.11866,-0.021875
0.480125,-0.546875,0.100114,0.021875
0.426097,-0.590625,0.126332,0.065625
0.442719,-0.546875,0.122904,0.065625
0.475914,-0.678125,0.133132,0.04375
0.474791,-0.721875,0.118647,0.065625
0.455653,-0.634375,0.12336,0
0.45483,-0.634375,0.129227,0.240625
0.483082,-0.6125,0.122891,0
0.48196,-0.590625,0.124397,0.0875
0.452936,-0.546875,0.135216,0.0875
0.453858,-0.634375,0.130616,0.175
0.484427,-0.721875,0.10858,0.109375
0.457147,-0.678125,0.120853,0.0875
0.458941,-0.65625,0.0950285,0.35
0.50521,-0.634375,0.0939267,0.240625
0.522704,-0.634375,0.119564,0.0875
0.458791,-0.678125,0.126603,0.13125
0.486171,-0.678125,0.103104,0.240625
0.503366,-0.56875,0.137182,0.175
0.485099,-0.678125,0.111077,0.13125
0.52091,-0.7,0.113454,0.240625
0.503216,-0.634375,0.117004,0.0875
0.502393,-0.678125,0.121427,0.0875
0.485871,-0.678125,0.123804,0.240625
0.519638,-0.678125,0.128227,0.13125
0.485671,-0.65625,0.130904,0.04375
0.521482,-0.765625,0.133282,0.175
0.522977,-0.7,0.135088,0.21875
0.507327,-0.7875,0.136893,0.13125
0.554767,-0.7,0.139571,0.240625
0.545504,-0.721875,0.140204,0.153125
0.529854,-0.7,0.14201,0.0875
0.549393,-0.7,0.135347,0.109375
0.532299,-0.721875,0.144666,0.13125
0.534693,-0.74375,0.144971,0.153125
0.554232,-0.7875,0.145577,0.240625
0.567956,-0.74375,0.145882,0.35
0.586623,-0.7875,0.117704,0.13125
0.607334,-0.7875,0.147666,0.109375
0.56291,-0.809375,0.148271,0.240625
0.576634,-0.765625,0.148577,0.0875
0.577856,-0.7875,0.150054,0.240625
0.632284,-0.7875,0.15036,0.39375
0.617234,-0.875,0.150966,0.153125
0.620201,-0.809375,0.150399,0.13125
0.604851,-0.83125,0.148969,0.065625
0.62439,-0.809375,0.153054,0.240625
0.643929,-0.83125,0.15366,0.109375
0.612306,-0.875,0.153093,0.13125
0.596084,-0.896875,0.154571,0.240625
0.63394,-0.74375,0.154304,0.240625
0.602017,-0.74375,0.153738,0.0875
0.604984,-0.91875,0.153471,0.21875
0.660284,-0.765625,0.152904,0.0875
0.646106,-0.634375,0.152638,0.175
0.634245,-1.07187,0.149754,0.240625
0.572377,-0.853125,0.15006,0.175
0.639306,-1.1375,0.149793,0.240625
0.642273,-0.853125,0.149527,0.175
0.627223,-0.940625,0.149832,0.0875
0.617688,-0.875,0.150438,0.0875
0.632284,-0.91875,0.150171,0.109375
0.607049,-0.853125,0.148732,0.13125
0.625716,-0.83125,0.15021,0.13125
0.574604,-0.7875,0.151688,0.109375
0.629332,-0.9625,0.151993,0.13125
0.594793,-0.853125,0.154343,0.13125
0.630904,-0.809375,0.155821,0.065625
0.614682,-0.83125,0.157299,0.109375
0.59846,-0.875,0.158477,0.13125
0.633699,-0.74375,0.160827,0.13125
0.601777,-0.984375,0.16056,0.175
0.620743,-0.809375,0.162038,0.13125
0.621966,-0.91875,0.163216,0.21875
0.640632,-0.83125,0.164693,0.240625
0.590393,-0.853125,0.164427,0.13125
0.609932,-0.7875,0.165032,0.0875
0.564636,-0.83125,0.16651,0.21875
0.583603,-0.74375,0.167988,0.175
0.584825,-0.74375,0.171201,0.0875
0.614249,-0.853125,0.170643,0.240625
0.568953,-0.765625,0.172121,0.153125
0.586747,-0.7875,0.174471,0.240625
0.551336,-0.896875,0.177693,0.175
0.551686,-0.765625,0.206791,0.240625
0.586925,-0.74375,0.181521,0.21875
0.571003,-0.853125,0.182999,0.284375
0.57048,-0.7875,0.185349,0.2625
0.535941,-0.765625,0.190606,0.153125
0.535419,-0.7875,0.190049,0.21875
0.588975,-0.91875,0.190354,0.175
0.589325,-0.7875,0.192704,0.30625
0.571358,-0.940625,0.208719,0.153125
0.553391,-0.7875,0.21543,0.2625
0.536297,-0.74375,0.212547,0.328125
0.570091,-0.83125,0.215769,0.196875
0.552125,-0.91875,0.218119,0.21875
0.551603,-0.7875,0.219597,0.415625
0.55108,-0.7875,0.20741,0.196875
0.533114,-0.721875,0.21006,0.328125
0.598299,-0.809375,0.238286,0.284375
0.598649,-0.809375,0.222029,0.284375
0.534164,-0.809375,0.224379,0.30625
0.534514,-0.765625,0.213354,0.240625
0.522362,-0.721875,0.242453,0.30625
0.586675,-0.7875,0.223579,0.371875
0.56988,-0.809375,0.235814,0.240625
0.57023,-0.765625,0.245141,0.328125
0.587153,-0.809375,0.218999,0.371875
0.505223,-1.02812,0.240547,0.240625
0.59861,-0.721875,0.234756,0.328125
0.534125,-0.896875,0.243503,0.328125
0.585936,-0.853125,0.24498,0.240625
0.521451,-0.9625,0.228432,0.30625
0.567447,-0.74375,0.253169,0.328125
0.531164,-0.83125,0.256691,0.284375
0.567275,-0.525,0.233166,0.328125
0.549308,-0.83125,0.263136,0.153125
0.549658,-0.7875,0.236121,0.21875
0.550008,-0.853125,0.260286,0.35
0.568103,-0.91875,0.238504,0.284375
0.549264,-0.809375,0.241727,0.30625
0.548741,-0.7,0.257741,0.240625
0.564791,-0.74375,0.261264,0.371875
0.545953,-0.7,0.261579,0.328125
0.515484,-0.721875,0.272069,0.328125
0.51409,-0.809375,0.27123,0.371875
0.525197,-0.875,0.289571,0.415625
0.523803,-0.7,0.289886,0.30625
0.540725,-0.721875,0.294571,0.328125
0.521886,-0.678125,0.267266,0.35
0.520791,-0.65625,0.296636,0.39375
0.537141,-0.634375,0.273673,0.328125
0.519475,-0.7,0.301871,0.240625
0.57333,-0.7,0.277445,0.39375
0.539091,-0.809375,0.270182,0.39375
0.537997,-0.48125,0.28239,0.48125
0.539519,-0.83125,0.28443,0.371875
0.540169,-0.65625,0.268727,0.35
0.575708,-0.896875,0.29926,0.39375
0.558914,-0.74375,0.287336,0.35
0.543291,-0.2625,0.286469,0.30625
0.514867,-0.765625,0.278906,0.35
0.527147,-0.7,0.274551,0.35
0.544369,-0.765625,0.282397,0.35
0.563336,-0.678125,0.28153,0.328125
0.583175,-0.74375,0.277456,0.371875
0.529747,-0.74375,0.290836,0.525
0.530397,-0.721875,0.267582,0.328125
0.530175,-0.765625,0.292291,0.328125
0.566586,-0.765625,0.279795,0.371875
0.56898,-0.74375,0.266999,0.371875
0.568758,-0.809375,0.268749,0.35
0.568536,-0.721875,0.270499,0.328125
0.568314,-0.634375,0.271949,0.35
0.550647,-0.875,0.273699,0.328125
0.551297,-0.721875,0.274577,0.371875
0.567647,-0.809375,0.304519,0.328125
0.569169,-0.721875,0.276904,0.371875
0.569819,-0.74375,0.277482,0.30625
0.587914,-0.7875,0.279232,0.35
0.534786,-0.853125,0.280982,0.35
0.589514,-0.765625,0.280116,0.35
0.554403,-0.940625,0.309186,0.35
0.589941,-0.875,0.310064,0.503125
0.555703,-0.765625,0.288845,0.371875
0.572925,-0.7875,0.305414,0.48125
0.509612,-0.83125,0.305419,0.39375
0.55678,-0.83125,0.305425,0.21875
0.539986,-0.853125,0.292929,0.153125
0.540636,-0.721875,0.315021,0.39375
0.528784,-0.83125,0.291767,0.35
0.558508,-0.74375,0.309799,0.39375
0.529212,-0.853125,0.306897,0.4375
0.541491,-0.7875,0.292947,0.39375
0.511323,-0.91875,0.317366,0.4375
0.540175,-0.678125,0.316499,0.39375
0.529195,-0.74375,0.299641,0.415625
0.558047,-0.721875,0.305171,0.4375
0.527879,-0.7,0.31041,0.4375
0.510212,-0.83125,0.317393,0.371875
0.526562,-0.65625,0.313038,0.39375
0.508895,-0.678125,0.31536,0.503125
0.52699,-0.7,0.304027,0.39375
0.526767,-0.7,0.306649,0.39375
0.537303,-0.721875,0.312179,0.35
0.508006,-0.7,0.302299,0.415625
0.489467,-0.7875,0.313062,0.4375
0.523262,-0.809375,0.306962,0.39375
0.486406,-0.809375,0.305223,0.4375
0.533575,-0.809375,0.316858,0.525
0.503406,-0.678125,0.306979,0.35
0.50144,-0.65625,0.300006,0.39375
0.500345,-0.765625,0.301756,0.6125
0.400399,-0.284375,0.302634,0.371875
0.462395,-0.546875,0.292173,0.415625
0.460129,-0.6125,0.29654,0.415625
0.493923,-0.678125,0.293929,0.371875
0.474512,-0.7,0.303819,0.39375
0.454229,-0.634375,0.293358,0.371875
0.469706,-0.765625,0.294236,0.415625
0.486056,-0.546875,0.304999,0.35
0.436699,-0.525,0.295119,0.4375
0.43386,-0.721875,0.295416,0.35
0.442651,-0.678125,0.291932,0.35
0.440684,-0.634375,0.307056,0.459375
0.426216,-0.56875,0.300084,0.35
0.424249,-0.83125,0.290204,0.634375
0.403966,-0.56875,0.289056,0.328125
0.383682,-0.546875,0.296912,0.56875
0.362527,-0.590625,0.284706,0.48125
0.412021,-0.56875,0.286456,0.65625
0.421684,-0.634375,0.296347,0.371875
0.406343,-0.634375,0.28763,0.39375
0.369488,-0.546875,0.280949,0.21875
0.348904,-0.56875,0.269916,0.634375
0.364382,-0.56875,0.269921,0.2625
0.396432,-0.590625,0.26324,0.415625
0.406095,-0.525,0.25714,0.39375
0.403256,-0.525,0.249295,0.503125
0.399545,-0.546875,0.251345,0.459375
0.385077,-0.525,0.238267,0.525
0.382238,-0.546875,0.234784,0.546875
0.361082,-0.546875,0.214729,0.415625
0.374816,-0.503125,0.216779,0.4375
0.371977,-0.48125,0.204573,0.39375
0.334249,-0.503125,0.196729,0.328125
0.395073,-0.503125,0.18744,0.30625
0.392534,-0.503125,0.17289,0.196875
0.361793,-0.546875,0.175784,0.2625
0.358382,-0.525,0.15919,0.196875
0.337527,-0.525,0.139988,0.2625
0.352132,-0.546875,0.128054,0.2625
0.348721,-0.503125,0.125416,0.35
0.376129,-0.525,0.106214,0.415625
0.37359,-0.503125,0.0806063,0.4375
0.371051,-0.503125,0.0678007,0.196875
0.35194,-0.503125,0.0459822,0.175
0.386034,-0.503125,0.0264804,0.175
0.337849,-0.4375,0.00902296,0.13125
0.364956,-0.56875,-0.00145667,0.153125
0.333343,-0.6125,-0.0200863,0.153125
0.379067,-0.503125,-0.0102141,0.0875
0.360829,-0.525,-0.0323233,-0.21875
0.34259,-0.634375,-0.0189715,0.175
0.340923,-0.459375,-0.0285789,0.04375
0.327627,-0.284375,-0.0184159,0
0.389623,-0.48125,0.00656556,0.065625
0.354812,-0.48125,-0.0120548,0.175
0.354017,-0.48125,-0.000147407,0.021875
0.369795,-0.503125,0.00914333,-0.04375
0.369001,-0.503125,0.0062137,0.196875
0.415597,-0.525,-0.00223074,0.04375
0.386601,-0.546875,-0.0188159,-0.04375
0.397136,-0.48125,-0.0205733,-0.109375
0.414658,-0.56875,-0.013027,0.0875
0.433053,-0.503125,0.01021,0
0.481393,-0.30625,-0.0217844,0.04375
0.435825,-0.6125,-0.0215067,-0.04375
0.436775,-0.6125,-0.0221011,0.21875
0.485688,-0.678125,-0.0235678,-0.04375
0.504954,-0.525,-0.02359,0.0875
0.525093,-0.6125,-0.0221493,0.065625
0.492899,-0.678125,-0.0256511,0.04375
0.513038,-0.83125,-0.0262456,0.13125
0.498288,-0.721875,-0.02684,0.0875
0.549817,-0.721875,-0.0300511,-0.065625
0.59089,-0.7875,-0.0341344,-0.04375
0.579629,-0.7875,-0.0382178,-0.04375
0.566623,-0.765625,-0.0405567,0.0875
0.606823,-0.809375,-0.0440678,0.04375
0.611834,-0.896875,-0.0472789,-0.021875
0.617145,-0.765625,-0.05049,0.04375
0.639901,-0.809375,-0.0537011,-0.065625
0.657714,-0.853125,-0.0577844,-0.196875
0.662153,-0.83125,-0.0601233,0.109375
0.720369,-1.09375,-0.0642067,-0.175
0.674219,-0.984375,-0.06829,-0.04375
0.666156,-0.940625,-0.0688844,-0.21875
0.701414,-0.546875,-0.0729678,0.0875
0.741614,-1.00625,-0.0898437,-0.328125
0.695164,-1.11563,-0.101777,-0.065625
0.717047,-0.984375,-0.0799844,-0.021875
0.676712,-1.02812,-0.0831956,-0.065625
0.727669,-0.9625,-0.0846622,-0.04375
0.750425,-0.984375,-0.0870011,-0.04375
0.721419,-0.940625,-0.0902122,-0.021875
0.67934,-0.984375,-0.0908067,0.021875
0.702095,-0.9625,-0.0940178,-0.021875
0.724851,-0.9625,-0.0960567,-0.04375
0.758064,-0.940625,-0.0975233,-0.21875
0.747675,-0.875,-0.101607,-0.04375
0.704723,-0.940625,-0.116738,-0.065625
0.725734,-0.91875,-0.133323,-0.153125
0.749362,-0.91875,-0.113275,-0.065625
0.671221,-0.940625,-0.106601,-0.0875
0.738751,-0.896875,-0.107196,-0.0875
0.74319,-1.02812,-0.136855,-0.21875
0.746756,-0.9625,-0.110701,-0.0875
0.733451,-0.9625,-0.131066,0
0.737017,-0.940625,-0.113634,-0.065625
0.694066,-1.00625,-0.115101,-0.0875
0.744151,-1.02812,-0.116568,-0.021875
0.729973,-0.9625,-0.117734,-0.109375
0.766684,-0.984375,-0.117457,-0.4375
0.703671,-0.984375,-0.116307,-0.065625
0.734567,-1.00625,-0.116029,-0.109375
0.726204,-0.678125,-0.117196,-0.2625
0.710582,-0.984375,-0.116918,-0.065625
0.69496,-0.875,-0.11664,-0.0875
0.734288,-0.984375,-0.118979,-0.39375
0.701793,-0.940625,-0.119273,-0.065625
0.739377,-1.11563,-0.119868,-0.0875
0.70631,-0.875,-0.11959,-0.065625
0.726149,-1.00625,-0.120184,-0.065625
0.662264,-1.05,-0.117862,-0.371875
0.683275,-0.9625,-0.119329,-0.0875
0.694982,-0.83125,-0.117307,-0.284375
0.730521,-0.9625,-0.10946,-0.0875
0.696582,-0.984375,-0.115579,-0.328125
0.667586,-0.940625,-0.114429,-0.2625
0.667664,-0.896875,-0.112107,0
0.667441,-0.875,-0.110957,0
0.714038,-0.875,-0.108634,0
0.73156,-1.00625,-0.107484,-0.21875
0.668247,-0.91875,-0.0947048,-0.2625
0.667453,-0.896875,-0.10314,0
0.666658,-0.875,-0.087453,-0.371875
0.68388,-0.940625,-0.0996678,0.021875
0.665641,-0.875,-0.0976456,0.04375
0.71311,-0.875,-0.0961956,0.021875
0.713188,-0.9625,-0.0947733,-0.35
0.73101,-0.940625,-0.0948233,0
0.667725,-0.91875,-0.0937011,-0.371875
0.684675,-0.9625,-0.0920067,-0.371875
0.650164,-0.9625,-0.0917567,-0.13125
0.69706,-0.875,-0.0909344,-0.240625
0.714882,-0.896875,-0.0901122,0.021875
0.697816,-0.940625,-0.0898622,-0.30625
0.698193,-0.940625,-0.08904,-0.2625
0.687241,-0.875,-0.0879178,-0.021875
0.670175,-0.91875,-0.0870956,0.021875
0.670553,-0.940625,-0.0859733,-0.065625
0.700004,-0.896875,-0.0860233,0.196875
0.700382,-0.91875,-0.0849011,-0.2625
0.688258,-0.91875,-0.0832067,-0.371875
0.688636,-0.896875,-0.0820844,-0.04375
0.71926,-0.91875,-0.0821344,-0.371875
0.690564,-0.91875,-0.0810122,-0.04375
0.690941,-0.896875,-0.08019,-0.371875
0.785229,-0.984375,-0.07994,-0.065625
0.675997,-1.00625,-0.07999,-0.21875
0.641486,-0.940625,-0.0788678,-0.2625
0.705827,-0.875,-0.0780456,0.0875
0.67713,-0.91875,-0.0769233,0.175
0.743216,-1.02812,-0.0775456,0
0.709877,-0.91875,-0.0775956,0
0.711127,-0.91875,-0.0773456,-0.04375
0.699875,-0.875,-0.0765233,0.021875
0.647919,-0.809375,-0.0754011,0.0875
0.70063,-0.875,-0.0745789,-0.371875
0.764971,-0.91875,-0.0734567,0.0875
0.71476,-0.896875,-0.0740789,0.065625
0.732582,-0.896875,-0.0732567,-0.371875
0.669869,-0.9625,-0.0730067,-0.284375
0.672291,-0.9625,-0.0736289,0.04375
0.672669,-1.00625,-0.0728067,-0.04375
0.720438,-0.91875,-0.0725567,-0.196875
0.709186,-0.9625,-0.0714344,-0.196875
0.709564,-0.91875,-0.0706122,0
0.691625,-0.940625,-0.0686178,-0.371875
0.709447,-0.91875,-0.0674956,0
0.691508,-0.896875,-0.0658011,-0.30625
0.644495,-0.896875,-0.0638067,-0.065625
0.691391,-0.853125,-0.0626844,-0.371875
0.737416,-0.984375,-0.06099,0.021875
0.62674,-1.05,-0.0589956,-0.04375
0.672764,-0.853125,-0.0570011,-0.35
0.655697,-0.896875,-0.0558789,-0.196875
0.690091,-0.91875,-0.0541844,-0.30625
0.690469,-0.896875,-0.0530622,-0.04375
0.62514,-1.00625,-0.0501956,-0.04375
0.655464,-1.00625,-0.0499456,-0.04375
0.625895,-0.721875,-0.0482511,-0.196875
0.709425,-0.896875,-0.0488733,-0.04375
0.711547,-0.65625,-0.0494956,0.04375
0.659591,-0.853125,-0.0483733,0.21875
0.595134,-1.02812,-0.0463789,-0.2625
0.713553,-0.940625,-0.0470011,-0.196875
0.649967,-0.9625,-0.0461789,0.04375
0.662847,-0.853125,-0.0459289,-0.065625
0.651895,-0.83125,-0.0448067,-0.04375
0.633956,-1.00625,-0.0428122,-0.196875
0.662536,-1.07187,-0.0408178,-0.109375
0.63384,-0.9625,-0.0396956,0.065625
0.632473,-0.875,-0.0371289,0.065625
0.615406,-0.83125,-0.0360067,-0.065625
0.66143,-0.678125,-0.0340122,-0.065625
0.632734,-0.7875,-0.03289,-0.13125
0.631367,-0.809375,-0.0300233,-0.04375
0.595112,-0.809375,-0.0271567,-0.04375
0.594617,-0.91875,-0.0251622,-0.065625
0.629012,-0.984375,-0.0231678,-0.065625
0.645962,-0.83125,-0.0211733,-0.021875
0.581504,-0.83125,-0.0191789,-0.021875
0.644101,-0.809375,-0.0163122,0.0875
0.590401,-0.809375,-0.0134456,-0.065625
0.58729,-0.74375,-0.00883444,-0.04375
0.603367,-0.678125,-0.00596778,0.109375
0.601129,-0.7875,-0.00222889,-0.065625
0.616334,-0.7875,0.00151,0.04375
0.614967,-0.853125,0.00437667,-0.065625
0.56621,-0.853125,0.00811556,-0.2625
0.564843,-0.83125,0.0109822,0.04375
0.563477,-0.765625,0.0138489,-0.04375
0.608629,-0.721875,0.0167156,-0.109375
0.591562,-0.853125,0.0178378,0.0875
0.591067,-0.83125,0.0198322,0.021875
0.589701,-0.4375,0.0226989,-0.065625
0.587462,-0.809375,0.0264378,-0.021875
0.569523,-0.7875,0.0284322,0.0875
0.62049,-0.853125,0.0312989,-0.021875
0.567662,-0.83125,0.0332933,0.2625
0.584612,-0.48125,0.0352878,0.021875
0.619006,-0.7875,0.0372822,-0.328125
0.583623,-0.809375,0.0392767,-0.021875
0.565112,-0.875,0.0418433,0.04375
0.598934,-0.896875,0.04411,-0.021875
0.563851,-0.83125,0.0455044,0.175
0.598245,-0.7875,0.0468989,0.109375
0.598051,-0.74375,0.0479933,0.04375
0.597856,-0.83125,0.0493878,0.0875
0.59679,-0.809375,0.0516544,-0.021875
0.580023,-0.83125,0.0521767,0
0.662108,-0.9625,0.0523989,0
0.580206,-0.634375,0.0537933,0.0875
0.597456,-0.875,0.0551878,0.175
0.562373,-0.9625,0.0565822,0.04375
0.626141,-0.809375,0.0579767,-0.021875
0.598617,-0.809375,0.0573267,0.196875
0.615867,-0.74375,0.0587211,0.065625
0.56304,-0.83125,0.0601156,-0.021875
0.563717,-0.809375,0.0606378,0.0875
0.599284,-0.83125,0.06116,0.065625
0.59909,-0.875,0.0622544,0.065625
0.61634,-0.853125,0.0636489,-0.021875
0.617017,-0.809375,0.0641711,0
0.598206,-0.7875,0.0664378,0.065625
0.563995,-0.83125,0.06696,0.0875
0.617006,-0.634375,0.0674822,0.065625
0.628441,-0.853125,0.0688767,0.240625
0.647436,-0.809375,0.0685267,0
0.630669,-0.875,0.0690489,-0.021875
0.601973,-1.00625,0.0692711,0.0875
0.584334,-0.896875,0.0706656,0.0875
0.630658,-0.853125,0.07206,0.021875
0.620579,-0.853125,0.07171,-0.021875
0.632886,-0.875,0.0722322,-0.13125
0.622506,-0.875,0.0718822,0.0875
0.622312,-1.02812,0.0732767,0.0875
0.67038,-0.875,0.0729267,0.0875
0.636169,-0.896875,0.0734489,0.0875
0.62609,-0.896875,0.0730989,0
0.655541,-0.91875,0.0736211,0.065625
0.608829,-0.853125,0.0750156,0
0.639453,-1.02812,0.0746656,0.04375
0.675019,-0.765625,0.0751878,0.0875
0.659125,-0.896875,0.0748378,0.065625
0.659503,-0.940625,0.07536,0
0.61279,-0.940625,0.0767544,0
0.630912,-0.853125,0.0772767,0.021875
0.632462,-0.875,0.0769267,0.04375
0.644469,-0.91875,0.0774489,0
0.645147,-0.875,0.0779711,0.0875
0.634195,-0.91875,0.0784933,0
0.647375,-0.896875,0.0781433,0.109375
0.59979,-0.896875,0.08041,0.065625
0.634184,-0.853125,0.0821044,-0.021875
0.647364,-1.02812,0.0817544,0.21875
0.618095,-0.853125,0.0831489,0.39375
0.601329,-0.896875,0.0836711,0.065625
0.635723,-0.765625,0.0850656,0.021875
0.665475,-0.896875,0.0855878,0.109375
0.648708,-0.984375,0.08611,0.04375
0.601995,-0.83125,0.0875044,0
0.618373,-0.875,0.0900711,0.21875
0.647825,-0.9625,0.0905933,0.04375
0.618556,-0.875,0.0919878,0.065625
0.648308,-0.7875,0.09251,0
0.636484,-0.809375,0.0939044,0.109375
0.601101,-0.83125,0.0952989,0.04375
0.617479,-0.853125,0.0978656,0.065625
0.616412,-0.896875,0.100132,0.065625
0.615345,-0.459375,0.102399,0.04375
0.550016,-1.09375,0.104666,0.0875
0.642858,-0.809375,0.10606,0.153125
0.595273,-0.875,0.108627,0.153125
0.642469,-0.721875,0.109149,0
0.57714,-0.853125,0.111416,0.240625
0.564443,-0.83125,0.113682,0.153125
0.592451,-0.7875,0.116249,0.109375
0.591956,-0.83125,0.117643,0.04375
0.59089,-0.7875,0.11991,0.065625
0.559877,-0.765625,0.123049,0.0875
0.541366,-0.83125,0.125616,0.04375
0.557443,-0.721875,0.127882,0.109375
0.603767,-0.853125,0.129277,0.109375
0.56694,-0.809375,0.132716,0.04375
0.600762,-0.7875,0.134982,0.13125
0.564506,-0.940625,0.137249,0.240625
0.550938,-0.765625,0.140688,0.196875
0.530682,-0.7,0.144699,0.175
0.529316,-0.809375,0.154234,0.109375
0.557323,-0.590625,0.149532,0.13125
0.508866,-0.74375,0.152671,0.371875
0.55519,-0.765625,0.154066,0.0875
0.488116,-0.853125,0.158377,0.4375
0.521066,-0.7,0.161516,0.153125
0.519127,-0.765625,0.164954,0.109375
0.51776,-0.590625,0.167221,0.0875
0.498377,-0.765625,0.17036,0.240625
0.533071,-0.634375,0.172054,0.153125
0.496243,-0.678125,0.175193,0.328125
0.494877,-0.721875,0.17776,0.2625
0.527827,-0.6125,0.180899,0.459375
0.52676,-0.65625,0.183166,0.196875
0.525393,-0.634375,0.185732,0.240625
0.523754,-0.65625,0.215019,0.328125
0.522988,-0.721875,0.188466,0.328125
0.523393,-0.65625,0.18866,0.35
0.521754,-0.74375,0.190599,0.196875
0.503543,-0.634375,0.191666,-0.04375
0.531851,-0.765625,0.192732,0.2625
0.519754,-0.634375,0.193799,0.240625
0.54719,-0.678125,0.195738,0.371875
0.528106,-0.721875,0.197677,0.503125
0.514838,-0.721875,0.199043,0.196875
0.543445,-0.7875,0.20011,0.196875
0.478716,-0.7875,0.201177,0.240625
0.512838,-0.678125,0.202243,0.21875
0.576034,-0.721875,0.20331,0.459375
0.511304,-0.721875,0.204377,0.240625
0.540784,-0.721875,0.204571,0.415625
0.457738,-0.6125,0.20681,0.328125
0.521806,-0.7,0.207004,0.240625
0.557673,-0.65625,0.206327,0.21875
0.558079,-0.721875,0.206521,0.415625
0.538995,-0.56875,0.20846,0.2625
0.556545,-0.48125,0.208654,0.328125
0.511004,-0.7875,0.208277,0.240625
0.522167,-0.765625,0.208471,0.240625
0.557162,-0.7,0.211573,0.328125
0.557267,-0.809375,0.20886,0.371875
0.557373,-0.590625,0.209354,0.240625
0.557479,-0.546875,0.209549,0.240625
0.576201,-0.7875,0.208871,0.459375
0.576306,-0.853125,0.209066,0.35
0.577284,-0.7875,0.208388,0.371875
0.559073,-0.7875,0.209754,0.175
0.577795,-1.00625,0.209077,0.503125
0.577901,-1.00625,0.209271,0.240625
0.608825,-0.83125,0.208021,0.459375
0.626375,-0.7875,0.208216,0.39375
0.580834,-0.896875,0.207538,0.284375
0.593741,-0.875,0.20686,0.371875
0.565645,-0.83125,0.206482,0.240625
0.630586,-0.896875,0.205804,0.240625
0.649008,-0.896875,0.205127,0.39375
0.632541,-1.00625,0.204749,0.459375
0.679466,-0.896875,0.204943,0.240625
0.651369,-0.853125,0.204266,0.459375
0.635775,-0.875,0.203016,0.503125
0.63588,-0.896875,0.20321,0.503125
0.654303,-0.875,0.202532,0.4375
0.66721,-0.853125,0.202154,0.2625
0.704821,-0.940625,0.199732,0.371875
0.672654,-0.91875,0.19731,0.284375
0.646303,-0.525,0.195188,0.240625
0.694671,-0.853125,0.193638,0.153125
0.634603,-1.11563,0.190643,0.284375
0.701288,-0.83125,0.188221,0.240625
0.674064,-0.875,0.186671,0.240625
0.739877,-0.875,0.185421,0.240625
0.690266,-0.984375,0.182999,0.415625
0.693288,-0.853125,0.180877,0.371875
0.683508,-1.00625,0.179327,0.240625
0.698732,-1.07187,0.176332,0.35
0.688953,-0.91875,0.174782,0.240625
0.691675,-0.6125,0.17236,0.371875
0.740916,-0.9625,0.170238,0.240625
0.726493,-0.9625,0.167816,0.13125
0.710899,-1.07187,0.166566,0.503125
0.731938,-0.9625,0.163271,0.415625
0.706458,-0.940625,0.160277,0.2625
0.738254,-1.11563,0.157854,0.21875
0.723532,-1.00625,0.155732,0.109375
0.716669,-1.11563,0.151566,0.196875
0.749338,-0.91875,0.148571,0.39375
0.735488,-0.853125,0.145277,0.21875
0.72658,-0.940625,0.143154,-0.04375
0.760121,-0.91875,0.138988,0.21875
0.734641,-0.940625,0.135993,0.153125
0.784182,-1.18125,0.133571,0.2625
0.740386,-1.05,0.131449,0.196875
0.742236,-0.9625,0.130199,-0.240625
0.709197,-0.9625,0.128649,0.21875
0.745936,-1.05,0.127399,0.13125
0.777732,-0.809375,0.124977,0.0875
0.717364,-1.09375,0.121982,0.13125
0.700325,-0.984375,0.122177,0.153125
0.702175,-1.05,0.120927,0.371875
0.738914,-0.91875,0.119677,0.153125
0.70413,-1.09375,0.119871,0.13125
0.705108,-1.02812,0.119493,0.30625
0.693584,-1.11563,0.119688,0.065625
0.722764,-1.02812,0.120182,0.0875
0.675779,-0.9625,0.121549,0.109375
0.704958,-1.24687,0.121743,0.2625
0.641101,-0.853125,0.122238,0.153125
0.659523,-0.853125,0.12156,0.153125
0.677373,-0.896875,0.121454,0.065625
0.677479,-1.00625,0.121649,0.2625
0.695329,-0.91875,0.121543,0.109375
0.630899,-1.05,0.12261,0.065625
0.631004,-0.91875,0.122504,0.21875
0.64304,-1.09375,0.122399,0.13125
0.613199,-1.02812,0.123466,0.30625
0.630177,-0.7875,0.124232,0.109375
0.642784,-0.875,0.123554,0.0875
0.612371,-0.984375,0.125193,0.065625
0.629349,-0.9625,0.12596,0.153125
0.656784,-0.9625,0.127899,0.065625
0.608054,-0.83125,0.13041,0.109375
0.62386,-0.896875,0.132349,0.2625
0.622521,-0.984375,0.133988,0.2625
0.603438,-1.00625,0.135927,0.153125
0.601227,-0.765625,0.138438,0.153125
0.599888,-0.91875,0.140377,0.13125
0.614821,-0.83125,0.142888,0.153125
0.596038,-0.853125,0.144827,0.196875
0.593527,-0.7875,0.147338,0.153125
0.572999,-0.83125,0.150721,0.240625
0.570488,-0.74375,0.153532,-0.0875
0.568277,-0.83125,0.156043,0.21875
0.548621,-0.7875,0.158854,0.21875
0.498719,-0.83125,0.162538,0.328125
0.531397,-0.6125,0.165049,0.21875
0.574532,-0.65625,0.168732,0.196875
0.572321,-0.65625,0.171243,-0.021875
0.551493,-0.984375,0.174927,0.240625
0.419612,-0.721875,0.179182,0.153125
0.51508,-0.896875,0.182866,0.328125
0.448034,-0.2625,0.186249,0.240625
0.53856,-0.4375,0.18906,0.240625
0.44244,-0.765625,0.192443,0.240625
0.485003,-0.721875,0.196999,0.284375
0.509821,-0.721875,0.201554,0.415625
0.476791,-0.7,0.20581,0.153125
0.502482,-0.39375,0.209493,0.328125
0.486897,-0.634375,0.213749,0.30625
0.482641,-0.678125,0.218304,-0.0875
0.477814,-0.721875,0.223732,0.240625
0.363077,-0.74375,0.227988,0.371875
0.482104,-0.21875,0.231671,0.240625
0.402256,-0.7875,0.236227,0.371875
0.351782,-0.546875,0.240482,0.4375
0.347527,-0.678125,0.245038,0.371875
0.43748,-0.721875,0.248421,0.2625
0.340188,-0.853125,0.252977,0.39375
0.347862,-0.56875,0.257532,0.284375
0.454388,-0.546875,0.261788,0.4375
0.467577,-0.7,0.266343,0.240625
0.446177,-0.678125,0.270899,0.503125
0.31981,-0.590625,0.275454,0.4375
0.314982,-0.459375,0.280582,0.30625
0.339801,-0.503125,0.285138,0.35
0.447199,-0.525,0.288821,0.4375
0.413869,-0.196875,0.293077,0.4375
0.375897,-0.503125,0.29676,0.371875
0.296049,-0.525,0.301316,0.415625
0.402575,-0.48125,0.304999,0.284375
0.346858,-0.503125,0.308382,0.39375
0.406866,-0.503125,0.312938,0.4375
0.281371,-0.503125,0.316621,0.2625
0.400399,0,0.320304,0.371875
0.385386,-0.525,0.333573,0.415625
0.31834,-0.590625,0.325627,0.546875
0.378047,-0.503125,0.330182,0.35
0.357519,-0.503125,0.335901,0.4375
0.354136,-0.371875,0.336677,0.39375
0.316164,-0.503125,0.339188,0.35
0.377616,-0.7,0.341999,0.459375
0.328014,-0.48125,0.345682,0.4375
0.40691,-0.65625,0.378149,0.4375
0.36981,-0.56875,0.350432,0.56875
0.366427,-0.415625,0.352943,0.4375
0.300253,-0.371875,0.354882,0.35
0.33263,-0.525,0.357693,0.459375
0.330119,-0.459375,0.39016,0.56875
0.41106,-0.48125,0.378725,0.459375
0.45594,-0.48125,0.363801,0.4375
0.325803,-0.48125,0.392488,0.4375
0.323291,-0.48125,0.362727,0.459375
0.351027,-0.48125,0.382691,0.65625
0.33863,-0.7,0.378525,0.459375
0.401254,-0.503125,0.383953,0.56875
0.429562,-0.48125,0.388508,0.56875
0.410779,-0.35,0.385214,0.546875
0.39751,-0.48125,0.390641,0.634375
0.379599,-0.503125,0.382114,0.65625
0.395404,-0.546875,0.375912,0.546875
0.377493,-0.525,0.386864,0.546875
0.405801,-0.503125,0.375429,0.7
0.440223,-0.721875,0.368054,0.503125
0.40544,-0.525,0.368249,0.7875
0.406417,-0.525,0.366699,0.503125
0.393449,-0.459375,0.395386,0.459375
0.439501,-0.525,0.367932,0.503125
0.422762,-0.56875,0.367227,0.459375
0.440912,-0.65625,0.384547,0.525
0.45789,-0.503125,0.365816,0.48125
0.424579,-0.546875,0.364238,0.503125
0.424984,-0.678125,0.363532,0.459375
0.459706,-0.590625,0.363699,0.634375
0.441795,-0.634375,0.363866,0.65625
0.40674,-0.6125,0.364032,0.6125
0.442034,-0.590625,0.363327,0.65625
0.460184,-0.6125,0.362621,0.48125
0.472219,-0.590625,0.361916,0.48125
0.460423,-0.590625,0.362082,0.6125
0.489903,-0.56875,0.361377,0.415625
0.472291,-0.6125,0.361543,0.196875
0.472697,-0.6125,0.360838,0.415625
0.473403,-0.6125,0.360132,0.48125
0.491253,-0.65625,0.359427,0.525
0.491958,-0.634375,0.358721,0.7
0.527253,-0.634375,0.358016,0.634375
0.52883,-0.65625,0.356438,0.546875
0.494347,-0.634375,0.355732,0.634375
0.512497,-0.678125,0.355027,0.634375
0.466384,-0.7,0.354321,0.590625
0.51448,-0.7,0.353043,0.678125
0.564021,-0.74375,0.349721,0.4375
0.501636,-0.74375,0.348143,0.35
0.52123,-0.7,0.345693,0.6125
0.522808,-0.74375,0.344116,0.546875
0.542403,-0.74375,0.341666,0.546875
0.526536,-0.74375,0.340088,0.39375
0.527814,-0.7875,0.33851,0.721875
0.557593,-0.721875,0.337804,0.590625
0.577188,-0.765625,0.335654,0.74375
0.514503,-0.7875,0.334077,0.48125
0.580916,-0.809375,0.331627,0.7
0.583938,-0.7875,0.328304,0.48125
0.540741,-0.83125,0.324982,0.459375
0.571093,-0.83125,0.323404,0.415625
0.593604,-0.721875,0.318638,0.4375
0.567553,-0.7875,0.315316,0.503125
0.582504,-0.853125,0.311993,0.6125
0.602971,-0.7875,0.308671,0.6125
0.575475,-0.83125,0.307093,0.459375
0.591871,-0.765625,0.302027,0.459375
0.596938,-0.83125,0.29726,0.371875
0.58833,-0.765625,0.293938,0.48125
0.592525,-0.765625,0.289743,0.65625
0.624621,-0.83125,0.286421,0.371875
0.596825,-0.809375,0.285143,0.503125
0.610904,-0.809375,0.282693,0.459375
0.583108,-0.83125,0.281116,0.525
0.632077,-0.809375,0.278666,0.525
0.585964,-0.896875,0.27826,0.371875
0.604986,-0.984375,0.276682,0.371875
0.618766,-0.83125,0.274232,0.39375
0.575569,-0.83125,0.27091,0.48125
0.595164,-0.875,0.26876,0.21875
0.628432,-0.809375,0.264566,0.6125
0.617208,-0.765625,0.26386,0.634375
0.583597,-0.809375,0.262282,0.284375
0.584303,-0.875,0.261877,0.48125
0.603897,-0.853125,0.259427,0.30625
0.570586,-0.721875,0.257849,0.459375
0.559362,-0.940625,0.257443,0.35
0.571697,-0.875,0.256738,0.415625
0.573847,-0.765625,0.254288,0.35
0.592569,-0.875,0.25301,0.328125
0.547629,-0.91875,0.251432,0.35
0.529717,-0.809375,0.251599,0.546875
0.501349,-0.678125,0.251193,0.35
0.550017,-0.809375,0.248743,0.4375
0.533279,-0.74375,0.248038,0.371875
0.550256,-0.765625,0.248504,0.30625
0.533217,-0.765625,0.247799,0.284375
0.486532,-0.809375,0.248266,0.459375
0.486066,-0.765625,0.248432,0.4375
0.504216,-0.590625,0.247727,0.2625
0.502877,-0.35,0.249066,0.35
0.516084,-0.65625,0.247488,0.328125
0.53219,-0.7,0.248827,0.35
0.466888,-0.765625,0.249866,0.415625
0.435903,-0.7875,0.251777,0.4375
0.481082,-0.6125,0.253116,-0.065625
0.497488,-0.7,0.254154,0.30625
0.478704,-0.7,0.255493,0.196875
0.493938,-0.503125,0.257404,0.459375
0.475454,-0.678125,0.258743,0.328125
0.408408,-0.65625,0.261527,0.371875
0.370736,-0.459375,0.26461,0.39375
0.403414,-0.546875,0.266521,0.2625
0.448021,-0.6125,0.268132,0.4375
0.463554,-0.56875,0.270043,0.35
0.443899,-0.74375,0.271654,0.503125
0.394597,-0.546875,0.274438,0.371875
0.420016,-0.48125,0.277793,0.328125
0.41636,-0.6125,0.281149,0.371875
0.303095,-0.590625,0.283932,0.459375
0.410493,-0.525,0.286416,0.459375
0.406838,-0.56875,0.290071,0.35
0.456388,-0.546875,0.292554,0.39375
0.389641,-0.328125,0.295338,0.371875
0.275204,-0.546875,0.298693,0.328125
0.38203,-0.503125,0.302349,0.525
0.267021,-0.525,0.306577,0.371875
0.373847,-0.459375,0.310232,0.525
0.335003,-0.48125,0.313588,0.35
0.396182,-0.546875,0.316371,0.371875
0.328564,-0.48125,0.319727,0.415625
0.306591,-0.4375,0.324254,0.39375
0.244488,-0.546875,0.32761,0.371875
0.316425,-0.39375,0.331266,0.525
0.266251,-0.459375,0.334621,0.415625
0.280912,-0.4375,0.343801,0.48125
0.323475,-0.415625,0.339888,0.634375
0.319819,-0.240625,0.343543,0.503125
0.222254,-0.4375,0.347771,0.546875
0.328208,-0.35,0.352299,0.4375
0.213771,-0.4375,0.355654,0.48125
0.210988,-0.39375,0.358438,0.56875
0.264608,-0.35,0.362966,0.6125
0.231879,-0.35,0.366321,0.65625
0.227923,-0.459375,0.369977,0.459375
0.270786,-0.48125,0.373332,0.459375
0.26713,-0.30625,0.376988,0.634375
0.187582,-0.328125,0.380343,0.678125
0.183927,-0.30625,0.383999,0.459375
0.192773,-0.35,0.386782,0.459375
0.287969,-0.284375,0.389266,0.459375
0.285758,-0.30625,0.391177,0.525
0.229769,-0.328125,0.394832,0.459375
0.261875,-0.39375,0.397316,0.546875
0.258219,-0.328125,0.400099,0.459375
0.192045,-0.35,0.40171,0.525
0.281427,-0.371875,0.405366,0.525
0.21468,-0.35,0.421814,0.459375
0.246486,-0.284375,0.40976,0.7
0.272777,-0.35,0.410799,0.525
0.287438,-0.35,0.443238,0.590625
0.25558,-0.35,0.415193,0.6125
0.235053,-0.04375,0.417104,0.503125
0.214825,-0.35,0.433553,0.546875
0.259432,-0.35,0.450582,0.546875
0.20983,-0.371875,0.433295,0.546875
0.290199,-0.35,0.423867,0.590625
0.177806,-0.590625,0.421999,0.678125
0.285504,-0.35,0.446869,0.590625
0.248404,-0.415625,0.422904,0.590625
0.281382,-0.4375,0.423943,0.525
0.215508,-0.35,0.45551,0.590625
0.259816,-0.240625,0.453341,0.678125
0.257904,-0.546875,0.437517,0.65625
0.227791,-0.415625,0.426054,0.6125
0.31949,-0.371875,0.456749,0.546875
0.271932,-0.415625,0.440625,0.634375
0.270021,-0.503125,0.449514,0.546875
0.286127,-0.371875,0.426421,0.765625
0.250199,-0.56875,0.433856,0.56875
0.284049,-0.30625,0.454075,0.634375
0.218175,-0.328125,0.427493,0.634375
0.263354,-0.371875,0.428532,0.678125
0.262316,-0.546875,0.443236,0.503125
0.261277,-0.634375,0.429738,0.721875
0.242493,-0.371875,0.430477,0.7875
0.278088,-0.39375,0.428899,0.56875
0.306123,-0.371875,0.460466,0.525
0.27571,-0.328125,0.430977,0.6125
0.303745,-0.30625,0.432016,0.48125
0.256188,-0.328125,0.433054,0.48125
0.283923,-0.371875,0.434093,0.328125
0.283756,-0.634375,0.43396,0.65625
0.302779,-0.415625,0.432382,0.875
0.254921,-0.284375,0.447086,0.6125
0.284701,-0.35,0.431843,0.7
0.302851,-0.415625,0.431138,0.634375
0.303256,0.021875,0.430432,0.503125
0.320534,-0.415625,0.430599,0.590625
0.351186,-0.284375,0.429021,0.56875
0.322517,-0.4375,0.428016,0.503125
0.352297,-0.65625,0.42731,0.21875
0.343117,-0.109375,0.42486,0.634375
0.343523,-0.415625,0.424154,0.590625
0.374175,-0.415625,0.422577,0.56875
0.375453,-0.525,0.420999,0.590625
0.32964,-0.56875,0.420293,0.678125
0.359419,-0.48125,0.419588,0.896875
0.394714,-0.546875,0.418882,0.809375
0.395419,-0.459375,0.418177,0.896875
0.332162,-0.546875,0.417471,0.546875
0.361641,-0.48125,0.416766,0.590625
0.379791,-0.525,0.41606,0.721875
0.398814,-0.4375,0.414482,0.4375
0.400391,-0.56875,0.412604,0.546875
0.401097,-0.525,0.410999,0.503125
0.384658,-0.56875,0.409693,0.546875
0.40368,-0.503125,0.407216,0.590625
0.423003,-0.503125,0.405038,0.634375
0.406264,-0.48125,0.403732,0.765625
0.425586,-0.503125,0.401254,0.525
0.410591,-0.503125,0.398204,0.48125
0.442116,-0.56875,0.394854,0.7
0.46231,-0.56875,0.391804,0.6125
0.435686,-0.503125,0.388754,0.415625
0.420991,-0.503125,0.385404,0.634375
0.451643,-0.503125,0.383227,0.525
0.471838,-0.503125,0.380177,0.809375
0.49086,-0.6125,0.377699,0.546875
0.477038,-0.56875,0.373777,0.590625
0.481232,-0.30625,0.368682,0.590625
0.484854,-0.546875,0.36476,0.503125
0.505621,-0.546875,0.360838,0.30625
0.492671,-0.6125,0.355743,0.590625
0.479421,-0.6125,0.350949,0.48125
0.51706,-0.546875,0.347899,0.525
0.485493,-0.634375,0.343977,0.13125
0.508004,-0.721875,0.33801,0.56875
0.511627,-0.6125,0.334088,0.459375
0.514949,-0.7,0.330166,0.6125
0.501127,-0.7,0.325943,0.503125
0.521021,-0.65625,0.322893,0.415625
0.507199,-0.74375,0.318971,0.48125
0.498891,-0.7,0.315049,0.65625
0.514143,-0.678125,0.310827,0.415625
0.504964,-0.6125,0.307777,0.39375
0.508286,-0.875,0.303854,0.4375
0.494464,-0.7,0.299632,0.503125
0.496914,-0.678125,0.296582,0.21875
0.51798,-0.678125,0.29266,0.35
0.502986,-0.721875,0.28961,0.503125
0.504864,-0.721875,0.287432,0.35
0.507314,-0.7875,0.284082,0.503125
0.510064,-0.634375,0.281032,0.35
0.512514,-0.74375,0.277982,0.35
0.480947,-0.65625,0.27406,0.021875
0.500269,-0.7875,0.271582,0.678125
0.502719,-0.56875,0.268532,0.284375
0.522041,-0.678125,0.266354,0.284375
0.489603,-0.721875,0.263304,0.459375
0.490608,-0.634375,0.261999,0.459375
0.510503,-0.634375,0.258949,0.4375
0.482134,-0.940625,0.257343,0.35
0.484012,-0.65625,0.255166,0.525
0.497219,-0.765625,0.252988,0.459375
0.470895,-0.65625,0.249938,0.284375
0.453284,-0.809375,0.249504,0.35
0.488879,-0.678125,0.248199,0.415625
0.471567,-0.546875,0.247466,0.328125
0.454829,-0.721875,0.24616,0.415625
0.43839,-0.7875,0.244854,0.328125
0.455667,-0.765625,0.244421,0.371875
0.47499,-0.6125,0.242243,0.328125
0.428304,-0.765625,0.24181,0.328125
0.457212,-0.590625,0.241377,0.240625
0.427399,-0.4375,0.241816,0.328125
0.427232,-0.590625,0.241382,0.415625
0.426493,-0.634375,0.241521,0.30625
0.391438,-0.56875,0.241088,0.39375
0.42616,-0.634375,0.240654,0.328125
0.425421,-0.6125,0.241093,0.284375
0.425254,-0.590625,0.24066,0.284375
0.45329,-0.6125,0.241099,0.39375
0.435106,-0.546875,0.241538,0.39375
0.388421,-0.765625,0.241104,0.30625
0.404254,-0.6125,0.242416,0.634375
0.43229,-0.2625,0.242854,0.30625
0.367288,-0.896875,0.243293,0.459375
0.354047,-0.525,0.244604,0.4375
0.416971,-0.48125,0.245043,0.284375
0.381343,-0.525,0.245482,0.371875
0.35123,-0.415625,0.245921,0.328125
0.379266,-0.590625,0.24636,0.284375
0.34858,-0.546875,0.247671,0.196875
0.359171,-0.48125,0.24811,0.328125
0.409593,-0.109375,0.249421,0.328125
0.39141,-0.546875,0.24986,0.48125
0.389499,-0.503125,0.251171,0.4375
0.341369,-0.56875,0.252482,0.371875
0.351088,-0.459375,0.253793,0.284375
0.320103,-0.240625,0.255104,0.371875
0.400771,-0.503125,0.255543,0.284375
0.346527,-0.503125,0.256854,0.590625
0.397821,-0.56875,0.239267,0.415625
0.343877,-0.459375,0.259477,0.30625
0.360282,-0.503125,0.259916,0.525
0.294708,-0.546875,0.261227,0.525
0.328558,-0.459375,0.261666,0.328125
0.374038,-0.459375,0.262104,0.284375
0.354982,-0.634375,0.263716,0.35
0.38796,-0.503125,0.265027,0.525
0.322086,-0.48125,0.266338,0.39375
0.320475,-0.525,0.267649,0.39375
0.365082,-0.48125,0.26866,0.284375
0.346027,-0.525,0.269971,0.0875
0.327543,-0.48125,0.244234,0.39375
0.359949,-0.503125,0.273738,0.590625
0.358338,-0.525,0.274749,0.30625
0.373871,-0.678125,0.27606,0.459375
0.373132,-0.459375,0.276199,0.503125
0.354077,-0.525,0.27721,0.328125
0.318149,-0.503125,0.277349,0.30625
0.304908,-0.415625,0.27866,0.415625
0.368132,-0.459375,0.278799,0.284375
0.367093,-0.634375,0.272541,0.328125
0.366354,-0.48125,0.280249,0.35
0.348171,-0.503125,0.280388,0.35
0.265725,-0.4375,0.280527,0.328125
0.37634,-0.459375,0.280093,0.590625
0.310766,-0.459375,0.281104,0.65625
0.36206,-0.4375,0.281243,0.4375
0.327304,-0.4375,0.28051,0.546875
0.326266,-0.48125,0.280949,0.328125
0.360416,-0.48125,0.281088,0.56875
0.361421,-0.56875,0.279482,0.328125
0.342938,-0.459375,0.279921,0.65625
0.342199,-0.503125,0.28006,0.39375
0.342332,-0.459375,0.279627,0.371875
0.342166,-0.590625,0.278893,0.371875
0.372245,-0.525,0.277288,0.4375
0.343004,-0.590625,0.276854,0.35
0.35971,-0.546875,0.276993,0.328125
0.371473,-0.4375,0.27626,0.459375
0.323916,-0.503125,0.276699,0.415625
0.388012,-0.525,0.275966,0.371875
0.341627,-0.48125,0.275532,0.459375
0.34146,-0.459375,0.274799,0.39375
0.341593,-0.459375,0.260401,0.371875
0.404517,-0.525,0.275377,0.459375
0.34156,-0.546875,0.273771,0.35
0.405656,-0.35,0.273338,0.328125
0.358099,-0.4375,0.273477,0.48125
0.370734,-0.4375,0.242516,0.35
0.358938,-0.459375,0.27231,0.328125
0.389017,-0.525,0.270704,0.35
0.360077,-0.56875,0.270271,0.328125
0.406429,-0.48125,0.267503,0.634375
0.389117,-0.525,0.269977,0.634375
0.359004,-0.525,0.270988,0.525
0.423101,-0.4375,0.270554,0.546875
0.404917,-0.56875,0.270693,0.56875
0.36899,-0.546875,0.253106,0.634375
0.386567,-0.546875,0.271271,0.459375
0.402973,-0.590625,0.27171,0.415625
0.385662,-0.546875,0.270977,0.459375
0.420384,-0.56875,0.256879,0.2625
0.384756,-0.525,0.271554,0.48125
0.431408,-0.503125,0.271121,0.415625
0.355649,-0.590625,0.270388,0.21875
0.418873,-0.525,0.270827,0.546875
0.418706,-0.503125,0.270093,0.590625
0.366506,-0.546875,0.240004,0.328125
0.418973,-0.065625,0.269799,0.284375
0.38479,-0.56875,0.268493,0.525
0.401495,-0.546875,0.268632,0.525
0.403945,-0.678125,0.266454,0.48125
0.422395,-0.4375,0.265149,0.503125
0.403912,-0.56875,0.265288,0.371875
0.404045,-0.503125,0.264854,0.39375
0.433253,-0.546875,0.264121,0.30625
0.369123,-0.590625,0.263688,0.4375
0.404145,-0.546875,0.263254,0.634375
0.403979,-0.546875,0.262521,0.371875
0.421556,-0.590625,0.262088,0.328125
0.387373,-0.546875,0.261354,0.371875
0.422395,-0.459375,0.261793,0.21875
0.433858,-0.546875,0.26136,0.2625
0.422362,-0.525,0.260627,0.35
0.405051,-0.525,0.260193,0.503125
0.404884,-0.525,0.25946,0.39375
0.404145,-0.525,0.259899,0.13125
0.385662,-0.546875,0.260338,0.525
0.40324,-0.4375,0.259604,0.2625
0.403073,-0.6125,0.259171,0.2625
0.385762,-0.546875,0.258738,0.48125
0.420484,-0.546875,0.258004,0.525
0.402301,-0.546875,0.258443,0.48125
0.355916,-0.6125,0.247253,0.459375
0.384823,-0.765625,0.258149,0.328125
0.384956,-0.546875,0.257716,0.35
0.368217,-0.153125,0.25641,0.35
0.386667,-0.74375,0.255104,0.328125
0.369056,-0.56875,0.254371,0.503125
0.404079,-0.503125,0.253938,0.48125
0.339949,-0.525,0.253504,0.328125
0.369156,-0.503125,0.252771,0.328125
0.35736,-0.503125,0.252338,0.39375
0.339177,-0.65625,0.250741,0.284375
0.33901,-0.56875,0.253216,0.459375
0.338271,-0.459375,0.253354,0.415625
0.355549,-0.459375,0.252921,0.328125
0.319921,-0.503125,0.25336,0.328125
0.273236,-0.459375,0.252927,0.371875
0.318143,-0.459375,0.25481,0.240625
0.352866,-0.459375,0.254377,0.30625
0.334682,-0.371875,0.254516,0.284375
0.316499,-0.415625,0.254654,0.48125
0.297443,-0.39375,0.255366,0.2625
0.230997,-0.30625,0.257249,0.328125
0.346554,-0.371875,0.257088,0.175
0.262664,-0.415625,0.258671,0.525
0.276753,-0.284375,0.262299,0.39375
0.304216,-0.546875,0.26301,0.328125
0.284288,-0.284375,0.264893,0.371875
0.300121,-0.328125,0.265604,0.371875
0.280193,-0.328125,0.267488,0.284375
0.265208,-0.30625,0.269943,0.240625
0.226964,-0.284375,0.272399,0.39375
0.241925,-0.284375,0.274282,0.6125
0.204553,-0.284375,0.275866,0.48125
0.26516,-0.284375,0.278621,0.328125
0.139693,-0.240625,0.281077,0.371875
0.136338,-0.196875,0.283832,0.48125
0.208575,-0.196875,0.286288,0.328125
0.140384,-0.21875,0.289916,0.48125
0.137029,-0.284375,0.292371,0.48125
0.16769,-0.196875,0.295999,0.35
0.239054,-0.175,0.299327,0.525
0.235699,-0.284375,0.302082,0.48125
0.231471,-0.284375,0.30541,0.371875
0.105132,-0.284375,0.309038,0.48125
0.100032,-0.284375,0.313238,0.196875
0.0949322,-0.284375,0.317738,0.415625
0.0907044,-0.39375,0.321066,0.328125
0.144625,-0.2625,0.324693,0.459375
0.0822489,-0.153125,0.328321,0.415625
0.0768489,-0.196875,0.332521,0.6125
0.165658,-0.109375,0.336149,0.21875
0.0675211,-0.175,0.340349,0.525
0.0624211,-0.109375,0.344849,0.415625
0.0573211,-0.13125,0.349049,0.459375
0.0530933,-0.153125,0.352677,0.525
0.0479933,-0.065625,0.356877,0.459375
0.0437656,-0.175,0.360504,0.634375
0.0968137,-0.021875,0.365004,0.525
0.0335656,-0.175,0.369204,0.74375
0.0284656,-0.175,0.373704,0.809375
0.0233656,0.13125,0.377904,0.546875
0.0182656,0.153125,0.382404,0.7875
0.0131656,-0.109375,0.386904,0.590625
0.0554563,-0.0875,0.390232,0.525
0.00383778,-0.240625,0.394732,0.590625
-0.00126222,0.175,0.399232,0.56875
-0.00636222,-0.21875,0.403432,0.48125
-0.0117622,0.2625,0.407932,0.48125
-0.0151178,-0.065625,0.410688,0.503125
-0.0202178,0.021875,0.414888,0.525
-0.0253178,0.284375,0.419388,0.525
-0.0304178,-0.065625,0.425923,0.48125
-0.0355178,0.196875,0.427216,0.678125
-0.0397456,-0.21875,0.430843,0.56875
-0.0448456,0.240625,0.435343,0.4375
-0.0499456,0.2625,0.439543,0.678125
-0.0425437,-0.065625,0.443171,0.678125
-0.0592733,-0.065625,0.447671,0.546875
-0.034427,0.35,0.453034,0.7
-0.0689011,0.371875,0.454627,0.6125
-0.0740011,-0.0875,0.459127,0.525
-0.0782289,-0.04375,0.462754,0.546875
-0.0833289,0.21875,0.466954,0.546875
-0.0875567,0.175,0.470582,0.65625
-0.0926567,-0.04375,0.475082,0.7
-0.0678104,0.153125,0.47871,0.765625
-0.101112,-0.0875,0.482038,0.634375
-0.106212,0.13125,0.485666,0.765625
-0.0348474,0.0875,0.489293,0.590625
-0.114668,0.21875,0.492921,0.7875
-0.119196,0.2625,0.496249,0.83125
-0.123423,0.2625,0.499877,0.7
-0.0346141,-0.065625,0.503504,0.809375
-0.132751,-0.04375,0.508004,0.590625
-0.0904604,0.175,0.511332,0.7
-0.142079,0.2625,0.515832,0.91875
-0.0532696,0.2625,0.537486,0.853125
-0.0923863,-0.065625,0.522216,0.853125
-0.155634,-0.065625,0.526716,0.853125
-0.160162,0.2625,0.530043,0.678125
-0.071353,0.284375,0.533671,0.721875
-0.0930252,-0.04375,0.537299,0.74375
-0.0623641,0.2625,0.540927,0.7875
-0.118925,-0.021875,0.550951,0.7
-0.180429,0.30625,0.546438,0.896875
-0.185529,0.48125,0.550938,1.02812
-0.189757,0.21875,0.554266,0.896875
-0.194284,0.240625,0.557021,0.74375
-0.168566,0.21875,0.559777,0.74375
-0.0788844,0.35,0.562532,0.853125
-0.205223,0.04375,0.565288,0.765625
-0.151303,0.21875,0.580545,0.765625
-0.155531,0.240625,0.572543,0.7
-0.216462,-0.04375,0.574727,0.83125
-0.22069,0.328125,0.577482,0.74375
-0.113864,0.13125,0.580538,0.83125
-0.10559,0.30625,0.583593,0.940625
-0.231929,-0.0875,0.589256,0.74375
-0.114346,-0.153125,0.590277,0.984375
-0.240684,0.21875,0.593904,0.83125
-0.198394,-0.175,0.596088,0.83125
-0.247696,0.328125,0.597971,0.896875
-0.251051,0.4375,0.601027,0.7875
-0.254707,0.30625,0.604082,0.9625
-0.211544,0.240625,0.624864,0.83125
-0.186697,0.328125,0.609893,0.875
-0.191225,0.240625,0.613821,0.91875
-0.257671,0.240625,0.615704,0.809375
-0.244455,0.415625,0.619632,0.896875
-0.277184,0.4375,0.622388,0.7875
-0.187503,0.240625,0.624571,0.83125
-0.208603,0.30625,0.627627,0.7875
-0.176197,0.240625,0.62951,0.896875
-0.231886,0.371875,0.631693,0.809375
-0.201525,0.284375,0.635621,0.83125
-0.223197,0.39375,0.639249,0.940625
-0.302446,0.2625,0.642304,1.02812
-0.230209,0.634375,0.644488,0.940625
-0.215247,0.2625,0.646371,0.525
-0.253792,0.2625,0.649427,0.853125
-0.204814,0.2625,0.65161,0.83125
-0.243359,0.35,0.654366,0.984375
-0.27666,0.30625,0.660329,0.896875
-0.269259,0.30625,0.661349,0.875
-0.237153,0.30625,0.663532,0.853125
-0.27627,0.30625,0.693908,1.02812
-0.326444,0.30625,0.669343,0.940625
-0.22019,0.328125,0.673271,0.896875
-0.222673,0.35,0.674282,0.896875
-0.255403,0.35,0.677338,1.00625
-0.351796,0.30625,0.679521,1.05
-0.245842,0.328125,0.683449,0.896875
-0.348049,0.4375,0.696962,0.984375
-0.333088,0.39375,0.686643,1.00625
-0.336744,0.30625,0.688827,0.91875
-0.369173,0.525,0.705547,0.853125
-0.360327,0.525,0.692321,1.02812
-0.328794,0.4375,0.694204,1.07187
-0.267614,0.39375,0.695516,1.05
-0.25934,0.39375,0.697699,0.896875
-0.261823,0.459375,0.717908,1.09375
-0.277981,0.48125,0.702066,1.1375
-0.391818,0.35,0.704821,1.1375
-0.319881,0.39375,0.721541,0.91875
-0.276718,0.39375,0.712095,1.18125
-0.342592,0.4375,0.708754,0.940625
-0.328503,0.021875,0.734197,0.9625
-0.407751,0.525,0.743649,1.05
-0.398605,0.459375,0.728669,1.00625
-0.274034,0.634375,0.743936,0.984375
-0.357353,0.39375,0.739141,1.18125
-0.296746,0.459375,0.718066,1.05
-0.282957,0.39375,0.724029,0.875
-0.286312,0.328125,0.742203,0.83125
-0.319042,0.39375,0.753108,0.91875
-0.403805,0.4375,0.726499,1.1375
-0.34437,0.371875,0.730427,1.15938
-0.440762,0.4375,0.751508,0.809375
-0.321134,0.4375,0.734793,0.984375
-0.32479,0.4375,0.736977,1.07187
-0.437755,0.4375,0.73916,0.83125
-0.341686,0.4375,0.752101,0.765625
-0.315968,0.4375,0.743527,0.83125
-0.366142,0.415625,0.764608,1.00625
-0.416016,0.4375,0.747893,1.11563
-0.46619,0.503125,0.750949,0.896875
-0.411397,0.525,0.753132,0.721875
-0.350218,0.525,0.754443,1.11563
-0.363459,0.48125,0.754882,0.984375
-0.337168,0.4375,0.756193,1.11563
-0.421059,0.48125,0.757204,1.11563
-0.423842,0.48125,0.757643,1.11563
-0.486218,0.721875,0.760699,1.15938
-0.366018,0.6125,0.761138,0.940625
-0.380131,0.546875,0.762449,1.11563
-0.435247,0.4375,0.76376,0.74375
-0.355451,0.546875,0.764199,0.940625
-0.358234,0.56875,0.76551,1.20312
-0.38892,0.525,0.766821,1.15938
-0.344884,0.546875,0.775401,1.1375
-0.365112,0.590625,0.770616,1.225
-0.478077,0.503125,0.771927,1.15938
-0.370379,0.30625,0.77411,0.984375
-0.355718,0.503125,0.776293,1.26875
-0.392218,0.503125,0.799119,1.20312
-0.394129,0.525,0.777471,0.984375
-0.396912,0.546875,0.779082,1.15938
-0.445042,0.546875,0.780393,1.15938
-0.412064,0.525,0.782004,1.09375
-0.384029,0.546875,0.781571,1.15938
-0.38564,0.546875,0.783182,1.09375
-0.370107,0.525,0.783621,1.225
-0.372018,0.459375,0.785232,1.15938
-0.438464,0.48125,0.787416,1.09375
-0.411301,0.546875,0.789027,1.09375
-0.378323,0.503125,0.790638,0.74375
-0.379934,0.503125,0.791949,0.83125
-0.363529,0.503125,0.792688,0.940625
-0.401201,0.503125,0.794871,0.7
-0.385368,0.503125,0.80724,0.984375
-0.422168,0.4375,0.797221,0.875
-0.38919,0.525,0.798532,1.11563
-0.361727,0.503125,0.800143,1.42188
-0.374396,0.503125,0.800882,1.05
-0.392879,0.546875,0.801321,1.225
-0.376473,0.503125,0.80206,0.984375
-0.395529,0.503125,0.802799,1.1375
-0.379996,0.503125,0.80411,1.29062
-0.35196,0.503125,0.804849,1.02812
-0.381773,0.48125,0.805588,1.1375
-0.35461,0.503125,0.806899,1.24687
-0.419612,0.503125,0.806766,1.1375
-0.374705,0.503125,0.827275,1.42188
-0.375744,0.503125,0.808816,0.91875
-0.376783,0.503125,0.809554,1.02812
-0.360377,0.503125,0.810293,0.896875
-0.407634,0.503125,0.810732,1.24687
-0.379599,0.503125,0.811471,0.940625
-0.409712,0.48125,0.81221,1.18125
-0.381377,0.48125,0.812949,1.02812
-0.394046,0.503125,0.813388,1.02812
-0.411657,0.525,0.813254,0.91875
-0.348733,0.525,0.813993,1.02812
-0.348599,0.503125,0.81386,0.984375
-0.320564,0.546875,0.814299,1.20312
-0.384694,0.503125,0.814166,0.984375
-0.36916,0.503125,0.815777,1.11563
-0.369027,0.4375,0.815643,1.09375
-0.38751,0.48125,0.816082,1.05
-0.386805,0.525,0.815077,1.02812
-0.351783,0.525,0.814943,0.83125
-0.334505,0.525,0.81481,0.853125
-0.334671,0.503125,0.814677,0.853125
-0.352283,0.48125,0.814243,1.1375
-0.369594,0.503125,0.81411,1.09375
-0.323242,0.503125,0.813977,0.809375
-0.323409,0.525,0.813843,0.91875
-0.352649,0.48125,0.81371,1.225
-0.335071,0.4375,0.813577,1.35625
-0.335238,0.48125,0.813143,1.26875
-0.334533,0.48125,0.812138,0.765625
-0.304753,0.459375,0.811132,0.853125
-0.333694,0.4375,0.810999,0.74375
-0.332988,0.459375,0.809993,0.853125
-0.304081,0.459375,0.80986,1.00625
-0.302503,0.415625,0.80711,1.07187
-0.298009,0.4375,0.801443,1.07187
-0.295559,0.415625,0.823697,1.00625
-0.225657,0.525,0.806991,1.07187
-0.221462,0.415625,0.806858,1.07187
-0.23384,0.4375,0.799166,0.6125
-0.228473,0.39375,0.807173,1.00625
-0.250736,0.39375,0.800934,0.9625
-0.183451,0.328125,0.80458,1.07187
-0.213273,0.39375,0.792527,1.29062
-0.173018,0.35,0.782799,1.20312
-0.185396,0.240625,0.786736,0.896875
-0.198646,0.284375,0.782532,1.15938
-0.175262,0.284375,0.762338,0.9625
-0.19897,0.35,0.762786,0.9625
-0.165701,0.30625,0.741719,0.984375
-0.160634,0.30625,0.732282,1.02812
-0.154696,-0.153125,0.705982,0.896875
-0.152246,0.21875,0.691612,1.00625
-0.164623,0.240625,0.671136,0.7
-0.158984,0.2625,0.632934,0.896875
-0.15479,0.2625,0.618564,0.83125
-0.214559,0.153125,0.583841,0.853125
-0.159775,0.30625,0.558714,0.809375
-0.144823,0.2625,0.534458,0.984375
-0.173492,0.240625,0.513119,0.853125
-0.189359,0.21875,0.49526,0.9625
-0.20697,0.13125,0.473621,0.39375
-0.217021,0.371875,0.443841,0.7875
-0.232316,0.196875,0.403023,0.7875
-0.249927,0.13125,0.368301,0.940625
-0.230905,0.371875,0.31439,0.765625
-0.212755,0.21875,0.290134,0.74375
-0.230366,0.21875,0.245536,0.590625
-0.265721,0.30625,0.208488,0.678125
-0.378114,0.35,0.177836,0.525
-0.31519,0.328125,0.142832,0.546875
-0.300529,0.196875,0.14736,0.525
-0.320184,0.39375,0.116417,0.525
-0.464268,0.371875,0.132003,0.39375
-0.409775,0.525,0.121121,0.6125
-0.473323,0.459375,0.126521,0.35
-0.478151,0.525,0.145014,0.35
-0.482679,0.503125,0.134132,0.30625
-0.487207,0.525,0.137788,0.2625
-0.492607,0.590625,0.142616,0.39375
-0.498307,0.546875,0.166041,0.30625
-0.503707,0.56875,0.149927,0.35
-0.509107,0.56875,0.18441,0.21875
-0.514507,0.7,0.185158,0.2625
-0.520207,0.65625,0.196082,0.240625
-0.525607,0.678125,0.178814,0.284375
-0.531007,0.678125,0.185958,0.39375
-0.536407,0.56875,0.185553,0.2625
-0.542107,0.721875,0.207816,0.30625
-0.547507,0.678125,0.198097,0.196875
-0.552034,0.74375,0.177921,0.153125
-0.463525,0.765625,0.202219,0.284375
-0.56139,0.678125,0.20443,0.30625
-0.56679,0.678125,0.211575,0.39375
-0.478281,0.721875,0.201575,0.30625
-0.577018,0.74375,0.20523,0.284375
-0.581546,0.546875,0.221969,0.284375
-0.586073,0.74375,0.198304,0.0875
-0.591473,0.765625,0.203704,0.13125
-0.597173,0.765625,0.209404,0.240625
-0.555183,0.7875,0.213932,0.240625
-0.607101,0.765625,0.219632,0.13125
-0.518892,0.853125,0.22416,0.48125
-0.616457,0.765625,0.228988,0.153125
-0.621857,0.809375,0.234388,-0.13125
-0.625512,0.765625,0.238343,0.0875
-0.537303,0.809375,0.242871,0.175
-0.540959,0.721875,0.246827,0.0875
-0.52717,0.74375,0.250482,0.39375
-0.642479,0.74375,0.25531,-0.109375
-0.524023,0.809375,0.259266,0.240625
-0.650662,0.765625,0.263793,0.30625
-0.642116,0.7875,0.266877,0.04375
-0.599253,0.7875,0.270532,0.459375
-0.584592,0.765625,0.273616,0.503125
-0.524284,0.83125,0.277271,0.4375
-0.607903,0.74375,0.279482,0.590625
-0.547596,0.765625,0.283438,0.590625
-0.580325,0.765625,0.287093,0.4375
-0.566836,0.74375,0.291049,0.525
-0.651027,0.7875,0.293832,0.371875
-0.65381,0.7875,0.296616,0.240625
-0.564429,0.809375,0.286906,0.35
-0.549196,0.809375,0.303354,-0.021875
-0.534534,0.7875,0.306138,0.503125
-0.601281,0.74375,0.310966,0.284375
-0.557546,0.74375,0.313749,0.459375
-0.606847,0.809375,0.317404,0.459375
-0.56254,0.7875,0.319316,0.415625
-0.628414,0.7875,0.303501,0.39375
-0.548046,0.634375,0.323438,0.39375
-0.549957,0.809375,0.325349,0.415625
-0.551296,0.721875,0.326688,0.4375
-0.570651,0.83125,0.328599,0.459375
-0.65397,0.875,0.33051,0.4375
-0.62012,0.7875,0.331849,0.4375
-0.620286,0.590625,0.332016,0.371875
-0.575979,0.83125,0.335099,0.196875
-0.560446,0.83125,0.33701,0.4375
-0.544912,0.853125,0.338921,0.415625
-0.600029,0.809375,0.342004,0.6125
-0.567351,0.809375,0.343916,0.415625
-0.586707,0.721875,0.346127,0.371875
-0.571173,0.7875,0.348038,0.503125
-0.573084,0.809375,0.349949,0.021875
-0.622686,0.809375,0.353032,0.328125
-0.61384,0.853125,0.355816,0.328125
-0.66227,0.83125,0.355119,0.196875
-0.665053,0.875,0.361682,0.39375
-0.633247,0.875,0.364466,0.590625
-0.605212,0.896875,0.365804,0.4375
-0.624568,0.9625,0.367716,0.415625
-0.638109,0.91875,0.369927,0.678125
-0.592929,1.00625,0.370966,0.459375
-0.67712,0.83125,0.374049,0.503125
-0.645014,0.65625,0.376832,0.459375
-0.634423,0.875,0.378171,0.546875
-0.600873,0.91875,0.37921,0.503125
-0.602784,0.83125,0.381421,0.65625
-0.603823,0.83125,0.38246,0.634375
-0.58829,0.9625,0.384671,0.459375
-0.671909,1.00625,0.386582,0.503125
-0.690392,0.74375,0.387921,0.525
-0.593451,0.875,0.389832,0.546875
-0.61049,0.765625,0.389427,0.525
-0.582455,0.809375,0.390466,0.48125
-0.647457,0.765625,0.391804,0.35
-0.614479,0.875,0.394016,0.4375
-0.634134,0.7875,0.395927,0.525
-0.617729,0.48125,0.397266,0.546875
-0.601323,0.83125,0.398304,0.503125
-0.636679,0.83125,0.398771,0.546875
-0.591199,0.765625,0.39981,0.546875
