angle_1_e,angle_1_t,d_theta_1_t,angle_2_e,angle_2_t,d_theta_2_t
-1.21266,-1.2298,0,2.30233,2.25719,0
-1.21235,-1.2298,0,2.30237,2.25719,0
-1.21203,-1.2298,0,2.3024,2.25719,0
-1.21172,-1.2298,0,2.30244,2.25728,-0.0785
-1.21141,-1.22978,0,2.30248,2.25737,-0.0785
-1.2111,-1.22978,0,2.30251,2.25757,-0.110481
-1.21079,-1.22975,0,2.30255,2.25783,-0.174444
-1.21048,-1.22954,0.0552407,2.30259,2.25908,-0.348889
-1.21017,-1.22943,0.0697778,2.30262,2.2597,-0.398315
-1.20985,-1.22931,0.0872222,2.30266,2.26039,-0.444833
-1.20954,-1.22916,0.0552407,2.30269,2.26176,-0.566944
-1.20923,-1.22905,0.0465185,2.30273,2.26263,-0.590204
-1.20892,-1.2289,0.0785,2.30277,2.26365,-0.645444
-1.20861,-1.22873,0.110481,2.3028,2.26464,-0.700685
-1.2083,-1.22852,0.125019,2.30284,2.26551,-0.732667
-1.20798,-1.22832,0.165722,2.30287,2.2665,-0.764648
-1.20767,-1.22812,0.142463,2.30291,2.26746,-0.79663
-1.20736,-1.22789,0.151185,2.30294,2.26845,-0.805352
-1.20705,-1.22765,0.142463,2.30298,2.26949,-0.846056
-1.20674,-1.22739,0.174444,2.30301,2.27051,-0.828611
-1.20642,-1.2271,0.165722,2.30305,2.27153,-0.869315
-1.20611,-1.22678,0.206426,2.30309,2.27252,-0.878037
-1.2058,-1.22646,0.220963,2.30312,2.27356,-0.878037
-1.20549,-1.22611,0.238407,2.30316,2.27452,-0.878037
-1.20517,-1.22573,0.229685,2.30319,2.27554,-0.85187
-1.20486,-1.22536,0.238407,2.30322,2.2765,-0.828611
-1.20455,-1.22495,0.229685,2.30326,2.27737,-0.787907
-1.20424,-1.22451,0.252944,2.30329,2.27816,-0.764648
-1.20394,-1.22413,0.261667,2.30336,2.27888,-0.741389
-1.20364,-1.22373,0.279111,2.30342,2.27949,-0.686148
-1.20334,-1.22329,0.270389,2.30348,2.28008,-0.636722
-1.20304,-1.22283,0.293648,2.30354,2.28048,-0.590204
-1.20275,-1.22239,0.284926,2.3036,2.28089,-0.540778
-1.20245,-1.22195,0.293648,2.30366,2.28124,-0.540778
-1.20215,-1.22149,0.32563,2.30373,2.28156,-0.508796
-1.20185,-1.22099,0.293648,2.30379,2.28185,-0.508796
-1.20155,-1.22047,0.316907,2.30385,2.28217,-0.508796
-1.20125,-1.21995,0.316907,2.30391,2.28246,-0.508796
-1.20095,-1.21945,0.316907,2.30397,2.28278,-0.508796
-1.20065,-1.21893,0.316907,2.30403,2.28307,-0.502981
-1.20035,-1.21844,0.311093,2.30409,2.28333,-0.476815
-1.20006,-1.21794,0.30237,2.30415,2.28368,-0.508796
-1.19976,-1.21745,0.30237,2.30422,2.28406,-0.5495
-1.19946,-1.21698,0.279111,2.30428,2.28447,-0.572759
-1.19916,-1.21652,0.293648,2.30434,2.28487,-0.581481
-1.19886,-1.21602,0.30237,2.3044,2.2854,-0.596019
-1.19856,-1.21553,0.334352,2.30446,2.28583,-0.628
-1.19826,-1.21506,0.311093,2.30452,2.28641,-0.645444
-1.19796,-1.21457,0.293648,2.30458,2.28694,-0.654167
-1.19766,-1.2141,0.311093,2.30464,2.2874,-0.628
-1.19736,-1.21361,0.293648,2.3047,2.2879,-0.604741
-1.19706,-1.21314,0.316907,2.30476,2.28827,-0.581481
-1.19676,-1.21265,0.316907,2.30482,2.28857,-0.540778
-1.19646,-1.21216,0.293648,2.30488,2.28891,-0.508796
-1.19616,-1.21169,0.316907,2.30494,2.28918,-0.462278
-1.19586,-1.21123,0.30237,2.305,2.28944,-0.471
-1.19556,-1.21079,0.30237,2.30506,2.28967,-0.439019
-1.19526,-1.21035,0.293648,2.30512,2.28987,-0.430296
-1.19496,-1.20989,0.293648,2.30518,2.29005,-0.398315
-1.19466,-1.20945,0.284926,2.30524,2.29022,-0.398315
-1.19436,-1.20902,0.293648,2.30529,2.29043,-0.375056
-1.19406,-1.20855,0.311093,2.30535,2.29054,-0.375056
-1.19376,-1.20809,0.30237,2.30541,2.29072,-0.398315
-1.19346,-1.20762,0.293648,2.30547,2.29092,-0.38087
-1.19316,-1.2071,0.284926,2.30553,2.29127,-0.407037
-1.19286,-1.20649,0.261667,2.3056,2.29141,-0.430296
-1.19257,-1.20611,0.252944,2.30567,2.29171,-0.444833
-1.19228,-1.2057,0.284926,2.30575,2.292,-0.444833
-1.19198,-1.20529,0.252944,2.30582,2.29226,-0.444833
-1.19169,-1.20486,0.24713,2.30589,2.29272,-0.471
-1.1914,-1.20439,0.220963,2.30597,2.2931,-0.453556
-1.1911,-1.2039,0.238407,2.30604,2.2936,-0.471
-1.19081,-1.20343,0.24713,2.30612,2.29412,-0.462278
-1.19052,-1.20294,0.220963,2.30619,2.2945,-0.444833
-1.19022,-1.20253,0.197704,2.30626,2.29487,-0.430296
-1.18993,-1.20215,0.206426,2.30633,2.29522,-0.398315
-1.18964,-1.20175,0.206426,2.30641,2.29543,-0.357611
-1.18934,-1.2014,0.206426,2.30648,2.29572,-0.334352
-1.18905,-1.20099,0.183167,2.30655,2.29586,-0.293648
-1.18875,-1.20064,0.215148,2.30663,2.29601,-0.279111
-1.18846,-1.20029,0.197704,2.3067,2.29612,-0.220963
-1.18817,-1.19995,0.174444,2.30677,2.29615,-0.206426
-1.18787,-1.19957,0.174444,2.30684,2.2961,-0.165722
-1.18758,-1.19928,0.157,2.30692,2.29601,-0.142463
-1.18728,-1.19901,0.165722,2.30699,2.29589,-0.093037
-1.18699,-1.19875,0.165722,2.30706,2.29575,-0.0872222
-1.18669,-1.19852,0.142463,2.30713,2.29554,-0.0610556
-1.1864,-1.19829,0.142463,2.30721,2.29534,-0.0552407
-1.1861,-1.19808,0.125019,2.30728,2.29514,0
-1.18581,-1.19788,0.133741,2.30735,2.29493,0
-1.18551,-1.19768,0.110481,2.30742,2.29473,0
-1.18522,-1.19753,0.093037,2.30749,2.29458,0
-1.18493,-1.19736,0.101759,2.30757,2.29441,0
-1.18463,-1.19721,0.0872222,2.30764,2.29426,0
-1.18434,-1.19707,0.0872222,2.30771,2.29412,0
-1.18404,-1.19692,0.0785,2.30778,2.29397,0
-1.18374,-1.19683,0.0552407,2.30785,2.29389,0
-1.18345,-1.19675,0.0377963,2.30792,2.2938,0
-1.18315,-1.19663,0.0872222,2.30799,2.29368,0
-1.18286,-1.19654,0.0785,2.30806,2.2936,0
-1.18256,-1.19646,0.0465185,2.30814,2.29351,0
-1.18227,-1.19634,0.0697778,2.30821,2.29339,0
-1.18197,-1.19628,0.0552407,2.30828,2.29333,0
-1.18168,-1.19622,0.0232593,2.30835,2.29328,0
-1.18138,-1.19617,0.00581481,2.30842,2.29322,0
-1.18108,-1.19611,0,2.30849,2.29316,0
-1.18079,-1.19608,0,2.30856,2.29313,0
-1.18049,-1.19602,0.0377963,2.30863,2.29307,0
-1.1802,-1.19596,0,2.30871,2.29301,0
-1.17991,-1.19593,0.0697778,2.30879,2.29298,0
-1.17962,-1.19587,0,2.30887,2.29293,0
-1.17933,-1.19585,0.0290741,2.30895,2.2929,0
-1.17903,-1.19582,0.0290741,2.30903,2.29287,0
-1.17874,-1.19576,0.0377963,2.30911,2.29281,0
-1.17845,-1.19573,0,2.30919,2.29278,0
-1.17816,-1.19564,0.0377963,2.30926,2.29269,0
-1.17787,-1.19558,0.0465185,2.30934,2.29264,0
-1.17757,-1.1955,0.0610556,2.30942,2.29255,0
-1.17728,-1.19544,0.0465185,2.3095,2.29249,0
-1.17699,-1.19535,0.0610556,2.30958,2.2924,0
-1.1767,-1.19532,0.014537,2.30966,2.29237,0
-1.17641,-1.19526,0.00581481,2.30974,2.29232,0
-1.17611,-1.19518,0.0290741,2.30982,2.29223,0
-1.17582,-1.19509,0.0697778,2.3099,2.29214,0
-1.17553,-1.19497,0.0872222,2.30998,2.29203,0
-1.17524,-1.19489,0.0785,2.31005,2.29194,0
-1.17494,-1.1948,0.0465185,2.31013,2.29185,0
-1.17465,-1.19471,0.0785,2.31021,2.29176,0
-1.17436,-1.19462,0.0610556,2.31029,2.29168,0
-1.17406,-1.19454,0.0552407,2.31037,2.29159,0
-1.17377,-1.19445,0.0785,2.31044,2.29156,0
-1.17348,-1.19433,0.0290741,2.31052,2.29144,0
-1.17319,-1.19425,0.0697778,2.3106,2.29136,0
-1.17289,-1.19413,0.0552407,2.31068,2.29124,0
-1.1726,-1.19401,0.093037,2.31076,2.29115,0
-1.17231,-1.1939,0.0785,2.31083,2.29107,-0.0465185
-1.17201,-1.19381,0.0465185,2.31091,2.29104,-0.014537
-1.17172,-1.19372,0.0785,2.31099,2.29101,-0.0610556
-1.17142,-1.19361,0.0697778,2.31107,2.29098,-0.0697778
-1.17113,-1.19349,0.0785,2.31114,2.29098,-0.0610556
-1.17084,-1.19335,0.0785,2.31122,2.29095,-0.0785
-1.17054,-1.19323,0.0610556,2.3113,2.29095,-0.0872222
-1.17025,-1.19308,0.0785,2.31137,2.29095,-0.0785
-1.16996,-1.19294,0.093037,2.31145,2.29098,-0.093037
-1.16966,-1.19285,0.0785,2.31153,2.29104,-0.101759
-1.16937,-1.19271,0.0872222,2.3116,2.29107,-0.093037
-1.16907,-1.19259,0.0610556,2.31168,2.2911,-0.093037
-1.16878,-1.19247,0.0785,2.31176,2.29115,-0.110481
-1.16848,-1.19236,0.0872222,2.31183,2.29121,-0.110481
-1.16819,-1.19221,0.101759,2.31191,2.29121,-0.110481
-1.16789,-1.19207,0.0872222,2.31199,2.29124,-0.093037
-1.1676,-1.19192,0.0872222,2.31206,2.29127,-0.101759
-1.16731,-1.19178,0.0872222,2.31214,2.29127,-0.093037
-1.16701,-1.19163,0.093037,2.31221,2.29127,-0.101759
-1.16672,-1.19146,0.101759,2.31229,2.29127,-0.093037
-1.16642,-1.19128,0.093037,2.31237,2.29124,-0.093037
-1.16613,-1.19111,0.110481,2.31244,2.29124,-0.093037
-1.16583,-1.19093,0.110481,2.31252,2.29124,-0.0785
-1.16554,-1.19073,0.101759,2.31259,2.29121,-0.093037
-1.16524,-1.19053,0.125019,2.31266,2.29121,-0.110481
-1.16494,-1.19032,0.110481,2.31273,2.29118,-0.093037
-1.16464,-1.19009,0.119204,2.3128,2.29115,-0.110481
-1.16434,-1.18986,0.110481,2.31287,2.2911,-0.101759
-1.16405,-1.18962,0.125019,2.31294,2.29107,-0.0872222
-1.16375,-1.18936,0.142463,2.31301,2.29104,-0.110481
-1.16345,-1.18913,0.133741,2.31308,2.29098,-0.101759
-1.16315,-1.1889,0.151185,2.31315,2.29092,-0.119204
-1.16285,-1.18869,0.133741,2.31321,2.29092,-0.101759
-1.16255,-1.18852,0.125019,2.31328,2.29095,-0.133741
-1.16225,-1.18832,0.133741,2.31335,2.29095,-0.142463
-1.16196,-1.18808,0.142463,2.31342,2.29092,-0.119204
-1.16166,-1.18785,0.142463,2.31349,2.29089,-0.125019
-1.16136,-1.18765,0.142463,2.31356,2.29092,-0.125019
-1.16106,-1.18739,0.165722,2.31362,2.29089,-0.142463
-1.16076,-1.18718,0.133741,2.31369,2.29089,-0.157
-1.16046,-1.18692,0.125019,2.31376,2.29089,-0.151185
-1.16016,-1.18669,0.142463,2.31383,2.29089,-0.157
-1.15986,-1.18648,0.151185,2.3139,2.29092,-0.142463
-1.15956,-1.18625,0.142463,2.31396,2.29092,-0.142463
-1.15926,-1.18602,0.157,2.31403,2.29092,-0.174444
-1.15896,-1.18573,0.197704,2.3141,2.29086,-0.133741
-1.15866,-1.18544,0.157,2.31417,2.29086,-0.165722
-1.15836,-1.18515,0.157,2.31423,2.29086,-0.142463
-1.15807,-1.18483,0.165722,2.3143,2.2908,-0.142463
-1.15777,-1.18456,0.165722,2.31437,2.29089,-0.151185
-1.15747,-1.18419,0.165722,2.31444,2.29075,-0.157
-1.15717,-1.18393,0.165722,2.3145,2.29075,-0.151185
-1.15687,-1.18366,0.188981,2.31457,2.29072,-0.142463
-1.15657,-1.18337,0.188981,2.31464,2.29069,-0.151185
-1.15627,-1.18308,0.183167,2.3147,2.29066,-0.157
-1.15597,-1.18282,0.165722,2.31477,2.29066,-0.157
-1.15567,-1.18253,0.183167,2.31484,2.29066,-0.188981
-1.15536,-1.18224,0.174444,2.3149,2.29066,-0.183167
-1.15506,-1.18195,0.165722,2.31497,2.29069,-0.183167
-1.15476,-1.18163,0.183167,2.31503,2.29069,-0.197704
-1.15446,-1.18134,0.188981,2.3151,2.29078,-0.220963
-1.15416,-1.18102,0.206426,2.31517,2.29083,-0.215148
-1.15386,-1.1807,0.183167,2.31523,2.29089,-0.279111
-1.15356,-1.18044,0.188981,2.3153,2.29104,-0.252944
-1.15326,-1.18012,0.183167,2.31536,2.29124,-0.284926
-1.15296,-1.17974,0.188981,2.31543,2.29144,-0.293648
-1.15266,-1.17939,0.183167,2.3155,2.29176,-0.334352
-1.15236,-1.17901,0.215148,2.31556,2.29205,-0.38087
-1.15206,-1.17863,0.220963,2.31563,2.29243,-0.398315
-1.15176,-1.17814,0.215148,2.31569,2.29278,-0.412852
-1.15145,-1.17782,0.206426,2.31576,2.29316,-0.494259
-1.15115,-1.17747,0.229685,2.31582,2.29357,-0.462278
-1.15085,-1.17709,0.197704,2.31589,2.29397,-0.444833
-1.15055,-1.17671,0.215148,2.31595,2.29435,-0.502981
-1.15025,-1.17637,0.229685,2.31602,2.29476,-0.494259
-1.14995,-1.17602,0.24713,2.31608,2.29511,-0.508796
-1.14965,-1.17561,0.252944,2.31615,2.29543,-0.444833
-1.14934,-1.17523,0.261667,2.31621,2.29578,-0.462278
-1.14904,-1.17485,0.252944,2.31628,2.2961,-0.444833
-1.14875,-1.17448,0.24713,2.31635,2.29636,-0.439019
-1.14845,-1.1741,0.252944,2.31643,2.29659,-0.412852
-1.14816,-1.1736,0.270389,2.31651,2.29682,-0.407037
-1.14786,-1.17314,0.270389,2.31659,2.297,-0.375056
-1.14756,-1.17267,0.279111,2.31667,2.29708,-0.32563
-1.14727,-1.17209,0.284926,2.31675,2.29706,-0.284926
-1.14697,-1.17157,0.284926,2.31683,2.29697,-0.252944
-1.14668,-1.17105,0.284926,2.3169,2.29682,-0.215148
-1.14638,-1.17052,0.293648,2.31698,2.29659,-0.188981
-1.14609,-1.16994,0.252944,2.31706,2.2963,-0.151185
-1.14579,-1.16948,0.284926,2.31714,2.29604,-0.119204
-1.14549,-1.16901,0.30237,2.31722,2.29575,-0.119204
-1.1452,-1.16857,0.284926,2.31729,2.29549,-0.119204
-1.1449,-1.16811,0.252944,2.31737,2.29517,-0.101759
-1.1446,-1.1677,0.284926,2.31745,2.29493,-0.101759
-1.14431,-1.16729,0.252944,2.31753,2.29467,-0.101759
-1.14401,-1.16692,0.220963,2.3176,2.29447,-0.093037
-1.14371,-1.16657,0.229685,2.31768,2.29429,-0.101759
-1.14342,-1.16622,0.24713,2.31776,2.29412,-0.125019
-1.14312,-1.16584,0.220963,2.31783,2.29394,-0.119204
-1.14282,-1.16549,0.220963,2.31791,2.29383,-0.142463
-1.14253,-1.16517,0.220963,2.31799,2.29377,-0.157
-1.14223,-1.16485,0.206426,2.31806,2.29368,-0.157
-1.14193,-1.16453,0.188981,2.31814,2.29365,-0.183167
-1.14163,-1.16424,0.183167,2.31822,2.29365,-0.183167
-1.14134,-1.16395,0.197704,2.31829,2.29368,-0.197704
-1.14104,-1.16366,0.188981,2.31837,2.29374,-0.215148
-1.14074,-1.16337,0.183167,2.31845,2.2938,-0.220963
-1.14044,-1.16308,0.183167,2.31852,2.29389,-0.229685
-1.14015,-1.16279,0.188981,2.3186,2.29397,-0.252944
-1.13985,-1.1625,0.183167,2.31868,2.29406,-0.284926
-1.13955,-1.16224,0.197704,2.31875,2.29421,-0.252944
-1.13925,-1.16192,0.188981,2.31883,2.29429,-0.229685
-1.13895,-1.16163,0.183167,2.3189,2.29444,-0.252944
-1.13866,-1.16133,0.165722,2.31898,2.29453,-0.24713
-1.13836,-1.16107,0.183167,2.31905,2.29464,-0.252944
-1.13806,-1.16078,0.188981,2.31913,2.29476,-0.279111
-1.13776,-1.16043,0.229685,2.3192,2.29482,-0.24713
-1.13746,-1.16011,0.215148,2.31928,2.2949,-0.252944
-1.13717,-1.15979,0.197704,2.31936,2.29499,-0.252944
-1.13687,-1.15947,0.206426,2.31943,2.29508,-0.261667
-1.13657,-1.15915,0.188981,2.31951,2.29517,-0.261667
-1.13627,-1.15878,0.220963,2.31958,2.29519,-0.252944
-1.13597,-1.15846,0.206426,2.31965,2.29531,-0.270389
-1.13567,-1.15808,0.229685,2.31973,2.29537,-0.252944
-1.13537,-1.15773,0.220963,2.3198,2.29549,-0.284926
-1.13507,-1.15738,0.238407,2.31988,2.29557,-0.293648
-1.13478,-1.15703,0.238407,2.31995,2.29572,-0.30237
-1.13448,-1.15665,0.238407,2.32003,2.29581,-0.30237
-1.13418,-1.15628,0.229685,2.3201,2.29592,-0.316907
-1.13388,-1.15593,0.24713,2.32018,2.29607,-0.316907
-1.13358,-1.15558,0.24713,2.32025,2.29621,-0.334352
-1.13328,-1.15517,0.252944,2.32032,2.29636,-0.32563
-1.13298,-1.15476,0.220963,2.3204,2.2965,-0.348889
-1.13268,-1.15436,0.252944,2.32047,2.29665,-0.343074
-1.13238,-1.15398,0.220963,2.32055,2.29682,-0.316907
-1.13208,-1.15357,0.270389,2.32062,2.297,-0.348889
-1.13178,-1.15314,0.279111,2.32069,2.29711,-0.366333
-1.13148,-1.15273,0.252944,2.32077,2.29729,-0.334352
-1.13118,-1.15235,0.252944,2.32084,2.29749,-0.357611
-1.13088,-1.15191,0.220963,2.32092,2.29764,-0.357611
-1.13059,-1.15154,0.252944,2.32101,2.29784,-0.357611
-1.13029,-1.15113,0.229685,2.32109,2.29801,-0.357611
-1.13,-1.15072,0.284926,2.32118,2.29816,-0.348889
-1.1297,-1.15032,0.252944,2.32126,2.29839,-0.366333
-1.12941,-1.14985,0.252944,2.32135,2.29848,-0.375056
-1.12911,-1.14947,0.229685,2.32143,2.29865,-0.343074
-1.12882,-1.14901,0.252944,2.32152,2.29877,-0.316907
-1.12852,-1.14857,0.261667,2.3216,2.29883,-0.311093
-1.12823,-1.14814,0.270389,2.32169,2.29886,-0.284926
-1.12793,-1.14767,0.252944,2.32177,2.29883,-0.270389
-1.12764,-1.14712,0.261667,2.32186,2.29874,-0.229685
-1.12734,-1.14668,0.270389,2.32194,2.29871,-0.215148
-1.12704,-1.14625,0.270389,2.32203,2.29863,-0.220963
-1.12675,-1.14584,0.252944,2.32211,2.29854,-0.188981
-1.12645,-1.14546,0.229685,2.32219,2.29845,-0.206426
-1.12616,-1.14505,0.252944,2.32228,2.29833,-0.174444
-1.12586,-1.14468,0.261667,2.32236,2.29825,-0.197704
-1.12556,-1.1443,0.229685,2.32245,2.29816,-0.183167
-1.12527,-1.14392,0.252944,2.32253,2.29807,-0.188981
-1.12497,-1.14351,0.238407,2.32262,2.29796,-0.174444
-1.12467,-1.14316,0.252944,2.3227,2.29787,-0.165722
-1.12438,-1.14281,0.238407,2.32278,2.29778,-0.165722
-1.12408,-1.14241,0.238407,2.32287,2.29767,-0.157
-1.12378,-1.14206,0.238407,2.32295,2.29758,-0.165722
-1.12349,-1.14171,0.215148,2.32303,2.29749,-0.174444
-1.12319,-1.14136,0.24713,2.32312,2.29743,-0.165722
-1.12289,-1.14101,0.220963,2.3232,2.29732,-0.157
-1.1226,-1.14063,0.220963,2.32328,2.2972,-0.142463
-1.1223,-1.14026,0.197704,2.32337,2.29711,-0.157
-1.122,-1.13991,0.188981,2.32345,2.297,-0.133741
-1.1217,-1.1395,0.220963,2.32353,2.29688,-0.157
-1.12141,-1.13912,0.206426,2.32361,2.29679,-0.151185
-1.12111,-1.13869,0.229685,2.3237,2.29662,-0.125019
-1.12081,-1.1384,0.206426,2.32378,2.29653,-0.125019
-1.12051,-1.13808,0.206426,2.32386,2.29644,-0.125019
-1.12022,-1.13778,0.183167,2.32394,2.29636,-0.125019
-1.11992,-1.13746,0.188981,2.32403,2.29624,-0.125019
-1.11962,-1.13717,0.197704,2.32411,2.29615,-0.125019
-1.11932,-1.13683,0.183167,2.32419,2.29601,-0.133741
-1.11903,-1.13648,0.215148,2.32427,2.29589,-0.133741
-1.11873,-1.13619,0.183167,2.32436,2.29583,-0.125019
-1.11843,-1.13587,0.183167,2.32444,2.29572,-0.157
-1.11813,-1.1356,0.165722,2.32452,2.29572,-0.142463
-1.11783,-1.13528,0.157,2.3246,2.29563,-0.142463
-1.11753,-1.13502,0.183167,2.32468,2.29563,-0.151185
-1.11724,-1.1347,0.197704,2.32476,2.29554,-0.151185
-1.11694,-1.13438,0.188981,2.32485,2.29549,-0.151185
-1.11664,-1.13409,0.174444,2.32493,2.29549,-0.165722
-1.11634,-1.13377,0.188981,2.32501,2.29546,-0.165722
-1.11604,-1.13348,0.188981,2.32509,2.29546,-0.183167
-1.11574,-1.13316,0.183167,2.32517,2.29546,-0.197704
-1.11544,-1.1329,0.188981,2.32525,2.29551,-0.215148
-1.11514,-1.13264,0.183167,2.32533,2.29557,-0.206426
-1.11484,-1.13232,0.183167,2.32541,2.29566,-0.215148
-1.11454,-1.13203,0.188981,2.32549,2.29575,-0.252944
-1.11424,-1.13174,0.188981,2.32557,2.29583,-0.238407
-1.11395,-1.13145,0.188981,2.32565,2.29598,-0.261667
-1.11365,-1.1311,0.183167,2.32573,2.29615,-0.284926
-1.11335,-1.13075,0.188981,2.32581,2.2963,-0.293648
-1.11305,-1.13049,0.197704,2.32589,2.29659,-0.311093
-1.11275,-1.13014,0.197704,2.32598,2.29679,-0.316907
-1.11245,-1.12985,0.183167,2.32607,2.29708,-0.348889
-1.11216,-1.1295,0.206426,2.32616,2.29729,-0.357611
-1.11186,-1.12915,0.197704,2.32625,2.29752,-0.38087
-1.11156,-1.12883,0.220963,2.32634,2.29778,-0.375056
-1.11127,-1.12851,0.206426,2.32643,2.29804,-0.389593
-1.11097,-1.12816,0.215148,2.32651,2.29833,-0.389593
-1.11067,-1.12775,0.238407,2.3266,2.29865,-0.412852
-1.11038,-1.12738,0.220963,2.32669,2.29897,-0.412852
-1.11008,-1.12691,0.229685,2.32678,2.29929,-0.430296
-1.10978,-1.1265,0.24713,2.32687,2.29967,-0.453556
-1.10949,-1.1261,0.24713,2.32696,2.29999,-0.430296
-1.10919,-1.12569,0.261667,2.32704,2.30028,-0.439019
-1.10889,-1.12525,0.24713,2.32713,2.30052,-0.407037
-1.10859,-1.12485,0.252944,2.32722,2.30075,-0.407037
-1.1083,-1.12441,0.261667,2.32731,2.30089,-0.366333
-1.108,-1.12395,0.279111,2.3274,2.30095,-0.343074
-1.1077,-1.12351,0.261667,2.32748,2.30098,-0.293648
-1.1074,-1.12307,0.270389,2.32757,2.30092,-0.24713
-1.10711,-1.12261,0.270389,2.32766,2.30078,-0.188981
-1.10681,-1.12214,0.270389,2.32775,2.30057,-0.165722
-1.10651,-1.12165,0.279111,2.32783,2.30025,-0.110481
-1.10621,-1.12118,0.293648,2.32792,2.29993,-0.0697778
-1.10591,-1.12072,0.279111,2.32801,2.29956,-0.0465185
-1.10562,-1.12028,0.270389,2.32809,2.29918,-0.0552407
-1.10532,-1.11985,0.279111,2.32818,2.2988,-0.0377963
-1.10502,-1.11941,0.252944,2.32827,2.29842,-0.0697778
-1.10472,-1.11903,0.252944,2.32835,2.2981,-0.0465185
-1.10442,-1.11862,0.261667,2.32844,2.29778,-0.0785
-1.10412,-1.11825,0.229685,2.32853,2.29752,-0.0465185
-1.10382,-1.11787,0.220963,2.32861,2.29726,-0.0872222
-1.10353,-1.11752,0.215148,2.3287,2.29706,-0.0872222
-1.10323,-1.1172,0.197704,2.32879,2.29691,-0.110481
-1.10293,-1.11688,0.206426,2.32887,2.29679,-0.119204
-1.10263,-1.11659,0.183167,2.32896,2.29674,-0.151185
-1.10233,-1.1163,0.174444,2.32905,2.29671,-0.157
-1.10203,-1.11604,0.174444,2.32913,2.29674,-0.183167
-1.10173,-1.11578,0.151185,2.32922,2.29682,-0.188981
-1.10143,-1.11551,0.142463,2.3293,2.29688,-0.215148
-1.10113,-1.11528,0.142463,2.32939,2.29703,-0.220963
-1.10083,-1.11502,0.157,2.32947,2.29717,-0.24713
-1.10053,-1.11479,0.165722,2.32956,2.29738,-0.261667
-1.10023,-1.11455,0.142463,2.32964,2.29758,-0.279111
-1.09993,-1.11432,0.133741,2.32973,2.29781,-0.284926
-1.09963,-1.11409,0.125019,2.32981,2.29807,-0.293648
-1.09933,-1.11389,0.133741,2.3299,2.29833,-0.284926
-1.09903,-1.11365,0.142463,2.32998,2.2986,-0.284926
-1.09873,-1.11339,0.133741,2.33007,2.29877,-0.270389
-1.09843,-1.11316,0.142463,2.33015,2.29903,-0.284926
-1.09813,-1.11287,0.157,2.33024,2.29918,-0.270389
-1.09783,-1.11264,0.157,2.33032,2.29935,-0.252944
-1.09753,-1.11234,0.165722,2.33041,2.29941,-0.238407
-1.09723,-1.11208,0.157,2.33049,2.2995,-0.206426
-1.09693,-1.11182,0.157,2.33058,2.29953,-0.215148
-1.09663,-1.1115,0.183167,2.33066,2.29953,-0.206426
-1.09633,-1.11115,0.215148,2.33075,2.2995,-0.188981
-1.09603,-1.11083,0.206426,2.33083,2.29947,-0.174444
-1.09573,-1.11048,0.220963,2.33091,2.29938,-0.157
-1.09542,-1.11014,0.197704,2.331,2.29932,-0.183167
-1.09512,-1.10982,0.197704,2.33108,2.29926,-0.157
-1.09482,-1.1095,0.206426,2.33116,2.29924,-0.174444
-1.09452,-1.10918,0.215148,2.33125,2.29918,-0.157
-1.09422,-1.10883,0.206426,2.33133,2.29912,-0.174444
-1.09392,-1.10848,0.206426,2.33141,2.29912,-0.188981
-1.09362,-1.10816,0.206426,2.3315,2.29912,-0.215148
-1.09331,-1.10781,0.215148,2.33158,2.29918,-0.220963
-1.09301,-1.10743,0.215148,2.33166,2.29918,-0.24713
-1.09271,-1.10708,0.215148,2.33174,2.29926,-0.261667
-1.09241,-1.10673,0.206426,2.33182,2.29944,-0.293648
-1.0921,-1.10641,0.206426,2.33191,2.29958,-0.311093
-1.0918,-1.10606,0.197704,2.33199,2.29976,-0.334352
-1.0915,-1.10569,0.238407,2.33207,2.29996,-0.334352
-1.0912,-1.10531,0.229685,2.33215,2.30014,-0.357611
-1.09089,-1.10493,0.229685,2.33223,2.30037,-0.375056
-1.09059,-1.10455,0.238407,2.33231,2.3006,-0.38087
-1.09029,-1.10418,0.215148,2.33239,2.30086,-0.389593
-1.08998,-1.1038,0.238407,2.33247,2.30115,-0.38087
-1.08968,-1.10342,0.229685,2.33255,2.30145,-0.398315
-1.08938,-1.10301,0.24713,2.33264,2.30171,-0.439019
-1.08907,-1.10263,0.252944,2.33272,2.30209,-0.412852
-1.08877,-1.10214,0.229685,2.3328,2.30235,-0.430296
-1.08847,-1.1017,0.229685,2.33288,2.30267,-0.430296
-1.08816,-1.10124,0.238407,2.33296,2.30293,-0.430296
-1.08786,-1.1008,0.261667,2.33304,2.30319,-0.389593
-1.08756,-1.10037,0.279111,2.33312,2.30336,-0.366333
-1.08725,-1.09993,0.252944,2.3332,2.30351,-0.357611
-1.08695,-1.09949,0.279111,2.33328,2.30357,-0.316907
-1.08664,-1.09906,0.261667,2.33336,2.30363,-0.316907
-1.08634,-1.09859,0.270389,2.33344,2.3036,-0.261667
-1.08604,-1.09816,0.279111,2.33352,2.30354,-0.229685
-1.08573,-1.09769,0.270389,2.3336,2.30342,-0.215148
-1.08543,-1.09726,0.293648,2.33368,2.30328,-0.197704
-1.08512,-1.09682,0.279111,2.33376,2.30313,-0.165722
-1.08482,-1.09638,0.284926,2.33384,2.3029,-0.165722
-1.08451,-1.09592,0.293648,2.33392,2.30267,-0.125019
-1.08421,-1.09545,0.293648,2.33399,2.30238,-0.125019
-1.08391,-1.09502,0.293648,2.33407,2.30211,-0.119204
-1.0836,-1.09449,0.270389,2.33415,2.30179,-0.110481
-1.0833,-1.09406,0.270389,2.33423,2.30153,-0.093037
-1.08299,-1.09362,0.252944,2.33431,2.30127,-0.119204
-1.08269,-1.09321,0.252944,2.33439,2.30104,-0.101759
-1.08238,-1.09281,0.252944,2.33447,2.30083,-0.125019
-1.08208,-1.0924,0.220963,2.33455,2.30063,-0.125019
-1.08177,-1.09202,0.238407,2.33462,2.30046,-0.133741
-1.08147,-1.09164,0.229685,2.3347,2.30034,-0.133741
-1.08116,-1.09127,0.238407,2.33478,2.30022,-0.174444
-1.08085,-1.09092,0.220963,2.33486,2.30017,-0.165722
-1.08055,-1.09054,0.229685,2.33494,2.30011,-0.174444
-1.08024,-1.09019,0.220963,2.33502,2.30008,-0.229685
-1.07994,-1.08987,0.197704,2.33509,2.30017,-0.252944
-1.07963,-1.08955,0.215148,2.33517,2.3002,-0.220963
-1.07933,-1.0892,0.206426,2.33525,2.30025,-0.261667
-1.07902,-1.08891,0.183167,2.33533,2.3004,-0.279111
-1.07871,-1.08859,0.183167,2.3354,2.30052,-0.252944
-1.07841,-1.08827,0.188981,2.33548,2.30066,-0.284926
-1.0781,-1.08798,0.174444,2.33556,2.30081,-0.252944
-1.07779,-1.08769,0.174444,2.33564,2.30098,-0.293648
-1.07749,-1.08737,0.188981,2.33571,2.30113,-0.279111
-1.07718,-1.08708,0.188981,2.33579,2.30127,-0.284926
-1.07688,-1.08679,0.165722,2.33587,2.30142,-0.252944
-1.07657,-1.08647,0.188981,2.33594,2.30153,-0.270389
-1.07626,-1.08615,0.197704,2.33603,2.30165,-0.261667
-1.07596,-1.08583,0.174444,2.33612,2.30177,-0.279111
-1.07566,-1.08551,0.206426,2.33621,2.30188,-0.270389
-1.07536,-1.08516,0.215148,2.3363,2.30197,-0.270389
-1.07506,-1.08481,0.197704,2.33639,2.30209,-0.279111
-1.07475,-1.08446,0.215148,2.33648,2.30217,-0.279111
-1.07445,-1.08411,0.238407,2.33657,2.30229,-0.284926
-1.07415,-1.08374,0.24713,2.33666,2.30243,-0.311093
-1.07385,-1.08336,0.229685,2.33675,2.30258,-0.311093
-1.07354,-1.08298,0.238407,2.33684,2.30272,-0.311093
-1.07324,-1.08257,0.229685,2.33693,2.30287,-0.343074
-1.07294,-1.08217,0.238407,2.33702,2.30302,-0.343074
-1.07264,-1.08176,0.252944,2.33711,2.30319,-0.357611
-1.07233,-1.08132,0.284926,2.3372,2.30336,-0.343074
-1.07203,-1.08089,0.252944,2.33729,2.30354,-0.38087
-1.07173,-1.08042,0.284926,2.33738,2.30371,-0.38087
-1.07142,-1.07999,0.279111,2.33747,2.30392,-0.389593
-1.07112,-1.07952,0.293648,2.33756,2.30412,-0.412852
-1.07082,-1.079,0.284926,2.33765,2.30429,-0.407037
-1.07051,-1.07853,0.284926,2.33773,2.3045,-0.421574
-1.07021,-1.07807,0.30237,2.33782,2.3047,-0.407037
-1.06991,-1.07757,0.30237,2.33791,2.30488,-0.398315
-1.0696,-1.07705,0.30237,2.338,2.30499,-0.389593
-1.0693,-1.07655,0.311093,2.33809,2.30508,-0.357611
-1.06899,-1.07606,0.311093,2.33818,2.30511,-0.348889
-1.06869,-1.07554,0.316907,2.33827,2.30511,-0.316907
-1.06839,-1.07501,0.30237,2.33836,2.30502,-0.284926
-1.06808,-1.07449,0.32563,2.33844,2.30491,-0.24713
-1.06778,-1.07397,0.316907,2.33853,2.30473,-0.229685
-1.06747,-1.07341,0.316907,2.33862,2.3045,-0.188981
-1.06717,-1.07289,0.311093,2.33871,2.30424,-0.165722
-1.06686,-1.0724,0.311093,2.3388,2.304,-0.165722
-1.06656,-1.0719,0.316907,2.33888,2.30374,-0.142463
-1.06626,-1.07141,0.311093,2.33897,2.30348,-0.133741
-1.06595,-1.07091,0.293648,2.33906,2.30325,-0.142463
-1.06565,-1.07048,0.293648,2.33915,2.30304,-0.151185
-1.06534,-1.07001,0.252944,2.33923,2.30284,-0.142463
-1.06504,-1.06961,0.270389,2.33932,2.3027,-0.165722
-1.06473,-1.06914,0.252944,2.33941,2.30255,-0.174444
-1.06443,-1.06873,0.252944,2.3395,2.30246,-0.197704
-1.06412,-1.06833,0.252944,2.33958,2.30243,-0.215148
-1.06381,-1.06792,0.252944,2.33967,2.3024,-0.238407
-1.06351,-1.06754,0.238407,2.33976,2.3024,-0.229685
-1.0632,-1.06719,0.220963,2.33984,2.30252,-0.279111
-1.0629,-1.06681,0.229685,2.33993,2.30258,-0.284926
-1.06259,-1.06644,0.229685,2.34002,2.30272,-0.284926
-1.06229,-1.06609,0.220963,2.3401,2.30281,-0.279111
-1.06198,-1.06574,0.206426,2.34019,2.30296,-0.293648
-1.06167,-1.06542,0.220963,2.34028,2.3031,-0.279111
-1.06137,-1.0651,0.206426,2.34036,2.30325,-0.284926
-1.06106,-1.06475,0.215148,2.34045,2.30334,-0.279111
-1.06076,-1.06446,0.197704,2.34053,2.30351,-0.279111
-1.06045,-1.06414,0.197704,2.34062,2.30366,-0.293648
-1.06014,-1.06382,0.206426,2.34071,2.30383,-0.284926
-1.05984,-1.0635,0.188981,2.34079,2.30397,-0.293648
-1.05953,-1.06315,0.183167,2.34088,2.30415,-0.32563
-1.05922,-1.0628,0.206426,2.34096,2.30435,-0.334352
-1.05892,-1.06242,0.215148,2.34105,2.30453,-0.334352
-1.05861,-1.06208,0.220963,2.34113,2.30479,-0.348889
-1.0583,-1.0617,0.229685,2.34122,2.30502,-0.366333
-1.058,-1.06135,0.220963,2.34132,2.30531,-0.398315
-1.0577,-1.06094,0.238407,2.34142,2.30554,-0.412852
-1.05739,-1.06056,0.229685,2.34152,2.30584,-0.412852
-1.05709,-1.06016,0.238407,2.34162,2.30613,-0.412852
-1.05679,-1.05975,0.252944,2.34172,2.30639,-0.412852
-1.05649,-1.05931,0.238407,2.34182,2.30662,-0.407037
-1.05618,-1.05891,0.252944,2.34192,2.30688,-0.407037
-1.05588,-1.05847,0.252944,2.34202,2.30709,-0.389593
-1.05558,-1.05801,0.279111,2.34212,2.30729,-0.412852
-1.05528,-1.0576,0.270389,2.34222,2.30749,-0.412852
-1.05497,-1.05713,0.311093,2.34232,2.3077,-0.407037
-1.05467,-1.05667,0.293648,2.34242,2.30793,-0.421574
-1.05437,-1.0562,0.284926,2.34252,2.30816,-0.439019
-1.05406,-1.05574,0.279111,2.34262,2.30839,-0.430296
-1.05376,-1.05524,0.30237,2.34272,2.30863,-0.462278
-1.05346,-1.05475,0.316907,2.34282,2.30886,-0.453556
-1.05315,-1.05425,0.316907,2.34291,2.30909,-0.439019
-1.05285,-1.05376,0.30237,2.34301,2.3093,-0.430296
-1.05254,-1.05327,0.311093,2.34311,2.30944,-0.398315
-1.05224,-1.05274,0.30237,2.34321,2.30953,-0.375056
-1.05194,-1.05228,0.316907,2.34331,2.30962,-0.357611
-1.05163,-1.05178,0.311093,2.34341,2.30964,-0.334352
-1.05133,-1.05126,0.284926,2.34351,2.30959,-0.311093
-1.05102,-1.05077,0.293648,2.3436,2.30953,-0.279111
-1.05072,-1.0503,0.293648,2.3437,2.3095,-0.261667
-1.05041,-1.04981,0.316907,2.3438,2.30938,-0.229685
-1.05011,-1.04931,0.30237,2.3439,2.30924,-0.206426
-1.0498,-1.04885,0.293648,2.344,2.30912,-0.215148
-1.0495,-1.04841,0.284926,2.3441,2.309,-0.215148
-1.0492,-1.04797,0.261667,2.34419,2.30889,-0.174444
-1.04889,-1.04754,0.261667,2.34429,2.30877,-0.188981
-1.04858,-1.04713,0.252944,2.34439,2.30866,-0.197704
-1.04828,-1.0467,0.252944,2.34449,2.30851,-0.188981
-1.04797,-1.04629,0.270389,2.34458,2.30842,-0.188981
-1.04767,-1.04588,0.24713,2.34468,2.30834,-0.197704
-1.04736,-1.0455,0.238407,2.34478,2.30828,-0.188981
-1.04706,-1.04515,0.238407,2.34488,2.30822,-0.197704
-1.04675,-1.04478,0.220963,2.34497,2.30819,-0.206426
-1.04645,-1.04443,0.206426,2.34507,2.30816,-0.206426
-1.04614,-1.04408,0.215148,2.34517,2.30813,-0.188981
-1.04583,-1.04373,0.197704,2.34526,2.3081,-0.188981
-1.04553,-1.04341,0.215148,2.34536,2.3081,-0.188981
-1.04522,-1.04309,0.206426,2.34546,2.3081,-0.197704
-1.04492,-1.04277,0.183167,2.34555,2.30807,-0.165722
-1.04461,-1.04251,0.183167,2.34565,2.30813,-0.183167
-1.0443,-1.04225,0.165722,2.34575,2.30816,-0.183167
-1.044,-1.04196,0.174444,2.34584,2.30816,-0.206426
-1.04369,-1.04169,0.165722,2.34594,2.30822,-0.183167
-1.04338,-1.04146,0.165722,2.34603,2.30831,-0.183167
-1.04308,-1.0412,0.142463,2.34613,2.30834,-0.183167
-1.04277,-1.04097,0.142463,2.34623,2.30842,-0.206426
-1.04246,-1.04071,0.157,2.34632,2.30845,-0.183167
-1.04215,-1.0405,0.142463,2.34642,2.30854,-0.183167
-1.04185,-1.04024,0.165722,2.34651,2.30863,-0.206426
-1.04154,-1.04004,0.142463,2.34661,2.30874,-0.206426
-1.04123,-1.03981,0.142463,2.3467,2.30883,-0.174444
-1.04092,-1.0396,0.142463,2.34677,2.309,-0.206426
-1.0406,-1.03937,0.133741,2.34684,2.30912,-0.215148
-1.04028,-1.03917,0.142463,2.3469,2.30927,-0.24713
-1.03997,-1.03893,0.133741,2.34696,2.30941,-0.229685
-1.03965,-1.0387,0.142463,2.34703,2.30959,-0.238407
-1.03933,-1.03844,0.157,2.34709,2.30973,-0.229685
-1.03901,-1.03821,0.165722,2.34715,2.30991,-0.220963
-1.0387,-1.03797,0.151185,2.34722,2.31008,-0.252944
-1.03838,-1.03774,0.142463,2.34728,2.31023,-0.24713
-1.03806,-1.03748,0.133741,2.34734,2.31034,-0.252944
-1.03774,-1.03725,0.151185,2.34741,2.31049,-0.206426
-1.03742,-1.03696,0.157,2.34747,2.31055,-0.197704
-1.03711,-1.03669,0.174444,2.34753,2.31063,-0.220963
-1.03679,-1.0364,0.174444,2.34759,2.31069,-0.220963
-1.03647,-1.03614,0.157,2.34766,2.31078,-0.215148
-1.03615,-1.03585,0.183167,2.34772,2.31081,-0.183167
-1.03583,-1.03556,0.188981,2.34778,2.31087,-0.220963
-1.03552,-1.03527,0.165722,2.34784,2.31092,-0.220963
-1.0352,-1.03498,0.183167,2.3479,2.31098,-0.197704
-1.03488,-1.03469,0.197704,2.34797,2.31104,-0.215148
-1.03456,-1.03437,0.188981,2.34803,2.31107,-0.215148
-1.03424,-1.03405,0.206426,2.34809,2.31113,-0.220963
-1.03392,-1.03373,0.197704,2.34815,2.31116,-0.206426
-1.03361,-1.03338,0.188981,2.34821,2.31116,-0.215148
-1.03329,-1.03306,0.197704,2.34827,2.31121,-0.220963
-1.03297,-1.03271,0.206426,2.34834,2.31124,-0.229685
-1.03265,-1.03239,0.220963,2.3484,2.31127,-0.24713
-1.03233,-1.03204,0.229685,2.34846,2.3113,-0.220963
-1.03201,-1.03169,0.206426,2.34852,2.3113,-0.220963
-1.03169,-1.03132,0.215148,2.34858,2.31127,-0.238407
-1.03137,-1.03097,0.238407,2.34864,2.31127,-0.220963
-1.03105,-1.03059,0.220963,2.3487,2.31124,-0.215148
-1.03073,-1.03021,0.215148,2.34876,2.31119,-0.206426
-1.03041,-1.02983,0.220963,2.34882,2.3111,-0.183167
-1.0301,-1.02945,0.24713,2.34888,2.31101,-0.197704
-1.02978,-1.02905,0.238407,2.34894,2.31089,-0.174444
-1.02946,-1.02867,0.238407,2.349,2.31078,-0.151185
-1.02914,-1.02832,0.238407,2.34906,2.31069,-0.165722
-1.02882,-1.02794,0.220963,2.34912,2.31052,-0.151185
-1.0285,-1.02754,0.252944,2.34918,2.31037,-0.142463
-1.02818,-1.02716,0.238407,2.34924,2.3102,-0.165722
-1.02786,-1.02678,0.24713,2.3493,2.31002,-0.142463
-1.02754,-1.0264,0.238407,2.34936,2.30985,-0.151185
-1.02722,-1.02599,0.229685,2.34942,2.3097,-0.142463
-1.0269,-1.02559,0.252944,2.34948,2.30956,-0.151185
-1.02658,-1.02518,0.238407,2.34954,2.30938,-0.151185
-1.02626,-1.02477,0.252944,2.3496,2.30927,-0.174444
-1.02594,-1.02437,0.252944,2.34966,2.30912,-0.157
-1.02562,-1.02396,0.215148,2.34972,2.30906,-0.188981
-1.0253,-1.02361,0.238407,2.34978,2.309,-0.197704
-1.02498,-1.02323,0.220963,2.34984,2.309,-0.229685
-1.02465,-1.02285,0.252944,2.3499,2.30898,-0.220963
-1.02433,-1.02248,0.229685,2.34996,2.309,-0.238407
-1.02401,-1.0221,0.220963,2.35001,2.30906,-0.252944
-1.02369,-1.02175,0.197704,2.35007,2.30918,-0.270389
-1.02337,-1.0214,0.220963,2.35013,2.30932,-0.30237
-1.02305,-1.02105,0.215148,2.35019,2.30947,-0.293648
-1.02273,-1.0207,0.229685,2.35025,2.30962,-0.334352
-1.02241,-1.02033,0.206426,2.35031,2.30976,-0.316907
-1.02209,-1.02001,0.188981,2.35036,2.30999,-0.32563
-1.02177,-1.01969,0.197704,2.35043,2.3102,-0.334352
-1.02145,-1.01934,0.215148,2.35049,2.3104,-0.334352
-1.02113,-1.01899,0.220963,2.35055,2.3106,-0.32563
-1.02081,-1.01861,0.220963,2.35061,2.31084,-0.334352
-1.02049,-1.01823,0.229685,2.35068,2.31101,-0.343074
-1.02017,-1.01791,0.215148,2.35074,2.31127,-0.357611
-1.01985,-1.01756,0.188981,2.3508,2.31148,-0.348889
-1.01953,-1.01721,0.206426,2.35086,2.31171,-0.357611
-1.01921,-1.01687,0.220963,2.35092,2.31191,-0.348889
-1.01888,-1.01652,0.229685,2.35098,2.31214,-0.366333
-1.01856,-1.01614,0.215148,2.35104,2.31235,-0.348889
-1.01824,-1.01576,0.220963,2.35111,2.31258,-0.357611
-1.01792,-1.01541,0.206426,2.35117,2.31281,-0.357611
-1.0176,-1.01506,0.220963,2.35123,2.31302,-0.343074
-1.01728,-1.01469,0.229685,2.35129,2.31319,-0.334352
-1.01696,-1.01428,0.229685,2.35135,2.31339,-0.334352
-1.01664,-1.0139,0.215148,2.35141,2.31351,-0.316907
-1.01632,-1.01352,0.238407,2.35147,2.31369,-0.311093
-1.016,-1.01314,0.24713,2.35153,2.3138,-0.293648
-1.01568,-1.01277,0.229685,2.35159,2.31389,-0.293648
-1.01535,-1.01239,0.220963,2.35165,2.31401,-0.293648
-1.01503,-1.01201,0.220963,2.35171,2.31409,-0.293648
-1.01471,-1.01163,0.252944,2.35177,2.31415,-0.293648
-1.01439,-1.0112,0.252944,2.35183,2.31418,-0.261667
-1.01407,-1.01079,0.279111,2.35189,2.31424,-0.284926
-1.01375,-1.01038,0.252944,2.35195,2.3143,-0.293648
-1.01342,-1.00998,0.252944,2.35201,2.31435,-0.284926
-1.0131,-1.00957,0.252944,2.35207,2.31441,-0.284926
-1.01278,-1.00916,0.252944,2.35213,2.31447,-0.284926
-1.01246,-1.00875,0.252944,2.35219,2.31456,-0.293648
-1.01214,-1.00832,0.279111,2.35225,2.31459,-0.293648
-1.01181,-1.00791,0.261667,2.35231,2.31465,-0.293648
-1.01149,-1.00747,0.270389,2.35237,2.31467,-0.279111
-1.01117,-1.00704,0.270389,2.35243,2.31467,-0.279111
-1.01085,-1.00663,0.261667,2.35249,2.3147,-0.252944
-1.01053,-1.0062,0.284926,2.35254,2.31467,-0.252944
-1.0102,-1.00573,0.261667,2.3526,2.31459,-0.238407
-1.00988,-1.00529,0.252944,2.35266,2.31456,-0.24713
-1.00956,-1.00483,0.279111,2.35272,2.31444,-0.229685
-1.00923,-1.00436,0.284926,2.35278,2.31433,-0.206426
-1.00891,-1.0039,0.293648,2.35284,2.31421,-0.220963
-1.00859,-1.00346,0.284926,2.35289,2.31406,-0.188981
-1.00827,-1.003,0.284926,2.35295,2.31392,-0.215148
-1.00794,-1.00259,0.270389,2.35301,2.31386,-0.197704
-1.00762,-1.00215,0.270389,2.35307,2.31371,-0.197704
-1.0073,-1.00175,0.270389,2.35313,2.31363,-0.188981
-1.00697,-1.00128,0.252944,2.35318,2.31351,-0.188981
-1.00665,-1.00085,0.284926,2.35324,2.31342,-0.206426
-1.00633,-1.00038,0.279111,2.3533,2.31331,-0.206426
-1.006,-0.999944,0.270389,2.35336,2.31322,-0.215148
-1.00568,-0.999508,0.261667,2.35341,2.31316,-0.229685
-1.00536,-0.999101,0.252944,2.35347,2.31313,-0.206426
-1.00503,-0.998723,0.220963,2.35353,2.31316,-0.252944
-1.00471,-0.998287,0.252944,2.35359,2.31313,-0.229685
-1.00439,-0.997909,0.24713,2.35364,2.31316,-0.252944
-1.00406,-0.997473,0.252944,2.3537,2.31316,-0.261667
-1.00374,-0.997066,0.252944,2.35378,2.31319,-0.252944
-1.00342,-0.996659,0.252944,2.35385,2.31322,-0.270389
-1.0031,-0.99631,0.238407,2.35392,2.31331,-0.270389
-1.00278,-0.995932,0.215148,2.35399,2.31337,-0.261667
-1.00246,-0.995554,0.206426,2.35406,2.31342,-0.252944
-1.00214,-0.995176,0.220963,2.35414,2.31348,-0.279111
-1.00182,-0.994827,0.229685,2.35421,2.31357,-0.270389
-1.0015,-0.99442,0.229685,2.35428,2.31363,-0.279111
-1.00118,-0.994072,0.206426,2.35435,2.31371,-0.270389
-1.00086,-0.993723,0.215148,2.35442,2.31386,-0.279111
-1.00054,-0.993403,0.197704,2.3545,2.31403,-0.284926
-1.00022,-0.993112,0.197704,2.35457,2.31421,-0.30237
-0.9999,-0.992792,0.206426,2.35464,2.31438,-0.316907
-0.99958,-0.992472,0.206426,2.35471,2.31459,-0.343074
-0.99926,-0.992124,0.206426,2.35478,2.31482,-0.348889
-0.99894,-0.991775,0.206426,2.35485,2.31511,-0.375056
-0.99862,-0.991455,0.215148,2.35492,2.31534,-0.38087
-0.9983,-0.991135,0.206426,2.35499,2.31563,-0.366333
-0.99798,-0.990786,0.215148,2.35507,2.3159,-0.357611
-0.99765,-0.990466,0.197704,2.35514,2.31622,-0.375056
-0.99733,-0.990117,0.206426,2.35521,2.31645,-0.38087
-0.99701,-0.989798,0.215148,2.35528,2.31674,-0.366333
-0.99669,-0.98942,0.220963,2.35535,2.31697,-0.38087
-0.99637,-0.989042,0.220963,2.35542,2.31717,-0.357611
-0.99605,-0.988664,0.220963,2.35549,2.31741,-0.357611
-0.99572,-0.988315,0.252944,2.35556,2.31764,-0.357611
-0.9954,-0.987908,0.229685,2.35563,2.31781,-0.348889
-0.99508,-0.987559,0.220963,2.3557,2.31805,-0.348889
-0.99476,-0.987181,0.220963,2.35577,2.31822,-0.348889
-0.99444,-0.986803,0.220963,2.35584,2.31837,-0.311093
-0.99412,-0.986425,0.238407,2.35591,2.31848,-0.311093
-0.99379,-0.986047,0.229685,2.35598,2.31857,-0.284926
-0.99347,-0.985669,0.238407,2.35605,2.3186,-0.252944
-0.99315,-0.985262,0.220963,2.35612,2.31857,-0.238407
-0.99283,-0.984884,0.229685,2.35618,2.31851,-0.206426
-0.9925,-0.984477,0.24713,2.35625,2.31837,-0.151185
-0.99218,-0.98407,0.252944,2.35632,2.31816,-0.142463
-0.99186,-0.983692,0.238407,2.35639,2.31799,-0.119204
-0.99154,-0.983285,0.252944,2.35646,2.31773,-0.0872222
-0.99121,-0.982907,0.229685,2.35653,2.31747,-0.0872222
-0.99089,-0.982529,0.238407,2.3566,2.31717,-0.0290741
-0.99057,-0.982122,0.229685,2.35667,2.31685,-0.0697778
-0.99024,-0.981744,0.238407,2.35673,2.31656,-0.0465185
-0.98992,-0.981366,0.24713,2.3568,2.31627,-0.0377963
-0.9896,-0.980988,0.229685,2.35687,2.31598,-0.0465185
-0.98927,-0.980639,0.229685,2.35694,2.31572,-0.0552407
-0.98895,-0.98029,0.220963,2.35701,2.31552,-0.0610556
-0.98863,-0.979971,0.206426,2.35707,2.31531,-0.0610556
-0.9883,-0.979651,0.183167,2.35714,2.3152,-0.110481
-0.98798,-0.979331,0.197704,2.35721,2.31508,-0.119204
-0.98766,-0.97904,0.174444,2.35728,2.31502,-0.119204
-0.98733,-0.97872,0.183167,2.35735,2.31496,-0.157
-0.98701,-0.97843,0.188981,2.35741,2.31496,-0.174444
-0.98669,-0.97811,0.165722,2.35748,2.31496,-0.174444
-0.98636,-0.977819,0.174444,2.35755,2.31502,-0.197704
-0.98604,-0.977528,0.174444,2.35761,2.31511,-0.215148
-0.98571,-0.977267,0.157,2.35768,2.31523,-0.229685
-0.98539,-0.977005,0.174444,2.35775,2.31534,-0.238407
-0.98507,-0.976714,0.151185,2.35782,2.31549,-0.252944
-0.98474,-0.976424,0.174444,2.35788,2.3156,-0.252944
-0.98441,-0.976104,0.188981,2.35793,2.31575,-0.270389
-0.98409,-0.975784,0.174444,2.35799,2.31587,-0.252944
-0.98376,-0.975522,0.197704,2.35805,2.31604,-0.284926
-0.98343,-0.975202,0.183167,2.35811,2.31613,-0.261667
-0.98311,-0.974912,0.188981,2.35817,2.31627,-0.270389
-0.98278,-0.974592,0.197704,2.35822,2.31633,-0.229685
-0.98245,-0.974272,0.188981,2.35828,2.31639,-0.220963
-0.98213,-0.973952,0.188981,2.35834,2.31639,-0.220963
-0.9818,-0.973603,0.215148,2.3584,2.31639,-0.188981
-0.98147,-0.973254,0.215148,2.35845,2.31633,-0.165722
-0.98115,-0.972877,0.206426,2.35851,2.31627,-0.183167
-0.98082,-0.972528,0.215148,2.35857,2.31619,-0.188981
-0.98049,-0.972179,0.229685,2.35863,2.31616,-0.188981
-0.98017,-0.97183,0.220963,2.35868,2.3161,-0.183167
-0.97984,-0.971481,0.220963,2.35874,2.31607,-0.197704
-0.97951,-0.971103,0.215148,2.3588,2.31601,-0.188981
-0.97918,-0.970754,0.206426,2.35885,2.31604,-0.206426
-0.97886,-0.970405,0.220963,2.35891,2.31607,-0.220963
-0.97853,-0.970056,0.197704,2.35897,2.31613,-0.252944
-0.9782,-0.969707,0.220963,2.35902,2.31627,-0.279111
-0.97787,-0.969329,0.220963,2.35908,2.31636,-0.284926
-0.97755,-0.968981,0.206426,2.35914,2.31653,-0.311093
-0.97722,-0.968632,0.215148,2.35919,2.31677,-0.343074
-0.97689,-0.968283,0.215148,2.35925,2.317,-0.357611
-0.97656,-0.967934,0.215148,2.3593,2.31729,-0.389593
-0.97623,-0.967614,0.206426,2.35936,2.31764,-0.421574
-0.97591,-0.967265,0.220963,2.35941,2.31799,-0.407037
-0.97558,-0.966887,0.206426,2.35947,2.31825,-0.412852
-0.97525,-0.966538,0.215148,2.35953,2.31857,-0.421574
-0.97492,-0.966189,0.229685,2.35958,2.31889,-0.412852
-0.97459,-0.965782,0.252944,2.35964,2.31915,-0.38087
-0.97427,-0.965404,0.220963,2.35969,2.31938,-0.38087
-0.97394,-0.964997,0.229685,2.35975,2.31962,-0.375056
-0.97361,-0.964619,0.238407,2.3598,2.31982,-0.348889
-0.97328,-0.964242,0.252944,2.35986,2.32002,-0.343074
-0.97295,-0.963864,0.252944,2.35991,2.32023,-0.343074
-0.97262,-0.963486,0.220963,2.35997,2.3204,-0.343074
-0.97229,-0.963079,0.229685,2.36002,2.32063,-0.343074
-0.97197,-0.962672,0.229685,2.36008,2.32081,-0.343074
-0.97164,-0.962294,0.261667,2.36013,2.32098,-0.334352
-0.97131,-0.961828,0.284926,2.36018,2.3211,-0.316907
-0.97098,-0.961421,0.270389,2.36024,2.32119,-0.311093
-0.97065,-0.961014,0.229685,2.36029,2.32122,-0.279111
-0.97032,-0.960636,0.252944,2.36035,2.32127,-0.252944
-0.96999,-0.960229,0.24713,2.3604,2.32122,-0.215148
-0.96966,-0.959793,0.270389,2.36045,2.32113,-0.215148
-0.96933,-0.959357,0.252944,2.36051,2.32098,-0.183167
-0.969,-0.958921,0.24713,2.36056,2.32084,-0.183167
-0.96867,-0.958514,0.252944,2.36061,2.32072,-0.165722
-0.96834,-0.958049,0.252944,2.36067,2.32049,-0.133741
-0.96801,-0.957613,0.252944,2.36072,2.32029,-0.142463
-0.96769,-0.957177,0.261667,2.36077,2.32005,-0.125019
-0.96736,-0.956769,0.229685,2.36083,2.31985,-0.110481
-0.96703,-0.956362,0.270389,2.36088,2.31962,-0.119204
-0.9667,-0.955955,0.252944,2.36093,2.31938,-0.101759
-0.96637,-0.955548,0.284926,2.36099,2.31921,-0.125019
-0.96604,-0.955141,0.252944,2.36104,2.31901,-0.142463
-0.96571,-0.954763,0.252944,2.3611,2.31883,-0.125019
-0.96538,-0.954385,0.229685,2.36115,2.31872,-0.151185
-0.96505,-0.953978,0.252944,2.36121,2.31857,-0.165722
-0.96472,-0.9536,0.220963,2.36126,2.31845,-0.165722
-0.96439,-0.953252,0.220963,2.36132,2.31842,-0.183167
-0.96406,-0.952874,0.206426,2.36137,2.31837,-0.188981
-0.96373,-0.952525,0.220963,2.36142,2.31834,-0.206426
-0.9634,-0.952147,0.24713,2.36148,2.31831,-0.215148
-0.96307,-0.951769,0.229685,2.36153,2.31828,-0.229685
-0.96274,-0.951449,0.206426,2.36159,2.31834,-0.206426
-0.96241,-0.951129,0.206426,2.36164,2.31837,-0.220963
-0.96208,-0.950838,0.197704,2.36169,2.31842,-0.197704
-0.96175,-0.950489,0.188981,2.36175,2.31845,-0.215148
-0.96142,-0.95017,0.206426,2.3618,2.31845,-0.215148
-0.96109,-0.94985,0.220963,2.36186,2.31845,-0.197704
-0.96076,-0.949501,0.197704,2.36191,2.31842,-0.197704
-0.96043,-0.949152,0.206426,2.36196,2.31837,-0.183167
-0.9601,-0.948832,0.215148,2.36202,2.31834,-0.174444
-0.95976,-0.948512,0.206426,2.36207,2.31831,-0.165722
-0.95943,-0.948193,0.183167,2.36212,2.31825,-0.183167
-0.9591,-0.947873,0.206426,2.36217,2.31822,-0.165722
-0.95877,-0.947524,0.197704,2.36223,2.31816,-0.183167
-0.95844,-0.947204,0.197704,2.36228,2.31816,-0.188981
-0.95811,-0.946855,0.188981,2.36233,2.31813,-0.197704
-0.95778,-0.946535,0.220963,2.36238,2.31813,-0.206426
-0.95745,-0.946157,0.215148,2.36244,2.3181,-0.215148
-0.95712,-0.945838,0.188981,2.36249,2.31816,-0.220963
-0.95679,-0.945518,0.215148,2.36254,2.31825,-0.252944
-0.95645,-0.945198,0.188981,2.36259,2.31834,-0.261667
-0.95612,-0.944878,0.183167,2.36265,2.31851,-0.293648
-0.95579,-0.944558,0.206426,2.3627,2.31872,-0.316907
-0.95546,-0.944239,0.197704,2.36275,2.31895,-0.348889
-0.95513,-0.94389,0.215148,2.3628,2.31921,-0.343074
-0.9548,-0.94357,0.215148,2.36285,2.31956,-0.398315
-0.95446,-0.943221,0.188981,2.3629,2.31988,-0.412852
-0.95413,-0.94293,0.188981,2.36296,2.32026,-0.439019
-0.9538,-0.942581,0.215148,2.36301,2.32063,-0.430296
-0.95347,-0.942232,0.206426,2.36306,2.32104,-0.453556
-0.95314,-0.941884,0.215148,2.36311,2.32142,-0.430296
-0.95281,-0.941506,0.220963,2.36316,2.3218,-0.453556
-0.95247,-0.941128,0.238407,2.36321,2.32215,-0.444833
-0.95214,-0.940779,0.197704,2.36326,2.32252,-0.453556
-0.95181,-0.94043,0.220963,2.36331,2.32287,-0.453556
-0.95148,-0.940023,0.220963,2.36336,2.32316,-0.412852
-0.95114,-0.939645,0.238407,2.36341,2.32345,-0.430296
-0.95081,-0.939238,0.220963,2.36346,2.32369,-0.398315
-0.95048,-0.938831,0.261667,2.36351,2.32389,-0.38087
-0.95015,-0.938395,0.270389,2.36356,2.32401,-0.334352
-0.94981,-0.937959,0.270389,2.36361,2.32407,-0.334352
-0.94948,-0.937522,0.270389,2.36366,2.32407,-0.270389
-0.94915,-0.937086,0.252944,2.36371,2.32398,-0.252944
-0.94882,-0.936621,0.252944,2.36376,2.3238,-0.174444
-0.94848,-0.936185,0.284926,2.36381,2.3236,-0.151185
-0.94815,-0.93572,0.270389,2.36386,2.32328,-0.101759
-0.94782,-0.935255,0.293648,2.36391,2.32293,-0.0785
-0.94748,-0.934789,0.279111,2.36396,2.32255,-0.0610556
-0.94715,-0.934353,0.261667,2.36401,2.32218,-0.0552407
-0.94682,-0.933946,0.270389,2.36406,2.3218,0
-0.94649,-0.933539,0.252944,2.36411,2.32142,-0.0290741
-0.94615,-0.933132,0.238407,2.36416,2.3211,-0.0232593
-0.94582,-0.932725,0.229685,2.36421,2.32075,-0.0610556
-0.94549,-0.932347,0.229685,2.36427,2.32046,-0.0232593
-0.94515,-0.931969,0.229685,2.36432,2.32017,-0.0552407
-0.94482,-0.931591,0.229685,2.36437,2.31994,-0.0872222
-0.94449,-0.931242,0.229685,2.36442,2.31976,-0.0872222
-0.94415,-0.930894,0.206426,2.36447,2.31959,-0.093037
-0.94382,-0.930574,0.206426,2.36452,2.31953,-0.142463
-0.94349,-0.930254,0.183167,2.36457,2.31947,-0.142463
-0.94315,-0.929934,0.174444,2.36462,2.31944,-0.165722
-0.94282,-0.929643,0.165722,2.36467,2.31947,-0.206426
-0.94249,-0.929324,0.206426,2.36472,2.31953,-0.206426
-0.94215,-0.929033,0.174444,2.36477,2.31959,-0.215148
-0.94182,-0.928742,0.183167,2.36482,2.31973,-0.229685
-0.94149,-0.928509,0.157,2.36487,2.31994,-0.252944
-0.94115,-0.928248,0.157,2.36492,2.32014,-0.279111
-0.94082,-0.928015,0.157,2.36497,2.32037,-0.293648
-0.94049,-0.927754,0.157,2.36502,2.32061,-0.293648
-0.94015,-0.927492,0.165722,2.36507,2.32087,-0.30237
-0.93982,-0.927201,0.165722,2.36512,2.32107,-0.30237
-0.93948,-0.926939,0.174444,2.36517,2.3213,-0.293648
-0.93915,-0.926649,0.151185,2.36522,2.32148,-0.284926
-0.93882,-0.926358,0.174444,2.36527,2.32162,-0.284926
-0.93848,-0.926038,0.174444,2.36532,2.32177,-0.279111
-0.93815,-0.925718,0.188981,2.36537,2.32183,-0.252944
-0.93781,-0.925399,0.197704,2.36542,2.32191,-0.252944
-0.93748,-0.92505,0.215148,2.36547,2.32194,-0.24713
-0.93714,-0.92473,0.197704,2.36552,2.32197,-0.220963
-0.93681,-0.924381,0.197704,2.36557,2.32197,-0.220963
-0.93648,-0.923974,0.238407,2.36561,2.32191,-0.215148
-0.93614,-0.923625,0.206426,2.36566,2.32191,-0.197704
-0.93581,-0.923276,0.24713,2.36571,2.32186,-0.206426
-0.93547,-0.922927,0.215148,2.36576,2.32183,-0.215148
-0.93514,-0.92252,0.220963,2.36581,2.3218,-0.215148
-0.9348,-0.922142,0.24713,2.36586,2.3218,-0.229685
-0.93447,-0.921735,0.229685,2.3659,2.3218,-0.238407
-0.93413,-0.921328,0.238407,2.36595,2.3218,-0.238407
-0.9338,-0.920892,0.252944,2.366,2.32183,-0.279111
-0.93346,-0.920514,0.238407,2.36605,2.32194,-0.30237
-0.93313,-0.920049,0.238407,2.3661,2.322,-0.311093
-0.93279,-0.919671,0.252944,2.36614,2.3222,-0.334352
-0.93246,-0.919235,0.24713,2.36619,2.32232,-0.348889
-0.93212,-0.918828,0.24713,2.36624,2.32252,-0.357611
-0.93178,-0.918421,0.261667,2.36628,2.32273,-0.375056
-0.93145,-0.917956,0.252944,2.36633,2.32293,-0.398315
-0.93111,-0.917549,0.261667,2.36638,2.32319,-0.389593
-0.93078,-0.917083,0.279111,2.36643,2.32337,-0.389593
-0.93044,-0.916647,0.252944,2.36647,2.32363,-0.430296
-0.93011,-0.916211,0.270389,2.36652,2.32392,-0.439019
-0.92977,-0.915775,0.279111,2.36657,2.32421,-0.453556
-0.92944,-0.915281,0.252944,2.36661,2.32456,-0.462278
-0.9291,-0.914816,0.252944,2.36666,2.32488,-0.453556
-0.92876,-0.914379,0.252944,2.3667,2.32517,-0.453556
-0.92843,-0.913914,0.270389,2.36675,2.32537,-0.421574
-0.92809,-0.913449,0.279111,2.3668,2.32555,-0.389593
-0.92776,-0.912984,0.270389,2.36686,2.32569,-0.366333
-0.92742,-0.91249,0.270389,2.36692,2.32572,-0.316907
-0.92709,-0.912054,0.284926,2.36697,2.32575,-0.284926
-0.92675,-0.911588,0.261667,2.36703,2.32569,-0.252944
-0.92642,-0.911123,0.284926,2.36709,2.32561,-0.229685
-0.92609,-0.910687,0.270389,2.36715,2.32552,-0.229685
-0.92575,-0.910222,0.279111,2.36721,2.32537,-0.183167
-0.92542,-0.909786,0.261667,2.36726,2.3252,-0.157
-0.92508,-0.909321,0.284926,2.36732,2.325,-0.157
-0.92475,-0.908855,0.279111,2.36738,2.32476,-0.142463
-0.92441,-0.908419,0.279111,2.36744,2.32453,-0.133741
-0.92408,-0.908012,0.284926,2.3675,2.3243,-0.093037
-0.92374,-0.907576,0.261667,2.36755,2.32404,-0.101759
-0.92341,-0.907198,0.24713,2.36761,2.32383,-0.110481
-0.92307,-0.906791,0.252944,2.36767,2.32357,-0.093037
-0.92274,-0.906413,0.220963,2.36772,2.3234,-0.110481
-0.9224,-0.906064,0.229685,2.36778,2.32319,-0.0872222
-0.92207,-0.905686,0.197704,2.36784,2.32299,-0.119204
-0.92173,-0.905308,0.229685,2.3679,2.32284,-0.119204
-0.9214,-0.904959,0.215148,2.36795,2.3227,-0.119204
-0.92106,-0.90464,0.197704,2.36801,2.32258,-0.142463
-0.92072,-0.90432,0.174444,2.36807,2.32247,-0.119204
-0.92039,-0.904,0.188981,2.36812,2.32241,-0.142463
-0.92005,-0.90368,0.197704,2.36818,2.32238,-0.142463
-0.91972,-0.903389,0.183167,2.36823,2.32235,-0.165722
-0.91938,-0.90307,0.188981,2.36829,2.32232,-0.165722
-0.91905,-0.902808,0.174444,2.36835,2.32235,-0.174444
-0.91871,-0.902517,0.174444,2.3684,2.32235,-0.165722
-0.91837,-0.902256,0.157,2.36846,2.32238,-0.188981
-0.91804,-0.901965,0.165722,2.36851,2.32238,-0.183167
-0.9177,-0.901732,0.157,2.36857,2.32244,-0.174444
-0.91736,-0.901442,0.165722,2.36862,2.32244,-0.174444
-0.91703,-0.90118,0.157,2.36868,2.32247,-0.174444
-0.91669,-0.900918,0.165722,2.36874,2.32244,-0.151185
-0.91636,-0.900657,0.174444,2.36879,2.32247,-0.157
-0.91602,-0.900395,0.142463,2.36885,2.32244,-0.151185
-0.91568,-0.900133,0.165722,2.3689,2.32244,-0.151185
-0.91535,-0.899901,0.142463,2.36896,2.32244,-0.151185
-0.91501,-0.89961,0.142463,2.36901,2.32238,-0.133741
-0.91467,-0.899348,0.157,2.36906,2.32235,-0.133741
-0.91434,-0.898999,0.174444,2.36912,2.32226,-0.142463
-0.914,-0.898738,0.183167,2.36917,2.32223,-0.142463
-0.91366,-0.898476,0.183167,2.36923,2.3222,-0.142463
-0.91332,-0.898214,0.142463,2.36928,2.3222,-0.165722
-0.91299,-0.897982,0.151185,2.36934,2.32223,-0.165722
-0.91265,-0.89772,0.142463,2.36939,2.32226,-0.174444
-0.91231,-0.897487,0.151185,2.36944,2.32232,-0.174444
-0.91198,-0.897197,0.165722,2.3695,2.32238,-0.206426
-0.91164,-0.896935,0.165722,2.36955,2.32244,-0.206426
-0.9113,-0.896644,0.174444,2.3696,2.32252,-0.229685
-0.91096,-0.896383,0.151185,2.36966,2.32264,-0.238407
-0.91063,-0.896092,0.174444,2.36971,2.32281,-0.270389
-0.91029,-0.89583,0.165722,2.36976,2.32305,-0.284926
-0.90995,-0.895569,0.157,2.36982,2.32328,-0.284926
-0.90961,-0.895278,0.165722,2.36987,2.32351,-0.32563
-0.90927,-0.894987,0.174444,2.36992,2.32383,-0.334352
-0.90894,-0.894696,0.188981,2.36998,2.32412,-0.366333
-0.9086,-0.894347,0.188981,2.37003,2.32444,-0.348889
-0.90826,-0.894057,0.188981,2.37008,2.32476,-0.38087
-0.90792,-0.893737,0.188981,2.37013,2.32508,-0.389593
-0.90758,-0.893446,0.174444,2.37017,2.32543,-0.389593
-0.90724,-0.893097,0.197704,2.37021,2.32572,-0.389593
-0.9069,-0.892777,0.188981,2.37026,2.32607,-0.430296
-0.90656,-0.892399,0.238407,2.3703,2.32636,-0.398315
-0.90622,-0.892022,0.238407,2.37034,2.32662,-0.389593
-0.90588,-0.891673,0.229685,2.37038,2.32691,-0.389593
-0.90554,-0.891266,0.238407,2.37042,2.32712,-0.375056
-0.9052,-0.890917,0.220963,2.37046,2.32735,-0.366333
-0.90486,-0.890539,0.220963,2.37051,2.32752,-0.334352
-0.90452,-0.890161,0.252944,2.37055,2.32764,-0.284926
-0.90418,-0.889754,0.24713,2.37059,2.32764,-0.261667
-0.90384,-0.889318,0.284926,2.37063,2.32752,-0.215148
-0.9035,-0.888911,0.252944,2.37067,2.32741,-0.174444
-0.90316,-0.888504,0.252944,2.37071,2.32718,-0.125019
-0.90282,-0.888038,0.261667,2.37075,2.32683,-0.0610556
-0.90248,-0.887631,0.252944,2.37079,2.32651,-0.0465185
-0.90214,-0.887195,0.252944,2.37083,2.3261,-0.0465185
-0.9018,-0.88673,0.284926,2.37087,2.32566,-0.0232593
-0.90146,-0.886323,0.270389,2.37091,2.32526,0
-0.90112,-0.885887,0.284926,2.37095,2.32485,-0.0552407
-0.90078,-0.885451,0.252944,2.37099,2.32444,0
-0.90044,-0.885073,0.229685,2.37103,2.32412,-0.0290741
-0.9001,-0.884724,0.238407,2.37107,2.32386,-0.0610556
-0.89976,-0.884346,0.206426,2.37111,2.32357,-0.0377963
-0.89942,-0.883997,0.229685,2.37115,2.32337,-0.0872222
-0.89908,-0.883648,0.197704,2.37119,2.32316,-0.0697778
-0.89874,-0.883299,0.220963,2.37123,2.32305,-0.110481
-0.89839,-0.882979,0.197704,2.37127,2.32293,-0.125019
-0.89805,-0.882689,0.183167,2.37131,2.3229,-0.142463
-0.89771,-0.882427,0.188981,2.37135,2.32293,-0.183167
-0.89737,-0.882165,0.183167,2.37139,2.32299,-0.188981
-0.89703,-0.881933,0.142463,2.37143,2.32311,-0.215148
-0.89669,-0.881671,0.165722,2.37147,2.32319,-0.229685
-0.89635,-0.881439,0.157,2.37151,2.32337,-0.220963
-0.89601,-0.881148,0.174444,2.37154,2.32348,-0.229685
-0.89567,-0.880886,0.157,2.37158,2.32366,-0.252944
-0.89532,-0.880654,0.142463,2.37162,2.32386,-0.252944
-0.89498,-0.880392,0.151185,2.37166,2.32407,-0.261667
-0.89464,-0.88013,0.157,2.3717,2.32427,-0.30237
-0.8943,-0.879869,0.174444,2.37174,2.3245,-0.284926
-0.89396,-0.879607,0.142463,2.37177,2.3247,-0.30237
-0.89362,-0.879345,0.174444,2.37181,2.32494,-0.279111
-0.89327,-0.879084,0.157,2.37185,2.32514,-0.279111
-0.89293,-0.878793,0.174444,2.37189,2.32526,-0.279111
-0.89259,-0.878531,0.183167,2.37193,2.3254,-0.252944
-0.89225,-0.878211,0.183167,2.37196,2.32543,-0.229685
-0.89191,-0.877862,0.229685,2.372,2.3254,-0.197704
-0.89156,-0.877543,0.197704,2.37204,2.32537,-0.183167
-0.89122,-0.877223,0.183167,2.37208,2.32532,-0.165722
-0.89088,-0.876903,0.197704,2.37211,2.32526,-0.157
-0.89054,-0.876554,0.220963,2.37215,2.32514,-0.133741
-0.8902,-0.876205,0.215148,2.37219,2.32502,-0.142463
-0.88985,-0.875856,0.229685,2.37222,2.32491,-0.142463
-0.88951,-0.875507,0.220963,2.37226,2.32482,-0.142463
-0.88917,-0.875159,0.229685,2.3723,2.3247,-0.157
-0.88883,-0.87481,0.206426,2.37233,2.32465,-0.157
-0.88848,-0.874403,0.215148,2.37237,2.32456,-0.188981
-0.88814,-0.874054,0.215148,2.3724,2.32456,-0.215148
-0.8878,-0.873705,0.229685,2.37244,2.32462,-0.24713
-0.88746,-0.873298,0.215148,2.37248,2.32462,-0.24713
-0.88711,-0.872949,0.229685,2.37251,2.32476,-0.284926
-0.88677,-0.872571,0.229685,2.37255,2.32491,-0.316907
-0.88643,-0.872222,0.215148,2.37258,2.32514,-0.357611
-0.88609,-0.871815,0.229685,2.37262,2.32537,-0.407037
-0.88574,-0.871466,0.215148,2.37265,2.32572,-0.421574
-0.8854,-0.871088,0.229685,2.37269,2.3261,-0.444833
-0.88506,-0.870623,0.229685,2.37272,2.32668,-0.476815
-0.88471,-0.870071,0.229685,2.37276,2.32706,-0.462278
-0.88437,-0.869664,0.229685,2.37279,2.32764,-0.508796
-0.88403,-0.869169,0.24713,2.37283,2.32802,-0.508796
-0.88368,-0.868646,0.252944,2.37286,2.32851,-0.508796
-0.88334,-0.86821,0.279111,2.37289,2.32892,-0.508796
-0.883,-0.867745,0.284926,2.37293,2.3293,-0.558222
-0.88265,-0.86725,0.284926,2.37296,2.32982,-0.517519
-0.88231,-0.866756,0.284926,2.373,2.3302,-0.526241
-0.88197,-0.866291,0.293648,2.37303,2.33058,-0.517519
-0.88162,-0.865797,0.30237,2.37306,2.33087,-0.471
-0.88128,-0.865273,0.316907,2.3731,2.33104,-0.439019
-0.88094,-0.86475,0.32563,2.37313,2.33116,-0.389593
-0.88059,-0.864227,0.311093,2.37317,2.33119,-0.357611
-0.88025,-0.863732,0.316907,2.3732,2.33116,-0.293648
-0.87991,-0.863238,0.316907,2.37323,2.33107,-0.252944
-0.87956,-0.862715,0.32563,2.37327,2.33087,-0.183167
-0.87922,-0.862221,0.32563,2.3733,2.33066,-0.174444
-0.87887,-0.861697,0.30237,2.37333,2.33035,-0.142463
-0.87853,-0.861174,0.334352,2.37336,2.33,-0.101759
-0.87819,-0.860651,0.334352,2.3734,2.32962,-0.093037
-0.87784,-0.860098,0.32563,2.37343,2.32918,-0.0785
-0.8775,-0.859604,0.316907,2.37346,2.3288,-0.0785
-0.87715,-0.859052,0.357611,2.37349,2.32837,-0.0785
-0.87681,-0.858557,0.311093,2.37353,2.32799,-0.0552407
-0.87646,-0.858121,0.279111,2.37356,2.32767,-0.0872222
-0.87612,-0.857685,0.252944,2.37359,2.32738,-0.093037
-0.87578,-0.857249,0.270389,2.37362,2.32712,-0.101759
-0.87543,-0.856842,0.261667,2.37365,2.32689,-0.119204
-0.87509,-0.856406,0.279111,2.37369,2.32668,-0.133741
-0.87474,-0.856028,0.220963,2.37372,2.32659,-0.157
-0.8744,-0.85565,0.220963,2.37375,2.32651,-0.188981
-0.87405,-0.85533,0.206426,2.37378,2.32654,-0.215148
-0.87371,-0.854952,0.206426,2.37381,2.32659,-0.252944
-0.87336,-0.854632,0.206426,2.37384,2.32671,-0.252944
-0.87302,-0.854312,0.188981,2.37388,2.32686,-0.284926
-0.87268,-0.853993,0.188981,2.37391,2.32703,-0.30237
-0.87233,-0.853673,0.188981,2.37394,2.32726,-0.316907
-0.87199,-0.853382,0.183167,2.37397,2.3275,-0.334352
-0.87164,-0.853091,0.183167,2.374,2.32773,-0.316907
-0.8713,-0.852801,0.183167,2.37403,2.32796,-0.311093
-0.87095,-0.85251,0.165722,2.37406,2.32822,-0.316907
-0.87061,-0.85219,0.183167,2.37409,2.32843,-0.311093
-0.87026,-0.85187,0.183167,2.37412,2.32869,-0.334352
-0.86992,-0.85155,0.197704,2.37415,2.32889,-0.32563
-0.86957,-0.851231,0.197704,2.37418,2.32909,-0.32563
-0.86923,-0.850911,0.206426,2.37421,2.32933,-0.311093
-0.86888,-0.850562,0.188981,2.37424,2.32953,-0.30237
-0.86853,-0.850184,0.188981,2.37427,2.32971,-0.32563
-0.86819,-0.849806,0.215148,2.3743,2.32988,-0.311093
-0.86784,-0.849428,0.238407,2.37433,2.33,-0.293648
-0.8675,-0.849021,0.229685,2.37436,2.33011,-0.30237
-0.86715,-0.848643,0.229685,2.37439,2.33017,-0.284926
-0.86681,-0.848294,0.206426,2.37442,2.33026,-0.261667
-0.86646,-0.847916,0.229685,2.37445,2.33029,-0.252944
-0.86612,-0.847509,0.238407,2.37448,2.33023,-0.229685
-0.86577,-0.847131,0.238407,2.37451,2.3302,-0.220963
-0.86543,-0.846695,0.252944,2.37454,2.33011,-0.220963
-0.86508,-0.846288,0.24713,2.37457,2.33005,-0.197704
-0.86473,-0.845852,0.252944,2.3746,2.33,-0.197704
-0.86439,-0.845445,0.252944,2.37463,2.32991,-0.197704
-0.86404,-0.845009,0.270389,2.37466,2.32979,-0.206426
-0.8637,-0.844602,0.252944,2.37468,2.32973,-0.206426
-0.86335,-0.844166,0.261667,2.37471,2.32965,-0.206426
-0.863,-0.843759,0.252944,2.37474,2.32959,-0.215148
-0.86266,-0.843322,0.252944,2.37477,2.32956,-0.220963
-0.86231,-0.842915,0.252944,2.3748,2.32953,-0.220963
-0.86197,-0.842421,0.252944,2.37483,2.32947,-0.252944
-0.86162,-0.841985,0.279111,2.37485,2.32944,-0.252944
-0.86127,-0.841578,0.252944,2.37488,2.32941,-0.229685
-0.86093,-0.8412,0.238407,2.37491,2.32944,-0.252944
-0.86058,-0.840822,0.229685,2.37494,2.3295,-0.252944
-0.86024,-0.840415,0.229685,2.37497,2.32947,-0.238407
-0.85989,-0.840037,0.229685,2.37499,2.3295,-0.229685
-0.85954,-0.839601,0.229685,2.37502,2.32947,-0.220963
-0.8592,-0.839223,0.220963,2.37505,2.32941,-0.206426
-0.85885,-0.838845,0.24713,2.37508,2.32933,-0.174444
-0.8585,-0.838496,0.188981,2.3751,2.32924,-0.165722
-0.85816,-0.838147,0.206426,2.37513,2.32912,-0.151185
-0.85781,-0.837798,0.215148,2.37516,2.32898,-0.125019
-0.85746,-0.837449,0.197704,2.37518,2.3288,-0.119204
-0.85712,-0.837101,0.206426,2.37521,2.3286,-0.0872222
-0.85677,-0.836781,0.188981,2.37524,2.3284,-0.0785
-0.85642,-0.83649,0.188981,2.37526,2.32822,-0.0232593
-0.85608,-0.83617,0.183167,2.37529,2.32799,-0.0785
-0.85573,-0.835879,0.188981,2.37532,2.32779,-0.0785
-0.85538,-0.835589,0.183167,2.37534,2.32758,-0.0232593
-0.85504,-0.835327,0.142463,2.37537,2.32738,-0.0697778
-0.85469,-0.835065,0.157,2.3754,2.32718,-0.014537
-0.85434,-0.834833,0.165722,2.37542,2.32706,-0.0377963
-0.85399,-0.834571,0.142463,2.37545,2.32689,-0.0377963
-0.85365,-0.834368,0.142463,2.37547,2.32677,-0.0377963
-0.8533,-0.834164,0.125019,2.3755,2.32668,-0.0552407
-0.85295,-0.833961,0.119204,2.37552,2.32659,-0.0872222
-0.85261,-0.833786,0.101759,2.37555,2.32654,-0.0465185
-0.85226,-0.833612,0.110481,2.37557,2.32651,-0.0697778
-0.85191,-0.833437,0.101759,2.3756,2.32645,-0.0785
-0.85156,-0.833263,0.110481,2.37563,2.32642,-0.0872222
-0.85122,-0.833117,0.0872222,2.37565,2.32639,-0.0872222
-0.85087,-0.832972,0.093037,2.37567,2.32639,-0.0872222
-0.85052,-0.832827,0.0872222,2.3757,2.32639,-0.0785
-0.85017,-0.83271,0.0872222,2.37572,2.32642,-0.0785
-0.84983,-0.832565,0.0872222,2.37575,2.32642,-0.093037
-0.84948,-0.832449,0.0785,2.37577,2.32648,-0.093037
-0.84913,-0.832274,0.0785,2.3758,2.32648,-0.0872222
-0.84878,-0.832129,0.0697778,2.37583,2.32645,-0.0785
-0.84844,-0.832013,0.0465185,2.37587,2.32645,-0.0785
-0.84809,-0.831896,0.093037,2.3759,2.32648,-0.0872222
-0.84774,-0.831751,0.0872222,2.37593,2.32645,-0.0785
-0.84739,-0.831635,0.0785,2.37597,2.32645,-0.0785
-0.84705,-0.831518,0.0697778,2.376,2.32642,-0.0552407
-0.8467,-0.831402,0.093037,2.37604,2.32639,-0.0290741
-0.84635,-0.831286,0.0872222,2.37607,2.32636,-0.0232593
-0.846,-0.831169,0.0785,2.3761,2.32633,-0.0552407
-0.84566,-0.831082,0.0785,2.37614,2.3263,-0.0610556
-0.84531,-0.830966,0.0697778,2.37617,2.32625,-0.0465185
-0.84496,-0.830821,0.0785,2.3762,2.32616,-0.0377963
-0.84461,-0.830704,0.0872222,2.37624,2.32607,0
-0.84427,-0.830559,0.0872222,2.37627,2.32598,-0.0552407
-0.84392,-0.830472,0.0872222,2.3763,2.32595,-0.014537
-0.84357,-0.830326,0.0785,2.37633,2.32587,-0.0552407
-0.84322,-0.83021,0.0785,2.37637,2.32581,-0.0552407
-0.84287,-0.830094,0.0872222,2.3764,2.32575,-0.0697778
-0.84253,-0.829948,0.0552407,2.37643,2.32569,-0.0377963
-0.84218,-0.829832,0.101759,2.37646,2.32566,-0.0697778
-0.84183,-0.829687,0.0872222,2.3765,2.32564,-0.0697778
-0.84148,-0.829541,0.0785,2.37653,2.32558,-0.0785
-0.84113,-0.829396,0.093037,2.37656,2.32555,-0.0785
-0.84078,-0.829251,0.0872222,2.37659,2.32552,-0.0785
-0.84044,-0.829105,0.0785,2.37662,2.32552,-0.101759
-0.84009,-0.82896,0.093037,2.37666,2.32552,-0.0610556
-0.83974,-0.828844,0.0610556,2.37669,2.32555,-0.110481
-0.83939,-0.828698,0.093037,2.37672,2.32558,-0.101759
-0.83904,-0.828524,0.110481,2.37675,2.32558,-0.093037
-0.83869,-0.828349,0.110481,2.37678,2.32561,-0.110481
-0.83834,-0.828204,0.0872222,2.37681,2.32564,-0.110481
-0.838,-0.828029,0.125019,2.37684,2.32566,-0.110481
-0.83765,-0.827855,0.093037,2.37688,2.32572,-0.125019
-0.8373,-0.827652,0.101759,2.37691,2.32572,-0.133741
-0.83695,-0.827448,0.119204,2.37694,2.32572,-0.142463
-0.8366,-0.827244,0.125019,2.37697,2.32578,-0.133741
-0.83625,-0.827012,0.142463,2.377,2.32578,-0.142463
-0.8359,-0.826808,0.110481,2.37703,2.32584,-0.142463
-0.83555,-0.826576,0.157,2.37706,2.32587,-0.165722
-0.83521,-0.826372,0.119204,2.37709,2.32595,-0.165722
-0.83486,-0.82614,0.157,2.37712,2.32604,-0.197704
-0.83451,-0.825907,0.142463,2.37715,2.32616,-0.197704
-0.83416,-0.825616,0.157,2.37718,2.32625,-0.220963
-0.83381,-0.825355,0.157,2.37721,2.32639,-0.252944
-0.83346,-0.825093,0.197704,2.37724,2.32659,-0.270389
-0.83311,-0.824773,0.188981,2.37727,2.3268,-0.311093
-0.83276,-0.824482,0.183167,2.3773,2.32706,-0.316907
-0.83241,-0.824192,0.183167,2.37733,2.32735,-0.375056
-0.83206,-0.823872,0.183167,2.37736,2.32767,-0.38087
-0.83171,-0.823523,0.215148,2.37738,2.32799,-0.412852
-0.83136,-0.823174,0.220963,2.37741,2.32837,-0.453556
-0.83101,-0.822767,0.229685,2.37744,2.32875,-0.462278
-0.83066,-0.822389,0.229685,2.37747,2.32912,-0.453556
-0.83031,-0.821953,0.252944,2.3775,2.3295,-0.462278
-0.82996,-0.821488,0.252944,2.37753,2.32982,-0.502981
-0.82961,-0.821052,0.270389,2.37756,2.33017,-0.471
-0.82926,-0.820557,0.311093,2.37759,2.33043,-0.444833
-0.82891,-0.820034,0.30237,2.37761,2.33064,-0.476815
-0.82856,-0.81954,0.311093,2.37764,2.33087,-0.453556
-0.82821,-0.818987,0.316907,2.37767,2.3311,-0.453556
-0.82786,-0.818406,0.343074,2.3777,2.33122,-0.439019
-0.82751,-0.817854,0.357611,2.37773,2.33142,-0.444833
-0.82716,-0.817272,0.348889,2.37776,2.33154,-0.430296
-0.82681,-0.816662,0.38087,2.37778,2.33165,-0.444833
-0.82646,-0.816051,0.375056,2.37781,2.33174,-0.430296
-0.82611,-0.815382,0.389593,2.37784,2.33174,-0.412852
-0.82576,-0.814655,0.412852,2.37787,2.33168,-0.38087
-0.82541,-0.813958,0.421574,2.37789,2.33154,-0.357611
-0.82506,-0.813202,0.439019,2.37792,2.33136,-0.316907
-0.82471,-0.812562,0.412852,2.37795,2.33125,-0.311093
-0.82436,-0.811922,0.375056,2.37798,2.3311,-0.316907
-0.82401,-0.811283,0.407037,2.378,2.33096,-0.311093
-0.82366,-0.810643,0.389593,2.37803,2.33078,-0.30237
-0.82331,-0.810033,0.407037,2.37806,2.33064,-0.30237
-0.82296,-0.809393,0.398315,2.37809,2.33052,-0.30237
-0.82261,-0.808637,0.398315,2.37811,2.33032,-0.293648
-0.82226,-0.807939,0.398315,2.37814,2.3302,-0.311093
-0.82191,-0.807154,0.389593,2.37817,2.33003,-0.311093
-0.82156,-0.806427,0.389593,2.37819,2.32991,-0.316907
-0.82121,-0.805701,0.375056,2.37822,2.32976,-0.343074
-0.82086,-0.805119,0.366333,2.37824,2.32976,-0.343074
-0.8205,-0.80445,0.366333,2.37827,2.32973,-0.32563
-0.82015,-0.803811,0.343074,2.3783,2.32965,-0.343074
-0.8198,-0.803258,0.343074,2.37832,2.32965,-0.334352
-0.81945,-0.802706,0.32563,2.37835,2.32959,-0.334352
-0.8191,-0.802124,0.343074,2.37837,2.32971,-0.311093
-0.81875,-0.801427,0.334352,2.3784,2.32971,-0.343074
-0.8184,-0.800729,0.316907,2.37843,2.32965,-0.348889
-0.81805,-0.800235,0.32563,2.37845,2.32976,-0.398315
-0.8177,-0.799711,0.32563,2.37848,2.32991,-0.407037
-0.81734,-0.799188,0.334352,2.3785,2.33011,-0.439019
-0.81699,-0.798665,0.311093,2.37853,2.33037,-0.508796
-0.81664,-0.798141,0.32563,2.37855,2.33069,-0.508796
-0.81629,-0.797618,0.311093,2.37858,2.3311,-0.581481
-0.81594,-0.797095,0.32563,2.3786,2.33157,-0.572759
-0.81559,-0.796513,0.316907,2.37863,2.33192,-0.590204
-0.81524,-0.795932,0.334352,2.37865,2.33255,-0.5495
-0.81488,-0.795147,0.343074,2.37868,2.3329,-0.5495
-0.81453,-0.794536,0.334352,2.3787,2.33325,-0.572759
-0.81418,-0.794013,0.348889,2.37872,2.3336,-0.558222
-0.81383,-0.793431,0.348889,2.37875,2.33389,-0.534963
-0.81348,-0.79285,0.334352,2.37877,2.33415,-0.508796
-0.81313,-0.792268,0.366333,2.3788,2.33433,-0.494259
-0.81277,-0.791629,0.38087,2.37882,2.33436,-0.421574
-0.81242,-0.791018,0.38087,2.37884,2.33433,-0.375056
-0.81207,-0.790408,0.38087,2.37887,2.33418,-0.311093
-0.81172,-0.789768,0.38087,2.37889,2.33389,-0.238407
-0.81137,-0.789157,0.389593,2.37891,2.33354,-0.157
-0.81101,-0.788489,0.375056,2.37894,2.33308,-0.110481
-0.81066,-0.787907,0.375056,2.37896,2.33261,-0.0610556
-0.81031,-0.787326,0.366333,2.37898,2.33209,-0.014537
-0.80996,-0.786773,0.357611,2.37901,2.33157,-0.0552407
-0.80961,-0.786163,0.343074,2.37903,2.33098,-0.0465185
-0.80925,-0.78561,0.348889,2.37905,2.33046,0
-0.8089,-0.785087,0.316907,2.37907,2.32997,0
-0.80855,-0.784593,0.316907,2.37909,2.32953,-0.0232593
-0.8082,-0.784069,0.284926,2.3791,2.32909,-0.0610556
-0.80784,-0.783662,0.252944,2.37911,2.3288,-0.0785
-0.80749,-0.783197,0.252944,2.37911,2.32854,-0.093037
-0.80714,-0.782674,0.284926,2.37912,2.32822,-0.101759
-0.80679,-0.782238,0.229685,2.37913,2.32808,-0.133741
-0.80643,-0.781802,0.215148,2.37914,2.32796,-0.165722
-0.80608,-0.781453,0.188981,2.37914,2.32799,-0.197704
-0.80573,-0.781162,0.174444,2.37915,2.32811,-0.220963
-0.80538,-0.780813,0.174444,2.37916,2.32819,-0.238407
-0.80502,-0.780522,0.157,2.37916,2.32843,-0.270389
-0.80467,-0.780261,0.142463,2.37917,2.32863,-0.293648
-0.80432,-0.780028,0.157,2.37918,2.32895,-0.293648
-0.80397,-0.779796,0.151185,2.37919,2.32924,-0.316907
-0.80361,-0.779592,0.142463,2.37919,2.32956,-0.32563
-0.80326,-0.779359,0.119204,2.3792,2.32988,-0.30237
-0.80291,-0.779127,0.110481,2.3792,2.3302,-0.284926
-0.80256,-0.778894,0.110481,2.37921,2.33052,-0.279111
-0.8022,-0.778633,0.142463,2.37922,2.33066,-0.24713
-0.80185,-0.7784,0.157,2.37922,2.33078,-0.229685
-0.8015,-0.778167,0.133741,2.37923,2.33087,-0.197704
-0.80114,-0.777935,0.133741,2.37923,2.3309,-0.151185
-0.80079,-0.777731,0.125019,2.37924,2.3309,-0.157
-0.80044,-0.777499,0.142463,2.37925,2.33084,-0.101759
-0.80009,-0.777266,0.125019,2.37925,2.33078,-0.093037
-0.79973,-0.777034,0.133741,2.37926,2.33066,-0.0785
-0.79938,-0.776743,0.151185,2.37926,2.33043,-0.0290741
-0.79903,-0.776481,0.151185,2.37927,2.33026,0
-0.79867,-0.776219,0.151185,2.37927,2.33003,-0.0552407
-0.79832,-0.775987,0.142463,2.37928,2.32982,-0.0465185
-0.79797,-0.775754,0.142463,2.37928,2.32962,0
-0.79761,-0.775522,0.142463,2.37929,2.32941,0
-0.79726,-0.775289,0.133741,2.37929,2.32921,0
-0.79691,-0.774998,0.157,2.3793,2.32898,-0.0465185
-0.79656,-0.774795,0.142463,2.3793,2.3288,0
-0.7962,-0.774562,0.142463,2.3793,2.32869,-0.00581481
-0.79585,-0.774359,0.142463,2.37931,2.3286,-0.0552407
-0.7955,-0.774155,0.125019,2.37931,2.32848,-0.0785
-0.79514,-0.773981,0.110481,2.37932,2.32846,-0.0697778
-0.79479,-0.773777,0.119204,2.37932,2.32843,-0.101759
-0.79444,-0.773603,0.110481,2.37932,2.32843,-0.119204
-0.79408,-0.77337,0.119204,2.37933,2.32846,-0.133741
-0.79373,-0.773167,0.125019,2.37933,2.32848,-0.142463
-0.79338,-0.772963,0.133741,2.37933,2.32857,-0.165722
-0.79302,-0.772789,0.119204,2.37934,2.32872,-0.188981
-0.79267,-0.772585,0.119204,2.37934,2.32886,-0.197704
-0.79232,-0.772411,0.101759,2.37934,2.32909,-0.238407
-0.79196,-0.772207,0.125019,2.37935,2.3293,-0.238407
-0.79161,-0.772004,0.125019,2.37935,2.32953,-0.279111
-0.79125,-0.771771,0.142463,2.37935,2.32976,-0.284926
-0.7909,-0.771539,0.125019,2.37936,2.33,-0.30237
-0.79055,-0.771335,0.133741,2.37936,2.33032,-0.311093
-0.79019,-0.771102,0.151185,2.37936,2.33058,-0.30237
-0.78984,-0.770841,0.165722,2.37936,2.33084,-0.32563
-0.78949,-0.770579,0.151185,2.37936,2.3311,-0.316907
-0.78913,-0.770317,0.165722,2.37937,2.33136,-0.311093
-0.78878,-0.770056,0.165722,2.37937,2.3316,-0.284926
-0.78843,-0.769736,0.197704,2.37937,2.33174,-0.284926
-0.78807,-0.769358,0.206426,2.37937,2.33203,-0.284926
-0.78772,-0.768922,0.188981,2.37937,2.33203,-0.261667
-0.78736,-0.768544,0.206426,2.37938,2.33221,-0.252944
-0.78701,-0.76805,0.220963,2.37938,2.33229,-0.261667
-0.78666,-0.767555,0.229685,2.37937,2.33223,-0.220963
-0.7863,-0.767061,0.220963,2.37936,2.33221,-0.220963
-0.78595,-0.766596,0.24713,2.37935,2.33221,-0.238407
-0.7856,-0.766131,0.252944,2.37934,2.33221,-0.279111
-0.78524,-0.765724,0.238407,2.37933,2.33218,-0.229685
-0.78489,-0.765259,0.252944,2.37932,2.33215,-0.238407
-0.78454,-0.764764,0.270389,2.37931,2.33212,-0.229685
-0.78418,-0.764299,0.252944,2.3793,2.33206,-0.229685
-0.78383,-0.763863,0.279111,2.37928,2.332,-0.229685
-0.78348,-0.763427,0.252944,2.37927,2.33194,-0.220963
-0.78312,-0.762962,0.261667,2.37926,2.33183,-0.220963
-0.78277,-0.762467,0.284926,2.37925,2.33171,-0.220963
-0.78241,-0.762002,0.284926,2.37924,2.33162,-0.206426
-0.78206,-0.761508,0.30237,2.37922,2.33148,-0.229685
-0.78171,-0.761043,0.279111,2.37921,2.33136,-0.220963
-0.78135,-0.760607,0.252944,2.3792,2.33128,-0.215148
-0.781,-0.7602,0.238407,2.37919,2.33122,-0.215148
-0.78065,-0.759764,0.261667,2.37918,2.33116,-0.220963
-0.78029,-0.759357,0.252944,2.37916,2.3311,-0.215148
-0.77994,-0.75892,0.252944,2.37915,2.33104,-0.229685
-0.77959,-0.758542,0.252944,2.37914,2.33101,-0.215148
-0.77923,-0.758135,0.24713,2.37912,2.33098,-0.220963
-0.77888,-0.757757,0.24713,2.37911,2.33098,-0.220963
-0.77852,-0.757409,0.220963,2.3791,2.33098,-0.229685
-0.77817,-0.757031,0.220963,2.37908,2.33098,-0.24713
-0.77782,-0.756682,0.238407,2.37907,2.33101,-0.229685
-0.77746,-0.756333,0.220963,2.37906,2.33101,-0.220963
-0.77711,-0.755984,0.220963,2.37904,2.33101,-0.215148
-0.77676,-0.755635,0.206426,2.37903,2.33101,-0.206426
-0.7764,-0.755257,0.220963,2.37902,2.33093,-0.188981
-0.77605,-0.754937,0.183167,2.379,2.33093,-0.188981
-0.77569,-0.754617,0.188981,2.37899,2.33087,-0.165722
-0.77534,-0.754298,0.183167,2.37897,2.33078,-0.151185
-0.77499,-0.754007,0.188981,2.37896,2.33069,-0.142463
-0.77463,-0.753687,0.183167,2.37895,2.33061,-0.119204
-0.77428,-0.753396,0.183167,2.37893,2.33046,-0.0785
-0.77393,-0.753077,0.188981,2.37892,2.33029,-0.101759
-0.77357,-0.752786,0.188981,2.3789,2.33008,-0.0465185
-0.77322,-0.752524,0.183167,2.37889,2.32997,-0.0785
-0.77286,-0.752262,0.174444,2.37887,2.32976,-0.0785
-0.77251,-0.751972,0.188981,2.37886,2.32956,-0.0465185
-0.77216,-0.751681,0.188981,2.37884,2.32933,-0.0697778
-0.7718,-0.751419,0.157,2.37883,2.32915,-0.014537
-0.77145,-0.751187,0.151185,2.37881,2.32898,-0.014537
-0.77109,-0.750954,0.125019,2.3788,2.32886,-0.0610556
-0.77074,-0.750692,0.142463,2.37878,2.32866,-0.0697778
-0.77039,-0.75046,0.142463,2.37877,2.32854,-0.014537
-0.77003,-0.750198,0.142463,2.37875,2.3284,-0.0552407
-0.76968,-0.749995,0.133741,2.37874,2.32828,-0.0465185
-0.76933,-0.749762,0.133741,2.37872,2.32819,-0.0872222
-0.76897,-0.749529,0.125019,2.3787,2.32811,-0.093037
-0.76862,-0.749326,0.119204,2.37869,2.32808,-0.110481
-0.76826,-0.749152,0.125019,2.37867,2.32808,-0.101759
-0.76791,-0.748919,0.142463,2.37865,2.32802,-0.125019
-0.76756,-0.748744,0.119204,2.37864,2.32808,-0.125019
-0.7672,-0.748541,0.119204,2.37862,2.32811,-0.151185
-0.76685,-0.748337,0.125019,2.37861,2.32816,-0.157
-0.76649,-0.748134,0.119204,2.37859,2.32819,-0.151185
-0.76614,-0.74793,0.093037,2.37857,2.32828,-0.174444
-0.76579,-0.747727,0.119204,2.37855,2.32837,-0.183167
-0.76543,-0.747494,0.151185,2.37854,2.32848,-0.197704
-0.76508,-0.747233,0.142463,2.37852,2.3286,-0.188981
-0.76472,-0.747,0.142463,2.37851,2.32872,-0.206426
-0.76437,-0.746797,0.119204,2.37849,2.32889,-0.229685
-0.76402,-0.746564,0.125019,2.37848,2.32907,-0.252944
-0.76366,-0.746331,0.151185,2.37846,2.32927,-0.252944
-0.76331,-0.746041,0.165722,2.37845,2.32941,-0.252944
-0.76295,-0.745779,0.165722,2.37844,2.32965,-0.279111
-0.7626,-0.745488,0.157,2.37842,2.32982,-0.293648
-0.76224,-0.745197,0.165722,2.37841,2.33003,-0.30237
-0.76189,-0.744907,0.174444,2.37839,2.33026,-0.311093
-0.76154,-0.744616,0.206426,2.37838,2.33046,-0.311093
-0.76118,-0.744267,0.206426,2.37837,2.33064,-0.311093
-0.76083,-0.743918,0.215148,2.37835,2.33078,-0.30237
-0.76047,-0.743569,0.197704,2.37834,2.33093,-0.293648
-0.76012,-0.743191,0.229685,2.37832,2.33101,-0.30237
-0.75976,-0.742784,0.229685,2.37831,2.3311,-0.30237
-0.75941,-0.742377,0.24713,2.37829,2.33122,-0.311093
-0.75906,-0.741941,0.252944,2.37828,2.33133,-0.311093
-0.7587,-0.741505,0.24713,2.37826,2.33145,-0.343074
-0.75835,-0.741069,0.279111,2.37825,2.33157,-0.343074
-0.75799,-0.740633,0.279111,2.37823,2.33171,-0.348889
-0.75764,-0.740168,0.293648,2.37822,2.33183,-0.334352
-0.75728,-0.739673,0.270389,2.3782,2.33194,-0.343074
-0.75693,-0.739208,0.293648,2.37818,2.33206,-0.334352
-0.75658,-0.738743,0.284926,2.37817,2.33215,-0.357611
-0.75622,-0.738249,0.293648,2.37815,2.33218,-0.316907
-0.75587,-0.737725,0.316907,2.37814,2.33215,-0.316907
-0.75551,-0.737202,0.32563,2.37812,2.33209,-0.284926
-0.75516,-0.736708,0.32563,2.3781,2.33203,-0.261667
-0.7548,-0.736184,0.311093,2.37809,2.33186,-0.220963
-0.75445,-0.735719,0.311093,2.37807,2.33171,-0.215148
-0.75409,-0.735196,0.30237,2.37805,2.33145,-0.188981
-0.75374,-0.734673,0.311093,2.37804,2.33116,-0.142463
-0.75339,-0.734149,0.316907,2.37802,2.33084,-0.125019
-0.75303,-0.733655,0.32563,2.378,2.33055,-0.142463
-0.75268,-0.733132,0.316907,2.37799,2.33023,-0.093037
-0.75232,-0.732667,0.293648,2.37797,2.32997,-0.110481
-0.75197,-0.732201,0.270389,2.37795,2.32968,-0.110481
-0.75161,-0.731765,0.261667,2.37794,2.32944,-0.125019
-0.75126,-0.731329,0.252944,2.37792,2.32921,-0.125019
-0.7509,-0.730835,0.252944,2.3779,2.32901,-0.133741
-0.75055,-0.730399,0.270389,2.37788,2.32883,-0.157
-0.7502,-0.729963,0.24713,2.37787,2.32872,-0.174444
-0.74984,-0.729556,0.24713,2.37785,2.32863,-0.174444
-0.74949,-0.729178,0.229685,2.37783,2.3286,-0.206426
-0.74913,-0.728829,0.238407,2.37781,2.32863,-0.229685
-0.74878,-0.728509,0.206426,2.37779,2.32875,-0.252944
-0.74842,-0.72816,0.206426,2.37778,2.3288,-0.252944
-0.74807,-0.727811,0.197704,2.37776,2.32901,-0.284926
-0.74771,-0.727491,0.197704,2.37774,2.32918,-0.343074
-0.74736,-0.727172,0.183167,2.37772,2.32939,-0.334352
-0.747,-0.726852,0.183167,2.3777,2.32959,-0.334352
-0.74665,-0.726561,0.197704,2.37768,2.32985,-0.32563
-0.7463,-0.72627,0.183167,2.37766,2.33008,-0.311093
-0.74594,-0.725979,0.165722,2.37765,2.33032,-0.30237
-0.74559,-0.725689,0.174444,2.37763,2.33052,-0.293648
-0.74523,-0.725427,0.174444,2.37761,2.33069,-0.252944
-0.74488,-0.725107,0.188981,2.37759,2.33084,-0.261667
-0.74452,-0.724787,0.183167,2.37757,2.33098,-0.252944
-0.74417,-0.724468,0.188981,2.37755,2.33101,-0.229685
-0.74381,-0.724148,0.188981,2.37753,2.33107,-0.238407
-0.74346,-0.723857,0.183167,2.37751,2.3311,-0.197704
-0.7431,-0.723566,0.188981,2.37749,2.33113,-0.197704
-0.74275,-0.723247,0.206426,2.37747,2.3311,-0.183167
-0.7424,-0.722898,0.188981,2.37744,2.33107,-0.165722
-0.74204,-0.722607,0.174444,2.37741,2.33104,-0.165722
-0.74169,-0.722316,0.174444,2.37739,2.33101,-0.142463
-0.74133,-0.721996,0.197704,2.37736,2.33096,-0.151185
-0.74098,-0.721677,0.188981,2.37733,2.3309,-0.165722
-0.74063,-0.721328,0.197704,2.3773,2.33084,-0.165722
-0.74027,-0.720979,0.206426,2.37727,2.33075,-0.157
-0.73992,-0.720659,0.197704,2.37725,2.33069,-0.174444
-0.73956,-0.720339,0.197704,2.37722,2.33066,-0.183167
-0.73921,-0.720019,0.197704,2.37719,2.33064,-0.183167
-0.73886,-0.719699,0.206426,2.37716,2.33064,-0.183167
-0.7385,-0.71938,0.188981,2.37713,2.33064,-0.197704
-0.73815,-0.71906,0.206426,2.3771,2.33064,-0.188981
-0.73779,-0.71874,0.188981,2.37707,2.33066,-0.206426
-0.73744,-0.71842,0.188981,2.37704,2.33066,-0.215148
-0.73709,-0.718071,0.206426,2.37702,2.33066,-0.206426
-0.73673,-0.717752,0.220963,2.37699,2.33066,-0.183167
-0.73638,-0.717374,0.197704,2.37696,2.33066,-0.220963
-0.73602,-0.716996,0.197704,2.37693,2.33066,-0.206426
-0.73567,-0.716647,0.215148,2.3769,2.33066,-0.220963
-0.73532,-0.716269,0.206426,2.37687,2.33066,-0.220963
-0.73496,-0.715891,0.229685,2.37684,2.33066,-0.220963
-0.73461,-0.715513,0.206426,2.37681,2.33069,-0.229685
-0.73426,-0.715164,0.229685,2.37678,2.33072,-0.220963
-0.7339,-0.714757,0.215148,2.37675,2.33075,-0.24713
-0.73355,-0.714408,0.206426,2.37672,2.33081,-0.252944
-0.73319,-0.714001,0.220963,2.37669,2.3309,-0.261667
-0.73284,-0.713594,0.220963,2.37666,2.33093,-0.270389
-0.73249,-0.713158,0.229685,2.37663,2.33101,-0.284926
-0.73213,-0.712751,0.238407,2.3766,2.3311,-0.293648
-0.73178,-0.712344,0.229685,2.37657,2.33119,-0.311093
-0.73142,-0.711849,0.252944,2.37653,2.33128,-0.316907
-0.73107,-0.711472,0.24713,2.3765,2.33142,-0.30237
-0.73072,-0.711035,0.279111,2.37647,2.3316,-0.30237
-0.73036,-0.710454,0.252944,2.37644,2.3316,-0.293648
-0.73001,-0.709902,0.252944,2.37641,2.33157,-0.252944
-0.72965,-0.709349,0.252944,2.37638,2.33148,-0.215148
-0.7293,-0.708797,0.284926,2.37635,2.3313,-0.197704
-0.72895,-0.708302,0.252944,2.37632,2.33113,-0.174444
-0.72859,-0.707866,0.279111,2.37628,2.33096,-0.157
-0.72824,-0.707372,0.238407,2.37625,2.33075,-0.151185
-0.72789,-0.706907,0.252944,2.37622,2.33055,-0.142463
-0.72753,-0.706384,0.252944,2.37619,2.33029,-0.119204
-0.72718,-0.705918,0.252944,2.37616,2.33008,-0.133741
-0.72682,-0.705395,0.252944,2.37612,2.32979,-0.133741
-0.72647,-0.70493,0.252944,2.37609,2.32959,-0.125019
-0.72612,-0.704494,0.238407,2.37606,2.32939,-0.133741
-0.72576,-0.704029,0.215148,2.37603,2.32924,-0.142463
-0.72541,-0.703592,0.206426,2.37599,2.32912,-0.165722
-0.72506,-0.703273,0.215148,2.37596,2.32907,-0.165722
-0.7247,-0.702866,0.220963,2.37593,2.32901,-0.183167
-0.72435,-0.702459,0.188981,2.3759,2.32895,-0.174444
-0.72399,-0.702139,0.165722,2.37586,2.32895,-0.183167
-0.72364,-0.701877,0.157,2.37583,2.32907,-0.183167
-0.72329,-0.701557,0.142463,2.3758,2.32912,-0.197704
-0.72293,-0.701296,0.142463,2.37576,2.32924,-0.188981
-0.72258,-0.701005,0.151185,2.37573,2.32927,-0.188981
-0.72223,-0.700772,0.133741,2.3757,2.3293,-0.157
-0.72187,-0.700511,0.151185,2.37565,2.32933,-0.157
-0.72152,-0.700278,0.133741,2.3756,2.32939,-0.142463
-0.72117,-0.699987,0.125019,2.37555,2.3293,-0.119204
-0.72082,-0.699784,0.0872222,2.37551,2.32921,-0.0697778
-0.72046,-0.699609,0.110481,2.37546,2.32915,-0.0785
-0.72011,-0.699377,0.133741,2.37541,2.32901,-0.0610556
-0.71976,-0.699115,0.133741,2.37536,2.32878,0
-0.71941,-0.698882,0.101759,2.37532,2.32857,0
-0.71906,-0.698708,0.0872222,2.37527,2.3284,0
-0.7187,-0.698504,0.0872222,2.37522,2.32819,0
-0.71835,-0.69833,0.101759,2.37517,2.32802,0
-0.718,-0.698185,0.0610556,2.37512,2.32787,0
-0.71765,-0.698039,0.0785,2.37507,2.32773,0
-0.71729,-0.697894,0.119204,2.37503,2.32758,0
-0.71694,-0.697749,0.0872222,2.37498,2.32747,0
-0.71659,-0.697603,0.0610556,2.37493,2.32732,0
-0.71624,-0.697516,0.0232593,2.37488,2.32726,0
-0.71589,-0.6974,0.0610556,2.37483,2.32718,0
-0.71553,-0.697254,0.0552407,2.37478,2.32709,0
-0.71518,-0.697109,0.0697778,2.37473,2.327,-0.0552407
-0.71483,-0.697022,0.0232593,2.37468,2.32694,-0.0465185
-0.71448,-0.696934,0.0232593,2.37463,2.32694,-0.0232593
-0.71413,-0.696847,0.0697778,2.37458,2.32691,-0.0377963
-0.71377,-0.69676,0.0610556,2.37454,2.32689,-0.0465185
-0.71342,-0.696644,0.0465185,2.37449,2.32689,-0.0290741
-0.71307,-0.696586,0.0552407,2.37444,2.32689,-0.0785
-0.71272,-0.696527,0.0465185,2.37439,2.32691,-0.0465185
-0.71237,-0.69644,0.0377963,2.37434,2.32689,-0.0232593
-0.71201,-0.696382,0.0552407,2.37429,2.32694,-0.0552407
-0.71166,-0.696295,0.0377963,2.37424,2.32691,-0.0610556
-0.71131,-0.696208,0.0610556,2.37419,2.32689,-0.0232593
-0.71096,-0.696149,0.0290741,2.37414,2.32689,-0.0552407
-0.71061,-0.696062,0.0610556,2.37409,2.32683,0
-0.71026,-0.695975,0.0697778,2.37403,2.3268,-0.0290741
-0.7099,-0.695888,0.0610556,2.37398,2.32674,-0.0465185
-0.70955,-0.69583,0,2.37393,2.32674,0
-0.7092,-0.695742,0.0552407,2.37388,2.32668,0
-0.70885,-0.695626,0.0785,2.37383,2.32662,-0.0552407
-0.7085,-0.69551,0.0785,2.37378,2.32654,0
-0.70815,-0.695394,0.0552407,2.37373,2.32645,-0.0465185
-0.70779,-0.695277,0.00581481,2.37368,2.32642,0
-0.70744,-0.69519,0.0232593,2.37363,2.32639,-0.00581481
-0.70709,-0.695103,0.0785,2.37358,2.32636,-0.014537
-0.70674,-0.694957,0.0785,2.37352,2.32627,-0.0377963
-0.70639,-0.694812,0.093037,2.37347,2.32622,-0.0232593
-0.70604,-0.694725,0.0697778,2.37342,2.32619,-0.00581481
-0.70569,-0.694609,0.0610556,2.37337,2.32616,-0.0610556
-0.70533,-0.694521,0.0465185,2.37332,2.32616,-0.0785
-0.70498,-0.694376,0.0785,2.37326,2.32607,-0.0552407
-0.70463,-0.694289,0.0785,2.37321,2.3261,-0.0377963
-0.70428,-0.694172,0.0697778,2.37316,2.32607,-0.0610556
-0.70393,-0.694027,0.0697778,2.37311,2.32604,-0.0785
-0.70358,-0.693911,0.0785,2.37306,2.32604,-0.0697778
-0.70323,-0.693765,0.0872222,2.373,2.32604,-0.0697778
-0.70287,-0.693649,0.093037,2.37295,2.32604,-0.093037
-0.70252,-0.693475,0.101759,2.37291,2.32601,-0.0872222
-0.70217,-0.693358,0.0872222,2.37286,2.32604,-0.101759
-0.70182,-0.693213,0.093037,2.37282,2.32607,-0.093037
-0.70146,-0.693068,0.0872222,2.37277,2.32607,-0.101759
-0.70111,-0.692893,0.101759,2.37273,2.3261,-0.110481
-0.70076,-0.692719,0.110481,2.37269,2.32613,-0.119204
-0.70041,-0.692544,0.110481,2.37264,2.32613,-0.119204
-0.70006,-0.69237,0.119204,2.3726,2.32619,-0.133741
-0.6997,-0.692195,0.093037,2.37255,2.32627,-0.151185
-0.69935,-0.691934,0.125019,2.37251,2.32639,-0.157
-0.699,-0.691701,0.133741,2.37246,2.32648,-0.174444
-0.69865,-0.691439,0.133741,2.37242,2.32657,-0.183167
-0.69829,-0.691207,0.125019,2.37237,2.32665,-0.206426
-0.69794,-0.690974,0.133741,2.37233,2.32683,-0.220963
-0.69759,-0.690742,0.151185,2.37228,2.32697,-0.252944
-0.69724,-0.69048,0.157,2.37224,2.32715,-0.252944
-0.69689,-0.69016,0.165722,2.37219,2.32732,-0.284926
-0.69653,-0.689899,0.157,2.37215,2.32752,-0.30237
-0.69618,-0.689608,0.183167,2.3721,2.32776,-0.311093
-0.69583,-0.689288,0.197704,2.37205,2.32799,-0.32563
-0.69548,-0.688939,0.188981,2.37201,2.32822,-0.316907
-0.69513,-0.68859,0.220963,2.37196,2.32843,-0.343074
-0.69477,-0.688212,0.206426,2.37192,2.32869,-0.38087
-0.69442,-0.687805,0.220963,2.37187,2.32892,-0.316907
-0.69407,-0.687398,0.252944,2.37182,2.32907,-0.343074
-0.69372,-0.686991,0.238407,2.37178,2.32921,-0.334352
-0.69337,-0.686584,0.252944,2.37173,2.32933,-0.32563
-0.69301,-0.686119,0.252944,2.37169,2.32944,-0.32563
-0.69266,-0.685712,0.261667,2.37164,2.32953,-0.311093
-0.69231,-0.685247,0.261667,2.37159,2.32953,-0.279111
-0.69196,-0.684782,0.30237,2.37154,2.32953,-0.279111
-0.69161,-0.684287,0.293648,2.3715,2.3295,-0.270389
-0.69125,-0.683677,0.311093,2.37145,2.32936,-0.229685
-0.6909,-0.683066,0.316907,2.3714,2.32924,-0.215148
-0.69055,-0.682339,0.316907,2.37136,2.32892,-0.197704
-0.6902,-0.681671,0.334352,2.37131,2.3286,-0.183167
-0.68985,-0.681089,0.316907,2.37126,2.32831,-0.157
-0.68949,-0.680566,0.311093,2.37121,2.32802,-0.151185
-0.68914,-0.680042,0.284926,2.37117,2.32779,-0.125019
-0.68879,-0.679287,0.316907,2.37112,2.32732,-0.125019
-0.68844,-0.678734,0.293648,2.37107,2.32703,-0.133741
-0.68809,-0.678153,0.30237,2.37102,2.32671,-0.142463
-0.68774,-0.677658,0.293648,2.37097,2.32651,-0.157
-0.68738,-0.677077,0.279111,2.37093,2.32625,-0.174444
-0.68703,-0.676495,0.279111,2.37088,2.3261,-0.174444
-0.68668,-0.675885,0.279111,2.37083,2.32584,-0.206426
-0.68633,-0.67542,0.270389,2.37078,2.32578,-0.206426
-0.68598,-0.674925,0.270389,2.37073,2.32566,-0.220963
-0.68563,-0.67446,0.252944,2.37067,2.32564,-0.238407
-0.68528,-0.674082,0.252944,2.37061,2.32569,-0.270389
-0.68493,-0.673704,0.229685,2.37055,2.32581,-0.284926
-0.68458,-0.673239,0.220963,2.37049,2.32584,-0.270389
-0.68423,-0.672861,0.229685,2.37043,2.32595,-0.284926
-0.68388,-0.672425,0.229685,2.37037,2.32616,-0.30237
-0.68353,-0.67196,0.215148,2.37031,2.32636,-0.343074
-0.68318,-0.671611,0.206426,2.37025,2.32662,-0.316907
-0.68283,-0.671204,0.206426,2.37019,2.3268,-0.334352
-0.68248,-0.670797,0.206426,2.37013,2.32703,-0.316907
-0.68213,-0.67039,0.220963,2.37007,2.32715,-0.30237
-0.68178,-0.669983,0.220963,2.37001,2.32723,-0.284926
-0.68143,-0.669547,0.238407,2.36995,2.32732,-0.279111
-0.68108,-0.669198,0.206426,2.36989,2.32741,-0.261667
-0.68073,-0.668849,0.197704,2.36983,2.3275,-0.279111
-0.68038,-0.668471,0.215148,2.36977,2.32752,-0.252944
-0.68003,-0.668122,0.220963,2.36971,2.32758,-0.252944
-0.67968,-0.667744,0.220963,2.36965,2.32761,-0.238407
-0.67933,-0.667366,0.238407,2.36959,2.32761,-0.252944
-0.67898,-0.666988,0.238407,2.36953,2.32767,-0.279111
-0.67863,-0.666639,0.229685,2.36947,2.32773,-0.238407
-0.67828,-0.666261,0.220963,2.3694,2.32776,-0.252944
-0.67793,-0.665912,0.229685,2.36934,2.32787,-0.284926
-0.67758,-0.665505,0.206426,2.36928,2.32793,-0.252944
-0.67723,-0.665069,0.229685,2.36922,2.32814,-0.270389
-0.67688,-0.664575,0.229685,2.36916,2.32822,-0.284926
-0.67653,-0.664052,0.252944,2.3691,2.32825,-0.293648
-0.67618,-0.663587,0.270389,2.36903,2.3284,-0.293648
-0.67583,-0.663063,0.238407,2.36897,2.32854,-0.270389
-0.67548,-0.662569,0.238407,2.36891,2.32854,-0.261667
-0.67514,-0.662162,0.229685,2.36885,2.32869,-0.261667
-0.67479,-0.661639,0.252944,2.36879,2.32878,-0.279111
-0.67444,-0.661057,0.279111,2.36872,2.32875,-0.293648
-0.67409,-0.660505,0.252944,2.36866,2.32878,-0.284926
-0.67374,-0.659981,0.279111,2.3686,2.32886,-0.293648
-0.67339,-0.6594,0.252944,2.36854,2.32878,-0.284926
-0.67304,-0.658964,0.270389,2.36847,2.32886,-0.284926
-0.67269,-0.658528,0.270389,2.36841,2.32895,-0.316907
-0.67234,-0.657946,0.30237,2.36835,2.32898,-0.293648
-0.67199,-0.657481,0.270389,2.36829,2.32904,-0.316907
-0.67164,-0.657016,0.293648,2.36822,2.32912,-0.311093
-0.67129,-0.656492,0.270389,2.36816,2.32912,-0.293648
-0.67095,-0.656056,0.293648,2.36808,2.32918,-0.279111
-0.6706,-0.655562,0.279111,2.368,2.32915,-0.279111
-0.67025,-0.655097,0.284926,2.36792,2.32907,-0.261667
-0.66991,-0.654632,0.279111,2.36784,2.32901,-0.220963
-0.66956,-0.654021,0.293648,2.36776,2.3288,-0.197704
-0.66922,-0.653556,0.284926,2.36768,2.32863,-0.206426
-0.66887,-0.65312,0.284926,2.3676,2.32854,-0.183167
-0.66852,-0.652597,0.293648,2.36752,2.32834,-0.157
-0.66818,-0.651986,0.252944,2.36744,2.32811,-0.157
-0.66783,-0.651434,0.252944,2.36736,2.32787,-0.157
-0.66748,-0.650881,0.252944,2.36728,2.32761,-0.142463
-0.66714,-0.650387,0.261667,2.3672,2.32747,-0.142463
-0.66679,-0.649864,0.238407,2.36712,2.32732,-0.151185
-0.66645,-0.64934,0.215148,2.36703,2.32706,-0.165722
-0.6661,-0.648962,0.197704,2.36695,2.327,-0.174444
-0.66575,-0.648584,0.188981,2.36687,2.32694,-0.151185
-0.66541,-0.648206,0.215148,2.36679,2.32689,-0.174444
-0.66506,-0.647828,0.197704,2.36671,2.32686,-0.183167
-0.66472,-0.64745,0.174444,2.36663,2.32686,-0.174444
-0.66437,-0.647102,0.165722,2.36655,2.32683,-0.174444
-0.66403,-0.646782,0.174444,2.36647,2.32689,-0.188981
-0.66368,-0.646491,0.165722,2.36639,2.32689,-0.188981
-0.66333,-0.646258,0.157,2.3663,2.32691,-0.165722
-0.66299,-0.646026,0.151185,2.36622,2.32691,-0.157
-0.66264,-0.645764,0.133741,2.36614,2.32691,-0.151185
-0.6623,-0.645532,0.151185,2.36606,2.32691,-0.133741
-0.66195,-0.64527,0.142463,2.36598,2.3268,-0.101759
-0.66161,-0.645066,0.119204,2.36589,2.32677,-0.093037
-0.66126,-0.644834,0.125019,2.36581,2.32665,-0.0872222
-0.66091,-0.644659,0.110481,2.36573,2.32659,-0.0785
-0.66057,-0.644427,0.119204,2.36565,2.32645,-0.0465185
-0.66022,-0.644165,0.125019,2.36557,2.32627,-0.0465185
-0.65988,-0.643932,0.119204,2.36548,2.3261,-0.0290741
