torque_1,torque_1_t,torque_2,torque_2_t
1.25937,0.04375,-1.96052,-0.109375
1.25517,-0.7,-1.96502,-0.984375
1.2498,-0.7875,-1.98174,-1.42188
1.06592,-0.83125,-2,-1.72812
1.04399,-1.1375,-2,-1.925
1.09939,-1.33438,-2,-2.05625
1.05477,-1.4,-2,-2.29688
1.14506,-1.44375,-2,-2.47187
1.03764,-1.50937,-2,-2.55938
1.01251,-1.46562,-2,-2.69062
1.00365,-1.55313,-2,-2.64688
1.03085,-1.4,-1.98653,-2.69062
1.10544,-1.44375,-1.94045,-2.7125
1.08088,-1.46562,-1.89117,-2.64688
1.0101,-1.46562,-1.86456,-2.8
0.984966,-1.42188,-1.84174,-2.55938
0.976104,-1.44375,-1.79682,-2.5375
1.03238,-1.4,-1.74899,-2.38437
0.960727,-1.42188,-1.6968,-2.42813
0.987627,-1.53125,-1.65915,-2.38437
0.979938,-1.4,-1.61859,-2.29688
0.972249,-1.33438,-1.56553,-2.31875
0.911054,-1.35625,-1.51974,-2.275
0.903366,-1.26875,-1.45301,-2.20938
0.960212,-1.33438,-1.39559,-2.1875
0.987412,-1.37813,-1.32973,-2.16562
0.981467,-1.37813,-1.2758,-2.07812
0.991795,-1.37813,-1.21721,-1.99063
0.902699,-1.37813,-1.17462,-1.90312
0.913027,-1.46562,-1.11661,-1.81563
0.935284,-1.3125,-1.06732,-1.4875
0.975858,-1.26875,-1.02822,-1.55313
0.969614,-1.35625,-0.980096,-1.50937
0.898834,-1.33438,-0.953496,-1.4
1.00307,-1.35625,-0.946947,-1.33438
0.885773,-1.33438,-0.935466,-1.3125
0.867899,-1.33438,-0.944036,-1.18125
0.861082,-1.33438,-0.927894,-1.11563
0.902229,-1.20312,-0.931821,-1.07187
0.973621,-1.24687,-0.932542,-0.853125
0.968249,-1.29062,-0.906233,-1.05
0.852695,-1.29062,-0.886601,-1.00625
0.957232,-1.225,-0.873666,-0.9625
0.94023,-1.4,-0.843868,-1.11563
0.94766,-1.29062,-0.798651,-1.24687
0.94316,-1.35625,-0.743268,-1.4
0.93896,-1.29062,-0.671303,-1.26875
0.93446,-1.20312,-0.606616,-1.09375
0.93026,-1.4,-0.548607,-1.07187
0.92576,-1.29062,-0.484792,-1.09375
0.92156,-1.29062,-0.437831,-0.91875
1.02929,-1.50937,-0.380694,-0.896875
0.916349,-1.35625,-0.346825,-0.83125
0.913593,-1.29062,-0.293177,-0.765625
0.910266,-1.42188,-0.285766,-0.7
1.01799,-1.225,-0.227757,-0.678125
0.998091,-1.33438,-0.203483,-0.590625
1.01278,-1.29062,-0.172803,-0.7
0.910601,-1.3125,-0.163938,-0.48125
1.00582,-1.33438,-0.12977,-0.503125
0.892016,-1.37813,-0.10694,-0.546875
0.888388,-1.26875,-0.0925511,-0.30625
0.915006,-0.853125,-0.0688493,-0.415625
0.976214,-1.24687,-0.0564956,-0.415625
0.972886,-1.3125,-0.0415159,0.240625
0.934369,-1.29062,-0.0151974,-0.371875
0.871721,-1.46562,0.0108211,-0.240625
0.869266,-0.83125,0.0307433,-0.328125
0.864766,-1.26875,0.0527007,-0.175
0.971919,-0.896875,0.0877322,-0.284375
0.858682,-1.26875,0.10998,-0.175
0.854182,-1.15938,0.130193,-0.0875
0.850854,-1.225,0.129754,0.240625
0.940264,-1.15938,0.15491,-0.30625
0.936636,-1.225,0.149538,0.21875
0.851901,-1.26875,0.142993,-0.153125
0.836643,-1.15938,0.137621,0.175
0.832143,-1.20312,0.133121,0.196875
0.829688,-1.29062,0.126877,0.109375
0.873451,-1.1375,0.120332,0.175
0.933786,-1.07187,0.114088,0.13125
0.820849,-1.37813,0.107843,0.153125
0.816349,-0.721875,0.103043,0.175
0.812721,-1.1375,0.0959267,0.0875
0.808221,-1.1375,0.0934619,-0.021875
0.89793,-1.11563,0.08431,0.021875
0.800393,-1.11563,0.0905674,0.175
0.907247,-1.09375,0.0706489,0.109375
0.792566,-1.225,0.0673119,0.109375
0.788938,-0.721875,0.0904322,0.04375
0.796067,-1.18125,0.0841878,0.153125
0.779938,-1.09375,0.0529396,0.109375
0.775438,-1.05,0.0766322,0.153125
0.771238,-1.09375,0.0482915,0.021875
0.766738,-1.11563,0.0554211,0.04375
0.762238,-1.05,0.0517933,0.240625
0.757738,-1.05,0.0385711,-0.0875
0.753238,-1.05,0.0352433,-0.13125
0.748738,-1.09375,0.0167878,0.153125
0.743938,-1.18125,0.0117156,0.021875
0.739438,-0.9625,0.0136119,0.109375
0.734938,-1.20312,0.00853963,0
0.730438,-1.00625,-0.00642704,0.109375
0.632029,-1.00625,-0.0114993,0.13125
0.720266,-0.9625,-0.0218048,-0.153125
0.714893,-0.984375,-0.0242696,0.13125
0.710393,-0.9625,-0.0374826,-0.175
0.705593,-0.6125,-0.0489604,-0.021875
0.701093,-1.07187,-0.063627,0
0.696593,-0.65625,-0.0686993,0
0.56911,-0.9625,-0.0906437,0.021875
0.686421,-0.678125,-0.0913548,0.021875
0.681921,-0.91875,-0.12114,-0.21875
0.677421,-0.765625,-0.118371,-0.175
0.672621,-0.546875,-0.12984,-0.21875
0.668121,-0.634375,-0.151484,-0.21875
0.663621,-1.02812,-0.14639,-0.240625
0.658821,-0.940625,-0.174431,-0.196875
0.654321,-0.83125,-0.169618,-0.284375
0.649821,-1.20312,-0.188364,-0.21875
0.645021,-0.940625,-0.187912,-0.35
0.640521,-0.91875,-0.196764,-0.175
0.636021,-0.940625,-0.21522,-0.284375
0.631221,-1.02812,-0.220292,-0.240625
0.626721,-0.91875,-0.239029,-0.328125
0.621921,-0.91875,-0.243229,-0.2625
0.617421,-0.896875,-0.247729,-0.328125
0.612921,-0.9625,-0.251929,-0.2625
0.608121,-0.875,-0.256129,-0.371875
0.603621,-0.7875,-0.260329,-0.240625
0.598821,-0.853125,-0.264829,-0.415625
0.594321,-0.875,-0.269029,-0.30625
0.589521,-0.875,-0.273229,-0.415625
0.585021,-0.853125,-0.277429,-0.30625
0.610167,-0.83125,-0.282501,-0.415625
0.576593,-0.853125,-0.287001,-0.30625
0.571793,-0.7875,-0.291201,-0.39375
0.567293,-0.853125,-0.295401,-0.39375
0.562793,-0.83125,-0.299601,-0.4375
0.669347,-0.7875,-0.304673,-0.30625
0.554366,-0.853125,-0.308873,-0.415625
0.549566,-0.83125,-0.313073,-0.371875
0.544766,-0.74375,-0.317573,-0.459375
0.570212,-0.83125,-0.322646,-0.35
0.536338,-0.809375,-0.326846,-0.503125
0.561784,-0.809375,-0.331918,-0.415625
0.529654,-0.809375,-0.337862,-0.39375
0.525154,-0.7875,-0.342062,-0.4375
0.521227,-0.765625,-0.347134,-0.459375
0.516727,-0.74375,-0.351334,-0.459375
0.588391,-0.7875,-0.356407,-0.415625
0.584764,-0.809375,-0.361479,-0.459375
0.580836,-0.7875,-0.366851,-0.459375
0.559464,-0.809375,-0.371923,-0.459375
0.497688,-0.809375,-0.375251,-0.48125
0.492888,-0.809375,-0.379451,-0.525
0.547408,-0.74375,-0.384523,-0.30625
0.596686,-0.83125,-0.390468,-0.590625
0.483149,-0.809375,-0.396412,-0.503125
0.590003,-0.721875,-0.401484,-0.503125
0.474721,-0.7875,-0.405684,-0.503125
0.471093,-0.74375,-0.409884,-0.590625
0.560203,-0.7,-0.415257,-0.525
0.46441,-0.678125,-0.421201,-0.546875
0.571836,-0.7,-0.427446,-0.546875
0.457727,-0.65625,-0.432518,-0.546875
0.547136,-0.74375,-0.464338,-0.56875
0.509191,-0.74375,-0.442962,-0.546875
0.448288,-0.721875,-0.448907,-0.678125
0.502508,-0.721875,-0.454279,-0.6125
0.49888,-0.678125,-0.458479,-0.56875
0.495825,-0.678125,-0.464423,-0.6125
0.545403,-0.678125,-0.470668,-0.6125
0.443495,-0.678125,-0.47574,-0.678125
0.42911,-0.809375,-0.481684,-0.590625
0.48333,-0.678125,-0.487057,-0.721875
0.422427,-0.678125,-0.493001,-0.74375
0.542354,-0.590625,-0.498946,-0.65625
0.510525,-0.678125,-0.50519,-0.765625
0.426934,-0.634375,-0.512007,-0.65625
0.441623,-0.634375,-0.517079,-0.721875
0.519975,-0.83125,-0.523323,-0.7
0.517219,-0.590625,-0.547294,-0.721875
0.404554,-0.721875,-0.535212,-0.56875
0.478264,-0.590625,-0.564416,-0.721875
0.521727,-0.634375,-0.546529,-0.7
0.473025,-0.7,-0.553346,-0.74375
0.534232,-0.678125,-0.557546,-0.74375
0.392493,-0.634375,-0.56349,-0.809375
0.530166,-0.634375,-0.569734,-0.83125
0.498908,-0.721875,-0.578586,-0.74375
0.525799,-0.65625,-0.580751,-0.83125
0.523916,-0.721875,-0.586696,-0.74375
0.521732,-0.65625,-0.59264,-0.74375
0.455886,-0.721875,-0.613421,-0.7875
0.471147,-0.721875,-0.603084,-0.371875
0.498038,-0.765625,-0.636649,-0.74375
0.531916,-0.6125,-0.642594,-0.9625
0.483214,-0.721875,-0.638944,-0.853125
0.528421,-0.678125,-0.655646,-0.9625
0.462575,-0.74375,-0.652005,-0.83125
0.442947,-0.678125,-0.644575,-0.853125
0.523916,-0.678125,-0.665638,-0.91875
0.522904,-0.721875,-0.665477,-0.896875
0.474203,-0.721875,-0.685668,-0.91875
0.537727,-0.7,-0.67911,-0.765625
0.501827,-0.896875,-0.694068,-0.984375
0.518832,-0.721875,-0.695079,-0.91875
0.452686,-0.7,-0.706257,-1.00625
0.497893,-0.65625,-0.697373,-0.896875
0.48031,-0.634375,-0.710296,-1.02812
0.543834,-0.678125,-0.717984,-1.11563
0.514321,-0.7,-0.717823,-1.07187
0.51301,-0.7,-0.732781,-0.56875
0.512871,-0.721875,-0.72884,-1.15938
0.476671,-0.459375,-0.735075,-0.9625
0.493677,-0.7,-0.737531,-0.525
0.464164,-0.678125,-0.737951,-1.11563
0.574206,-0.30625,-0.74942,-0.940625
0.540051,-0.74375,-0.76147,-1.29062
0.510538,-0.853125,-0.748807,-1.00625
0.47521,-0.765625,-0.758531,-1.07187
0.526232,-0.590625,-0.760986,-1.20312
0.508349,-0.83125,-0.764314,-1.15938
0.536984,-0.721875,-0.762409,-1.00625
0.508643,-0.721875,-0.766609,-0.984375
0.525649,-0.7,-0.773425,-1.02812
0.537712,-0.678125,-0.777625,-1.07187
0.537273,-0.7,-0.785314,-1.11563
0.537706,-0.74375,-0.793003,-1.02812
0.525638,-0.74375,-0.795459,-1.11563
0.508627,-0.765625,-0.802566,-1.02812
0.525932,-0.74375,-0.801242,-1.15938
0.55544,-0.765625,-0.805442,-1.07187
0.538429,-0.74375,-0.803236,-1.18125
0.538862,-0.721875,-0.806564,-1.05
0.555867,-0.721875,-0.812509,-1.20312
0.527227,-0.721875,-0.815836,-1.02812
0.53929,-0.721875,-0.819164,-1.20312
0.527221,-0.7,-0.824527,-1.09375
0.575917,-0.678125,-0.829599,-1.18125
0.558906,-0.74375,-0.825359,-1.05
0.541895,-0.721875,-0.827814,-1.18125
0.577217,-0.7,-0.822992,-1.07187
0.560206,-0.74375,-0.831553,-1.15938
0.577784,-0.765625,-0.831092,-1.09375
0.57909,-0.74375,-0.844886,-1.24687
0.543762,-0.765625,-0.831923,-1.1375
0.562512,-0.7875,-0.837868,-1.225
0.546373,-0.765625,-0.850781,-1.11563
0.535177,-0.765625,-0.848584,-1.29062
0.582701,-0.74375,-0.854229,-1.11563
0.583134,-0.765625,-0.870931,-1.20312
0.58444,-0.721875,-0.871342,-1.09375
0.539227,-0.7875,-0.878159,-1.20312
0.585879,-0.7875,-0.885547,-1.09375
0.586312,-0.765625,-0.899342,-1.24687
0.605062,-0.7875,-0.891031,-1.15938
0.553162,-0.896875,-0.899292,-1.33438
0.57104,-0.7875,-0.899131,-1.11563
0.58949,-0.809375,-0.908264,-1.20312
0.589923,-0.7875,-0.912464,-1.20312
0.54471,-0.809375,-0.917236,-1.24687
0.556473,-0.7875,-0.909507,-1.29062
0.592667,-0.83125,-0.92272,-1.225
0.575656,-0.7875,-0.923712,-1.26875
0.577834,-0.83125,-0.929357,-1.24687
0.577967,-0.809375,-0.937336,-1.26875
0.615034,-0.83125,-0.947342,-1.29062
0.598023,-0.83125,-0.955603,-1.225
0.616473,-0.56875,-0.952825,-1.37813
0.600334,-0.678125,-0.96632,-1.24687
0.619956,-0.853125,-0.971964,-1.20312
0.60439,-0.809375,-0.972675,-1.50937
0.634769,-0.896875,-0.977447,-1.37813
0.607873,-0.83125,-0.977859,-1.35625
0.638825,-0.875,-0.983803,-1.35625
0.658447,-0.634375,-0.993809,-1.33438
0.660325,-0.940625,-1.0073,-1.35625
0.645058,-0.7875,-0.996957,-1.29062
0.646364,-0.634375,-1.01279,-1.37813
0.684003,-0.459375,-1.02279,-1.33438
0.651291,-0.9625,-1.02756,-1.46562
0.706375,-0.853125,-1.03321,-1.26875
0.708553,-0.546875,-1.02956,-1.46562
0.712475,-0.875,-1.04044,-1.35625
0.69778,-0.896875,-1.04957,-1.575
0.701703,-1.02812,-1.05085,-1.15938
0.721025,-0.940625,-1.06725,-1.05
0.736577,-1.02812,-1.07669,-1.09375
0.775088,-0.9625,-1.07884,-1.42188
0.760693,-1.11563,-1.0871,-1.37813
0.764316,-0.984375,-1.09624,-1.46562
0.720847,-1.00625,-1.10101,-1.20312
0.723597,-0.9625,-1.10725,-1.26875
0.756593,-1.11563,-1.10824,-1.42188
0.778532,-0.678125,-1.10952,-1.4875
0.800771,-1.05,-1.12941,-1.37813
0.786949,-1.05,-1.12895,-1.4
0.808316,-1.05,-1.1407,-1.81563
0.764547,-0.678125,-1.12774,-1.37813
0.797543,-1.07187,-1.14588,-1.77188
0.801166,-1.02812,-1.15095,-1.61875
0.840849,-1.11563,-1.16649,-1.44375
0.827899,-1.18125,-1.16864,-1.68437
0.815249,-1.07187,-1.18155,-1.61875
0.818871,-0.853125,-1.1776,-1.55313
0.84081,-1.15938,-1.19226,-1.50937
0.844732,-1.11563,-1.20169,-1.575
0.831782,-1.09375,-1.2082,-1.50937
0.853149,-1.20312,-1.20861,-1.64062
0.857643,-1.09375,-1.21629,-1.55313
0.879582,-1.1375,-1.21583,-1.575
0.884377,-1.1375,-1.21741,-1.55313
0.870554,-1.15938,-1.21956,-1.59688
0.811386,-1.18125,-1.21939,-1.575
0.860654,-1.11563,-1.20381,-1.59688
0.900038,-1.24687,-1.20015,-1.575
0.933906,-1.15938,-1.20144,-1.64062
0.938401,-1.29062,-1.20039,-1.64062
0.913821,-1.18125,-1.18918,-1.68437
0.86541,-1.3125,-1.18639,-1.64062
0.886477,-1.18125,-1.18331,-1.72812
0.907543,-1.24687,-1.1654,-1.70625
0.929782,-1.1375,-1.15709,-1.70625
0.945906,-1.3125,-1.13366,-1.75
0.950401,-1.29062,-1.10645,-1.6625
0.907804,-1.3125,-1.08942,-1.70625
0.911727,-1.24687,-1.06949,-1.6625
0.96274,-1.24687,-1.05769,-1.6625
0.937588,-1.24687,-1.02816,-1.64062
0.924638,-1.24687,-1.02567,-1.46562
0.92856,-1.29062,-1.02172,-1.55313
0.967071,-0.984375,-1.01516,-1.4875
0.936104,-1.3125,-1.01441,-1.37813
0.958043,-1.24687,-1.02005,-1.44375
0.944521,-1.4,-1.02978,-1.44375
0.948143,-1.24687,-1.04763,-1.4
0.922691,-1.35625,-1.05531,-1.35625
0.908297,-1.225,-1.05543,-1.46562
0.940121,-1.35625,-1.08028,-1.42188
0.944043,-1.225,-1.08679,-1.46562
0.881958,-1.42188,-1.08546,-1.37813
0.919897,-1.18125,-1.09257,-1.37813
0.905203,-1.26875,-1.11071,-1.53125
0.954771,-1.225,-1.10851,-1.42188
0.911003,-1.29062,-1.11706,-1.50937
0.947769,-1.20312,-1.11341,-1.44375
0.898486,-1.33438,-1.11382,-1.46562
0.952697,-1.20312,-1.09824,-1.46562
0.938303,-1.37813,-1.10243,-1.46562
0.922736,-1.18125,-1.09645,-1.50937
0.94293,-1.33438,-1.08233,-1.53125
0.945108,-1.24687,-1.07722,-1.50937
0.946986,-1.35625,-1.07065,-1.50937
0.902345,-1.35625,-1.06583,-1.46562
0.934469,-1.35625,-1.07409,-1.53125
0.936347,-1.26875,-1.06054,-1.4875
0.939097,-1.37813,-1.06125,-1.50937
0.958719,-1.26875,-1.0544,-1.50937
1.00799,-1.37813,-1.06208,-1.4875
0.945903,-1.37813,-1.04563,-1.53125
0.965525,-1.35625,-1.05476,-1.46562
0.949958,-1.35625,-1.05517,-1.4875
0.933519,-1.4,-1.04599,-1.46562
0.953714,-1.29062,-1.0464,-1.46562
0.974208,-1.33438,-1.05234,-1.50937
0.957769,-1.35625,-1.04839,-1.44375
0.942203,-1.37813,-1.04968,-1.46562
0.94408,-1.29062,-1.05096,-1.46562
0.946258,-1.37813,-1.04585,-1.44375
0.964708,-1.3125,-1.05353,-1.4875
0.937512,-1.35625,-1.03678,-1.4875
0.968464,-1.225,-1.03632,-1.46562
0.953197,-1.35625,-1.03237,-1.4875
1.00741,-1.29062,-1.03511,-1.35625
0.974397,-1.33438,-1.03552,-1.42188
0.976275,-1.33438,-1.03041,-1.44375
0.978153,-1.35625,-1.03692,-1.37813
0.962886,-1.3125,-1.03123,-1.44375
0.999653,-1.33438,-1.03862,-1.4875
1.01985,-1.33438,-1.03525,-1.575
0.986836,-1.3125,-1.0534,-1.50937
0.988714,-1.29062,-1.06863,-1.33438
0.972275,-1.33438,-1.07515,-1.4875
0.963695,-1.37813,-1.07295,-1.37813
0.977203,-1.37813,-1.1033,-1.4875
1.01397,-1.33438,-1.10371,-1.4
1.01585,-1.37813,-1.11198,-1.35625
1.00028,-1.37813,-1.13913,-1.4
0.984714,-1.37813,-1.13489,-1.44375
0.97409,-1.37813,-1.14315,-1.42188
0.987597,-1.37813,-1.15955,-1.575
1.04268,-1.37813,-1.16083,-1.46562
1.01084,-1.4,-1.17084,-1.55313
1.01185,-1.42188,-1.18549,-1.4875
0.997153,-1.42188,-1.17544,-1.6625
0.99903,-1.42188,-1.18108,-1.53125
1.01748,-1.37813,-1.18963,-1.64062
1.03855,-1.42188,-1.19789,-1.68437
1.04042,-1.50937,-1.1983,-1.64062
1.07225,-1.4875,-1.19958,-1.55313
1.09244,-1.53125,-1.19127,-1.70625
1.0478,-1.50937,-1.18092,-1.50937
1.09794,-1.50937,-1.17523,-1.72812
1.01929,-1.53125,-1.16371,-1.575
1.07437,-1.37813,-1.15104,-1.72812
1.12451,-1.55313,-1.13081,-1.61875
1.12813,-1.575,-1.12395,-1.68437
1.15007,-1.4875,-1.11448,-1.64062
1.13625,-1.55313,-1.11633,-1.70625
1.15644,-1.59688,-1.11122,-1.575
1.10773,-1.575,-1.12675,-1.6625
1.11135,-1.53125,-1.11815,-1.53125
1.15074,-1.575,-1.1357,-1.59688
1.17268,-1.53125,-1.14571,-1.50937
1.20712,-1.59688,-1.14612,-1.53125
1.16479,-1.59688,-1.1692,-1.46562
1.13353,-1.55313,-1.17659,-1.64062
1.17291,-1.53125,-1.18398,-1.575
1.14077,-1.4875,-1.20387,-1.59688
1.14527,-1.575,-1.21793,-1.55313
1.14889,-1.59688,-1.23346,-1.70625
1.16995,-1.61875,-1.24376,-1.575
1.22097,-1.59688,-1.25551,-1.59688
1.1618,-1.68437,-1.26349,-1.77188
1.1346,-1.61875,-1.26739,-1.61875
1.17079,-1.575,-1.25704,-1.75
1.16191,-1.59688,-1.26851,-1.68437
1.16466,-1.61875,-1.25933,-1.72812
1.15026,-1.6625,-1.25887,-1.75
1.17046,-1.59688,-1.25958,-1.72812
1.17321,-1.61875,-1.25359,-1.77188
1.17596,-1.59688,-1.24412,-1.75
1.16039,-1.61875,-1.23319,-1.77188
1.16227,-1.61875,-1.24001,-1.75
1.16532,-1.575,-1.22239,-1.75
1.15062,-1.59688,-1.22891,-1.70625
1.13419,-1.55313,-1.2206,-1.70625
1.13694,-1.59688,-1.22015,-1.68437
1.13881,-1.55313,-1.23306,-1.68437
1.22297,-1.4875,-1.24481,-1.70625
1.2074,-1.575,-1.25133,-1.68437
1.16394,-1.61875,-1.25087,-1.6625
1.1475,-1.575,-1.27454,-1.70625
1.08454,-1.53125,-1.27118,-1.64062
1.16782,-1.4875,-1.27595,-1.70625
1.1697,-1.50937,-1.29584,-1.6625
1.17158,-1.53125,-1.29538,-1.72812
1.17346,-1.53125,-1.3147,-1.6625
1.09306,-1.55313,-1.30871,-1.72812
1.15715,-1.50937,-1.31203,-1.70625
1.0942,-1.55313,-1.32843,-1.70625
1.11265,-1.50937,-1.33233,-1.81563
1.11365,-1.50937,-1.33187,-1.79375
1.17862,-1.53125,-1.33926,-1.6625
1.15142,-1.55313,-1.35073,-1.85938
1.11667,-1.53125,-1.34329,-1.70625
1.08773,-1.50937,-1.35097,-1.77188
1.11693,-1.53125,-1.34615,-1.81563
1.11794,-1.575,-1.35005,-1.77188
1.15383,-1.53125,-1.35336,-1.81563
1.18391,-1.575,-1.34854,-1.6625
1.10351,-1.575,-1.33296,-1.81563
1.15598,-1.55313,-1.32378,-1.77188
1.13954,-1.575,-1.32506,-1.79375
1.15712,-1.575,-1.31675,-1.77188
1.14155,-1.575,-1.30204,-1.79375
1.14168,-1.53125,-1.3106,-1.81563
1.14269,-1.6625,-1.29153,-1.79375
1.17277,-1.61875,-1.28932,-1.79375
1.17465,-1.61875,-1.29671,-1.85938
1.14628,-1.575,-1.29014,-1.8375
1.16473,-1.61875,-1.27805,-1.8375
1.13085,-1.61875,-1.26887,-1.81563
1.17837,-1.59688,-1.26841,-1.81563
1.19769,-1.575,-1.26678,-1.79375
1.18212,-1.59688,-1.26371,-1.81563
1.184,-1.61875,-1.26499,-1.77188
1.15593,-1.68437,-1.27063,-1.72812
1.22147,-1.64062,-1.26407,-1.79375
1.18846,-1.6625,-1.25547,-1.77188
1.17871,-1.6625,-1.27361,-1.79375
1.17972,-1.64062,-1.26327,-1.79375
1.16415,-1.61875,-1.26512,-1.70625
1.23056,-1.575,-1.26902,-1.75
1.26152,-1.64062,-1.27496,-1.72812
1.23519,-1.6625,-1.2902,-1.6625
1.25451,-1.61875,-1.27723,-1.59688
1.2215,-1.6625,-1.2823,-1.50937
1.20476,-1.61875,-1.28358,-1.77188
1.22496,-1.70625,-1.29533,-1.75
1.24428,-1.6625,-1.29282,-1.75
1.27872,-1.72812,-1.28771,-1.77188
1.26954,-1.70625,-1.29365,-1.77188
1.30137,-1.70625,-1.29755,-1.79375
1.27504,-1.75,-1.29854,-1.81563
1.24203,-1.72812,-1.29254,-1.8375
1.22616,-1.75,-1.29993,-1.8375
1.2638,-1.55313,-1.30383,-1.77188
1.24911,-1.75,-1.30075,-1.77188
1.29895,-1.70625,-1.3064,-1.77188
1.30257,-1.75,-1.30535,-1.81563
1.27537,-1.77188,-1.31448,-1.88125
1.27812,-1.75,-1.31664,-1.88125
1.26226,-1.72812,-1.31065,-1.8375
1.26501,-1.72812,-1.32763,-1.8375
1.2852,-1.75,-1.32542,-1.81563
1.30422,-1.77188,-1.33979,-1.79375
1.30697,-1.75,-1.34513,-1.8375
1.25622,-1.72812,-1.34205,-1.8375
1.25897,-1.79375,-1.36194,-1.8375
1.23177,-1.75,-1.36381,-1.79375
1.27987,-1.72812,-1.36741,-1.90312
1.28262,-1.72812,-1.37858,-1.8375
1.26792,-1.68437,-1.39411,-1.88125
1.26863,-1.68437,-1.39305,-1.90312
1.27051,-1.70625,-1.39812,-1.99063
1.24214,-1.68437,-1.40346,-1.88125
1.26059,-1.6625,-1.40475,-1.96875
1.26217,-1.68437,-1.4002,-1.90312
1.27537,-1.68437,-1.40846,-1.79375
1.26445,-1.68437,-1.4138,-1.90312
1.27766,-1.75,-1.39937,-1.90312
1.27866,-1.64062,-1.4207,-1.925
1.26774,-1.72812,-1.41296,-1.88125
1.26757,-1.6625,-1.42353,-1.90312
1.25171,-1.68437,-1.42161,-1.88125
1.26986,-1.68437,-1.41736,-1.90312
1.28219,-1.70625,-1.42386,-1.94687
1.2547,-1.75,-1.42716,-1.90312
1.27285,-1.70625,-1.43425,-1.96875
1.27355,-1.75,-1.43435,-1.99063
1.28589,-1.75,-1.44057,-1.94687
1.25839,-1.75,-1.44533,-1.925
1.28817,-1.70625,-1.44078,-1.94687
1.28975,-1.75,-1.45253,-1.90312
1.29132,-1.72812,-1.4474,-1.96875
1.29203,-1.72812,-1.45245,-1.94687
1.28198,-1.72812,-1.45808,-2.05625
1.26524,-1.8375,-1.44917,-1.90312
1.29589,-1.77188,-1.44579,-1.96875
1.29747,-1.77188,-1.44445,-1.81563
1.28742,-1.77188,-1.44513,-1.99063
1.30062,-1.75,-1.42867,-2.0125
1.30133,-1.81563,-1.41249,-2.05625
1.27296,-1.79375,-1.40388,-1.96875
1.29198,-1.72812,-1.39672,-2.03437
1.29269,-1.70625,-1.38025,-1.925
1.32247,-1.75,-1.38094,-1.99063
1.32375,-1.81563,-1.36448,-1.90312
1.29538,-1.8375,-1.36516,-1.99063
1.29608,-1.70625,-1.36731,-1.88125
1.27935,-1.72812,-1.35403,-1.96875
1.29837,-1.79375,-1.35066,-1.79375
1.3107,-1.79375,-1.33651,-1.925
1.32885,-1.79375,-1.31714,-1.79375
1.33043,-1.72812,-1.30998,-1.925
1.28462,-1.79375,-1.28363,-1.77188
1.25013,-1.81563,-1.2817,-1.90312
1.3023,-1.75,-1.25243,-1.81563
1.30388,-1.77188,-1.2508,-1.79375
1.33453,-1.72812,-1.248,-1.72812
1.31866,-1.79375,-1.23909,-1.8375
1.30774,-1.72812,-1.23105,-1.6625
1.27326,-1.75,-1.24018,-1.79375
1.29141,-1.70625,-1.23737,-1.6625
1.32119,-1.72812,-1.23282,-1.70625
1.32189,-1.79375,-1.23381,-1.64062
1.32347,-1.81563,-1.23885,-1.79375
1.34132,-1.77188,-1.2343,-1.70625
1.32458,-1.79375,-1.22918,-1.77188
1.24882,-1.79375,-1.22376,-1.70625
1.29605,-1.77188,-1.20525,-1.77188
1.27931,-1.79375,-1.201,-1.6625
1.32623,-1.72812,-1.18133,-1.8375
1.34438,-1.77188,-1.18376,-1.61875
1.31601,-1.81563,-1.18038,-1.6625
1.29897,-1.85938,-1.1642,-1.6625
1.26305,-1.79375,-1.14279,-1.68437
1.26375,-1.8375,-1.13738,-1.4875
1.31592,-1.77188,-1.13457,-1.6625
1.31632,-1.90312,-1.14136,-1.61875
1.31703,-1.81563,-1.12954,-1.64062
1.29942,-1.88125,-1.13954,-1.59688
1.25156,-1.8375,-1.13557,-1.70625
1.26302,-1.88125,-1.13015,-1.55313
1.26286,-1.75,-1.13432,-1.64062
1.26239,-1.79375,-1.13879,-1.50937
1.31543,-1.77188,-1.14006,-1.64062
1.26293,-1.77188,-1.13551,-1.53125
1.23252,-1.68437,-1.14404,-1.6625
1.18583,-1.72812,-1.15548,-1.53125
1.24875,-1.70625,-1.15181,-1.6625
1.25905,-1.68437,-1.14435,-1.53125
1.2298,-1.72812,-1.15231,-1.6625
1.25697,-1.68437,-1.15561,-1.59688
1.244,-1.68437,-1.1685,-1.6625
1.22552,-1.6625,-1.16395,-1.59688
1.17679,-1.68437,-1.17685,-1.6625
1.20395,-1.64062,-1.18045,-1.61875
1.21948,-1.59688,-1.18026,-1.68437
1.21814,-1.6625,-1.1853,-1.59688
1.21623,-1.6625,-1.19732,-1.6625
1.23147,-1.77188,-1.17155,-1.79375
1.17635,-1.64062,-1.17921,-1.64062
1.14506,-1.37813,-1.18338,-1.64062
1.1888,-1.59688,-1.1954,-1.64062
1.15751,-1.70625,-1.20597,-1.64062
1.20212,-1.59688,-1.19852,-1.59688
1.16502,-1.64062,-1.20996,-1.575
1.15148,-1.46562,-1.21792,-1.6625
1.1484,-1.61875,-1.22035,-1.6625
1.09328,-1.55313,-1.23789,-1.6625
1.19079,-1.59688,-1.22956,-1.68437
1.12492,-1.55313,-1.24275,-1.70625
1.15178,-1.50937,-1.23994,-1.6625
1.18476,-1.53125,-1.24935,-1.72812
1.13603,-1.61875,-1.26166,-1.64062
1.16319,-1.33438,-1.25711,-1.59688
1.17755,-1.3125,-1.27466,-1.6625
1.14075,-1.59688,-1.2672,-1.68437
1.19175,-1.59688,-1.27428,-1.70625
1.18984,-1.59688,-1.26681,-1.70625
1.15361,-1.61875,-1.27303,-1.50937
1.17002,-1.55313,-1.28303,-1.70625
1.16898,-1.61875,-1.27325,-1.6625
1.18538,-1.59688,-1.26347,-1.70625
1.19685,-1.59688,-1.28219,-1.68437
1.16673,-1.64062,-1.27532,-1.70625
1.19534,-1.6625,-1.27805,-1.72812
1.19605,-1.6625,-1.27263,-1.72812
1.21332,-1.6625,-1.27884,-1.70625
1.24892,-1.64062,-1.26587,-1.77188
1.23131,-1.70625,-1.27296,-1.72812
1.24916,-1.6625,-1.27626,-1.77188
1.19753,-1.75,-1.26416,-1.70625
1.28139,-1.68437,-1.26427,-1.75
1.26465,-1.79375,-1.26844,-1.79375
1.28511,-1.79375,-1.26245,-1.79375
1.30326,-1.79375,-1.26692,-1.72812
1.28827,-1.81563,-1.26586,-1.75
1.32474,-1.8375,-1.27237,-1.77188
1.31119,-1.53125,-1.26957,-1.77188
1.33108,-1.81563,-1.27665,-1.77188
1.3344,-2.05625,-1.2724,-1.75
1.38482,-1.94687,-1.26524,-1.81563
1.38901,-1.94687,-1.26244,-1.72812
1.39233,-1.94687,-1.27301,-1.70625
1.39478,-1.94687,-1.26846,-1.72812
1.38123,-1.99063,-1.25258,-1.77188
1.35461,-1.94687,-1.26403,-1.85938
1.40532,-1.96875,-1.24873,-1.90312
1.43742,-1.94687,-1.2532,-1.75
1.44248,-2.0125,-1.25127,-1.79375
1.41643,-2.05625,-1.25748,-1.79375
1.38487,-1.925,-1.26136,-1.68437
1.42308,-1.88125,-1.26322,-1.72812
1.44442,-1.925,-1.27031,-1.72812
1.44861,-1.925,-1.27361,-1.81563
1.46531,-1.94687,-1.28157,-1.72812
1.42268,-1.925,-1.29708,-1.6625
1.40856,-1.925,-1.29806,-1.75
1.44822,-1.96875,-1.31648,-1.77188
1.41665,-1.96875,-1.32532,-1.90312
1.43742,-1.94687,-1.32862,-1.3125
1.45875,-2.12188,-1.33396,-1.81563
1.46208,-1.6625,-1.34889,-1.79375
1.44765,-1.99063,-1.35655,-1.81563
1.40359,-1.50937,-1.35405,-1.90312
1.42405,-2.0125,-1.36432,-1.75
1.42563,-2.07812,-1.35658,-1.90312
1.45773,-2.03437,-1.37413,-1.85938
1.41366,-1.72812,-1.37511,-1.925
1.39836,-1.99063,-1.37667,-1.88125
1.40081,-1.99063,-1.3852,-1.90312
1.40209,-1.94687,-1.37572,-1.8375
1.42199,-1.96875,-1.38076,-1.88125
1.42501,-1.99063,-1.37651,-1.85938
1.42746,-1.925,-1.37807,-1.94687
1.41129,-1.94687,-1.36363,-1.90312
1.43119,-1.88125,-1.36985,-1.85938
1.41502,-1.94687,-1.35629,-1.90312
1.45236,-1.96875,-1.36598,-1.88125
1.41962,-1.925,-1.35447,-1.85938
1.43951,-2.07812,-1.363,-1.90312
1.42335,-1.90312,-1.3663,-1.85938
1.40922,-1.90312,-1.36815,-1.85938
1.47534,-1.925,-1.3793,-1.88125
1.49493,-1.925,-1.37912,-1.88125
1.45174,-1.90312,-1.38708,-1.81563
1.41725,-1.925,-1.40375,-1.85938
1.41883,-1.925,-1.40182,-1.90312
1.48407,-1.99063,-1.39814,-1.85938
1.45715,-1.96875,-1.42035,-1.79375
1.47704,-1.96875,-1.42539,-1.88125
1.4443,-1.99063,-1.43247,-1.925
1.48047,-2.0125,-1.43839,-1.925
1.43059,-1.96875,-1.44402,-1.94687
1.4842,-1.96875,-1.44122,-1.94687
1.4689,-2.0125,-1.45353,-1.99063
1.43646,-2.03437,-1.45334,-1.925
1.49095,-1.99063,-1.45781,-2.0125
1.52304,-1.925,-1.44978,-1.925
1.49729,-2.14375,-1.45162,-1.925
1.44536,-2.07812,-1.4462,-1.925
1.50072,-1.79375,-1.43961,-1.94687
1.48572,-2.12188,-1.42198,-1.99063
1.53527,-2.23125,-1.41744,-1.96875
1.49177,-2.1,-1.40242,-1.99063
1.55818,-2.14375,-1.39962,-2.12188
1.56208,-2.0125,-1.39768,-1.96875
1.53021,-2.16562,-1.40098,-1.925
1.56725,-2.1,-1.39556,-1.94687
1.53568,-2.23125,-1.3945,-1.8375
1.53783,-2.07812,-1.39693,-1.8375
1.60656,-2.20938,-1.39238,-1.8375
1.58138,-2.23125,-1.40761,-1.77188
1.60389,-2.1,-1.40829,-1.85938
1.63686,-2.12188,-1.41072,-1.99063
1.64337,-2.34063,-1.40268,-1.79375
1.59988,-2.29688,-1.40249,-1.96875
1.62122,-1.64062,-1.40695,-1.85938
1.62598,-1.81563,-1.38786,-1.96875
1.63075,-2.16562,-1.39116,-1.81563
1.68233,-2.29688,-1.38574,-1.94687
1.70542,-2.3625,-1.37915,-1.88125
1.71018,-2.42813,-1.37024,-1.99063
1.68093,-2.40625,-1.37877,-1.90312
1.65575,-2.29688,-1.3588,-1.90312
1.67302,-2.38437,-1.36908,-1.96875
1.73012,-2.275,-1.36192,-1.88125
1.78228,-2.275,-1.35359,-2.0125
1.77135,-2.40625,-1.36415,-1.79375
1.7296,-2.42813,-1.35989,-1.88125
1.68784,-2.49375,-1.35795,-1.88125
1.69174,-2.34063,-1.36474,-1.90312
1.72558,-2.47187,-1.36455,-1.90312
1.73035,-2.3625,-1.35622,-1.81563
1.78163,-2.45,-1.36649,-1.85938
1.74075,-2.275,-1.37939,-1.90312
1.7272,-2.29688,-1.37571,-1.85938
1.72121,-2.40625,-1.37988,-1.85938
1.75418,-2.29688,-1.37765,-1.90312
1.75807,-2.38437,-1.37804,-1.81563
1.73377,-2.31875,-1.38425,-1.88125
1.73766,-2.34063,-1.39161,-1.85938
1.75406,-2.31875,-1.39142,-1.88125
1.74632,-2.38437,-1.39181,-1.85938
1.71533,-2.25312,-1.38609,-1.925
1.73667,-2.29688,-1.39288,-1.99063
1.74056,-2.3625,-1.4017,-1.99063
1.74358,-2.45,-1.40092,-1.81563
1.71172,-2.3625,-1.39899,-1.94687
1.77957,-2.34063,-1.40956,-1.925
1.68781,-2.49375,-1.40355,-1.81563
1.73705,-2.40625,-1.40423,-1.88125
1.67611,-2.3625,-1.41015,-1.94687
1.71315,-2.40625,-1.4178,-1.925
1.74525,-2.31875,-1.41208,-1.90312
1.70088,-2.3625,-1.41712,-2.0125
1.68559,-2.29688,-1.43292,-1.72812
1.66942,-2.34063,-1.43418,-1.94687
1.67157,-2.34063,-1.42875,-1.90312
1.72575,-2.34063,-1.43554,-2.03437
1.69214,-2.34063,-1.4336,-1.90312
1.67597,-2.42813,-1.43865,-1.925
1.64731,-2.29688,-1.43728,-1.90312
1.66603,-2.29688,-1.42837,-1.90312
1.71382,-2.31875,-1.43603,-1.88125
1.69823,-2.3625,-1.42159,-1.925
1.68119,-2.31875,-1.40802,-1.925
1.65252,-2.25312,-1.4026,-1.925
1.70032,-2.25312,-1.40734,-1.925
1.68415,-2.3625,-1.39581,-1.925
1.73834,-2.31875,-1.4087,-1.925
1.68728,-2.34063,-1.38176,-1.96875
1.68943,-2.38437,-1.40104,-1.96875
1.68984,-2.31875,-1.39097,-1.88125
1.68994,-2.275,-1.39426,-1.94687
1.72698,-2.31875,-1.38127,-1.85938
1.68174,-2.29688,-1.37323,-1.96875
1.77693,-2.42813,-1.36896,-1.94687
1.68487,-2.34063,-1.36267,-1.96875
1.71522,-2.42813,-1.3488,-1.925
1.69905,-2.42813,-1.34774,-1.90312
1.76487,-2.51562,-1.34028,-2.0125
1.71962,-2.42813,-1.32903,-1.77188
1.73835,-2.38437,-1.32361,-1.88125
1.72188,-2.42813,-1.31847,-1.90312
1.70659,-2.38437,-1.31071,-1.8375
1.74275,-2.40625,-1.31052,-1.90312
1.7449,-2.38437,-1.31963,-1.81563
1.7642,-2.40625,-1.32088,-1.90312
1.7489,-2.38437,-1.31808,-1.85938
1.73244,-2.20938,-1.32078,-1.79375
1.71627,-2.40625,-1.3328,-1.85938
1.73499,-2.47187,-1.33145,-1.79375
1.7069,-2.45,-1.34346,-1.81563
1.75469,-2.3625,-1.35256,-1.77188
1.69201,-2.45,-1.34859,-1.8375
1.73863,-2.42813,-1.35712,-1.8375
1.70996,-2.38437,-1.37262,-1.88125
1.72257,-2.42813,-1.37359,-1.85938
1.71047,-2.34063,-1.36816,-1.88125
1.71088,-2.34063,-1.37553,-1.79375
1.72261,-2.31875,-1.3794,-1.96875
1.71139,-2.31875,-1.3728,-1.88125
1.67748,-2.34063,-1.37028,-1.90312
1.66044,-2.275,-1.38608,-1.88125
1.71201,-2.29688,-1.38268,-1.925
1.69584,-2.29688,-1.37231,-1.8375
1.66048,-2.275,-1.38781,-1.925
1.69461,-2.25312,-1.38093,-1.925
1.69414,-2.29688,-1.38888,-1.925
1.65848,-2.275,-1.40671,-1.925
1.65802,-2.29688,-1.3911,-1.96875
1.65725,-2.31875,-1.40747,-1.88125
1.65766,-2.23125,-1.40233,-1.925
1.67433,-2.25312,-1.42307,-1.96875
1.6727,-2.25312,-1.42345,-1.90312
1.65448,-2.20938,-1.42063,-1.94687
1.65315,-2.25312,-1.4242,-1.99063
1.63988,-2.29688,-1.43883,-1.96875
1.62167,-2.0125,-1.43804,-1.99063
1.6209,-2.16562,-1.45411,-1.925
1.66665,-2.20938,-1.43879,-1.925
1.66501,-2.25312,-1.46854,-1.94687
1.66425,-2.275,-1.46339,-1.94687
1.59864,-2.25312,-1.46521,-1.99063
1.63102,-2.275,-1.47955,-2.07812
1.63025,-2.23125,-1.47353,-1.99063
1.62862,-2.25312,-1.47972,-2.1
1.6104,-2.23125,-1.48242,-1.99063
1.63871,-2.23125,-1.47989,-1.99063
1.63707,-2.25312,-1.47765,-2.05625
1.65375,-2.275,-1.48035,-2.03437
1.63467,-2.0125,-1.48654,-2.07812
1.63303,-2.275,-1.49186,-2.03437
1.63226,-2.275,-1.49369,-2.03437
1.63092,-2.29688,-1.49494,-1.99063
1.60078,-2.29688,-1.48892,-2.0125
1.68142,-2.25312,-1.50674,-2.0125
1.61669,-2.31875,-1.50566,-2.03437
1.66245,-2.275,-1.50952,-1.96875
1.59772,-2.275,-1.51484,-2.05625
1.66091,-2.23125,-1.52655,-2.03437
1.62613,-2.29688,-1.52141,-2.03437
1.72509,-2.275,-1.52963,-2.05625
1.66036,-2.31875,-1.52158,-2.0125
1.64215,-2.29688,-1.53242,-2.05625
1.6123,-2.34063,-1.53512,-2.03437
1.6755,-2.29688,-1.53985,-2.05625
1.68811,-2.31875,-1.54343,-2.07812
1.68821,-2.34063,-1.55078,-2.05625
1.68919,-2.31875,-1.56423,-2.07812
1.64278,-2.34063,-1.5492,-2.1
1.70685,-2.31875,-1.5519,-2.07812
1.67875,-2.34063,-1.55053,-2.14375
1.70937,-2.34063,-1.55963,-2.1
1.7278,-2.34063,-1.55157,-2.1875
1.72965,-2.34063,-1.56532,-1.99063
1.73062,-2.38437,-1.56365,-2.07812
1.76155,-2.40625,-1.55327,-2.12188
1.7509,-2.38437,-1.55161,-2.05625
1.7353,-2.38437,-1.54035,-2.16562
1.7543,-2.40625,-1.52794,-2.0125
1.78522,-2.40625,-1.53267,-2.16562
1.80626,-2.38437,-1.52403,-2.07812
1.79154,-2.47187,-1.51249,-2.14375
1.83002,-2.45,-1.52769,-2.0125
1.78041,-2.45,-1.51382,-2.16562
1.83517,-2.45,-1.51564,-2.05625
1.83702,-2.55938,-1.50962,-2.07812
1.84061,-2.69062,-1.50912,-2.07812
1.82763,-2.5375,-1.50048,-2.14375
1.83123,-2.55938,-1.50637,-1.99063
1.8636,-2.5375,-1.4864,-2.14375
1.83899,-2.51562,-1.49433,-1.96875
1.86003,-2.60312,-1.45923,-1.94687
1.84792,-2.60312,-1.4628,-2.1
1.86866,-2.5375,-1.44341,-2.07812
1.85394,-2.58125,-1.42925,-2.0125
1.8584,-2.5375,-1.42932,-1.99063
1.862,-2.60312,-1.41254,-2.07812
1.86355,-2.5375,-1.41088,-1.96875
1.86714,-2.51562,-1.39933,-1.99063
1.87074,-2.55938,-1.39854,-1.925
1.87433,-2.49375,-1.39427,-1.99063
1.8942,-2.5375,-1.39841,-1.96875
1.88035,-2.51562,-1.39849,-1.94687
1.88394,-2.51562,-1.40381,-2.05625
1.84159,-2.5375,-1.40651,-1.88125
1.85507,-2.51562,-1.39321,-1.94687
1.89268,-2.51562,-1.39678,-1.94687
1.85934,-2.51562,-1.39599,-1.99063
1.84956,-2.55938,-1.39869,-2.05625
1.79995,-2.45,-1.38249,-1.88125
1.80063,-2.49375,-1.38519,-1.94687
1.85481,-2.42813,-1.37306,-1.90312
1.85666,-2.49375,-1.35772,-2.1
1.82332,-2.51562,-1.36391,-1.90312
1.8243,-2.47187,-1.35585,-1.925
1.80784,-2.5375,-1.33529,-1.53125
1.82596,-2.49375,-1.34409,-2.0125
1.84438,-2.45,-1.33429,-1.90312
1.79854,-2.5375,-1.32855,-1.99063
1.7812,-2.49375,-1.32602,-1.8375
1.78218,-2.49375,-1.34703,-1.85938
1.78198,-2.49375,-1.34101,-1.94687
1.82861,-2.45,-1.33441,-1.94687
1.80051,-2.47187,-1.34525,-1.8375
1.78143,-2.51562,-1.34883,-2.03437
1.76322,-2.45,-1.35589,-1.90312
1.7325,-2.45,-1.36208,-1.81563
1.6794,-2.49375,-1.36914,-1.85938
1.74143,-2.34063,-1.37854,-1.90312
1.75723,-2.49375,-1.41235,-1.925
1.75647,-2.34063,-1.4165,-1.85938
1.73651,-2.45,-1.3942,-1.8375
1.70493,-2.40625,-1.40678,-1.88125
1.70212,-2.25312,-1.41559,-1.90312
1.65221,-2.3625,-1.41597,-1.88125
1.63226,-2.31875,-1.43292,-1.99063
1.67627,-2.25312,-1.43096,-1.90312
1.69033,-2.31875,-1.45431,-1.94687
1.68752,-2.40625,-1.43985,-2.07812
1.68413,-2.47187,-1.43267,-1.96875
1.63336,-2.23125,-1.43711,-1.94687
1.61166,-2.34063,-1.44098,-1.94687
1.51319,-2.20938,-1.44368,-2.0125
1.51068,-2.1,-1.44987,-1.925
1.53637,-2.12188,-1.47322,-1.96875
1.66179,-2.25312,-1.45963,-2.05625
1.61246,-2.16562,-1.46582,-1.99063
1.6082,-2.1875,-1.47027,-1.99063
1.49172,-2.1,-1.49535,-2.05625
1.48629,-2.29688,-1.48643,-2.07812
1.48204,-2.12188,-1.47924,-2.0125
1.58826,-2.12188,-1.49008,-2.1
1.55086,-2.07812,-1.50703,-2.03437
1.54631,-2.16562,-1.51409,-2.07812
1.47809,-2.14375,-1.50603,-2.03437
1.49041,-2.03437,-1.52763,-2.07812
1.45678,-2.12188,-1.5123,-2.0125
1.54643,-1.99063,-1.52314,-2.07812
1.55962,-2.0125,-1.53457,-2.05625
1.56669,-2.12188,-1.51779,-2.03437
1.53336,-2.07812,-1.51525,-2.12188
1.51049,-2.07812,-1.51708,-1.99063
1.43152,-2.03437,-1.52414,-2.12188
1.54937,-2.0125,-1.53847,-2.0125
1.54482,-2.12188,-1.55716,-2.12188
1.43095,-2.05625,-1.53224,-2.0125
1.55375,-2.07812,-1.55355,-2.07812
1.42301,-2.03437,-1.57224,-2.07812
1.51761,-1.99063,-1.5572,-2.23125
1.44822,-2.07812,-1.57298,-2.03437
1.53874,-2.0125,-1.57045,-2.20938
1.48767,-2.05625,-1.57489,-2.12188
1.50173,-2.05625,-1.58137,-2.23125
1.41694,-2.07812,-1.56633,-2.12188
1.52374,-1.96875,-1.57718,-2.20938
1.49215,-2.05625,-1.59034,-1.94687
1.5001,-2.0125,-1.59216,-2.20938
1.51416,-2.05625,-1.58963,-2.1
1.44651,-2.14375,-1.60105,-2.12188
1.444,-2.03437,-1.60666,-2.23125
1.47608,-1.85938,-1.60412,-2.1
1.47444,-1.925,-1.6202,-2.12188
1.51815,-2.0125,-1.62812,-2.20938
1.49907,-1.925,-1.61221,-2.14375
1.51457,-2.14375,-1.62945,-2.1875
1.54288,-2.03437,-1.63041,-2.12188
1.49442,-1.79375,-1.62525,-2.14375
1.51023,-2.07812,-1.61748,-2.1
1.5266,-2.1,-1.62919,-2.16562
1.57236,-2.12188,-1.61794,-2.12188
1.60211,-2.1,-1.6151,-2.16562
1.59058,-2.1875,-1.60298,-2.16562
1.57295,-2.1875,-1.5923,-2.14375
1.5902,-2.16562,-1.59499,-2.1875
1.59205,-2.275,-1.58548,-2.14375
1.6218,-2.20938,-1.57859,-2.1875
1.57626,-2.20938,-1.56559,-2.1875
1.68916,-2.23125,-1.5645,-2.16562
1.67444,-2.60312,-1.55324,-2.25312
1.64691,-2.275,-1.55041,-2.23125
1.63015,-2.275,-1.5284,-2.16562
1.64857,-2.29688,-1.52325,-2.20938
1.71583,-2.31875,-1.50093,-2.16562
1.73687,-2.34063,-1.49578,-2.1875
1.7044,-2.3625,-1.47988,-2.1
1.70682,-2.31875,-1.46541,-2.12188
1.66302,-2.45,-1.45561,-2.14375
1.69714,-2.34063,-1.44813,-2.05625
1.7644,-2.275,-1.44995,-2.03437
1.76799,-2.31875,-1.45527,-1.96875
1.74134,-2.38437,-1.46378,-2.03437
1.76382,-2.42813,-1.4656,-2.0125
1.76742,-2.29688,-1.48138,-1.99063
1.79978,-2.29688,-1.47855,-1.925
1.86791,-2.40625,-1.50305,-1.99063
1.79097,-2.5375,-1.51215,-1.96875
1.78177,-2.3625,-1.51716,-2.05625
1.79495,-2.40625,-1.51725,-2.0125
1.78574,-2.5375,-1.52953,-2.03437
1.78933,-2.40625,-1.53747,-2.03437
1.79088,-2.40625,-1.53784,-2.03437
1.79448,-2.40625,-1.53588,-2.07812
1.77945,-2.42813,-1.54643,-2.1
1.73536,-2.42813,-1.5439,-2.07812
1.72064,-2.40625,-1.537,-2.14375
1.70474,-2.3625,-1.52109,-2.12188
1.75485,-2.38437,-1.51682,-2.12188
1.7564,-2.38437,-1.5044,-2.05625
1.76,-2.49375,-1.50012,-2.14375
1.75079,-2.12188,-1.50195,-2.1
1.75321,-2.3625,-1.49388,-2.07812
1.80245,-2.42813,-1.47768,-2.05625
1.804,-2.40625,-1.49201,-2.07812
1.707,-2.47187,-1.48948,-2.07812
1.77164,-2.38437,-1.48404,-2.05625
1.83803,-2.47187,-1.48731,-2.03437
1.7951,-2.49375,-1.49379,-2.03437
1.76758,-2.45,-1.50521,-2.05625
1.75169,-2.31875,-1.50704,-2.12188
1.84832,-2.42813,-1.50451,-2.1
1.7577,-2.40625,-1.50603,-2.05625
1.82409,-2.38437,-1.51862,-2.12188
1.79279,-2.51562,-1.51754,-2.05625
1.8301,-2.40625,-1.52576,-2.1
1.76769,-2.5375,-1.52468,-2.12188
1.77041,-2.34063,-1.52476,-2.1
1.79028,-2.40625,-1.53356,-2.07812
1.79183,-2.38437,-1.54004,-1.90312
1.80531,-2.51562,-1.54244,-2.1
1.82518,-2.42813,-1.53293,-2.0125
1.78195,-2.45,-1.54377,-2.0125
1.80125,-2.49375,-1.5453,-2.03437
1.76704,-2.45,-1.53753,-2.05625
1.81598,-2.5375,-1.53297,-2.1
1.83497,-2.47187,-1.54438,-2.05625
1.88508,-2.55938,-1.534,-2.0125
1.82354,-2.51562,-1.53146,-2.07812
1.82597,-2.625,-1.52776,-1.94687
1.81589,-2.55938,-1.53947,-2.03437
1.84855,-2.49375,-1.53576,-2.20938
1.83353,-2.625,-1.52422,-2.0125
1.88916,-2.5375,-1.53506,-2.14375
1.87414,-2.58125,-1.52699,-2.16562
1.85824,-2.60312,-1.52998,-2.12188
1.94412,-2.51562,-1.53413,-2.16562
1.84594,-2.60312,-1.52723,-2.0125
1.91233,-2.60312,-1.5247,-2.03437
1.90312,-2.60312,-1.51925,-2.05625
1.90642,-2.66875,-1.50887,-2.0125
1.91001,-2.64688,-1.49179,-2.07812
1.92493,-2.58125,-1.49042,-2.07812
1.92997,-2.60312,-1.46868,-2.05625
1.95158,-2.55938,-1.45568,-2.12188
1.93743,-2.60312,-1.4482,-2.07812
1.9291,-2.625,-1.43404,-2.07812
1.93327,-2.625,-1.42132,-2.03437
1.94936,-2.625,-1.41704,-2.16562
1.95178,-2.625,-1.40955,-2.0125
1.926,-2.66875,-1.4201,-2.0125
1.97756,-2.625,-1.41814,-1.99063
1.96428,-2.7125,-1.42346,-2.05625
1.95682,-2.64688,-1.43371,-1.925
1.99093,-2.69062,-1.4396,-1.90312
1.94858,-2.75625,-1.44492,-2.0125
2,-2.73438,-1.45429,-1.90312
2,-2.75625,-1.46688,-2.07812
2,-2.82187,-1.47015,-1.925
1.98212,-2.75625,-1.48127,-2.03437
1.98542,-2.77813,-1.48746,-1.94687
1.98871,-2.73438,-1.49888,-2.07812
1.97456,-2.75625,-1.5007,-2.0125
1.96041,-2.77813,-1.497,-2.03437
1.96283,-2.73438,-1.50114,-2.03437
1.9827,-2.7125,-1.49774,-2.03437
1.95023,-2.7125,-1.49839,-2.05625
1.92271,-2.64688,-1.48742,-2.03437
1.9542,-2.625,-1.48227,-2.07812
1.97407,-2.625,-1.48263,-2.1
1.97562,-2.64688,-1.46991,-2.03437
1.95973,-2.66875,-1.48075,-2.07812
1.91476,-2.73438,-1.47327,-2.05625
1.91631,-2.66875,-1.47741,-2.03437
1.9353,-2.60312,-1.48243,-2.12188
1.9543,-2.64688,-1.48339,-2.05625
1.98579,-2.69062,-1.48404,-2.0125
1.94082,-2.64688,-1.50505,-2.03437
1.90661,-2.625,-1.49233,-1.99063
1.94218,-2.64688,-1.5055,-2.12188
1.94286,-2.60312,-1.51517,-2.0125
1.94324,-2.60312,-1.51901,-2.0125
1.94449,-2.69062,-1.52198,-2.1
1.94486,-2.66875,-1.52727,-1.99063
1.96356,-2.66875,-1.53779,-2.05625
1.96598,-2.7125,-1.54163,-2.12188
1.93147,-2.64688,-1.54692,-2.07812
1.90277,-2.625,-1.55482,-2.16562
1.91391,-2.66875,-1.54471,-2.14375
1.91341,-2.73438,-1.56338,-2.12188
1.91466,-2.64688,-1.55093,-2.12188
1.91417,-2.69062,-1.56,-2.12188
1.90292,-2.64688,-1.5618,-2.03437
1.9033,-2.64688,-1.55488,-2.1875
1.88536,-2.60312,-1.54185,-2.1
1.90231,-2.60312,-1.5515,-2.12188
1.86692,-2.60312,-1.54021,-2.1
1.90219,-2.55938,-1.53853,-2.07812
1.93077,-2.64688,-1.53684,-2.1
1.93115,-2.69062,-1.52439,-2.12188
1.93065,-2.625,-1.53084,-2.1
1.90108,-2.64688,-1.52188,-2.1
1.91309,-2.58125,-1.51758,-2.07812
1.90097,-2.58125,-1.51589,-2.05625
1.94786,-2.55938,-1.52118,-2.07812
1.91335,-2.60312,-1.52036,-2.03437
1.9146,-2.5375,-1.52594,-2.07812
1.93242,-2.625,-1.52861,-2.05625
1.93193,-2.66875,-1.52256,-2.05625
1.93318,-2.58125,-1.53047,-2.07812
1.93269,-2.60312,-1.5343,-2.1
1.93219,-2.64688,-1.52796,-2.1
1.88518,-2.60312,-1.52453,-2.1
1.93207,-2.60312,-1.52284,-2.1
1.93245,-2.58125,-1.53104,-2.14375
1.9494,-2.625,-1.52324,-2.14375
1.95065,-2.64688,-1.51632,-2.16562
1.93359,-2.625,-1.51173,-2.12188
1.93396,-2.64688,-1.49608,-2.14375
1.90497,-2.64688,-1.49933,-2.16562
1.91785,-2.51562,-1.47699,-2.16562
1.91822,-2.66875,-1.49508,-2.14375
2,-2.49375,-1.46024,-2.12188
1.95561,-2.7125,-1.46466,-2.12188
1.97344,-2.66875,-1.46471,-2.07812
1.93805,-2.66875,-1.4575,-2.05625
1.92011,-2.69062,-1.44563,-2.03437
1.90799,-2.625,-1.45818,-1.96875
1.91882,-2.7125,-1.44748,-2.03437
1.95496,-2.66875,-1.46324,-2.0125
1.92045,-2.73438,-1.46068,-2.03437
1.92083,-2.64688,-1.47003,-2.03437
1.90871,-2.73438,-1.47095,-2.0125
1.93729,-2.625,-1.49136,-1.99063
1.92022,-2.75625,-1.49665,-1.99063
1.88948,-2.7125,-1.50775,-2.0125
1.88811,-2.625,-1.51565,-2.0125
1.85273,-2.625,-1.5221,-2.0125
1.85136,-2.55938,-1.52187,-2.07812
1.91483,-2.49375,-1.52075,-2.05625
1.86782,-2.66875,-1.52866,-2.1
1.86615,-2.55938,-1.52697,-2.05625
1.84734,-2.625,-1.52934,-2.12188
1.84597,-2.58125,-1.52329,-2.23125
1.86292,-2.45,-1.52771,-2.12188
1.79729,-2.58125,-1.54055,-2.12188
1.86076,-2.49375,-1.52112,-2.12188
1.87684,-2.5375,-1.51187,-2.16562
1.87547,-2.60312,-1.53053,-2.12188
1.87323,-2.40625,-1.52041,-2.12188
1.83668,-2.49375,-1.52948,-2.12188
1.83444,-2.58125,-1.53156,-2.14375
1.83307,-2.40625,-1.55574,-2.12188
1.85002,-2.7125,-1.54679,-2.1
1.83178,-2.51562,-1.58027,-2.0125
1.84786,-2.58125,-1.55503,-2.20938
1.8465,-2.49375,-1.57165,-2.14375
1.81605,-2.47187,-1.59583,-2.1
1.92661,-2.49375,-1.6017,-2.14375
1.87873,-2.66875,-1.60408,-2.14375
1.84247,-2.625,-1.59803,-2.1875
1.8126,-2.55938,-1.61813,-2.14375
1.85776,-2.625,-1.6304,-2.14375
1.83982,-2.64688,-1.63016,-2.20938
1.87478,-2.5375,-1.62498,-2.25312
1.87342,-2.60312,-1.63607,-2.16562
1.87205,-2.66875,-1.64601,-2.31875
1.8358,-2.60312,-1.64548,-2.25312
1.81668,-2.49375,-1.65891,-2.20938
1.81619,-2.49375,-1.6418,-2.25312
1.84971,-2.49375,-1.65523,-2.23125
1.83147,-2.625,-1.67069,-2.29688
1.84755,-2.47187,-1.65183,-2.31875
1.84676,-2.73438,-1.66788,-2.38437
1.86458,-2.47187,-1.67752,-2.20938
1.81175,-2.58125,-1.6642,-2.29688
1.82666,-2.45,-1.67181,-2.275
1.84361,-2.625,-1.68088,-2.25312
1.85968,-2.51562,-1.68935,-2.29688
1.824,-2.64688,-1.68039,-2.275
1.84008,-2.5375,-1.67928,-2.31875
1.82127,-2.49375,-1.67091,-2.29688
1.83822,-2.5375,-1.68726,-2.275
1.81941,-2.55938,-1.69168,-2.25312
1.85323,-2.625,-1.69727,-2.31875
1.81785,-2.47187,-1.69239,-2.31875
1.86387,-2.51562,-1.69013,-2.275
1.86425,-2.40625,-1.67973,-2.29688
1.86375,-2.73438,-1.69258,-2.23125
1.85163,-2.45,-1.69817,-2.1875
1.85143,-2.47187,-1.69735,-2.31875
1.86431,-2.47187,-1.70033,-2.275
1.88214,-2.5375,-1.71318,-2.275
1.89909,-2.55938,-1.7118,-2.275
1.8637,-2.275,-1.71215,-2.25312
1.85332,-2.49375,-1.72645,-2.29688
1.86446,-2.625,-1.72855,-2.29688
1.83663,-2.5375,-1.72978,-2.29688
1.86551,-2.29688,-1.72752,-2.29688
1.86502,-2.38437,-1.73833,-2.29688
1.9186,-2.49375,-1.74508,-2.38437
1.85502,-2.64688,-1.74457,-2.3625
1.85452,-2.47187,-1.73358,-2.3625
1.86653,-2.625,-1.73916,-2.34063
1.85353,-2.58125,-1.73952,-2.38437
1.86641,-2.5375,-1.74365,-2.31875
1.86679,-2.55938,-1.73499,-2.49375
1.85554,-2.55938,-1.73127,-2.51562
1.88935,-2.49375,-1.73454,-2.29688
1.87403,-2.5375,-1.70261,-2.38437
1.89098,-2.69062,-1.69075,-2.3625
1.87566,-2.60312,-1.67454,-2.34063
1.9118,-2.58125,-1.65686,-2.51562
1.91217,-2.7125,-1.64384,-2.29688
1.91342,-2.51562,-1.63983,-2.23125
1.91467,-2.77813,-1.62245,-2.25312
1.89878,-2.66875,-1.61844,-2.275
1.88259,-2.58125,-1.62198,-2.275
1.9478,-2.69062,-1.61013,-2.23125
1.88391,-2.66875,-1.61397,-2.23125
1.9375,-2.625,-1.61519,-2.12188
1.9213,-2.64688,-1.60944,-2.23125
1.88679,-2.31875,-1.61124,-2.1
1.952,-2.55938,-1.60724,-2.25312
1.87592,-2.8,-1.59944,-2.16562
1.92369,-2.69062,-1.58497,-2.31875
1.87755,-2.73438,-1.57165,-2.1875
1.97183,-2.40625,-1.56416,-2.14375
1.94314,-2.60312,-1.54909,-2.16562
1.94526,-2.60312,-1.53375,-2.1875
1.90987,-2.625,-1.52392,-2.05625
1.91025,-2.75625,-1.51468,-2.12188
1.94552,-2.75625,-1.49787,-2.25312
1.88193,-2.60312,-1.50346,-1.88125
1.92883,-2.8,-1.50003,-2.1875
1.91351,-2.66875,-1.49486,-2.03437
1.94877,-2.60312,-1.50102,-2.16562
1.93054,-2.625,-1.50138,-2.25312
1.83206,-2.58125,-1.50318,-2.05625
1.86646,-2.55938,-1.49132,-1.88125
1.83107,-2.625,-1.49748,-2.05625
1.89541,-2.69062,-1.49841,-2.16562
1.89579,-2.49375,-1.50138,-2.03437
1.84878,-2.625,-1.5058,-2.05625
1.86573,-2.69062,-1.49918,-2.275
1.86493,-2.73438,-1.4972,-2.12188
1.86444,-2.5375,-1.49464,-2.03437
1.84563,-2.58125,-1.4915,-2.03437
1.81519,-2.51562,-1.48894,-2.1875
1.82545,-2.45,-1.49161,-2.05625
1.82321,-2.51562,-1.48208,-2.07812
1.85731,-2.49375,-1.4865,-2.1875
1.80855,-2.51562,-1.48568,-2.05625
1.80631,-2.55938,-1.48313,-2.03437
1.8157,-2.47187,-1.48755,-2.07812
1.80183,-2.51562,-1.46871,-2.0125
1.76353,-2.47187,-1.474,-2.14375
1.79618,-2.45,-1.47958,-2.03437
1.79394,-2.5375,-1.48487,-2.03437
1.77426,-2.45,-1.49103,-2.16562
1.70631,-2.45,-1.49575,-2.03437
1.78431,-2.38437,-1.50308,-2.03437
1.76463,-2.45,-1.50633,-1.94687
1.72575,-2.49375,-1.50987,-1.99063
1.7584,-2.38437,-1.51603,-1.96875
1.69016,-2.3625,-1.5475,-2.07812
1.76933,-2.42813,-1.52517,-2.03437
1.64905,-2.42813,-1.52784,-2.05625
1.6974,-2.51562,-1.56191,-2.05625
1.64165,-2.34063,-1.53493,-2.12188
1.73739,-2.275,-1.56609,-2.31875
1.66915,-2.31875,-1.55625,-2.1875
1.74744,-2.29688,-1.57579,-1.85938
1.70827,-2.47187,-1.56304,-2.12188
1.68742,-2.45,-1.56251,-2.20938
1.7,-2.05625,-1.55325,-2.1
1.61519,-2.45,-1.57657,-2.20938
1.59957,-2.40625,-1.56004,-2.07812
1.64181,-2.40625,-1.57782,-2.20938
1.72155,-1.96875,-1.5988,-2.07812
1.70187,-2.29688,-1.57356,-1.88125
1.68014,-2.275,-1.57593,-2.07812
1.65841,-2.34063,-1.60593,-2.12188
1.68932,-1.94687,-1.60045,-2.23125
1.66846,-2.23125,-1.5848,-2.12188
1.68337,-2.31875,-1.60375,-2.23125
1.6977,-2.40625,-1.60321,-2.16562
1.69516,-2.275,-1.62536,-2.14375
1.67518,-2.34063,-1.61348,-2.16562
1.67207,-2.29688,-1.62894,-2.16562
1.68697,-2.3625,-1.62725,-2.14375
1.6853,-2.34063,-1.64736,-2.03437
1.6947,-2.31875,-1.63287,-2.51562
1.62819,-2.45,-1.65472,-2.12188
1.70793,-2.25312,-1.66,-2.29688
1.67719,-2.45,-1.6551,-2.1875
1.7049,-2.42813,-1.65747,-2.275
1.72068,-2.07812,-1.66333,-2.1
1.73733,-2.31875,-1.67646,-1.77188
1.73683,-2.34063,-1.68263,-2.20938
1.67033,-2.3625,-1.68442,-2.20938
1.69861,-2.34063,-1.68504,-2.29688
1.74434,-2.40625,-1.69701,-2.25312
1.76216,-2.3625,-1.69415,-2.20938
1.74392,-2.42813,-1.7099,-2.25312
1.74312,-2.1,-1.70791,-2.25312
1.76152,-2.16562,-1.71202,-2.29688
1.7616,-2.45,-1.7173,-2.1
1.79686,-2.47187,-1.73043,-2.1
1.78037,-2.51562,-1.73106,-2.31875
1.76387,-2.47187,-1.73372,-2.51562
1.81222,-2.49375,-1.74947,-2.25312
1.81347,-2.64688,-1.74661,-2.29688
1.81529,-2.55938,-1.75102,-2.25312
1.81711,-2.625,-1.76153,-2.31875
1.83638,-2.5375,-1.76768,-2.20938
1.87396,-2.31875,-1.7561,-2.275
1.87608,-2.60312,-1.75527,-2.23125
1.84389,-2.5375,-1.74456,-2.31875
1.88234,-2.7125,-1.73878,-2.34063
1.89667,-2.69062,-1.72371,-2.3625
1.95344,-2.8875,-1.7066,-2.3625
1.96951,-2.86563,-1.70142,-2.42813
1.97512,-2.7125,-1.68256,-2.40625
1.997,-2.8875,-1.67447,-2.42813
2,-2.69062,-1.65649,-2.5375
2,-2.66875,-1.65188,-2.40625
2,-2.75625,-1.64175,-2.34063
2,-2.7125,-1.62202,-2.3625
2,-2.73438,-1.60491,-2.31875
2,-2.77813,-1.60031,-2.29688
2,-2.77813,-1.59018,-2.275
2,-2.84375,-1.57743,-2.29688
2,-2.73438,-1.56962,-2.16562
2,-2.8,-1.56589,-2.25312
2,-2.77813,-1.57088,-2.23125
2,-2.625,-1.56423,-2.12188
2,-2.75625,-1.56835,-2.14375
2,-2.55938,-1.5774,-2.14375
2,-2.275,-1.58152,-2.1875
2,-2.5375,-1.58912,-2.1
2,-2.66875,-1.59324,-2.1875
2,-2.40625,-1.59822,-2.23125
2,-2.75625,-1.60583,-2.1875
2,-2.82187,-1.61692,-2.16562
2,-2.64688,-1.63702,-2.20938
2,-2.64688,-1.6295,-2.25312
2,-2.64688,-1.63478,-2.1
2,-2.66875,-1.63337,-2.20938
2,-2.49375,-1.62411,-2.20938
2,-2.66875,-1.61689,-2.20938
1.97877,-2.69062,-1.62419,-2.20938
1.99048,-2.82187,-1.60912,-2.20938
1.9923,-2.73438,-1.60161,-2.20938
1.99325,-2.73438,-1.5967,-2.1875
1.9942,-2.7125,-1.58483,-2.1875
1.99515,-2.75625,-1.5936,-2.20938
1.94871,-2.7125,-1.5823,-2.23125
1.96623,-2.69062,-1.57653,-2.16562
1.96718,-2.7125,-1.57424,-2.16562
1.96726,-2.75625,-1.57225,-2.16562
1.96821,-2.66875,-1.57113,-2.16562
1.98747,-2.7125,-1.56681,-2.20938
1.97011,-2.73438,-1.56918,-2.1875
1.97019,-2.73438,-1.57213,-2.1875
1.93625,-2.73438,-1.57537,-2.20938
1.97034,-2.75625,-1.57744,-2.1875
1.97042,-2.77813,-1.5772,-2.16562
1.98794,-2.73438,-1.58014,-2.16562
1.9697,-2.66875,-1.58718,-2.1875
1.96978,-2.73438,-1.59478,-2.12188
1.9344,-2.66875,-1.58437,-2.16562
1.93535,-2.84375,-1.59489,-2.20938
1.93542,-2.20938,-1.59408,-2.16562
1.98988,-2.64688,-1.60168,-2.1875
1.93762,-2.64688,-1.61511,-2.23125
1.99091,-2.58125,-1.61255,-2.1875
1.93895,-2.75625,-1.61435,-2.25312
1.97479,-2.5375,-1.63097,-2.25312
1.92748,-2.82187,-1.63538,-2.20938
1.92698,-2.49375,-1.63544,-2.25312
1.95614,-2.64688,-1.63956,-2.20938
1.93877,-2.625,-1.6495,-2.20938
1.93915,-2.69062,-1.64345,-2.1
1.95754,-2.69062,-1.64146,-2.16562
1.95762,-2.29688,-1.645,-2.275
1.958,-2.625,-1.65116,-2.14375
1.94237,-2.7125,-1.64133,-2.25312
1.96077,-2.45,-1.64051,-2.3625
2,-2.66875,-1.64405,-2.38437
2,-2.93125,-1.62869,-2.3625
2,-2.66875,-1.63514,-2.20938
2,-2.95312,-1.64479,-2.3625
2,-2.82187,-1.63844,-2.1
2,-2.82187,-1.63123,-2.23125
2,-2.90937,-1.64261,-2.1
2,-2.73438,-1.6418,-2.1875
2,-2.82187,-1.65231,-2.20938
2,-2.73438,-1.65062,-2.31875
2,-2.8875,-1.64893,-2.16562
2,-2.69062,-1.65857,-2.40625
2,-2.86563,-1.65514,-2.1875
2,-2.5375,-1.66449,-2.3625
2,-2.82187,-1.6567,-2.1875
2,-2.73438,-1.65209,-2.20938
2,-2.73438,-1.64953,-2.31875
2,-2.66875,-1.65103,-2.25312
2,-2.73438,-1.63626,-2.1875
2,-2.64688,-1.63223,-2.275
2,-2.75625,-1.61833,-2.20938
2,-2.60312,-1.61896,-2.275
2,-2.8,-1.60796,-2.25312
2,-2.69062,-1.59813,-2.05625
2,-2.73438,-1.59178,-2.275
2,-2.7125,-1.59445,-2.1
2,-2.82187,-1.60118,-2.29688
2,-2.66875,-1.59223,-2.07812
2,-2.75625,-1.60274,-2.05625
2,-2.69062,-1.59872,-2.16562
2,-2.75625,-1.61215,-2.1875
2,-2.7125,-1.60202,-2.1875
2,-2.73438,-1.61078,-2.16562
2,-2.86563,-1.61695,-1.94687
2,-2.64688,-1.61845,-2.16562
2,-2.7125,-1.62112,-2.29688
2,-2.75625,-1.62989,-2.20938
2,-2.7125,-1.61888,-2.34063
2,-2.75625,-1.623,-2.31875
2,-2.73438,-1.61346,-2.29688
2,-2.77813,-1.60682,-2.3625
2,-2.84375,-1.59669,-2.275
2,-2.86563,-1.59326,-2.23125
1.97502,-2.5375,-1.58691,-2.34063
1.97423,-2.3625,-1.58725,-2.1875
1.97256,-2.7125,-1.58613,-2.3625
1.9712,-2.82187,-1.57979,-2.34063
1.94045,-2.64688,-1.57169,-2.1875
1.95042,-2.51562,-1.56593,-2.25312
1.93625,-2.38437,-1.56801,-2.14375
1.93458,-2.16562,-1.57504,-2.14375
1.86721,-2.42813,-1.57916,-2.16562
1.8763,-2.60312,-1.58502,-2.20938
1.86126,-2.64688,-1.60076,-2.14375
1.85785,-2.47187,-1.59412,-2.1875
1.90095,-2.275,-1.62907,-2.16562
1.81614,-2.47187,-1.60266,-2.1875
1.82842,-2.20938,-1.6059,-2.03437
1.85234,-2.625,-1.6388,-2.29688
1.73758,-2.77813,-1.63042,-2.1875
1.83127,-2.0125,-1.61389,-2.23125
1.83862,-2.77813,-1.61626,-2.16562
1.75787,-2.47187,-1.61981,-2.31875
1.7062,-2.42813,-1.62305,-2.1875
1.81065,-2.34063,-1.62455,-2.23125
1.78805,-2.51562,-1.6278,-1.99063
1.68899,-2.40625,-1.63017,-2.31875
1.68209,-2.38437,-1.63167,-2.1875
1.67693,-2.38437,-1.63491,-2.29688
1.76364,-2.25312,-1.63728,-2.23125
1.69452,-2.51562,-1.64023,-2.23125
1.65942,-2.25312,-1.6423,-2.31875
1.65222,-2.275,-1.6435,-2.23125
1.64532,-2.3625,-1.6447,-2.25312
1.74947,-2.275,-1.64647,-2.23125
1.63297,-2.34063,-1.64855,-2.23125
1.62577,-2.3625,-1.64975,-2.1875
1.61887,-2.23125,-1.65095,-2.23125
1.72332,-2.29688,-1.65302,-2.23125
1.60651,-2.38437,-1.65509,-2.1875
1.59961,-2.23125,-1.65629,-2.23125
1.71539,-2.1875,-1.65836,-2.31875
1.58638,-2.29688,-1.65869,-2.14375
1.58093,-2.23125,-1.66133,-2.23125
1.57403,-2.1875,-1.66253,-2.34063
1.5677,-2.1875,-1.66461,-2.23125
1.56167,-2.29688,-1.66668,-2.23125
1.55534,-2.31875,-1.66875,-2.3625
1.64235,-2.12188,-1.67082,-2.23125
1.57206,-2.29688,-1.6726,-2.25312
1.53696,-2.12188,-1.67467,-2.34063
1.52976,-2.14375,-1.68663,-2.23125
1.52286,-2.23125,-1.6762,-2.25312
1.62701,-2.14375,-1.6803,-2.25312
1.53958,-2.16562,-1.67917,-2.23125
1.51755,-2.23125,-1.68211,-2.25312
1.49902,-2.05625,-1.7121,-2.25312
1.54008,-2.16562,-1.68364,-2.1875
1.56313,-2.07812,-1.68454,-2.29688
1.51116,-1.61875,-1.68661,-2.3625
1.47605,-2.1,-1.68607,-2.05625
1.58021,-2.05625,-1.70587,-2.25312
1.46427,-1.79375,-1.68817,-2.3625
1.45999,-2.29688,-1.70914,-2.25312
1.45453,-1.96875,-1.69231,-2.40625
1.47932,-2.03437,-1.71734,-2.29688
1.5387,-2.07812,-1.72378,-2.38437
1.48877,-2.0125,-1.70637,-2.31875
1.54728,-2.42813,-1.71076,-2.29688
1.50694,-2.07812,-1.72998,-2.42813
1.5483,-2.07812,-1.71838,-2.31875
1.53121,-2.1875,-1.73557,-2.47187
1.50949,-2.0125,-1.73677,-2.47187
1.5049,-2.16562,-1.72517,-2.31875
1.48287,-2.31875,-1.74149,-2.31875
1.47946,-2.03437,-1.74705,-2.31875
1.55716,-2.1,-1.71888,-2.29688
1.51886,-2.12188,-1.74479,-2.31875
1.4852,-2.05625,-1.74482,-2.42813
1.52714,-2.12188,-1.74863,-2.34063
1.52373,-2.05625,-1.7443,-2.34063
1.53746,-2.03437,-1.74899,-2.42813
1.46979,-2.05625,-1.7403,-2.31875
1.54778,-2.12188,-1.75138,-2.34063
1.49174,-2.05625,-1.75228,-2.38437
1.50634,-2.23125,-1.75261,-2.3625
1.52125,-1.77188,-1.74886,-2.34063
1.56493,-2.29688,-1.75645,-2.45
1.49725,-2.07812,-1.76433,-2.31875
1.5296,-2.14375,-1.76379,-2.34063
1.53752,-2.16562,-1.76207,-2.1
1.50648,-2.20938,-1.77315,-2.3625
1.53389,-1.94687,-1.77144,-2.42813
1.54937,-2.20938,-1.76915,-2.14375
1.54827,-2.14375,-1.77993,-2.3625
1.56405,-1.70625,-1.77677,-2.40625
1.56296,-2.1,-1.77855,-2.42813
1.57931,-2.25312,-1.77072,-2.1
1.56107,-1.8375,-1.79431,-2.49375
1.57829,-2.1,-1.78707,-2.31875
1.55975,-2.20938,-1.79379,-2.16562
1.5886,-1.925,-1.79498,-2.51562
1.60612,-2.23125,-1.8049,-2.47187
1.64166,-2.1875,-1.79738,-2.07812
1.58911,-2.34063,-1.8038,-2.275
1.6072,-2.23125,-1.79423,-2.34063
1.6256,-2.275,-1.7838,-2.34063
1.64456,-2.20938,-1.78238,-2.3625
1.6769,-2.23125,-1.78328,-2.20938
1.72582,-2.1875,-1.77488,-2.38437
1.70031,-2.42813,-1.76793,-2.38437
1.73178,-1.99063,-1.77726,-2.40625
1.72342,-2.29688,-1.76247,-2.55938
1.75576,-2.3625,-1.76105,-2.3625
1.80671,-2.16562,-1.76108,-2.47187
1.81085,-2.31875,-1.74366,-2.42813
1.80511,-2.49375,-1.74748,-2.3625
1.83919,-2.55938,-1.72657,-2.47187
1.8445,-2.49375,-1.71497,-2.47187
1.89603,-2.60312,-1.70627,-2.45
1.90279,-2.58125,-1.68363,-2.3625
1.92699,-2.64688,-1.65691,-2.05625
1.93374,-2.64688,-1.64269,-2.42813
1.98819,-2.69062,-1.63196,-2.49375
1.94843,-2.86563,-1.62298,-2.31875
1.95605,-2.75625,-1.61517,-2.5375
1.94537,-2.64688,-1.62043,-2.275
2,-2.73438,-1.62714,-2.47187
2,-2.73438,-1.62891,-2.38437
2,-2.625,-1.64347,-2.20938
1.99245,-2.69062,-1.6432,-2.12188
2,-2.66875,-1.66443,-2.25312
2,-2.90937,-1.688,-2.1875
1.99672,-2.64688,-1.7011,-2.20938
2,-2.69062,-1.71304,-2.12188
2,-2.77813,-1.72671,-2.23125
1.98586,-2.5375,-1.7433,-2.275
1.97256,-2.29688,-1.75553,-2.25312
1.9485,-2.64688,-1.77212,-2.29688
1.93489,-2.60312,-1.77882,-2.23125
1.92071,-2.625,-1.7896,-2.275
1.92223,-2.55938,-1.77652,-2.275
1.90776,-2.73438,-1.7748,-2.34063
1.94504,-2.60312,-1.76144,-2.38437
1.90004,-2.82187,-1.74401,-2.3625
1.88382,-2.625,-1.73065,-2.42813
1.83795,-2.66875,-1.71526,-2.40625
1.88687,-2.69062,-1.69463,-2.42813
1.90553,-2.58125,-1.68621,-2.42813
1.91054,-2.73438,-1.67111,-2.40625
1.91207,-2.58125,-1.66008,-2.40625
1.91329,-2.5375,-1.65893,-2.23125
1.94476,-2.55938,-1.64237,-2.3625
1.9172,-2.58125,-1.64588,-2.38437
1.9193,-2.60312,-1.63921,-2.25312
1.88593,-2.55938,-1.62642,-2.25312
1.88745,-2.625,-1.61103,-2.275
1.95351,-2.5375,-1.6122,-2.20938
1.92683,-2.60312,-1.5971,-2.16562
1.92923,-2.5375,-1.60002,-2.275
1.91213,-2.60312,-1.58289,-2.23125
1.9311,-2.60312,-1.57068,-2.1875
1.93319,-2.60312,-1.57303,-2.1
1.96466,-2.66875,-1.56548,-2.1875
1.96706,-2.69062,-1.56782,-2.12188
1.94008,-2.69062,-1.5751,-2.14375
1.97067,-2.7125,-1.56494,-2.1875
1.90793,-2.69062,-1.56699,-2.1
1.9269,-2.625,-1.57486,-2.07812
1.93104,-2.69062,-1.57138,-2.1
1.93139,-2.66875,-1.57634,-2.14375
1.95035,-2.66875,-1.59263,-2.12188
1.93413,-2.64688,-1.59614,-2.1
1.93565,-2.7125,-1.6008,-2.1
1.96625,-2.625,-1.60023,-2.07812
1.92008,-2.625,-1.60344,-2.275
1.9216,-2.625,-1.60549,-2.14375
1.92195,-2.73438,-1.59911,-2.12188
1.90516,-2.64688,-1.60406,-2.1
1.95872,-2.60312,-1.60523,-2.12188
1.97274,-2.66875,-1.60322,-2.31875
1.92862,-2.60312,-1.60526,-2.16562
1.93158,-2.8,-1.58608,-2.23125
1.97962,-2.625,-1.5922,-1.925
1.97096,-2.66875,-1.57361,-2.1
1.97335,-2.73438,-1.57391,-2.25312
1.958,-2.73438,-1.57451,-2.29688
1.98947,-2.60312,-1.57219,-2.275
1.99244,-2.8,-1.55999,-2.12188
1.99483,-2.8,-1.55448,-2.16562
1.9978,-2.975,-1.55624,-2.12188
2,-2.69062,-1.56177,-2.07812
2,-2.77813,-1.55771,-2.16562
2,-2.7125,-1.56354,-2.20938
2,-2.8875,-1.57983,-2.07812
2,-2.75625,-1.58537,-2.14375
2,-2.5375,-1.5784,-2.20938
2,-2.75625,-1.59324,-2.20938
2,-2.975,-1.59703,-2.12188
2,-2.82187,-1.61042,-2.275
2,-2.38437,-1.61333,-2.14375
2,-2.75625,-1.61189,-2.1875
2,-2.84375,-1.61074,-2.1
1.99544,-2.7125,-1.62587,-2.1875
2,-2.42813,-1.63082,-2.14375
2,-2.60312,-1.63287,-1.94687
2,-2.75625,-1.63491,-2.23125
2,-2.38437,-1.62969,-2.23125
2,-2.51562,-1.63843,-2.20938
2,-2.73438,-1.64483,-2.1875
2,-2.69062,-1.6495,-2.1875
2,-2.64688,-1.6338,-2.34063
1.9838,-2.55938,-1.64137,-2.38437
1.99695,-2.64688,-1.65127,-2.23125
1.96735,-2.69062,-1.63383,-2.31875
2,-2.64688,-1.651,-2.23125
1.98667,-2.8,-1.64257,-2.3625
1.98702,-2.7125,-1.62688,-1.61875
1.97022,-2.75625,-1.63272,-2.1875
1.95139,-2.7125,-1.6365,-2.275
1.95204,-2.47187,-1.62925,-2.20938
1.93437,-2.64688,-1.62316,-1.77188
1.99868,-2.69062,-1.62114,-2.20938
1.96939,-2.40625,-1.62319,-2.1875
1.95229,-2.75625,-1.61477,-2.1875
1.92212,-2.45,-1.62321,-2.23125
1.9216,-2.77813,-1.63398,-2.1875
1.92138,-2.84375,-1.6247,-2.31875
1.90254,-2.31875,-1.62325,-2.1875
1.91889,-2.69062,-1.62908,-2.38437
1.9175,-2.25312,-1.632,-2.20938
1.89896,-2.275,-1.63056,-2.275
1.85017,-2.1875,-1.63639,-2.12188
1.85983,-2.5375,-1.62244,-2.12188
1.82762,-2.75625,-1.62652,-2.23125
1.88962,-2.64688,-1.6216,-2.23125
1.84083,-2.625,-1.644,-2.38437
1.83887,-2.51562,-1.63819,-2.34063
1.80084,-2.60312,-1.60855,-2.07812
1.83202,-2.51562,-1.63008,-2.1875
1.84051,-2.51562,-1.65335,-2.29688
1.82604,-2.625,-1.64697,-2.31875
1.78714,-2.45,-1.64465,-2.34063
1.75435,-2.05625,-1.64582,-2.20938
1.77942,-2.38437,-1.64526,-2.20938
1.76,-2.40625,-1.62346,-2.14375
1.79088,-2.38437,-1.65226,-2.38437
1.74065,-2.3625,-1.6543,-2.14375
1.78316,-2.34063,-1.65374,-2.1875
1.77945,-1.96875,-1.63456,-2.23125
1.77544,-2.38437,-1.63573,-2.3625
1.73509,-2.47187,-1.65638,-2.38437
1.66537,-2.3625,-1.65319,-2.3625
1.69538,-2.31875,-1.63141,-2.23125
1.70911,-2.51562,-1.65671,-2.1875
1.70423,-1.81563,-1.64276,-2.20938
1.72959,-2.25312,-1.66516,-2.31875
1.69476,-2.38437,-1.64075,-2.23125
1.5797,-2.29688,-1.65472,-2.25312
1.57394,-1.8375,-1.67188,-2.16562
1.64465,-2.16562,-1.6844,-2.20938
1.68746,-1.99063,-1.67045,-2.34063
1.70002,-2.25312,-1.64691,-2.1875
1.55501,-2.20938,-1.6443,-2.34063
1.56088,-1.8375,-1.65623,-2.23125
1.65398,-2.25312,-1.67543,-2.275
1.53892,-2.29688,-1.66148,-2.25312
1.67359,-2.34063,-1.64842,-2.25312
1.57597,-2.275,-1.66035,-2.20938
1.61673,-2.1875,-1.67664,-2.25312
1.56533,-2.20938,-1.67345,-1.90312
1.62471,-2.25312,-1.67375,-2.07812
1.53755,-1.8375,-1.68481,-2.275
1.53296,-2.14375,-1.67435,-2.275
1.62024,-2.07812,-1.68453,-2.38437
1.5232,-2.12188,-1.67844,-2.3625
1.62997,-2.14375,-1.67438,-2.275
1.59514,-2.29688,-1.68892,-2.25312
1.60188,-2.14375,-1.67963,-2.29688
1.53246,-2.20938,-1.67731,-2.25312
1.5616,-2.1875,-1.68023,-2.34063
1.52182,-2.14375,-1.67878,-2.34063
1.61697,-2.1875,-1.69333,-2.275
1.59551,-2.25312,-1.69625,-2.34063
1.56185,-2.1,-1.68521,-2.38437
1.52208,-2.14375,-1.69074,-2.23125
1.53551,-2.16562,-1.69569,-2.23125
1.61321,-2.07812,-1.7018,-2.23125
1.55687,-2.16562,-1.70588,-2.23125
1.60606,-2.03437,-1.69891,-2.31875
1.5849,-2.14375,-1.69776,-2.275
1.5178,-2.16562,-1.69718,-2.1875
1.54287,-2.1,-1.69748,-2.275
1.60369,-2.03437,-1.69691,-2.25312
1.60172,-2.14375,-1.69285,-2.275
1.63435,-2.14375,-1.69606,-2.25312
1.61463,-2.29688,-1.68646,-2.25312
1.58359,-2.23125,-1.69113,-2.275
1.58045,-2.16562,-1.68619,-2.23125
1.64215,-2.1875,-1.68126,-2.20938
1.64018,-2.29688,-1.67633,-2.275
1.63966,-2.20938,-1.67284,-2.29688
1.6499,-2.25312,-1.67314,-2.275
1.63775,-2.25312,-1.66908,-2.31875
1.64828,-2.275,-1.66501,-2.29688
1.64776,-2.34063,-1.6531,-2.29688
1.68125,-2.29688,-1.64961,-2.34063
1.66359,-2.29688,-1.64003,-2.29688
1.69795,-2.29688,-1.64149,-2.34063
1.69743,-2.3625,-1.64005,-2.29688
1.70941,-2.40625,-1.63191,-2.23125
1.71006,-2.29688,-1.62785,-2.29688
1.69791,-2.31875,-1.63163,-2.31875
1.70989,-2.31875,-1.62291,-2.29688
1.72768,-2.275,-1.61682,-2.29688
1.76322,-2.34063,-1.61363,-2.25312
1.747,-2.3625,-1.61188,-2.275
1.77817,-2.3625,-1.61306,-2.51562
1.76893,-2.40625,-1.61336,-1.925
1.7719,-2.31875,-1.61833,-2.23125
1.77342,-2.38437,-1.61252,-2.3625
1.77639,-2.42813,-1.61196,-2.16562
1.76134,-2.23125,-1.61226,-2.23125
1.79338,-2.42813,-1.63844,-1.99063
1.78472,-2.40625,-1.63322,-2.3625
1.81706,-2.55938,-1.64166,-2.20938
1.82002,-2.58125,-1.65273,-2.1875
1.79334,-2.34063,-1.65739,-2.25312
1.82626,-2.47187,-1.65973,-1.925
1.80132,-2.47187,-1.66963,-2.23125
1.81592,-2.47187,-1.67895,-2.1875
1.81801,-2.51562,-1.67838,-2.275
1.85617,-2.55938,-1.69176,-1.88125
1.86001,-2.16562,-1.69759,-2.23125
1.82751,-2.58125,-1.70342,-2.51562
1.83048,-2.16562,-1.71274,-2.29688
1.82037,-2.55938,-1.71478,-2.23125
1.83497,-2.5375,-1.72293,-2.275
1.8263,-2.5375,-1.72615,-2.51562
1.82957,-2.55938,-1.72907,-2.31875
1.83341,-2.47187,-1.73285,-2.5375
1.8675,-2.12188,-1.73694,-2.34063
1.85302,-2.3625,-1.72939,-2.3625
1.85686,-2.55938,-1.74627,-2.29688
1.84937,-2.47187,-1.75122,-2.60312
1.83489,-2.49375,-1.75065,-2.38437
1.90182,-2.49375,-1.75561,-2.42813
1.85857,-2.5375,-1.75474,-2.47187
1.87491,-2.64688,-1.76959,-2.34063
1.8773,-2.77813,-1.75913,-2.49375
1.8794,-2.5375,-1.76757,-2.40625
1.89981,-2.20938,-1.76526,-2.45
1.85568,-2.77813,-1.77109,-2.45
1.83946,-2.73438,-1.77226,-2.45
1.87644,-2.20938,-1.77343,-2.3625
1.89134,-2.1,-1.76123,-2.40625
1.8818,-2.20938,-1.76328,-2.40625
1.86645,-2.55938,-1.77085,-2.60312
1.82059,-2.40625,-1.75691,-2.42813
1.80436,-2.55938,-1.75459,-2.55938
1.83466,-2.5375,-1.7671,-2.34063
1.89026,-2.60312,-1.76828,-2.38437
1.89235,-2.69062,-1.76858,-2.40625
1.85869,-2.66875,-1.76161,-2.40625
1.84277,-2.49375,-1.78081,-2.38437
1.81317,-2.45,-1.7721,-2.5375
1.83096,-2.47187,-1.78141,-2.42813
1.81387,-2.60312,-1.78782,-2.34063
1.81452,-2.49375,-1.7951,-2.40625
1.84482,-2.45,-1.80005,-2.47187
1.86174,-2.31875,-1.80035,-2.40625
1.79842,-2.31875,-1.80675,-2.42813
1.76796,-2.58125,-1.80967,-2.42813
1.71423,-2.38437,-1.81172,-2.45
1.77797,-2.34063,-1.81027,-2.42813
1.76582,-2.5375,-1.82395,-2.42813
1.77692,-2.55938,-1.82366,-2.47187
1.76477,-2.16562,-1.82078,-2.42813
1.74536,-2.23125,-1.82805,-2.42813
1.72652,-2.25312,-1.82312,-2.42813
1.74257,-2.3625,-1.82894,-2.45
1.74118,-2.31875,-1.8179,-2.49375
1.77003,-2.3625,-1.82256,-2.49375
1.75701,-2.55938,-1.81588,-2.5375
1.76724,-2.12188,-1.80833,-2.47187
1.73765,-2.42813,-1.81037,-2.47187
1.71911,-2.38437,-1.80835,-2.07812
1.78255,-2.12188,-1.78655,-2.55938
1.76371,-2.55938,-1.77987,-2.47187
1.81639,-2.42813,-1.76854,-2.51562
1.78128,-2.55938,-1.75402,-2.45
1.79907,-2.47187,-1.74356,-2.49375
1.76279,-2.51562,-1.72961,-2.47187
1.77884,-2.47187,-1.72642,-2.42813
1.78006,-2.58125,-1.7116,-2.34063
1.81473,-2.49375,-1.70288,-2.45
1.81508,-2.5375,-1.70842,-2.38437
1.79799,-2.55938,-1.70087,-2.40625
1.78089,-2.45,-1.70204,-2.40625
1.79781,-2.49375,-1.7003,-2.34063
1.81504,-2.47187,-1.70264,-2.29688
1.79881,-2.58125,-1.70235,-2.29688
1.82824,-2.47187,-1.7073,-2.25312
1.7812,-2.47187,-1.71545,-2.275
1.84551,-2.58125,-1.71662,-2.31875
1.80051,-2.40625,-1.71692,-2.31875
1.84738,-2.47187,-1.73931,-2.275
1.80034,-2.38437,-1.73786,-2.31875
1.79982,-1.96875,-1.73874,-2.275
1.81849,-2.40625,-1.74775,-2.38437
1.83134,-2.40625,-1.74078,-2.31875
1.86658,-2.42813,-1.74456,-2.31875
1.80384,-2.49375,-1.73933,-2.45
1.83326,-2.40625,-1.74312,-2.40625
1.82111,-2.58125,-1.72567,-2.25312
1.86798,-2.58125,-1.73003,-2.40625
1.80524,-2.5375,-1.71085,-2.38437
1.85298,-2.42813,-1.70562,-2.49375
1.87077,-2.58125,-1.69312,-2.3625
1.87461,-2.55938,-1.68644,-2.47187
1.85869,-2.64688,-1.67655,-2.34063
1.86078,-2.73438,-1.66405,-2.47187
1.87945,-2.40625,-1.66754,-2.29688
1.91062,-2.69062,-1.66581,-2.40625
1.88364,-2.7125,-1.66755,-2.47187
1.88573,-2.3625,-1.67715,-2.34063
1.90527,-2.82187,-1.68238,-2.275
1.88992,-2.7125,-1.68355,-2.3625
1.858,-2.55938,-1.69402,-2.38437
1.89411,-2.69062,-1.70041,-2.25312
1.87789,-2.7125,-1.70478,-2.275
1.85004,-2.77813,-1.71263,-2.29688
1.92772,-2.49375,-1.71641,-2.07812
1.88243,-2.625,-1.73066,-2.275
1.88365,-2.45,-1.73037,-2.25312
1.90319,-2.64688,-1.73299,-2.3625
1.87039,-2.47187,-1.73851,-2.29688
1.85911,-2.5375,-1.74374,-2.38437
1.89115,-2.42813,-1.74113,-2.45
1.84499,-2.58125,-1.75451,-2.3625
1.9093,-2.60312,-1.7423,-2.49375
1.89308,-2.625,-1.75102,-2.38437
1.82859,-2.51562,-1.75538,-2.47187
1.86353,-2.58125,-1.75102,-2.3625
1.84644,-2.5375,-1.75451,-2.38437
1.87673,-2.51562,-1.75451,-2.49375
1.87795,-2.55938,-1.76701,-2.40625
1.83004,-2.69062,-1.75364,-2.38437
1.87778,-2.45,-1.76178,-2.49375
1.86563,-2.58125,-1.75655,-2.42813
1.87761,-2.64688,-1.76178,-2.34063
1.83057,-2.49375,-1.75015,-2.40625
1.84749,-2.47187,-1.75451,-2.51562
1.81295,-2.64688,-1.73939,-2.3625
1.86476,-2.51562,-1.74317,-2.38437
1.86511,-2.5375,-1.73852,-2.42813
1.87709,-2.625,-1.73241,-2.40625
1.82918,-2.60312,-1.73416,-2.49375
1.87692,-2.5375,-1.73125,-2.3625
1.84732,-2.64688,-1.72602,-2.38437
1.7651,-2.5375,-1.72951,-2.38437
1.87418,-2.58125,-1.72922,-2.42813
1.8097,-2.5375,-1.7327,-2.42813
1.82575,-2.38437,-1.74346,-2.0125
1.82522,-2.58125,-1.73968,-2.40625
1.79563,-2.1,-1.7548,-2.3625
1.80586,-2.55938,-1.75306,-2.51562
1.7754,-2.42813,-1.76061,-2.31875
1.774,-2.5375,-1.73851,-2.42813
1.78918,-2.3625,-1.7481,-2.38437
1.78836,-2.40625,-1.75683,-2.40625
1.78696,-2.34063,-1.75421,-2.3625
1.75068,-2.3625,-1.75683,-2.40625
1.73097,-2.3625,-1.77107,-2.45
1.7287,-2.31875,-1.76089,-2.40625
1.7148,-2.47187,-1.77426,-2.47187
1.72504,-2.45,-1.76525,-2.34063
1.73935,-2.40625,-1.78647,-2.42813
1.73708,-2.03437,-1.77426,-2.29688
1.77027,-2.29688,-1.77367,-2.38437
1.66828,-2.51562,-1.77832,-2.38437
1.7009,-2.42813,-1.78792,-2.47187
1.69951,-2.275,-1.78094,-2.58125
1.6798,-2.40625,-1.77542,-2.45
1.69498,-2.25312,-1.79285,-2.40625
1.75725,-2.25312,-1.78936,-2.42813
1.72009,-2.42813,-1.79983,-2.34063
1.6713,-2.29688,-1.8004,-2.51562
1.68561,-2.275,-1.80767,-2.40625
1.68247,-2.40625,-1.81203,-2.38437
1.67933,-2.31875,-1.79953,-2.42813
1.72358,-2.23125,-1.80737,-2.42813
1.72189,-2.40625,-1.81609,-2.25312
1.68386,-2.31875,-1.82162,-2.45
1.66997,-2.275,-1.80881,-2.40625
1.69677,-2.38437,-1.8187,-2.42813
1.71195,-2.31875,-1.82568,-2.51562
1.69194,-2.16562,-1.82916,-2.58125
1.66147,-2.31875,-1.82043,-2.40625
1.72404,-2.275,-1.83613,-2.49375
1.70433,-2.29688,-1.83961,-2.51562
1.73026,-2.31875,-1.82479,-2.40625
1.71607,-2.40625,-1.82798,-2.51562
1.67891,-2.40625,-1.82827,-2.42813
1.6592,-2.34063,-1.84657,-2.42813
1.67438,-2.275,-1.82448,-2.45
1.75526,-2.38437,-1.81575,-2.49375
1.70618,-2.38437,-1.789,-2.47187
1.76962,-2.38437,-1.8015,-2.47187
1.66937,-2.31875,-1.8012,-2.47187
1.7145,-2.3625,-1.77649,-2.45
1.71397,-2.31875,-1.773,-2.45
1.72972,-2.3625,-1.76921,-2.49375
1.77659,-2.38437,-1.77619,-2.49375
1.76444,-2.42813,-1.75728,-2.47187
1.77642,-2.40625,-1.75844,-2.42813
1.76514,-2.40625,-1.75727,-2.40625
1.81171,-2.38437,-1.75989,-2.40625
1.79462,-2.45,-1.75901,-2.40625
1.83073,-2.42813,-1.74185,-2.55938
1.79706,-2.47187,-1.75348,-2.40625
1.84363,-2.45,-1.74417,-2.45
1.83322,-2.51562,-1.74417,-2.45
1.83444,-2.42813,-1.75463,-2.40625
1.80252,-2.51562,-1.75811,-2.38437
1.82176,-2.40625,-1.74618,-2.42813
1.84043,-2.55938,-1.76857,-2.45
1.8716,-2.625,-1.74792,-2.45
1.89288,-2.31875,-1.74762,-2.42813
1.83158,-2.69062,-1.74936,-2.40625
1.86275,-2.5375,-1.75255,-2.3625
1.85583,-2.42813,-1.73831,-2.42813
1.887,-2.29688,-1.73626,-2.38437
1.87222,-2.73438,-1.73888,-2.38437
1.91095,-2.55938,-1.72055,-2.40625
1.91392,-2.47187,-1.72025,-2.38437
1.91863,-2.69062,-1.73072,-2.3625
1.87478,-2.42813,-1.73565,-2.40625
1.90595,-2.77813,-1.73884,-2.42813
1.90891,-2.45,-1.73245,-2.40625
1.91245,-2.64688,-1.73825,-2.31875
1.89797,-2.60312,-1.74318,-2.49375
1.91838,-2.55938,-1.75656,-2.25312
1.89228,-2.5375,-1.75422,-2.7125
1.97054,-2.55938,-1.76206,-2.5375
1.90867,-2.625,-1.76991,-2.47187
1.9,-2.5375,-1.77485,-2.625
1.88435,-2.5375,-1.78763,-2.31875
1.90389,-2.58125,-1.78153,-2.3625
1.91762,-2.58125,-1.79344,-2.42813
1.90778,-2.5375,-1.79663,-2.51562
1.89243,-2.58125,-1.79458,-2.40625
1.89453,-2.5375,-1.81319,-2.49375
1.86086,-2.40625,-1.81027,-2.55938
1.87923,-2.64688,-1.81172,-2.45
1.88045,-2.49375,-1.81665,-2.47187
1.91656,-2.55938,-1.8088,-2.45
1.86515,-2.66875,-1.82158,-2.47187
1.86637,-2.73438,-1.82215,-2.49375
1.85596,-2.58125,-1.81313,-2.42813
1.86852,-2.60312,-1.82446,-2.3625
1.88718,-2.38437,-1.82155,-2.45
1.85933,-2.60312,-1.82852,-2.34063
1.86025,-2.58125,-1.82299,-2.49375
1.82484,-2.16562,-1.82095,-2.47187
1.84234,-2.66875,-1.82501,-2.49375
1.82524,-2.5375,-1.81657,-2.64688
1.87211,-2.51562,-1.81278,-2.64688
1.87216,-2.73438,-1.80929,-2.47187
1.84344,-2.66875,-1.8055,-2.47187
1.82547,-2.49375,-1.79968,-2.51562
1.84209,-2.45,-1.80461,-2.5375
1.82412,-2.47187,-1.80082,-2.23125
1.80616,-2.60312,-1.79354,-2.45
1.82278,-2.45,-1.80371,-2.45
1.8397,-2.47187,-1.80515,-2.45
1.83888,-2.60312,-1.79584,-2.49375
1.82004,-2.45,-1.80368,-2.5375
1.80207,-2.47187,-1.80513,-2.47187
1.77043,-2.40625,-1.8057,-2.40625
1.76904,-2.3625,-1.8054,-2.49375
1.76677,-2.45,-1.8051,-2.51562
1.76508,-2.40625,-1.8048,-2.42813
1.74624,-2.40625,-1.8045,-2.49375
1.74367,-2.38437,-1.79984,-2.47187
1.77717,-2.31875,-1.81465,-2.42813
1.71007,-2.38437,-1.8097,-2.5375
1.73745,-2.34063,-1.80417,-2.5375
1.71686,-2.38437,-1.803,-2.51562
1.73174,-2.12188,-1.79834,-2.51562
1.69953,-2.3625,-1.81141,-2.45
1.70859,-2.34063,-1.79948,-2.5375
1.7072,-2.3625,-1.79831,-2.51562
1.73982,-2.3625,-1.79801,-2.5375
1.70236,-2.38437,-1.78811,-2.42813
1.73411,-2.34063,-1.7913,-2.625
1.68415,-2.3625,-1.79419,-2.58125
1.64613,-2.3625,-1.79738,-2.47187
1.70665,-2.47187,-1.78836,-2.51562
1.70526,-2.34063,-1.79242,-2.49375
1.73758,-2.45,-1.78716,-2.49375
1.6536,-2.45,-1.77956,-2.49375
1.65017,-2.29688,-1.78942,-2.45
1.67667,-2.3625,-1.7798,-2.49375
1.69185,-2.29688,-1.78326,-2.58125
1.70673,-2.29688,-1.78759,-2.42813
1.68672,-2.3625,-1.77767,-2.3625
1.65508,-2.34063,-1.77677,-2.625
1.68158,-2.51562,-1.78459,-2.40625
1.66157,-2.34063,-1.77467,-2.55938
1.67645,-2.275,-1.78249,-2.45
1.69133,-2.275,-1.78799,-2.40625
1.65387,-2.31875,-1.77982,-2.42813
1.65218,-2.34063,-1.77426,-2.38437
1.64961,-2.31875,-1.77336,-2.3625
1.68106,-2.23125,-1.77595,-2.42813
1.64478,-2.25312,-1.77126,-2.42813
1.67623,-2.40625,-1.76861,-2.45
1.69285,-2.3625,-1.77644,-2.42813
1.63795,-2.23125,-1.75925,-2.51562
1.65283,-2.25312,-1.7691,-2.47187
1.7151,-2.25312,-1.78302,-2.42813
1.69596,-2.20938,-1.77049,-2.60312
1.68176,-2.25312,-1.77163,-2.3625
1.68007,-2.275,-1.76955,-2.40625
1.62604,-2.25312,-1.78377,-2.47187
1.62347,-2.12188,-1.77269,-2.38437
1.67411,-2.29688,-1.77818,-2.38437
1.70236,-2.23125,-1.77641,-2.51562
1.73643,-2.1875,-1.7723,-2.51562
1.76381,-2.275,-1.77693,-2.58125
1.68188,-2.40625,-1.77398,-2.40625
1.68019,-2.29688,-1.7757,-2.45
1.66686,-2.29688,-1.7684,-2.51562
1.73,-2.23125,-1.76924,-2.47187
1.73005,-2.45,-1.76804,-2.3625
1.74086,-2.3625,-1.76103,-2.42813
1.75835,-2.38437,-1.76768,-2.51562
1.75928,-2.3625,-1.76591,-2.38437
1.74188,-2.3625,-1.7746,-2.69062
1.7428,-2.3625,-1.77195,-2.3625
1.67889,-2.40625,-1.75941,-2.47187
1.73215,-2.3625,-1.76462,-2.31875
1.79878,-2.38437,-1.76894,-2.38437
1.82965,-2.69062,-1.77938,-2.38437
1.76748,-2.625,-1.75173,-2.3625
1.7684,-2.7125,-1.75663,-2.31875
1.74025,-2.40625,-1.74963,-2.3625
1.77024,-2.64688,-1.73796,-2.38437
1.81943,-2.3625,-1.73502,-2.42813
1.83954,-2.47187,-1.72597,-2.49375
1.86052,-2.60312,-1.73088,-2.34063
1.86406,-2.47187,-1.72475,-2.42813
1.81934,-2.16562,-1.71366,-2.45
1.82113,-2.45,-1.71102,-2.31875
1.82293,-2.42813,-1.71243,-2.42813
1.87298,-2.3625,-1.71559,-2.3625
1.94049,-2.69062,-1.71702,-2.34063
1.87919,-2.51562,-1.72309,-2.34063
1.83447,-2.58125,-1.73323,-2.45
1.83539,-2.55938,-1.71865,-2.3625
1.83718,-2.64688,-1.732,-2.31875
1.83985,-2.45,-1.72993,-2.29688
1.82333,-2.625,-1.73483,-2.275
1.82512,-2.51562,-1.74004,-2.3625
1.87431,-2.42813,-1.73709,-2.34063
1.84703,-2.45,-1.74636,-2.5375
1.82963,-2.58125,-1.7408,-2.38437
1.78316,-2.47187,-1.74339,-2.49375
1.76577,-2.73438,-1.7451,-2.31875
1.81234,-2.16562,-1.74738,-2.38437
1.83158,-2.60312,-1.74706,-2.29688
1.81505,-2.49375,-1.74092,-2.38437
1.75114,-2.14375,-1.73885,-2.47187
1.72125,-2.60312,-1.73591,-2.49375
1.79602,-2.34063,-1.74256,-2.5375
1.74867,-2.25312,-1.72885,-2.49375
1.7653,-2.47187,-1.71457,-2.42813
1.78279,-2.38437,-1.7189,-2.29688
1.68312,-2.47187,-1.70608,-2.40625
1.69974,-2.38437,-1.70226,-2.45
1.74456,-1.96875,-1.69553,-2.42813
1.7263,-2.31875,-1.68474,-2.40625
1.79031,-2.51562,-1.68587,-2.34063
1.66069,-2.55938,-1.68728,-2.45
1.67731,-2.16562,-1.69452,-1.99063
1.69306,-2.45,-1.67355,-2.40625
1.72044,-2.25312,-1.66945,-2.31875
1.65566,-2.25312,-1.67348,-2.29688
1.65222,-2.20938,-1.7063,-2.42813
1.58569,-2.40625,-1.70219,-2.31875
1.63458,-2.23125,-1.69924,-2.34063
1.63202,-1.90312,-1.6899,-2.29688
1.62945,-2.1875,-1.69219,-2.42813
1.62514,-2.1875,-1.70524,-2.38437
1.60338,-2.1,-1.68688,-2.34063
1.55342,-2.20938,-1.70284,-2.275
1.56074,-2.16562,-1.70338,-2.31875
1.55556,-2.23125,-1.68765,-2.51562
1.55125,-2.29688,-1.71581,-2.31875
1.54694,-2.12188,-1.71723,-2.16562
1.46616,-2.07812,-1.70091,-2.5375
1.48975,-1.59688,-1.70058,-2.42813
1.48457,-2.20938,-1.71624,-2.275
1.51427,-1.70625,-1.70689,-2.42813
1.47333,-1.68437,-1.7022,-2.275
1.43907,-1.99063,-1.68704,-2.31875
1.38563,-1.88125,-1.68584,-2.275
1.40865,-2.1,-1.68551,-2.31875
1.40346,-1.925,-1.68663,-2.49375
1.49102,-2.16562,-1.68717,-2.31875
1.48496,-1.99063,-1.68742,-2.31875
1.46727,-1.99063,-1.68709,-2.275
1.34987,-2.1,-1.68646,-2.20938
1.34207,-1.99063,-1.68526,-2.34063
1.33688,-2.14375,-1.68638,-2.23125
1.3599,-1.8375,-1.68692,-2.20938
1.44775,-1.75,-1.68804,-2.51562
1.33179,-2.1,-1.68946,-2.275
1.3897,-1.81563,-1.6897,-2.49375
1.30805,-2.1,-1.69025,-2.29688
1.4116,-1.8375,-1.68962,-2.29688
1.29507,-1.925,-1.69016,-2.38437
1.39949,-1.925,-1.69041,-2.25312
1.3408,-1.79375,-1.71334,-1.925
1.39871,-2.03437,-1.69032,-2.20938
1.29962,-1.925,-1.69057,-2.31875
1.26449,-1.81563,-1.69111,-2.38437
1.25756,-1.77188,-1.69048,-2.275
1.36199,-1.96875,-1.69103,-2.58125
1.30447,-1.94687,-1.69215,-2.275
1.333,-1.925,-1.69239,-2.47187
1.27956,-1.96875,-1.69206,-2.275
1.2735,-1.75,-1.69231,-2.31875
1.31396,-1.75,-1.69285,-2.45
1.29046,-1.77188,-1.6931,-2.31875
1.3193,-1.8375,-1.69334,-2.25312
1.31381,-1.85938,-1.69476,-2.42813
1.31939,-1.72812,-1.72466,-2.42813
1.3017,-1.8375,-1.69437,-2.34063
1.21337,-1.72812,-1.69405,-2.51562
1.25383,-1.68437,-1.69429,-2.38437
1.24777,-1.72812,-1.69453,-2.60312
1.28881,-1.70625,-1.69565,-2.31875
1.18972,-1.75,-1.6962,-2.40625
1.29502,-1.77188,-1.69731,-2.42813
1.1968,-1.75,-1.69756,-2.60312
1.22069,-1.64062,-1.6978,-2.34063
1.25039,-1.64062,-1.69922,-2.14375
1.1635,-1.70625,-1.70033,-2.31875
1.20484,-1.64062,-1.70058,-2.38437
1.26362,-1.64062,-1.7017,-2.16562
1.27675,-1.72812,-1.70398,-2.42813
1.25587,-1.75,-1.70597,-2.31875
1.25038,-1.88125,-1.70709,-2.29688
1.10564,-1.77188,-1.70733,-2.38437
1.25746,-1.68437,-1.70845,-2.23125
1.23658,-1.68437,-1.71074,-1.94687
1.28053,-1.88125,-1.7136,-2.275
1.23057,-1.68437,-1.71559,-2.47187
1.20852,-1.68437,-1.71758,-2.45
1.25741,-1.6625,-1.74283,-2.40625
1.2374,-1.75,-1.75296,-2.29688
1.2514,-1.68437,-1.7468,-2.34063
1.1965,-1.70625,-1.72583,-1.99063
1.22853,-1.68437,-1.75195,-2.1
1.25416,-1.70625,-1.72981,-2.40625
1.23997,-1.70625,-1.76029,-2.45
1.28392,-1.70625,-1.75007,-2.42813
1.2988,-1.4875,-1.75206,-2.38437
1.2436,-1.8375,-1.74038,-2.34063
1.27592,-1.72812,-1.76127,-2.38437
1.29254,-1.6625,-1.74989,-2.40625
1.27253,-1.8375,-1.74897,-2.38437
1.27171,-1.37813,-1.77247,-2.38437
1.3171,-1.88125,-1.78057,-2.38437
1.31541,-1.79375,-1.7843,-2.58125
1.31459,-1.72812,-1.76477,-2.625
1.28469,-1.77188,-1.7749,-2.34063
1.28387,-1.77188,-1.7859,-2.3625
1.31269,-1.75,-1.794,-2.14375
1.31187,-1.85938,-1.80936,-2.47187
1.34768,-1.575,-1.8131,-2.40625
1.3486,-1.88125,-1.81043,-2.42813
1.39517,-1.8375,-1.82056,-2.42813
1.33009,-1.90312,-1.83127,-2.40625
1.34845,-1.85938,-1.83413,-2.40625
1.36013,-1.85938,-1.837,-2.58125
1.34942,-2.03437,-1.84538,-2.42813
1.36255,-1.88125,-1.85696,-2.60312
1.46407,-1.90312,-1.87058,-2.40625
1.43185,-2.0125,-1.87257,-2.66875
1.42201,-1.99063,-1.87688,-2.625
1.45375,-1.99063,-1.88148,-2.55938
1.42617,-2.0125,-1.889,-2.51562
1.44047,-2.07812,-1.90698,-2.49375
1.49547,-2.03437,-1.90984,-2.55938
1.48243,-2.12188,-1.92345,-2.20938
1.53219,-2.14375,-1.92225,-2.5375
1.50753,-2.1,-1.93091,-2.55938
1.54189,-2.0125,-1.9518,-2.49375
1.54687,-2.14375,-1.93401,-2.51562
1.61873,-2.12188,-1.94441,-2.58125
1.5932,-2.12188,-1.92865,-2.49375
1.59818,-2.16562,-1.92655,-2.55938
1.61684,-1.68437,-1.9169,-2.60312
1.62182,-2.16562,-1.91219,-2.58125
1.67944,-2.20938,-1.90341,-2.60312
1.68529,-2.38437,-1.90131,-2.60312
1.7057,-2.42813,-1.90183,-2.60312
1.69905,-2.47187,-1.9009,-2.60312
1.68863,-2.40625,-1.88572,-2.625
1.6971,-2.25312,-1.8938,-2.64688
1.73233,-2.29688,-1.87484,-2.73438
1.72918,-2.47187,-1.87797,-2.69062
1.76528,-2.47187,-1.8628,-2.58125
1.72462,-2.5375,-1.84471,-2.66875
1.77816,-2.49375,-1.83563,-2.625
1.82065,-2.51562,-1.82569,-2.66875
1.79366,-2.42813,-1.80847,-2.64688
1.78382,-2.40625,-1.80608,-2.55938
1.84405,-2.34063,-1.78829,-2.55938
1.85165,-2.45,-1.78968,-2.5375
1.8613,-2.42813,-1.79892,-2.5375
1.81482,-2.31875,-1.78345,-2.5375
1.83842,-2.29688,-1.80258,-2.47187
1.81607,-2.3625,-1.8092,-2.49375
1.80653,-2.49375,-1.81117,-2.5375
1.8307,-2.51562,-1.82623,-2.45
1.80022,-2.31875,-1.82297,-2.20938
1.80608,-2.47187,-1.84471,-2.45
1.79566,-2.49375,-1.85046,-2.69062
1.80064,-2.5375,-1.87075,-2.60312
1.75941,-2.55938,-1.87592,-2.49375
1.76352,-2.51562,-1.88167,-2.49375
1.7688,-2.40625,-1.87957,-2.14375
1.75634,-2.1,-1.89695,-2.625
1.82559,-2.3625,-1.903,-2.55938
1.81807,-2.34063,-1.89829,-2.60312
1.83411,-1.94687,-1.89153,-2.60312
1.81002,-2.47187,-1.90717,-2.82187
1.76704,-2.42813,-1.9103,-2.5375
1.80022,-2.40625,-1.89396,-2.64688
1.78632,-2.51562,-1.90436,-2.58125
1.80962,-2.42813,-1.90081,-2.60312
1.78408,-2.42813,-1.88447,-2.625
1.81727,-2.73438,-1.90098,-2.5375
1.75772,-2.38437,-1.87474,-2.5375
1.79672,-2.51562,-1.88137,-2.58125
1.78194,-2.55938,-1.87839,-2.55938
1.76599,-2.625,-1.88327,-2.58125
1.81605,-2.58125,-1.87332,-2.55938
1.80766,-2.51562,-1.89942,-2.69062
1.82195,-2.40625,-1.87494,-2.55938
1.79612,-2.47187,-1.87284,-2.625
1.81536,-2.49375,-1.88615,-2.66875
1.76365,-2.42813,-1.88231,-2.60312
1.81777,-2.38437,-1.88632,-2.60312
1.80182,-2.275,-1.8877,-2.58125
1.80362,-2.40625,-1.88909,-2.625
1.82256,-2.40625,-1.89746,-2.69062
1.82435,-2.3625,-1.88577,-2.625
1.79096,-2.49375,-1.91012,-2.58125
1.82764,-2.3625,-1.90977,-2.64688
1.7643,-2.40625,-1.90767,-2.73438
1.76522,-2.3625,-1.90091,-2.73438
1.77835,-2.47187,-1.9084,-2.60312
1.75019,-2.45,-1.90834,-2.58125
1.76739,-2.38437,-1.90449,-2.75625
1.73604,-2.3625,-1.90152,-2.58125
1.73753,-2.55938,-1.90989,-2.60312
1.73815,-2.12188,-1.90808,-2.60312
1.71,-2.5375,-1.91121,-2.625
1.74144,-2.42813,-1.90126,-2.82187
1.75981,-2.47187,-1.89044,-2.60312
1.74386,-2.47187,-1.89793,-2.49375
1.69739,-2.40625,-1.88798,-2.625
1.71459,-2.40625,-1.87337,-2.625
1.74545,-2.34063,-1.86139,-2.47187
1.74608,-2.38437,-1.84882,-2.58125
1.74874,-2.40625,-1.83509,-2.58125
1.68453,-2.45,-1.82049,-2.84375
1.74854,-2.45,-1.8149,-2.55938
1.70352,-2.29688,-1.81075,-2.51562
1.72101,-2.1,-1.79877,-2.5375
1.6568,-2.34063,-1.79929,-2.51562
1.73244,-2.275,-1.78468,-2.45
1.73307,-2.0125,-1.7948,-2.51562
1.70404,-2.31875,-1.79676,-2.58125
1.68547,-2.25312,-1.78128,-2.60312
1.68465,-2.31875,-1.78645,-2.73438
1.71755,-2.3625,-1.7861,-2.625
1.72923,-2.38437,-1.79795,-2.49375
1.65164,-2.38437,-1.78654,-2.42813
1.72641,-2.20938,-1.79956,-2.42813
1.66132,-2.31875,-1.80443,-2.38437
1.66137,-2.3625,-1.79506,-2.49375
1.63031,-2.23125,-1.79034,-2.40625
1.6603,-2.20938,-1.81383,-2.64688
1.64581,-2.20938,-1.81173,-2.5375
1.65544,-2.29688,-1.81659,-2.40625
1.60636,-2.1875,-1.80924,-2.47187
1.60349,-2.0125,-1.81643,-2.47187
1.61894,-2.20938,-1.81634,-2.51562
1.61695,-2.29688,-1.81015,-2.40625
1.61495,-2.3625,-1.82286,-2.49375
1.61238,-2.51562,-1.81493,-2.40625
1.56387,-2.20938,-1.81602,-2.42813
1.63834,-2.16562,-1.80024,-2.49375
1.55988,-2.07812,-1.80103,-2.45
1.62215,-2.14375,-1.78524,-2.45
1.60271,-2.20938,-1.77091,-2.51562
1.61903,-2.3625,-1.7656,-2.40625
1.58128,-1.77188,-1.75068,-2.45
1.61417,-1.90312,-1.73984,-2.42813
1.62585,-2.42813,-1.72203,-2.55938
1.62473,-2.23125,-1.70682,-2.40625
1.61198,-2.275,-1.70761,-2.69062
1.60998,-2.23125,-1.7084,-2.38437
1.60916,-2.1875,-1.67895,-2.34063
1.62054,-2.34063,-1.67596,-2.275
1.58947,-2.25312,-1.6785,-2.38437
1.634,-2.23125,-1.6819,-2.29688
1.60467,-2.29688,-1.68531,-2.31875
1.58553,-1.925,-1.68871,-2.275
1.63093,-2.14375,-1.71538,-2.275
1.58242,-2.40625,-1.72227,-2.3625
1.6095,-2.16562,-1.69631,-2.40625
1.57873,-2.16562,-1.71251,-2.47187
1.62325,-2.12188,-1.73365,-2.31875
1.5573,-2.25312,-1.71758,-2.31875
1.5553,-2.12188,-1.73348,-2.34063
1.56988,-2.07812,-1.72613,-2.29688
1.55074,-2.25312,-1.73332,-2.40625
1.53043,-2.12188,-1.72713,-2.275
1.49849,-2.07812,-1.73402,-2.38437
1.5247,-2.14375,-1.7322,-2.31875
1.55702,-1.77188,-1.72658,-2.34063
1.53671,-2.275,-1.73347,-2.31875
1.5164,-1.81563,-1.72728,-2.38437
1.44869,-1.8375,-1.72458,-2.31875
1.49816,-1.99063,-1.72915,-2.31875
1.54211,-2.05625,-1.72006,-2.47187
1.54012,-2.14375,-1.71474,-2.34063
1.55557,-2.1,-1.70622,-2.38437
1.47129,-2.12188,-1.71776,-2.34063
1.4978,-2.07812,-1.71157,-2.40625
1.5307,-2.1,-1.708,-2.47187
1.52783,-2.14375,-1.71664,-2.3625
1.55578,-1.85938,-1.69678,-2.47187
1.52384,-1.85938,-1.70105,-2.29688
1.52302,-2.1,-1.70272,-2.34063
1.52015,-2.1,-1.71077,-2.12188
1.5481,-2.25312,-1.68248,-2.31875
1.48215,-2.12188,-1.68414,-2.34063
1.53278,-2.1,-1.68493,-2.42813
1.56074,-2.16562,-1.71159,-2.38437
1.5413,-2.275,-1.7051,-2.275
1.55675,-2.275,-1.71636,-2.42813
1.53761,-2.12188,-1.70726,-2.38437
1.4891,-2.1875,-1.7002,-2.38437
1.50542,-2.1,-1.71843,-2.40625
1.52087,-2.1,-1.70206,-2.34063
1.53255,-2.1875,-1.72873,-2.42813
1.53142,-2.16562,-1.71061,-2.29688
1.5303,-2.14375,-1.71023,-2.40625
1.51581,-2.12188,-1.71393,-2.42813
1.51381,-2.07812,-1.74,-2.40625
1.54206,-2.12188,-1.73818,-2.49375
1.52262,-2.12188,-1.72994,-2.60312
1.52063,-2.12188,-1.7476,-2.275
1.50701,-2.14375,-1.72164,-2.42813
1.50618,-2.07812,-1.74335,-2.45
1.50419,-2.1,-1.7389,-2.45
1.51295,-2.05625,-1.74754,-2.34063
1.56416,-2.03437,-1.75268,-2.3625
1.52758,-2.07812,-1.74533,-2.51562
1.50727,-2.05625,-1.75018,-2.58125
1.5044,-2.07812,-1.7501,-2.40625
1.50241,-2.05625,-1.74623,-2.49375
1.49984,-1.99063,-1.74963,-2.45
1.48709,-2.0125,-1.76262,-2.31875
1.53161,-2.05625,-1.74306,-2.60312
1.4956,-2.03437,-1.74385,-2.45
1.48285,-2.05625,-1.76469,-2.1
1.49366,-1.70625,-1.73437,-2.3625
1.46433,-2.03437,-1.74009,-2.5375
1.46234,-2.03437,-1.75338,-2.34063
1.46122,-1.59688,-1.7591,-2.49375
1.52523,-1.575,-1.76861,-2.29688
1.50754,-2.03437,-1.76474,-2.38437
1.48897,-2.03437,-1.76901,-2.40625
1.45877,-2.05625,-1.74393,-2.45
1.48615,-1.81563,-1.76913,-2.34063
1.48503,-2.14375,-1.77427,-2.47187
1.45396,-1.68437,-1.77302,-2.38437
1.49936,-2.14375,-1.77438,-2.38437
1.48109,-1.68437,-1.77952,-2.40625
1.49654,-1.925,-1.77828,-2.38437
1.46547,-1.925,-1.75929,-2.38437
1.44603,-1.88125,-1.76501,-2.38437
1.46061,-1.85938,-1.75387,-2.40625
1.45979,-2.0125,-1.76367,-2.55938
1.4578,-2.275,-1.77753,-2.51562
1.45493,-2.03437,-1.78325,-2.38437
1.43462,-1.99063,-1.78055,-2.58125
1.38466,-1.96875,-1.7918,-2.60312
1.41087,-1.94687,-1.76263,-2.45
1.36148,-1.925,-1.76312,-2.38437
1.38682,-1.88125,-1.76361,-2.49375
1.42088,-1.90312,-1.76702,-2.34063
1.38313,-1.88125,-1.76838,-2.49375
1.33287,-1.72812,-1.76887,-2.60312
1.37652,-1.85938,-1.77023,-2.42813
1.34314,-1.79375,-1.77829,-2.5375
1.33853,-1.8375,-1.77063,-2.5375
1.33479,-1.79375,-1.772,-2.55938
1.361,-1.79375,-1.77336,-2.47187
1.3747,-1.90312,-1.77472,-2.49375
1.30643,-1.81563,-1.77521,-2.31875
1.30356,-1.75,-1.77774,-2.58125
1.28063,-1.81563,-1.77736,-2.60312
1.29347,-1.37813,-1.77697,-2.42813
1.32579,-1.8375,-1.77921,-2.58125
1.32118,-1.4875,-1.77882,-2.40625
1.28342,-1.75,-1.78106,-2.42813
1.27968,-1.77188,-1.78358,-2.42813
1.22972,-1.88125,-1.78203,-2.40625
1.31902,-1.64062,-1.81014,-2.40625
1.26789,-1.79375,-1.78244,-2.69062
1.29904,-1.70625,-1.7838,-2.66875
1.27816,-1.70625,-1.80319,-2.40625
1.25698,-1.75,-1.78478,-2.38437
1.27068,-1.81563,-1.78614,-2.5375
1.23205,-1.75,-1.78663,-2.49375
1.28182,-1.64062,-1.78886,-2.40625
1.28971,-1.75,-1.78935,-2.47187
1.25777,-1.79375,-1.79158,-2.7125
1.21914,-1.85938,-1.79207,-2.40625
1.27967,-1.77188,-1.79343,-2.51562
1.2768,-1.79375,-1.79567,-2.40625
1.30795,-1.70625,-1.81942,-2.40625
1.22368,-1.77188,-1.79752,-2.625
1.25513,-1.79375,-1.79713,-2.42813
1.25139,-1.50937,-1.7985,-2.64688
1.23108,-1.79375,-1.79986,-2.3625
1.24565,-1.64062,-1.82012,-2.55938
1.20733,-1.925,-1.80461,-2.45
1.25185,-1.77188,-1.80394,-2.55938
1.23735,-1.77188,-1.805,-2.47187
1.26356,-1.68437,-1.80636,-2.5375
1.2767,-1.70625,-1.80598,-2.38437
1.27383,-1.75,-1.80734,-2.55938
1.22444,-1.75,-1.8087,-2.5375
1.2681,-1.79375,-1.82547,-2.40625
1.26553,-1.88125,-1.81433,-2.47187
1.24522,-1.75,-1.81191,-2.58125
1.22578,-1.79375,-1.82054,-2.45
1.25867,-1.88125,-1.82887,-2.45
1.23953,-1.77188,-1.81657,-2.58125
1.27243,-1.44375,-1.83247,-2.47187
1.27043,-1.70625,-1.85331,-2.58125
1.2513,-1.79375,-1.85031,-2.40625
1.21441,-1.68437,-1.85167,-2.60312
1.24731,-1.75,-1.85273,-2.49375
1.2927,-1.75,-1.83083,-2.75625
1.30932,-1.75,-1.86417,-2.49375
1.29163,-1.77188,-1.85478,-2.82187
1.26143,-1.99063,-1.85178,-2.47187
1.30683,-1.44375,-1.86883,-2.58125
1.32432,-1.88125,-1.86583,-2.49375
1.30576,-2.0125,-1.87155,-2.40625
1.32295,-1.925,-1.86185,-2.49375
1.30526,-1.8375,-1.84983,-2.45
1.36984,-1.72812,-1.87618,-2.66875
1.35389,-1.81563,-1.87781,-2.47187
1.33794,-1.925,-1.87538,-2.51562
1.37345,-1.96875,-1.88487,-2.5375
1.3575,-1.925,-1.88563,-2.625
1.39419,-1.99063,-1.89366,-2.49375
1.39743,-1.8375,-1.89965,-2.47187
1.42974,-1.88125,-1.90071,-2.58125
1.44868,-1.90312,-1.90787,-2.47187
1.38621,-2.05625,-1.91125,-2.58125
1.41591,-2.0125,-1.91899,-2.60312
1.4331,-2.03437,-1.9119,-2.64688
1.4346,-2.1,-1.92633,-2.73438
1.45353,-2.0125,-1.92797,-2.58125
1.47247,-2.07812,-1.93687,-2.69062
1.45652,-2.12188,-1.93763,-2.58125
1.41063,-2.1,-1.93868,-2.51562
1.45864,-2.07812,-1.94846,-2.7125
1.44269,-2.03437,-1.95853,-2.69062
1.4907,-2.07812,-1.95929,-2.73438
1.49337,-2.14375,-1.9586,-2.7125
1.51318,-2.1,-1.9614,-2.625
1.4856,-2.03437,-1.95692,-2.5375
1.51879,-1.99063,-1.96059,-2.51562
1.54034,-1.925,-1.94827,-2.55938
1.51131,-2.14375,-1.93595,-2.55938
1.53374,-2.0125,-1.92711,-2.47187
1.53785,-2.0125,-1.9052,-2.58125
1.54196,-2.03437,-1.90073,-2.51562
1.56526,-2.03437,-1.87911,-2.64688
1.55192,-2.07812,-1.87551,-2.69062
1.62087,-2.1,-1.8597,-2.64688
1.61015,-2.1875,-1.84214,-2.73438
1.66864,-2.1875,-1.82168,-2.7125
1.6588,-2.23125,-1.80819,-2.82187
1.62715,-2.25312,-1.77814,-2.73438
1.63213,-2.40625,-1.7693,-2.58125
1.672,-2.49375,-1.75058,-2.58125
1.67873,-2.51562,-1.72809,-2.58125
1.66802,-2.275,-1.70384,-2.55938
1.65643,-2.31875,-1.6921,-2.51562
1.69717,-2.20938,-1.69374,-2.42813
1.68645,-2.29688,-1.67037,-2.625
1.60916,-2.31875,-1.68333,-2.45
1.6784,-2.14375,-1.66141,-2.3625
1.63861,-2.3625,-1.69067,-2.31875
1.7093,-2.23125,-1.68125,-2.42813
1.65032,-2.20938,-1.71661,-2.23125
1.63612,-2.16562,-1.71388,-2.25312
1.61028,-2.29688,-1.73848,-2.29688
1.57689,-2.20938,-1.72587,-2.31875
1.61327,-2.12188,-1.7275,-2.31875
1.61826,-2.47187,-1.75501,-2.275
1.57323,-1.81563,-1.7645,-2.38437
1.52269,-1.72812,-1.75973,-2.34063
1.52419,-2.1875,-1.76834,-2.31875
1.51318,-2.07812,-1.76939,-2.3625
1.51293,-2.07812,-1.77974,-2.40625
1.51355,-1.70625,-1.7619,-2.42813
1.51243,-1.70625,-1.77342,-2.42813
1.45897,-2.03437,-1.7573,-2.625
1.47442,-1.99063,-1.75283,-2.58125
1.45499,-1.88125,-1.75359,-2.45
1.42422,-1.575,-1.75261,-2.40625
1.4513,-1.99063,-1.74378,-2.60312
1.42023,-2.14375,-1.73988,-2.42813
1.43481,-2.1875,-1.73453,-2.47187
1.3988,-1.55313,-1.73063,-2.42813
1.43082,-1.64062,-1.71393,-2.40625
1.39393,-1.77188,-1.717,-2.45
1.39107,-1.88125,-1.70496,-2.42813
1.37163,-2.0125,-1.71239,-2.38437
1.38591,-1.6625,-1.69656,-2.40625
1.38478,-1.81563,-1.68335,-2.40625
1.36535,-1.90312,-1.68002,-2.40625
1.36248,-1.81563,-1.66448,-2.34063
1.37706,-1.8375,-1.65127,-2.5375
1.39163,-1.8375,-1.64968,-2.38437
1.35301,-1.85938,-1.65246,-2.34063
1.32107,-1.94687,-1.62936,-2.34063
1.34815,-1.79375,-1.6307,-2.275
1.34528,-1.8375,-1.639,-2.38437
1.34154,-1.81563,-1.63189,-2.45
1.29128,-1.79375,-1.63205,-2.23125
1.33463,-1.64062,-1.63308,-2.25312
1.3309,-1.8375,-1.63325,-2.1875
1.32803,-1.81563,-1.63428,-2.25312
1.31179,-1.59688,-1.63357,-2.25312
1.27316,-1.59688,-1.63373,-2.20938
1.28774,-1.64062,-1.63476,-2.20938
1.30232,-1.81563,-1.6358,-2.38437
1.3451,-1.75,-1.63596,-2.34063
1.29571,-1.8375,-1.63699,-2.25312
1.29197,-1.77188,-1.63715,-2.25312
1.25334,-1.81563,-1.63731,-2.25312
1.28449,-1.77188,-1.63747,-2.25312
1.28163,-1.77188,-1.63851,-2.20938
1.27789,-1.53125,-1.63867,-2.38437
1.32154,-1.75,-1.63853,-2.38437
1.28261,-1.77188,-1.63869,-2.31875
1.26724,-1.90312,-1.63885,-2.23125
1.26438,-1.79375,-1.63988,-2.23125
1.27227,-1.72812,-1.63917,-2.42813
1.30429,-1.75,-1.64021,-2.275
1.26566,-1.79375,-1.6395,-2.16562
1.2628,-1.75,-1.64053,-2.14375
1.29482,-1.75,-1.65523,-2.45
1.29195,-1.79375,-1.63998,-2.23125
1.27164,-1.81563,-1.64071,-2.42813
1.28622,-1.77188,-1.64378,-2.42813
1.3008,-1.46562,-1.65266,-2.20938
1.24647,-1.79375,-1.64207,-2.45
1.29593,-1.96875,-1.66549,-2.20938
1.2765,-1.75,-1.64239,-2.45
1.27363,-1.925,-1.64225,-2.20938
1.30158,-1.77188,-1.64416,-2.23125
1.33447,-1.79375,-1.65973,-2.40625
1.28509,-1.85938,-1.6721,-2.25312
1.26565,-1.81563,-1.66877,-2.38437
1.26278,-1.79375,-1.65904,-2.29688
1.30818,-1.77188,-1.67693,-2.45
1.30706,-1.79375,-1.64744,-2.31875
1.3417,-1.81563,-1.67697,-2.40625
1.30481,-1.75,-1.65008,-2.29688
1.2845,-1.79375,-1.67175,-2.38437
1.30082,-1.75,-1.65767,-2.31875
1.26976,-1.79375,-1.66219,-2.275
1.31485,-1.72812,-1.66583,-2.31875
1.33117,-1.79375,-1.67559,-2.42813
1.31261,-1.79375,-1.65423,-2.45
1.34056,-1.79375,-1.68898,-2.31875
1.32781,-1.72812,-1.67809,-2.29688
1.32669,-1.72812,-1.67563,-2.3625
1.33807,-1.79375,-1.65747,-2.40625
1.33607,-1.81563,-1.66024,-2.45
1.32419,-1.79375,-1.67377,-2.20938
1.35214,-1.81563,-1.66288,-2.25312
1.39841,-1.85938,-1.67611,-2.45
1.37083,-1.85938,-1.66435,-2.38437
1.33482,-1.81563,-1.67671,-2.25312
1.35202,-1.81563,-1.69431,-2.45
1.35177,-1.8375,-1.68749,-2.40625
1.33407,-1.77188,-1.69986,-2.31875
1.35214,-2.03437,-1.68547,-2.29688
1.39928,-1.88125,-1.71092,-2.31875
1.38827,-1.925,-1.68084,-2.40625
1.37058,-2.03437,-1.6932,-2.275
1.30636,-1.50937,-1.7047,-2.29688
1.32356,-1.8375,-1.70892,-2.34063
1.36983,-2.0125,-1.71344,-2.3625
1.38789,-1.8375,-1.69818,-2.3625
1.33531,-1.85938,-1.71491,-2.3625
1.33419,-1.8375,-1.70866,-2.31875
1.32144,-1.81563,-1.71231,-2.3625
1.26798,-1.925,-1.7113,-2.34063
1.32006,-1.8375,-1.70942,-2.31875
1.30411,-1.79375,-1.71829,-2.29688
1.32131,-1.75,-1.69838,-2.31875
1.30361,-1.75,-1.71423,-2.3625
1.34901,-1.94687,-1.70916,-2.3625
1.2848,-1.68437,-1.69943,-2.47187
1.26623,-1.68437,-1.7115,-2.47187
1.26481,-1.68437,-1.69101,-2.34063
1.26281,-1.72812,-1.69727,-2.34063
1.29658,-1.6625,-1.68027,-2.38437
1.3129,-1.75,-1.68449,-2.38437
1.27602,-1.77188,-1.68814,-2.45
1.29177,-1.70625,-1.688,-2.47187
1.22581,-1.75,-1.69222,-2.45
1.26946,-1.75,-1.67522,-2.3625
1.28579,-1.81563,-1.68671,-2.3625
1.28466,-1.70625,-1.67145,-2.3625
1.23702,-1.75,-1.66579,-2.3625
1.21671,-1.75,-1.68804,-2.29688
