torque_1,torque_1_t,torque_2,torque_2_t
0.335221,-0.109375,-1.13164,-0.21875
0.325921,-0.284375,-1.13284,-0.459375
0.316321,-0.196875,-1.13287,-0.65625
0.307021,-0.240625,-1.15035,-0.83125
0.297721,-0.371875,-1.15969,-0.91875
0.288421,-0.371875,-1.19083,-1.00625
0.279121,-0.2625,-1.1993,-1.09375
0.269821,-0.284375,-1.22812,-1.15938
0.260521,-0.415625,-1.24181,-1.225
0.250921,-0.328125,-1.25667,-1.3125
0.241621,-0.328125,-1.26862,-1.33438
0.232321,-0.30625,-1.27825,-1.44375
0.223021,-0.4375,-1.27829,-1.50937
0.213721,-0.30625,-1.24953,-1.61875
0.206166,-0.48125,-1.23998,-1.6625
0.197438,-0.284375,-1.20395,-1.70625
0.348627,-0.328125,-1.17463,-1.72812
0.342816,-0.48125,-1.12261,-1.75
0.302116,-0.48125,-1.08223,-1.75
0.348638,-0.371875,-1.03633,-1.8375
0.344271,-0.35,-0.983447,-1.77188
0.352706,-0.371875,-0.941327,-1.72812
0.400973,-0.65625,-0.918386,-1.6625
0.399523,-0.7875,-0.891966,-1.50937
0.409403,-0.590625,-0.867862,-1.46562
0.407953,-0.503125,-0.868762,-1.44375
0.406503,-0.65625,-0.851355,-1.53125
0.421625,-0.503125,-0.880457,-1.24687
0.40303,-0.634375,-0.871799,-1.20312
0.388506,-0.525,-0.892207,-1.20312
0.385612,-0.525,-0.887029,-1.24687
0.395219,-0.546875,-0.910053,-1.15938
0.363551,-0.525,-0.931333,-1.1375
0.408047,-0.546875,-0.947379,-1.15938
0.376079,-0.503125,-0.953259,-1.20312
0.319979,-0.525,-0.954186,-1.18125
0.333656,-0.503125,-0.974594,-1.1375
0.376408,-0.503125,-0.971451,-1.1375
0.309551,-0.546875,-0.973251,-1.1375
0.323229,-0.48125,-0.985809,-1.18125
0.319462,-0.459375,-0.964059,-1.26875
0.315995,-0.48125,-0.960625,-1.225
0.294784,-0.546875,-0.955747,-1.225
0.308462,-0.415625,-0.959583,-1.225
0.339584,-0.546875,-0.938414,-1.26875
0.300929,-0.415625,-0.923642,-1.26875
0.297162,-0.39375,-0.92457,-1.24687
0.275079,-0.415625,-0.911542,-1.29062
0.27044,-0.415625,-0.908399,-1.24687
0.301562,-0.503125,-0.893336,-1.26875
0.250404,-0.415625,-0.890194,-1.29062
0.293156,-0.39375,-0.875131,-1.225
0.28939,-0.48125,-0.869953,-1.24687
0.250734,-0.415625,-0.862159,-1.24687
0.246967,-0.415625,-0.85262,-1.20312
0.260645,-0.39375,-0.839592,-1.225
0.29264,-0.39375,-0.820168,-1.1375
0.253984,-0.459375,-0.819642,-1.11563
0.222016,-0.4375,-0.807196,-1.35625
0.293841,-0.35,-0.788062,-1.18125
0.308391,-0.39375,-0.783457,-1.09375
0.306369,-0.4375,-0.774499,-1.15938
0.28603,-0.415625,-0.766705,-1.20312
0.318025,-0.371875,-0.744664,-1.1375
0.281114,-0.153125,-0.742975,-1.15938
0.296536,-0.371875,-0.73519,-1.05
0.295686,-0.371875,-0.732057,-1.09375
0.328853,-0.415625,-0.727479,-1.11563
0.31113,-0.39375,-0.73394,-1.02812
0.328597,-0.39375,-0.733423,-1.02812
0.341121,-0.35,-0.745709,-0.984375
0.329214,-0.415625,-0.746064,-1.00625
0.329236,-0.415625,-0.744975,-0.9625
0.358332,-0.459375,-0.754053,-0.940625
0.339738,-0.415625,-0.748303,-1.00625
0.311558,-0.4375,-0.751275,-0.9625
0.309836,-0.4375,-0.750186,-0.940625
0.309558,-0.4375,-0.750542,-0.9625
0.354354,-0.48125,-0.748281,-0.9625
0.33576,-0.459375,-0.748064,-1.00625
0.33491,-0.415625,-0.747547,-1.09375
0.32243,-0.459375,-0.743542,-1.05
0.33291,-0.39375,-0.738373,-0.940625
0.302986,-0.48125,-0.734668,-1.11563
0.348354,-0.48125,-0.720777,-1.00625
0.31843,-0.48125,-0.734507,-0.984375
0.316408,-0.39375,-0.724977,-1.00625
0.345504,-0.39375,-0.723016,-1.00625
0.297836,-0.546875,-0.73849,-0.9625
0.261225,-0.35,-0.73681,-0.9625
0.294091,-0.459375,-0.725827,-1.09375
0.293241,-0.48125,-0.74101,-0.940625
0.32321,-0.415625,-0.745155,-0.940625
0.293858,-0.459375,-0.742894,-1.11563
0.29388,-0.65625,-0.740633,-1.00625
0.257841,-0.4375,-0.74186,-1.00625
0.340716,-0.4375,-0.742216,-0.984375
0.293347,-0.590625,-0.743444,-1.07187
0.311386,-0.459375,-0.745253,-1.07187
0.275647,-0.35,-0.748225,-1.07187
0.292814,-0.4375,-0.753242,-0.984375
0.309408,-0.4375,-0.749236,-0.9625
0.274241,-0.196875,-0.757442,-1.00625
0.291708,-0.48125,-0.755181,-1.09375
0.254797,-0.415625,-0.762514,-0.9625
0.318482,-0.415625,-0.768975,-1.09375
0.319377,-0.48125,-0.762934,-1.00625
0.307469,0,-0.77492,-1.00625
0.290047,-0.39375,-0.79302,-1.02812
0.290069,-0.415625,-0.785825,-1.07187
0.290091,-0.4375,-0.803053,-1.07187
0.254353,-0.415625,-0.802836,-1.15938
0.270647,-0.13125,-0.805236,-1.11563
0.270669,-0.109375,-0.820138,-1.15938
0.287264,-0.39375,-0.82341,-1.05
0.286414,-0.525,-0.821149,-1.07187
0.268119,-0.371875,-0.832271,-0.809375
0.266097,-0.371875,-0.837288,-1.09375
0.265247,-0.196875,-0.834455,-1.05
0.263525,-0.21875,-0.843251,-1.00625
0.278375,-0.21875,-0.840999,-1.35625
0.259208,-0.39375,-0.849796,-1.09375
0.256314,-0.240625,-0.838821,-1.09375
0.237147,-0.240625,-0.851979,-1.15938
0.223795,-0.371875,-0.846238,-1.09375
0.31511,-0.39375,-0.852118,-1.09375
0.284886,-0.240625,-0.847249,-1.20312
0.23083,-0.284375,-0.84994,-1.15938
0.230853,-0.39375,-0.854957,-1.1375
0.22883,-0.284375,-0.857357,-1.26875
0.264614,-0.30625,-0.864981,-1.1375
0.245447,-0.328125,-0.866509,-1.15938
0.227153,-0.35,-0.872397,-1.1375
0.242575,-0.371875,-0.872471,-1.26875
0.194334,-0.284375,-0.880977,-1.11563
0.257447,-0.30625,-0.881623,-1.20312
0.219664,-0.30625,-0.885768,-1.1375
0.271147,-0.30625,-0.883807,-1.11563
0.252553,-0.240625,-0.877484,-1.18125
0.270019,-0.35,-0.880747,-1.09375
0.250853,-0.30625,-0.886055,-1.3125
0.268019,-0.328125,-0.877697,-1.1375
0.279671,-0.328125,-0.871947,-1.1375
0.296266,-0.35,-0.862136,-1.20312
0.331749,-0.415625,-0.852325,-1.24687
0.315199,-0.371875,-0.84832,-1.15938
0.33411,-0.4375,-0.849847,-1.18125
0.300116,-0.4375,-0.83742,-1.225
0.336471,-0.48125,-0.831379,-1.20312
0.368184,-0.48125,-0.823312,-1.225
0.369651,-0.459375,-0.810594,-1.24687
0.407179,-0.48125,-0.80746,-1.225
0.357484,-0.503125,-0.804627,-1.15938
0.413029,-0.56875,-0.798586,-1.15938
0.41654,-0.48125,-0.800986,-1.09375
0.384862,-0.634375,-0.799025,-1.11563
0.434891,-0.634375,-0.806359,-1.09375
0.409901,-0.634375,-0.810503,-1.05
0.429984,-0.6125,-0.800973,-1.1375
0.43494,-0.415625,-0.822844,-1.24687
0.438151,-0.7,-0.825816,-1.07187
0.452991,-0.56875,-0.822392,-1.05
0.442829,-0.65625,-0.828853,-1.1375
0.445467,-0.56875,-0.818742,-1.09375
0.47688,-0.65625,-0.822586,-1.33438
0.478347,-0.56875,-0.822651,-1.15938
0.463241,-0.7,-0.827368,-1.09375
0.529543,-0.875,-0.834692,-1.1375
0.487108,-0.721875,-0.833012,-1.09375
0.459501,-0.74375,-0.82261,-1.225
0.491214,-0.590625,-0.838084,-1.1375
0.465351,-0.7,-0.843673,-1.20312
0.433673,-0.7,-0.844029,-1.20312
0.503464,-0.765625,-0.85019,-1.07187
0.44184,-0.721875,-0.858396,-1.1375
0.492441,-0.525,-0.859623,-0.940625
0.463962,-0.7,-0.875679,-1.15938
0.482873,-0.546875,-0.881559,-1.20312
0.450323,-0.634375,-0.881323,-1.18125
0.486679,-0.65625,-0.894181,-1.09375
0.43494,-0.721875,-0.894536,-1.15938
0.389016,-0.525,-0.90216,-1.18125
0.407927,-0.6125,-0.902216,-1.225
0.45534,-0.525,-0.895303,-1.225
0.455934,-0.678125,-0.909905,-1.15938
0.473973,-0.56875,-0.90241,-1.15938
0.392288,-0.6125,-0.905083,-1.18125
0.409454,-0.546875,-0.912416,-1.20312
0.428366,-0.56875,-0.898816,-1.20312
0.44059,-0.56875,-0.90236,-1.20312
0.429554,-0.56875,-0.912601,-1.18125
0.441779,-0.56875,-0.900455,-1.20312
0.429571,-0.56875,-0.910396,-1.225
0.430166,-0.56875,-0.897377,-1.20312
0.394999,-0.678125,-0.899177,-1.225
0.412166,-0.590625,-0.913779,-1.29062
0.411888,-0.459375,-0.916751,-1.26875
0.394166,-0.56875,-0.900234,-1.29062
0.39476,-0.65625,-0.90059,-1.20312
0.431116,-0.525,-0.897157,-1.225
0.432582,-0.525,-0.889662,-0.875
0.463123,-0.525,-0.901647,-1.18125
0.418943,-0.678125,-0.903447,-1.1375
0.385521,-0.525,-0.886068,-1.29062
0.515786,-0.678125,-0.891647,-1.225
0.489623,-0.765625,-0.885607,-1.24687
0.474517,-0.6125,-0.875196,-1.15938
0.493429,-0.6125,-0.868573,-1.24687
0.461751,-0.65625,-0.876479,-1.24687
0.515551,-0.74375,-0.866368,-1.20312
0.483001,-0.634375,-0.865551,-1.20312
0.520229,-0.721875,-0.86329,-1.18125
0.488251,-0.590625,-0.867707,-1.20312
0.525479,-0.765625,-0.862829,-1.1375
0.508929,-0.590625,-0.86144,-1.15938
0.464749,-0.634375,-0.859479,-1.1375
0.532223,-0.634375,-0.859262,-1.24687
0.481356,-0.765625,-0.857301,-1.09375
0.50114,-0.678125,-0.857084,-1.1375
0.538667,-0.678125,-0.856868,-1.11563
0.523562,-0.7,-0.854616,-1.24687
0.527945,-0.721875,-0.851483,-1.26875
0.558486,-0.809375,-0.844288,-1.15938
0.532923,-0.678125,-0.840292,-1.1375
0.535262,-0.721875,-0.834842,-1.18125
0.520156,-0.74375,-0.834334,-1.11563
0.542856,-0.721875,-0.837307,-1.09375
0.526879,-0.721875,-0.824588,-1.24687
0.564106,-0.721875,-0.837746,-1.09375
0.548429,-0.74375,-0.842762,-1.09375
0.61473,-0.74375,-0.848351,-1.18125
0.516473,-0.721875,-0.851623,-1.20312
0.534812,-0.765625,-0.865362,-1.15938
0.506332,-0.721875,-0.86659,-1.11563
0.520301,-0.7,-0.859977,-1.11563
0.540384,-0.678125,-0.87139,-1.29062
0.512777,-0.765625,-0.882212,-1.24687
0.561634,-0.7,-0.877634,-1.15938
0.481693,-0.7,-0.888757,-1.29062
0.484332,-0.7,-0.879518,-1.18125
0.501499,-0.678125,-0.886279,-1.18125
0.548612,-0.7,-0.884318,-1.225
0.550951,-0.721875,-0.893396,-1.225
0.506199,-0.7,-0.892307,-1.20312
0.525982,-0.83125,-0.896451,-1.225
0.528321,-0.74375,-0.895644,-1.29062
0.528916,-0.74375,-0.904149,-1.24687
0.54114,-0.765625,-0.892875,-1.18125
0.531277,-0.74375,-0.90516,-1.20312
0.532743,-0.634375,-0.902609,-1.18125
0.54584,-0.765625,-0.905009,-1.15938
0.499043,-0.74375,-0.913214,-1.20312
0.534527,-0.83125,-0.920266,-1.3125
0.47233,-0.74375,-0.914525,-1.15938
0.53776,-0.721875,-0.927964,-1.225
0.503466,-0.74375,-0.935888,-1.15938
0.504932,-0.7,-0.939733,-1.20312
0.47558,-0.74375,-0.941833,-1.26875
0.457858,-0.678125,-0.954699,-1.20312
0.474153,-0.678125,-0.965812,-1.26875
0.474747,-0.65625,-0.969084,-1.33438
0.474769,-0.678125,-0.984559,-1.225
0.457047,-0.65625,-0.987831,-1.20312
0.474214,-0.74375,-0.988186,-1.24687
0.455619,-0.56875,-0.99611,-1.24687
0.484416,-0.6125,-1.00548,-1.00625
0.454191,-0.65625,-0.99246,-1.35625
0.471358,-0.65625,-1.01638,-1.225
0.453636,-0.74375,-1.00888,-1.26875
0.470803,-0.65625,-1.01303,-1.35625
0.499599,-0.65625,-1.02065,-1.07187
0.517638,-0.678125,-1.00792,-1.29062
0.518232,-0.678125,-1.00538,-1.33438
0.48481,-0.7,-1.00137,-1.29062
0.485404,-0.65625,-0.997668,-1.33438
0.540377,-0.65625,-0.97391,-1.33438
0.570917,-0.7,-0.973984,-1.33438
0.544482,-0.853125,-0.96709,-1.33438
0.557579,-0.546875,-0.970362,-1.35625
0.57679,-0.721875,-0.959107,-1.33438
0.578256,-0.83125,-0.947551,-1.37813
0.627414,-0.83125,-0.937749,-1.4
0.583234,-0.875,-0.933462,-1.42188
0.586745,-0.809375,-0.924533,-1.4
0.606529,-0.74375,-0.913849,-1.3125
0.626612,-0.809375,-0.901431,-1.35625
0.628951,-0.7875,-0.893946,-1.33438
0.612973,-0.83125,-0.881818,-1.3125
0.633056,-0.809375,-0.86532,-1.3125
0.617079,-0.83125,-0.854636,-1.225
0.603145,-0.83125,-0.850068,-1.29062
0.639501,-0.83125,-0.844327,-1.24687
0.624395,-0.875,-0.832781,-1.46562
0.608717,-0.853125,-0.833146,-1.225
0.610184,-0.809375,-0.844859,-1.26875
0.580832,-0.83125,-0.845223,-1.37813
0.584343,-0.546875,-0.845879,-1.09375
0.567493,-0.875,-0.850905,-1.1375
0.554132,-0.765625,-0.871912,-1.15938
0.573343,-0.7875,-0.879546,-1.09375
0.511719,-0.765625,-0.893875,-1.18125
0.540516,-0.7,-0.896857,-1.11563
0.47483,-0.459375,-0.904781,-1.18125
0.490253,-0.65625,-0.913586,-0.74375
0.48823,-0.65625,-0.916859,-1.225
0.468764,-0.634375,-0.92362,-1.26875
0.455412,-0.678125,-0.926892,-1.26875
0.435073,-0.65625,-0.93686,-1.29062
0.413862,-0.590625,-0.931992,-1.24687
0.410095,-0.634375,-0.93352,-1.26875
0.406629,-0.678125,-0.939409,-1.29062
0.421179,-0.65625,-0.941236,-1.225
0.399967,-0.590625,-0.938403,-1.24687
0.413645,-0.634375,-0.946327,-1.29062
0.37529,-0.546875,-0.955705,-1.26875
0.359021,-0.546875,-0.947066,-1.26875
0.355254,-0.525,-0.947721,-1.3125
0.380562,-0.546875,-0.957099,-1.26875
0.411684,-0.6125,-0.956883,-1.26875
0.390473,-0.525,-0.948816,-1.26875
0.387006,-0.503125,-0.950344,-1.24687
0.365795,-0.503125,-0.952171,-1.29062
0.333827,-0.6125,-0.963294,-1.24687
0.405653,-0.525,-0.953192,-1.33438
0.391129,-0.634375,-0.96286,-1.29062
0.453941,-0.525,-0.955375,-1.26875
0.387084,-0.56875,-0.949053,-1.29062
0.394947,-0.634375,-0.956686,-1.26875
0.380423,-0.546875,-0.96432,-1.26875
0.378401,-0.503125,-0.964975,-1.26875
0.375506,-0.590625,-0.956618,-1.26875
0.420303,-0.525,-0.968031,-1.26875
0.41828,-0.503125,-0.964907,-1.26875
0.381369,-0.590625,-0.985042,-1.24687
0.396791,-0.48125,-0.979592,-1.26875
0.393897,-0.56875,-0.996247,-1.225
0.409319,-0.503125,-1.01058,-1.26875
0.407597,-0.525,-1.0124,-1.26875
0.406447,-0.525,-1.03022,-1.29062
0.404425,-0.546875,-1.03758,-1.33438
0.431777,-0.459375,-1.03679,-1.29062
0.430627,-0.546875,-1.06041,-1.3125
0.429477,-0.721875,-1.05875,-1.3125
0.428627,-0.525,-1.06261,-1.4
0.398403,-0.459375,-1.07316,-1.46562
0.426327,-0.525,-1.08139,-1.44375
0.443793,-0.503125,-1.08699,-1.33438
0.443516,-0.503125,-1.09027,-1.53125
0.478999,-0.459375,-1.08337,-1.44375
0.507795,-0.503125,-1.09247,-1.35625
0.462171,-0.525,-1.08761,-1.64062
0.509284,-0.459375,-1.09205,-1.35625
0.493306,-0.634375,-1.07701,-1.35625
0.559608,-0.809375,-1.08087,-1.575
0.532301,-0.634375,-1.06584,-1.29062
0.552956,-0.7875,-1.05981,-1.4
0.584369,-0.634375,-1.04651,-1.59688
0.588453,-0.809375,-1.03788,-1.4
0.609108,-0.74375,-1.02633,-1.44375
0.596047,-0.875,-1.02175,-1.44375
0.569312,-0.809375,-1.02823,-1.55313
0.648116,-0.765625,-1.00883,-1.42188
0.650454,-1.09375,-1.00513,-1.37813
0.65541,-0.809375,-0.987477,-1.55313
0.659493,-0.83125,-0.990177,-1.33438
0.598741,-0.91875,-0.976877,-1.4
0.667088,-0.525,-0.965331,-1.33438
0.706932,-1.00625,-0.960762,-1.35625
0.692699,-0.940625,-0.949207,-1.37813
0.696782,-0.91875,-0.946383,-1.33438
0.699993,-0.91875,-0.954316,-1.4
0.738966,-0.9625,-0.941597,-1.42188
0.690716,-0.853125,-0.950694,-1.29062
0.694799,-0.6125,-0.951931,-1.4
0.669808,-0.896875,-0.949397,-1.3125
0.673019,-1.00625,-0.950053,-1.4
0.707049,-0.9625,-0.954207,-1.42188
0.662869,-0.853125,-0.954862,-1.37813
0.637006,-0.83125,-0.957562,-1.46562
0.650975,-0.896875,-0.958218,-1.4
0.642556,-0.875,-0.968768,-1.35625
0.674841,-0.590625,-0.971168,-1.42188
0.67718,-0.91875,-0.980846,-1.3125
0.650445,-0.875,-0.975105,-1.61875
0.652784,-0.91875,-0.984783,-1.44375
0.60279,-0.875,-0.985438,-1.42188
0.620829,-0.83125,-1.00151,-1.33438
0.657184,-0.7875,-1.00653,-1.29062
0.640334,-0.91875,-1.0101,-1.35625
0.60604,-0.7875,-1.00988,-1.37813
0.606634,-0.7875,-1.02131,-1.53125
0.624673,-0.896875,-1.03098,-1.29062
0.625267,-0.853125,-1.03338,-1.3125
0.531653,-0.83125,-1.03869,-1.46562
0.577893,-0.83125,-1.02859,-1.24687
0.607562,-0.809375,-1.04175,-1.29062
0.608156,-0.459375,-1.04881,-1.37813
0.562232,-0.7875,-1.04161,-1.37813
0.543638,-0.809375,-1.04576,-1.4
0.607323,-0.74375,-1.04759,-1.46562
0.531153,-0.74375,-1.04824,-1.44375
0.576521,-0.83125,-1.0489,-1.4
0.59456,-0.765625,-1.04955,-1.53125
0.559393,-0.765625,-1.04672,-1.68437
0.605334,-0.7875,-1.05553,-1.4875
0.605929,-0.765625,-1.05793,-1.37813
0.605651,-0.83125,-1.05858,-1.44375
0.62369,-0.83125,-1.06447,-1.42188
0.605667,-0.7875,-1.07675,-1.53125
0.606262,-0.83125,-1.07218,-1.42188
0.595227,-0.809375,-1.08359,-1.37813
0.607151,-0.809375,-1.09122,-1.61875
0.626062,-0.853125,-1.10002,-1.37813
0.644101,-1.00625,-1.09836,-1.37813
0.675214,-0.896875,-1.10425,-1.46562
0.647606,-0.875,-1.11653,-1.44375
0.650817,-0.9625,-1.10323,-1.4
0.651984,-0.940625,-1.11552,-1.37813
0.700841,-0.91875,-1.10454,-1.42188
0.738069,-0.940625,-1.11683,-1.59688
0.753482,-1.05,-1.10876,-1.4
0.757566,-1.05,-1.10506,-1.68437
0.71483,-1.05,-1.10048,-1.575
0.83114,-0.9625,-1.10113,-1.55313
0.741314,-1.07187,-1.08231,-1.64062
0.826504,-1.05,-1.08035,-1.55313
0.814016,-1.09375,-1.07141,-1.575
0.818671,-1.05,-1.06567,-1.53125
0.88759,-1.1375,-1.0672,-1.55313
0.875673,-1.20312,-1.04227,-1.61875
0.883245,-1.07187,-1.04495,-1.61875
0.889073,-1.18125,-1.03485,-1.53125
0.876284,-1.33438,-1.02853,-1.05
0.899556,-1.18125,-1.02191,-1.4875
0.856821,-1.07187,-1.02315,-1.55313
0.880093,-1.18125,-1.02991,-1.44375
0.895506,-1.225,-1.03405,-1.46562
0.835627,-1.15938,-1.0414,-1.42188
0.838538,-1.1375,-1.04524,-1.42188
0.812675,-1.02812,-1.06014,-1.44375
0.816458,-1.1375,-1.07301,-1.42188
0.835941,-1.09375,-1.09576,-1.44375
0.840025,-1.05,-1.09525,-1.42188
0.760656,-1.07187,-1.10318,-1.46562
0.726362,-1.02812,-1.11836,-1.4875
0.715899,-0.9625,-1.12454,-1.46562
0.764756,-0.940625,-1.1313,-1.4875
0.765923,-0.940625,-1.13719,-1.46562
0.719699,-1.00625,-1.14191,-1.53125
0.701977,-0.940625,-1.15158,-1.55313
0.701399,-1.02812,-1.14613,-1.55313
0.683377,-0.940625,-1.1398,-1.55313
0.683971,-0.9625,-1.14801,-1.575
0.683393,-0.9625,-1.1382,-1.59688
0.683116,-1.00625,-1.13798,-1.59688
0.682538,-0.83125,-1.13543,-1.575
0.717721,-0.940625,-1.12505,-1.53125
0.664238,-1.00625,-1.12688,-1.59688
0.681404,-0.940625,-1.11358,-1.575
0.680254,-0.940625,-1.10989,-1.575
0.696549,-0.9625,-1.10474,-1.50937
0.661082,-1.00625,-1.11005,-1.55313
0.713138,-0.940625,-1.11973,-1.53125
0.71286,-1.02812,-1.11982,-1.50937
0.712582,-0.91875,-1.12426,-1.53125
0.659671,-1.00625,-1.13307,-1.53125
0.711727,-0.984375,-1.14623,-1.50937
0.675688,-0.9625,-1.14021,-1.46562
0.67541,-0.984375,-1.15541,-1.50937
0.692277,-0.853125,-1.16596,-1.53125
0.692871,-1.02812,-1.18378,-1.4875
0.71091,-0.9625,-1.192,-1.50937
0.658871,-1.00625,-1.19907,-1.50937
0.676038,-0.853125,-1.2038,-1.55313
0.693204,-0.91875,-1.21988,-1.53125
0.693499,-0.875,-1.22693,-1.59688
0.711538,-1.00625,-1.23399,-1.55313
0.694688,-0.940625,-1.23,-1.70625
0.742373,-1.05,-1.23183,-1.61875
0.742967,-0.9625,-1.23482,-1.64062
0.745006,-1.09375,-1.23229,-1.55313
0.729029,-1.09375,-1.23179,-1.59688
0.766256,-1.00625,-1.21763,-1.59688
0.784867,-1.07187,-1.22206,-1.72812
0.817153,-1.05,-1.20005,-1.64062
0.820064,-1.20312,-1.20362,-1.64062
0.869793,-1.1375,-1.1976,-1.64062
0.827058,-1.29062,-1.19448,-1.61875
0.878532,-1.1375,-1.18613,-1.59688
0.883488,-1.29062,-1.1801,-1.575
0.923032,-1.15938,-1.18658,-1.72812
0.893099,-1.26875,-1.17184,-1.53125
0.932643,-1.15938,-1.16726,-1.59688
0.968417,-1.24687,-1.15397,-1.59688
0.973945,-1.20312,-1.13632,-1.59688
0.969016,-1.33438,-1.12826,-1.61875
0.972799,-1.225,-1.11293,-1.64062
0.989956,-1.24687,-1.1069,-1.55313
0.98241,-1.3125,-1.0971,-1.77188
0.970493,-1.3125,-1.09252,-1.575
1.0054,-1.33438,-1.09697,-1.68437
0.998421,-1.35625,-1.10054,-1.55313
0.986804,-1.37813,-1.09393,-1.68437
0.956571,-1.35625,-1.09401,-1.4875
0.961227,-1.33438,-1.10718,-1.59688
0.96531,-1.4,-1.11685,-1.44375
0.939147,-1.3125,-1.11867,-1.61875
0.925786,-1.3125,-1.1298,-1.4875
0.975216,-1.3125,-1.11999,-1.575
0.949053,-1.29062,-1.12473,-1.50937
0.933947,-1.3125,-1.12538,-1.64062
0.889467,-1.24687,-1.11471,-1.50937
0.854873,-1.26875,-1.11449,-1.59688
0.891229,-1.11563,-1.11196,-1.53125
0.874951,-1.15938,-1.10186,-1.61875
0.857801,-1.1375,-1.09642,-1.53125
0.846766,-1.1375,-1.09942,-1.575
0.811599,-1.07187,-1.08933,-1.50937
0.810149,-1.20312,-1.09321,-1.50937
0.827316,-1.05,-1.08458,-1.53125
0.809593,-1.20312,-1.09368,-1.53125
0.791871,-1.05,-1.09407,-1.4875
0.789549,-1.15938,-1.09707,-1.55313
0.724436,-1.07187,-1.1053,-1.46562
0.721541,-1.11563,-1.09958,-1.4875
0.720391,-1.00625,-1.10345,-1.46562
0.717197,-1.11563,-1.10558,-1.53125
0.715175,-1.02812,-1.10654,-1.55313
0.729725,-1.00625,-1.1203,-1.46562
0.709958,-0.984375,-1.11458,-1.59688
0.659673,-0.984375,-1.12368,-1.4875
0.691667,-1.05,-1.12058,-1.55313
0.700103,-0.91875,-1.13403,-1.50937
0.667262,-0.984375,-1.13355,-1.46562
0.693141,-0.875,-1.13393,-1.50937
0.678617,-0.9625,-1.14216,-1.50937
0.676595,-0.91875,-1.14778,-1.64062
0.673401,-0.91875,-1.14642,-1.575
0.65219,-1.02812,-1.14884,-1.50937
0.678069,-0.940625,-1.1559,-1.53125
0.664417,-1.00625,-1.15977,-1.4875
0.673725,-0.9625,-1.14969,-1.55313
0.67083,-0.875,-1.1428,-1.53125
0.686825,-0.91875,-1.15045,-1.53125
0.720564,-0.984375,-1.15084,-1.53125
0.719414,-1.07187,-1.14452,-1.55313
0.74791,-0.984375,-1.14578,-1.55313
0.717386,-0.74375,-1.15081,-1.50937
0.747054,-1.00625,-1.16079,-1.575
0.763921,-1.02812,-1.15739,-1.50937
0.781088,-0.940625,-1.16213,-1.575
0.76481,-1.07187,-1.16775,-1.55313
0.782849,-1.00625,-1.17714,-1.575
0.812217,-0.984375,-1.18798,-1.575
0.812812,-1.05,-1.18924,-1.6625
0.813979,-1.07187,-1.18875,-1.575
0.833462,-1.15938,-1.18883,-1.575
0.881447,-1.11563,-1.20143,-1.61875
0.836095,-1.15938,-1.20821,-1.64062
0.866636,-1.15938,-1.20015,-1.61875
0.822156,-1.15938,-1.20693,-1.64062
0.858212,-1.15938,-1.20005,-1.64062
0.873053,-1.24687,-1.20013,-1.77188
0.929169,-0.9625,-1.18917,-1.64062
0.897191,-1.29062,-1.18751,-1.64062
0.95041,-1.29062,-1.18673,-1.75
0.923375,-1.3125,-1.1781,-1.6625
0.893141,-1.33438,-1.18807,-1.64062
0.963504,-1.33438,-1.17595,-1.6625
0.972821,-1.3125,-1.18912,-1.61875
1.04144,-1.33438,-1.19125,-1.61875
0.983877,-1.37813,-1.19366,-1.6625
0.989404,-1.44375,-1.20099,-1.575
0.963814,-1.42188,-1.20571,-1.70625
0.995499,-1.33438,-1.22001,-1.64062
1.0176,-1.33438,-1.22879,-1.6625
1.00364,-1.42188,-1.23467,-1.64062
0.943158,-1.33438,-1.23647,-1.70625
0.935012,-0.91875,-1.25251,-1.70625
0.902162,-1.29062,-1.26072,-1.64062
0.903901,-1.24687,-1.25031,-1.64062
0.96873,-1.24687,-1.2617,-1.64062
0.906506,-1.26875,-1.26758,-1.64062
0.92569,-1.37813,-1.26066,-1.68437
0.926856,-1.29062,-1.2581,-1.68437
0.891962,-1.225,-1.24827,-1.64062
0.864627,-1.26875,-1.2495,-1.68437
0.946901,-1.20312,-1.26409,-1.64062
0.896306,-1.29062,-1.25426,-1.68437
0.933234,-1.26875,-1.25519,-1.72812
0.89834,-1.225,-1.25292,-1.72812
0.934967,-1.18125,-1.24804,-1.70625
0.936706,-1.225,-1.24897,-1.70625
0.936701,-1.15938,-1.23826,-1.79375
0.889304,-1.18125,-1.23309,-1.72812
0.920417,-1.24687,-1.23256,-1.77188
0.938729,-1.24687,-1.22622,-1.79375
0.968669,-1.26875,-1.21873,-1.77188
0.968664,-1.29062,-1.21093,-1.68437
0.893938,-1.29062,-1.21186,-1.72812
0.893932,-1.24687,-1.19767,-1.575
0.906429,-1.29062,-1.1829,-1.70625
0.925612,-1.29062,-1.18644,-1.59688
0.972997,-1.29062,-1.17923,-1.61875
0.973864,-1.3125,-1.17579,-1.225
0.91164,-1.3125,-1.16538,-1.68437
0.931995,-1.33438,-1.18027,-1.575
0.932862,-1.29062,-1.17596,-1.81563
0.951173,-1.3125,-1.17514,-1.4
0.937212,-1.3125,-1.17171,-1.70625
0.938951,-1.35625,-1.18252,-1.68437
0.977323,-1.42188,-1.18054,-1.55313
0.965106,-1.53125,-1.1806,-1.61875
0.996791,-1.26875,-1.18182,-1.77188
1.01946,-1.44375,-1.18623,-1.55313
0.975556,-1.3125,-1.18803,-1.61875
1.02643,-1.37813,-1.19274,-1.68437
1.0334,-1.29062,-1.18466,-1.61875
1.07265,-1.37813,-1.17773,-1.42188
1.02641,-1.50937,-1.17866,-1.68437
1.01827,-1.4,-1.16709,-1.59688
1.05344,-1.4,-1.16627,-1.575
1.07786,-1.53125,-1.1733,-1.70625
1.04964,-1.20312,-1.17045,-1.6625
1.09237,-1.42188,-1.17225,-1.70625
1.09847,-1.77188,-1.17637,-1.59688
1.10196,-1.44375,-1.18079,-1.575
1.08625,-1.61875,-1.18985,-1.59688
1.07229,-1.42188,-1.19049,-1.55313
1.09322,-1.44375,-1.1952,-1.59688
1.09583,-1.59688,-1.197,-1.61875
1.09844,-1.46562,-1.20286,-1.64062
1.08361,-1.55313,-1.20583,-1.64062
1.15018,-1.4,-1.20327,-1.72812
1.1054,-1.50937,-1.20943,-1.64062
1.0897,-1.46562,-1.20309,-1.50937
1.06236,-1.42188,-1.20723,-1.61875
1.06323,-1.46562,-1.20176,-1.72812
1.0641,-1.4,-1.21519,-1.6625
1.06496,-1.46562,-1.20536,-1.55313
1.0667,-1.37813,-1.19844,-1.75
1.08558,-1.4,-1.20547,-1.575
1.05418,-1.53125,-1.20087,-1.64062
1.04109,-1.37813,-1.19512,-1.24687
1.04196,-1.4,-1.20565,-1.64062
1.07858,-1.44375,-1.21035,-1.72812
1.04543,-1.46562,-1.20837,-1.75
1.04717,-1.42188,-1.22093,-1.6625
1.00065,-1.44375,-1.22011,-1.68437
1.00152,-1.35625,-1.22569,-1.70625
1.0364,-1.4875,-1.22749,-1.575
0.97243,-1.4,-1.23365,-1.6625
1.00033,-1.3125,-1.24447,-1.61875
0.982877,-1.53125,-1.24394,-1.8375
0.981999,-1.3125,-1.23876,-1.64062
0.998566,-1.33438,-1.24056,-1.68437
0.952041,-1.46562,-1.23103,-1.61875
0.96948,-1.33438,-1.22061,-1.68437
0.998249,-1.46562,-1.20991,-1.70625
1.03313,-1.33438,-1.21375,-1.6625
1.03313,-1.46562,-1.1952,-1.6625
0.968286,-1.3125,-1.1874,-1.59688
1.043,-1.42188,-1.17321,-1.72812
0.978732,-1.53125,-1.18141,-1.61875
0.997043,-1.33438,-1.1646,-1.61875
1.04443,-1.46562,-1.17076,-1.6625
1.02145,-1.37813,-1.16093,-1.68437
1.07146,-1.11563,-1.15981,-1.6625
1.07377,-1.50937,-1.15202,-1.64062
1.05893,-1.50937,-1.15993,-1.8375
1.0598,-1.44375,-1.16085,-1.8375
1.0595,-1.4875,-1.16178,-1.68437
1.01297,-1.53125,-1.14759,-1.77188
1.04873,-1.4,-1.15549,-1.64062
1.03215,-1.44375,-1.14653,-1.68437
1.05103,-1.4875,-1.15647,-1.64062
1.03533,-1.46562,-1.14577,-1.50937
1.06614,-1.44375,-1.14204,-1.61875
1.03676,-1.42188,-1.13744,-1.59688
1.03501,-1.37813,-1.1497,-1.70625
1.05245,-1.44375,-1.13464,-1.59688
1.05214,-1.44375,-1.14953,-1.18125
1.01725,-1.44375,-1.13852,-1.59688
1.05213,-1.37813,-1.14556,-1.59688
1.03525,-1.37813,-1.14823,-1.53125
1.01693,-1.35625,-1.16079,-1.55313
0.99861,-1.33438,-1.16578,-1.59688
0.951786,-1.3125,-1.16903,-1.59688
1.03232,-1.3125,-1.1662,-1.64062
0.985791,-1.35625,-1.1965,-1.72812
0.930836,-1.24687,-1.18435,-1.59688
0.981419,-1.3125,-1.19546,-1.55313
0.926464,-1.33438,-1.2028,-1.61875
0.941286,-1.3125,-1.20171,-1.6625
0.921219,-1.3125,-1.2134,-1.64062
0.936914,-1.29062,-1.228,-1.61875
0.904345,-1.29062,-1.2176,-1.75
0.931669,-1.26875,-1.22872,-1.6625
0.945619,-1.42188,-1.22588,-1.6625
0.926425,-1.3125,-1.2367,-1.59688
0.877284,-1.18125,-1.24956,-1.68437
0.92118,-1.26875,-1.23044,-1.68437
0.890356,-1.26875,-1.24562,-1.70625
0.954314,-1.20312,-1.25499,-1.68437
0.934247,-1.33438,-1.24546,-1.75
0.91418,-1.3125,-1.24233,-1.72812
0.911558,-1.33438,-1.23833,-1.72812
0.927825,-1.33438,-1.25206,-1.70625
0.926075,-1.29062,-1.25939,-1.70625
0.953399,-1.3125,-1.24928,-1.68437
0.940019,-1.35625,-1.26825,-1.64062
0.950771,-1.3125,-1.2561,-1.68437
1.01386,-1.33438,-1.25994,-1.70625
0.96616,-1.33438,-1.25652,-1.64062
0.935336,-1.29062,-1.28188,-1.61875
0.96266,-1.3125,-1.26973,-1.70625
0.944338,-1.3125,-1.28492,-1.70625
0.960904,-1.3125,-1.28265,-1.70625
1.02486,-1.42188,-1.2929,-1.68437
0.943149,-1.35625,-1.30372,-1.68437
0.97716,-1.29062,-1.32733,-1.64062
0.941393,-1.33438,-1.31606,-1.70625
0.977149,-1.3125,-1.32135,-1.70625
1.02336,-1.35625,-1.3281,-1.72812
0.976838,-1.29062,-1.34183,-1.72812
0.976832,-1.3125,-1.34393,-1.75
0.957638,-1.4,-1.34341,-1.75
0.992221,-1.33438,-1.35889,-1.75
1.00472,-1.37813,-1.35692,-1.72812
0.993954,-1.37813,-1.37239,-1.72812
1.02272,-1.4,-1.3646,-1.64062
1.00615,-1.4,-1.36582,-1.90312
1.04103,-1.50937,-1.37258,-1.8375
1.0416,-1.42188,-1.36421,-1.81563
1.04246,-1.4,-1.34712,-1.77188
1.04333,-1.55313,-1.33845,-1.79375
1.0439,-1.37813,-1.3202,-1.8375
1.02906,-1.44375,-1.31183,-1.81563
1.09476,-1.44375,-1.29969,-1.85938
1.09795,-1.42188,-1.28609,-1.81563
1.118,-1.50937,-1.27626,-1.8375
1.14969,-1.46562,-1.27138,-1.75
1.15287,-1.4875,-1.2636,-1.90312
1.09065,-1.50937,-1.27005,-1.70625
1.10953,-1.4875,-1.26866,-1.81563
1.15953,-1.46562,-1.26814,-1.77188
1.13307,-1.575,-1.27635,-1.70625
1.11881,-1.50937,-1.27466,-1.64062
1.12112,-1.53125,-1.2718,-1.68437
1.15949,-1.55313,-1.27389,-1.77188
1.14436,-1.575,-1.28441,-1.70625
1.17487,-1.575,-1.25452,-1.72812
1.17835,-1.61875,-1.25894,-1.70625
1.18154,-1.61875,-1.22933,-1.72812
1.17135,-1.64062,-1.24188,-1.77188
1.15739,-1.6625,-1.23293,-1.75
1.1879,-1.68437,-1.23124,-1.70625
1.18032,-1.6625,-1.2246,-1.70625
1.21114,-1.61875,-1.22378,-1.72812
1.21432,-1.61875,-1.22267,-1.6625
1.18756,-1.6625,-1.22273,-1.6625
1.13871,-1.75,-1.22859,-1.68437
1.17678,-1.64062,-1.23824,-1.70625
1.19654,-1.68437,-1.23917,-1.68437
1.16483,-1.4875,-1.24852,-1.75
1.2032,-1.53125,-1.25817,-1.6625
1.20464,-1.575,-1.25473,-1.79375
1.17206,-1.55313,-1.26757,-1.70625
1.15606,-1.53125,-1.27839,-1.70625
1.15692,-1.575,-1.2703,-1.70625
1.17581,-1.53125,-1.27791,-1.8375
1.17725,-1.64062,-1.28523,-1.70625
1.17781,-1.59688,-1.29196,-1.72812
1.18012,-1.59688,-1.28911,-1.75
1.16442,-1.575,-1.288,-1.64062
1.11847,-1.68437,-1.2959,-1.70625
1.13648,-1.61875,-1.29945,-1.61875
1.13705,-1.59688,-1.28961,-1.575
1.16669,-1.575,-1.30187,-1.8375
1.1568,-1.575,-1.30512,-1.72812
1.13992,-1.59688,-1.30866,-1.77188
1.10472,-1.53125,-1.3058,-1.70625
1.10529,-1.50937,-1.31283,-1.77188
1.12417,-1.4875,-1.32596,-1.70625
1.15963,-1.50937,-1.32776,-1.68437
1.10699,-1.61875,-1.34264,-1.70625
1.10698,-1.4875,-1.34182,-1.8375
1.09505,-1.46562,-1.34507,-1.68437
1.12469,-1.50937,-1.35471,-1.81563
1.07874,-1.4,-1.36087,-1.75
1.12495,-1.46562,-1.3583,-1.85938
1.10807,-1.46562,-1.37347,-1.79375
1.14266,-1.575,-1.39183,-1.75
1.0967,-1.53125,-1.38665,-1.85938
1.10803,-1.46562,-1.38758,-1.77188
1.12604,-1.53125,-1.38937,-1.81563
1.12661,-1.50937,-1.37313,-1.77188
1.17369,-1.68437,-1.36272,-1.77188
1.17513,-1.55313,-1.34678,-1.8375
1.19519,-1.575,-1.35031,-1.79375
1.17831,-1.64062,-1.362,-1.81563
1.15155,-1.59688,-1.33064,-1.88125
1.13467,-1.75,-1.32633,-1.925
1.20181,-1.6625,-1.30865,-1.94687
1.23901,-1.79375,-1.3023,-1.925
1.27127,-1.6625,-1.282,-1.925
1.22706,-1.81563,-1.28612,-1.94687
1.24682,-1.64062,-1.25361,-1.85938
1.26163,-1.81563,-1.25249,-1.8375
1.19998,-1.68437,-1.23569,-1.81563
1.22148,-1.79375,-1.22207,-1.8375
1.30694,-1.61875,-1.21455,-1.81563
1.35839,-1.81563,-1.20473,-1.75
1.36332,-1.70625,-1.19634,-1.79375
1.30341,-1.8375,-1.18913,-1.81563
1.32404,-1.68437,-1.19324,-1.79375
1.26239,-1.81563,-1.19881,-1.70625
1.26557,-1.70625,-1.18811,-1.70625
1.25044,-1.81563,-1.20822,-1.68437
1.25275,-1.77188,-1.217,-1.6625
1.25593,-1.8375,-1.21908,-1.6625
1.2408,-1.72812,-1.23744,-1.6625
1.21229,-1.79375,-1.2436,-1.61875
1.17767,-1.64062,-1.25499,-1.6625
1.19481,-1.68437,-1.26434,-1.68437
1.14711,-1.61875,-1.27747,-1.70625
1.16425,-1.61875,-1.28537,-1.75
1.14563,-1.59688,-1.29472,-1.68437
1.16189,-1.575,-1.29099,-1.81563
1.12495,-1.53125,-1.30238,-1.72812
1.07639,-1.53125,-1.30941,-1.70625
1.05602,-1.4875,-1.30858,-1.77188
1.0531,-1.4875,-1.31008,-1.72812
1.13303,-1.46562,-1.31158,-1.79375
1.08446,-1.4875,-1.30466,-1.70625
1.11148,-1.46562,-1.29744,-1.72812
1.02715,-1.46562,-1.29807,-1.77188
1.08907,-1.44375,-1.28881,-1.77188
1.03962,-1.44375,-1.28682,-1.79375
1.07216,-1.42188,-1.26971,-1.75
1.06924,-1.44375,-1.28053,-1.75
1.07882,-1.44375,-1.2608,-1.79375
1.06427,-1.46562,-1.2562,-1.70625
1.0282,-1.44375,-1.26206,-1.75
1.0436,-1.46562,-1.2528,-1.77188
1.08864,-1.44375,-1.24645,-1.77188
1.08746,-1.46562,-1.26365,-1.72812
1.06797,-1.4875,-1.25817,-1.72812
1.06592,-1.46562,-1.25328,-1.72812
1.06357,-1.4875,-1.25652,-1.72812
1.07983,-1.42188,-1.26267,-1.70625
1.07953,-1.4875,-1.26679,-1.70625
1.09579,-1.50937,-1.27439,-1.70625
1.05943,-1.53125,-1.2884,-1.68437
1.02743,-1.50937,-1.28175,-1.70625
1.07277,-1.50937,-1.30651,-1.68437
1.08904,-1.50937,-1.31499,-1.70625
1.08756,-1.55313,-1.31824,-1.72812
1.10383,-1.50937,-1.32788,-1.75
1.05119,-1.575,-1.33228,-1.75
1.13199,-1.55313,-1.33815,-1.75
1.10261,-1.59688,-1.34953,-1.75
1.11393,-1.50937,-1.34405,-1.75
1.10287,-1.55313,-1.34584,-1.75
1.13221,-1.53125,-1.35548,-1.72812
1.16854,-1.53125,-1.34274,-1.88125
1.13422,-1.575,-1.34279,-1.70625
1.181,-1.6625,-1.34022,-1.72812
1.17168,-1.575,-1.33649,-1.77188
1.18475,-1.575,-1.32723,-1.79375
1.18589,-1.61875,-1.32902,-1.8375
1.24054,-1.61875,-1.31802,-1.79375
1.27279,-1.6625,-1.32853,-1.81563
1.22741,-1.81563,-1.31957,-1.90312
1.21402,-1.85938,-1.31147,-2.0125
1.2521,-1.77188,-1.30047,-1.88125
1.30237,-1.64062,-1.29761,-1.96875
1.27154,-1.77188,-1.28341,-1.90312
1.30961,-1.81563,-1.27154,-1.81563
1.29505,-1.79375,-1.26228,-1.77188
1.31742,-1.88125,-1.25331,-1.79375
1.28572,-1.79375,-1.24318,-1.77188
1.37175,-1.77188,-1.23305,-1.79375
1.2944,-1.81563,-1.23368,-1.75
1.29815,-1.75,-1.23954,-1.68437
1.30221,-1.75,-1.23465,-1.70625
1.30627,-1.72812,-1.24051,-1.68437
1.30915,-1.72812,-1.24113,-1.81563
1.31146,-1.6625,-1.25485,-1.6625
1.26782,-1.68437,-1.2671,-1.70625
1.25095,-1.72812,-1.25959,-1.72812
1.24046,-1.64062,-1.2672,-1.70625
1.22445,-1.6625,-1.27044,-1.70625
1.24333,-1.6625,-1.27775,-1.72812
1.22616,-1.70625,-1.28012,-1.77188
1.24417,-1.68437,-1.27813,-1.77188
1.20955,-1.68437,-1.27701,-1.77188
1.1918,-1.68437,-1.28723,-1.79375
1.17956,-1.61875,-1.28612,-1.79375
1.19088,-1.61875,-1.27656,-1.77188
1.1612,-1.64062,-1.2798,-1.85938
1.14171,-1.61875,-1.27869,-1.68437
1.12366,-1.61875,-1.27234,-1.72812
1.16086,-1.53125,-1.27733,-1.75
1.11374,-1.55313,-1.27824,-1.79375
1.1425,-1.59688,-1.27799,-1.94687
1.07794,-1.61875,-1.28211,-1.6625
1.05901,-1.55313,-1.28244,-1.72812
1.07441,-1.575,-1.27928,-1.77188
1.08863,-1.4875,-1.28631,-1.72812
1.08571,-1.55313,-1.28752,-1.72812
1.0476,-1.42188,-1.28174,-1.70625
1.04467,-1.46562,-1.28586,-1.77188
1.02982,-1.4,-1.2827,-1.61875
1.0269,-1.35625,-1.30251,-1.70625
1.03531,-1.42188,-1.30663,-1.75
1.01958,-1.33438,-1.31045,-1.79375
0.998345,-1.42188,-1.30061,-1.77188
1.0117,-1.33438,-1.30385,-1.75
0.990456,-1.37813,-1.32048,-1.75
0.986362,-1.3125,-1.32693,-1.77188
0.946806,-1.42188,-1.32843,-1.81563
0.960156,-1.29062,-1.33198,-1.6625
0.990379,-1.42188,-1.33378,-1.77188
0.987456,-1.3125,-1.3443,-1.77188
0.965917,-1.42188,-1.35046,-1.77188
0.944679,-1.3125,-1.35835,-1.8375
0.958029,-1.42188,-1.36713,-1.90312
0.971679,-1.29062,-1.3701,-1.85938
0.967584,-1.3125,-1.37451,-1.81563
0.976291,-1.29062,-1.38533,-1.8375
0.990514,-1.4875,-1.38334,-1.85938
0.940201,-1.3125,-1.38426,-1.88125
1.01839,-1.33438,-1.38694,-1.77188
0.998019,-1.4,-1.40007,-1.90312
0.994797,-1.4,-1.40216,-1.8375
1.01019,-1.35625,-1.41006,-1.85938
0.990397,-1.50937,-1.41651,-1.81563
1.00579,-1.37813,-1.40842,-1.8375
1.00344,-1.575,-1.40586,-1.81563
1.01359,-1.37813,-1.41057,-1.79375
1.02986,-1.4875,-1.39898,-1.88125
1.01181,-1.37813,-1.40718,-1.8375
1.06297,-1.55313,-1.39269,-1.88125
1.06236,-1.4,-1.3878,-1.88125
1.11032,-1.53125,-1.38262,-1.88125
1.06407,-1.46562,-1.38063,-1.88125
1.11085,-1.575,-1.36935,-1.90312
1.09485,-1.42188,-1.36823,-2.0125
1.15995,-1.46562,-1.35317,-1.94687
1.16109,-1.50937,-1.3538,-1.925
1.20992,-1.59688,-1.35211,-1.96875
1.14709,-1.59688,-1.33007,-1.94687
1.15027,-1.6625,-1.32983,-1.94687
1.21712,-1.53125,-1.29877,-1.925
1.23745,-1.75,-1.30841,-1.925
1.2415,-1.64062,-1.2948,-1.925
1.24439,-1.85938,-1.27246,-1.70625
1.16586,-1.68437,-1.27193,-1.925
1.23301,-1.6625,-1.2621,-1.90312
1.23677,-1.75,-1.2572,-1.75
1.25797,-1.6625,-1.26947,-1.79375
1.24253,-1.70625,-1.28405,-1.75
1.24572,-1.70625,-1.27945,-1.75
1.2361,-1.75,-1.30131,-1.75
1.23898,-1.64062,-1.3124,-1.75
1.15901,-1.64062,-1.33194,-1.64062
1.22499,-1.59688,-1.3535,-1.75
1.16216,-1.70625,-1.35587,-1.72812
1.17987,-1.50937,-1.3693,-1.81563
1.12723,-1.64062,-1.37429,-1.77188
1.14495,-1.50937,-1.37753,-1.79375
1.11527,-1.59688,-1.40056,-1.79375
1.09634,-1.42188,-1.3977,-1.90312
1.05998,-1.55313,-1.41141,-1.85938
1.07624,-1.4,-1.41437,-1.88125
1.07477,-1.44375,-1.42285,-1.88125
1.00758,-1.42188,-1.42086,-1.88125
1.07007,-1.42188,-1.43486,-1.90312
1.05027,-1.42188,-1.4317,-1.90312
1.03629,-1.4,-1.43493,-1.925
1.03394,-1.4,-1.4408,-1.94687
1.03072,-1.44375,-1.44025,-1.99063
1.04087,-1.44375,-1.42924,-1.94687
1.05771,-1.42188,-1.41736,-1.925
1.05536,-1.42188,-1.41332,-1.925
1.08877,-1.46562,-1.41016,-1.94687
1.03409,-1.53125,-1.38579,-1.94687
1.05093,-1.53125,-1.37361,-1.925
1.08521,-1.53125,-1.37394,-1.94687
1.06716,-1.53125,-1.36816,-1.925
1.04911,-1.50937,-1.3586,-1.90312
1.08427,-1.50937,-1.36329,-1.90312
1.09529,-1.46562,-1.36275,-1.90312
1.09468,-1.37813,-1.36657,-1.88125
1.09408,-1.50937,-1.37125,-1.85938
1.1932,-1.4875,-1.3803,-1.81563
1.09287,-1.4875,-1.38325,-1.81563
1.11058,-1.46562,-1.39055,-1.8375
1.09253,-1.50937,-1.39902,-1.81563
1.06285,-1.53125,-1.41534,-1.85938
1.09219,-1.44375,-1.41916,-1.8375
1.15642,-1.4,-1.4346,-1.88125
1.14418,-1.50937,-1.43958,-1.88125
1.09125,-1.50937,-1.45154,-1.88125
1.06157,-1.4875,-1.45623,-1.925
1.14294,-1.50937,-1.45685,-1.925
1.09,-1.59688,-1.47404,-1.88125
1.10771,-1.55313,-1.46739,-1.85938
1.19026,-1.64062,-1.47848,-1.88125
1.15738,-1.61875,-1.47299,-1.88125
1.22335,-1.64062,-1.46459,-1.90312
1.19629,-1.64062,-1.45329,-1.925
1.22825,-1.72812,-1.44547,-1.94687
1.18461,-1.75,-1.44173,-1.96875
1.20377,-1.72812,-1.43246,-2.07812
1.2366,-1.77188,-1.43017,-1.925
1.30519,-1.72812,-1.42439,-1.96875
1.30895,-1.79375,-1.42123,-1.96875
1.33102,-1.75,-1.40992,-1.94687
1.3182,-1.81563,-1.41112,-1.94687
1.34172,-1.81563,-1.39197,-1.85938
1.34722,-1.8375,-1.37369,-2.03437
1.38761,-1.72812,-1.34843,-1.94687
1.40648,-1.88125,-1.33945,-2.05625
1.44774,-1.94687,-1.31855,-1.90312
1.43724,-1.88125,-1.30696,-2.03437
1.44361,-1.99063,-1.30641,-1.90312
1.40347,-2.0125,-1.2919,-2.0125
1.3924,-1.925,-1.29921,-1.8375
1.43278,-1.99063,-1.29838,-1.8375
1.38391,-1.96875,-1.30276,-1.94687
1.38766,-1.94687,-1.3092,-1.75
1.39316,-1.90312,-1.30923,-1.79375
1.38442,-1.96875,-1.3145,-1.85938
1.41695,-1.79375,-1.33605,-1.79375
1.39075,-1.85938,-1.3448,-1.79375
1.39538,-1.8375,-1.37071,-1.81563
1.44653,-1.8375,-1.37685,-1.77188
1.40259,-1.8375,-1.39025,-1.85938
1.30575,-1.81563,-1.40657,-1.81563
1.29032,-1.77188,-1.42143,-1.79375
1.26238,-1.75,-1.43164,-1.94687
1.26322,-1.75,-1.43603,-1.94687
1.28181,-1.72812,-1.44799,-1.925
1.24718,-1.77188,-1.4579,-1.88125
1.24628,-1.68437,-1.44747,-1.925
1.19915,-1.70625,-1.46,-1.85938
1.16279,-1.6625,-1.44434,-1.96875
1.17845,-1.64062,-1.45251,-1.85938
1.21274,-1.64062,-1.44032,-2.03437
1.17724,-1.6625,-1.44588,-1.90312
1.22286,-1.6625,-1.4337,-2.05625
1.21062,-1.72812,-1.43228,-1.90312
1.21002,-1.61875,-1.42243,-2.03437
1.17335,-1.64062,-1.4146,-1.94687
1.20763,-1.64062,-1.41406,-2.03437
1.17301,-1.77188,-1.40973,-1.90312
1.23694,-1.55313,-1.40831,-1.925
1.23895,-1.64062,-1.39671,-2.14375
1.24009,-1.70625,-1.4136,-1.90312
1.22174,-1.6625,-1.40143,-1.94687
1.21038,-1.64062,-1.4157,-1.90312
1.28594,-1.6625,-1.407,-1.925
1.28707,-1.68437,-1.42215,-1.88125
1.25914,-1.68437,-1.40998,-1.94687
1.3065,-1.75,-1.41437,-1.8375
1.29019,-1.70625,-1.42079,-1.90312
1.26283,-1.8375,-1.40919,-1.85938
1.31049,-1.72812,-1.40952,-1.85938
1.3122,-1.77188,-1.42117,-1.88125
1.29589,-1.85938,-1.41306,-1.8375
1.29616,-1.79375,-1.41948,-1.90312
1.31619,-1.8375,-1.41864,-1.94687
1.30162,-1.925,-1.42333,-1.90312
1.30334,-1.75,-1.43411,-1.90312
1.34024,-1.90312,-1.4324,-1.96875
1.34282,-1.88125,-1.42428,-1.99063
1.36315,-1.90312,-1.42693,-1.96875
1.32997,-1.81563,-1.43597,-2.0125
1.3503,-1.925,-1.43455,-1.96875
1.38225,-1.79375,-1.42935,-1.96875
1.40315,-1.925,-1.42123,-2.05625
1.40604,-1.79375,-1.42417,-2.05625
1.3621,-1.8375,-1.41693,-2.03437
1.39493,-1.81563,-1.40794,-2.1875
1.36844,-1.90312,-1.39663,-1.99063
1.39953,-1.81563,-1.38212,-1.96875
1.38961,-1.81563,-1.3743,-1.96875
1.35673,-1.88125,-1.36532,-1.96875
1.33024,-1.96875,-1.36593,-1.94687
1.40872,-1.81563,-1.36479,-1.8375
1.33396,-2.0125,-1.36918,-1.925
1.3473,-1.81563,-1.37444,-1.88125
1.30105,-1.925,-1.38755,-1.90312
1.33678,-1.75,-1.39194,-1.925
1.28384,-1.925,-1.39982,-1.88125
1.30038,-1.72812,-1.40682,-1.8375
1.23581,-1.85938,-1.42255,-1.88125
1.23316,-1.70625,-1.41822,-1.94687
1.18429,-1.68437,-1.42697,-1.85938
1.18164,-1.64062,-1.44299,-1.88125
1.17842,-1.72812,-1.43051,-1.88125
1.17577,-1.575,-1.44915,-1.96875
1.13649,-1.6625,-1.45528,-1.925
1.10245,-1.50937,-1.45618,-1.99063
1.05066,-1.72812,-1.45185,-1.94687
1.09221,-1.4,-1.44809,-2.03437
1.08695,-1.46562,-1.45335,-1.96875
1.03516,-1.44375,-1.45076,-2.05625
1.04095,-1.4,-1.45079,-2.03437
1.00574,-1.42188,-1.43279,-1.94687
1.01734,-1.37813,-1.45055,-1.8375
1.04028,-1.37813,-1.44766,-1.96875
1.0167,-1.37813,-1.43344,-2.0125
0.946893,-1.37813,-1.44772,-2.03437
0.928253,-1.26875,-1.43699,-1.96875
0.985504,-1.42188,-1.4469,-1.99063
0.944477,-1.3125,-1.43035,-2.0125
0.956654,-1.4875,-1.42311,-2.0125
0.967388,-1.225,-1.45628,-1.925
0.908916,-1.26875,-1.4409,-1.90312
0.889403,-1.3125,-1.46214,-1.99063
0.92921,-1.33438,-1.45752,-2.0125
0.940516,-1.225,-1.45667,-2.03437
0.933504,-1.3125,-1.45465,-2.03437
0.809625,-1.24687,-1.45352,-1.96875
0.865704,-1.18125,-1.47332,-1.99063
0.859566,-1.20312,-1.46578,-1.96875
0.888616,-1.24687,-1.48005,-1.96875
0.816769,-1.11563,-1.47892,-1.70625
0.873721,-1.225,-1.48417,-2.1875
0.768158,-1.37813,-1.47867,-1.94687
0.812608,-1.11563,-1.47085,-2.23125
0.788153,-1.05,-1.46941,-1.99063
0.863421,-1.09375,-1.47119,-1.99063
0.793619,-1.15938,-1.46917,-2.1875
0.815682,-1.1375,-1.49042,-1.64062
0.762153,-1.35625,-1.49916,-1.575
0.785388,-1.09375,-1.50093,-1.68437
0.843212,-1.225,-1.50677,-2.16562
0.824571,-1.07187,-1.5068,-2.23125
0.800116,-1.11563,-1.51206,-2.07812
0.777704,-1.225,-1.50481,-2.05625
0.805582,-1.11563,-1.51529,-2.07812
0.800316,-1.15938,-1.51416,-2.03437
0.794177,-1.11563,-1.52028,-2.03437
0.78921,-1.15938,-1.52118,-2.05625
0.783943,-1.09375,-1.51742,-2.05625
0.825195,-1.18125,-1.51832,-1.99063
0.802484,-1.1375,-1.51922,-2.07812
0.815834,-1.09375,-1.5335,-1.94687
0.828012,-1.11563,-1.53004,-2.05625
0.823617,-1.11563,-1.53007,-2.03437
0.785206,-1.225,-1.53476,-2.03437
0.82763,-1.15938,-1.53769,-2.03437
0.812479,-1.15938,-1.54325,-2.03437
0.855475,-1.15938,-1.5584,-2.0125
0.83538,-1.09375,-1.56192,-1.99063
0.849603,-1.11563,-1.57039,-2.05625
0.846953,-1.18125,-1.57565,-2.05625
0.845175,-1.20312,-1.58905,-2.03437
0.889916,-1.1375,-1.60013,-2.05625
0.870993,-1.20312,-1.60481,-2.05625
0.904104,-1.18125,-1.61734,-2.05625
0.968906,-1.26875,-1.62202,-2.14375
0.968873,-1.24687,-1.62788,-2.14375
0.951395,-1.20312,-1.6247,-2.1875
0.969979,-1.26875,-1.6256,-2.16562
1.03565,-1.33438,-1.64191,-2.16562
1.00335,-1.4,-1.61317,-2.12188
1.10565,-1.4,-1.60709,-2.16562
1.12743,-1.53125,-1.5888,-2.12188
1.19659,-1.55313,-1.57662,-2.25312
1.21372,-1.61875,-1.57403,-2.12188
1.21979,-1.6625,-1.56389,-2.25312
1.19679,-1.75,-1.56217,-2.12188
1.25025,-1.75,-1.55261,-2.14375
1.29209,-1.85938,-1.55351,-2.16562
1.32985,-1.81563,-1.55005,-2.14375
1.37343,-1.88125,-1.53932,-2.14375
1.36497,-1.925,-1.53149,-2.1
1.40361,-1.85938,-1.52019,-2.12188
1.43148,-1.925,-1.50888,-2.1
1.50762,-1.94687,-1.506,-2.1
1.48898,-1.96875,-1.49789,-2.12188
1.51279,-2.0125,-1.4953,-2.07812
1.5116,-2.14375,-1.48893,-1.81563
1.48627,-1.90312,-1.49855,-2.23125
1.43217,-2.05625,-1.49858,-2.20938
1.46004,-2.25312,-1.49861,-2.03437
1.47048,-2.07812,-1.51172,-2.03437
1.49923,-2.16562,-1.51814,-2.03437
1.49309,-1.99063,-1.51265,-2.1875
1.50178,-2.03437,-1.52867,-2.03437
1.51047,-1.90312,-1.53218,-2.16562
1.50171,-1.94687,-1.52843,-2.0125
1.49295,-1.96875,-1.53369,-2.16562
1.49903,-1.94687,-1.51947,-2.05625
1.4769,-2.0125,-1.52705,-2.12188
1.44808,-1.99063,-1.5297,-2.03437
1.42595,-1.94687,-1.52972,-2.14375
1.43115,-1.96875,-1.53673,-1.90312
1.41803,-1.96875,-1.54403,-2.03437
1.44242,-2.0125,-1.54493,-1.99063
1.44762,-1.99063,-1.56443,-2.05625
1.41706,-2.05625,-1.5726,-2.0125
1.42139,-2.03437,-1.59472,-2.07812
1.37833,-2.03437,-1.60637,-2.0125
1.41754,-1.81563,-1.62152,-2.0125
1.45182,-1.96875,-1.61399,-2.03437
1.45615,-1.99063,-1.6018,-1.94687
1.44477,-2.0125,-1.60445,-2.1
1.4491,-1.925,-1.58412,-2.12188
1.47087,-2.03437,-1.58065,-2.1875
1.51096,-2.05625,-1.55713,-2.20938
1.52866,-2.14375,-1.54931,-2.31875
1.52311,-2.1,-1.50833,-2.31875
1.55912,-2.20938,-1.51534,-2.25312
1.56607,-2.07812,-1.49502,-2.275
1.57301,-2.25312,-1.47644,-2.23125
1.61485,-2.16562,-1.44796,-2.23125
1.62179,-2.29688,-1.42386,-2.16562
1.62961,-2.25312,-1.39249,-2.20938
1.63742,-2.25312,-1.37187,-2.14375
1.65687,-2.1875,-1.36433,-2.14375
1.70219,-2.12188,-1.3632,-2.07812
1.69518,-2.275,-1.36729,-2.05625
1.67305,-2.20938,-1.36673,-1.70625
1.62941,-2.23125,-1.38391,-1.96875
1.62472,-2.16562,-1.40108,-1.88125
1.57729,-2.16562,-1.43833,-1.925
1.55254,-2.16562,-1.45958,-1.925
1.60339,-2.12188,-1.47937,-1.925
1.56033,-2.12188,-1.49422,-1.94687
1.52889,-2.0125,-1.5143,-1.96875
1.48321,-2.05625,-1.53904,-1.90312
1.45498,-2.0125,-1.55419,-1.96875
1.4375,-2.0125,-1.56642,-2.05625
1.39008,-1.94687,-1.56994,-1.99063
1.41795,-1.925,-1.57519,-2.03437
1.37052,-1.88125,-1.58568,-2.03437
1.38619,-1.81563,-1.58832,-2.07812
1.32045,-1.96875,-1.5866,-2.03437
1.3178,-1.77188,-1.58749,-2.1875
1.3259,-1.6625,-1.57793,-2.16562
1.29418,-1.77188,-1.57591,-2.16562
1.27379,-1.75,-1.56373,-2.1875
1.28858,-1.8375,-1.54223,-2.20938
1.28593,-1.72812,-1.5376,-2.1875
1.28241,-1.8375,-1.51524,-2.1875
1.2972,-1.72812,-1.4981,-2.34063
1.25966,-1.72812,-1.4929,-2.16562
1.25671,-1.72812,-1.46965,-2.14375
1.23749,-1.72812,-1.46124,-2.07812
1.29793,-1.72812,-1.45953,-2.07812
1.28365,-1.77188,-1.43687,-2.07812
1.26356,-1.77188,-1.45142,-2.0125
1.24229,-1.77188,-1.42906,-2.1
1.2097,-1.70625,-1.4349,-2.03437
1.23525,-1.75,-1.45614,-2.07812
1.24917,-1.75,-1.44773,-2.0125
1.21163,-1.75,-1.48206,-1.96875
1.17786,-1.79375,-1.48993,-1.99063
1.19091,-1.72812,-1.48675,-1.99063
1.18739,-1.6625,-1.49084,-1.925
1.19462,-1.575,-1.50975,-1.99063
1.11347,-1.68437,-1.50568,-1.99063
1.07331,-1.55313,-1.5208,-1.99063
1.1512,-1.53125,-1.54145,-1.99063
1.11191,-1.59688,-1.52576,-2.03437
1.10547,-1.68437,-1.54583,-2.05625
1.05369,-1.53125,-1.54147,-2.05625
1.12983,-1.46562,-1.51532,-2.07812
1.11758,-1.53125,-1.54847,-2.12188
1.11202,-1.4875,-1.53451,-2.1
1.07768,-1.4875,-1.5322,-2.07812
1.13725,-1.575,-1.53889,-2.1
1.11453,-1.53125,-1.53745,-2.12188
1.13891,-1.59688,-1.52408,-2.1
1.10545,-1.55313,-1.5299,-2.16562
1.13012,-1.59688,-1.52205,-2.12188
1.14754,-1.59688,-1.51624,-1.94687
1.1629,-1.55313,-1.50172,-2.1
1.14455,-1.575,-1.5052,-1.96875
1.19104,-1.575,-1.49039,-1.88125
1.24391,-1.55313,-1.47818,-2.16562
1.24475,-1.59688,-1.49534,-2.05625
1.24559,-1.6625,-1.47878,-2.3625
1.21067,-1.72812,-1.48052,-2.07812
1.27517,-1.70625,-1.47908,-2.12188
1.27688,-1.70625,-1.48547,-2.0125
1.29691,-1.77188,-1.49449,-1.94687
1.31663,-1.79375,-1.48403,-2.1
1.35004,-1.88125,-1.49508,-1.99063
1.33605,-1.85938,-1.48607,-1.99063
1.35665,-1.88125,-1.50963,-1.88125
1.36185,-1.925,-1.4919,-2.0125
1.40194,-1.925,-1.5108,-2.0125
1.41789,-1.99063,-1.50383,-1.99063
1.42018,-1.99063,-1.50557,-1.96875
1.39456,-2.05625,-1.49017,-2.05625
1.41546,-1.94687,-1.48465,-1.99063
1.43112,-1.96875,-1.48146,-2.12188
1.43457,-1.99063,-1.46634,-2.03437
1.50286,-1.96875,-1.46023,-2.14375
1.47782,-1.94687,-1.46024,-1.99063
1.46383,-1.94687,-1.46286,-2.16562
1.48473,-2.05625,-1.45414,-1.85938
1.50533,-2.12188,-1.45793,-2.14375
1.42737,-2.05625,-1.45066,-2.05625
1.41339,-1.96875,-1.45589,-2.0125
1.41567,-1.96875,-1.45619,-2.0125
1.41738,-1.94687,-1.46404,-2.1875
1.46618,-1.96875,-1.4684,-2.03437
1.42137,-1.99063,-1.46579,-2.12188
1.44227,-1.96875,-1.47219,-1.99063
1.36053,-1.99063,-1.47103,-2.12188
1.33143,-1.94687,-1.47277,-2.0125
1.33052,-1.88125,-1.47742,-2.20938
1.39415,-1.8375,-1.49168,-2.03437
1.3601,-1.85938,-1.48557,-2.03437
1.39496,-1.79375,-1.48005,-2.16562
1.31234,-1.79375,-1.48092,-1.96875
1.29312,-1.75,-1.47743,-1.99063
1.30936,-1.72812,-1.47948,-2.0125
1.29101,-1.70625,-1.47337,-1.90312
1.2901,-1.68437,-1.46493,-2.03437
1.22319,-1.70625,-1.45998,-2.0125
1.23799,-1.6625,-1.4652,-2.03437
1.20132,-1.6625,-1.46636,-2.07812
1.18674,-1.61875,-1.4678,-2.1
1.18322,-1.575,-1.45703,-2.0125
1.22796,-1.59688,-1.47331,-2.0125
1.22501,-1.61875,-1.47562,-1.85938
1.20491,-1.59688,-1.46252,-1.96875
1.17145,-1.70625,-1.47821,-1.96875
1.13186,-1.61875,-1.47878,-1.94687
1.10915,-1.575,-1.47761,-2.07812
1.15679,-1.575,-1.48458,-2.05625
1.13582,-1.6625,-1.4927,-1.99063
1.13143,-1.55313,-1.47932,-2.0125
1.10842,-1.50937,-1.49327,-1.99063
1.10315,-1.4875,-1.48831,-1.96875
1.0156,-1.50937,-1.4854,-2.1875
1.074,-1.4875,-1.48596,-1.96875
1.08618,-1.4875,-1.4874,-1.90312
1.09923,-1.225,-1.47925,-1.88125
1.05965,-1.55313,-1.49087,-2.05625
1.04188,-1.33438,-1.48184,-2.05625
1.03718,-1.44375,-1.48532,-2.03437
1.03192,-1.50937,-1.48211,-2.0125
1.07317,-1.46562,-1.48093,-1.99063
1.06847,-1.59688,-1.48238,-2.0125
1.08152,-1.53125,-1.47829,-2.0125
1.06056,-1.61875,-1.47886,-2.12188
1.10325,-1.4875,-1.4742,-2.0125
1.05408,-1.59688,-1.46226,-1.99063
1.05026,-1.53125,-1.4672,-1.96875
1.11245,-1.42188,-1.457,-1.90312
1.15719,-1.4875,-1.45583,-1.85938
1.17343,-1.50937,-1.45553,-1.96875
1.126,-1.53125,-1.45231,-1.96875
1.13498,-1.50937,-1.44387,-1.90312
1.12127,-1.53125,-1.4549,-1.96875
1.16776,-1.37813,-1.44472,-1.94687
1.18487,-1.55313,-1.45662,-1.90312
1.25055,-1.55313,-1.47056,-1.925
1.25138,-1.64062,-1.46706,-2.0125
1.21703,-1.70625,-1.481,-1.90312
1.23619,-1.72812,-1.49029,-1.925
1.28499,-1.81563,-1.50336,-1.94687
1.2867,-1.99063,-1.50189,-1.94687
1.32592,-1.77188,-1.51409,-1.94687
1.27674,-1.99063,-1.53501,-2.03437
1.3459,-1.77188,-1.51348,-2.07812
1.38425,-1.8375,-1.51753,-2.0125
1.39002,-2.07812,-1.5053,-2.1
1.37778,-1.75,-1.50704,-2.1
1.36436,-1.90312,-1.48696,-2.29688
1.43352,-1.94687,-1.47386,-2.14375
1.45966,-1.90312,-1.45321,-2.16562
1.48287,-1.90312,-1.44185,-2.1
1.48807,-2.03437,-1.42788,-2.1
1.51042,-1.925,-1.41914,-2.07812
1.4973,-1.99063,-1.42465,-1.99063
1.48767,-1.94687,-1.43015,-2.0125
1.47426,-1.96875,-1.43422,-2.05625
1.49603,-1.99063,-1.4371,-1.96875
1.47273,-2.1,-1.45076,-1.96875
1.48868,-2.03437,-1.45074,-1.99063
1.48225,-2.16562,-1.46469,-1.99063
1.43395,-1.99063,-1.47543,-2.0125
1.38914,-2.05625,-1.48414,-2.05625
1.37485,-2.03437,-1.50041,-1.96875
1.39314,-1.925,-1.49981,-1.99063
1.33233,-1.8375,-1.51201,-2.0125
1.39713,-1.81563,-1.52479,-2.0125
1.31569,-1.61875,-1.52827,-2.05625
1.30373,-1.70625,-1.53233,-1.99063
1.26706,-1.70625,-1.53987,-2.1
1.30162,-1.85938,-1.53346,-1.99063
1.30071,-1.88125,-1.52065,-2.05625
1.26549,-1.68437,-1.51599,-2.05625
1.24714,-1.68437,-1.51016,-2.1
1.24536,-1.6625,-1.48863,-2.05625
1.26073,-1.6625,-1.47844,-1.94687
1.27727,-1.70625,-1.46302,-2.07812
1.25774,-1.68437,-1.45544,-2.05625
1.23852,-1.6625,-1.45165,-2.05625
1.28965,-1.68437,-1.43855,-2.1
1.27043,-1.46562,-1.42894,-2.03437
1.2986,-1.75,-1.43591,-2.05625
1.23255,-1.88125,-1.41205,-2.1
1.23078,-1.68437,-1.41378,-1.96875
1.22957,-1.77188,-1.41842,-2.0125
1.26355,-1.61875,-1.41229,-1.99063
1.29142,-1.75,-1.41577,-2.0125
1.28965,-1.72812,-1.4239,-1.96875
1.25937,-1.75,-1.41981,-1.99063
1.2227,-1.64062,-1.42823,-1.925
1.20842,-1.68437,-1.41367,-1.94687
1.25373,-1.68437,-1.41656,-1.85938
1.2537,-1.70625,-1.42586,-1.925
1.25162,-1.70625,-1.42642,-1.925
1.23327,-1.6625,-1.41419,-2.03437
1.20212,-1.70625,-1.42174,-1.85938
1.22942,-1.68437,-1.42027,-2.0125
1.22734,-1.6625,-1.41531,-1.90312
1.22556,-1.68437,-1.41471,-1.99063
1.25954,-1.6625,-1.40656,-1.90312
1.27084,-1.4,-1.40479,-1.96875
1.26993,-1.6625,-1.40594,-1.925
1.28705,-1.68437,-1.40534,-1.99063
1.22392,-1.68437,-1.40125,-1.94687
1.25848,-1.6625,-1.40618,-1.90312
1.241,-1.72812,-1.42332,-1.85938
1.26974,-1.70625,-1.41923,-1.925
1.26883,-1.72812,-1.42503,-1.96875
1.28769,-1.64062,-1.42443,-1.90312
1.30597,-1.77188,-1.43604,-2.0125
1.29024,-1.79375,-1.4302,-1.90312
1.26258,-1.77188,-1.45142,-1.88125
1.29249,-1.85938,-1.44646,-1.94687
1.32966,-1.77188,-1.45022,-1.90312
1.36045,-1.85938,-1.45049,-1.77188
1.38017,-1.925,-1.44204,-1.81563
1.3188,-1.96875,-1.44318,-2.05625
1.33678,-1.94687,-1.442,-2.0125
1.35099,-1.90312,-1.42367,-1.96875
1.38816,-1.90312,-1.40882,-2.07812
1.42069,-1.4875,-1.4027,-2.03437
1.42502,-1.96875,-1.4018,-1.96875
1.42905,-1.8375,-1.38374,-1.94687
1.46739,-1.925,-1.38489,-1.94687
1.47142,-1.90312,-1.38312,-1.925
1.49232,-1.99063,-1.38716,-1.88125
1.46089,-2.03437,-1.39324,-1.90312
1.44834,-1.94687,-1.40397,-1.99063
1.4393,-2.07812,-1.40744,-1.85938
1.44245,-2.25312,-1.41264,-1.90312
1.45754,-2.03437,-1.43675,-1.8375
1.39529,-1.96875,-1.4437,-1.8375
1.39757,-1.925,-1.44716,-2.05625
1.36933,-1.94687,-1.44277,-2.05625
1.39982,-1.99063,-1.46309,-2.07812
1.3899,-1.94687,-1.46219,-1.85938
1.35498,-1.90312,-1.4677,-1.925
1.33807,-1.85938,-1.4697,-1.99063
1.32554,-1.88125,-1.47491,-2.07812
1.30689,-1.79375,-1.46529,-2.23125
1.3243,-1.75,-1.44753,-2.0125
1.28763,-1.77188,-1.45273,-1.81563
1.23904,-1.68437,-1.43613,-2.03437
1.26633,-1.68437,-1.41924,-2.03437
1.23548,-1.68437,-1.41282,-2.03437
1.24997,-1.6625,-1.40407,-1.75
1.22988,-1.68437,-1.39503,-2.07812
1.18041,-1.64062,-1.37726,-1.96875
1.20596,-1.64062,-1.38508,-1.94687
1.18587,-1.59688,-1.3679,-1.94687
1.18205,-1.59688,-1.35973,-1.99063
1.11369,-1.575,-1.36407,-2.05625
1.14388,-1.64062,-1.3681,-2.05625
1.09297,-1.55313,-1.37534,-2.1
1.09933,-1.4875,-1.3759,-1.8375
1.09377,-1.46562,-1.37936,-1.81563
1.04111,-1.46562,-1.38195,-1.90312
1.01723,-1.42188,-1.38453,-1.85938
0.998586,-1.37813,-1.40777,-1.8375
0.940114,-1.20312,-1.40948,-1.81563
0.966819,-1.35625,-1.41352,-1.8375
1.02377,-1.3125,-1.39314,-2.0125
0.951925,-1.35625,-1.4091,-2.0125
0.960314,-1.42188,-1.4146,-2.12188
0.841077,-1.33438,-1.38956,-1.72812
0.890169,-1.24687,-1.39476,-1.85938
0.898858,-1.26875,-1.40985,-1.94687
0.936621,-1.26875,-1.40517,-1.90312
0.91768,-1.29062,-1.38043,-1.90312
0.827517,-1.37813,-1.40394,-1.96875
0.847836,-1.225,-1.40304,-1.99063
0.83878,-1.20312,-1.39778,-1.99063
0.819267,-1.20312,-1.38903,-2.03437
0.810212,-1.1375,-1.39655,-1.90312
0.866291,-1.15938,-1.3974,-1.61875
0.794445,-1.1375,-1.37411,-1.88125
0.850225,-1.07187,-1.37466,-1.94687
0.742617,-1.1375,-1.39353,-1.94687
0.751306,-1.1375,-1.40135,-1.96875
0.743123,-1.07187,-1.3731,-2.0125
0.752684,-1.07187,-1.37335,-1.81563
0.839582,-1.07187,-1.39859,-2.03437
0.831699,-1.18125,-1.3939,-1.94687
0.823516,-1.09375,-1.39328,-1.99063
0.722595,-1.11563,-1.39701,-1.99063
0.667321,-1.09375,-1.37778,-1.99063
0.782421,-1.00625,-1.3978,-2.0125
0.777154,-1.09375,-1.39368,-1.94687
0.804732,-1.09375,-1.4073,-1.99063
0.781149,-1.11563,-1.39504,-1.88125
0.791582,-1.02812,-1.39558,-1.81563
0.702291,-1.09375,-1.40106,-1.94687
0.730741,-1.02812,-1.3955,-1.88125
0.771121,-1.07187,-1.40388,-1.88125
0.783299,-1.29062,-1.40238,-1.88125
0.825423,-1.11563,-1.40873,-1.8375
0.755321,-1.09375,-1.40025,-2.0125
0.749754,-1.02812,-1.40573,-1.925
0.773562,-1.02812,-1.40888,-1.85938
0.768295,-1.07187,-1.41262,-1.77188
0.828736,-1.11563,-1.41141,-1.94687
0.812712,-1.11563,-1.41514,-1.90312
0.837964,-1.20312,-1.41394,-1.925
0.788795,-1.18125,-1.41971,-1.77188
0.849236,-1.18125,-1.4185,-1.8375
0.830014,-1.24687,-1.42485,-1.99063
0.828236,-1.11563,-1.4059,-1.88125
0.907566,-1.07187,-1.40615,-1.72812
0.870899,-1.35625,-1.41802,-1.85938
0.870866,-1.20312,-1.39733,-1.8375
0.906593,-1.20312,-1.40368,-1.8375
0.937379,-1.18125,-1.38561,-1.88125
1.00218,-1.26875,-1.38556,-1.85938
0.956201,-1.53125,-1.37621,-1.94687
1.0053,-1.42188,-1.38168,-1.925
1.0419,-1.4,-1.36885,-1.90312
1.0096,-1.4,-1.36269,-1.925
1.07789,-1.53125,-1.35334,-1.94687
1.08222,-1.11563,-1.34923,-2.12188
1.14032,-1.4875,-1.34744,-1.925
1.09319,-1.55313,-1.34681,-1.94687
1.11496,-1.61875,-1.34008,-1.925
1.11842,-1.46562,-1.35049,-1.90312
1.17013,-1.46562,-1.34899,-1.925
1.21197,-1.4875,-1.35446,-1.90312
1.19972,-1.55313,-1.34221,-1.88125
1.20462,-1.55313,-1.35553,-1.85938
1.12754,-1.59688,-1.35025,-2.05625
1.18595,-1.50937,-1.36357,-1.8375
1.21935,-1.61875,-1.36731,-1.925
1.20711,-1.61875,-1.37191,-1.8375
1.1998,-1.64062,-1.3678,-1.85938
1.20413,-1.61875,-1.37123,-1.85938
1.21165,-1.72812,-1.38107,-1.8375
1.22673,-1.72812,-1.38772,-1.85938
1.16535,-1.6625,-1.39174,-1.85938
1.16881,-1.64062,-1.3949,-1.96875
1.17109,-1.6625,-1.40038,-1.88125
1.16117,-1.64062,-1.40878,-1.90312
1.17539,-1.59688,-1.40758,-1.925
1.13232,-1.61875,-1.40898,-1.925
1.13665,-1.53125,-1.41738,-1.96875
1.13981,-1.53125,-1.41588,-1.94687
1.14239,-1.6625,-1.4077,-1.94687
1.14672,-1.44375,-1.41696,-1.925
1.10278,-1.4,-1.41401,-1.925
1.12164,-1.72812,-1.41338,-1.99063
1.10591,-1.50937,-1.40521,-1.94687
1.12593,-1.42188,-1.38684,-1.81563
1.07531,-1.70625,-1.39698,-1.925
1.14186,-1.44375,-1.3824,-1.85938
1.11507,-1.61875,-1.38207,-1.90312
1.13248,-1.55313,-1.37156,-1.85938
1.14495,-1.53125,-1.3657,-1.85938
1.08182,-1.575,-1.37409,-1.88125
1.11668,-1.50937,-1.37085,-1.88125
1.0832,-1.61875,-1.36965,-1.85938
1.07241,-1.61875,-1.36291,-1.8375
1.07325,-1.50937,-1.36694,-1.85938
1.15055,-1.6625,-1.37708,-1.85938
1.13976,-1.53125,-1.37587,-1.8375
1.0871,-1.3125,-1.37816,-1.90312
1.05886,-1.4875,-1.37491,-1.90312
1.08877,-1.4875,-1.38417,-1.99063
1.04222,-1.4875,-1.3661,-1.88125
1.12534,-1.42188,-1.37129,-1.79375
1.14245,-1.4875,-1.37328,-1.53125
1.12759,-1.50937,-1.3648,-1.79375
1.12843,-1.50937,-1.34238,-1.96875
1.08188,-1.4875,-1.33303,-1.79375
1.11092,-1.53125,-1.31147,-1.75
1.14809,-1.6625,-1.32044,-1.75
1.1498,-1.59688,-1.29976,-1.90312
1.18146,-1.59688,-1.28256,-1.85938
1.18579,-1.61875,-1.28106,-1.72812
1.23402,-1.64062,-1.27403,-1.72812
1.21014,-1.70625,-1.27631,-1.79375
1.19324,-1.75,-1.27337,-1.79375
1.24321,-1.72812,-1.25588,-1.90312
1.23504,-1.81563,-1.25525,-1.79375
1.26844,-1.77188,-1.25346,-1.3125
1.25532,-1.79375,-1.25021,-1.75
1.25965,-1.6625,-1.2583,-1.925
1.32794,-1.75,-1.25708,-1.70625
1.30407,-1.77188,-1.25528,-1.68437
1.29008,-1.24687,-1.24825,-1.68437
1.27696,-1.70625,-1.24528,-1.70625
1.34438,-1.72812,-1.23709,-1.68437
1.28387,-1.75,-1.24343,-1.75
1.27657,-1.77188,-1.24134,-1.61875
1.28991,-1.72812,-1.23954,-1.75
1.29511,-1.75,-1.25344,-1.68437
1.29944,-1.77188,-1.25774,-1.64062
1.30464,-1.75,-1.2542,-1.68437
1.30635,-1.70625,-1.27624,-1.68437
1.26154,-1.81563,-1.27706,-1.68437
1.265,-1.77188,-1.28223,-1.72812
1.24926,-1.68437,-1.29206,-1.70625
1.28761,-1.77188,-1.29724,-1.75
1.2428,-1.79375,-1.29835,-1.79375
1.25527,-1.68437,-1.29451,-1.70625
1.22703,-1.64062,-1.29184,-1.72812
1.20956,-1.575,-1.29557,-1.77188
1.20952,-1.6625,-1.28096,-1.77188
1.20862,-1.64062,-1.27742,-1.77188
1.20858,-1.575,-1.26951,-1.88125
1.1786,-1.59688,-1.27208,-1.79375
1.1777,-1.53125,-1.25428,-1.75
1.15935,-1.55313,-1.25685,-1.88125
1.15757,-1.53125,-1.23875,-1.79375
1.17411,-1.55313,-1.22998,-1.75
1.13919,-1.55313,-1.22643,-1.46562
1.10864,-1.50937,-1.21213,-1.575
1.11762,-1.55313,-1.21382,-1.94687
1.10334,-1.575,-1.20881,-1.6625
1.08237,-1.53125,-1.19015,-1.81563
1.04483,-1.4875,-1.20608,-1.61875
1.0762,-1.44375,-1.20952,-1.79375
1.02616,-1.46562,-1.21178,-1.64062
1.02176,-1.4875,-1.20794,-1.68437
0.965034,-1.50937,-1.18725,-1.59688
0.978084,-1.42188,-1.2087,-1.81563
0.956245,-1.33438,-1.19294,-1.61875
0.951851,-1.29062,-1.22312,-1.575
0.980901,-1.35625,-1.19659,-1.75
0.95819,-1.35625,-1.19768,-1.64062
0.935479,-1.26875,-1.23017,-1.72812
0.917138,-1.26875,-1.19898,-1.6625
0.857793,-1.29062,-1.22682,-1.72812
0.839453,-1.24687,-1.19855,-1.59688
0.897277,-1.20312,-1.22202,-1.68437
0.873693,-1.20312,-1.19898,-1.575
0.896929,-1.225,-1.1992,-1.575
0.860843,-1.20312,-1.2218,-1.61875
0.754108,-1.09375,-1.21591,-1.61875
0.782286,-1.15938,-1.22398,-1.61875
0.792719,-1.11563,-1.21896,-1.6625
0.849971,-1.24687,-1.2244,-1.6625
0.791499,-1.09375,-1.197,-1.68437
0.784488,-1.11563,-1.19256,-1.61875
0.811793,-1.09375,-1.19191,-1.6625
0.723375,-1.15938,-1.19416,-1.59688
0.798071,-1.02812,-1.19699,-1.61875
0.790188,-1.18125,-1.21145,-1.64062
0.784349,-0.765625,-1.21516,-1.64062
0.730819,-1.24687,-1.19415,-1.8375
0.771199,-1.18125,-1.21442,-1.59688
0.781932,-1.05,-1.1969,-1.70625
0.72346,-1.09375,-1.19915,-1.6625
0.652786,-1.00625,-1.19763,-1.59688
0.744627,-1.00625,-1.21296,-1.79375
0.738788,-0.984375,-1.19311,-1.72812
0.734393,-1.07187,-1.20583,-1.61875
0.728254,-1.05,-1.2168,-1.59688
0.704971,-1.02812,-1.21266,-1.59688
0.68226,-1.00625,-1.20037,-1.61875
0.728754,-0.9625,-1.19128,-1.575
