torque_1,torque_1_t,torque_2,torque_2_t
-0.406168,-0.175,-1.33312,-0.109375
-0.415468,0.21875,-1.33432,-0.7
-0.425068,0.2625,-1.33522,-0.7875
-0.422738,0.328125,-1.35707,-0.91875
-0.383775,0.35,-1.37891,-1.29062
-0.450351,0.415625,-1.40307,-1.37813
-0.459651,0.525,-1.43189,-1.46562
-0.375042,0.39375,-1.45751,-1.575
-0.354396,0.7,-1.46393,-1.64062
-0.40877,0.634375,-1.4913,-1.6625
-0.381436,0.590625,-1.49802,-1.35625
-0.406436,0.56875,-1.49805,-1.29062
-0.394803,0.35,-1.49983,-1.85938
-0.436375,0.6125,-1.48474,-1.72812
-0.377351,0.21875,-1.47577,-1.75
-0.400034,0.4375,-1.4694,-1.79375
-0.28606,0.35,-1.44007,-1.81563
-0.277625,0.35,-1.4212,-1.88125
-0.245931,0.74375,-1.3974,-1.8375
-0.264825,0.240625,-1.35352,-1.81563
-0.183423,0.56875,-1.29338,-1.925
-0.200573,0.2625,-1.26434,-2.1
-0.200279,0.415625,-1.22919,-1.925
-0.117705,0.30625,-1.19027,-1.37813
-0.0985215,0.371875,-1.15511,-1.33438
-0.0839807,0.04375,-1.09525,-1.72812
-0.0935715,0.021875,-1.06156,-1.81563
-0.0423974,0.39375,-1.02088,-1.6625
-0.057503,0.065625,-0.990712,-1.70625
-0.0542919,0.35,-0.955297,-1.37813
-0.0327641,0.0875,-0.944305,-1.53125
0.100117,0.21875,-0.92837,-1.4875
0.0870563,0.109375,-0.880744,-1.37813
0.109456,0.196875,-0.867716,-1.33438
0.0812674,0.021875,-0.841614,-1.29062
0.086223,0.13125,-0.831784,-1.26875
0.126067,0.109375,-0.842888,-1.225
0.114451,-0.04375,-0.817068,-1.24687
0.120279,-0.04375,-0.802296,-1.07187
0.172625,-0.065625,-0.807875,-1.20312
0.167695,-0.328125,-0.817816,-1.33438
0.173823,-0.065625,-0.786762,-1.18125
0.168312,-0.04375,-0.801364,-1.24687
0.258164,-0.175,-0.765077,-1.11563
0.230847,-0.39375,-0.759027,-1.33438
0.211962,-0.240625,-0.736986,-1.15938
0.207323,-0.35,-0.727447,-0.7875
0.261414,-0.196875,-0.717618,-0.83125
0.288175,-0.21875,-0.715057,-1.29062
0.260858,-0.2625,-0.705227,-1.09375
0.238484,-0.2625,-0.708771,-0.721875
0.245184,-0.30625,-0.693709,-1.00625
0.269329,-0.328125,-0.720512,-1.18125
0.305975,-0.328125,-0.700216,-1.11563
0.233012,-0.35,-0.693003,-1.11563
0.240584,-0.415625,-0.708177,-1.07187
0.248156,-0.371875,-0.704744,-0.896875
0.253112,-0.503125,-0.717301,-0.875
0.148458,-0.35,-0.70311,-0.853125
0.199932,-0.240625,-0.714796,-0.984375
0.140053,-0.284375,-0.718331,-1.02812
0.208971,-0.30625,-0.701523,-1.00625
0.148219,-0.21875,-0.716988,-1.05
0.203764,-0.153125,-0.700181,-1.1375
0.18953,-0.175,-0.699655,-1.09375
0.127906,-0.196875,-0.700301,-0.984375
0.130545,-0.30625,-0.679433,-0.91875
0.0857933,-0.634375,-0.667005,-0.9625
0.0997619,-0.065625,-0.665616,-1.15938
0.0898989,-0.30625,-0.638642,-0.940625
0.138184,0.021875,-0.62069,-1.15938
0.140523,-0.328125,-0.590809,-1.00625
0.0948989,0.109375,-0.574892,-0.940625
0.109167,0.109375,-0.547627,-1.1375
0.109762,-0.021875,-0.543621,-1.15938
0.0998989,-0.065625,-0.518973,-0.853125
0.102538,0.021875,-0.517594,-1.1375
0.0856878,-0.0875,-0.502831,-0.7875
0.133973,-0.153125,-0.504931,-0.9625
0.105493,-0.415625,-0.500934,-1.05
0.0889433,-0.065625,-0.493149,-1.05
0.0433193,0.04375,-0.487109,-0.83125
0.0537989,-0.021875,-0.488046,-0.7875
0.0538211,-0.065625,-0.527951,-0.9625
0.0709878,0.065625,-0.537901,-0.940625
0.022747,-0.065625,-0.537966,-0.7
0.00415259,-0.065625,-0.522912,-0.74375
-0.0150141,0.21875,-0.530546,-0.74375
0.000408148,-0.21875,-0.565499,-0.809375
-0.0661493,-0.109375,-0.555097,-0.853125
-0.00420852,0.13125,-0.563594,-0.896875
-0.0533215,-0.240625,-0.561914,-0.678125
-0.091677,0.196875,-0.593679,-0.7875
-0.0605548,-0.04375,-0.593162,-0.7
-0.111412,-0.021875,-0.603984,-0.984375
-0.116051,0.2625,-0.612481,-0.9625
-0.138134,-0.021875,-0.61807,-0.984375
-0.143346,0.196875,-0.626275,-0.875
-0.166301,-0.021875,-0.621397,-0.74375
-0.136623,0.21875,-0.61652,-0.9625
-0.177023,0.2625,-0.636655,-0.875
-0.211309,0.2625,-0.620147,-0.74375
-0.235136,0.328125,-0.62312,-0.765625
-0.158068,-0.065625,-0.618242,-0.984375
-0.244114,0.284375,-0.615109,-0.721875
-0.185662,0.21875,-0.595984,-0.853125
-0.190001,0.30625,-0.607679,-0.83125
-0.178068,0.371875,-0.599021,-0.896875
-0.182407,0.284375,-0.595316,-0.7875
-0.18849,0.328125,-0.60731,-0.853125
-0.245162,0.48125,-0.608838,-0.83125
-0.250373,0.328125,-0.613855,-0.83125
-0.23844,0.2625,-0.596484,-0.91875
-0.195388,0.35,-0.630866,-0.7875
-0.212229,0.48125,-0.608262,-1.02812
-0.234012,0.328125,-0.613851,-0.9625
-0.256668,0.503125,-0.618868,-0.7875
-0.22729,0.284375,-0.642783,-0.721875
-0.283962,0.525,-0.65216,-0.7875
-0.23684,0.48125,-0.662701,-0.83125
-0.259496,0.459375,-0.666846,-0.9625
-0.282151,0.284375,-0.66721,-0.853125
-0.270218,0.546875,-0.677751,-0.83125
-0.275429,0.2625,-0.684512,-0.853125
-0.327159,0.39375,-0.675283,-0.853125
-0.285851,0.328125,-0.689012,-0.853125
-0.326251,0.65625,-0.694901,-0.896875
-0.343092,0.503125,-0.692068,-1.02812
-0.283468,0.65625,-0.689234,-0.875
-0.352942,0.240625,-0.699484,-0.721875
-0.328207,0.503125,-0.700712,-1.05
-0.315101,0.415625,-0.710381,-1.09375
-0.291238,0.56875,-0.695046,-1.1375
-0.325823,0.459375,-0.705296,-1.02812
-0.330162,0.634375,-0.706823,-0.940625
-0.334501,0.48125,-0.708923,-0.91875
-0.385659,0.39375,-0.70609,-1.05
-0.343479,0.459375,-0.698896,-0.940625
-0.318171,0.525,-0.718159,-0.875
-0.321638,0.415625,-0.70514,-0.9625
-0.30766,0.503125,-0.700271,-1.09375
-0.311427,0.459375,-0.723896,-0.940625
-0.332338,0.7,-0.714657,-1.02812
-0.335805,0.415625,-0.72229,-0.9625
-0.350329,0.35,-0.714805,-1.09375
-0.324721,0.590625,-0.725046,-0.875
-0.327616,0.56875,-0.742273,-1.00625
-0.313638,0.590625,-0.742057,-1.09375
-0.352294,0.30625,-0.740668,-1.11563
-0.338316,0.525,-0.747429,-1.07187
-0.323766,0.546875,-0.766692,-0.853125
-0.344677,0.415625,-0.76007,-1.00625
-0.328955,0.415625,-0.772064,-1.02812
-0.301903,0.371875,-0.781433,-1.18125
-0.316127,0.39375,-0.780053,-1.15938
-0.317277,0.503125,-0.778964,-0.984375
-0.336444,0.4375,-0.792694,-1.07187
-0.321021,0.371875,-0.78986,-1.00625
-0.276225,0.35,-0.796321,-1.05
-0.295692,0.546875,-0.80191,-1.15938
-0.262825,0.721875,-0.799649,-1.07187
-0.264847,0.525,-0.813379,-1.02812
-0.284314,0.35,-0.815479,-1.07187
-0.26772,0.328125,-0.82194,-1.05
-0.267997,0.35,-0.818807,-1.26875
-0.269147,0.2625,-0.820907,-1.26875
-0.257796,0.35,-0.820099,-0.65625
-0.223184,0.30625,-0.828296,-1.1375
-0.285681,0.371875,-0.824871,-1.15938
-0.23944,0.415625,-0.826099,-1.29062
-0.239418,0.35,-0.835468,-1.20312
-0.204807,0.35,-0.841057,-1.07187
-0.256546,0.2625,-0.843157,-1.4
-0.239379,0.240625,-0.851353,-1.15938
-0.22134,0.371875,-0.852581,-1.07187
-0.203301,0.2625,-0.853809,-1.20312
-0.200962,0.415625,-0.867247,-1.07187
-0.200368,0.2625,-0.874871,-1.20312
-0.234662,0.4375,-0.877544,-1.07187
-0.188421,0.30625,-0.898542,-1.11563
-0.216029,0.2625,-0.88814,-1.1375
-0.168916,0.4375,-0.900997,-1.1375
-0.169194,0.240625,-0.910938,-1.07187
-0.165683,0.240625,-0.910712,-1.20312
-0.195034,0.546875,-0.916301,-1.09375
-0.163621,0.415625,-0.921309,-1.09375
-0.14471,0.415625,-0.916131,-1.11563
-0.144116,0.30625,-0.922301,-1.11563
-0.124333,0.240625,-0.913062,-1.15938
-0.121994,0.30625,-0.914862,-1.15938
-0.0556919,0.21875,-0.897773,-1.18125
-0.0699252,0.109375,-0.901036,-1.26875
-0.0809696,0.2625,-0.876379,-1.29062
-0.03124,0.21875,-0.856383,-1.3125
-0.0236678,0.13125,-0.845971,-1.35625
-0.0204567,0.284375,-0.820742,-1.3125
-0.0271307,0.04375,-0.804234,-0.896875
0.04266,0.196875,-0.778705,-1.05
0.0592452,-0.04375,-0.77092,-1.24687
0.0525711,0.30625,-0.744518,-1.225
0.0566544,0.04375,-0.732371,-1.1375
0.0450378,0.065625,-0.719934,-1.18125
0.0799396,0.196875,-0.71999,-1.4
0.0566933,-0.153125,-0.71046,-1.11563
0.0790933,0.04375,-0.704992,-1.24687
0.0953785,0.065625,-0.713779,-1.3125
0.0721322,0,-0.710055,-1.225
0.0596433,0.021875,-0.738612,-1.1375
0.111117,-0.13125,-0.750007,-1.18125
0.0512378,-0.175,-0.747746,-1.225
0.0727656,-0.13125,-0.773386,-1.18125
0.0602767,-0.04375,-0.784209,-0.65625
0.0649322,-0.065625,-0.80607,-1.09375
0.0233693,-0.021875,-0.814275,-1.05
0.0425804,0.04375,-0.831494,-1.26875
-0.0190437,0.065625,-0.843779,-1.26875
-0.0338493,0.0875,-0.861879,-1.09375
-0.0149381,0.04375,-0.867186,-1.1375
-0.0483604,0,-0.873075,-1.20312
-0.0556067,0,-0.88536,-1.3125
-0.0550122,0,-0.896483,-1.02812
-0.0407437,0.13125,-0.907596,-0.91875
-0.0517789,0.021875,-0.916392,-1.1375
-0.0392548,0.240625,-0.913559,-1.18125
-0.0677344,0.13125,-0.909853,-1.18125
-0.0505678,0.13125,-0.904403,-1.15938
-0.114509,0,-0.890512,-1.15938
-0.0508233,-0.021875,-0.89204,-1.18125
-0.0685456,-0.021875,-0.880484,-1.20312
-0.0220048,0.328125,-0.882884,-1.18125
-0.0030937,-0.065625,-0.871029,-1.29062
0.0466359,0.13125,-0.875173,-1.20312
-0.0446344,0.0875,-0.870596,-1.20312
-0.0614844,0.13125,-0.861938,-1.35625
-0.0417011,0.196875,-0.867827,-1.24687
0.0275174,0.13125,-0.855399,-1.35625
0.0423581,-0.153125,-0.865349,-1.3125
0.0330674,-0.240625,-0.873273,-1.15938
0.0644804,0.021875,-0.874801,-0.91875
0.0389174,0.065625,-0.876029,-1.29062
0.0412563,-0.240625,-0.875812,-1.3125
0.0909859,0.0875,-0.875596,-0.765625
0.0593081,0.13125,-0.888162,-1.15938
0.0628193,-0.284375,-0.895214,-1.225
0.0651581,-0.415625,-0.889764,-1.18125
0.0683693,0.021875,-0.896225,-1.4
0.124786,0.065625,-0.898625,-1.3125
0.0465896,0,-0.891131,-1.3125
0.13238,0.065625,-0.890042,-1.20312
0.100703,0.021875,-0.892142,-1.33438
0.103041,-0.39375,-0.900938,-1.4875
0.142014,-0.065625,-0.903038,-1.1375
0.144353,-0.39375,-0.901368,-1.3125
0.161238,0,-0.89301,-1.15938
0.164449,-0.109375,-0.900634,-1.53125
0.168532,-0.0875,-0.886171,-1.18125
0.160114,-0.4375,-0.882166,-1.29062
0.14588,-0.415625,-0.881649,-1.3125
0.115947,-0.0875,-0.85672,-1.35625
0.12003,-0.109375,-0.845446,-1.00625
0.157258,-0.021875,-0.84959,-1.24687
0.144197,-0.065625,-0.831338,-1.33438
0.16398,-0.328125,-0.822109,-1.35625
0.134047,-0.04375,-0.810834,-1.29062
0.155575,-0.065625,-0.812362,-0.9625
0.129712,-0.021875,-0.817951,-1.225
0.196886,0,-0.81191,-1.18125
0.147764,-0.371875,-0.81431,-1.11563
0.150975,-0.415625,-0.812049,-1.225
0.217277,-0.415625,-0.82666,-1.33438
0.144895,-0.196875,-0.82876,-1.20312
0.176308,-0.4375,-0.835221,-1.33438
0.133001,-0.021875,-0.841983,-1.3125
0.117895,-0.371875,-0.856294,-1.1375
0.138551,0.04375,-0.858694,-1.225
0.159506,-0.30625,-0.861394,-1.18125
0.143529,-0.13125,-0.88589,-1.18125
0.0996489,-0.04375,-0.876088,-1.3125
0.101116,0.04375,-0.89099,-1.35625
0.114512,0.175,-0.899796,-1.26875
0.103477,-0.240625,-0.894346,-1.02812
0.134317,-0.328125,-0.907512,-1.55313
0.117467,-0.415625,-0.906423,-1.05
0.106732,-0.284375,-0.917846,-1.46562
0.107327,-0.30625,-0.920246,-1.20312
0.138167,0.153125,-0.919457,-1.15938
0.11056,-0.240625,-0.91924,-1.50937
0.110282,-0.284375,-0.921068,-1.15938
0.111177,0.175,-0.919979,-1.37813
0.0943267,0.196875,-0.924123,-1.26875
0.123423,-0.2625,-0.936418,-1.24687
0.12489,-0.284375,-0.930968,-1.3125
0.09641,-0.371875,-0.923783,-1.3125
0.0973044,-0.2625,-0.932288,-1.225
0.0795822,-0.240625,-0.940221,-1.29062
0.125823,-0.240625,-0.939133,-1.4
0.115088,-0.0875,-0.950546,-1.50937
0.115682,-0.0875,-0.957607,-1.4
0.0813878,-0.4375,-0.956518,-1.15938
0.117171,-0.196875,-0.951649,-1.46562
0.0828767,-0.021875,-0.973829,-1.44375
0.11836,-0.153125,-0.986114,-1.26875
0.118382,-0.21875,-0.982409,-1.3125
0.10066,-0.153125,-1.00924,-1.35625
0.0820656,-0.175,-1.00088,-1.44375
0.0817878,-0.04375,-1.01753,-1.50937
0.0826822,-0.196875,-1.01935,-1.05
0.130667,-0.175,-1.02205,-1.11563
0.121377,-0.153125,-1.03462,-1.26875
0.132729,-0.0875,-1.03964,-1.00625
0.133623,-0.153125,-1.03448,-1.37813
0.134217,-0.175,-1.0241,-1.42188
0.154001,-0.0875,-1.01952,-1.37813
0.155467,-0.153125,-1.02657,-1.3125
0.175551,-0.153125,-1.0185,-1.35625
0.17789,-0.153125,-1.01684,-1.35625
0.197673,-0.525,-1.00354,-1.46562
0.210769,-0.6125,-1.00275,-1.4875
0.230553,-0.21875,-0.991771,-1.42188
0.203817,-0.240625,-0.981088,-1.44375
0.271291,-0.590625,-0.964881,-1.6625
0.303577,-0.634375,-0.951881,-1.42188
0.277714,-0.459375,-0.929568,-1.64062
0.329188,-0.30625,-0.911616,-1.42188
0.298382,-0.503125,-0.894246,-1.37813
0.321654,-0.56875,-0.874549,-1.4
0.324866,-0.371875,-0.852818,-1.35625
0.311504,-0.4375,-0.846205,-1.4
0.381295,-0.546875,-0.834359,-1.3125
0.386251,-0.371875,-0.831234,-1.3125
0.363877,-0.30625,-0.840321,-1.26875
0.333371,-0.371875,-0.83807,-1.26875
0.337454,-0.48125,-0.857042,-1.20312
0.34241,-0.48125,-0.887644,-1.07187
0.334864,-0.4375,-0.89266,-1.35625
0.350577,-0.415625,-0.926179,-1.20312
0.289825,-0.35,-0.916377,-1.18125
0.291591,-0.4375,-0.949896,-1.37813
0.263984,-0.35,-0.96597,-0.91875
0.248006,-0.4375,-0.977392,-1.24687
0.233201,-0.371875,-0.990849,-1.225
0.223038,-0.48125,-1.00284,-1.225
0.187871,-0.35,-1.01892,-1.26875
0.207082,-0.35,-1.03761,-1.29062
0.205932,-0.459375,-1.04205,-1.33438
0.205654,-0.35,-1.03865,-1.3125
0.188232,-0.30625,-1.05821,-1.50937
0.187082,0.021875,-1.06177,-1.35625
0.140286,-0.525,-1.06709,-1.33438
0.140008,0.021875,-1.07531,-1.53125
0.15573,-0.30625,-1.07191,-1.53125
0.167082,-0.4375,-1.07199,-1.35625
0.136858,-0.284375,-1.06567,-1.4875
0.153153,0,-1.05965,-1.50937
0.164804,-0.415625,-1.04229,-1.44375
0.182843,-0.328125,-1.03975,-1.575
0.136047,-0.459375,-1.02878,-1.42188
0.152341,-0.04375,-1.02625,-1.44375
0.245973,-0.0875,-1.01761,-1.42188
0.29513,-0.284375,-1.01099,-1.44375
0.249206,-0.065625,-1.00323,-1.44375
0.267245,-0.525,-1.00505,-1.42188
0.25214,-0.065625,-1.00745,-1.42188
0.288495,-0.371875,-1.00289,-1.42188
0.274262,-0.153125,-1.00297,-1.4
0.322247,-0.2625,-1.00886,-1.42188
0.307441,-0.153125,-1.0197,-1.35625
0.30978,-0.590625,-1.01949,-1.35625
0.376082,-0.196875,-1.04166,-1.3125
0.331903,-0.4375,-1.04262,-1.35625
0.370003,-0.503125,-1.04357,-1.35625
0.384843,-0.30625,-1.05935,-1.35625
0.388054,-0.4375,-1.05943,-1.3125
0.343875,-0.6125,-1.07782,-1.37813
0.328769,-0.678125,-1.07093,-1.29062
0.395943,-0.525,-1.08118,-1.29062
0.37008,-0.415625,-1.09027,-1.33438
0.402366,-0.4375,-1.0918,-1.46562
0.405577,-0.7,-1.09043,-1.35625
0.408788,-0.503125,-1.08295,-1.33438
0.400369,-0.525,-1.09757,-1.59688
0.416082,-0.459375,-1.09037,-1.42188
0.420166,-0.525,-1.0922,-1.72812
0.477454,-0.590625,-1.09024,-1.09375
0.381814,-0.721875,-1.08538,-1.42188
0.431543,-0.7,-1.0744,-1.42188
0.38998,-0.56875,-1.06315,-1.4
0.43971,-0.4375,-1.05247,-1.44375
0.442921,-0.721875,-1.04383,-1.46562
0.447004,-0.765625,-1.02326,-1.44375
0.387125,-0.65625,-1.01084,-1.46562
0.453427,-0.525,-0.992888,-1.59688
0.521473,-0.678125,-0.981914,-1.575
0.462166,-0.590625,-0.959901,-1.37813
0.530212,-0.74375,-0.948055,-1.64062
0.470332,-0.896875,-0.944931,-1.44375
0.49186,-0.6125,-0.944142,-1.44375
0.478499,-0.721875,-0.935784,-1.53125
0.48171,-0.853125,-0.931788,-1.44375
0.503238,-0.875,-0.941466,-1.35625
0.488704,-0.65625,-0.934853,-1.64062
0.463714,-0.74375,-0.945103,-1.4
0.495999,-0.590625,-0.948084,-1.33438
0.498338,-0.634375,-0.944379,-1.4
0.45473,-0.940625,-0.958418,-1.35625
0.427995,-0.678125,-0.976518,-1.24687
0.47598,-0.765625,-0.980662,-1.29062
0.413484,-0.7,-0.995564,-1.53125
0.432095,-0.65625,-1.00756,-1.29062
0.434434,-0.590625,-1.02682,-1.55313
0.419329,-0.590625,-1.03707,-1.46562
0.420495,-0.7875,-1.05372,-1.37813
0.374571,-0.7875,-1.05408,-1.35625
0.356849,-0.678125,-1.07277,-1.35625
0.356271,-0.546875,-1.08942,-1.44375
0.38594,-0.546875,-1.09008,-1.3125
0.309197,-0.39375,-1.1041,-1.35625
0.336821,-0.459375,-1.11377,-1.42188
0.319099,-0.459375,-1.10222,-1.35625
0.305447,-0.459375,-1.10636,-1.64062
0.287425,-0.48125,-1.0983,-1.4
0.285403,-0.48125,-1.10535,-1.72812
0.284825,-0.459375,-1.09001,-1.46562
0.331066,-0.48125,-1.09503,-1.59688
0.283397,-0.459375,-1.0951,-1.53125
0.328466,-0.39375,-1.08849,-1.11563
0.345632,-0.48125,-1.08478,-1.575
0.32761,-0.371875,-1.07759,-1.4875
0.343904,-0.56875,-1.08203,-1.46562
0.325882,-0.371875,-1.07919,-1.4875
0.372995,-0.48125,-1.07955,-1.46562
0.37359,-0.48125,-1.08195,-1.15938
0.363127,-0.503125,-1.07824,-1.55313
0.429429,-0.6125,-1.07628,-1.44375
0.378262,-0.56875,-1.07432,-1.46562
0.443691,-0.546875,-1.07236,-1.4875
0.416656,-0.7,-1.07563,-1.42188
0.464641,-0.721875,-1.07367,-1.42188
0.502441,-0.809375,-1.07228,-1.44375
0.51641,-0.721875,-1.06945,-1.46562
0.491119,-0.678125,-1.0765,-1.575
0.512347,-0.875,-1.07803,-1.4875
0.515558,-0.896875,-1.0717,-1.4875
0.583304,-0.74375,-1.07934,-1.50937
0.524297,-0.765625,-1.0701,-1.42188
0.53971,-0.91875,-1.06814,-1.53125
0.543793,-0.896875,-1.06792,-1.44375
0.612412,-0.896875,-1.06858,-1.46562
0.651956,-1.02812,-1.06254,-1.50937
0.656912,-0.984375,-1.05185,-1.53125
0.579288,-1.02812,-1.05047,-1.50937
0.647906,-1.02812,-1.04153,-1.53125
0.607216,-0.83125,-1.03898,-1.53125
0.628443,-1.02812,-1.02888,-1.50937
0.645029,-0.853125,-1.03477,-1.46562
0.62061,-0.940625,-1.03047,-1.46562
0.640966,-0.875,-1.02881,-1.46562
0.593588,-1.00625,-1.03675,-1.4
0.597671,-0.940625,-1.04032,-1.50937
0.571808,-0.83125,-1.05523,-1.53125
0.604966,-0.940625,-1.05706,-1.46562
0.543041,-0.765625,-1.06325,-1.64062
0.562825,-0.984375,-1.07554,-1.42188
0.565164,-0.875,-1.07998,-1.42188
0.51924,-0.74375,-1.0978,-1.46562
0.520406,-0.678125,-1.10254,-1.44375
0.521873,-0.56875,-1.11309,-1.4875
0.505023,-0.83125,-1.10532,-1.44375
0.423338,-0.721875,-1.11325,-1.44375
0.458521,-0.7875,-1.11973,-1.4875
0.440799,-0.678125,-1.11982,-1.53125
0.441393,-0.65625,-1.1074,-1.50937
0.457388,-0.6125,-1.11097,-1.53125
0.485312,-0.678125,-1.10669,-1.55313
0.408569,-0.678125,-1.08643,-1.53125
0.436193,-0.590625,-1.09144,-1.50937
0.417599,-0.590625,-1.08077,-1.53125
0.404819,-0.721875,-1.0826,-1.53125
0.467332,-0.634375,-1.0757,-1.50937
0.349014,-0.6125,-1.0784,-1.50937
0.399897,-0.546875,-1.07383,-1.50937
0.38043,-0.7,-1.07217,-1.4875
0.395853,-0.634375,-1.0865,-1.50937
0.39353,-0.634375,-1.08163,-1.46562
0.403138,-0.546875,-1.08433,-1.46562
0.389186,-0.74375,-1.09052,-1.4875
0.388036,-0.74375,-1.09613,-1.4875
0.320879,-0.65625,-1.10145,-1.4875
0.34793,-0.546875,-1.10733,-1.575
0.392427,-0.6125,-1.10829,-1.50937
0.361903,-0.525,-1.10576,-1.4875
0.377325,-0.7,-1.12183,-1.4875
0.375875,-0.65625,-1.12161,-1.575
0.373853,-0.634375,-1.12519,-1.46562
0.372403,-0.721875,-1.12963,-1.55313
0.37038,-0.721875,-1.12913,-1.575
0.416321,-0.65625,-1.14491,-1.50937
0.368353,-0.525,-1.1415,-1.53125
0.351503,-0.546875,-1.15292,-1.575
0.43146,-0.74375,-1.15649,-1.53125
0.432054,-0.7875,-1.14668,-1.4875
0.461423,-0.74375,-1.16305,-1.575
0.462017,-0.65625,-1.15295,-1.4875
0.433238,-0.56875,-1.13442,-1.44375
0.44429,-0.634375,-1.15428,-1.50937
0.462329,-0.7,-1.13981,-1.59688
0.510014,-0.765625,-1.14339,-1.55313
0.482406,-0.678125,-1.14055,-1.50937
0.54928,-0.83125,-1.14703,-1.50937
0.550447,-0.765625,-1.15758,-1.68437
0.517897,-0.91875,-1.15475,-1.55313
0.53738,-0.721875,-1.15134,-1.50937
0.539419,-0.7,-1.15055,-1.50937
0.559203,-0.765625,-1.16022,-1.59688
0.59206,-0.853125,-1.15652,-1.55313
0.612416,-0.896875,-1.15311,-1.4875
0.598182,-0.940625,-1.16076,-1.50937
0.602266,-0.83125,-1.14981,-1.59688
0.622621,-0.896875,-1.1467,-1.50937
0.661593,-0.853125,-1.14156,-1.53125
0.678179,-0.853125,-1.12886,-1.53125
0.670632,-0.9625,-1.11762,-1.59688
0.640399,-0.809375,-1.11364,-1.575
0.627038,-0.9625,-1.09978,-1.575
0.631121,-1.00625,-1.099,-1.70625
0.70004,-0.875,-1.08978,-1.575
0.703823,-0.940625,-1.09075,-1.55313
0.66226,-0.896875,-1.08328,-1.575
0.648899,-0.875,-1.08512,-1.6625
0.733217,-1.00625,-1.09277,-1.575
0.655893,-1.00625,-1.09461,-1.4875
0.71231,-0.91875,-1.10023,-1.53125
0.662888,-1.07187,-1.09595,-1.575
0.718432,-1.09375,-1.10593,-1.53125
0.656508,-1.02812,-1.11329,-1.53125
0.642275,-0.896875,-1.11454,-1.4875
0.662058,-0.809375,-1.12568,-1.59688
0.628336,-1.15938,-1.12141,-1.4875
0.630675,-0.875,-1.11366,-1.46562
0.60364,-0.984375,-1.12799,-1.46562
0.57109,-1.05,-1.13709,-1.4875
0.588829,-0.809375,-1.12701,-1.61875
0.590295,-0.91875,-1.11925,-1.50937
0.573145,-0.765625,-1.14348,-1.50937
0.556295,-0.74375,-1.13485,-1.53125
0.526943,-0.721875,-1.12795,-1.64062
0.525493,-0.83125,-1.14171,-1.55313
0.507471,-0.65625,-1.14471,-1.53125
0.488004,-0.7,-1.14945,-1.59688
0.504871,-0.896875,-1.15041,-1.55313
0.502849,-0.83125,-1.15079,-1.55313
0.483954,-0.7875,-1.15205,-1.53125
0.434541,-0.765625,-1.15941,-1.61875
0.449664,-0.765625,-1.15862,-1.59688
0.447641,-0.721875,-1.16104,-1.55313
0.409558,-0.721875,-1.16665,-1.53125
0.407236,-0.6125,-1.17139,-1.59688
0.440103,-0.853125,-1.17701,-1.55313
0.436908,-0.65625,-1.16867,-1.53125
0.453203,-0.65625,-1.17689,-1.59688
0.397675,-0.83125,-1.17553,-1.53125
0.383723,-0.590625,-1.17068,-1.53125
0.428219,-0.765625,-1.16291,-1.55313
0.425897,-0.765625,-1.1569,-1.59688
0.453521,-0.721875,-1.15437,-1.575
0.452371,-0.65625,-1.15504,-1.575
0.450921,-0.809375,-1.13769,-1.575
0.450343,-0.590625,-1.12963,-1.59688
0.466338,-0.678125,-1.12478,-1.55313
0.500949,-0.634375,-1.12487,-1.575
0.482927,-0.721875,-1.12089,-1.50937
0.482349,-0.875,-1.12533,-1.61875
0.499216,-0.853125,-1.11842,-1.70625
0.481766,-0.7875,-1.1118,-1.575
0.510834,-0.721875,-1.12145,-1.61875
0.546017,-0.74375,-1.11889,-1.59688
0.546884,-0.875,-1.1175,-1.68437
0.51199,-0.875,-1.11494,-1.59688
0.529429,-0.721875,-1.11383,-1.75
0.530595,-0.74375,-1.1168,-1.59688
0.580597,-0.765625,-1.10901,-1.575
0.569834,-0.765625,-1.11778,-1.70625
0.601519,-0.853125,-1.12337,-1.575
0.573312,-0.74375,-1.12343,-1.4875
0.58698,-0.7,-1.13221,-1.75
0.579706,-0.7875,-1.13488,-1.59688
0.592203,-0.853125,-1.13756,-1.53125
0.593069,-0.809375,-1.13413,-1.55313
0.583179,-0.83125,-1.14901,-1.53125
0.595975,-0.83125,-1.14558,-1.55313
0.650047,-0.940625,-1.1561,-1.53125
0.59858,-0.940625,-1.1582,-1.575
0.599447,-0.853125,-1.16349,-1.4875
0.587812,-0.721875,-1.17663,-1.53125
0.572979,-1.00625,-1.18482,-1.6625
0.602347,-0.9625,-1.17412,-1.55313
0.62153,-1.05,-1.19249,-1.61875
0.604953,-0.83125,-1.19808,-1.4875
0.576745,-0.83125,-1.20541,-1.59688
0.559295,-0.940625,-1.20604,-1.26875
0.578479,-0.984375,-1.21337,-1.75
0.561029,-0.853125,-1.2204,-1.64062
0.531949,-0.7875,-1.22395,-1.70625
0.60928,-0.875,-1.23912,-1.6625
0.598517,-0.83125,-1.22667,-1.72812
0.581067,-0.765625,-1.23632,-1.70625
0.582234,-0.83125,-1.25499,-1.68437
0.565656,-1.00625,-1.25591,-1.64062
0.536577,-0.7,-1.25684,-1.68437
0.538316,-0.91875,-1.2694,-1.6625
0.603145,-0.721875,-1.27818,-1.75
0.569123,-0.7875,-1.27649,-1.46562
0.572606,-0.91875,-1.28032,-1.75
0.543527,-0.9625,-1.2766,-1.72812
0.572595,-0.765625,-1.27491,-1.85938
0.574334,-0.74375,-1.27787,-1.68437
0.557756,-0.765625,-1.2663,-1.77188
0.593512,-0.9625,-1.26897,-1.70625
0.610951,-0.9625,-1.2763,-1.68437
0.594373,-1.02812,-1.2842,-1.70625
0.559479,-0.7875,-1.27379,-1.70625
0.596106,-0.809375,-1.2817,-1.68437
0.562084,-0.875,-1.29076,-1.75
0.580095,-0.984375,-1.29169,-1.77188
0.598406,-0.809375,-1.28041,-1.70625
0.563512,-0.853125,-1.28976,-1.70625
0.599267,-0.721875,-1.28633,-1.79375
0.629208,-0.83125,-1.2858,-1.77188
0.630075,-0.7,-1.27859,-1.81563
0.567851,-0.984375,-1.28417,-1.94687
0.58529,-0.940625,-1.29062,-1.72812
0.585284,-0.809375,-1.27787,-1.79375
0.632669,-0.83125,-1.28113,-1.70625
0.634408,-0.9625,-1.27334,-1.68437
0.652719,-0.940625,-1.26525,-1.70625
0.607067,-0.9625,-1.24874,-1.8375
0.637008,-0.9625,-1.25258,-1.75
0.608801,-0.91875,-1.24479,-1.79375
0.593095,-1.00625,-1.23321,-1.70625
0.659669,-1.00625,-1.24054,-1.8375
0.66228,-0.875,-1.22548,-1.925
0.647147,-1.07187,-1.23193,-1.70625
0.648886,-1.07187,-1.23373,-1.64062
0.651497,-1.07187,-1.21286,-1.68437
0.653236,-1.07187,-1.22105,-1.75
0.707308,-1.09375,-1.22285,-1.64062
0.721549,-0.940625,-1.20954,-1.70625
0.725032,-1.1375,-1.21163,-1.77188
0.66368,-1.1375,-1.19918,-1.64062
0.700308,-0.9625,-1.18761,-1.72812
0.721236,-1.1375,-1.18417,-1.72812
0.753793,-1.02812,-1.1787,-1.64062
0.756104,-0.940625,-1.16626,-1.61875
0.794477,-0.809375,-1.17358,-1.61875
0.716553,-1.18125,-1.1716,-1.575
0.74911,-0.9625,-1.1673,-1.61875
0.753466,-1.24687,-1.16619,-1.72812
0.822656,-1.07187,-1.1741,-1.59688
0.844156,-1.1375,-1.17677,-1.61875
0.830195,-1.225,-1.18816,-1.72812
0.805477,-1.26875,-1.18008,-1.64062
0.791516,-1.33438,-1.2095,-1.55313
0.794999,-1.29062,-1.2049,-1.575
0.779866,-1.18125,-1.21019,-1.64062
0.813877,-1.05,-1.23932,-1.64062
0.818232,-0.984375,-1.18268,-1.77188
0.785373,-1.05,-1.26705,-1.575
0.817058,-1.07187,-1.26593,-1.77188
0.819369,-1.05,-1.27675,-1.6625
0.840297,-1.05,-1.27768,-1.77188
0.85948,-1.07187,-1.26872,-1.68437
0.826903,-1.11563,-1.27226,-1.77188
0.782123,-1.1375,-1.26272,-1.68437
0.831253,-1.09375,-1.27033,-1.79375
0.803917,-1.00625,-1.27504,-1.68437
0.816986,-1.1375,-1.27684,-1.75
0.807967,-1.225,-1.27515,-1.75
0.808834,-1.05,-1.27608,-1.72812
0.809401,-1.225,-1.27874,-1.72812
0.793695,-1.09375,-1.27356,-1.70625
0.794562,-1.24687,-1.27827,-1.70625
0.749482,-1.09375,-1.30333,-1.70625
0.761979,-1.1375,-1.27924,-1.70625
0.78029,-1.07187,-1.26505,-1.70625
0.799173,-1.20312,-1.259,-1.59688
0.830858,-1.20312,-1.25644,-1.6625
0.832597,-1.15938,-1.24224,-1.70625
0.822406,-1.11563,-1.24055,-1.70625
0.823273,-1.1375,-1.23074,-1.75
0.807567,-1.11563,-1.21859,-1.68437
0.83838,-1.09375,-1.22447,-1.72812
0.82849,-1.1375,-1.20535,-1.77188
0.860175,-1.11563,-1.19785,-1.79375
0.846214,-1.225,-1.19502,-1.75
0.912788,-1.07187,-1.182,-1.75
0.851436,-1.29062,-1.16986,-1.75
0.871491,-1.15938,-1.15887,-1.72812
0.87323,-1.24687,-1.1412,-1.70625
0.875841,-1.20312,-1.13023,-1.6625
0.860136,-1.26875,-1.1271,-1.68437
0.879319,-1.225,-1.11757,-1.68437
0.900247,-1.3125,-1.10804,-1.6625
0.838023,-1.24687,-1.09909,-1.59688
0.869708,-1.3125,-1.12677,-1.6625
0.859817,-1.18125,-1.09486,-1.59688
0.861556,-1.225,-1.12981,-1.55313
0.828406,-1.1375,-1.13018,-1.55313
0.828973,-1.225,-1.13315,-1.59688
0.828967,-1.07187,-1.16258,-1.53125
0.81239,-1.1375,-1.18503,-1.53125
0.78331,-1.05,-1.17724,-1.53125
0.800749,-1.11563,-1.2058,-1.50937
0.764982,-1.07187,-1.21866,-1.575
0.747232,-0.984375,-1.23384,-1.59688
0.698091,-1.02812,-1.24844,-1.59688
0.743732,-0.984375,-1.23979,-1.59688
0.777743,-0.984375,-1.25962,-1.59688
0.740232,-1.02812,-1.27161,-1.70625
0.662017,-0.9625,-1.27109,-1.6625
0.688169,-0.9625,-1.27493,-1.68437
0.668103,-0.91875,-1.27878,-1.68437
0.66548,-0.940625,-1.28117,-1.72812
0.681175,-0.940625,-1.28908,-1.79375
0.695697,-0.9625,-1.27606,-1.77188
0.723021,-0.940625,-1.27205,-1.81563
0.708769,-0.984375,-1.27066,-1.77188
0.670386,-1.00625,-1.26578,-1.77188
0.668336,-0.896875,-1.26701,-1.77188
0.68403,-1.00625,-1.2726,-1.77188
0.68228,-1.00625,-1.26598,-1.8375
0.727621,-1.00625,-1.25063,-1.79375
0.709299,-1.02812,-1.26174,-1.75
0.74331,-0.984375,-1.2557,-1.70625
0.677297,-1.05,-1.2639,-1.75
0.705493,-1.02812,-1.24827,-1.77188
0.72206,-0.984375,-1.24658,-1.72812
0.768273,-1.05,-1.26816,-1.68437
0.739193,-1.00625,-1.2691,-1.72812
0.756632,-1.07187,-1.27643,-1.70625
0.720566,-1.09375,-1.28725,-1.70625
0.784523,-1.05,-1.29632,-1.68437
0.767073,-1.05,-1.30801,-1.68437
0.736821,-1.05,-1.31273,-1.68437
0.75426,-1.05,-1.32151,-1.72812
0.73651,-1.02812,-1.33873,-1.70625
0.736504,-1.02812,-1.35769,-1.70625
0.735627,-1.02812,-1.35979,-1.72812
0.764395,-1.02812,-1.37031,-1.75
0.75246,-1.00625,-1.38897,-1.70625
0.73501,-1.05,-1.39251,-1.75
0.751277,-0.984375,-1.40158,-1.79375
0.733527,-0.984375,-1.41036,-1.81563
0.761723,-1.02812,-1.41245,-1.77188
0.748916,-1.11563,-1.43372,-1.88125
0.683775,-0.940625,-1.42505,-1.85938
0.730288,-1.00625,-1.4411,-1.925
0.729982,-0.940625,-1.43418,-1.90312
0.747121,-1.07187,-1.43422,-1.85938
0.777062,-1.07187,-1.4337,-1.88125
0.759312,-1.02812,-1.42154,-1.88125
0.793895,-1.09375,-1.41723,-1.88125
0.777317,-1.11563,-1.38094,-1.90312
0.778756,-1.1375,-1.37227,-1.925
0.779323,-1.09375,-1.37058,-1.90312
0.862169,-1.09375,-1.33429,-1.925
0.883097,-1.15938,-1.31748,-1.90312
0.867964,-1.18125,-1.3219,-1.88125
0.870275,-1.26875,-1.30857,-1.90312
0.825195,-1.18125,-1.29816,-1.88125
0.857753,-1.1375,-1.28745,-1.8375
0.877508,-1.09375,-1.28372,-1.81563
0.880691,-1.20312,-1.2768,-1.77188
0.901319,-1.15938,-1.25969,-1.81563
0.904503,-1.20312,-1.24376,-1.77188
0.919616,-1.20312,-1.2409,-1.79375
0.893725,-1.26875,-1.22845,-1.81563
0.91348,-1.24687,-1.22124,-1.77188
0.945738,-1.29062,-1.21023,-1.75
0.919847,-1.29062,-1.21291,-1.72812
0.871869,-1.3125,-1.20539,-1.77188
0.87418,-1.225,-1.2133,-1.70625
0.930569,-1.29062,-1.21538,-1.70625
0.945382,-1.29062,-1.22154,-1.68437
0.966882,-1.35625,-1.22013,-1.68437
0.923547,-1.3125,-1.22978,-1.75
0.890097,-1.29062,-1.24989,-1.64062
0.891836,-1.26875,-1.25053,-1.77188
0.847629,-1.18125,-1.25901,-1.59688
0.884829,-1.18125,-1.28551,-1.75
0.886267,-1.225,-1.29167,-1.64062
0.900208,-1.15938,-1.30189,-1.75
0.900775,-1.15938,-1.31503,-1.64062
0.855695,-1.18125,-1.33078,-1.90312
0.85539,-1.24687,-1.33664,-1.72812
0.808566,-1.1375,-1.35007,-1.88125
0.837334,-1.1375,-1.34634,-1.77188
0.855345,-1.15938,-1.35133,-1.96875
0.855912,-1.15938,-1.35749,-1.81563
0.839034,-1.225,-1.36015,-1.81563
0.857345,-1.1375,-1.36165,-1.96875
0.828838,-1.15938,-1.34746,-1.90312
0.828532,-1.15938,-1.34809,-1.8375
0.828227,-1.11563,-1.34232,-1.96875
0.892756,-1.26875,-1.3415,-1.75
0.858434,-1.20312,-1.32963,-1.99063
0.876445,-1.29062,-1.33928,-1.8375
0.841251,-1.18125,-1.33467,-1.90312
0.841817,-1.18125,-1.34083,-1.72812
0.878145,-1.1375,-1.34757,-1.90312
0.842951,-1.20312,-1.33686,-1.79375
0.860962,-1.11563,-1.35581,-1.90312
0.878973,-1.24687,-1.3608,-1.77188
0.843779,-1.15938,-1.36609,-1.90312
0.86179,-1.1375,-1.38183,-1.79375
0.815838,-1.1375,-1.3784,-1.925
0.844606,-1.05,-1.40112,-1.81563
0.862617,-1.11563,-1.40786,-1.925
0.816666,-1.15938,-1.41693,-1.79375
0.862879,-1.07187,-1.42191,-1.88125
0.834371,-1.11563,-1.44581,-1.79375
0.845695,-1.18125,-1.45458,-1.90312
0.816316,-1.1375,-1.45521,-1.85938
0.845084,-1.09375,-1.46166,-1.925
0.844479,-1.15938,-1.4777,-1.88125
0.861617,-1.1375,-1.48385,-1.90312
0.83311,-1.20312,-1.48709,-1.88125
0.751397,-1.15938,-1.50256,-1.90312
0.832499,-1.1375,-1.48487,-1.88125
0.844695,-1.15938,-1.48317,-1.81563
0.833632,-1.20312,-1.48409,-1.90312
0.863273,-1.15938,-1.47106,-1.96875
0.882156,-1.24687,-1.45686,-1.99063
0.883595,-1.20312,-1.44063,-2.03437
0.866417,-1.24687,-1.42933,-2.05625
0.885301,-1.26875,-1.40555,-2.07812
0.869295,-1.33438,-1.39309,-2.16562
0.935569,-1.225,-1.3629,-2.03437
0.938753,-1.29062,-1.33678,-1.96875
0.976825,-1.29062,-1.31822,-2.12188
0.962264,-1.37813,-1.28134,-2.03437
0.930558,-1.3125,-1.26628,-1.99063
0.998577,-1.29062,-1.23929,-2.0125
1.00263,-1.33438,-1.21055,-1.99063
1.05989,-1.35625,-1.19693,-1.96875
1.01162,-1.4,-1.19291,-1.88125
1.05113,-1.35625,-1.17783,-1.81563
1.07263,-1.4,-1.19329,-1.75
1.07669,-1.46562,-1.20875,-1.68437
1.02754,-1.50937,-1.22333,-1.75
0.936512,-1.4,-1.23704,-1.72812
0.967025,-1.46562,-1.24901,-1.6625
0.956834,-1.4,-1.26097,-1.6625
0.969903,-1.35625,-1.27207,-1.70625
0.971041,-1.33438,-1.28607,-1.68437
0.92509,-1.35625,-1.32653,-1.68437
0.860821,-1.24687,-1.31814,-1.70625
0.87796,-1.20312,-1.34436,-1.72812
0.859038,-1.1375,-1.36534,-1.72812
0.876177,-1.15938,-1.37033,-1.75
0.874999,-1.1375,-1.38782,-1.79375
0.838632,-1.225,-1.40095,-1.79375
0.806636,-1.1375,-1.41059,-1.8375
0.769697,-1.09375,-1.41296,-1.925
0.801664,-1.09375,-1.41446,-1.94687
0.763553,-1.07187,-1.41799,-1.90312
0.812964,-1.00625,-1.41775,-1.90312
0.792597,-1.02812,-1.4242,-1.90312
0.790247,-1.02812,-1.4196,-1.94687
0.804769,-0.853125,-1.41499,-1.90312
0.76783,-1.09375,-1.40312,-1.925
0.812871,-1.09375,-1.41014,-1.90312
0.782619,-1.1375,-1.39129,-1.94687
0.82796,-1.09375,-1.38581,-1.925
0.862243,-1.15938,-1.37481,-1.94687
0.826177,-1.18125,-1.37456,-1.90312
0.87239,-1.15938,-1.3717,-1.90312
0.84271,-1.20312,-1.36157,-1.90312
0.859849,-1.15938,-1.34708,-1.90312
0.926123,-1.225,-1.36806,-1.88125
0.873184,-0.9625,-1.36404,-1.90312
0.891195,-1.29062,-1.37106,-1.88125
0.909206,-1.26875,-1.37518,-1.90312
0.928662,-1.33438,-1.3793,-1.85938
0.912656,-1.3125,-1.39213,-1.85938
0.930367,-1.33438,-1.39363,-1.88125
0.943436,-1.29062,-1.412,-1.88125
0.934117,-1.29062,-1.41989,-1.925
0.918684,-1.3125,-1.44175,-1.81563
0.967514,-1.3125,-1.44761,-1.88125
0.95208,-1.33438,-1.45725,-1.88125
0.94189,-1.24687,-1.47212,-1.88125
0.956403,-1.29062,-1.47391,-1.88125
0.958714,-1.26875,-1.48355,-1.90312
0.995914,-1.3125,-1.48475,-1.94687
1.01537,-1.33438,-1.48393,-1.81563
1.00024,-1.35625,-1.48368,-1.925
1.02231,-1.37813,-1.47035,-2.05625
1.03712,-1.4,-1.46866,-1.925
1.04088,-1.44375,-1.46056,-2.07812
1.07982,-1.37813,-1.47165,-1.96875
1.08358,-1.50937,-1.44756,-2.03437
1.05362,-1.53125,-1.4322,-2.05625
1.094,-1.50937,-1.42323,-1.96875
1.11638,-1.55313,-1.40264,-2.05625
1.16927,-1.53125,-1.37215,-2.1
1.09279,-1.55313,-1.353,-1.96875
1.11486,-1.61875,-1.34229,-2.1
1.13693,-1.50937,-1.32285,-1.925
1.21832,-1.53125,-1.30487,-2.03437
1.17731,-1.59688,-1.29096,-1.90312
1.15316,-1.50937,-1.29595,-1.99063
1.12203,-1.55313,-1.29773,-1.85938
1.1726,-1.55313,-1.29196,-1.94687
1.17723,-1.575,-1.30393,-1.79375
1.15221,-1.575,-1.3156,-1.88125
1.12108,-1.575,-1.30721,-1.77188
1.12396,-1.4875,-1.334,-1.8375
1.06318,-1.59688,-1.33259,-1.75
1.10008,-1.50937,-1.34194,-1.8375
1.11984,-1.53125,-1.36758,-1.70625
1.05876,-1.55313,-1.38799,-1.81563
1.04188,-1.50937,-1.386,-1.8375
1.00726,-1.4875,-1.40437,-1.8375
1.06016,-1.4875,-1.41344,-1.8375
1.04328,-1.4875,-1.42658,-1.88125
1.0261,-1.44375,-1.42227,-1.90312
0.996721,-1.44375,-1.44063,-1.925
0.977799,-1.33438,-1.44331,-2.0125
0.994066,-1.4,-1.43784,-1.96875
0.99346,-1.33438,-1.45301,-1.99063
0.993154,-1.42188,-1.44842,-2.03437
0.956788,-1.29062,-1.4473,-1.99063
0.938166,-1.33438,-1.44561,-2.1875
1.00065,-1.29062,-1.44567,-2.1
0.988716,-1.4,-1.44339,-2.05625
0.953221,-1.26875,-1.45391,-1.88125
0.952043,-1.4,-1.43972,-2.0125
0.921491,-1.24687,-1.43425,-2.07812
0.95026,-1.29062,-1.44476,-1.925
0.996173,-1.29062,-1.45267,-2.07812
0.995567,-1.3125,-1.45418,-1.94687
0.98276,-1.35625,-1.47341,-2.05625
0.945521,-1.33438,-1.47608,-1.94687
0.915269,-1.3125,-1.46043,-2.1
0.925421,-1.35625,-1.49247,-1.90312
0.924243,-1.3125,-1.48148,-2.1
0.957654,-1.26875,-1.51234,-1.94687
0.921288,-1.35625,-1.52025,-2.20938
0.954999,-1.26875,-1.52698,-2.03437
0.936077,-1.29062,-1.51366,-2.14375
0.969488,-1.3125,-1.54511,-1.99063
0.915104,-1.26875,-1.53528,-2.16562
0.931071,-1.225,-1.55394,-1.99063
0.900819,-1.225,-1.5598,-2.1875
0.910971,-1.26875,-1.57468,-2.07812
1.00922,-1.225,-1.57618,-2.16562
0.92576,-1.26875,-1.59659,-2.1
0.906838,-1.26875,-1.59722,-2.34063
0.89373,-1.3125,-1.6057,-2.1
0.90331,-1.1375,-1.6136,-2.16562
0.936721,-1.1375,-1.61249,-2.14375
0.918671,-1.24687,-1.62592,-2.03437
0.91981,-1.20312,-1.63963,-2.14375
0.919504,-1.26875,-1.64957,-2.25312
0.935471,-1.26875,-1.65892,-2.16562
0.933993,-1.24687,-1.65518,-2.29688
0.916243,-1.26875,-1.6785,-2.12188
0.997045,-1.26875,-1.67825,-2.275
0.949921,-1.33438,-1.68063,-2.20938
0.960945,-1.29062,-1.6833,-2.275
0.914121,-1.33438,-1.70631,-2.23125
0.93096,-1.3125,-1.69735,-2.29688
0.960301,-1.3125,-1.70525,-2.16562
0.978012,-1.35625,-1.7178,-2.16562
0.996595,-1.3125,-1.72657,-2.14375
0.997162,-1.4,-1.71878,-2.20938
1.04482,-1.44375,-1.72376,-2.25312
1.01776,-1.46562,-1.71858,-2.20938
1.03052,-1.46562,-1.71833,-2.25312
1.04911,-1.42188,-1.71168,-2.25312
1.15084,-1.50937,-1.71753,-2.34063
1.10227,-1.53125,-1.70857,-2.3625
1.15835,-1.50937,-1.6993,-2.40625
1.12722,-1.575,-1.68916,-2.31875
1.11266,-1.55313,-1.67117,-2.45
1.11642,-1.53125,-1.65551,-2.40625
1.18501,-1.46562,-1.63461,-2.38437
1.20882,-1.575,-1.61838,-2.40625
1.23177,-1.68437,-1.57539,-2.47187
1.23727,-1.61875,-1.55769,-2.45
1.20788,-1.68437,-1.52952,-2.38437
1.24827,-1.70625,-1.5127,-2.16562
1.20638,-1.79375,-1.49762,-2.275
1.27671,-1.75,-1.51742,-2.20938
1.26477,-1.81563,-1.50292,-2.1875
1.30109,-1.79375,-1.52157,-2.12188
1.30659,-1.70625,-1.5376,-2.20938
1.24812,-1.77188,-1.5545,-2.1
1.30596,-1.70625,-1.58942,-2.07812
1.25825,-1.72812,-1.58393,-2.12188
1.2338,-1.64062,-1.6366,-2.05625
1.255,-1.64062,-1.64303,-2.1
1.25963,-1.64062,-1.66545,-2.1
1.26252,-1.68437,-1.68962,-2.16562
1.16655,-1.70625,-1.70827,-2.20938
1.15199,-1.575,-1.7211,-2.20938
1.21853,-1.53125,-1.73654,-2.23125
1.15658,-1.64062,-1.74995,-2.25312
1.12865,-1.61875,-1.76831,-2.20938
1.14723,-1.575,-1.78201,-2.275
1.14837,-1.59688,-1.79397,-2.275
1.16114,-1.59688,-1.80127,-2.34063
1.1332,-1.6625,-1.80189,-2.34063
1.13347,-1.61875,-1.80831,-2.3625
1.08809,-1.575,-1.80864,-2.3625
1.13545,-1.61875,-1.79676,-2.38437
1.16653,-1.59688,-1.78488,-2.40625
1.16767,-1.6625,-1.77648,-2.38437
1.16968,-1.64062,-1.76983,-2.38437
1.18914,-1.61875,-1.76288,-2.47187
1.20859,-1.6625,-1.76408,-2.38437
1.22862,-1.6625,-1.74784,-2.42813
1.23063,-1.6625,-1.74729,-2.38437
1.21607,-1.68437,-1.75489,-2.47187
1.23727,-1.64062,-1.7491,-2.3625
1.25265,-1.72812,-1.74943,-2.45
1.30844,-1.70625,-1.73144,-2.29688
1.34215,-1.81563,-1.72014,-2.42813
1.36596,-1.81563,-1.71057,-2.29688
1.32407,-1.88125,-1.70043,-2.42813
1.3412,-1.88125,-1.6839,-2.3625
1.36297,-1.88125,-1.6752,-2.45
1.38679,-1.77188,-1.66565,-2.25312
1.39316,-1.925,-1.66539,-2.47187
1.39866,-1.94687,-1.6599,-2.29688
1.42131,-1.925,-1.65964,-2.40625
1.41023,-1.94687,-1.65967,-2.275
1.43405,-1.925,-1.64575,-2.25312
1.42298,-1.94687,-1.64433,-2.23125
1.44562,-1.81563,-1.63099,-2.23125
1.48194,-1.90312,-1.61358,-2.275
1.48919,-2.0125,-1.59326,-2.29688
1.49643,-1.96875,-1.59678,-2.34063
1.48593,-2.0125,-1.58431,-2.29688
1.4923,-2.0125,-1.58173,-2.29688
1.4696,-2.03437,-1.56664,-2.25312
1.45736,-2.03437,-1.58092,-2.25312
1.4803,-2.0125,-1.58357,-2.1875
1.46923,-2.03437,-1.57924,-2.29688
1.45611,-2.07812,-1.58974,-2.31875
1.46336,-2.03437,-1.60372,-2.14375
1.43804,-2.0125,-1.61364,-2.23125
1.42405,-2.0125,-1.62326,-2.14375
1.39786,-2.0125,-1.63668,-2.275
1.44813,-2.05625,-1.64979,-2.16562
1.4167,-1.94687,-1.6629,-2.20938
1.41958,-1.96875,-1.6766,-2.1875
1.48643,-1.925,-1.69872,-2.275
1.36109,-1.90312,-1.69992,-2.1875
1.42706,-1.8375,-1.71216,-2.34063
1.35173,-1.70625,-1.72033,-2.20938
1.29937,-1.81563,-1.73374,-2.38437
1.33452,-1.8375,-1.73668,-2.25312
1.33449,-1.8375,-1.73932,-2.42813
1.29987,-1.8375,-1.74545,-2.29688
1.27019,-1.75,-1.74607,-2.40625
1.23439,-1.81563,-1.75133,-2.29688
1.25123,-1.79375,-1.74002,-2.40625
1.28522,-1.79375,-1.73656,-2.31875
1.332,-1.79375,-1.73224,-2.45
1.31452,-1.85938,-1.72703,-2.14375
1.31479,-1.79375,-1.71543,-2.47187
1.28598,-1.8375,-1.72185,-2.31875
1.29671,-1.81563,-1.71461,-2.45
1.31442,-1.77188,-1.69982,-2.3625
1.29781,-1.81563,-1.70886,-2.45
1.36204,-1.79375,-1.69901,-2.34063
1.36288,-1.8375,-1.70892,-2.3625
1.29918,-1.75,-1.69906,-2.29688
1.29915,-1.75,-1.70171,-2.42813
1.31686,-1.77188,-1.7125,-2.34063
1.31713,-1.75,-1.71427,-2.38437
1.29965,-1.75,-1.71808,-2.34063
1.33481,-1.77188,-1.71695,-2.3625
1.36472,-1.79375,-1.73296,-2.34063
1.3176,-1.79375,-1.73212,-2.31875
1.28849,-1.79375,-1.74203,-2.31875
1.25299,-1.77188,-1.73595,-2.45
1.28698,-1.77188,-1.74412,-2.31875
1.28724,-1.79375,-1.74938,-2.34063
1.33373,-1.77188,-1.7308,-2.31875
1.29823,-1.81563,-1.74333,-2.31875
1.2857,-1.77188,-1.74423,-2.29688
1.26822,-1.88125,-1.72856,-2.34063
1.29669,-1.72812,-1.7251,-2.34063
1.24927,-1.90312,-1.72164,-2.3625
1.28355,-1.77188,-1.73417,-2.29688
1.31259,-1.88125,-1.70919,-2.38437
1.29454,-1.81563,-1.71387,-2.34063
1.31108,-1.90312,-1.69965,-2.40625
1.29303,-1.72812,-1.7023,-2.42813
1.26305,-1.88125,-1.70145,-2.40625
1.24587,-1.72812,-1.68549,-2.47187
1.24497,-1.8375,-1.66953,-2.42813
1.3089,-1.70625,-1.67217,-2.42813
1.29172,-1.81563,-1.65621,-2.42813
1.29168,-1.575,-1.65624,-2.40625
1.29108,-1.8375,-1.64957,-2.42813
1.27854,-1.70625,-1.63535,-2.38437
1.28927,-1.77188,-1.63073,-2.31875
1.27703,-1.70625,-1.64297,-2.3625
1.27613,-1.79375,-1.65608,-2.31875
1.25895,-1.68437,-1.65698,-2.29688
1.28712,-1.72812,-1.67415,-2.275
1.27371,-1.68437,-1.65441,-2.34063
1.20827,-1.77188,-1.67391,-2.275
1.21812,-1.61875,-1.69778,-2.23125
1.18757,-1.77188,-1.68008,-2.23125
1.24975,-1.61875,-1.70626,-2.29688
1.20059,-1.77188,-1.70716,-2.29688
1.18079,-1.6625,-1.72318,-2.3625
1.17727,-1.72812,-1.73629,-2.29688
1.19206,-1.61875,-1.74765,-2.34063
1.13651,-1.70625,-1.74738,-2.275
1.1513,-1.59688,-1.7509,-2.31875
1.13034,-1.64062,-1.75703,-2.38437
1.18032,-1.4875,-1.75763,-2.3625
1.12446,-1.64062,-1.76115,-2.38437
1.15583,-1.575,-1.76001,-2.42813
1.11772,-1.61875,-1.77515,-2.31875
1.13164,-1.50937,-1.7714,-2.47187
1.12812,-1.61875,-1.77549,-2.40625
1.17229,-1.575,-1.76767,-2.3625
1.12225,-1.575,-1.78078,-2.38437
1.15449,-1.59688,-1.78574,-2.45
1.11607,-1.61875,-1.77937,-2.45
1.14774,-1.53125,-1.7916,-2.47187
1.1102,-1.61875,-1.78087,-2.47187
1.125,-1.53125,-1.80706,-2.45
1.15259,-1.55313,-1.80883,-2.49375
1.12087,-1.575,-1.81466,-2.3625
1.14904,-1.53125,-1.79928,-2.49375
1.13476,-1.55313,-1.82053,-2.42813
1.16235,-1.50937,-1.83887,-2.49375
1.16058,-1.55313,-1.84121,-2.5375
1.11141,-1.55313,-1.82699,-2.42813
1.17359,-1.575,-1.85318,-2.47187
1.20381,-1.575,-1.83867,-2.51562
1.19127,-1.64062,-1.857,-2.51562
1.21857,-1.64062,-1.87913,-2.5375
1.18859,-1.6625,-1.88962,-2.5375
1.18798,-1.68437,-1.89606,-2.58125
1.18708,-1.68437,-1.90219,-2.5375
1.19867,-1.68437,-1.91559,-2.5375
1.23353,-1.6625,-1.9104,-2.58125
1.23467,-1.72812,-1.93165,-2.55938
1.23551,-1.72812,-1.94884,-2.58125
1.18895,-1.75,-1.95759,-2.58125
1.218,-1.75,-1.96547,-2.5375
1.21826,-1.72812,-1.96754,-2.5375
1.23655,-1.72812,-1.98617,-2.64688
1.26733,-1.70625,-2,-2.66875
1.26904,-1.75,-2,-2.7125
1.25855,-1.75,-2,-2.7125
1.28934,-1.70625,-2,-2.7125
1.32594,-1.77188,-2,-2.69062
1.3102,-1.79375,-2,-2.66875
1.33023,-1.75,-2,-2.64688
1.27991,-1.8375,-2,-2.64688
1.34733,-1.75,-2,-2.69062
1.33828,-1.81563,-2,-2.66875
1.4057,-1.77188,-2,-2.64688
1.30943,-1.85938,-2,-2.625
1.29457,-1.8375,-2,-2.625
1.34979,-1.925,-2,-2.625
1.36487,-1.90312,-2,-2.58125
1.38577,-1.90312,-2,-2.69062
1.34184,-1.96875,-2,-2.66875
1.36274,-1.90312,-2,-2.69062
1.39439,-1.85938,-2,-2.69062
1.39872,-1.85938,-2,-2.69062
1.449,-1.925,-2,-2.64688
1.44169,-1.88125,-2,-2.7125
1.42858,-1.94687,-2,-2.75625
1.4803,-1.96875,-2,-2.75625
1.52126,-1.99063,-1.99273,-2.73438
1.52733,-2.0125,-1.99886,-2.75625
1.54416,-2.03437,-1.98668,-2.75625
1.55023,-2.1,-1.97537,-2.77813
1.50921,-2.07812,-1.96406,-2.73438
1.5618,-2.05625,-1.97106,-2.77813
1.55712,-2.16562,-1.94725,-2.77813
1.59226,-2.23125,-1.91995,-2.75625
1.63584,-2.25312,-1.8941,-2.86563
1.59132,-2.31875,-1.88163,-2.73438
1.6631,-2.25312,-1.87177,-2.82187
1.70494,-2.31875,-1.85551,-2.69062
1.71363,-2.31875,-1.85641,-2.73438
1.72232,-2.29688,-1.85964,-2.64688
1.73188,-2.29688,-1.85646,-2.66875
1.78708,-2.275,-1.87161,-2.58125
1.7792,-2.31875,-1.8696,-2.69062
1.75882,-2.31875,-1.88707,-2.5375
1.78495,-2.34063,-1.89495,-2.66875
1.6756,-2.3625,-1.91068,-2.5375
1.71743,-2.34063,-1.92902,-2.64688
1.68949,-2.45,-1.95027,-2.51562
1.69643,-2.3625,-1.96512,-2.69062
1.7025,-2.34063,-1.9791,-2.55938
1.71119,-2.3625,-2,-2.49375
1.66987,-2.275,-2,-2.7125
1.69252,-2.275,-2,-2.58125
1.66283,-2.25312,-2,-2.73438
1.70205,-2.25312,-2,-2.58125
1.67236,-2.23125,-2,-2.77813
1.66505,-2.16562,-2,-2.66875
1.68014,-2.16562,-2,-2.8
1.608,-2.20938,-2,-2.58125
1.55738,-2.1875,-2,-2.77813
1.55996,-2.14375,-2,-2.64688
1.62651,-2.14375,-2,-2.73438
1.64654,-2.20938,-2,-2.75625
1.63255,-2.29688,-2,-2.73438
1.63426,-2.20938,-2,-2.64688
1.57201,-2.23125,-2,-2.66875
1.56209,-2.20938,-2,-2.60312
1.57456,-2.1875,-2,-2.69062
1.61116,-2.25312,-2,-2.69062
1.64282,-2.20938,-1.98514,-2.73438
1.59801,-2.25312,-1.95696,-2.8
1.59972,-2.20938,-1.94332,-2.77813
1.64852,-2.23125,-1.93462,-2.82187
1.65198,-2.23125,-1.91168,-2.84375
1.65456,-2.20938,-1.89222,-2.84375
1.69203,-2.20938,-1.87626,-2.82187
1.6606,-2.23125,-1.85912,-2.86563
1.71726,-2.1875,-1.82455,-2.8
1.72072,-2.29688,-1.80132,-2.75625
1.73667,-2.34063,-1.78564,-2.73438
1.67617,-2.34063,-1.76706,-2.69062
1.71421,-2.31875,-1.76097,-2.64688
1.68365,-2.3625,-1.74908,-2.64688
1.73944,-2.34063,-1.76363,-2.55938
1.69056,-2.3625,-1.77849,-2.275
1.69314,-2.31875,-1.79217,-2.29688
1.66665,-2.34063,-1.80616,-2.45
1.63347,-2.275,-1.821,-2.51562
1.67065,-2.29688,-1.83121,-2.47187
1.6366,-2.275,-1.8539,-2.47187
1.59092,-2.16562,-1.87137,-2.49375
1.56094,-2.16562,-1.87488,-2.45
1.60742,-2.1,-1.89118,-2.47187
1.58995,-2.16562,-1.91505,-2.51562
1.60706,-2.07812,-1.92088,-2.51562
1.54132,-2.14375,-1.93137,-2.51562
1.50465,-2.03437,-1.94274,-2.51562
1.49124,-2.05625,-1.96107,-2.49375
1.53511,-1.99063,-1.97243,-2.58125
1.51559,-2.0125,-1.96897,-2.625
1.48386,-2.0125,-1.97218,-2.5375
1.44545,-2.03437,-1.98965,-2.625
1.44193,-1.94687,-1.99055,-2.66875
1.43841,-2.0125,-1.97806,-2.66875
1.4529,-2.0125,-1.98041,-2.77813
1.4677,-2.0125,-1.97229,-2.7125
1.4476,-2.0125,-1.98539,-2.75625
1.4624,-1.99063,-1.96708,-2.7125
1.47108,-2.0125,-1.9604,-2.66875
1.42191,-2.03437,-1.94616,-2.7125
1.4367,-1.96875,-1.95343,-2.8
1.45324,-2.1,-1.95373,-2.73438
1.48024,-2.0125,-1.93892,-2.73438
1.44939,-2.07812,-1.93543,-2.77813
1.49413,-2.05625,-1.93311,-2.73438
1.49148,-2.05625,-1.9244,-2.69062
1.4894,-2.05625,-1.92789,-2.66875
1.45273,-2.1,-1.92295,-2.66875
1.45183,-2.07812,-1.91686,-2.64688
1.48494,-2.05625,-1.92588,-2.625
1.48373,-2.0125,-1.93547,-2.66875
1.5119,-2.05625,-1.9288,-2.64688
1.48105,-2.05625,-1.9224,-2.625
1.44438,-2.03437,-1.94741,-2.58125
1.44143,-2.0125,-1.95556,-2.60312
1.4571,-1.99063,-1.95556,-2.58125
1.49108,-2.0125,-1.96662,-2.60312
1.47069,-1.99063,-1.97796,-2.60312
1.45059,-2.03437,-1.98,-2.625
1.41974,-1.925,-1.99368,-2.64688
1.46361,-1.94687,-1.99455,-2.60312
1.42664,-1.94687,-2,-2.58125
1.4772,-1.96875,-2,-2.7125
1.41059,-1.99063,-2,-2.64688
1.37275,-1.88125,-2,-2.66875
1.41662,-1.94687,-2,-2.69062
1.43141,-1.94687,-2,-2.66875
1.42933,-1.94687,-2,-2.73438
1.36272,-2.03437,-2,-2.69062
1.37664,-1.94687,-2,-2.7125
1.33997,-1.94687,-2,-2.7125
1.37191,-1.90312,-2,-2.7125
1.4341,-1.925,-2,-2.73438
1.3858,-1.96875,-2,-2.75625
1.38372,-1.925,-2,-2.66875
1.38107,-1.925,-2,-2.64688
1.37842,-1.96875,-2,-2.69062
1.40542,-1.94687,-2,-2.7125
1.38707,-1.925,-1.99491,-2.73438
1.38442,-1.94687,-1.98706,-2.69062
1.44718,-1.96875,-1.96614,-2.82187
1.48116,-1.99063,-1.96469,-2.73438
1.43461,-1.99063,-1.95829,-2.73438
1.4334,-1.96875,-1.93562,-2.66875
1.41505,-1.925,-1.92428,-2.69062
1.39728,-1.94687,-1.92341,-2.69062
1.52517,-1.925,-1.90568,-2.69062
1.56177,-1.99063,-1.90481,-2.64688
1.49922,-1.96875,-1.90307,-2.69062
1.4643,-2.0125,-1.91005,-2.64688
1.43519,-1.99063,-1.89667,-2.625
1.44648,-1.96875,-1.89959,-2.58125
1.48221,-1.99063,-1.91035,-2.625
1.50137,-1.99063,-1.91471,-2.625
1.51354,-1.99063,-1.92168,-2.58125
1.51437,-2.03437,-1.93419,-2.60312
1.48497,-2.03437,-1.92024,-2.58125
1.48493,-2.03437,-1.92983,-2.60312
1.48577,-2.03437,-1.94204,-2.55938
1.48544,-2.07812,-1.9461,-2.58125
1.46883,-2.03437,-1.94231,-2.58125
1.53364,-2.16562,-1.95277,-2.625
1.5051,-2.07812,-1.95247,-2.60312
1.4885,-2.07812,-1.95013,-2.58125
1.45357,-2.07812,-1.94896,-2.5375
1.489,-2.12188,-1.94517,-2.60312
1.47327,-2.05625,-1.95184,-2.75625
1.509,-2.05625,-1.93438,-2.58125
1.52204,-2.03437,-1.94746,-2.7125
1.54032,-2.0125,-1.93291,-2.625
1.57662,-2.03437,-1.93959,-2.73438
1.54344,-2.07812,-1.93288,-2.625
1.52771,-2.0125,-1.94043,-2.7125
1.54569,-2.07812,-1.93403,-2.625
1.59479,-2.1,-1.93896,-2.7125
1.5965,-2.14375,-1.94215,-2.64688
1.59879,-2.1,-1.94388,-2.73438
1.5723,-2.14375,-1.94881,-2.625
1.60395,-2.16562,-1.96014,-2.73438
1.60624,-2.20938,-1.9639,-2.625
1.57975,-2.23125,-1.9636,-2.75625
1.62855,-2.16562,-1.97115,-2.64688
1.61369,-2.14375,-1.97404,-2.8
1.5872,-2.1875,-1.98886,-2.625
1.60692,-2.20938,-1.99118,-2.75625
1.59206,-2.20938,-2,-2.64688
1.57633,-2.25312,-2,-2.77813
1.62513,-2.14375,-2,-2.7125
1.61609,-2.14375,-2,-2.77813
1.63,-2.16562,-2,-2.66875
1.62008,-2.14375,-2,-2.75625
1.60522,-2.14375,-2,-2.7125
1.63658,-2.14375,-2,-2.75625
1.60921,-2.1875,-2,-2.66875
1.59348,-2.16562,-2,-2.66875
1.56495,-2.16562,-2,-2.64688
1.57829,-2.12188,-2,-2.77813
1.5797,-2.14375,-2,-2.58125
1.58141,-2.14375,-2,-2.73438
1.58312,-2.23125,-2,-2.64688
1.58366,-2.12188,-2,-2.75625
1.5845,-2.14375,-2,-2.64688
1.57341,-2.07812,-2,-2.73438
1.53936,-2.20938,-2,-2.7125
1.51025,-2.12188,-2,-2.7125
1.57475,-2.1,-2,-2.66875
1.55727,-2.14375,-2,-2.66875
1.57643,-2.23125,-2,-2.66875
1.54121,-2.16562,-2,-2.69062
1.55862,-2.16562,-2,-2.625
1.5766,-2.14375,-1.99692,-2.64688
1.57831,-2.29688,-1.99196,-2.66875
1.6091,-2.1,-1.9902,-2.7125
1.61051,-2.1,-1.98263,-2.75625
1.66048,-2.20938,-1.98523,-2.75625
1.65026,-2.14375,-1.95265,-2.77813
1.65285,-2.275,-1.93635,-2.84375
1.65456,-2.29688,-1.91715,-2.82187
1.62195,-2.29688,-1.90522,-2.77813
1.65942,-2.31875,-1.86653,-2.82187
1.7091,-2.3625,-1.84849,-2.73438
1.69511,-2.29688,-1.82463,-2.66875
1.69944,-2.40625,-1.80631,-2.73438
1.73748,-2.31875,-1.79582,-2.7125
1.70867,-2.31875,-1.7711,-2.66875
1.69438,-2.38437,-1.78476,-2.55938
1.69696,-2.29688,-1.79724,-2.55938
1.68761,-2.40625,-1.81002,-2.49375
1.72014,-2.31875,-1.82338,-2.49375
1.65876,-2.34063,-1.83529,-2.49375
1.66017,-2.275,-1.84633,-2.49375
1.64444,-2.25312,-1.8716,-2.47187
1.6633,-2.1875,-1.87799,-2.51562
1.63593,-2.23125,-1.89338,-2.47187
1.68386,-2.12188,-1.91343,-2.5375
1.64981,-2.23125,-1.92853,-2.58125
1.60326,-2.16562,-1.9451,-2.5375
1.53722,-2.16562,-1.9506,-2.58125
1.5712,-2.14375,-1.95641,-2.55938
1.58076,-2.1,-1.96744,-2.58125
1.58072,-2.14375,-1.97964,-2.60312
1.55044,-2.12188,-1.98689,-2.625
1.53122,-2.14375,-1.99966,-2.55938
1.53119,-2.12188,-1.99878,-2.625
1.50004,-2.12188,-2,-2.69062
1.49739,-2.1,-1.99178,-2.7125
1.52525,-2.1,-2,-2.58125
1.52348,-2.12188,-2,-2.75625
1.52227,-2.14375,-2,-2.73438
1.55625,-2.1875,-2,-2.69062
1.51929,-2.14375,-2,-2.77813
1.5524,-2.14375,-1.98238,-2.73438
1.55149,-2.16562,-1.97655,-2.69062
1.61512,-2.1875,-1.96083,-2.7125
1.5802,-2.20938,-1.94279,-2.73438
1.62726,-2.16562,-1.9326,-2.7125
1.56326,-2.25312,-1.92909,-2.69062
1.62776,-2.16562,-1.91745,-2.69062
1.64605,-2.1875,-1.90871,-2.66875
1.64833,-2.20938,-1.9052,-2.66875
1.66836,-2.31875,-1.9046,-2.64688
1.62268,-2.23125,-1.90779,-2.625
1.65316,-2.25312,-1.91243,-2.60312
1.68976,-2.23125,-1.92782,-2.625
1.70368,-2.275,-1.93943,-2.60312
1.6423,-2.29688,-1.94232,-2.66875
1.63121,-2.23125,-1.95103,-2.58125
1.64455,-2.25312,-1.96003,-2.60312
1.66253,-2.25312,-1.97571,-2.55938
1.66424,-2.25312,-1.97772,-2.625
1.63571,-2.275,-1.99224,-2.58125
1.63655,-2.31875,-2,-2.66875
1.61907,-2.31875,-2,-2.58125
1.63705,-2.29688,-2,-2.75625
1.66696,-2.25312,-2,-2.60312
1.65006,-2.275,-1.99943,-2.64688
1.60438,-2.29688,-1.99272,-2.625
1.65056,-2.31875,-1.97206,-2.7125
1.6514,-2.25312,-1.97524,-2.625
1.65281,-2.25312,-1.93917,-2.77813
1.6711,-2.23125,-1.9377,-2.64688
1.67251,-2.20938,-1.92053,-2.84375
1.67335,-2.25312,-1.91033,-2.69062
1.64511,-2.16562,-1.89635,-2.8
1.62908,-2.25312,-1.88556,-2.64688
1.69388,-2.25312,-1.86287,-2.75625
1.67697,-2.23125,-1.84074,-2.625
1.66124,-2.29688,-1.81338,-2.77813
1.63388,-2.275,-1.78486,-2.73438
1.66611,-2.275,-1.77233,-2.60312
1.70358,-2.34063,-1.754,-2.73438
1.68755,-2.3625,-1.73856,-2.5375
1.67181,-2.34063,-1.73039,-2.60312
1.6901,-2.31875,-1.7356,-2.45
1.69151,-2.3625,-1.72801,-2.5375
1.72724,-2.31875,-1.73845,-2.3625
1.67631,-2.40625,-1.74976,-2.47187
1.59982,-2.25312,-1.7852,-2.3625
1.59891,-2.07812,-1.76658,-2.49375
1.56282,-2.16562,-1.79766,-2.3625
1.5968,-2.14375,-1.78135,-2.49375
1.55983,-2.1875,-1.78656,-2.34063
1.5755,-2.03437,-1.81502,-2.49375
1.57372,-2.07812,-1.83622,-2.38437
1.48849,-2.14375,-1.82921,-2.49375
1.50329,-2.0125,-1.83965,-2.38437
1.45237,-1.99063,-1.85561,-2.49375
1.46018,-1.94687,-1.85035,-2.38437
1.44416,-2.0125,-1.86457,-2.51562
1.45109,-1.96875,-1.87152,-2.42813
1.4467,-1.96875,-1.87091,-2.51562
1.39578,-1.925,-1.861,-2.38437
1.39109,-1.88125,-1.86824,-2.60312
1.40327,-1.925,-1.86385,-2.47187
1.42677,-1.90312,-1.85916,-2.64688
1.35842,-1.99063,-1.86001,-2.51562
1.37147,-1.96875,-1.84777,-2.58125
1.38335,-1.85938,-1.84134,-2.55938
1.4089,-1.99063,-1.82736,-2.58125
1.39345,-1.925,-1.82995,-2.58125
1.40068,-2.03437,-1.82265,-2.58125
1.41373,-1.88125,-1.80954,-2.5375
1.40904,-2.0125,-1.80718,-2.55938
1.38807,-1.90312,-1.80192,-2.49375
1.38455,-2.0125,-1.80102,-2.42813
1.39817,-1.90312,-1.79808,-2.5375
1.39465,-2.07812,-1.77916,-2.47187
1.42659,-1.90312,-1.80383,-2.47187
1.42306,-2.05625,-1.81776,-2.47187
1.38465,-1.925,-1.80988,-2.47187
1.36339,-2.03437,-1.82817,-2.45
1.35899,-1.8375,-1.80662,-2.45
1.39123,-1.99063,-1.83654,-2.40625
1.35252,-1.85938,-1.84087,-2.45
1.40133,-1.94687,-1.83038,-2.45
1.36262,-1.925,-1.8379,-2.47187
1.35997,-1.94687,-1.86607,-2.47187
1.30818,-1.81563,-1.86605,-2.40625
1.32181,-1.90312,-1.87037,-2.47187
1.34736,-1.8375,-1.87209,-2.49375
1.34384,-1.77188,-1.88165,-2.5375
1.37665,-1.75,-1.8819,-2.58125
1.31992,-1.79375,-1.87168,-2.47187
1.31727,-1.77188,-1.88588,-2.625
1.2838,-1.75,-1.88671,-2.5375
1.34481,-1.6625,-1.87969,-2.60312
1.3064,-1.8375,-1.88342,-2.5375
1.42179,-1.79375,-1.88454,-2.40625
1.33774,-1.85938,-1.87985,-2.625
1.33421,-1.79375,-1.88649,-2.55938
1.29637,-1.79375,-1.88383,-2.60312
1.3103,-1.81563,-1.88523,-2.49375
1.34254,-1.77188,-1.88897,-2.625
1.36983,-1.79375,-1.88572,-2.55938
1.34944,-1.8375,-1.88452,-2.64688
1.39999,-1.8375,-1.89349,-2.58125
1.34588,-1.85938,-1.88937,-2.60312
1.36068,-1.81563,-1.89659,-2.55938
1.34058,-1.88125,-1.89073,-2.75625
1.33763,-1.88125,-1.89563,-2.5375
1.38906,-1.79375,-1.90372,-2.60312
1.35152,-1.925,-1.91124,-2.58125
1.38463,-1.8375,-1.9045,-2.625
1.34797,-1.88125,-1.90911,-2.5375
1.31681,-1.85938,-1.91692,-2.49375
1.34324,-1.85938,-1.92182,-2.55938
1.31239,-1.88125,-1.91945,-2.73438
1.37457,-1.79375,-1.9162,-2.58125
1.37367,-1.79375,-1.92459,-2.625
1.35414,-1.90312,-1.91873,-2.55938
1.35324,-1.88125,-1.92449,-2.55938
1.33314,-1.8375,-1.92328,-2.51562
1.34968,-1.85938,-1.91219,-2.55938
1.36709,-1.88125,-1.89412,-2.5375
1.41445,-1.85938,-1.90744,-2.5375
1.39667,-1.90312,-1.8661,-2.58125
1.39751,-1.85938,-1.87362,-2.58125
1.44487,-1.88125,-1.84915,-2.625
1.4806,-1.925,-1.84067,-2.625
1.50062,-1.99063,-1.82493,-2.64688
1.50234,-1.99063,-1.81558,-2.64688
1.4863,-2.07812,-1.8007,-2.625
1.51796,-2.07812,-1.78612,-2.625
1.52054,-2.1,-1.77386,-2.625
1.524,-2.1,-1.76043,-2.60312
1.56234,-2.14375,-1.74381,-2.58125
1.53004,-2.14375,-1.74028,-2.5375
1.53262,-2.14375,-1.73413,-2.51562
1.53752,-2.1875,-1.73088,-2.47187
1.55842,-2.16562,-1.73141,-2.60312
1.59677,-2.23125,-1.72089,-2.42813
1.56533,-2.16562,-1.72346,-2.40625
1.56879,-2.16562,-1.74144,-2.3625
1.5548,-2.12188,-1.75041,-2.38437
1.54662,-2.12188,-1.75355,-2.31875
1.56054,-2.07812,-1.77677,-2.38437
1.58057,-2.12188,-1.80319,-2.3625
1.55407,-2.05625,-1.81041,-2.34063
1.56742,-2.1,-1.82753,-2.3625
1.50399,-2.1,-1.83329,-2.40625
1.50483,-2.05625,-1.84779,-2.42813
1.44171,-2.07812,-1.85561,-2.31875
1.47831,-2.0125,-1.86574,-2.45
1.49659,-2.05625,-1.8814,-2.42813
1.49713,-2.07812,-1.87176,-2.49375
1.4971,-2.07812,-1.88044,-2.45
1.46217,-2.07812,-1.88505,-2.3625
1.46127,-2.0125,-1.876,-2.45
1.43186,-2.03437,-1.87915,-2.55938
1.4609,-2.05625,-1.87533,-2.58125
1.47918,-2.07812,-1.87122,-2.55938
1.46171,-2.07812,-1.87961,-2.58125
1.49743,-2.03437,-1.86154,-2.60312
1.44477,-2.03437,-1.86121,-2.58125
1.49794,-2.03437,-1.87309,-2.49375
1.46389,-1.925,-1.85211,-2.55938
1.51125,-2.03437,-1.8448,-2.55938
1.48301,-2.05625,-1.82993,-2.51562
1.501,-2.0125,-1.82349,-2.51562
1.51434,-2.0125,-1.82287,-2.51562
1.50442,-2.05625,-1.81584,-2.49375
1.55177,-2.05625,-1.80766,-2.49375
1.55436,-2.12188,-1.80238,-2.64688
1.55751,-2.12188,-1.81194,-2.47187
1.54178,-2.07812,-1.80579,-2.45
1.52605,-2.14375,-1.80691,-2.45
1.52776,-2.1,-1.81442,-2.3625
1.5818,-2.12188,-1.82281,-2.42813
1.59572,-2.1875,-1.83469,-2.3625
1.56835,-2.14375,-1.8297,-2.45
1.50523,-2.25312,-1.84536,-2.42813
1.50694,-2.12188,-1.85288,-2.42813
1.53598,-2.14375,-1.86562,-2.42813
1.53652,-2.12188,-1.86499,-2.45
1.53823,-2.14375,-1.87484,-2.42813
1.55564,-2.07812,-1.8716,-2.47187
1.49339,-2.1,-1.873,-2.45
1.54075,-2.05625,-1.87092,-2.40625
1.53083,-2.03437,-1.85372,-2.49375
1.53137,-2.05625,-1.83653,-2.47187
1.51476,-1.99063,-1.81933,-2.58125
1.58044,-1.96875,-1.81376,-2.45
1.54726,-2.1,-1.79104,-2.60312
1.6138,-2.05625,-1.77994,-2.40625
1.58644,-2.14375,-1.76419,-2.60312
1.57071,-2.16562,-1.75076,-2.47187
1.57242,-2.16562,-1.72803,-2.58125
1.62152,-2.20938,-1.71285,-2.40625
1.62498,-2.20938,-1.68372,-2.5375
1.62756,-2.25312,-1.67291,-2.40625
1.63102,-2.23125,-1.64727,-2.58125
1.63447,-2.275,-1.61494,-2.38437
1.69026,-2.34063,-1.5954,-2.49375
1.69459,-2.31875,-1.58372,-2.3625
1.64484,-2.31875,-1.58076,-2.40625
1.63666,-2.25312,-1.58768,-2.275
1.6218,-2.25312,-1.56843,-2.12188
1.65346,-2.23125,-1.57972,-2.1875
1.6918,-2.23125,-1.59187,-2.1875
1.66037,-2.25312,-1.60403,-2.14375
1.66295,-2.16562,-1.6377,-2.25312
1.66467,-2.20938,-1.62689,-2.16562
1.59166,-2.14375,-1.63265,-2.25312
1.57505,-2.14375,-1.6701,-2.12188
1.59333,-2.16562,-1.67527,-2.31875
1.6058,-2.1875,-1.68451,-2.14375
1.59501,-2.14375,-1.70481,-2.275
1.56009,-2.12188,-1.72162,-2.16562
1.56006,-2.1875,-1.73406,-2.29688
1.53008,-2.14375,-1.73023,-2.20938
1.52917,-2.1,-1.74994,-2.3625
1.52827,-2.12188,-1.75773,-2.23125
1.55731,-2.14375,-1.76727,-2.3625
1.49244,-2.07812,-1.76401,-2.34063
1.5084,-2.05625,-1.77006,-2.45
1.46011,-2.07812,-1.76506,-2.31875
1.46996,-2.1,-1.76122,-2.47187
1.48563,-2.0125,-1.74605,-2.38437
1.51961,-2.0125,-1.73814,-2.55938
1.48382,-2.07812,-1.73198,-2.275
1.51693,-1.99063,-1.72465,-2.625
1.48113,-2.0125,-1.699,-2.38437
1.45115,-2.0125,-1.68761,-2.51562
1.47845,-1.94687,-1.66604,-2.47187
1.51243,-1.99063,-1.64533,-2.51562
1.52403,-2.03437,-1.64353,-2.31875
1.55918,-1.94687,-1.61962,-2.55938
1.47687,-2.05625,-1.6242,-2.29688
1.49254,-1.94687,-1.61918,-2.40625
1.45617,-1.94687,-1.60864,-2.25312
1.5076,-1.99063,-1.61932,-2.31875
1.51862,-2.03437,-1.62477,-2.1875
1.48864,-2.03437,-1.63545,-2.31875
1.45198,-1.99063,-1.63218,-2.23125
1.42142,-2.05625,-1.64112,-2.23125
1.38389,-1.88125,-1.64919,-2.23125
1.44607,-1.99063,-1.63778,-2.1875
1.41377,-1.925,-1.663,-2.1875
1.41112,-2.0125,-1.65856,-2.275
1.4079,-1.88125,-1.64423,-2.16562
1.36862,-1.99063,-1.66567,-2.20938
1.38167,-1.8375,-1.6688,-2.23125
1.33106,-1.75,-1.66523,-2.20938
1.32666,-1.85938,-1.68057,-2.29688
1.35251,-1.8375,-1.67642,-2.20938
1.31905,-1.81563,-1.6749,-2.34063
1.29663,-1.8375,-1.68325,-2.1875
1.29137,-1.77188,-1.67649,-2.34063
1.33349,-1.75,-1.68251,-2.20938
1.25206,-1.75,-1.67837,-2.38437
1.32326,-1.75,-1.68673,-2.16562
1.17699,-1.77188,-1.6756,-2.3625
1.23569,-1.68437,-1.68018,-2.25312
1.27811,-1.72812,-1.66702,-2.275
1.22633,-1.72812,-1.66287,-2.29688
1.26845,-1.33438,-1.68082,-2.25312
1.19865,-1.81563,-1.6633,-2.275
1.23903,-1.61875,-1.65305,-2.3625
1.15265,-1.77188,-1.6425,-2.275
