torque_1,torque_1_t,torque_2,torque_2_t
1.43818,0.30625,-0.710629,0.109375
1.43398,-0.6125,-0.715129,-0.240625
1.4286,-0.83125,-0.719057,-0.39375
1.21652,-1.00625,-0.719496,-0.459375
1.20709,-1.1375,-0.718762,-0.30625
1.08543,-1.3125,-0.716584,-0.546875
1.12135,-1.37813,-0.714979,-0.809375
1.15843,-1.4875,-0.713673,-0.546875
1.18476,-1.53125,-0.716147,-0.809375
1.1762,-1.59688,-0.712507,-0.853125
1.16734,-1.575,-0.712073,-0.875
1.10644,-1.64062,-0.712212,-0.896875
1.09701,-1.59688,-0.721664,-0.65625
1.10385,-1.55313,-0.708729,-1.00625
1.09529,-1.53125,-0.731255,-0.74375
1.12074,-1.50937,-0.707562,-0.678125
1.14183,-1.53125,-0.708573,-0.83125
1.06843,-1.53125,-0.70814,-1.05
1.09476,-1.55313,-0.735027,-0.74375
1.06758,-1.53125,-0.706973,-0.74375
1.03983,-1.4875,-0.705668,-0.809375
1.04871,-1.37813,-0.705807,-0.940625
1.01979,-1.44375,-0.703629,-0.875
0.981284,-1.44375,-0.702896,-1.05
1.00062,-1.4,-0.702462,-0.721875
1.00864,-1.37813,-0.701729,-1.09375
1.00007,-1.37813,-0.702168,-0.678125
0.972897,-1.33438,-0.701434,-0.91875
1.0283,-1.29062,-0.701873,-0.7
0.990364,-1.4,-0.702012,-0.940625
0.99256,-1.37813,-0.701279,-1.00625
1.00232,-1.35625,-0.70259,-0.7875
0.994327,-1.20312,-0.703601,-0.678125
0.986638,-1.35625,-0.704912,-0.940625
1.01354,-1.37813,-0.705923,-0.721875
0.990149,-1.20312,-0.708979,-0.91875
0.964716,-1.35625,-0.70999,-0.940625
0.956154,-1.33438,-0.710129,-0.7875
0.930721,-1.35625,-0.71144,-1.00625
0.987867,-1.225,-0.713323,-0.853125
0.969121,-1.33438,-0.715507,-1.1375
0.990506,-1.33438,-0.716518,-0.7
0.90141,-1.29062,-0.717829,-0.83125
0.92831,-1.3125,-0.71914,-0.7875
0.904049,-1.3125,-0.721023,-1.00625
0.914377,-1.26875,-0.723207,-0.940625
0.906688,-1.225,-0.724218,-0.91875
0.963534,-1.24687,-0.726401,-0.9625
0.938401,-1.29062,-0.727412,-0.7875
0.866449,-1.24687,-0.728723,-0.7
0.923595,-1.24687,-0.730607,-1.11563
0.88566,-1.20312,-0.730746,-0.875
0.889601,-1.20312,-0.732057,-1.11563
0.899929,-1.29062,-0.73394,-0.7
0.875667,-1.18125,-0.736123,-1.11563
0.82116,-1.20312,-0.737134,-1.11563
0.796899,-1.1375,-0.739318,-0.875
0.842116,-1.18125,-0.741201,-0.7875
0.847801,-1.15938,-0.744257,-1.11563
0.940408,-1.18125,-0.747012,-1.07187
0.82311,-1.18125,-0.748896,-1.11563
0.815121,-1.11563,-0.750207,-0.853125
0.772543,-1.15938,-0.751218,-1.11563
0.82939,-1.11563,-0.753401,-1.18125
0.806001,-1.18125,-0.756157,-0.765625
0.786382,-1.225,-0.757168,-1.07187
0.779266,-1.1375,-0.759351,-1.02812
0.755004,-1.11563,-0.761234,-1.11563
0.776962,-1.09375,-0.763118,-1.00625
0.759388,-1.11563,-0.766173,-0.83125
0.817106,-1.09375,-0.768929,-1.15938
0.793417,-1.11563,-0.771684,-1.05
0.862193,-1.05,-0.773868,-1.11563
0.779484,-1.11563,-0.775751,-1.18125
0.738351,-1.18125,-0.777634,-1.09375
0.731534,-1.05,-0.779818,-1.1375
0.836643,-1.05,-0.783446,-1.09375
0.773123,-1.1375,-0.787073,-1.11563
0.826199,-1.09375,-0.790701,-1.225
0.696971,-1.07187,-0.792884,-1.02812
0.691599,-1.05,-0.796512,-1.02812
0.807766,-1.05,-0.799268,-1.09375
0.803266,-1.07187,-0.804068,-1.225
0.797893,-1.09375,-0.807696,-1.26875
0.792521,-1.00625,-0.811323,-1.225
0.787449,-1.11563,-0.814951,-1.33438
0.782949,-1.1375,-0.819451,-1.24687
0.778449,-1.07187,-0.850999,-1.09375
0.774249,-1.09375,-0.827879,-1.26875
0.769749,-1.07187,-0.832379,-1.09375
0.765249,-0.853125,-0.836879,-1.00625
0.760749,-0.984375,-0.840507,-1.05
0.756249,-1.07187,-0.845307,-1.07187
0.752049,-0.765625,-0.848934,-1.09375
0.747549,-1.00625,-0.853434,-1.26875
0.743049,-0.875,-0.857062,-1.15938
0.738549,-0.83125,-0.861562,-1.11563
0.734049,-1.11563,-0.883788,-1.18125
0.729549,-0.809375,-0.86939,-1.18125
0.753823,-1.11563,-0.891616,-1.3125
0.720249,-1.02812,-0.875473,-1.3125
0.827103,-0.940625,-0.880546,-1.29062
0.712121,-1.05,-0.884173,-1.35625
0.707621,-1.02812,-0.89477,-1.35625
0.702821,-1.02812,-0.891701,-1.35625
0.746584,-1.02812,-0.927601,-1.35625
0.696438,-1.02812,-0.928894,-1.29062
0.691638,-0.984375,-0.91217,-1.225
0.68801,-0.896875,-0.927999,-1.3125
0.68351,-1.05,-0.924059,-1.35625
0.67901,-0.984375,-0.943677,-1.3125
0.675082,-0.984375,-0.943516,-1.37813
0.729603,-0.896875,-0.942483,-1.24687
0.667827,-0.91875,-0.946983,-1.35625
0.663027,-0.9625,-0.945949,-1.4
0.658527,-0.91875,-0.957999,-1.4
0.654899,-0.91875,-0.961627,-1.44375
0.650099,-0.91875,-0.969316,-1.26875
0.739508,-0.9625,-0.95956,-1.37813
0.642843,-0.91875,-0.962316,-1.35625
0.638043,-0.91875,-0.951107,-1.3125
0.634416,-0.875,-0.966064,-1.37813
0.630788,-0.875,-0.986555,-1.24687
0.627732,-0.91875,-0.963134,-1.33438
0.624104,-0.91875,-0.98536,-1.29062
0.666695,-0.634375,-0.996538,-1.35625
0.693014,-0.940625,-0.976325,-1.29062
0.613793,-0.634375,-0.976746,-1.33438
0.608993,-0.48125,-0.992866,-1.37813
0.635312,-0.6125,-1.01306,-1.24687
0.60231,-0.896875,-1.00418,-1.33438
0.599554,-0.809375,-1.01187,-1.33438
0.688664,-0.590625,-1.01433,-1.15938
0.591999,-0.721875,-1.02405,-1.33438
0.588071,-0.896875,-1.02651,-1.42188
0.584443,-0.765625,-1.01327,-1.37813
0.581388,-1.11563,-1.03608,-1.33438
0.63678,-0.853125,-1.0269,-1.4
0.69886,-0.56875,-1.01511,-1.4
0.630969,-0.39375,-1.03705,-1.26875
0.691304,-0.875,-1.04677,-1.35625
0.564393,-0.91875,-1.04312,-1.4
0.560466,-0.74375,-1.05024,-1.42188
0.649875,-0.546875,-1.05182,-1.4
0.554654,-0.7,-1.03916,-1.24687
0.551027,-0.765625,-1.04947,-1.64062
0.641008,-0.809375,-1.04756,-1.37813
0.591734,-0.56875,-1.06688,-1.15938
0.663399,-0.984375,-1.07282,-1.37813
0.53766,-0.984375,-1.06917,-1.18125
0.533732,-0.39375,-1.07425,-1.46562
0.530104,-0.809375,-1.0546,-1.37813
0.620086,-0.503125,-1.07888,-1.44375
0.582141,-0.415625,-1.07319,-1.4
0.644221,-1.02812,-1.08001,-1.6625
0.518182,-0.678125,-1.08275,-1.4875
0.513682,-0.65625,-1.07445,-1.42188
0.510627,-0.56875,-1.08679,-1.50937
0.629682,-0.678125,-1.08838,-1.37813
0.580408,-0.809375,-1.06873,-1.46562
0.612241,-0.415625,-1.08456,-1.46562
0.574597,-0.30625,-1.08964,-1.46562
0.495949,-0.590625,-1.08629,-1.6625
0.602803,-0.6125,-1.09136,-1.42188
0.547414,-0.371875,-1.07202,-1.44375
0.562975,-0.634375,-1.08668,-1.46562
0.561091,-0.39375,-1.07518,-1.46562
0.592925,-0.590625,-1.08579,-1.4
0.590169,-0.459375,-1.09086,-1.53125
0.587114,-0.940625,-1.07966,-1.50937
0.473004,-0.65625,-1.09724,-1.44375
0.545541,-0.459375,-1.09591,-1.44375
0.561103,-0.9625,-1.07832,-1.42188
0.511529,-1.02812,-1.09589,-1.37813
0.603554,-0.74375,-1.09922,-1.44375
0.583054,-0.503125,-1.09761,-1.53125
0.569541,-0.809375,-1.10094,-1.46562
0.455132,-0.74375,-1.11037,-1.44375
0.544541,-0.721875,-1.11226,-1.61875
0.57056,-0.74375,-1.0961,-1.75
0.556175,-0.74375,-1.11019,-1.68437
0.553119,-0.7875,-1.11469,-1.77188
0.532919,-0.765625,-1.09767,-1.68437
0.546436,-0.765625,-1.12047,-1.68437
0.508791,-0.765625,-1.08978,-1.77188
0.504864,-0.765625,-1.10795,-1.6625
0.437845,-0.721875,-1.10401,-1.75
0.533941,-0.7,-1.12856,-1.72812
0.466923,-0.721875,-1.12404,-1.46562
0.417649,-0.7,-1.10964,-1.75
0.490186,-0.678125,-1.14437,-1.75
0.440612,-0.721875,-1.14857,-1.75
0.408782,-0.678125,-1.12951,-1.81563
0.545282,-0.634375,-1.12644,-1.6625
0.402971,-0.590625,-1.13385,-1.4875
0.399916,-0.765625,-1.14677,-1.3125
0.518099,-0.30625,-1.169,-1.4875
0.504586,-0.525,-1.14354,-1.6625
0.51316,-0.634375,-1.15414,-1.77188
0.387121,-0.678125,-1.17433,-1.81563
0.41344,-0.634375,-1.15557,-1.575
0.380438,-0.6125,-1.18215,-1.575
0.487864,-0.634375,-1.16397,-1.53125
0.403701,-0.634375,-1.1987,-1.53125
0.447164,-0.634375,-1.184,-1.55313
0.367643,-0.678125,-1.19983,-1.225
0.474497,-0.153125,-1.20839,-1.64062
0.454869,-0.371875,-1.19864,-1.50937
0.357904,-0.590625,-1.21447,-1.8375
0.429569,-0.590625,-1.20181,-1.8375
0.46083,-0.590625,-1.19874,-1.59688
0.44033,-0.6125,-1.20381,-1.81563
0.343366,-0.6125,-1.20801,-1.81563
0.461549,-0.56875,-1.21134,-1.59688
0.365756,-0.6125,-1.24694,-1.20312
0.345256,-0.590625,-1.22148,-1.75
0.329699,-0.546875,-1.24807,-1.90312
0.418808,-0.525,-1.23105,-1.94687
0.322716,-0.590625,-1.25124,-1.81563
0.412125,-0.546875,-1.24933,-1.90312
0.391625,-0.590625,-1.25353,-1.96875
0.312104,-0.546875,-1.26994,-1.96875
0.43116,-0.503125,-1.25292,-1.96875
0.305993,-0.546875,-1.25276,-1.925
0.377658,-0.503125,-1.26045,-1.90312
0.409791,-0.48125,-1.28064,-1.925
0.388419,-0.56875,-1.26361,-1.96875
0.385364,-0.503125,-1.26491,-1.6625
0.288399,-0.503125,-1.29876,-1.8375
0.396697,-0.503125,-1.28406,-1.96875
0.282288,-0.503125,-1.28739,-1.75
0.33738,-0.48125,-1.30962,-1.90312
0.276477,-0.503125,-1.31382,-1.4875
0.366458,-0.503125,-1.29389,-1.77188
0.380847,-0.459375,-1.32366,-1.70625
0.268182,-0.48125,-1.32873,-1.99063
0.375608,-0.459375,-1.32043,-1.99063
0.37168,-0.503125,-1.32202,-1.99063
0.258143,-0.48125,-1.33697,-1.85938
0.301606,-0.459375,-1.33943,-2.03437
0.345941,-0.459375,-1.3384,-1.96875
0.36033,-0.39375,-1.35363,-1.81563
0.33983,-0.525,-1.33661,-2.05625
0.25624,-0.48125,-1.35127,-2.03437
0.241554,-0.48125,-1.34936,-2.03437
0.249829,-0.415625,-1.3646,-2.03437
0.345625,-0.415625,-1.36618,-1.88125
0.373388,-0.39375,-1.35962,-2.1
0.341258,-0.415625,-1.38155,-1.99063
0.322503,-0.21875,-1.38022,-1.8375
0.336891,-0.35,-1.38006,-1.81563
0.334408,-0.30625,-1.38483,-1.85938
0.297336,-0.109375,-1.38467,-1.94687
0.341671,-0.35,-1.38857,-1.85938
0.34036,-0.459375,-1.39132,-1.85938
0.338749,-0.6125,-1.39434,-1.81563
0.35401,-0.240625,-1.39418,-1.85938
0.322753,-0.6125,-1.40157,-1.85938
0.28568,-0.39375,-1.39937,-1.8375
0.283497,-0.240625,-1.3931,-1.79375
0.281886,-0.284375,-1.39613,-1.88125
0.315464,-0.30625,-1.40672,-1.77188
0.279264,-0.415625,-1.3958,-1.90312
0.260208,-0.328125,-1.39359,-1.94687
0.340304,-0.35,-1.39168,-1.81563
0.338993,-0.415625,-1.39907,-1.8375
0.291164,-0.328125,-1.39163,-1.90312
0.317754,-0.35,-1.39235,-1.925
0.287369,-0.30625,-1.40264,-1.88125
0.315132,-0.328125,-1.40741,-1.79375
0.34841,-0.35,-1.40464,-1.81563
0.284008,-0.371875,-1.40098,-1.96875
0.34666,-0.371875,-1.41215,-2.0125
0.361621,-0.4375,-1.4085,-2.03437
0.36031,-0.39375,-1.40803,-2.07812
0.258403,-0.371875,-1.4131,-1.925
0.304182,-0.240625,-1.40509,-2.0125
0.320316,-0.459375,-1.40724,-2.1
0.353593,-0.415625,-1.3998,-2.07812
0.317393,-0.415625,-1.40835,-2.14375
0.362601,-0.415625,-1.40761,-2.1
0.331916,-0.4375,-1.40715,-2.12188
0.312288,-0.415625,-1.40058,-2.03437
0.346438,-0.39375,-1.39954,-1.81563
0.328554,-0.284375,-1.38979,-1.88125
0.328116,-0.56875,-1.37537,-1.72812
0.356451,-0.328125,-1.36822,-1.75
0.356884,-0.415625,-1.35293,-1.79375
0.374462,-0.371875,-1.34288,-1.94687
0.374895,-0.48125,-1.33225,-1.8375
0.292749,-0.503125,-1.31783,-1.925
0.346388,-0.459375,-1.2883,-1.8375
0.311632,-0.4375,-1.28638,-1.70625
0.376901,-0.48125,-1.28272,-1.72812
0.413667,-0.546875,-1.25262,-1.72812
0.396656,-0.590625,-1.22744,-1.72812
0.39679,-0.634375,-1.20866,-1.81563
0.379779,-0.39375,-1.17826,-1.72812
0.380784,-0.35,-1.15919,-1.81563
0.399534,-0.284375,-1.13663,-1.61875
0.417112,-0.503125,-1.13181,-1.68437
0.430919,-0.74375,-1.11536,-1.8375
0.403723,-0.56875,-1.11664,-1.55313
0.434103,-0.459375,-1.09991,-1.6625
0.406034,-0.2625,-1.09305,-1.46562
0.408212,-0.525,-1.07689,-1.50937
0.439164,-0.765625,-1.08689,-1.44375
0.459358,-0.546875,-1.10271,-1.53125
0.461536,-0.6125,-1.08365,-1.42188
0.48173,-0.634375,-1.08493,-1.53125
0.48478,-0.6125,-1.09057,-1.42188
0.470086,-0.6125,-1.07354,-1.59688
0.453647,-0.39375,-1.06755,-1.50937
0.444195,-0.48125,-1.06826,-1.53125
0.458575,-0.590625,-1.06605,-1.37813
0.461625,-0.459375,-1.06385,-1.29062
0.51758,-0.56875,-1.05524,-1.55313
0.484569,-0.83125,-1.05914,-1.37813
0.505936,-0.634375,-1.05868,-1.4875
0.490369,-0.371875,-1.04775,-1.55313
0.493119,-0.634375,-1.05514,-1.53125
0.496169,-0.74375,-1.04422,-1.46562
0.515491,-0.56875,-1.04201,-1.44375
0.519114,-0.525,-1.04155,-1.44375
0.522164,-0.74375,-1.04022,-1.61875
0.523169,-0.765625,-1.03975,-1.64062
0.460212,-0.678125,-1.04017,-1.68437
0.508908,-0.634375,-1.0272,-1.55313
0.527658,-0.65625,-1.03518,-1.64062
0.529536,-0.74375,-1.01757,-1.55313
0.513397,-0.7875,-1.02002,-1.59688
0.532719,-0.721875,-1.00357,-1.6625
0.51658,-0.65625,-1.00224,-1.575
0.500141,-0.678125,-0.992192,-1.59688
0.502319,-0.7,-0.997836,-1.575
0.491695,-0.7,-0.992723,-1.59688
0.503758,-0.65625,-0.979188,-1.55313
0.504764,-0.7,-0.986577,-1.575
0.558103,-0.7,-0.983209,-1.46562
0.506203,-0.678125,-0.994959,-1.53125
0.494706,-0.678125,-1.02155,-1.4
0.49514,-0.634375,-1.0269,-1.20312
0.507775,-0.65625,-1.00667,-1.50937
0.479134,-0.7,-1.02599,-1.46562
0.496712,-0.65625,-1.03541,-1.44375
0.497145,-0.7,-1.05879,-1.50937
0.508908,-0.678125,-1.07752,-1.55313
0.479967,-0.74375,-1.0791,-1.53125
0.497845,-0.65625,-1.08911,-1.4875
0.480534,-0.65625,-1.09679,-1.4875
0.480967,-0.590625,-1.11377,-1.575
0.462784,-0.65625,-1.1168,-1.4
0.47949,-0.65625,-1.12216,-1.50937
0.497367,-0.65625,-1.13304,-1.55313
0.415221,-0.634375,-1.14595,-1.59688
0.461873,-0.634375,-1.14287,-1.59688
0.44399,-0.634375,-1.1555,-1.64062
0.507214,-0.634375,-1.15591,-1.44375
0.495717,-0.590625,-1.16738,-1.61875
0.46039,-0.590625,-1.16168,-1.68437
0.460523,-0.65625,-1.17721,-1.70625
0.459784,-0.65625,-1.16861,-1.75
0.412827,-0.65625,-1.16815,-1.77188
0.505125,-0.590625,-1.16245,-1.75
0.476184,-0.634375,-1.15763,-1.81563
0.458873,-0.634375,-1.15368,-1.55313
0.458434,-0.634375,-1.15148,-1.8375
0.458567,-0.48125,-1.13242,-1.88125
0.458701,-0.590625,-1.13893,-1.8375
0.492851,-0.590625,-1.13673,-1.925
0.458395,-0.590625,-1.13103,-1.85938
0.440212,-0.7,-1.13406,-1.6625
0.493551,-0.56875,-1.1086,-1.81563
0.492812,-0.590625,-1.12645,-1.8375
0.506619,-0.7,-1.11436,-1.77188
0.477679,-0.721875,-1.11215,-1.77188
0.460367,-0.634375,-1.13466,-1.59688
0.49539,-0.459375,-1.12315,-1.79375
0.478079,-0.6125,-1.14217,-1.6625
0.478512,-0.6125,-1.15392,-1.79375
0.477773,-0.6125,-1.1712,-1.77188
0.477906,-0.56875,-1.15387,-1.50937
0.495484,-0.6125,-1.17987,-1.81563
0.443284,-0.634375,-1.18638,-1.81563
0.477434,-0.7,-1.20191,-1.77188
0.442106,-0.7,-1.20378,-1.72812
0.477129,-0.65625,-1.19983,-1.77188
0.441501,-0.7,-1.21536,-1.79375
0.458206,-0.74375,-1.22711,-1.79375
0.457467,-0.7,-1.22665,-1.77188
0.427654,-0.7,-1.23404,-1.8375
0.45599,-0.678125,-1.24113,-1.81563
0.426177,-0.590625,-1.23979,-1.64062
0.408866,-0.678125,-1.24805,-1.64062
0.425871,-0.765625,-1.238,-1.925
0.425132,-0.56875,-1.24539,-1.75
0.45434,-0.590625,-1.24929,-1.6625
0.454473,-0.721875,-1.23807,-1.75
0.453734,-0.6125,-1.24546,-1.72812
0.423921,-0.503125,-1.25342,-1.925
0.423182,-0.56875,-1.2547,-1.99063
0.422443,-0.590625,-1.25947,-1.96875
0.421704,-0.634375,-1.26512,-1.94687
0.449167,-0.6125,-1.24518,-1.72812
0.420227,-0.6125,-1.27117,-1.94687
0.401171,-0.590625,-1.28088,-2.0125
0.382116,-0.678125,-1.26094,-1.96875
0.44534,-0.546875,-1.26745,-1.8375
0.414654,-0.6125,-1.27659,-1.99063
0.425545,-0.56875,-1.27148,-1.96875
0.378288,-0.56875,-1.27042,-1.94687
0.411566,-0.765625,-1.28246,-1.70625
0.346864,-0.6125,-1.29974,-1.6625
0.439162,-0.546875,-1.31062,-1.79375
0.391032,-0.546875,-1.32148,-1.68437
0.42024,-0.503125,-1.33672,-1.77188
0.343908,-0.74375,-1.32899,-1.72812
0.388516,-0.525,-1.34771,-1.81563
0.352016,-0.371875,-1.34987,-1.77188
0.40361,-0.30625,-1.36016,-1.4
0.350538,-0.721875,-1.35883,-1.85938
0.349799,-0.503125,-1.37377,-1.77188
0.336558,-0.503125,-1.35906,-1.81563
0.399782,-0.7,-1.365,-1.79375
0.363282,-0.459375,-1.36628,-1.88125
0.397732,-0.525,-1.37659,-1.75
0.361232,-0.4375,-1.37002,-1.55313
0.330547,-0.853125,-1.38729,-1.75
0.376327,-0.65625,-1.37463,-1.79375
0.39216,-0.04375,-1.38028,-1.90312
0.373404,-0.634375,-1.38243,-1.88125
0.372666,-0.48125,-1.38489,-1.925
0.325408,-0.2625,-1.38791,-1.90312
0.306353,-0.35,-1.36972,-1.85938
0.369577,-0.765625,-1.40095,-1.90312
0.38541,-0.415625,-1.38916,-1.85938
0.384971,-0.525,-1.40381,-1.96875
0.384232,-0.415625,-1.38213,-2.0125
0.348604,-0.678125,-1.40638,-1.85938
0.364438,-0.48125,-1.38558,-1.53125
0.362827,-0.590625,-1.4075,-1.94687
0.391162,-0.65625,-1.4085,-1.96875
0.360477,-0.196875,-1.40367,-1.96875
0.389112,-0.503125,-1.42212,-1.90312
0.388373,-0.678125,-1.41526,-1.90312
0.321927,-0.634375,-1.42091,-1.90312
0.338632,-0.39375,-1.42045,-1.61875
0.354466,-0.415625,-1.42783,-1.8375
0.318838,-0.6125,-1.43086,-1.8375
0.318099,-0.590625,-1.44582,-2.05625
0.368821,-0.546875,-1.45437,-2.03437
0.349766,-0.546875,-1.44926,-2.07812
0.365599,-0.546875,-1.44705,-2.07812
0.36486,-0.6125,-1.46171,-2.05625
0.345804,-0.590625,-1.46009,-2.03437
0.344193,-0.503125,-1.473,-2.1
0.342582,-0.56875,-1.46586,-2.03437
0.370917,-0.546875,-1.4715,-2.05625
0.357677,-0.415625,-1.48791,-2.07812
0.368567,-0.546875,-1.48919,-2.1
0.356199,-0.48125,-1.48873,-2.1
0.35546,-0.415625,-1.48914,-2.16562
0.353849,-0.48125,-1.49217,-2.14375
0.36474,-0.525,-1.50246,-2.1
0.399762,-0.459375,-1.51073,-2.14375
0.352504,-0.546875,-1.50503,-2.1
0.38084,-0.56875,-1.52318,-2.14375
0.380973,-0.503125,-1.52301,-2.1875
0.36279,-0.525,-1.51993,-2.20938
0.426886,-0.546875,-1.53197,-2.1875
0.397945,-0.503125,-1.53761,-2.23125
0.427153,-0.525,-1.52407,-2.1
0.414484,-0.546875,-1.53349,-2.1875
0.414617,-0.546875,-1.53216,-2.20938
0.414751,-0.503125,-1.5381,-2.20938
0.415756,-0.56875,-1.52949,-2.1875
0.427519,-0.56875,-1.52583,-2.12188
0.429397,-0.56875,-1.52101,-2.25312
0.447847,-0.56875,-1.50369,-2.03437
0.466297,-0.525,-1.49247,-2.31875
0.449558,-0.590625,-1.49492,-2.31875
0.46888,-0.634375,-1.48748,-2.3625
0.469886,-0.6125,-1.49574,-1.75
0.489208,-0.634375,-1.47958,-2.07812
0.52016,-0.634375,-1.47969,-2.05625
0.506038,-0.6125,-1.48359,-1.85938
0.544549,-0.678125,-1.48865,-2.16562
0.547299,-0.7,-1.49371,-1.75
0.532604,-0.7,-1.51099,-2.16562
0.571116,-0.7,-1.50006,-1.55313
0.57531,-0.74375,-1.50163,-1.88125
0.560616,-0.678125,-1.49245,-1.96875
0.58081,-0.74375,-1.47512,-2.1
0.596062,-0.809375,-1.45692,-2.05625
0.616829,-0.809375,-1.45472,-2.12188
0.603006,-0.7875,-1.4403,-2.14375
0.606629,-0.83125,-1.42821,-2.16562
0.627695,-0.875,-1.42309,-2.1875
0.614445,-0.875,-1.40751,-2.12188
0.618067,-0.896875,-1.3992,-2.14375
0.657451,-0.896875,-1.39961,-2.12188
0.644201,-0.91875,-1.39653,-1.64062
0.695214,-0.896875,-1.39228,-1.96875
0.70058,-0.91875,-1.39647,-1.88125
0.705075,-0.940625,-1.38816,-2.05625
0.662751,-0.984375,-1.39293,-1.50937
0.667245,-0.9625,-1.37996,-1.79375
0.706629,-1.00625,-1.37601,-1.90312
0.712567,-1.05,-1.36392,-1.81563
0.765325,-0.56875,-1.36694,-1.8375
0.705556,-1.00625,-1.37084,-2.0125
0.740869,-0.9625,-1.37677,-1.72812
0.798569,-0.91875,-1.38707,-2.0125
0.786191,-1.02812,-1.38456,-2.05625
0.774114,-1.02812,-1.39951,-1.8375
0.77948,-1.05,-1.39643,-2.03437
0.755473,-1.02812,-1.40759,-1.81563
0.743395,-1.02812,-1.40655,-1.68437
0.79498,-1.05,-1.40143,-1.81563
0.78203,-1.15938,-1.39137,-1.64062
0.821986,-1.02812,-1.37956,-1.575
0.791291,-1.18125,-1.37182,-1.925
0.784729,-1.07187,-1.351,-2.07812
0.835441,-1.07187,-1.32872,-1.85938
0.775973,-1.09375,-1.31487,-1.81563
0.761851,-1.11563,-1.28068,-2.0125
0.800934,-1.15938,-1.25316,-1.6625
0.835075,-1.1375,-1.22158,-2.1
0.811067,-1.18125,-1.19668,-2.1
0.797817,-1.1375,-1.17034,-1.85938
0.784567,-1.11563,-1.13206,-2.16562
0.805334,-1.09375,-1.11357,-1.70625
0.856919,-1.00625,-1.07965,-2.03437
0.861114,-1.11563,-1.06435,-1.94687
0.836234,-1.09375,-1.05022,-1.90312
0.852058,-1.00625,-1.03578,-1.70625
0.845495,-1.1375,-1.02863,-1.24687
0.796484,-1.1375,-1.0331,-1.77188
0.799806,-1.07187,-1.03,-1.1375
0.791499,-1.07187,-1.0432,-1.68437
0.777377,-1.05,-1.05813,-1.68437
0.798143,-1.02812,-1.06405,-1.72812
0.813095,-0.940625,-1.06416,-1.3125
0.815545,-1.07187,-1.07967,-1.61875
0.789793,-1.05,-1.10275,-1.64062
0.792243,-1.07187,-1.10431,-1.50937
0.777249,-0.984375,-1.12564,-1.59688
0.779699,-1.02812,-1.12197,-1.68437
0.782149,-1.05,-1.14679,-1.64062
0.801171,-1.07187,-1.14922,-1.68437
0.785877,-1.09375,-1.15718,-1.18125
0.75838,-1.05,-1.166,-1.6625
0.743386,-1.05,-1.1667,-1.77188
0.744964,-1.09375,-1.17029,-1.72812
0.774743,-1.09375,-1.17999,-1.77188
0.747247,-1.05,-1.17079,-1.72812
0.747953,-1.02812,-1.16828,-1.72812
0.701267,-1.02812,-1.16112,-1.75
0.71273,-1.02812,-1.1557,-1.81563
0.714008,-1.05,-1.159,-1.68437
0.731286,-1.05,-1.15358,-1.46562
0.684601,-0.9625,-1.15079,-1.77188
0.731825,-0.984375,-1.14624,-1.33438
0.703456,-1.00625,-1.14955,-1.64062
0.704162,-1.00625,-1.14034,-1.61875
0.686251,-1.05,-1.13435,-1.77188
0.685212,-1.02812,-1.14899,-1.575
0.684173,-1.02812,-1.14066,-1.50937
0.636616,-1.07187,-1.14048,-1.68437
0.648079,-0.940625,-1.14901,-1.72812
0.699073,-1.00625,-1.15667,-1.55313
0.681462,-0.940625,-1.16551,-1.575
0.680423,-0.9625,-1.17317,-1.50937
0.632866,-0.984375,-1.18083,-1.72812
0.660901,-0.9625,-1.18879,-1.72812
0.695323,-0.940625,-1.19732,-1.79375
0.641951,-0.9625,-1.20498,-1.79375
0.629282,-0.940625,-1.21295,-1.46562
0.627071,-0.91875,-1.21973,-1.79375
0.637662,-0.91875,-1.2274,-1.37813
0.672384,-0.83125,-1.23623,-1.77188
0.653901,-0.896875,-1.24389,-1.42188
0.587727,-0.83125,-1.25068,-1.81563
0.621577,-0.853125,-1.25834,-1.8375
0.602221,-0.853125,-1.26543,-1.70625
0.618327,-0.809375,-1.27309,-1.68437
0.617288,-0.875,-1.30663,-1.85938
0.644451,-0.83125,-1.28492,-1.85938
0.560832,-0.83125,-1.29114,-1.85938
0.611254,-0.7,-1.31595,-1.79375
0.574454,-0.74375,-1.31373,-1.85938
0.572243,-0.896875,-1.34203,-1.8375
0.605221,-0.896875,-1.32498,-1.53125
0.586738,-0.91875,-1.35068,-1.8375
0.601971,-0.875,-1.35834,-1.90312
0.629134,-0.91875,-1.366,-1.90312
0.580704,-0.875,-1.37221,-1.88125
0.543604,-0.875,-1.37376,-1.61875
0.623973,-0.875,-1.38143,-1.88125
0.539482,-0.853125,-1.39374,-1.925
0.602406,-0.853125,-1.39995,-1.99063
0.572293,-0.853125,-1.39628,-1.99063
0.617473,-0.83125,-1.41382,-1.96875
0.569916,-0.7875,-1.41451,-2.0125
0.597651,-0.7875,-1.40792,-2.05625
0.567538,-0.7875,-1.41936,-1.85938
0.630162,-0.7875,-1.42266,-2.0125
0.594234,-0.809375,-1.42247,-2.05625
0.592895,-0.48125,-1.42868,-2.07812
0.610173,-0.896875,-1.43198,-2.12188
0.59139,-0.896875,-1.44604,-2.1
0.626984,-0.809375,-1.43801,-2.12188
0.643962,-0.809375,-1.43898,-2.275
0.656297,-0.940625,-1.43327,-1.88125
0.65583,-1.00625,-1.45023,-2.07812
0.62659,-1.00625,-1.44452,-1.99063
0.626123,-0.984375,-1.43387,-2.12188
0.655903,-0.984375,-1.44356,-1.8375
0.692069,-1.02812,-1.44599,-1.94687
0.692775,-0.940625,-1.43882,-2.1
0.69318,-0.91875,-1.44474,-1.96875
0.694758,-0.91875,-1.43321,-2.16562
0.661147,-1.00625,-1.43215,-2.1875
0.715058,-0.896875,-1.42352,-1.99063
0.728838,-0.91875,-1.43003,-2.23125
0.731288,-0.896875,-1.4284,-2.275
0.703791,-0.896875,-1.42851,-2.25312
0.75276,-0.875,-1.41669,-2.25312
0.773527,-1.07187,-1.42668,-2.03437
0.775104,-1.11563,-1.44104,-2.07812
0.777254,-1.09375,-1.43737,-2.1
0.797149,-1.225,-1.43108,-2.1
0.763838,-1.1375,-1.44805,-2.05625
0.783732,-1.15938,-1.44468,-2.07812
0.787054,-1.00625,-1.44246,-2.1
0.807521,-1.02812,-1.4539,-2.1
0.775082,-1.11563,-1.44674,-2.07812
0.825795,-1.05,-1.44889,-1.99063
0.799171,-1.07187,-1.43998,-2.07812
0.819638,-1.05,-1.42933,-2.1875
0.82296,-1.07187,-1.41607,-2.16562
0.855356,-1.15938,-1.41414,-2.03437
0.813032,-1.24687,-1.39738,-2.07812
0.815182,-1.20312,-1.39575,-2.03437
0.866767,-1.18125,-1.38073,-1.925
0.857006,-1.225,-1.38346,-2.03437
0.877473,-1.29062,-1.38445,-1.90312
0.880795,-1.20312,-1.36827,-2.03437
0.819282,-1.225,-1.3771,-1.99063
0.841793,-1.29062,-1.39639,-1.575
0.873017,-1.24687,-1.37702,-1.90312
0.846393,-1.3125,-1.39225,-2.03437
0.832271,-1.29062,-1.3877,-2.05625
0.834421,-1.24687,-1.3913,-1.8375
0.872632,-1.225,-1.39838,-2.0125
0.839021,-1.29062,-1.38948,-2.1
0.859788,-1.20312,-1.38144,-2.23125
0.881427,-1.1375,-1.38504,-2.14375
0.866132,-1.15938,-1.37875,-2.23125
0.870327,-1.15938,-1.36984,-2.14375
0.872777,-1.11563,-1.36647,-2.05625
0.892371,-1.24687,-1.36599,-2.1
0.895693,-1.18125,-1.3565,-2.03437
0.909473,-1.15938,-1.35253,-2.05625
0.912795,-1.15938,-1.35613,-2.1875
0.886171,-1.1375,-1.35943,-1.925
0.870877,-0.875,-1.36216,-1.88125
0.875943,-1.15938,-1.36721,-2.07812
0.860649,-1.18125,-1.37051,-2.20938
0.880543,-1.07187,-1.37411,-2.05625
0.881821,-1.18125,-1.37217,-2.12188
0.884271,-1.24687,-1.37926,-2.0125
0.887293,-1.26875,-1.38169,-2.03437
0.859797,-1.24687,-1.38994,-2.03437
0.874449,-1.15938,-1.40749,-2.12188
0.893471,-1.15938,-1.4009,-2.14375
0.865675,-1.29062,-1.41264,-2.07812
0.868125,-1.26875,-1.41158,-1.94687
0.851958,-1.225,-1.42245,-2.07812
0.854408,-1.20312,-1.41965,-2.05625
0.88476,-1.15938,-1.42643,-2.14375
0.903782,-1.4875,-1.4312,-2.14375
0.905932,-1.24687,-1.43624,-2.1
0.860119,-1.20312,-1.4282,-2.03437
0.877969,-1.3125,-1.43093,-2.0125
0.844658,-1.33438,-1.43452,-1.925
0.892454,-1.20312,-1.41136,-1.99063
0.847514,-1.26875,-1.42398,-2.0125
0.894438,-1.24687,-1.41303,-2.03437
0.895716,-1.18125,-1.40586,-2.0125
0.898166,-1.07187,-1.39173,-2.03437
0.834608,-1.20312,-1.3802,-2.07812
0.855375,-1.15938,-1.37478,-2.07812
0.904043,-1.15938,-1.36383,-2.03437
0.894564,-1.20312,-1.36307,-1.94687
0.879569,-1.20312,-1.36375,-1.85938
0.898291,-1.24687,-1.36357,-1.94687
0.929516,-1.18125,-1.35698,-2.12188
0.931966,-1.26875,-1.35884,-2.03437
0.969004,-1.20312,-1.35516,-2.07812
0.917949,-1.24687,-1.35235,-2.12188
0.907897,-1.24687,-1.3574,-2.1
0.921677,-1.225,-1.35925,-2.16562
0.940399,-1.26875,-1.35732,-2.12188
1.00768,-1.26875,-1.35975,-1.90312
0.982504,-1.3125,-1.35578,-2.03437
0.984654,-1.26875,-1.36984,-1.99063
0.933899,-1.33438,-1.36093,-1.88125
0.956982,-1.3125,-1.36336,-2.07812
0.959132,-1.35625,-1.3623,-2.03437
0.962454,-1.35625,-1.36037,-2.05625
1.01112,-1.3125,-1.36018,-2.05625
1.00426,-1.42188,-1.36958,-2.1
0.972393,-1.4,-1.36852,-2.07812
0.994032,-1.4,-1.36717,-2.12188
0.97961,-1.37813,-1.37309,-2.12188
0.98176,-1.44375,-1.38249,-1.90312
1.03217,-1.42188,-1.37999,-2.1
1.02299,-1.44375,-1.3798,-1.94687
1.02602,-1.42188,-1.38572,-2.12188
1.05898,-1.44375,-1.40035,-1.99063
0.997171,-1.42188,-1.4054,-1.925
1.00019,-1.33438,-1.40521,-2.0125
0.984027,-1.37813,-1.41257,-2.12188
0.973675,-1.42188,-1.41936,-1.94687
1.02439,-1.33438,-1.42528,-2.12188
1.07306,-1.4,-1.43148,-1.94687
1.03043,-1.44375,-1.44002,-2.14375
0.984319,-1.4,-1.44593,-2.16562
0.998099,-1.53125,-1.4437,-1.99063
0.952858,-1.4,-1.45398,-2.1875
1.0181,-1.3125,-1.46629,-2.03437
1.02025,-1.35625,-1.46349,-1.96875
0.977625,-1.4875,-1.47289,-1.96875
1.00885,-1.33438,-1.46368,-1.96875
1.01187,-1.4,-1.47134,-2.0125
0.984947,-1.35625,-1.47115,-1.99063
0.95308,-1.575,-1.4541,-2.0125
0.954358,-1.37813,-1.4513,-2.14375
1.00797,-1.64062,-1.45342,-1.94687
1.01099,-1.46562,-1.45149,-2.0125
0.994825,-1.35625,-1.44316,-2.0125
1.02605,-1.59688,-1.44646,-1.96875
0.963364,-1.24687,-1.43987,-1.99063
0.982958,-1.37813,-1.4484,-1.925
0.965919,-1.09375,-1.45083,-1.96875
0.967197,-1.26875,-1.4547,-1.94687
1.00424,-1.50937,-1.46236,-1.90312
1.00639,-1.50937,-1.46217,-1.94687
0.973647,-1.33438,-1.46953,-1.96875
0.962423,-1.26875,-1.48272,-1.94687
0.97533,-1.4,-1.47904,-1.96875
0.97748,-1.33438,-1.49338,-1.925
0.978758,-1.55313,-1.49319,-2.03437
1.0158,-1.18125,-1.50027,-1.99063
0.981314,-1.46562,-1.51054,-1.96875
0.982291,-1.50937,-1.51209,-1.90312
0.97194,-1.46562,-1.5119,-1.96875
1.00229,-1.50937,-1.5152,-2.05625
1.00444,-1.3125,-1.51937,-2.0125
0.957456,-1.29062,-1.52876,-2.23125
0.958734,-1.4875,-1.51462,-2.25312
0.988214,-1.3125,-1.50803,-2.05625
1.00781,-1.42188,-1.51394,-2.07812
0.979712,-1.24687,-1.50968,-2.03437
0.962673,-1.3125,-1.48884,-2.07812
0.92819,-1.26875,-1.48168,-2.0125
0.99343,-1.37813,-1.46956,-1.79375
0.994708,-1.26875,-1.47228,-2.14375
0.996858,-1.44375,-1.46103,-1.96875
0.986206,-1.37813,-1.46375,-2.0125
0.998241,-1.42188,-1.44116,-2.34063
1.01784,-1.37813,-1.44533,-1.96875
0.972595,-1.37813,-1.44485,-2.25312
0.973873,-1.24687,-1.42896,-1.96875
1.03881,-1.35625,-1.44184,-1.96875
1.00607,-1.53125,-1.44078,-2.07812
1.00822,-1.55313,-1.43419,-1.90312
0.979556,-1.44375,-1.42876,-2.1875
1.00961,-1.4,-1.42828,-2.16562
1.04577,-1.4,-1.42081,-2.16562
1.01042,-1.42188,-1.4119,-2.14375
1.02914,-1.33438,-1.4053,-2.16562
1.02837,-1.46562,-1.39523,-1.88125
1.04797,-1.59688,-1.38253,-2.03437
1.01436,-1.46562,-1.36809,-1.94687
1.06854,-1.55313,-1.37749,-1.94687
1.00498,-1.4875,-1.36886,-2.0125
1.06935,-1.42188,-1.36693,-2.0125
1.00637,-1.53125,-1.35045,-1.85938
1.08411,-1.07187,-1.35694,-2.07812
1.07289,-1.44375,-1.34803,-1.99063
1.05672,-1.46562,-1.34928,-2.1
1.07427,-1.44375,-1.33803,-2.05625
0.993267,-1.50937,-1.35122,-1.85938
1.05734,-1.42188,-1.34172,-2.05625
1.04204,-1.44375,-1.33687,-1.85938
1.06076,-1.42188,-1.33842,-1.99063
1.06087,-1.42188,-1.35044,-2.03437
1.0447,-1.42188,-1.34617,-2.03437
1.02766,-1.53125,-1.34742,-1.8375
1.04521,-1.4,-1.34811,-2.0125
1.06394,-1.33438,-1.3546,-2.05625
1.02915,-1.29062,-1.33463,-1.64062
1.03043,-1.42188,-1.34316,-2.07812
1.02996,-1.4875,-1.34994,-1.96875
1.03094,-1.46562,-1.34945,-1.90312
1.03135,-1.4875,-1.34867,-1.94687
1.03058,-1.46562,-1.34644,-1.99063
1.06675,-1.46562,-1.34189,-1.88125
1.06685,-1.4875,-1.34576,-1.96875
1.06639,-1.50937,-1.34585,-2.0125
1.0194,-1.4875,-1.35089,-1.94687
1.01951,-1.575,-1.35185,-1.99063
1.01904,-1.46562,-1.35515,-2.0125
1.04822,-1.64062,-1.34681,-1.99063
1.04775,-1.55313,-1.35941,-1.50937
1.06617,-1.575,-1.35979,-1.925
1.01919,-1.575,-1.36715,-1.94687
1.00185,-1.4,-1.3623,-2.03437
1.00196,-1.37813,-1.37141,-2.0125
1.01863,-1.37813,-1.37498,-1.81563
1.01817,-1.42188,-1.37128,-2.0125
1.0299,-1.42188,-1.3833,-1.96875
1.02914,-1.42188,-1.39123,-2.07812
1.01674,-1.44375,-1.37881,-2.03437
1.02847,-1.50937,-1.38965,-1.85938
1.01608,-1.29062,-1.40225,-1.85938
0.99874,-1.4,-1.39419,-2.05625
1.02705,-1.4,-1.40939,-1.64062
0.997206,-1.4,-1.40367,-1.8375
1.02639,-1.37813,-1.41945,-2.0125
1.02562,-1.37813,-1.42419,-1.85938
1.0141,-1.4,-1.42689,-2.16562
0.996756,-1.35625,-1.43744,-2.14375
1.01343,-1.35625,-1.43957,-2.1
1.04261,-1.35625,-1.45215,-2.16562
1.01277,-1.44375,-1.45223,-1.85938
1.02451,-1.44375,-1.46191,-1.64062
1.04206,-1.4,-1.46287,-2.14375
0.995073,-1.50937,-1.47226,-2.1
1.02395,-1.46562,-1.47148,-1.6625
1.02319,-1.53125,-1.47534,-2.07812
1.04161,-1.575,-1.47891,-2.03437
1.05829,-1.4875,-1.48423,-1.99063
1.05926,-1.50937,-1.4846,-2.0125
1.0585,-1.46562,-1.48032,-2.05625
1.01296,-1.53125,-1.47809,-1.94687
1.04126,-1.44375,-1.49416,-2.12188
1.04224,-1.50937,-1.4864,-1.94687
1.08974,-1.53125,-1.48096,-2.12188
1.06077,-1.4875,-1.47755,-2.03437
1.07919,-1.50937,-1.47705,-2.07812
1.08017,-1.50937,-1.47801,-2.03437
1.11109,-1.42188,-1.47722,-2.12188
1.0955,-1.4875,-1.48108,-2.12188
1.11392,-1.44375,-1.47477,-1.96875
1.09745,-1.4875,-1.47253,-2.12188
1.06936,-1.4875,-1.47174,-2.0125
1.07091,-1.53125,-1.46397,-2.1
1.15504,-1.64062,-1.46231,-2.25312
1.13944,-1.6625,-1.45716,-2.16562
1.18868,-1.53125,-1.44736,-2.12188
1.0975,-1.55313,-1.44483,-2.07812
1.14674,-1.55313,-1.42572,-2.1875
1.08462,-1.575,-1.42202,-2.1875
1.13269,-1.53125,-1.39652,-2.1875
1.13367,-1.59688,-1.39137,-2.14375
1.17128,-1.575,-1.38593,-1.61875
1.18476,-1.64062,-1.37264,-2.1875
1.17498,-1.64062,-1.38057,-2.1875
1.14194,-1.53125,-1.36379,-2.0125
1.14437,-1.59688,-1.36824,-2.1875
1.16366,-1.61875,-1.36919,-2.1
1.18295,-1.8375,-1.36201,-2.12188
1.21562,-1.61875,-1.37343,-2.07812
1.2009,-1.575,-1.38223,-1.90312
1.19169,-1.59688,-1.38376,-2.12188
1.22349,-1.59688,-1.38908,-2.07812
1.14393,-1.55313,-1.40515,-2.05625
1.22632,-1.575,-1.41222,-2.07812
1.2113,-1.6625,-1.41957,-1.96875
1.1675,-1.72812,-1.42314,-2.03437
1.20511,-1.68437,-1.43513,-2.1
1.1712,-1.575,-1.44685,-2.07812
1.15705,-1.55313,-1.44519,-2.1
1.17634,-1.575,-1.46213,-1.75
1.1308,-1.55313,-1.46658,-1.99063
1.19662,-1.53125,-1.45503,-2.07812
1.15077,-1.59688,-1.46208,-2.16562
1.16425,-1.59688,-1.47089,-2.25312
1.16523,-1.575,-1.45411,-2.1875
1.15515,-1.68437,-1.45332,-2.20938
1.16776,-1.64062,-1.45398,-2.05625
1.13879,-1.575,-1.45319,-2.16562
1.16854,-1.6625,-1.4399,-2.12188
1.17127,-1.61875,-1.4426,-2.12188
1.10654,-1.64062,-1.44412,-2.14375
1.14123,-1.55313,-1.42124,-2.05625
1.14221,-1.61875,-1.42278,-2.14375
1.16063,-1.575,-1.42256,-2.14375
1.17294,-1.59688,-1.42351,-2.12188
1.16229,-1.6625,-1.41284,-2.12188
1.09843,-1.6625,-1.42571,-2.05625
1.09823,-1.64062,-1.43102,-1.72812
1.12741,-1.64062,-1.43634,-2.07812
1.14554,-1.64062,-1.44863,-2.07812
1.14564,-1.50937,-1.4458,-1.925
1.19401,-1.59688,-1.45112,-2.07812
1.16474,-1.575,-1.45556,-2.0125
1.14827,-1.53125,-1.47251,-1.96875
1.13094,-1.53125,-1.47172,-2.05625
1.1136,-1.50937,-1.47559,-1.94687
1.13202,-1.53125,-1.48992,-2.05625
1.11468,-1.53125,-1.49785,-2.07812
1.14967,-1.46562,-1.50317,-2.1
1.15035,-1.55313,-1.51431,-2.12188
1.15133,-1.53125,-1.5205,-1.75
1.15144,-1.64062,-1.51971,-2.14375
1.11665,-1.50937,-1.53666,-2.14375
1.1342,-1.53125,-1.54372,-2.23125
1.13401,-1.55313,-1.54584,-2.1875
1.11667,-1.55313,-1.5532,-2.23125
1.11677,-1.55313,-1.54979,-2.25312
1.11688,-1.55313,-1.56674,-2.20938
1.15187,-1.53125,-1.55897,-2.25312
1.15168,-1.55313,-1.56633,-2.07812
1.15266,-1.55313,-1.56641,-2.29688
1.15276,-1.575,-1.56126,-1.72812
1.1363,-1.575,-1.57065,-2.14375
1.15442,-1.575,-1.55678,-2.275
1.15452,-1.575,-1.55512,-2.16562
1.1555,-1.59688,-1.54358,-2.29688
1.17392,-1.6625,-1.54133,-2.1875
1.17635,-1.68437,-1.53705,-2.29688
1.22472,-1.6625,-1.52987,-2.20938
1.20912,-1.72812,-1.52646,-2.25312
1.27551,-1.70625,-1.51521,-2.20938
1.21252,-1.77188,-1.52343,-2.1875
1.21437,-1.75,-1.5084,-2.20938
1.25111,-1.70625,-1.51371,-2.20938
1.25266,-1.72812,-1.4981,-2.23125
1.25538,-1.75,-1.50778,-2.20938
1.26973,-1.79375,-1.50815,-2.275
1.30617,-1.79375,-1.49748,-2.14375
1.26238,-1.81563,-1.5057,-2.05625
1.29592,-1.72812,-1.49503,-2.34063
1.29921,-1.94687,-1.49802,-2.1
1.3502,-1.8375,-1.4856,-2.03437
1.30697,-1.8375,-1.48743,-2.14375
1.34546,-1.79375,-1.47879,-2.14375
1.33161,-1.85938,-1.46724,-2.14375
1.35322,-1.8375,-1.46035,-2.12188
1.37019,-1.8375,-1.45956,-1.99063
1.3921,-1.77188,-1.46226,-2.1
1.36719,-1.85938,-1.45594,-2.07812
1.41817,-1.8375,-1.45864,-2.07812
1.37495,-1.85938,-1.4593,-2.20938
1.37942,-1.90312,-1.46927,-2.23125
1.44667,-1.90312,-1.46819,-2.23125
1.35142,-1.925,-1.47205,-2.25312
1.37246,-1.925,-1.47388,-2.0125
1.3775,-2.0125,-1.47193,-2.03437
1.39853,-1.88125,-1.47492,-2.05625
1.40183,-1.925,-1.47557,-2.16562
1.41618,-1.90312,-1.47915,-2.16562
1.37296,-1.925,-1.47574,-2.14375
1.3466,-1.88125,-1.47495,-2.1875
1.3781,-1.90312,-1.48725,-2.12188
1.38082,-1.925,-1.47337,-1.64062
1.40156,-1.96875,-1.48188,-2.1
1.40516,-1.925,-1.47498,-2.23125
1.40758,-1.85938,-1.46344,-2.1875
1.37454,-1.85938,-1.46439,-2.16562
1.33044,-1.8375,-1.45865,-2.20938
1.37881,-1.79375,-1.45089,-2.16562
1.35129,-1.85938,-1.4376,-2.05625
1.35401,-1.79375,-1.4403,-2.20938
1.33812,-1.8375,-1.44793,-2.20938
1.38648,-1.79375,-1.43551,-2.14375
1.29587,-1.77188,-1.44722,-2.25312
1.39046,-1.72812,-1.44323,-2.25312
1.34492,-1.79375,-1.44767,-1.72812
1.36391,-1.75,-1.45037,-2.23125
1.31837,-1.81563,-1.45394,-2.1875
1.26584,-1.77188,-1.4546,-2.1875
1.28514,-1.77188,-1.46253,-2.16562
1.32157,-1.77188,-1.47743,-2.05625
1.30481,-1.79375,-1.4685,-2.1875
1.30491,-1.81563,-1.47237,-2.20938
1.30559,-1.81563,-1.48349,-2.16562
1.3057,-1.77188,-1.47921,-2.20938
1.28806,-1.77188,-1.4918,-2.12188
1.25792,-1.75,-1.49856,-2.1875
1.2871,-1.81563,-1.49777,-2.03437
1.28777,-1.77188,-1.4993,-2.1875
1.27014,-1.79375,-1.50054,-1.925
1.28769,-1.75,-1.50586,-2.05625
1.27005,-1.85938,-1.5103,-2.14375
1.26898,-1.70625,-1.51125,-2.20938
1.26909,-1.70625,-1.50755,-1.99063
1.25726,-1.85938,-1.49164,-2.16562
1.2562,-1.79375,-1.48706,-2.1
1.32026,-1.79375,-1.47668,-2.05625
1.28518,-1.925,-1.48896,-2.1875
1.3315,-1.79375,-1.4873,-1.96875
1.26647,-1.81563,-1.47807,-2.12188
1.25408,-1.75,-1.46682,-2.12188
1.25301,-1.79375,-1.46225,-2.12188
1.25312,-1.75,-1.46116,-2.07812
1.26455,-1.75,-1.46328,-2.1
1.31669,-1.75,-1.45958,-2.1875
1.34762,-1.77188,-1.45618,-2.16562
1.28346,-1.77188,-1.44463,-2.03437
1.30101,-1.81563,-1.45024,-2.05625
1.26767,-1.77188,-1.44596,-2.20938
1.26777,-1.77188,-1.44691,-2.1875
1.28502,-1.75,-1.44409,-1.75
1.32059,-1.6625,-1.44765,-2.07812
1.30412,-1.77188,-1.43785,-2.20938
1.33388,-1.70625,-1.44753,-2.12188
1.30578,-1.79375,-1.44936,-2.12188
1.3239,-1.70625,-1.45118,-2.20938
1.30626,-1.75,-1.44312,-2.20938
1.33632,-1.70625,-1.44058,-2.1
1.33699,-1.72812,-1.45113,-2.1
1.35512,-1.70625,-1.44511,-2.03437
1.32789,-1.925,-1.44054,-2.05625
1.31112,-1.90312,-1.45021,-2.07812
1.29349,-1.79375,-1.43692,-2.1
1.33022,-1.85938,-1.44137,-2.14375
1.29514,-1.79375,-1.44203,-1.99063
1.3624,-1.79375,-1.44705,-1.99063
1.3468,-1.81563,-1.44713,-2.14375
1.34661,-1.77188,-1.44634,-2.16562
1.31821,-1.77188,-1.46038,-2.1875
1.28343,-1.88125,-1.45144,-1.79375
1.28324,-1.79375,-1.46374,-2.1
1.30049,-1.94687,-1.46731,-2.14375
1.33548,-1.88125,-1.47407,-2.275
1.31871,-1.90312,-1.47851,-2.0125
1.28363,-1.90312,-1.48209,-2.12188
1.30175,-1.79375,-1.481,-2.1
1.28354,-1.79375,-1.49097,-2.03437
1.28335,-1.77188,-1.49076,-2.1875
1.27065,-1.75,-1.49229,-2.23125
1.25214,-1.75,-1.49063,-2.275
1.28132,-1.72812,-1.49477,-2.07812
1.25118,-1.77188,-1.50183,-2.25312
1.25011,-1.72812,-1.50453,-2.23125
1.2316,-1.6625,-1.49472,-2.20938
1.26542,-1.6625,-1.50614,-2.12188
1.22977,-1.68437,-1.5129,-2.20938
1.24527,-1.72812,-1.50688,-2.275
1.22676,-1.70625,-1.5183,-2.25312
1.29053,-1.68437,-1.50646,-2.29688
1.2255,-1.6625,-1.52166,-2.1
1.20729,-1.72812,-1.51156,-2.20938
1.2228,-1.64062,-1.51804,-2.23125
1.20341,-1.72812,-1.52044,-2.1875
1.21979,-1.59688,-1.52314,-2.275
1.18878,-1.64062,-1.5299,-2.20938
1.18684,-1.75,-1.52911,-2.275
1.23229,-1.64062,-1.53238,-2.275
1.19576,-1.61875,-1.52781,-2.1875
1.22958,-1.55313,-1.52672,-2.31875
1.19276,-1.575,-1.54105,-1.99063
1.22658,-1.64062,-1.54142,-2.1
1.22464,-1.6625,-1.54703,-2.34063
1.18781,-1.68437,-1.5503,-2.25312
1.18587,-1.575,-1.55706,-2.29688
1.18481,-1.59688,-1.54377,-2.34063
1.18374,-1.59688,-1.55954,-2.275
1.20012,-1.59688,-1.57096,-2.25312
1.1691,-1.64062,-1.56464,-2.1
1.21486,-1.575,-1.57664,-2.29688
1.24286,-1.59688,-1.57934,-2.31875
1.1662,-1.61875,-1.57389,-2.23125
1.21078,-1.59688,-1.58008,-2.20938
1.17396,-1.59688,-1.57085,-2.20938
1.22522,-1.61875,-1.58924,-2.16562
1.22416,-1.70625,-1.59194,-2.12188
1.20477,-1.72812,-1.59346,-2.20938
1.20371,-1.6625,-1.61011,-2.20938
1.12123,-1.6625,-1.60409,-2.20938
1.20157,-1.55313,-1.6187,-2.12188
1.21882,-1.64062,-1.62662,-2.29688
1.23026,-1.70625,-1.62758,-2.25312
1.19925,-1.6625,-1.63085,-2.31875
1.21562,-1.64062,-1.63412,-2.23125
1.16222,-1.64062,-1.63681,-2.14375
1.24344,-1.75,-1.64388,-2.25312
1.21417,-1.79375,-1.64831,-2.25312
1.22473,-1.77188,-1.65507,-2.275
1.22366,-1.79375,-1.64061,-2.34063
1.19352,-1.77188,-1.64447,-2.31875
1.21077,-1.75,-1.646,-2.34063
1.2568,-1.75,-1.65798,-2.275
1.23886,-1.70625,-1.65834,-2.42813
1.19097,-1.81563,-1.65316,-2.3625
1.20705,-1.77188,-1.65787,-2.40625
1.23593,-1.75,-1.64746,-2.51562
1.25375,-1.75,-1.64228,-2.42813
1.2707,-1.79375,-1.64495,-2.25312
1.28358,-1.72812,-1.64211,-2.47187
1.2357,-1.75,-1.63432,-2.47187
1.28347,-1.68437,-1.63699,-2.45
1.23645,-1.70625,-1.63733,-2.40625
1.2534,-1.70625,-1.6275,-2.45
1.3003,-1.68437,-1.61273,-2.51562
1.30068,-1.68437,-1.61104,-2.40625
1.25541,-1.72812,-1.60761,-2.38437
1.25579,-1.68437,-1.5972,-2.42813
1.25529,-1.68437,-1.59755,-2.3625
1.28562,-1.75,-1.5851,-2.38437
1.30431,-1.72812,-1.57905,-2.29688
1.32213,-1.77188,-1.57649,-2.34063
1.32425,-1.68437,-1.57422,-2.23125
1.30719,-1.77188,-1.56352,-2.40625
1.32588,-1.79375,-1.56997,-2.31875
1.26317,-1.79375,-1.56305,-2.25312
1.31181,-1.75,-1.55438,-2.1875
1.34882,-1.79375,-1.55385,-1.75
1.36257,-1.85938,-1.54257,-2.1
1.3173,-1.79375,-1.52925,-1.8375
1.35344,-1.8375,-1.51157,-2.275
1.38464,-1.81563,-1.49942,-2.25312
1.36932,-1.88125,-1.47999,-2.1875
1.32405,-1.8375,-1.47016,-2.20938
1.36106,-1.88125,-1.45248,-2.1875
1.41145,-1.88125,-1.44818,-2.12188
1.39612,-1.94687,-1.44387,-2.1
1.41656,-1.94687,-1.43491,-2.1875
1.41868,-1.94687,-1.42799,-2.23125
1.38592,-1.94687,-1.4234,-2.0125
1.4235,-1.925,-1.43304,-2.1
1.44307,-1.94687,-1.4328,-2.1
1.42775,-1.925,-1.43751,-2.16562
1.39672,-1.94687,-1.43727,-2.23125
1.482,-1.94687,-1.44809,-2.23125
1.40271,-1.94687,-1.45338,-1.925
1.42577,-1.88125,-1.45954,-2.05625
1.42789,-1.925,-1.46656,-2.14375
1.44746,-1.90312,-1.47534,-1.96875
1.4676,-1.88125,-1.47103,-2.1
1.43483,-1.85938,-1.47458,-2.07812
1.42038,-1.90312,-1.46853,-2.05625
1.41,-1.925,-1.47381,-2.03437
1.42288,-1.925,-1.47212,-2.12188
1.44332,-1.925,-1.46054,-2.16562
1.41549,-1.96875,-1.47136,-2.1875
1.40074,-1.94687,-1.46733,-2.14375
1.43107,-1.96875,-1.45779,-1.55313
1.43319,-2.0125,-1.45058,-2.14375
1.45188,-2.03437,-1.45354,-2.20938
1.43656,-1.96875,-1.45039,-2.16562
1.37385,-1.99063,-1.45045,-2.05625
1.40969,-1.925,-1.44614,-2.1
1.42838,-2.0125,-1.44939,-2.03437
1.4305,-1.99063,-1.44683,-2.14375
1.41431,-2.0125,-1.45037,-2.16562
1.41526,-1.96875,-1.45013,-2.05625
1.43483,-1.99063,-1.45309,-1.99063
1.41863,-1.99063,-1.45024,-2.0125
1.40331,-1.99063,-1.44563,-2.12188
1.40369,-1.96875,-1.45993,-1.99063
1.43953,-1.99063,-1.45039,-2.20938
1.44165,-1.99063,-1.45887,-2.1
1.45453,-1.96875,-1.45544,-2.0125
1.42932,-1.94687,-1.452,-2.12188
1.41283,-1.96875,-1.44449,-2.05625
1.44897,-1.925,-1.44019,-2.12188
1.45109,-1.94687,-1.43209,-2.03437
1.45234,-1.94687,-1.43215,-2.07812
1.48411,-1.925,-1.42812,-2.07812
1.45715,-1.94687,-1.43719,-2.0125
1.47178,-2.03437,-1.43696,-1.99063
1.49105,-1.8375,-1.42973,-2.0125
1.46409,-2.03437,-1.4359,-1.99063
1.47785,-1.96875,-1.44903,-2.03437
1.4788,-2.0125,-1.45344,-2.1
1.41695,-2.03437,-1.45494,-1.85938
1.49961,-1.99063,-1.46575,-2.03437
1.48429,-2.05625,-1.46551,-2.05625
1.48698,-2.0125,-1.47516,-2.07812
1.50655,-2.05625,-1.47695,-2.12188
1.50867,-2.05625,-1.48486,-2.14375
1.48055,-2.03437,-1.47763,-2.1
1.46435,-2.05625,-1.47041,-2.1
1.48188,-2.05625,-1.48297,-2.16562
1.49563,-2.05625,-1.47022,-2.12188
1.45036,-2.1,-1.4633,-2.275
1.45305,-2.03437,-1.4584,-2.25312
1.48919,-1.99063,-1.45323,-2.29688
1.51952,-2.0125,-1.44339,-2.275
1.45738,-2.05625,-1.42977,-2.20938
1.49352,-2.0125,-1.43506,-2.23125
1.46075,-2.0125,-1.42204,-2.23125
1.49689,-2.0125,-1.41077,-2.16562
1.51064,-2.20938,-1.40879,-2.16562
1.44823,-2.05625,-1.40565,-2.1875
1.53176,-1.94687,-1.397,-1.99063
1.51643,-1.99063,-1.39997,-2.03437
1.55345,-2.0125,-1.4169,-2.07812
1.58464,-1.96875,-1.40911,-2.03437
1.55769,-2.0125,-1.41644,-2.20938
1.4787,-2.05625,-1.41475,-2.0125
1.46164,-2.03437,-1.44593,-2.07812
1.43381,-1.99063,-1.44367,-2.03437
1.48333,-1.99063,-1.45536,-2.05625
1.52034,-2.03437,-1.47055,-2.20938
1.52159,-2.05625,-1.4831,-2.14375
1.50539,-2.05625,-1.48346,-2.12188
1.46012,-2.05625,-1.4969,-2.12188
1.45993,-1.99063,-1.49987,-2.14375
1.4071,-2.0125,-1.5069,-1.94687
1.42405,-2.0125,-1.51278,-2.1875
1.40699,-2.0125,-1.51575,-2.23125
1.42394,-1.94687,-1.51495,-2.23125
1.45833,-1.96875,-1.53361,-2.14375
1.45871,-1.99063,-1.52059,-2.03437
1.44077,-1.99063,-1.53083,-2.23125
1.40451,-1.96875,-1.521,-2.07812
1.35663,-1.925,-1.51874,-1.925
1.35526,-1.88125,-1.52869,-2.20938
1.32395,-1.925,-1.53253,-2.23125
1.41649,-1.8375,-1.52387,-2.31875
1.416,-1.94687,-1.5312,-2.29688
1.38643,-1.925,-1.53475,-2.25312
1.39669,-1.925,-1.53249,-2.31875
1.38282,-1.925,-1.5311,-2.25312
1.31749,-1.925,-1.54162,-2.12188
1.36295,-1.8375,-1.5286,-2.20938
1.37902,-1.90312,-1.54726,-2.23125
1.37766,-1.8375,-1.52465,-2.25312
1.37773,-1.90312,-1.54332,-2.31875
1.37637,-1.94687,-1.53291,-2.29688
1.375,-1.88125,-1.54025,-2.20938
1.40271,-1.77188,-1.5403,-2.23125
1.37314,-1.94687,-1.56363,-1.81563
1.35433,-1.85938,-1.55031,-2.31875
1.37041,-1.8375,-1.55851,-1.75
1.3516,-1.8375,-1.55333,-2.25312
1.38017,-1.85938,-1.57666,-2.275
1.37968,-1.81563,-1.57032,-2.25312
1.37831,-1.8375,-1.58754,-2.25312
1.34787,-1.81563,-1.57073,-2.1
1.32906,-1.8375,-1.58882,-2.1875
1.36258,-1.81563,-1.59149,-2.31875
1.31063,-1.88125,-1.60435,-2.25312
1.37322,-1.8375,-1.59452,-2.275
1.37273,-1.8375,-1.60825,-2.25312
1.37224,-1.85938,-1.61877,-2.23125
1.37057,-1.79375,-1.61477,-2.275
1.37007,-1.79375,-1.62093,-2.14375
1.38702,-1.8375,-1.62128,-2.29688
1.36821,-1.8375,-1.63297,-2.20938
1.35522,-1.90312,-1.65599,-2.23125
1.33728,-1.85938,-1.64152,-2.16562
1.38243,-1.81563,-1.65204,-2.14375
1.38281,-1.90312,-1.66141,-2.23125
1.40033,-1.88125,-1.66612,-2.20938
1.36495,-1.90312,-1.67577,-2.14375
1.42929,-1.88125,-1.67002,-2.1875
1.38315,-1.94687,-1.6756,-2.34063
1.38265,-1.90312,-1.67391,-2.34063
1.41792,-1.94687,-1.67543,-2.3625
1.36479,-1.94687,-1.67723,-2.12188
1.4175,-1.90312,-1.67757,-2.42813
1.41875,-1.94687,-1.67967,-2.12188
1.46652,-1.96875,-1.66316,-2.5375
1.46777,-1.94687,-1.67135,-2.49375
1.45128,-1.85938,-1.66269,-2.51562
1.45078,-1.96875,-1.65432,-2.51562
1.40551,-1.96875,-1.64216,-2.40625
1.43584,-1.925,-1.61925,-2.31875
1.49029,-1.88125,-1.61437,-2.3625
1.53863,-1.99063,-1.6028,-2.42813
1.52418,-2.03437,-1.58861,-2.47187
1.52631,-1.99063,-1.58808,-2.40625
1.51098,-2.0125,-1.57738,-2.42813
1.54944,-2.14375,-1.57425,-2.20938
1.53499,-2.05625,-1.57605,-2.20938
1.5845,-2.05625,-1.57639,-2.275
1.52353,-2.20938,-1.58604,-2.25312
1.57856,-2.1,-1.58261,-2.25312
1.58068,-2.1,-1.57482,-2.31875
1.54936,-2.12188,-1.58271,-2.1875
1.5698,-2.1,-1.58393,-2.1875
1.60157,-2.14375,-1.57845,-2.1
1.60426,-2.14375,-1.59158,-2.12188
1.5965,-2.14375,-1.555,-2.20938
1.58175,-2.12188,-1.54633,-2.14375
1.56905,-2.25312,-1.52835,-2.16562
1.58918,-2.25312,-1.53334,-2.20938
1.6227,-2.23125,-1.51652,-2.275
1.64314,-2.25312,-1.51396,-2.16562
1.60106,-2.34063,-1.50383,-2.12188
1.60201,-2.34063,-1.49486,-1.90312
1.57186,-2.25312,-1.49724,-2.3625
1.59025,-2.1875,-1.48478,-2.34063
1.56387,-2.14375,-1.4767,-2.31875
1.61251,-2.14375,-1.4782,-2.23125
1.58032,-2.1875,-1.47708,-2.3625
1.59958,-1.70625,-1.478,-2.31875
1.58513,-2.14375,-1.46525,-2.34063
1.55701,-2.1875,-1.46356,-2.275
1.57628,-2.07812,-1.45808,-2.1875
1.54264,-2.07812,-1.44534,-2.29688
1.57935,-2.25312,-1.44509,-2.1
1.61112,-2.1875,-1.43322,-2.03437
1.54898,-2.0125,-1.43298,-1.99063
1.59762,-2.07812,-1.42575,-2.14375
1.53373,-2.1,-1.42347,-2.16562
1.56957,-1.99063,-1.41625,-2.12188
1.48854,-2.12188,-1.42241,-2.12188
1.50606,-2.07812,-1.41141,-2.07812
1.4887,-2.12188,-1.42367,-2.07812
1.53529,-2.12188,-1.41557,-1.99063
1.50747,-2.20938,-1.41707,-2.05625
1.53662,-2.16562,-1.41857,-2.0125
1.50675,-2.16562,-1.42269,-2.12188
1.50596,-2.12188,-1.4303,-2.12188
1.45777,-2.14375,-1.42918,-2.0125
1.48635,-2.1,-1.42806,-1.96875
1.43817,-2.12188,-1.4377,-2.12188
1.48302,-1.94687,-1.43135,-1.96875
1.46478,-2.0125,-1.43285,-2.12188
1.45266,-1.96875,-1.43726,-2.0125
1.45099,-2.16562,-1.43149,-2.16562
1.44932,-1.99063,-1.43328,-2.1
1.42934,-1.96875,-1.43943,-2.07812
1.41023,-1.94687,-1.42756,-2.14375
1.39142,-1.94687,-1.4372,-2.1
1.40632,-1.94687,-1.43085,-1.99063
1.38721,-1.96875,-1.42071,-1.94687
1.43788,-1.925,-1.41523,-1.94687
1.40045,-1.96875,-1.4054,-1.96875
1.41623,-1.925,-1.40079,-1.90312
1.39655,-1.925,-1.38892,-1.96875
1.37743,-1.99063,-1.38518,-1.68437
1.34582,-2.0125,-1.36982,-1.925
1.39067,-1.99063,-1.35824,-1.925
1.40645,-1.6625,-1.34868,-1.925
1.42397,-1.925,-1.35047,-1.90312
1.40399,-1.925,-1.33336,-1.925
1.45059,-1.88125,-1.33399,-1.94687
1.42015,-1.94687,-1.32735,-1.99063
1.40191,-1.96875,-1.32798,-1.75
1.44763,-1.81563,-1.32307,-1.94687
1.46515,-1.925,-1.31381,-1.925
1.48267,-1.99063,-1.32782,-1.96875
1.46531,-1.99063,-1.32379,-1.925
1.46451,-1.99063,-1.32616,-1.94687
1.48204,-2.0125,-1.32475,-1.81563
1.51119,-1.925,-1.33148,-1.85938
1.46475,-1.99063,-1.32949,-1.8375
1.46395,-2.0125,-1.33739,-1.99063
1.44776,-2.03437,-1.3412,-1.94687
1.49435,-1.99063,-1.3587,-1.85938
1.51188,-2.03437,-1.35293,-1.96875
1.51195,-2.05625,-1.36576,-1.96875
1.51203,-2.05625,-1.36726,-1.94687
1.49467,-2.05625,-1.36265,-1.8375
1.49562,-2.03437,-1.38246,-2.0125
1.43173,-2.07812,-1.37698,-1.925
1.51322,-1.99063,-1.38023,-1.90312
1.51417,-2.07812,-1.37968,-1.99063
1.4686,-2.05625,-1.3838,-1.77188
1.53264,-2.07812,-1.38268,-1.79375
1.4987,-2.07812,-1.38301,-1.96875
1.51622,-1.72812,-1.37753,-1.88125
1.48984,-2.07812,-1.36915,-1.96875
1.50242,-2.1,-1.36947,-1.88125
1.50424,-2.05625,-1.36312,-2.12188
1.52177,-2.14375,-1.36781,-1.99063
1.52272,-2.14375,-1.34809,-1.925
1.50797,-2.14375,-1.3522,-2.0125
1.52636,-2.14375,-1.35166,-2.07812
1.49736,-2.14375,-1.35839,-2.0125
1.52739,-2.12188,-1.35785,-1.96875
1.54578,-2.14375,-1.35034,-1.925
1.56418,-2.14375,-1.34979,-1.99063
1.51279,-2.12188,-1.36263,-1.88125
1.56695,-2.1,-1.36296,-1.96875
1.53301,-2.14375,-1.36389,-1.94687
1.5514,-2.1,-1.37673,-1.94687
1.55353,-2.1,-1.38928,-1.94687
1.53703,-2.1875,-1.39079,-2.05625
1.55543,-2.1,-1.39434,-2.03437
1.57412,-2.07812,-1.39845,-1.94687
1.5867,-2.07812,-1.41363,-1.96875
1.52369,-2.16562,-1.40758,-1.99063
1.49499,-2.07812,-1.41897,-1.925
1.51339,-2.07812,-1.42396,-2.0125
1.49689,-2.07812,-1.43826,-1.96875
1.54379,-2.1,-1.43919,-2.14375
1.54561,-2.07812,-1.44418,-1.99063
1.52737,-1.99063,-1.43551,-2.05625
1.52862,-2.12188,-1.45592,-2.07812
1.48131,-2.05625,-1.44405,-1.99063
1.48139,-2.05625,-1.44701,-1.90312
1.48351,-2.29688,-1.43718,-1.94687
1.48446,-2.12188,-1.44246,-2.0125
1.48541,-2.23125,-1.44251,-1.90312
1.53318,-2.23125,-1.43879,-2.07812
1.45853,-2.25312,-1.43855,-1.90312
1.52257,-2.20938,-1.43773,-1.925
1.48864,-2.0125,-1.42819,-1.94687
1.50733,-2.07812,-1.4358,-1.925
1.47252,-2.1,-1.42975,-1.94687
1.49004,-2.23125,-1.4295,-1.94687
1.49012,-2.07812,-1.43305,-2.03437
1.50794,-2.05625,-1.4328,-2.0125
1.52634,-2.14375,-1.42065,-1.96875
1.47408,-2.14375,-1.43495,-2.05625
1.49073,-2.0125,-1.43383,-2.03437
1.49111,-2.07812,-1.43098,-2.0125
1.49206,-2.16562,-1.42463,-2.1
1.51045,-1.94687,-1.43195,-2.03437
1.47651,-2.03437,-1.44508,-2.12188
1.47689,-2.07812,-1.43089,-1.6625
1.4479,-1.99063,-1.43065,-2.07812
1.52851,-1.99063,-1.43332,-1.96875
1.47625,-1.96875,-1.43395,-2.1
1.51035,-2.0125,-1.43226,-2.14375
1.47496,-2.03437,-1.43027,-2.0125
1.46254,-2.0125,-1.42857,-2.14375
1.4725,-2.05625,-1.42601,-1.94687
1.46095,-1.99063,-1.42315,-1.96875
1.53575,-1.96875,-1.41855,-2.0125
1.48844,-2.03437,-1.41569,-2.03437
1.48969,-2.03437,-1.40615,-2.12188
1.48889,-2.03437,-1.40068,-2.1
1.48722,-2.07812,-1.39142,-2.05625
1.46986,-2.03437,-1.39235,-2.0125
1.5214,-2.05625,-1.39559,-1.99063
1.5049,-2.1,-1.39535,-2.03437
1.50498,-2.1,-1.3954,-2.03437
1.43935,-2.03437,-1.39341,-1.90312
1.50282,-2.03437,-1.3926,-2.03437
1.46714,-2.05625,-1.39264,-1.81563
1.50297,-2.03437,-1.39589,-1.88125
1.48561,-2.05625,-1.39477,-1.94687
1.48481,-2.05625,-1.4018,-1.94687
1.48402,-2.05625,-1.40185,-1.90312
1.4841,-2.07812,-1.39986,-1.94687
1.4833,-2.07812,-1.41329,-1.96875
1.46506,-2.07812,-1.40578,-1.90312
1.51747,-2.1875,-1.40495,-1.94687
1.48354,-2.38437,-1.39831,-1.88125
1.5313,-2.14375,-1.41,-1.88125
1.51975,-2.20938,-1.38853,-1.99063
1.50326,-2.14375,-1.38654,-2.0125
1.50246,-2.03437,-1.36885,-2.05625
1.53249,-2.07812,-1.36513,-2.07812
1.56745,-2.07812,-1.36401,-2.1
1.53264,-2.25312,-1.35853,-1.85938
1.52196,-2.1,-1.33968,-1.88125
1.52291,-2.07812,-1.34031,-1.90312
1.53637,-2.07812,-1.35083,-1.925
1.53644,-2.03437,-1.33837,-1.8375
1.55658,-2.05625,-1.33871,-1.85938
1.54096,-2.16562,-1.34748,-1.75
1.5611,-2.20938,-1.35334,-1.90312
1.56205,-2.1,-1.35048,-1.94687
1.59789,-2.05625,-1.35285,-1.925
1.56395,-2.14375,-1.36541,-1.96875
1.61142,-2.1,-1.36604,-1.99063
1.56585,-2.14375,-1.36463,-1.94687
1.54935,-2.1,-1.37601,-1.88125
1.60264,-2.14375,-1.37577,-1.81563
1.58789,-2.45,-1.37204,-1.88125
1.58884,-2.275,-1.37964,-1.96875
1.60693,-2.20938,-1.37416,-1.99063
1.59044,-2.20938,-1.36926,-1.90312
1.57482,-2.20938,-1.37395,-2.05625
1.55802,-2.1,-1.3734,-2.07812
1.57642,-2.05625,-1.3621,-2.07812
1.57707,-2.16562,-1.363,-1.99063
1.59546,-2.16562,-1.36711,-2.05625
1.61443,-2.14375,-1.36191,-2.12188
1.59793,-2.16562,-1.35962,-2.03437
1.59801,-2.14375,-1.35443,-2.05625
1.56377,-2.16562,-1.35301,-2.05625
1.56472,-2.16562,-1.33996,-1.96875
1.60026,-2.12188,-1.34814,-1.99063
1.60208,-2.12188,-1.35196,-1.94687
1.58529,-2.14375,-1.34326,-1.925
1.622,-2.12188,-1.36191,-1.88125
1.5895,-2.1875,-1.35439,-1.8375
1.62534,-2.14375,-1.35704,-1.88125
1.5911,-2.14375,-1.36289,-1.90312
1.6095,-2.12188,-1.3763,-2.0125
1.65841,-2.16562,-1.37459,-1.85938
1.61459,-2.12188,-1.39614,-1.88125
1.5504,-2.16562,-1.39094,-1.88125
1.53304,-2.07812,-1.40377,-1.94687
1.57933,-2.03437,-1.40584,-2.03437
1.57941,-2.12188,-1.405,-1.94687
1.57017,-2.23125,-1.42219,-1.72812
1.55368,-2.1,-1.42513,-2.07812
1.51944,-2.1875,-1.42459,-1.88125
1.55354,-2.05625,-1.42404,-1.64062
1.53674,-2.16562,-1.43774,-2.07812
1.55426,-1.85938,-1.43458,-1.85938
1.50752,-2.25312,-1.43373,-1.85938
1.51893,-2.29688,-1.42883,-2.07812
1.51901,-2.12188,-1.4434,-1.90312
1.5371,-2.20938,-1.4289,-1.925
1.57294,-2.23125,-1.44143,-1.88125
1.53783,-2.14375,-1.43042,-1.925
1.50796,-2.275,-1.42203,-2.05625
1.51937,-2.20938,-1.42293,-1.88125
1.51915,-2.16562,-1.4154,-2.03437
1.53754,-2.1,-1.40148,-1.94687
1.57395,-2.1,-1.38843,-1.96875
1.5217,-2.23125,-1.37393,-1.94687
1.53892,-2.275,-1.3696,-1.88125
1.53957,-2.25312,-1.36469,-1.94687
1.57541,-2.1,-1.35426,-1.88125
1.57693,-2.20938,-1.35516,-1.90312
1.57875,-2.40625,-1.34677,-1.79375
1.60935,-2.16562,-1.33633,-1.8375
1.59255,-2.23125,-1.332,-2.0125
1.58187,-2.14375,-1.33145,-1.88125
1.59415,-2.1,-1.328,-1.99063
1.59568,-2.12188,-1.31494,-1.99063
1.63239,-2.14375,-1.32225,-1.85938
1.59902,-2.31875,-1.30977,-1.85938
1.61799,-2.14375,-1.31388,-1.81563
1.61981,-2.275,-1.30664,-1.85938
1.62133,-2.38437,-1.31046,-1.77188
1.59465,-2.1875,-1.31136,-1.8375
1.5956,-2.40625,-1.29947,-1.79375
1.64452,-2.38437,-1.30125,-1.75
1.64691,-2.29688,-1.29692,-1.77188
1.64873,-2.23125,-1.29782,-1.85938
1.63281,-2.20938,-1.29728,-1.77188
1.60526,-2.49375,-1.29265,-1.85938
1.58789,-2.23125,-1.29036,-1.77188
1.60773,-2.1875,-1.29126,-1.64062
1.63745,-2.40625,-1.28402,-1.77188
1.65672,-2.25312,-1.29598,-1.77188
1.59428,-2.40625,-1.28438,-1.77188
1.6115,-2.1875,-1.29692,-1.79375
1.55982,-2.1875,-1.29695,-1.75
1.56077,-2.275,-1.30657,-1.96875
1.57799,-2.12188,-1.29963,-1.8375
1.57864,-2.1875,-1.31565,-1.68437
1.5601,-2.1875,-1.30317,-1.90312
1.53111,-2.12188,-1.31222,-1.94687
1.54571,-2.07812,-1.31777,-1.94687
1.50886,-2.16562,-1.32914,-1.81563
1.50602,-2.07812,-1.33208,-1.88125
1.5218,-2.07812,-1.33473,-1.81563
1.48407,-2.1,-1.32138,-1.75
1.4821,-2.0125,-1.34468,-1.925
1.51502,-2.05625,-1.34296,-1.85938
1.47934,-2.03437,-1.32962,-1.8375
1.4765,-2.0125,-1.34825,-1.61875
1.46203,-2.23125,-1.32561,-1.79375
1.46007,-1.96875,-1.33785,-1.70625
1.42264,-2.14375,-1.34689,-1.77188
1.50208,-2.03437,-1.3539,-1.77188
1.43615,-2.05625,-1.34521,-1.94687
1.43331,-1.96875,-1.36297,-1.79375
1.43047,-1.925,-1.35399,-1.90312
1.41049,-2.05625,-1.34268,-1.85938
1.45504,-1.96875,-1.36131,-1.8375
1.42313,-2.1,-1.35263,-1.81563
1.45023,-2.03437,-1.37562,-1.8375
1.43489,-2.07812,-1.36489,-1.81563
1.43293,-1.925,-1.37481,-1.99063
1.45916,-1.96875,-1.36552,-1.96875
1.42725,-1.96875,-1.37426,-2.05625
1.42441,-1.96875,-1.36817,-1.94687
1.44947,-1.96875,-1.374,-2.0125
1.41756,-1.99063,-1.3871,-1.96875
1.44467,-1.99063,-1.39671,-1.94687
1.41245,-1.99063,-1.39498,-2.0125
1.42125,-1.925,-1.40285,-1.90312
1.43585,-1.99063,-1.39182,-1.925
1.43388,-1.94687,-1.40026,-1.94687
1.44819,-1.99063,-1.40522,-1.90312
1.42791,-1.99063,-1.41658,-1.90312
1.4085,-1.99063,-1.41397,-1.925
1.4228,-1.94687,-1.41573,-1.925
1.40339,-1.99063,-1.42418,-1.81563
1.46626,-1.96875,-1.42623,-1.94687
1.43579,-2.03437,-1.42886,-1.94687
1.45127,-1.99063,-1.42597,-1.88125
1.43273,-2.0125,-1.42453,-1.94687
1.47785,-1.94687,-1.43647,-2.0125
1.47676,-2.03437,-1.43532,-1.94687
1.50968,-2.05625,-1.43213,-1.925
1.44345,-2.05625,-1.42663,-2.03437
1.47143,-2.07812,-1.42518,-2.0125
1.44213,-2.12188,-1.42055,-1.94687
1.45237,-2.07812,-1.41941,-1.94687
1.48616,-2.03437,-1.41796,-1.88125
1.50426,-2.07812,-1.4238,-1.88125
1.50286,-2.12188,-1.41799,-1.90312
1.51514,-2.05625,-1.41772,-1.925
1.46753,-2.12188,-1.4154,-1.94687
1.48532,-2.07812,-1.42036,-1.94687
1.51418,-2.05625,-1.42328,-1.96875
1.51365,-2.1,-1.4294,-1.90312
1.48523,-2.05625,-1.42447,-2.0125
1.54984,-2.16562,-1.42856,-1.8375
1.53449,-2.1,-1.43409,-1.99063
1.55172,-2.05625,-1.43208,-1.94687
1.53462,-1.94687,-1.44488,-1.94687
1.58179,-2.12188,-1.46089,-1.90312
1.53592,-2.05625,-1.45392,-2.07812
1.60198,-2.20938,-1.45394,-1.88125
1.55873,-2.12188,-1.4615,-1.925
1.57827,-2.14375,-1.45513,-1.925
1.58153,-2.14375,-1.46444,-1.81563
1.56561,-1.70625,-1.46329,-1.88125
1.58602,-2.16562,-1.44615,-2.1
1.59917,-2.1875,-1.44849,-2.0125
1.60214,-2.23125,-1.4331,-2.0125
1.62285,-2.20938,-1.4177,-2.07812
1.68978,-2.23125,-1.40927,-2.1875
1.61077,-2.25312,-1.39853,-2.07812
1.60066,-2.23125,-1.39971,-1.925
1.58618,-2.29688,-1.38431,-1.925
1.60777,-2.25312,-1.37618,-1.88125
1.62411,-2.275,-1.36776,-2.20938
1.64395,-2.47187,-1.34422,-1.88125
1.6661,-2.25312,-1.3422,-1.85938
1.6528,-2.275,-1.32157,-2.0125
1.67321,-2.14375,-1.31373,-1.94687
1.67822,-2.45,-1.28962,-1.96875
1.69863,-2.31875,-1.28032,-1.925
1.7144,-2.275,-1.26376,-1.90312
1.70573,-2.40625,-1.25766,-1.75
1.73982,-2.38437,-1.25914,-1.70625
1.69801,-2.31875,-1.23734,-1.77188
1.70215,-2.275,-1.24026,-1.81563
1.68855,-2.275,-1.24114,-1.8375
1.69181,-2.29688,-1.23214,-1.72812
1.71135,-2.34063,-1.24029,-1.68437
1.74456,-2.3625,-1.23972,-1.81563
1.70188,-2.38437,-1.24438,-1.81563
1.70428,-2.31875,-1.24526,-1.72812
1.67555,-2.40625,-1.25139,-1.4875
1.6605,-2.3625,-1.2543,-1.70625
1.64515,-2.34063,-1.25519,-1.70625
1.66412,-2.38437,-1.26537,-1.90312
1.66622,-2.29688,-1.26189,-1.72812
1.69681,-2.29688,-1.26684,-1.88125
1.6332,-2.275,-1.26105,-1.88125
1.58646,-2.275,-1.26309,-1.8375
1.56762,-2.16562,-1.27066,-1.85938
1.60229,-2.25312,-1.26456,-1.70625
1.58432,-2.20938,-1.2701,-1.79375
1.6498,-2.23125,-1.26429,-1.88125
1.55537,-2.23125,-1.27331,-1.75
1.53566,-2.16562,-1.26053,-1.8375
1.56364,-2.07812,-1.2617,-1.77188
1.51573,-1.96875,-1.26288,-1.79375
1.56115,-2.12188,-1.25446,-1.8375
1.51237,-2.16562,-1.26523,-1.77188
1.57436,-2.07812,-1.24722,-1.79375
1.52588,-2.12188,-1.26962,-1.90312
1.55269,-2.05625,-1.26411,-1.75
1.50333,-2.05625,-1.26965,-1.77188
1.48362,-1.99063,-1.2621,-1.79375
1.48078,-2.0125,-1.25107,-1.75
1.5134,-2.0125,-1.26997,-1.79375
1.54051,-2.05625,-1.27842,-1.64062
1.55569,-2.07812,-1.27785,-1.85938
1.50807,-2.1875,-1.25955,-1.75
1.52238,-2.0125,-1.26247,-1.75
1.46721,-2.07812,-1.25812,-1.72812
1.43499,-1.99063,-1.26948,-1.85938
1.47867,-1.99063,-1.27966,-1.75
1.49385,-2.05625,-1.29944,-1.72812
1.52183,-2.0125,-1.30149,-1.8375
1.49049,-2.0125,-1.27766,-1.77188
1.48852,-2.05625,-1.28145,-1.72812
1.48626,-1.99063,-1.2963,-1.70625
1.51336,-1.99063,-1.32335,-1.72812
1.46371,-2.05625,-1.32103,-1.85938
1.4443,-2.0125,-1.32861,-1.79375
1.47692,-2.14375,-1.34141,-1.72812
1.50577,-2.07812,-1.33793,-1.64062
1.50437,-2.03437,-1.33591,-1.75
1.5216,-2.05625,-1.35308,-2.0125
1.49113,-2.0125,-1.35425,-1.68437
1.47346,-2.05625,-1.35019,-1.79375
1.48951,-2.16562,-1.36387,-1.75
1.47185,-2.12188,-1.36417,-1.79375
1.53616,-2.0125,-1.36447,-1.77188
1.55425,-2.07812,-1.3764,-1.99063
1.53629,-2.14375,-1.37583,-1.81563
1.47267,-2.07812,-1.37555,-2.05625
1.50065,-2.14375,-1.37934,-1.90312
1.53589,-2.16562,-1.3779,-1.8375
1.53741,-2.07812,-1.37733,-1.8375
1.55521,-2.07812,-1.3849,-1.90312
1.56923,-2.20938,-1.38811,-1.96875
1.56958,-2.14375,-1.39394,-2.1
1.56993,-2.25312,-1.40383,-1.79375
1.55895,-2.1,-1.39541,-2.07812
1.55843,-1.96875,-1.40385,-1.88125
1.60647,-2.1875,-1.39979,-1.64062
1.59025,-2.25312,-1.41957,-1.6625
1.59147,-2.1,-1.41667,-1.8375
1.56479,-2.14375,-1.42308,-1.85938
1.59422,-2.14375,-1.42048,-1.81563
1.59487,-2.1,-1.42165,-1.8375
1.59522,-2.12188,-1.42137,-1.81563
1.61214,-2.12188,-1.41295,-1.88125
1.61366,-2.16562,-1.40627,-1.88125
1.66053,-2.16562,-1.39872,-1.88125
1.66205,-2.23125,-1.39204,-1.925
1.6342,-2.23125,-1.37722,-1.925
1.61798,-2.23125,-1.37868,-1.96875
1.61863,-2.25312,-1.37113,-1.99063
1.66724,-2.20938,-1.36329,-2.0125
1.66846,-2.275,-1.34237,-2.0125
1.6883,-2.29688,-1.34122,-2.03437
1.6904,-2.29688,-1.3264,-2.0125
1.64597,-2.31875,-1.31681,-1.94687
1.69488,-2.38437,-1.2985,-2.12188
1.72692,-2.42813,-1.29095,-1.96875
1.72932,-2.45,-1.2805,-2.1
1.71891,-2.42813,-1.27208,-2.0125
1.73264,-2.45,-1.25609,-1.99063
1.68764,-2.49375,-1.25435,-1.94687
1.70718,-2.45,-1.24738,-1.88125
1.70927,-2.47187,-1.24419,-1.8375
1.75819,-2.45,-1.23461,-1.8375
1.76115,-2.45,-1.24625,-1.37813
1.70103,-2.34063,-1.24277,-1.77188
1.74964,-2.275,-1.26516,-1.70625
1.74041,-2.34063,-1.27244,-1.79375
1.72506,-2.12188,-1.27448,-1.77188
1.72628,-2.29688,-1.271,-1.72812
1.7121,-2.275,-1.28961,-1.81563
1.69762,-2.31875,-1.2873,-1.72812
1.66977,-2.275,-1.30795,-1.68437
1.71868,-2.275,-1.31174,-1.79375
1.67339,-2.34063,-1.3161,-1.61875
1.67548,-2.31875,-1.33064,-1.8375
1.64007,-2.38437,-1.32978,-1.81563
1.62735,-2.275,-1.33212,-1.77188
1.61287,-2.20938,-1.33503,-1.68437
1.64229,-2.1875,-1.34375,-1.75
1.63131,-2.25312,-1.34405,-1.81563
1.59677,-2.16562,-1.33476,-1.79375
1.56718,-2.1,-1.34291,-1.90312
1.54834,-2.25312,-1.34553,-1.85938
1.59551,-2.20938,-1.34147,-1.68437
1.56504,-2.20938,-1.34438,-1.44375
1.5462,-2.1875,-1.34351,-1.64062
1.56225,-2.16562,-1.3377,-1.68437
1.56116,-2.03437,-1.33277,-2.05625
1.524,-2.12188,-1.32376,-1.90312
1.52261,-2.12188,-1.32436,-1.90312
1.50407,-2.14375,-1.31594,-1.90312
1.51925,-2.1,-1.3209,-1.79375
1.51815,-2.14375,-1.29532,-1.90312
1.49757,-2.1,-1.30842,-1.79375
1.53049,-2.07812,-1.29448,-1.72812
1.4817,-2.12188,-1.30583,-1.79375
1.47944,-2.03437,-1.29073,-1.8375
1.4891,-2.03437,-1.28288,-1.4875
1.50428,-2.0125,-1.28785,-1.90312
1.47324,-2.07812,-1.29338,-1.79375
1.47097,-1.96875,-1.29921,-1.68437
1.46813,-2.05625,-1.303,-1.77188
1.47662,-1.96875,-1.30796,-1.94687
1.44528,-2.0125,-1.3135,-1.81563
1.425,-1.99063,-1.31728,-1.77188
1.4867,-1.99063,-1.32225,-1.64062
1.46641,-1.99063,-1.32516,-1.575
1.45164,-1.94687,-1.32925,-1.99063
1.4488,-2.03437,-1.33304,-1.79375
1.42822,-2.05625,-1.36009,-1.79375
1.4434,-1.94687,-1.34092,-1.59688
1.42224,-1.94687,-1.36622,-1.81563
1.38509,-1.88125,-1.35315,-2.03437
1.38225,-1.96875,-1.36712,-1.88125
1.44307,-1.925,-1.3808,-1.79375
1.41173,-2.0125,-1.36859,-1.53125
1.374,-1.925,-1.37413,-1.85938
1.4232,-1.90312,-1.38083,-1.8375
1.42093,-2.0125,-1.38288,-2.05625
1.4306,-1.90312,-1.38492,-2.03437
1.42746,-1.925,-1.40675,-1.90312
1.45951,-2.0125,-1.39193,-1.75
1.35752,-1.99063,-1.39223,-1.925
1.41921,-1.90312,-1.39514,-1.75
1.43382,-1.94687,-1.41261,-1.77188
1.43242,-1.94687,-1.41029,-2.0125
1.40108,-2.03437,-1.41582,-1.90312
1.42819,-1.94687,-1.401,-2.03437
1.42592,-1.96875,-1.41032,-1.88125
1.44285,-1.99063,-1.42138,-1.72812
1.45832,-1.99063,-1.42168,-1.8375
1.39209,-2.05625,-1.42286,-1.90312
1.43809,-2.0125,-1.4249,-1.94687
1.43612,-2.03437,-1.43247,-1.925
1.46555,-2.0125,-1.43015,-1.8375
1.4816,-2.0125,-1.44354,-2.0125
1.48225,-2.03437,-1.44501,-1.81563
1.39857,-2.23125,-1.4517,-1.85938
1.43294,-2.1,-1.44677,-1.94687
1.44986,-2.20938,-1.45841,-1.90312
1.47959,-2.16562,-1.46511,-1.90312
1.51482,-2.05625,-1.4689,-1.94687
1.51517,-2.07812,-1.48519,-1.99063
1.51495,-2.14375,-1.48403,-1.99063
1.49786,-2.14375,-1.48695,-2.1
1.51652,-2.03437,-1.48202,-2.1
1.49973,-2.07812,-1.49046,-2.07812
1.58236,-2.0125,-1.50413,-1.96875
1.54869,-2.16562,-1.50123,-2.0125
1.59731,-2.1875,-1.50736,-1.99063
1.58807,-2.20938,-1.50504,-1.88125
1.59017,-2.16562,-1.50214,-1.96875
1.60302,-2.1,-1.49285,-2.03437
1.62343,-2.1875,-1.47977,-1.94687
1.62582,-2.23125,-1.4728,-1.94687
1.64711,-2.29688,-1.44664,-2.12188
1.6492,-2.34063,-1.44287,-1.75
1.68299,-2.25312,-1.43619,-2.0125
1.6598,-2.275,-1.43475,-2.05625
1.66189,-2.31875,-1.42458,-2.0125
1.69393,-2.29688,-1.42401,-2.0125
1.71347,-2.3625,-1.41093,-2.03437
1.71674,-2.3625,-1.40891,-2.0125
1.7197,-2.3625,-1.40107,-1.99063
1.72267,-2.40625,-1.40253,-1.96875
1.70732,-2.38437,-1.40108,-1.94687
1.72773,-2.3625,-1.3883,-1.925
1.74844,-2.47187,-1.37231,-1.90312
1.73484,-2.45,-1.35313,-1.925
1.78519,-2.38437,-1.35169,-1.925
1.78903,-2.40625,-1.33512,-1.96875
1.78124,-2.3625,-1.32903,-1.90312
1.73305,-2.40625,-1.3206,-1.96875
1.80172,-2.275,-1.30636,-1.925
1.84132,-2.45,-1.30375,-1.88125
1.81027,-2.42813,-1.29882,-1.90312
1.81324,-2.42813,-1.29447,-1.88125
1.75254,-2.42813,-1.29913,-1.88125
1.75464,-2.38437,-1.30262,-1.8375
1.74597,-2.38437,-1.30204,-1.8375
1.77801,-2.42813,-1.30292,-1.85938
1.78098,-2.34063,-1.31077,-1.8375
1.76563,-2.45,-1.3038,-1.81563
1.76772,-2.40625,-1.3224,-1.81563
1.7925,-2.42813,-1.31455,-1.8375
1.70068,-2.45,-1.33055,-1.8375
1.74842,-2.3625,-1.32881,-1.85938
1.71388,-2.38437,-1.32881,-1.85938
1.73255,-2.3625,-1.339,-1.8375
1.71633,-2.31875,-1.33987,-1.79375
1.66929,-2.3625,-1.34859,-1.81563
1.73447,-2.3625,-1.34366,-1.8375
1.65633,-2.3625,-1.34017,-1.575
1.64505,-2.34063,-1.34278,-1.6625
1.5922,-2.31875,-1.3518,-1.8375
1.67395,-2.23125,-1.33436,-1.96875
1.59202,-2.25312,-1.33349,-1.925
1.60982,-2.34063,-1.32884,-1.55313
1.59098,-2.23125,-1.32448,-1.81563
1.57796,-2.20938,-1.31605,-1.79375
1.57743,-2.12188,-1.3053,-1.96875
1.57604,-2.14375,-1.29541,-1.925
1.57377,-2.07812,-1.28553,-1.75
1.55493,-2.12188,-1.29716,-1.90312
1.55267,-2.16562,-1.27972,-1.81563
1.53383,-2.1,-1.30095,-1.75
1.53156,-2.05625,-1.27478,-1.77188
1.49935,-2.05625,-1.27914,-1.96875
1.49621,-2.0125,-1.2835,-1.90312
1.49394,-2.1,-1.28873,-1.72812
1.47336,-2.03437,-1.2931,-1.925
1.43533,-1.94687,-1.29776,-1.925
1.44877,-1.96875,-1.30037,-1.85938
1.44475,-1.79375,-1.30386,-1.96875
1.4765,-1.99063,-1.30735,-1.85938
1.43643,-1.96875,-1.30997,-1.79375
1.44987,-1.90312,-1.31258,-1.88125
1.39934,-1.925,-1.3152,-1.85938
1.39445,-1.90312,-1.31782,-1.77188
1.38957,-1.88125,-1.35009,-1.85938
1.39632,-1.88125,-1.34893,-1.85938
1.36323,-1.90312,-1.32596,-1.77188
1.40574,-1.88125,-1.33206,-1.8375
1.43574,-1.85938,-1.34893,-1.88125
1.41342,-1.925,-1.35416,-1.85938
1.36201,-1.90312,-1.35067,-1.81563
1.36789,-2.0125,-1.33904,-1.99063
1.29904,-1.85938,-1.35794,-2.07812
1.31247,-2.0125,-1.35794,-1.81563
1.38987,-1.81563,-1.35968,-1.64062
1.43325,-1.94687,-1.34457,-1.90312
1.36528,-1.8375,-1.35503,-1.75
1.31445,-1.85938,-1.35503,-1.90312
1.33951,-1.8375,-1.34631,-1.90312
1.38783,-1.96875,-1.36027,-1.85938
1.31899,-1.94687,-1.35154,-1.44375
1.37981,-1.81563,-1.35329,-2.0125
1.3758,-1.925,-1.37451,-1.88125
1.35347,-1.88125,-1.35416,-2.03437
1.3669,-1.85938,-1.35037,-1.88125
1.31056,-1.88125,-1.37247,-2.0125
1.34144,-1.8375,-1.35735,-1.90312
1.33713,-1.96875,-1.35822,-1.90312
1.31654,-1.925,-1.3716,-1.77188
1.32998,-1.925,-1.36607,-1.85938
1.34428,-1.79375,-1.35619,-1.88125
1.35277,-1.85938,-1.38176,-1.88125
1.33713,-1.85938,-1.38351,-1.88125
1.33312,-1.925,-1.37275,-1.55313
1.33085,-1.79375,-1.38612,-1.99063
1.27538,-1.8375,-1.387,-1.8375
1.32428,-1.88125,-1.38408,-1.88125
1.35108,-1.79375,-1.39716,-2.07812
1.36713,-1.925,-1.39455,-1.94687
1.34655,-1.96875,-1.39106,-1.88125
1.32684,-1.925,-1.40065,-1.8375
1.34115,-1.925,-1.40675,-1.90312
1.32026,-1.85938,-1.40035,-1.88125
1.33457,-1.81563,-1.4175,-1.94687
1.35062,-1.90312,-1.41343,-2.0125
1.34835,-1.81563,-1.41982,-1.925
1.34783,-1.79375,-1.42157,-1.925
1.34643,-1.90312,-1.42418,-1.96875
1.37324,-1.81563,-1.44191,-2.03437
1.35992,-1.94687,-1.43755,-1.94687
1.37015,-1.77188,-1.44191,-1.925
1.34143,-1.85938,-1.448,-1.90312
1.36911,-1.75,-1.43405,-1.99063
1.38516,-1.79375,-1.44306,-1.88125
1.46662,-1.90312,-1.45265,-1.88125
1.38556,-1.925,-1.44393,-1.925
1.40248,-1.925,-1.44537,-1.925
1.40283,-1.925,-1.42967,-1.925
1.40492,-1.94687,-1.43141,-2.05625
1.5172,-1.75,-1.41512,-1.88125
1.55506,-2.05625,-1.40466,-1.94687
1.50395,-2.14375,-1.41599,-1.94687
1.49267,-2.05625,-1.39127,-1.99063
1.459,-2.07812,-1.39651,-1.88125
1.52476,-2.14375,-1.38487,-1.99063
1.57337,-2.1,-1.38661,-1.96875
1.56383,-2.12188,-1.37497,-1.99063
1.57756,-2.1,-1.37236,-1.96875
1.61629,-2.12188,-1.37236,-1.94687
1.55412,-2.12188,-1.37031,-2.0125
1.58616,-2.14375,-1.35781,-1.99063
1.55918,-2.14375,-1.35664,-1.8375
1.62524,-2.25312,-1.36013,-1.99063
1.59419,-2.25312,-1.34471,-1.94687
1.63174,-2.16562,-1.34209,-1.96875
1.66378,-2.20938,-1.34733,-1.94687
1.65512,-2.23125,-1.32929,-1.94687
1.62494,-2.275,-1.34325,-1.925
1.675,-2.42813,-1.3412,-1.81563
1.67971,-2.34063,-1.32259,-1.90312
1.68442,-2.275,-1.33712,-1.88125
1.68826,-2.31875,-1.33073,-1.75
1.70924,-2.42813,-1.32781,-1.8375
1.69564,-2.275,-1.32955,-1.79375
1.75355,-2.275,-1.34146,-1.85938
1.7068,-2.34063,-1.35686,-1.61875
1.64725,-2.23125,-1.35861,-1.99063
1.65022,-2.45,-1.36994,-1.64062
1.68982,-2.25312,-1.37314,-1.94687
1.67709,-2.3625,-1.38185,-1.72812
1.6815,-2.275,-1.38708,-2.03437
1.65539,-2.45,-1.39812,-1.6625
1.64091,-2.31875,-1.39346,-1.925
1.61073,-2.275,-1.41643,-1.96875
1.61166,-2.25312,-1.42572,-1.90312
1.63294,-2.34063,-1.41205,-1.96875
1.61759,-2.23125,-1.41292,-2.0125
1.65515,-2.16562,-1.42687,-1.94687
1.64067,-2.23125,-1.42221,-1.96875
1.61282,-2.20938,-1.43471,-2.05625
1.55996,-2.1875,-1.41028,-1.99063
1.62485,-2.1875,-1.4312,-2.03437
1.61357,-2.20938,-1.41725,-1.99063
1.59734,-2.20938,-1.42218,-1.925
1.59827,-2.1,-1.42013,-2.05625
1.62769,-2.05625,-1.42101,-1.99063
1.55245,-2.14375,-1.41431,-2.0125
1.62809,-2.12188,-1.40703,-1.99063
1.58192,-2.12188,-1.40848,-2.03437
1.5814,-2.14375,-1.40935,-1.99063
1.5518,-2.14375,-1.3948,-1.925
1.5975,-2.1875,-1.40497,-1.96875
1.56296,-2.16562,-1.41252,-1.99063
1.58075,-2.16562,-1.3913,-1.96875
1.59912,-2.16562,-1.40408,-1.94687
1.61604,-2.16562,-1.41018,-1.925
1.59895,-2.1875,-1.41133,-1.88125
1.58068,-2.20938,-1.40143,-1.96875
1.58103,-2.1875,-1.41888,-1.94687
1.59795,-2.14375,-1.42207,-1.94687
1.598,-2.1875,-1.41305,-1.8375
1.58091,-2.1875,-1.42496,-1.94687
1.59928,-2.20938,-1.43425,-1.99063
1.59963,-2.25312,-1.43744,-1.94687
1.62004,-2.20938,-1.44441,-1.925
1.5695,-2.275,-1.44499,-1.79375
1.58817,-2.20938,-1.4662,-1.94687
1.542,-2.20938,-1.46125,-1.90312
1.57199,-2.1875,-1.46619,-1.90312
1.57322,-2.1875,-1.47054,-1.94687
1.62677,-2.1,-1.47983,-2.07812
1.5928,-2.1875,-1.49203,-2.03437
1.61147,-2.12188,-1.49173,-1.94687
1.57838,-2.14375,-1.49667,-1.99063
1.58047,-2.14375,-1.50538,-2.0125
1.61658,-2.16562,-1.50334,-2.03437
1.64745,-2.1875,-1.50653,-2.05625
1.62222,-2.14375,-1.50012,-2.03437
1.62344,-2.1875,-1.50593,-2.20938
1.58947,-2.20938,-1.50214,-1.94687
1.65553,-2.1875,-1.50649,-2.03437
1.62738,-2.20938,-1.49921,-2.1
1.67773,-2.29688,-1.49629,-2.16562
1.63244,-2.29688,-1.50035,-2.03437
1.65342,-2.42813,-1.4922,-2.05625
1.66802,-2.275,-1.50005,-2.12188
1.65905,-2.34063,-1.49713,-2.14375
1.67365,-2.275,-1.49421,-2.1875
1.67632,-2.3625,-1.48403,-1.77188
1.68016,-2.5375,-1.49012,-2.1875
1.71627,-2.38437,-1.46744,-2.16562
1.70062,-2.34063,-1.4744,-2.16562
1.70184,-2.40625,-1.48108,-2.12188
1.67369,-2.34063,-1.47002,-1.99063
1.68916,-2.31875,-1.46361,-2.03437
1.71101,-2.3625,-1.46331,-1.925
1.748,-2.29688,-1.46737,-1.99063
1.73322,-2.38437,-1.45949,-2.14375
1.75246,-2.31875,-1.45829,-2.1
1.71762,-2.34063,-1.44838,-1.99063
1.70371,-2.34063,-1.45475,-2.0125
1.72238,-2.275,-1.44484,-1.925
1.72592,-2.25312,-1.44306,-2.0125
1.7626,-2.29688,-1.46338,-2.1
1.7644,-2.3625,-1.44562,-2.03437
1.74962,-2.31875,-1.43658,-1.96875
1.71565,-2.31875,-1.44962,-1.94687
1.68663,-2.31875,-1.43535,-2.07812
1.7175,-2.34063,-1.4327,-2.1
1.73586,-2.29688,-1.42657,-1.96875
1.7551,-2.34063,-1.42188,-2.07812
1.73858,-2.40625,-1.42185,-2.07812
1.7395,-2.38437,-1.40583,-2.07812
1.72415,-2.40625,-1.40638,-2.03437
1.69687,-2.38437,-1.3921,-2.0125
1.69867,-2.34063,-1.39382,-1.90312
1.72866,-2.3625,-1.39088,-1.90312
1.71795,-2.40625,-1.39056,-1.90312
1.7023,-2.40625,-1.38413,-2.03437
1.70323,-2.31875,-1.39195,-2.03437
1.70415,-2.34063,-1.38581,-1.99063
1.72252,-2.40625,-1.38985,-1.99063
1.70425,-2.3625,-1.39941,-1.85938
1.72262,-2.31875,-1.39821,-1.88125
1.70522,-2.31875,-1.39993,-1.79375
1.65875,-2.29688,-1.39729,-1.85938
1.6588,-2.3625,-1.3987,-1.81563
1.66961,-2.34063,-1.41263,-1.88125
1.68653,-2.31875,-1.40358,-1.90312
1.70403,-2.25312,-1.40966,-2.0125
1.68576,-2.25312,-1.40584,-1.94687
1.63755,-2.20938,-1.41366,-2.03437
1.61841,-2.16562,-1.41334,-2.05625
1.61671,-2.23125,-1.40023,-1.96875
1.66241,-2.20938,-1.40949,-2.03437
1.63251,-2.275,-1.40598,-1.85938
1.61337,-2.1875,-1.41437,-1.96875
1.59424,-2.16562,-1.41521,-1.96875
1.58178,-2.29688,-1.40965,-1.925
1.60829,-2.14375,-1.40963,-1.925
1.62579,-2.1875,-1.41104,-1.94687
1.62409,-2.1875,-1.40665,-1.90312
1.52267,-1.925,-1.41505,-1.94687
1.57331,-2.12188,-1.39873,-1.94687
1.58325,-2.16562,-1.41208,-1.88125
1.5708,-2.275,-1.40012,-1.81563
1.58073,-2.23125,-1.39311,-1.925
1.57904,-2.16562,-1.40965,-1.99063
1.57734,-2.12188,-1.4038,-1.79375
1.57477,-2.03437,-1.40028,-1.925
1.57482,-2.14375,-1.40344,-1.94687
1.56063,-2.14375,-1.40865,-1.85938
1.55893,-2.14375,-1.41006,-1.90312
1.55724,-2.14375,-1.39113,-1.99063
1.58462,-2.16562,-1.40011,-1.85938
1.55385,-2.1875,-1.40676,-1.90312
1.56291,-2.16562,-1.40818,-1.94687
1.56122,-2.12188,-1.41396,-2.0125
1.5479,-2.16562,-1.4087,-1.925
1.54707,-2.23125,-1.41535,-1.96875
1.55788,-2.07812,-1.4124,-1.85938
1.52798,-2.14375,-1.42371,-1.94687
1.54373,-2.14375,-1.41001,-1.88125
1.55454,-2.07812,-1.42829,-1.925
1.55285,-2.14375,-1.42883,-2.05625
1.56947,-2.12188,-1.42706,-2.07812
1.5387,-2.1,-1.42935,-1.96875
1.54951,-2.05625,-1.42641,-1.99063
1.53618,-2.07812,-1.43567,-2.16562
1.54612,-2.05625,-1.44175,-1.6625
1.49791,-2.0125,-1.43008,-1.94687
1.5436,-1.99063,-1.4251,-1.90312
1.46719,-2.07812,-1.446,-2.0125
1.51201,-2.03437,-1.44218,-1.64062
1.52776,-2.1,-1.45087,-1.6625
1.53857,-2.0125,-1.45055,-2.23125
1.47204,-2.03437,-1.45022,-1.99063
1.48866,-1.96875,-1.44728,-1.94687
1.52186,-2.14375,-1.44433,-1.925
1.4844,-2.16562,-1.44837,-2.1
1.49928,-2.14375,-1.42943,-1.99063
1.47927,-2.07812,-1.45556,-1.94687
1.49415,-2.07812,-1.45641,-1.99063
1.52152,-2.07812,-1.45433,-1.8375
1.50733,-2.1875,-1.45488,-1.81563
1.50476,-2.12188,-1.45281,-1.96875
1.46643,-2.12188,-1.44521,-1.94687
1.48131,-2.14375,-1.4379,-1.96875
1.4613,-2.1,-1.45182,-1.94687
1.47618,-2.12188,-1.44684,-1.96875
1.53757,-2.05625,-1.44303,-1.79375
1.50012,-2.16562,-1.44968,-1.925
1.49755,-2.12188,-1.46272,-1.99063
1.44847,-2.14375,-1.44466,-2.03437
1.41595,-2.1,-1.45305,-2.0125
1.48898,-2.07812,-1.45447,-2.12188
1.44077,-1.99063,-1.46839,-2.05625
1.45652,-1.925,-1.45818,-1.88125
1.4714,-1.94687,-1.47558,-1.99063
1.49935,-2.1,-1.47351,-1.96875
1.45026,-2.12188,-1.47842,-1.96875
1.4759,-2.1,-1.46703,-2.12188
1.39687,-2.1,-1.47397,-2.07812
1.5231,-1.8375,-1.48294,-2.03437
1.39173,-2.16562,-1.48988,-2.07812
1.39992,-2.03437,-1.48955,-2.12188
1.46306,-1.94687,-1.48456,-2.12188
1.44857,-1.94687,-1.48511,-2.1
1.42856,-2.1,-1.48797,-1.99063
1.44431,-1.96875,-1.49113,-2.05625
1.38941,-1.99063,-1.49399,-2.03437
1.40428,-1.94687,-1.48756,-2.05625
1.48574,-2.05625,-1.49769,-2.0125
1.43753,-2.05625,-1.49038,-2.05625
1.41839,-1.99063,-1.49673,-2.07812
1.4164,-1.8375,-1.4964,-2.03437
1.48041,-1.94687,-1.50915,-2.12188
1.41388,-1.99063,-1.49487,-2.05625
1.41131,-1.96875,-1.49947,-2.03437
1.45614,-1.90312,-1.49856,-2.03437
1.45444,-1.81563,-1.49358,-2.05625
1.45245,-1.96875,-1.48685,-2.07812
1.40336,-1.96875,-1.48099,-2.03437
1.43074,-1.94687,-1.46902,-2.05625
1.41742,-1.94687,-1.47771,-2.03437
1.4448,-1.925,-1.45469,-2.07812
1.42566,-2.03437,-1.45989,-1.96875
1.42484,-1.94687,-1.45228,-2.03437
1.41034,-1.94687,-1.45427,-1.94687
1.43772,-1.925,-1.44057,-1.94687
1.4369,-1.94687,-1.43471,-1.75
1.4195,-1.925,-1.43264,-1.96875
1.43525,-1.90312,-1.43027,-2.05625
1.45275,-2.03437,-1.42528,-1.925
1.43418,-1.99063,-1.4328,-1.94687
1.43423,-2.05625,-1.43043,-1.90312
1.45085,-1.94687,-1.4298,-1.96875
1.4509,-1.99063,-1.43209,-1.99063
1.46752,-1.99063,-1.43262,-1.96875
1.44926,-2.05625,-1.42385,-1.90312
1.47634,-2.1,-1.42061,-1.88125
1.36329,-2.03437,-1.4293,-2.03437
1.44475,-1.99063,-1.43128,-2.07812
1.44392,-2.03437,-1.42019,-2.0125
1.47218,-1.99063,-1.40706,-1.94687
1.47135,-2.0125,-1.41662,-2.0125
1.42371,-2.05625,-1.41308,-1.94687
1.47115,-2.0125,-1.40548,-1.925
1.4712,-2.0125,-1.40572,-1.90312
1.47125,-2.1,-1.40452,-1.96875
1.48788,-2.07812,-1.40477,-2.03437
1.50333,-1.96875,-1.3989,-2.07812
1.4586,-2.07812,-1.39275,-1.925
1.46941,-1.99063,-1.393,-1.99063
1.46946,-2.03437,-1.38569,-1.96875
1.48695,-2.05625,-1.38681,-1.85938
1.487,-1.96875,-1.3888,-1.90312
1.4885,-2.0125,-1.38643,-1.96875
1.48855,-1.94687,-1.38638,-1.94687
1.50692,-1.94687,-1.40436,-1.90312
1.48865,-2.0125,-1.386,-1.96875
1.4887,-1.96875,-1.39352,-1.85938
1.46112,-2.03437,-1.39289,-1.925
1.47105,-1.99063,-1.3975,-1.68437
1.48942,-2.03437,-1.396,-1.88125
1.50692,-2.05625,-1.40235,-1.925
1.57093,-2.03437,-1.39997,-1.8375
1.52678,-2.1,-1.41098,-1.81563
1.47362,-2.07812,-1.41209,-1.8375
1.49024,-2.03437,-1.42106,-1.94687
1.47285,-2.07812,-1.41345,-1.81563
1.50692,-2.12188,-1.42765,-1.88125
1.49097,-2.05625,-1.42092,-1.8375
1.53753,-2.1,-1.43076,-1.99063
1.47275,-2.07812,-1.42664,-1.99063
1.47367,-2.07812,-1.4359,-1.99063
1.46122,-2.03437,-1.428,-1.99063
1.48917,-2.05625,-1.42825,-1.99063
1.4427,-2.1,-1.44099,-1.96875
1.47095,-2.1,-1.42089,-1.96875
1.4585,-2.05625,-1.44148,-1.88125
1.48763,-2.07812,-1.43533,-2.0125
1.52575,-2.05625,-1.43209,-1.925
1.46184,-2.05625,-1.4332,-1.99063
1.51015,-2.03437,-1.44072,-2.12188
1.46369,-2.1,-1.44009,-1.6625
1.49251,-2.03437,-1.43394,-1.94687
1.4943,-2.05625,-1.43593,-1.99063
1.54262,-2.03437,-1.43704,-2.03437
1.53278,-2.05625,-1.446,-1.85938
1.49882,-2.05625,-1.44072,-1.75
1.49857,-2.0125,-1.44533,-1.85938
1.47041,-2.05625,-1.44121,-2.07812
1.50041,-2.20938,-1.44756,-1.90312
1.48476,-2.03437,-1.44519,-1.79375
1.55022,-2.20938,-1.45066,-2.0125
1.52294,-2.05625,-1.44014,-1.90312
1.54218,-2.03437,-1.44649,-2.20938
1.52535,-2.1,-1.45603,-2.07812
1.50883,-2.05625,-1.46818,-1.88125
1.51063,-2.14375,-1.45388,-1.96875
1.51299,-2.1,-1.44654,-1.94687
1.51566,-2.1,-1.46131,-1.94687
1.5346,-2.05625,-1.46474,-2.16562
1.56547,-2.1,-1.4548,-1.96875
1.51957,-2.12188,-1.46055,-1.72812
1.53794,-2.12188,-1.46455,-2.07812
1.49117,-2.1,-1.46014,-1.70625
1.52204,-2.03437,-1.46967,-1.90312
1.49271,-2.12188,-1.4667,-1.94687
1.5419,-2.07812,-1.47449,-1.85938
1.50763,-2.12188,-1.46338,-2.0125
1.56002,-2.07812,-1.46884,-1.72812
1.52575,-2.12188,-1.46936,-1.90312
1.47928,-2.03437,-1.48325,-1.94687
1.49822,-1.99063,-1.47593,-1.75
1.4974,-2.0125,-1.47732,-2.03437
1.52709,-2.05625,-1.47609,-1.88125
1.52802,-2.03437,-1.4772,-1.8375
1.52777,-1.75,-1.4751,-1.99063
1.46385,-1.96875,-1.48433,-1.96875
1.44441,-2.0125,-1.46683,-2.03437
1.44359,-1.99063,-1.4752,-2.0125
1.44247,-1.94687,-1.45915,-2.07812
1.49485,-1.96875,-1.47478,-1.85938
1.44227,-1.99063,-1.46688,-1.99063
1.45976,-1.96875,-1.46012,-2.03437
1.47609,-1.96875,-1.45831,-2.03437
1.45782,-1.99063,-1.45447,-1.88125
1.47327,-1.96875,-1.45441,-1.99063
1.42593,-1.99063,-1.44359,-2.0125
1.45301,-2.0125,-1.43888,-2.275
1.46963,-2.03437,-1.43125,-1.72812
1.46938,-2.0125,-1.42305,-1.77188
1.43454,-2.03437,-1.4195,-1.72812
1.46918,-2.0125,-1.40781,-1.925
1.43347,-2.03437,-1.40193,-2.12188
1.43235,-1.99063,-1.39547,-1.94687
1.4856,-1.99063,-1.38261,-1.99063
1.48448,-2.03437,-1.37789,-1.88125
1.46796,-2.03437,-1.37405,-2.1
1.48428,-2.07812,-1.3676,-1.925
1.43025,-2.07812,-1.36462,-1.85938
1.46489,-1.99063,-1.3695,-1.85938
1.48239,-2.03437,-1.36304,-1.81563
1.48214,-2.03437,-1.36879,-1.72812
1.46387,-1.99063,-1.36058,-1.925
1.4453,-1.99063,-1.37506,-1.79375
1.44535,-1.925,-1.36772,-1.94687
1.46255,-2.0125,-1.37987,-1.90312
1.46172,-1.94687,-1.38039,-1.70625
1.44403,-2.07812,-1.38875,-1.94687
1.46065,-1.90312,-1.38434,-2.12188
1.45953,-1.94687,-1.3927,-1.81563
1.42469,-1.925,-1.3906,-2.1
1.44189,-1.99063,-1.39025,-1.64062
1.42362,-1.99063,-1.39105,-1.85938
1.45913,-1.90312,-1.38983,-1.77188
1.50483,-1.99063,-1.3886,-2.03437
1.48713,-2.07812,-1.39958,-1.8375
1.45724,-1.925,-1.40388,-2.16562
1.4096,-2.05625,-1.39655,-1.8375
1.47448,-1.925,-1.386,-1.75
1.48499,-1.925,-1.40164,-1.68437
1.42107,-2.0125,-1.3978,-1.88125
1.50136,-1.8375,-1.39482,-2.03437
1.45402,-2.0125,-1.4061,-1.96875
1.4529,-1.94687,-1.39266,-2.0125
1.48172,-1.99063,-1.40044,-1.925
1.4809,-2.0125,-1.39573,-1.90312
1.46902,-1.96875,-1.38374,-1.96875
1.44988,-2.05625,-1.38542,-1.85938
1.4787,-2.03437,-1.3778,-1.96875
1.51277,-2.03437,-1.36872,-1.99063
1.51339,-2.0125,-1.36196,-1.94687
1.53002,-2.07812,-1.35375,-2.0125
1.47743,-2.05625,-1.34002,-1.85938
1.49405,-2.1,-1.33792,-1.925
1.4938,-2.05625,-1.32594,-1.8375
1.51304,-2.1875,-1.3157,-1.77188
1.51367,-2.1875,-1.30806,-1.81563
1.54279,-2.1,-1.30945,-1.81563
1.54428,-2.1,-1.30619,-1.81563
1.53358,-2.07812,-1.30496,-1.96875
1.5467,-2.03437,-1.30897,-1.77188
1.54762,-2.12188,-1.3118,-1.77188
1.53662,-2.05625,-1.31057,-1.70625
1.56836,-2.05625,-1.31022,-1.77188
1.55066,-1.99063,-1.31684,-1.85938
1.50594,-2.05625,-1.3316,-1.72812
1.54058,-2.05625,-1.32542,-1.79375
1.54063,-2.03437,-1.3303,-1.75
1.47816,-2.03437,-1.35233,-1.75
1.48897,-2.0125,-1.34441,-1.88125
1.46051,-2.05625,-1.34056,-1.77188
1.50621,-2.0125,-1.35184,-1.72812
1.50683,-1.96875,-1.3477,-1.94687
1.50745,-1.96875,-1.35083,-1.8375
1.44267,-1.96875,-1.34987,-1.8375
1.44067,-1.99063,-1.34426,-1.8375
1.47444,-1.99063,-1.33895,-1.81563
1.42099,-2.05625,-1.34352,-1.75
1.47307,-1.925,-1.34256,-1.79375
1.45393,-2.1,-1.33783,-1.90312
1.45368,-1.99063,-1.33281,-1.81563
1.4168,-1.94687,-1.33185,-1.85938
1.43312,-1.94687,-1.31142,-1.88125
1.41311,-1.96875,-1.32558,-1.90312
1.41111,-1.96875,-1.31387,-1.85938
1.39836,-2.03437,-1.30506,-1.8375
1.37718,-2.03437,-1.30847,-1.79375
1.39263,-1.925,-1.28164,-1.85938
1.37262,-1.925,-1.31441,-1.75
1.36975,-1.85938,-1.3056,-1.88125
1.36776,-1.99063,-1.30813,-1.77188
1.33,-1.85938,-1.30689,-1.75
1.32831,-1.77188,-1.29343,-1.88125
1.32457,-1.81563,-1.29422,-1.79375
1.35659,-1.925,-1.28425,-1.77188
1.33628,-1.94687,-1.28678,-1.59688
1.30259,-1.75,-1.28757,-1.88125
1.31166,-1.75,-1.29011,-1.88125
1.26053,-1.75,-1.2909,-1.6625
1.27423,-1.81563,-1.29256,-1.68437
1.29957,-1.85938,-1.29422,-1.70625
1.26618,-1.68437,-1.29501,-1.88125
1.21592,-1.68437,-1.29667,-1.79375
1.22294,-1.59688,-1.29746,-2.0125
1.27067,-1.85938,-1.29825,-1.75
1.26693,-1.6625,-1.29991,-1.925
1.21028,-1.68437,-1.3007,-1.8375
1.24056,-1.575,-1.30148,-1.85938
1.17199,-1.68437,-1.30227,-1.75
1.14906,-1.61875,-1.30219,-1.68437
1.18051,-1.72812,-1.30355,-1.75
1.1884,-1.575,-1.30521,-1.77188
1.21868,-1.59688,-1.306,-1.8375
1.17918,-1.61875,-1.30679,-1.88125
1.14549,-1.55313,-1.30758,-1.72812
1.18683,-1.59688,-1.3075,-1.70625
1.18134,-1.61875,-1.30741,-1.75
1.21249,-1.64062,-1.30877,-1.79375
1.10903,-1.64062,-1.30956,-1.75
1.16868,-1.75,-1.31035,-1.81563
1.13325,-1.68437,-1.3094,-1.79375
1.15772,-1.59688,-1.31018,-1.70625
1.17055,-1.6625,-1.31067,-1.70625
1.13105,-1.59688,-1.31146,-1.70625
1.11424,-1.575,-1.31138,-1.79375
1.13783,-1.575,-1.3113,-1.85938
1.16985,-1.64062,-1.31353,-1.6625
1.16524,-1.61875,-1.31432,-1.75
1.12604,-1.64062,-1.31511,-1.64062
1.09148,-1.575,-1.31502,-1.77188
1.05198,-1.24687,-1.31551,-1.79375
1.09476,-1.46562,-1.3163,-1.79375
1.10877,-1.77188,-1.3325,-1.6625
1.15242,-1.4875,-1.3205,-1.81563
1.13618,-1.46562,-1.32098,-1.77188
1.11412,-1.64062,-1.32177,-1.81563
1.09324,-1.44375,-1.32343,-1.79375
1.07205,-1.61875,-1.3248,-1.72812
1.1032,-1.50937,-1.32646,-1.8375
1.14598,-1.575,-1.32812,-1.72812
1.12567,-1.61875,-1.33035,-1.79375
1.07572,-1.53125,-1.33201,-1.75
1.10687,-1.4875,-1.33337,-1.77188
1.11476,-1.59688,-1.33503,-1.77188
1.11102,-1.53125,-1.3367,-1.8375
1.09595,-1.53125,-1.33806,-1.96875
1.10384,-1.4,-1.33972,-1.94687
1.16494,-1.575,-1.34225,-1.77188
1.0856,-1.6625,-1.34361,-1.79375
1.09467,-1.61875,-1.34615,-1.79375
1.10837,-1.53125,-1.34751,-2.0125
1.10638,-1.53125,-1.35091,-1.94687
1.12008,-1.55313,-1.37902,-1.925
1.05443,-1.53125,-1.35481,-2.07812
1.09808,-1.53125,-1.35617,-1.81563
1.11266,-1.575,-1.36161,-1.88125
1.10979,-1.53125,-1.36036,-1.79375
1.13687,-1.575,-1.36347,-1.88125
1.08778,-1.55313,-1.38315,-1.94687
1.08492,-1.70625,-1.36562,-1.79375
1.11694,-1.4875,-1.36728,-1.96875
1.11495,-1.50937,-1.36951,-1.85938
1.14232,-1.50937,-1.37175,-1.85938
1.09381,-1.53125,-1.37428,-1.79375
1.13746,-1.44375,-1.37564,-1.79375
1.10552,-1.55313,-1.3773,-1.88125
1.15122,-1.55313,-1.38041,-1.8375
1.11521,-1.55313,-1.38351,-1.85938
1.13066,-1.53125,-1.4093,-1.99063
1.11122,-1.50937,-1.41067,-2.05625
1.12697,-1.44375,-1.38877,-1.96875
1.14155,-1.4875,-1.40845,-1.88125
1.15787,-1.53125,-1.42232,-1.90312
1.13843,-1.59688,-1.39402,-1.94687
1.13731,-1.55313,-1.41952,-1.88125
1.1016,-1.55313,-1.42554,-1.81563
1.11705,-1.55313,-1.42254,-1.8375
1.14994,-1.575,-1.41867,-1.99063
1.15056,-1.55313,-1.43457,-1.88125
1.13317,-1.575,-1.42518,-2.05625
1.19601,-1.575,-1.44253,-1.96875
1.14837,-1.55313,-1.44476,-2.03437
1.1298,-1.33438,-1.44263,-1.88125
1.15893,-1.61875,-1.42191,-1.85938
1.17525,-1.61875,-1.45089,-1.85938
1.17762,-1.68437,-1.44847,-2.05625
1.21225,-1.64062,-1.45361,-2.1
1.17742,-1.75,-1.44015,-1.88125
1.21293,-1.64062,-1.46448,-1.88125
1.17866,-1.70625,-1.4516,-1.85938
1.22667,-1.6625,-1.4707,-1.90312
1.24648,-1.72812,-1.47467,-1.90312
1.21746,-1.75,-1.46528,-2.1
1.21895,-1.75,-1.46955,-2.0125
1.20126,-1.77188,-1.47528,-1.55313
1.23183,-1.77188,-1.47402,-1.96875
1.26764,-1.6625,-1.4844,-1.94687
1.25082,-1.70625,-1.49884,-2.14375
1.22411,-1.79375,-1.50573,-1.925
1.22386,-1.70625,-1.49982,-1.85938
1.27305,-1.70625,-1.49769,-2.03437
1.25797,-1.77188,-1.51155,-2.16562
1.24376,-1.6625,-1.51845,-2.16562
1.26445,-1.64062,-1.51719,-1.88125
1.23717,-1.70625,-1.5264,-2.03437
1.26948,-1.70625,-1.5359,-1.94687
1.2701,-1.70625,-1.53349,-1.94687
1.25415,-1.77188,-1.53049,-1.96875
1.24257,-1.68437,-1.54435,-2.05625
1.2557,-1.68437,-1.55298,-2.1875
1.27376,-1.75,-1.54009,-1.96875
1.25694,-1.75,-1.54843,-2.1
1.25873,-1.70625,-1.54282,-2.0125
1.2486,-1.70625,-1.54796,-2.07812
1.23265,-1.59688,-1.55019,-2.05625
1.25159,-1.75,-1.55242,-2.275
1.26414,-1.77188,-1.56454,-2.03437
1.26651,-1.77188,-1.55282,-1.94687
1.26713,-1.75,-1.55244,-2.07812
1.25699,-1.72812,-1.56281,-2.12188
1.26955,-1.70625,-1.55981,-2.20938
1.22539,-1.70625,-1.55972,-2.12188
1.24346,-1.68437,-1.5634,-2.29688
1.2624,-1.72812,-1.56679,-1.99063
1.27495,-1.72812,-1.5542,-2.0125
1.2465,-1.68437,-1.55672,-1.94687
1.22793,-1.6625,-1.53948,-2.14375
1.246,-1.68437,-1.5356,-1.99063
1.2286,-1.55313,-1.5294,-2.0125
1.29493,-1.68437,-1.51565,-2.05625
1.26735,-1.68437,-1.49782,-2.05625
1.29792,-1.61875,-1.48202,-2.0125
1.29972,-1.81563,-1.47291,-2.05625
1.22068,-1.81563,-1.47631,-2.07812
1.25706,-1.72812,-1.44511,-2.1
1.32369,-1.64062,-1.43658,-2.1875
1.3435,-1.64062,-1.42486,-2.16562
1.35662,-1.8375,-1.40993,-2.14375
1.32905,-1.8375,-1.40257,-2.03437
1.28345,-1.81563,-1.3923,-1.99063
1.28582,-1.88125,-1.37971,-2.05625
1.3347,-1.8375,-1.37932,-1.99063
1.38271,-1.77188,-1.36149,-2.12188
1.36706,-1.88125,-1.36285,-1.85938
1.35693,-1.925,-1.35985,-1.90312
1.35842,-1.88125,-1.36178,-1.99063
1.32677,-1.925,-1.34075,-1.925
1.37479,-1.96875,-1.35633,-1.8375
1.36552,-1.90312,-1.35797,-1.81563
1.36963,-1.90312,-1.35467,-1.925
1.35368,-1.81563,-1.35281,-1.77188
1.35605,-1.90312,-1.37567,-1.75
1.3404,-1.81563,-1.3773,-1.77188
1.36196,-1.8375,-1.37341,-1.75
1.40997,-1.8375,-1.38174,-1.77188
1.3475,-1.77188,-1.39413,-1.77188
1.36731,-1.8375,-1.39315,-1.70625
1.36881,-1.8375,-1.39827,-1.77188
1.36943,-1.90312,-1.40805,-1.79375
1.37092,-1.81563,-1.39573,-1.77188
1.32503,-1.79375,-1.41423,-1.85938
1.33902,-1.925,-1.41237,-1.90312
1.33965,-1.85938,-1.39802,-1.77188
1.35858,-1.81563,-1.40256,-1.79375
1.36095,-1.88125,-1.39518,-1.8375
1.36157,-1.8375,-1.39653,-1.90312
1.31568,-1.88125,-1.40252,-1.81563
1.33317,-1.72812,-1.38206,-1.96875
1.33728,-1.8375,-1.39358,-1.96875
1.35041,-1.8375,-1.37922,-1.96875
1.36847,-2.0125,-1.38463,-1.79375
1.3534,-1.8375,-1.38714,-1.96875
1.34326,-1.8375,-1.37365,-1.925
1.30987,-2.0125,-1.37093,-1.94687
1.34625,-1.81563,-1.38157,-2.05625
1.34687,-1.8375,-1.36373,-1.8375
1.35912,-1.81563,-1.3738,-1.8375
1.35887,-1.88125,-1.36468,-1.925
1.31385,-1.925,-1.37009,-1.90312
1.3136,-1.85938,-1.35573,-1.85938
1.29533,-1.72812,-1.35649,-1.85938
1.2852,-1.75,-1.37063,-1.925
1.28407,-1.81563,-1.35831,-1.925
1.31464,-1.64062,-1.34831,-1.77188
1.34928,-1.68437,-1.34994,-1.96875
1.33159,-1.81563,-1.34198,-1.81563
1.2665,-1.79375,-1.33838,-1.79375
1.24706,-1.68437,-1.33391,-1.8375
1.22762,-1.68437,-1.32246,-1.75
1.22563,-1.70625,-1.31595,-1.8375
1.2594,-1.70625,-1.30508,-1.77188
1.32254,-1.70625,-1.31194,-1.90312
1.25745,-1.72812,-1.31009,-1.81563
1.22057,-1.68437,-1.29224,-1.72812
1.2177,-1.6625,-1.30027,-1.79375
1.23315,-1.61875,-1.28969,-1.72812
1.21284,-1.64062,-1.2922,-1.6625
1.19835,-1.68437,-1.29296,-1.77188
1.20711,-1.68437,-1.27947,-1.72812
1.17604,-1.6625,-1.27762,-1.70625
1.20312,-1.59688,-1.27867,-1.68437
1.20055,-1.55313,-1.28088,-1.72812
1.18693,-1.6625,-1.2639,-1.68437
1.11923,-1.53125,-1.27193,-1.72812
1.14543,-1.55313,-1.2663,-1.77188
1.16088,-1.68437,-1.26357,-1.59688
1.17546,-1.53125,-1.26375,-1.68437
1.15602,-1.72812,-1.24735,-1.85938
1.11827,-1.64062,-1.24171,-1.75
1.03981,-1.4875,-1.23549,-1.72812
1.10033,-1.575,-1.22928,-1.64062
1.12654,-1.44375,-1.22829,-1.72812
1.0946,-1.53125,-1.22701,-1.53125
1.10249,-1.44375,-1.20713,-1.64062
1.0688,-1.4875,-1.20788,-1.6625
1.06419,-1.4,-1.21415,-1.64062
1.02557,-1.46562,-1.20181,-1.68437
1.0384,-1.55313,-1.23105,-1.64062
1.03466,-1.4,-1.21435,-1.44375
1.04719,-1.42188,-1.19823,-1.61875
1.02514,-1.4,-1.20828,-1.6625
1.0214,-1.50937,-1.19506,-1.53125
0.985969,-1.37813,-1.19261,-1.64062
0.946469,-1.35625,-1.19102,-1.64062
0.959303,-1.33438,-1.20834,-1.64062
0.953819,-1.29062,-1.18786,-1.59688
0.978282,-1.33438,-1.1979,-1.61875
0.908836,-1.1375,-1.18499,-1.46562
0.98476,-1.15938,-1.18341,-1.64062
0.851351,-1.24687,-1.19549,-1.64062
0.955477,-1.20312,-1.1785,-1.64062
0.937191,-1.24687,-1.17604,-1.575
0.851173,-1.35625,-1.17533,-1.59688
0.925353,-1.18125,-1.172,-1.4
0.855034,-1.24687,-1.16955,-1.55313
0.878625,-1.11563,-1.16796,-1.55313
0.91966,-1.29062,-1.16638,-1.35625
0.900803,-1.15938,-1.16305,-1.50937
0.783966,-1.225,-1.1606,-1.61875
0.85233,-1.225,-1.15727,-1.4
0.771254,-1.11563,-1.15568,-1.55313
0.823047,-1.225,-1.15323,-1.4
0.787617,-1.09375,-1.15077,-1.61875
0.781262,-1.11563,-1.14832,-1.61875
0.745832,-1.11563,-1.14586,-1.53125
0.740349,-1.00625,-1.14398,-1.55313
0.732821,-1.05,-1.14065,-1.42188
0.727338,-1.00625,-1.13907,-1.50937
0.720982,-1.00625,-1.13661,-1.55313
0.744573,-1.11563,-1.13503,-1.50937
0.848699,-0.9625,-1.13257,-1.50937
0.824899,-1.15938,-1.13012,-1.35625
0.772025,-1.02812,-1.12766,-1.575
0.690077,-1.18125,-1.12521,-1.3125
0.682849,-1.02812,-1.12188,-1.55313
0.787847,-1.11563,-1.12,-1.53125
0.810566,-0.9625,-1.11754,-1.6625
0.805954,-1.1375,-1.11683,-1.55313
0.689117,-1.00625,-1.11437,-1.53125
0.653688,-1.00625,-1.11192,-1.53125
0.757814,-0.940625,-1.10946,-1.575
0.717441,-0.940625,-1.10758,-1.55313
0.746847,-0.984375,-1.106,-1.55313
0.687286,-1.02812,-1.10267,-1.50937
0.746638,-1.05,-1.10196,-1.4875
0.647245,-1.00625,-1.0995,-1.46562
0.734799,-0.984375,-1.09762,-1.46562
0.635406,-1.11563,-1.09516,-1.46562
0.740404,-0.940625,-1.09358,-1.46562
0.641884,-0.940625,-1.092,-1.50937
0.746882,-0.940625,-1.09011,-1.46562
0.630045,-1.02812,-1.08766,-1.44375
0.718471,-0.896875,-1.08695,-1.44375
0.712116,-0.896875,-1.08449,-1.50937
0.68976,-0.984375,-1.08348,-1.44375
0.636886,-0.940625,-1.08102,-1.44375
0.677921,-1.02812,-1.07944,-1.44375
0.709071,-1.02812,-1.0793,-1.44375
0.657069,-1.02812,-1.07742,-1.46562
0.664088,-0.940625,-1.07671,-1.44375
0.676049,-0.940625,-1.07482,-1.46562
0.670566,-0.9625,-1.07294,-1.44375
0.64851,-0.940625,-1.07223,-1.42188
0.613953,-0.91875,-1.07035,-1.55313
0.627658,-0.853125,-1.07021,-1.42188
0.623047,-0.896875,-1.0695,-1.44375
0.682399,-0.940625,-1.06848,-1.42188
0.660343,-0.896875,-1.06747,-1.42188
0.655732,-0.896875,-1.06676,-1.53125
0.617104,-0.91875,-1.06662,-1.42188
0.613366,-0.91875,-1.06648,-1.4
0.660216,-0.91875,-1.0646,-1.46562
0.668979,-0.91875,-1.06563,-1.46562
0.654482,-0.9625,-1.06637,-1.44375
0.651616,-0.896875,-1.0671,-1.53125
0.658634,-0.940625,-1.06609,-1.55313
0.64501,-0.875,-1.068,-1.4
0.653773,-0.896875,-1.06873,-1.46562
0.685795,-0.984375,-1.06946,-1.42188
0.64804,-0.896875,-1.0702,-1.42188
0.645173,-0.91875,-1.07123,-1.44375
0.659751,-0.875,-1.07196,-1.44375
0.691773,-0.896875,-1.0727,-1.42188
0.688906,-0.9625,-1.07343,-1.4
0.632834,-0.9625,-1.07329,-1.42188
0.682301,-0.984375,-1.07402,-1.44375
0.662862,-1.02812,-1.07593,-1.4
0.67744,-0.9625,-1.07666,-1.44375
0.704519,-0.984375,-1.07827,-1.46562
0.654834,-0.984375,-1.079,-1.37813
0.633651,-0.984375,-1.07886,-1.44375
0.677303,-0.984375,-1.0796,-1.42188
0.663679,-0.896875,-1.0812,-1.46562
0.64424,-0.896875,-1.08223,-1.42188
0.689936,-0.896875,-1.11233,-1.42188
0.657995,-0.9625,-1.08545,-1.46562
0.656873,-0.9625,-1.08792,-1.44375
0.683953,-0.809375,-1.08953,-1.46562
0.717719,-0.83125,-1.09201,-1.44375
0.699153,-0.896875,-1.09361,-1.46562
0.697158,-0.65625,-1.12575,-1.50937
