2.800000000000000000e+01 9.600000000000000000e+01
2.700000000000000000e+01 9.200000000000000000e+01
2.700000000000000000e+01 9.100000000000000000e+01
2.700000000000000000e+01 8.600000000000000000e+01
2.700000000000000000e+01 8.500000000000000000e+01
2.700000000000000000e+01 8.000000000000000000e+01
2.700000000000000000e+01 7.900000000000000000e+01
2.700000000000000000e+01 7.500000000000000000e+01
2.700000000000000000e+01 7.400000000000000000e+01
2.700000000000000000e+01 6.900000000000000000e+01
2.700000000000000000e+01 6.800000000000000000e+01
2.700000000000000000e+01 6.400000000000000000e+01
2.700000000000000000e+01 6.300000000000000000e+01
2.600000000000000000e+01 5.900000000000000000e+01
2.500000000000000000e+01 5.800000000000000000e+01
2.400000000000000000e+01 5.600000000000000000e+01
2.300000000000000000e+01 5.600000000000000000e+01
2.200000000000000000e+01 5.600000000000000000e+01
