2.600000000000000000e+01 9.800000000000000000e+01
2.500000000000000000e+01 9.600000000000000000e+01
2.500000000000000000e+01 9.500000000000000000e+01
2.500000000000000000e+01 9.300000000000000000e+01
2.500000000000000000e+01 9.200000000000000000e+01
2.600000000000000000e+01 8.700000000000000000e+01
2.600000000000000000e+01 8.600000000000000000e+01
2.600000000000000000e+01 8.100000000000000000e+01
2.600000000000000000e+01 8.000000000000000000e+01
2.600000000000000000e+01 7.500000000000000000e+01
2.700000000000000000e+01 7.400000000000000000e+01
2.700000000000000000e+01 6.900000000000000000e+01
2.700000000000000000e+01 6.800000000000000000e+01
2.700000000000000000e+01 6.300000000000000000e+01
2.700000000000000000e+01 6.200000000000000000e+01
2.700000000000000000e+01 5.800000000000000000e+01
2.700000000000000000e+01 5.700000000000000000e+01
2.500000000000000000e+01 5.400000000000000000e+01
2.500000000000000000e+01 5.300000000000000000e+01
2.600000000000000000e+01 5.200000000000000000e+01
