1.070000000000000000e+02 5.400000000000000000e+01
1.040000000000000000e+02 5.200000000000000000e+01
1.030000000000000000e+02 5.200000000000000000e+01
9.800000000000000000e+01 5.100000000000000000e+01
9.700000000000000000e+01 5.100000000000000000e+01
9.200000000000000000e+01 5.200000000000000000e+01
9.100000000000000000e+01 5.200000000000000000e+01
8.600000000000000000e+01 5.200000000000000000e+01
8.500000000000000000e+01 5.200000000000000000e+01
8.000000000000000000e+01 5.300000000000000000e+01
7.900000000000000000e+01 5.300000000000000000e+01
7.400000000000000000e+01 5.400000000000000000e+01
7.300000000000000000e+01 5.400000000000000000e+01
6.800000000000000000e+01 5.400000000000000000e+01
6.700000000000000000e+01 5.500000000000000000e+01
6.300000000000000000e+01 5.500000000000000000e+01
6.200000000000000000e+01 5.500000000000000000e+01
5.700000000000000000e+01 5.600000000000000000e+01
5.600000000000000000e+01 5.600000000000000000e+01
5.100000000000000000e+01 5.600000000000000000e+01
5.000000000000000000e+01 5.700000000000000000e+01
4.500000000000000000e+01 5.700000000000000000e+01
4.400000000000000000e+01 5.700000000000000000e+01
4.000000000000000000e+01 5.800000000000000000e+01
3.900000000000000000e+01 5.800000000000000000e+01
3.400000000000000000e+01 5.900000000000000000e+01
3.300000000000000000e+01 5.900000000000000000e+01
2.800000000000000000e+01 6.000000000000000000e+01
2.700000000000000000e+01 6.000000000000000000e+01
2.200000000000000000e+01 6.000000000000000000e+01
2.100000000000000000e+01 6.000000000000000000e+01
1.900000000000000000e+01 6.000000000000000000e+01
