-0.88880 1.97372
-0.88847 1.97336
-0.88815 1.97301
-0.88783 1.97266
-0.88750 1.97230
-0.88718 1.97195
-0.88685 1.97159
-0.88653 1.97124
-0.88621 1.97088
-0.88588 1.97053
-0.88556 1.97017
-0.88523 1.96982
-0.88491 1.96946
-0.88459 1.96911
-0.88426 1.96875
-0.88394 1.96840
-0.88361 1.96804
-0.88329 1.96769
-0.88297 1.96733
-0.88264 1.96698
-0.88232 1.96662
-0.88200 1.96626
-0.88167 1.96591
-0.88135 1.96555
-0.88103 1.96520
-0.88070 1.96484
-0.88038 1.96448
-0.88006 1.96413
-0.87973 1.96377
-0.87941 1.96341
-0.87909 1.96306
-0.87876 1.96270
-0.87844 1.96234
-0.87812 1.96198
-0.87779 1.96162
-0.87747 1.96126
-0.87714 1.96089
-0.87682 1.96053
-0.87650 1.96017
-0.87617 1.95981
-0.87585 1.95945
-0.87552 1.95909
-0.87520 1.95873
-0.87488 1.95837
-0.87455 1.95801
-0.87423 1.95764
-0.87391 1.95728
-0.87358 1.95692
-0.87326 1.95656
-0.87293 1.95620
-0.87261 1.95583
-0.87229 1.95547
-0.87196 1.95511
-0.87164 1.95475
-0.87132 1.95438
-0.87099 1.95402
-0.87067 1.95366
-0.87035 1.95330
-0.87002 1.95293
-0.86970 1.95257
-0.86938 1.95221
-0.86906 1.95184
-0.86873 1.95148
-0.86841 1.95112
-0.86809 1.95075
-0.86776 1.95039
-0.86744 1.95003
-0.86712 1.94966
-0.86679 1.94930
-0.86647 1.94894
-0.86615 1.94857
-0.86583 1.94822
-0.86551 1.94786
-0.86519 1.94750
-0.86487 1.94714
-0.86455 1.94678
-0.86423 1.94642
-0.86391 1.94606
-0.86359 1.94571
-0.86327 1.94535
-0.86295 1.94499
-0.86263 1.94463
-0.86231 1.94427
-0.86199 1.94391
-0.86167 1.94355
-0.86135 1.94319
-0.86103 1.94283
-0.86071 1.94247
-0.86039 1.94211
-0.86007 1.94175
-0.85975 1.94139
-0.85943 1.94103
-0.85911 1.94067
-0.85879 1.94031
-0.85847 1.93995
-0.85815 1.93959
-0.85783 1.93923
-0.85751 1.93887
-0.85719 1.93851
-0.85687 1.93815
-0.85655 1.93779
-0.85623 1.93743
-0.85591 1.93706
-0.85559 1.93670
-0.85528 1.93634
-0.85496 1.93598
-0.85464 1.93562
-0.85432 1.93526
-0.85400 1.93490
-0.85368 1.93453
-0.85336 1.93418
-0.85305 1.93382
-0.85273 1.93346
-0.85241 1.93310
-0.85209 1.93274
-0.85178 1.93238
-0.85146 1.93202
-0.85114 1.93167
-0.85082 1.93131
-0.85051 1.93095
-0.85019 1.93059
-0.84987 1.93023
-0.84955 1.92987
-0.84924 1.92951
-0.84892 1.92915
-0.84860 1.92879
-0.84829 1.92843
-0.84797 1.92807
-0.84765 1.92771
-0.84733 1.92735
-0.84702 1.92699
-0.84670 1.92663
-0.84638 1.92627
-0.84607 1.92591
-0.84575 1.92555
-0.84543 1.92519
-0.84512 1.92483
-0.84480 1.92447
-0.84448 1.92411
-0.84417 1.92374
-0.84385 1.92338
-0.84353 1.92302
-0.84322 1.92266
-0.84290 1.92230
-0.84258 1.92194
-0.84227 1.92158
-0.84195 1.92121
-0.84163 1.92085
-0.84132 1.92049
-0.84100 1.92013
-0.84069 1.91977
-0.84037 1.91941
-0.84005 1.91904
-0.83974 1.91868
-0.83942 1.91832
-0.83911 1.91796
-0.83879 1.91759
-0.83847 1.91723
-0.83816 1.91687
-0.83784 1.91651
-0.83753 1.91615
-0.83722 1.91579
-0.83690 1.91544
-0.83659 1.91508
-0.83627 1.91472
-0.83596 1.91436
-0.83565 1.91401
-0.83533 1.91365
-0.83502 1.91329
-0.83471 1.91293
-0.83439 1.91258
-0.83408 1.91222
-0.83377 1.91186
-0.83345 1.91150
-0.83314 1.91114
-0.83283 1.91078
-0.83251 1.91042
-0.83220 1.91007
-0.83189 1.90971
-0.83157 1.90935
-0.83126 1.90899
-0.83095 1.90863
-0.83064 1.90827
-0.83032 1.90791
-0.83001 1.90755
-0.82970 1.90719
-0.82938 1.90683
-0.82907 1.90647
-0.82876 1.90611
-0.82844 1.90575
-0.82813 1.90539
-0.82782 1.90503
-0.82751 1.90467
-0.82719 1.90431
-0.82688 1.90395
-0.82657 1.90359
-0.82626 1.90323
-0.82594 1.90287
-0.82563 1.90251
-0.82532 1.90215
-0.82501 1.90179
-0.82469 1.90143
-0.82438 1.90107
-0.82407 1.90071
-0.82376 1.90035
-0.82344 1.89998
-0.82313 1.89962
-0.82282 1.89926
-0.82251 1.89890
-0.82220 1.89854
-0.82188 1.89818
-0.82157 1.89781
-0.82126 1.89745
-0.82095 1.89709
-0.82064 1.89673
-0.82032 1.89637
-0.82001 1.89601
-0.81970 1.89565
-0.81939 1.89530
-0.81908 1.89494
-0.81877 1.89458
-0.81847 1.89423
-0.81816 1.89387
-0.81785 1.89352
-0.81754 1.89316
-0.81723 1.89281
-0.81692 1.89245
-0.81661 1.89209
-0.81630 1.89174
-0.81599 1.89138
-0.81568 1.89103
-0.81538 1.89067
-0.81507 1.89031
-0.81476 1.88996
-0.81445 1.88960
-0.81414 1.88924
-0.81383 1.88889
-0.81352 1.88853
-0.81321 1.88817
-0.81291 1.88781
-0.81260 1.88746
-0.81229 1.88710
-0.81198 1.88674
-0.81167 1.88638
-0.81136 1.88603
-0.81106 1.88567
-0.81075 1.88531
-0.81044 1.88495
-0.81013 1.88460
-0.80982 1.88424
-0.80951 1.88388
-0.80921 1.88352
-0.80890 1.88316
-0.80859 1.88280
-0.80828 1.88245
-0.80797 1.88209
-0.80766 1.88173
-0.80736 1.88137
-0.80705 1.88101
-0.80674 1.88065
-0.80643 1.88029
-0.80612 1.87993
-0.80582 1.87958
-0.80551 1.87922
-0.80520 1.87886
-0.80489 1.87850
-0.80458 1.87814
-0.80428 1.87778
-0.80397 1.87742
-0.80366 1.87706
-0.80335 1.87670
-0.80305 1.87634
-0.80274 1.87598
-0.80243 1.87562
-0.80212 1.87526
-0.80182 1.87490
-0.80151 1.87454
-0.80120 1.87418
-0.80089 1.87382
-0.80059 1.87345
-0.80028 1.87310
-0.79998 1.87275
-0.79967 1.87240
-0.79937 1.87204
-0.79906 1.87169
-0.79876 1.87134
-0.79846 1.87099
-0.79815 1.87063
-0.79785 1.87028
-0.79754 1.86993
-0.79724 1.86958
-0.79694 1.86922
-0.79663 1.86887
-0.79633 1.86852
-0.79602 1.86816
-0.79572 1.86781
-0.79542 1.86746
-0.79511 1.86710
-0.79481 1.86675
-0.79450 1.86640
-0.79420 1.86604
-0.79390 1.86569
-0.79359 1.86533
-0.79329 1.86498
-0.79299 1.86462
-0.79268 1.86427
-0.79238 1.86392
-0.79208 1.86356
-0.79177 1.86321
-0.79147 1.86285
-0.79117 1.86250
-0.79086 1.86214
-0.79056 1.86179
-0.79025 1.86143
-0.78995 1.86108
-0.78965 1.86072
-0.78934 1.86037
-0.78904 1.86001
-0.78874 1.85966
-0.78843 1.85930
-0.78813 1.85895
-0.78783 1.85859
-0.78753 1.85823
-0.78722 1.85788
-0.78692 1.85752
-0.78662 1.85717
-0.78631 1.85681
-0.78601 1.85645
-0.78571 1.85610
-0.78540 1.85574
-0.78510 1.85538
-0.78480 1.85503
-0.78449 1.85467
-0.78419 1.85431
-0.78389 1.85396
-0.78359 1.85360
-0.78328 1.85324
-0.78298 1.85289
-0.78268 1.85253
-0.78237 1.85217
-0.78207 1.85181
-0.78177 1.85146
-0.78147 1.85110
-0.78116 1.85074
-0.78086 1.85038
-0.78056 1.85002
-0.78026 1.84967
-0.77996 1.84932
-0.77966 1.84897
-0.77936 1.84863
-0.77906 1.84828
-0.77876 1.84793
-0.77847 1.84758
-0.77817 1.84724
-0.77787 1.84689
-0.77757 1.84654
-0.77727 1.84619
-0.77697 1.84584
-0.77667 1.84550
-0.77638 1.84515
-0.77608 1.84480
-0.77578 1.84445
-0.77548 1.84410
-0.77518 1.84375
-0.77488 1.84340
-0.77459 1.84306
-0.77429 1.84271
-0.77399 1.84236
-0.77369 1.84201
-0.77339 1.84166
-0.77309 1.84131
-0.77280 1.84096
-0.77250 1.84061
-0.77220 1.84026
-0.77190 1.83991
-0.77160 1.83956
-0.77131 1.83921
-0.77101 1.83886
-0.77071 1.83851
-0.77041 1.83816
-0.77011 1.83781
-0.76982 1.83746
-0.76952 1.83711
-0.76922 1.83676
-0.76892 1.83641
-0.76862 1.83606
-0.76833 1.83571
-0.76803 1.83536
-0.76773 1.83501
-0.76743 1.83466
-0.76714 1.83431
-0.76684 1.83395
-0.76654 1.83360
-0.76624 1.83325
-0.76595 1.83290
-0.76565 1.83255
-0.76535 1.83220
-0.76505 1.83185
-0.76475 1.83149
-0.76446 1.83114
-0.76416 1.83079
-0.76386 1.83044
-0.76356 1.83009
-0.76327 1.82973
-0.76297 1.82938
-0.76267 1.82903
-0.76237 1.82868
-0.76208 1.82832
-0.76178 1.82797
-0.76148 1.82762
-0.76119 1.82727
-0.76089 1.82691
-0.76059 1.82656
-0.76029 1.82621
-0.76001 1.82588
-0.75972 1.82555
-0.75943 1.82522
-0.75914 1.82488
-0.75885 1.82455
-0.75856 1.82422
-0.75827 1.82389
-0.75798 1.82356
-0.75769 1.82323
-0.75740 1.82289
-0.75711 1.82256
-0.75682 1.82223
-0.75653 1.82190
-0.75625 1.82157
-0.75596 1.82123
-0.75567 1.82090
-0.75538 1.82057
-0.75509 1.82024
-0.75480 1.81990
-0.75451 1.81957
-0.75422 1.81924
-0.75393 1.81891
-0.75365 1.81857
-0.75336 1.81824
-0.75307 1.81791
-0.75278 1.81757
-0.75249 1.81724
-0.75220 1.81691
-0.75191 1.81657
-0.75162 1.81624
-0.75133 1.81591
-0.75105 1.81557
-0.75076 1.81524
-0.75047 1.81490
-0.75018 1.81457
-0.74989 1.81424
-0.74960 1.81390
-0.74931 1.81357
-0.74903 1.81323
-0.74874 1.81290
-0.74845 1.81257
-0.74816 1.81223
-0.74787 1.81190
-0.74758 1.81156
-0.74729 1.81123
-0.74701 1.81089
-0.74672 1.81056
-0.74643 1.81022
-0.74614 1.80989
-0.74585 1.80955
-0.74556 1.80922
-0.74528 1.80888
-0.74499 1.80855
-0.74470 1.80821
-0.74441 1.80787
-0.74412 1.80754
-0.74383 1.80720
-0.74355 1.80687
-0.74325 1.80652
-0.74296 1.80618
-0.74267 1.80584
-0.74238 1.80549
-0.74209 1.80515
-0.74180 1.80481
-0.74151 1.80446
-0.74122 1.80412
-0.74093 1.80378
-0.74064 1.80343
-0.74035 1.80309
-0.74006 1.80274
-0.73977 1.80240
-0.73948 1.80206
-0.73919 1.80171
-0.73890 1.80137
-0.73860 1.80102
-0.73831 1.80068
-0.73802 1.80033
-0.73773 1.79999
-0.73744 1.79964
-0.73715 1.79930
-0.73686 1.79895
-0.73657 1.79861
-0.73628 1.79826
-0.73599 1.79792
-0.73570 1.79757
-0.73541 1.79723
-0.73512 1.79688
-0.73483 1.79654
-0.73454 1.79619
-0.73425 1.79585
-0.73396 1.79550
-0.73367 1.79515
-0.73338 1.79481
-0.73309 1.79446
-0.73280 1.79412
-0.73251 1.79377
-0.73222 1.79342
-0.73193 1.79308
-0.73164 1.79273
-0.73135 1.79238
-0.73106 1.79204
-0.73077 1.79169
-0.73048 1.79134
-0.73019 1.79100
-0.72990 1.79065
-0.72961 1.79030
-0.72932 1.78995
-0.72903 1.78961
-0.72874 1.78926
-0.72845 1.78891
-0.72816 1.78857
-0.72787 1.78822
-0.72758 1.78787
-0.72729 1.78752
-0.72700 1.78717
-0.72671 1.78683
-0.72642 1.78648
-0.72613 1.78613
-0.72584 1.78578
-0.72555 1.78543
-0.72526 1.78509
-0.72498 1.78475
-0.72469 1.78441
-0.72440 1.78408
-0.72412 1.78374
-0.72383 1.78340
-0.72355 1.78306
-0.72326 1.78272
-0.72297 1.78238
-0.72269 1.78204
-0.72240 1.78170
-0.72211 1.78136
-0.72183 1.78102
-0.72154 1.78068
-0.72126 1.78034
-0.72097 1.78000
-0.72068 1.77966
-0.72040 1.77932
-0.72011 1.77898
-0.71983 1.77864
-0.71954 1.77830
-0.71925 1.77796
-0.71897 1.77761
-0.71868 1.77727
-0.71840 1.77693
-0.71811 1.77659
-0.71782 1.77625
-0.71754 1.77591
-0.71725 1.77557
-0.71697 1.77523
-0.71668 1.77488
-0.71639 1.77454
-0.71611 1.77420
-0.71582 1.77386
-0.71554 1.77352
-0.71525 1.77318
-0.71496 1.77283
-0.71468 1.77249
-0.71439 1.77215
-0.71411 1.77181
-0.71382 1.77146
-0.71353 1.77112
-0.71325 1.77078
-0.71296 1.77044
-0.71268 1.77009
-0.71239 1.76975
-0.71211 1.76941
-0.71182 1.76907
-0.71153 1.76872
-0.71125 1.76838
-0.71096 1.76804
-0.71068 1.76769
-0.71039 1.76735
-0.71011 1.76701
-0.70982 1.76666
-0.70954 1.76632
-0.70925 1.76598
-0.70896 1.76563
-0.70868 1.76529
-0.70839 1.76494
-0.70811 1.76460
-0.70782 1.76425
-0.70753 1.76390
-0.70725 1.76355
-0.70696 1.76320
-0.70667 1.76285
-0.70638 1.76250
-0.70610 1.76215
-0.70581 1.76180
-0.70552 1.76145
-0.70523 1.76110
-0.70495 1.76075
-0.70466 1.76040
-0.70437 1.76005
-0.70408 1.75970
-0.70380 1.75935
-0.70351 1.75899
-0.70322 1.75864
-0.70294 1.75829
-0.70265 1.75794
-0.70236 1.75759
-0.70207 1.75724
-0.70179 1.75688
-0.70150 1.75653
-0.70121 1.75618
-0.70092 1.75583
-0.70064 1.75548
-0.70035 1.75512
-0.70006 1.75477
-0.69978 1.75442
-0.69949 1.75407
-0.69920 1.75372
-0.69891 1.75336
-0.69863 1.75301
-0.69834 1.75266
-0.69805 1.75230
-0.69777 1.75195
-0.69748 1.75160
-0.69719 1.75124
-0.69690 1.75089
-0.69662 1.75054
-0.69633 1.75018
-0.69604 1.74983
-0.69576 1.74948
-0.69547 1.74912
-0.69518 1.74877
-0.69490 1.74842
-0.69461 1.74806
-0.69432 1.74771
-0.69403 1.74735
-0.69375 1.74700
-0.69346 1.74665
-0.69317 1.74629
-0.69289 1.74594
-0.69260 1.74558
-0.69231 1.74523
-0.69203 1.74487
-0.69174 1.74452
-0.69145 1.74416
-0.69117 1.74381
-0.69088 1.74345
-0.69059 1.74310
-0.69030 1.74274
-0.69002 1.74239
-0.68973 1.74203
-0.68944 1.74168
-0.68916 1.74132
-0.68887 1.74097
-0.68859 1.74062
-0.68831 1.74028
-0.68802 1.73993
-0.68774 1.73958
-0.68745 1.73923
-0.68717 1.73888
-0.68688 1.73853
-0.68660 1.73818
-0.68631 1.73783
-0.68603 1.73748
-0.68575 1.73713
-0.68546 1.73678
-0.68518 1.73643
-0.68489 1.73608
-0.68461 1.73573
-0.68432 1.73538
-0.68404 1.73503
-0.68376 1.73467
-0.68347 1.73432
-0.68319 1.73397
-0.68290 1.73362
-0.68262 1.73327
-0.68233 1.73292
-0.68205 1.73257
-0.68177 1.73222
-0.68148 1.73187
-0.68120 1.73151
-0.68091 1.73116
-0.68063 1.73081
-0.68034 1.73046
-0.68006 1.73011
-0.67978 1.72976
-0.67949 1.72940
-0.67921 1.72905
-0.67892 1.72870
-0.67864 1.72835
-0.67836 1.72799
-0.67807 1.72764
-0.67779 1.72729
-0.67750 1.72694
-0.67722 1.72658
-0.67694 1.72623
-0.67665 1.72588
-0.67637 1.72553
-0.67608 1.72517
-0.67580 1.72482
-0.67552 1.72447
-0.67523 1.72411
-0.67495 1.72376
-0.67466 1.72341
-0.67438 1.72305
-0.67410 1.72270
-0.67381 1.72234
-0.67353 1.72199
-0.67324 1.72164
-0.67296 1.72128
-0.67268 1.72093
-0.67239 1.72057
-0.67211 1.72022
-0.67182 1.71986
-0.67154 1.71951
-0.67125 1.71915
-0.67097 1.71880
-0.67069 1.71844
-0.67040 1.71808
-0.67012 1.71773
-0.66983 1.71737
-0.66955 1.71701
-0.66926 1.71666
-0.66898 1.71630
-0.66870 1.71594
-0.66841 1.71559
-0.66813 1.71523
-0.66784 1.71487
-0.66756 1.71452
-0.66727 1.71416
-0.66699 1.71380
-0.66671 1.71345
-0.66642 1.71309
-0.66614 1.71273
-0.66585 1.71237
-0.66557 1.71202
-0.66528 1.71166
-0.66500 1.71130
-0.66472 1.71094
-0.66443 1.71058
-0.66415 1.71023
-0.66386 1.70987
-0.66358 1.70951
-0.66330 1.70915
-0.66301 1.70879
-0.66273 1.70843
-0.66244 1.70808
-0.66216 1.70772
-0.66188 1.70736
-0.66159 1.70700
-0.66131 1.70664
-0.66102 1.70628
-0.66074 1.70592
-0.66045 1.70556
-0.66017 1.70520
-0.65989 1.70484
-0.65960 1.70448
-0.65932 1.70412
-0.65903 1.70376
-0.65875 1.70340
-0.65847 1.70304
-0.65818 1.70268
-0.65790 1.70232
-0.65761 1.70196
-0.65733 1.70160
-0.65705 1.70124
-0.65676 1.70088
-0.65648 1.70052
-0.65619 1.70016
-0.65591 1.69980
-0.65563 1.69944
-0.65534 1.69908
-0.65506 1.69872
-0.65477 1.69836
-0.65449 1.69800
-0.65421 1.69763
-0.65392 1.69727
-0.65364 1.69691
-0.65335 1.69655
-0.65307 1.69619
-0.65279 1.69583
-0.65250 1.69546
-0.65222 1.69511
-0.65194 1.69476
-0.65166 1.69440
-0.65138 1.69405
-0.65110 1.69370
-0.65082 1.69335
-0.65054 1.69300
-0.65026 1.69265
-0.64998 1.69229
-0.64970 1.69194
-0.64942 1.69159
-0.64914 1.69124
-0.64886 1.69089
-0.64858 1.69053
-0.64830 1.69018
-0.64802 1.68983
-0.64774 1.68948
-0.64746 1.68912
-0.64718 1.68877
-0.64690 1.68842
-0.64662 1.68806
-0.64634 1.68771
-0.64606 1.68736
-0.64578 1.68700
-0.64550 1.68665
-0.64522 1.68630
-0.64494 1.68594
-0.64466 1.68559
-0.64438 1.68524
-0.64410 1.68488
-0.64382 1.68453
-0.64354 1.68417
-0.64326 1.68382
-0.64298 1.68347
-0.64270 1.68311
-0.64242 1.68276
-0.64214 1.68240
-0.64186 1.68205
-0.64158 1.68169
-0.64130 1.68134
-0.64102 1.68098
-0.64074 1.68063
-0.64046 1.68027
-0.64018 1.67992
-0.63990 1.67956
-0.63962 1.67921
-0.63934 1.67885
-0.63906 1.67850
-0.63878 1.67814
-0.63850 1.67779
-0.63822 1.67743
-0.63794 1.67708
-0.63766 1.67672
-0.63738 1.67636
-0.63710 1.67601
-0.63682 1.67565
-0.63654 1.67530
-0.63626 1.67494
-0.63598 1.67458
-0.63570 1.67423
-0.63542 1.67387
-0.63514 1.67351
-0.63486 1.67316
-0.63458 1.67280
-0.63430 1.67244
-0.63402 1.67208
-0.63374 1.67173
-0.63346 1.67137
-0.63318 1.67101
-0.63290 1.67066
-0.63262 1.67030
-0.63234 1.66994
-0.63206 1.66958
-0.63178 1.66922
-0.63150 1.66887
-0.63122 1.66852
-0.63095 1.66817
-0.63067 1.66783
-0.63039 1.66748
-0.63012 1.66713
-0.62984 1.66679
-0.62957 1.66644
-0.62929 1.66609
-0.62901 1.66575
-0.62874 1.66540
-0.62846 1.66505
-0.62819 1.66471
-0.62791 1.66436
-0.62764 1.66401
-0.62736 1.66367
-0.62708 1.66332
-0.62681 1.66297
-0.62653 1.66262
-0.62626 1.66228
-0.62598 1.66193
-0.62571 1.66158
-0.62543 1.66123
-0.62515 1.66088
-0.62488 1.66054
-0.62460 1.66019
-0.62433 1.65984
-0.62405 1.65949
-0.62378 1.65914
-0.62350 1.65879
-0.62322 1.65845
-0.62295 1.65810
-0.62267 1.65775
-0.62240 1.65740
-0.62212 1.65705
-0.62185 1.65670
-0.62157 1.65635
-0.62130 1.65600
-0.62102 1.65565
-0.62074 1.65531
-0.62047 1.65496
-0.62019 1.65461
-0.61992 1.65426
-0.61964 1.65391
-0.61937 1.65356
-0.61909 1.65321
-0.61881 1.65286
-0.61854 1.65251
-0.61826 1.65216
-0.61799 1.65181
-0.61771 1.65146
-0.61744 1.65111
-0.61716 1.65076
-0.61688 1.65040
-0.61661 1.65005
-0.61633 1.64970
-0.61606 1.64935
-0.61578 1.64900
-0.61551 1.64865
-0.61523 1.64830
-0.61495 1.64795
-0.61468 1.64760
-0.61440 1.64725
-0.61413 1.64689
-0.61385 1.64654
-0.61358 1.64619
-0.61330 1.64584
-0.61303 1.64549
-0.61275 1.64513
-0.61247 1.64478
-0.61220 1.64443
-0.61192 1.64408
-0.61165 1.64373
-0.61137 1.64337
-0.61110 1.64302
-0.61082 1.64267
-0.61054 1.64232
-0.61027 1.64196
-0.60999 1.64161
-0.60972 1.64126
-0.60944 1.64091
-0.60917 1.64056
-0.60889 1.64020
-0.60862 1.63985
-0.60834 1.63950
-0.60807 1.63915
-0.60779 1.63879
-0.60752 1.63844
-0.60724 1.63809
-0.60697 1.63774
-0.60669 1.63738
-0.60642 1.63703
-0.60614 1.63668
-0.60587 1.63633
-0.60559 1.63597
-0.60532 1.63562
-0.60504 1.63527
-0.60476 1.63491
-0.60449 1.63456
-0.60421 1.63421
-0.60394 1.63385
-0.60366 1.63350
-0.60339 1.63314
-0.60311 1.63279
-0.60284 1.63244
-0.60256 1.63208
-0.60229 1.63173
-0.60201 1.63137
-0.60174 1.63102
-0.60146 1.63067
-0.60119 1.63031
-0.60091 1.62996
-0.60064 1.62960
-0.60036 1.62925
-0.60009 1.62889
-0.59981 1.62854
-0.59954 1.62818
-0.59926 1.62783
-0.59899 1.62747
-0.59871 1.62712
-0.59843 1.62676
-0.59816 1.62640
-0.59788 1.62605
-0.59761 1.62569
-0.59733 1.62534
-0.59706 1.62498
-0.59678 1.62463
-0.59651 1.62427
-0.59623 1.62391
-0.59596 1.62356
-0.59568 1.62320
-0.59541 1.62284
-0.59513 1.62249
-0.59486 1.62213
-0.59458 1.62177
-0.59431 1.62142
-0.59403 1.62106
-0.59376 1.62070
-0.59348 1.62035
-0.59321 1.61999
-0.59293 1.61963
-0.59265 1.61927
-0.59238 1.61892
-0.59210 1.61856
-0.59183 1.61820
-0.59155 1.61784
-0.59128 1.61749
-0.59100 1.61713
-0.59073 1.61677
-0.59045 1.61641
-0.59018 1.61605
-0.58990 1.61570
-0.58963 1.61534
-0.58935 1.61498
-0.58908 1.61463
-0.58881 1.61428
-0.58853 1.61392
-0.58826 1.61357
-0.58799 1.61321
-0.58771 1.61286
-0.58744 1.61251
-0.58716 1.61215
-0.58689 1.61180
-0.58662 1.61144
-0.58634 1.61109
-0.58607 1.61073
-0.58580 1.61038
-0.58552 1.61002
-0.58525 1.60967
-0.58498 1.60931
-0.58470 1.60896
-0.58443 1.60860
-0.58415 1.60825
-0.58388 1.60789
-0.58361 1.60754
-0.58333 1.60718
-0.58306 1.60683
-0.58279 1.60647
-0.58251 1.60611
-0.58224 1.60576
-0.58197 1.60540
-0.58169 1.60505
-0.58142 1.60469
-0.58114 1.60433
-0.58087 1.60398
-0.58060 1.60362
-0.58032 1.60326
-0.58005 1.60291
-0.57978 1.60255
-0.57950 1.60219
-0.57923 1.60184
-0.57895 1.60148
-0.57868 1.60112
-0.57841 1.60077
-0.57813 1.60041
-0.57786 1.60005
-0.57759 1.59969
-0.57731 1.59934
-0.57704 1.59898
-0.57677 1.59862
-0.57649 1.59826
-0.57622 1.59790
-0.57594 1.59755
-0.57567 1.59719
-0.57540 1.59683
-0.57512 1.59647
-0.57485 1.59611
-0.57458 1.59575
-0.57430 1.59540
-0.57403 1.59504
-0.57375 1.59468
-0.57348 1.59432
-0.57321 1.59396
-0.57293 1.59360
-0.57266 1.59324
-0.57239 1.59288
-0.57211 1.59252
-0.57184 1.59216
-0.57156 1.59180
-0.57129 1.59144
-0.57102 1.59108
-0.57074 1.59072
-0.57047 1.59036
-0.57019 1.59000
-0.56992 1.58964
-0.56965 1.58928
-0.56937 1.58892
-0.56910 1.58856
-0.56883 1.58821
-0.56855 1.58785
-0.56828 1.58749
-0.56801 1.58714
-0.56774 1.58678
-0.56747 1.58643
-0.56719 1.58607
-0.56692 1.58571
-0.56665 1.58536
-0.56638 1.58500
-0.56610 1.58464
-0.56583 1.58428
-0.56556 1.58393
-0.56529 1.58357
-0.56501 1.58321
-0.56474 1.58286
-0.56447 1.58250
-0.56420 1.58214
-0.56392 1.58178
-0.56365 1.58143
-0.56338 1.58107
-0.56311 1.58071
-0.56284 1.58035
-0.56256 1.57999
-0.56229 1.57964
-0.56202 1.57928
-0.56175 1.57892
-0.56147 1.57856
-0.56120 1.57820
-0.56093 1.57784
-0.56066 1.57748
-0.56038 1.57712
-0.56011 1.57677
-0.55984 1.57641
-0.55957 1.57605
-0.55929 1.57569
-0.55902 1.57533
-0.55875 1.57497
-0.55848 1.57461
-0.55820 1.57425
-0.55793 1.57389
-0.55766 1.57353
-0.55739 1.57317
-0.55711 1.57281
-0.55684 1.57245
-0.55657 1.57209
-0.55630 1.57173
-0.55602 1.57137
-0.55575 1.57101
-0.55548 1.57065
-0.55521 1.57029
-0.55493 1.56993
-0.55466 1.56957
-0.55439 1.56921
-0.55412 1.56884
-0.55384 1.56848
-0.55357 1.56812
-0.55330 1.56776
-0.55303 1.56740
-0.55275 1.56704
-0.55248 1.56668
-0.55221 1.56631
-0.55193 1.56595
-0.55166 1.56559
-0.55139 1.56523
-0.55112 1.56487
-0.55084 1.56450
-0.55057 1.56414
-0.55030 1.56378
-0.55003 1.56342
-0.54976 1.56306
-0.54949 1.56271
-0.54922 1.56235
-0.54895 1.56200
-0.54868 1.56164
-0.54841 1.56129
-0.54814 1.56093
-0.54787 1.56058
-0.54760 1.56022
-0.54733 1.55987
-0.54706 1.55951
-0.54679 1.55915
-0.54652 1.55880
-0.54625 1.55844
-0.54598 1.55809
-0.54571 1.55773
-0.54544 1.55738
-0.54517 1.55702
-0.54490 1.55666
-0.54463 1.55631
-0.54436 1.55595
-0.54409 1.55559
-0.54382 1.55524
-0.54355 1.55488
-0.54327 1.55452
-0.54300 1.55417
-0.54273 1.55381
-0.54246 1.55345
-0.54219 1.55310
-0.54192 1.55274
-0.54165 1.55238
-0.54138 1.55202
-0.54111 1.55167
-0.54084 1.55131
-0.54057 1.55095
-0.54030 1.55059
-0.54003 1.55024
-0.53976 1.54988
-0.53949 1.54952
-0.53922 1.54916
-0.53895 1.54880
-0.53868 1.54844
-0.53841 1.54809
-0.53814 1.54773
-0.53787 1.54737
-0.53760 1.54701
-0.53733 1.54665
-0.53706 1.54629
-0.53679 1.54593
-0.53652 1.54557
-0.53625 1.54521
-0.53598 1.54485
-0.53571 1.54450
-0.53544 1.54414
-0.53517 1.54378
-0.53490 1.54342
-0.53463 1.54306
-0.53436 1.54270
-0.53409 1.54234
-0.53382 1.54198
-0.53355 1.54162
-0.53328 1.54126
-0.53301 1.54090
-0.53273 1.54053
-0.53246 1.54017
-0.53219 1.53981
-0.53192 1.53945
-0.53165 1.53909
-0.53138 1.53873
-0.53111 1.53837
-0.53084 1.53801
-0.53057 1.53765
-0.53030 1.53729
-0.53003 1.53692
-0.52976 1.53656
-0.52949 1.53620
-0.52922 1.53584
-0.52895 1.53548
-0.52868 1.53511
-0.52841 1.53475
-0.52814 1.53440
-0.52787 1.53404
-0.52760 1.53368
-0.52733 1.53332
-0.52706 1.53296
-0.52679 1.53261
-0.52652 1.53225
-0.52625 1.53189
-0.52598 1.53153
-0.52572 1.53117
-0.52545 1.53081
-0.52518 1.53045
-0.52491 1.53009
-0.52464 1.52974
-0.52437 1.52938
-0.52410 1.52902
-0.52383 1.52866
-0.52356 1.52830
-0.52329 1.52794
-0.52302 1.52758
-0.52275 1.52722
-0.52248 1.52686
-0.52222 1.52650
-0.52195 1.52614
-0.52168 1.52578
-0.52141 1.52542
-0.52114 1.52506
-0.52087 1.52470
-0.52060 1.52434
-0.52033 1.52398
-0.52006 1.52362
-0.51979 1.52326
-0.51952 1.52289
-0.51925 1.52253
-0.51898 1.52217
-0.51871 1.52181
-0.51844 1.52145
-0.51817 1.52109
-0.51791 1.52073
-0.51764 1.52037
-0.51737 1.52000
-0.51710 1.51964
-0.51683 1.51928
-0.51656 1.51892
-0.51629 1.51856
-0.51602 1.51819
-0.51575 1.51783
-0.51548 1.51747
-0.51521 1.51711
-0.51494 1.51674
-0.51467 1.51638
-0.51440 1.51602
-0.51413 1.51566
-0.51386 1.51529
-0.51359 1.51493
-0.51332 1.51457
-0.51305 1.51420
-0.51278 1.51384
-0.51251 1.51348
-0.51224 1.51311
-0.51197 1.51275
-0.51170 1.51238
-0.51143 1.51202
-0.51116 1.51166
-0.51089 1.51129
-0.51063 1.51093
-0.51036 1.51056
-0.51009 1.51020
-0.50982 1.50984
-0.50955 1.50947
-0.50928 1.50911
-0.50901 1.50874
-0.50874 1.50838
-0.50847 1.50801
-0.50820 1.50765
-0.50793 1.50728
-0.50766 1.50692
-0.50739 1.50656
-0.50712 1.50621
-0.50686 1.50585
-0.50659 1.50550
-0.50633 1.50515
-0.50606 1.50479
-0.50580 1.50444
-0.50553 1.50409
-0.50526 1.50373
-0.50500 1.50338
-0.50473 1.50303
-0.50447 1.50267
-0.50420 1.50232
-0.50394 1.50196
-0.50367 1.50161
-0.50340 1.50125
-0.50314 1.50090
-0.50287 1.50055
-0.50261 1.50019
-0.50234 1.49984
-0.50207 1.49948
-0.50181 1.49913
-0.50154 1.49877
-0.50128 1.49842
-0.50101 1.49806
-0.50074 1.49770
-0.50048 1.49735
-0.50021 1.49699
-0.49995 1.49664
-0.49968 1.49628
-0.49941 1.49593
-0.49915 1.49557
-0.49888 1.49521
-0.49862 1.49486
-0.49835 1.49450
-0.49808 1.49415
-0.49782 1.49379
-0.49755 1.49343
-0.49729 1.49308
-0.49702 1.49272
-0.49675 1.49236
-0.49649 1.49201
-0.49622 1.49165
-0.49595 1.49129
-0.49569 1.49093
-0.49542 1.49058
-0.49516 1.49022
-0.49489 1.48986
-0.49462 1.48950
-0.49436 1.48915
-0.49409 1.48879
-0.49382 1.48843
-0.49356 1.48807
-0.49329 1.48772
-0.49303 1.48736
-0.49276 1.48700
-0.49249 1.48664
-0.49223 1.48628
-0.49196 1.48592
-0.49169 1.48556
-0.49143 1.48521
-0.49116 1.48485
-0.49089 1.48449
-0.49063 1.48413
-0.49036 1.48377
-0.49010 1.48341
-0.48983 1.48305
-0.48956 1.48269
-0.48930 1.48233
-0.48903 1.48197
-0.48876 1.48161
-0.48850 1.48125
-0.48823 1.48089
-0.48796 1.48053
-0.48770 1.48017
-0.48743 1.47981
-0.48716 1.47945
-0.48690 1.47909
-0.48663 1.47873
-0.48636 1.47836
-0.48609 1.47800
-0.48582 1.47763
-0.48555 1.47726
-0.48529 1.47689
-0.48502 1.47653
-0.48475 1.47616
-0.48448 1.47579
-0.48421 1.47542
-0.48394 1.47506
-0.48367 1.47469
-0.48340 1.47432
-0.48313 1.47395
-0.48287 1.47358
-0.48260 1.47322
-0.48233 1.47285
-0.48206 1.47248
-0.48179 1.47211
-0.48152 1.47174
-0.48125 1.47137
-0.48098 1.47100
-0.48071 1.47063
-0.48044 1.47026
-0.48018 1.46990
-0.47991 1.46953
-0.47964 1.46916
-0.47937 1.46879
-0.47910 1.46842
-0.47883 1.46805
-0.47856 1.46768
-0.47829 1.46731
-0.47802 1.46694
-0.47775 1.46657
-0.47748 1.46620
-0.47721 1.46583
-0.47694 1.46546
-0.47668 1.46508
-0.47641 1.46471
-0.47614 1.46434
-0.47587 1.46397
-0.47560 1.46360
-0.47533 1.46323
-0.47506 1.46286
-0.47479 1.46249
-0.47452 1.46212
-0.47425 1.46174
-0.47398 1.46137
-0.47371 1.46100
-0.47344 1.46063
-0.47317 1.46026
-0.47290 1.45988
-0.47263 1.45951
-0.47236 1.45914
-0.47209 1.45877
-0.47182 1.45839
-0.47155 1.45802
-0.47128 1.45765
-0.47102 1.45728
-0.47075 1.45690
-0.47048 1.45653
-0.47021 1.45616
-0.46994 1.45578
-0.46967 1.45541
-0.46940 1.45504
-0.46913 1.45466
-0.46886 1.45429
-0.46859 1.45392
-0.46832 1.45354
-0.46806 1.45321
-0.46781 1.45289
-0.46756 1.45256
-0.46730 1.45223
-0.46705 1.45191
-0.46679 1.45158
-0.46654 1.45125
-0.46629 1.45093
-0.46603 1.45060
-0.46578 1.45027
-0.46553 1.44994
-0.46527 1.44962
-0.46502 1.44929
-0.46476 1.44896
-0.46451 1.44863
-0.46426 1.44830
-0.46400 1.44798
-0.46375 1.44765
-0.46349 1.44732
-0.46324 1.44699
-0.46299 1.44666
-0.46273 1.44633
-0.46248 1.44601
-0.46222 1.44568
-0.46197 1.44535
-0.46172 1.44502
-0.46146 1.44469
-0.46121 1.44436
-0.46095 1.44403
-0.46070 1.44370
-0.46045 1.44337
-0.46019 1.44304
-0.45994 1.44271
-0.45968 1.44238
-0.45943 1.44205
-0.45917 1.44172
-0.45892 1.44140
-0.45867 1.44106
-0.45841 1.44073
-0.45816 1.44040
-0.45790 1.44007
-0.45765 1.43974
-0.45739 1.43941
-0.45714 1.43908
-0.45689 1.43875
-0.45663 1.43842
-0.45638 1.43809
-0.45612 1.43776
-0.45587 1.43743
-0.45561 1.43710
-0.45536 1.43677
-0.45511 1.43644
-0.45485 1.43610
-0.45460 1.43577
-0.45434 1.43544
-0.45409 1.43511
-0.45383 1.43478
-0.45358 1.43445
-0.45332 1.43411
-0.45307 1.43378
-0.45282 1.43345
-0.45256 1.43312
-0.45231 1.43278
-0.45205 1.43245
-0.45180 1.43212
-0.45154 1.43179
-0.45129 1.43145
-0.45103 1.43112
-0.45078 1.43079
-0.45052 1.43046
-0.45027 1.43012
-0.45003 1.42982
-0.44979 1.42954
-0.44955 1.42925
-0.44931 1.42896
-0.44907 1.42867
-0.44883 1.42838
-0.44859 1.42809
-0.44835 1.42780
-0.44811 1.42751
-0.44787 1.42722
-0.44763 1.42693
-0.44739 1.42664
-0.44715 1.42635
-0.44691 1.42606
-0.44667 1.42577
-0.44643 1.42548
-0.44619 1.42519
-0.44595 1.42489
-0.44571 1.42460
-0.44547 1.42431
-0.44523 1.42402
-0.44499 1.42373
-0.44475 1.42344
-0.44451 1.42315
-0.44427 1.42286
-0.44403 1.42257
-0.44379 1.42228
-0.44355 1.42198
-0.44331 1.42169
-0.44307 1.42140
-0.44283 1.42111
-0.44259 1.42082
-0.44235 1.42053
-0.44211 1.42023
-0.44187 1.41994
-0.44163 1.41965
-0.44139 1.41936
-0.44115 1.41907
-0.44091 1.41877
-0.44067 1.41848
-0.44043 1.41819
-0.44019 1.41790
-0.43995 1.41760
-0.43971 1.41731
-0.43947 1.41702
-0.43923 1.41672
-0.43899 1.41643
-0.43875 1.41614
-0.43851 1.41584
-0.43827 1.41555
-0.43803 1.41526
-0.43779 1.41496
-0.43755 1.41467
-0.43731 1.41438
-0.43707 1.41408
-0.43683 1.41379
-0.43658 1.41350
-0.43634 1.41320
-0.43610 1.41291
-0.43586 1.41261
-0.43562 1.41232
-0.43538 1.41203
-0.43514 1.41173
-0.43490 1.41144
-0.43466 1.41114
-0.43443 1.41087
-0.43419 1.41059
-0.43396 1.41031
-0.43372 1.41004
-0.43349 1.40976
-0.43326 1.40948
-0.43302 1.40921
-0.43279 1.40893
-0.43255 1.40865
-0.43232 1.40838
-0.43208 1.40810
-0.43185 1.40782
-0.43161 1.40754
-0.43138 1.40727
-0.43115 1.40699
-0.43091 1.40671
-0.43068 1.40643
-0.43044 1.40615
-0.43021 1.40588
-0.42997 1.40560
-0.42974 1.40532
-0.42950 1.40504
-0.42927 1.40476
-0.42903 1.40449
-0.42880 1.40421
-0.42857 1.40393
-0.42833 1.40365
-0.42810 1.40337
-0.42786 1.40309
-0.42763 1.40281
-0.42739 1.40253
-0.42716 1.40226
-0.42692 1.40198
-0.42669 1.40170
-0.42645 1.40142
-0.42622 1.40114
-0.42598 1.40086
-0.42575 1.40058
-0.42551 1.40030
-0.42528 1.40002
-0.42505 1.39974
-0.42481 1.39946
-0.42458 1.39918
-0.42434 1.39890
-0.42411 1.39862
-0.42387 1.39834
-0.42364 1.39806
-0.42340 1.39778
-0.42317 1.39750
-0.42293 1.39722
-0.42270 1.39694
-0.42246 1.39666
-0.42223 1.39638
-0.42199 1.39610
-0.42176 1.39582
-0.42152 1.39554
-0.42129 1.39526
-0.42105 1.39497
-0.42082 1.39469
-0.42058 1.39441
-0.42035 1.39413
-0.42011 1.39385
-0.41988 1.39357
-0.41964 1.39329
-0.41941 1.39300
-0.41917 1.39272
-0.41894 1.39244
-0.41870 1.39216
-0.41847 1.39188
-0.41823 1.39160
-0.41800 1.39131
-0.41776 1.39103
-0.41753 1.39075
-0.41729 1.39047
-0.41706 1.39018
-0.41682 1.38990
-0.41659 1.38962
-0.41636 1.38936
-0.41613 1.38910
-0.41590 1.38884
-0.41567 1.38858
-0.41545 1.38831
-0.41522 1.38805
-0.41499 1.38779
-0.41476 1.38753
-0.41454 1.38727
-0.41431 1.38701
-0.41408 1.38675
-0.41385 1.38649
-0.41363 1.38623
-0.41340 1.38597
-0.41317 1.38571
-0.41294 1.38544
-0.41271 1.38518
-0.41249 1.38492
-0.41226 1.38466
-0.41203 1.38440
-0.41180 1.38414
-0.41157 1.38387
-0.41135 1.38361
-0.41112 1.38335
-0.41089 1.38309
-0.41066 1.38283
-0.41044 1.38256
-0.41021 1.38230
-0.40998 1.38204
-0.40975 1.38178
-0.40952 1.38152
-0.40930 1.38125
-0.40907 1.38099
-0.40884 1.38073
-0.40861 1.38047
-0.40838 1.38020
-0.40816 1.37994
-0.40793 1.37968
-0.40770 1.37941
-0.40747 1.37915
-0.40724 1.37889
-0.40702 1.37862
-0.40679 1.37836
-0.40656 1.37810
-0.40633 1.37783
-0.40610 1.37757
-0.40588 1.37731
-0.40565 1.37704
-0.40542 1.37678
-0.40519 1.37652
-0.40496 1.37625
-0.40474 1.37599
-0.40451 1.37572
-0.40428 1.37546
-0.40405 1.37519
-0.40382 1.37493
-0.40359 1.37467
-0.40337 1.37440
-0.40314 1.37414
-0.40291 1.37387
-0.40268 1.37361
-0.40245 1.37334
-0.40222 1.37308
-0.40200 1.37281
-0.40177 1.37255
-0.40154 1.37228
-0.40131 1.37202
-0.40108 1.37175
-0.40085 1.37149
-0.40063 1.37122
-0.40040 1.37096
-0.40017 1.37069
-0.39994 1.37043
-0.39971 1.37017
-0.39950 1.36994
-0.39928 1.36971
-0.39907 1.36948
-0.39885 1.36926
-0.39864 1.36903
-0.39842 1.36880
-0.39821 1.36857
-0.39799 1.36834
-0.39777 1.36812
-0.39756 1.36789
-0.39734 1.36766
-0.39713 1.36743
-0.39691 1.36720
-0.39670 1.36697
-0.39648 1.36675
-0.39627 1.36652
-0.39605 1.36629
-0.39583 1.36606
-0.39562 1.36583
-0.39540 1.36560
-0.39519 1.36537
-0.39497 1.36515
-0.39476 1.36492
-0.39454 1.36469
-0.39432 1.36446
-0.39411 1.36423
-0.39389 1.36400
-0.39368 1.36377
-0.39346 1.36354
-0.39325 1.36331
-0.39303 1.36308
-0.39281 1.36285
-0.39260 1.36262
-0.39238 1.36239
-0.39217 1.36216
-0.39195 1.36193
-0.39174 1.36170
-0.39152 1.36147
-0.39130 1.36124
-0.39109 1.36101
-0.39087 1.36078
-0.39066 1.36055
-0.39044 1.36032
-0.39022 1.36009
-0.39001 1.35986
-0.38979 1.35963
-0.38958 1.35940
-0.38936 1.35917
-0.38914 1.35894
-0.38893 1.35871
-0.38871 1.35848
-0.38850 1.35825
-0.38828 1.35802
-0.38806 1.35779
-0.38785 1.35755
-0.38763 1.35732
-0.38742 1.35709
-0.38720 1.35686
-0.38698 1.35663
-0.38677 1.35640
-0.38655 1.35617
-0.38634 1.35594
-0.38612 1.35570
-0.38590 1.35547
-0.38569 1.35524
-0.38547 1.35501
-0.38526 1.35478
-0.38504 1.35454
-0.38482 1.35431
-0.38461 1.35408
-0.38439 1.35385
-0.38417 1.35362
-0.38396 1.35338
-0.38374 1.35315
-0.38353 1.35292
-0.38331 1.35269
-0.38309 1.35245
-0.38288 1.35222
-0.38266 1.35199
-0.38244 1.35176
-0.38223 1.35152
-0.38201 1.35129
-0.38180 1.35106
-0.38159 1.35085
-0.38139 1.35066
-0.38118 1.35047
-0.38098 1.35028
-0.38078 1.35009
-0.38058 1.34990
-0.38038 1.34971
-0.38017 1.34952
-0.37997 1.34932
-0.37977 1.34913
-0.37957 1.34894
-0.37937 1.34875
-0.37916 1.34856
-0.37896 1.34837
-0.37876 1.34818
-0.37856 1.34799
-0.37836 1.34780
-0.37815 1.34760
-0.37795 1.34741
-0.37775 1.34722
-0.37755 1.34703
-0.37735 1.34684
-0.37714 1.34665
-0.37694 1.34645
-0.37674 1.34626
-0.37654 1.34607
-0.37633 1.34588
-0.37613 1.34569
-0.37593 1.34549
-0.37573 1.34530
-0.37553 1.34511
-0.37532 1.34492
-0.37512 1.34473
-0.37492 1.34453
-0.37472 1.34434
-0.37451 1.34415
-0.37431 1.34396
-0.37411 1.34376
-0.37391 1.34357
-0.37370 1.34338
-0.37350 1.34318
-0.37330 1.34299
-0.37310 1.34280
-0.37290 1.34261
-0.37269 1.34241
-0.37249 1.34222
-0.37229 1.34203
-0.37209 1.34183
-0.37188 1.34164
-0.37168 1.34145
-0.37148 1.34125
-0.37128 1.34106
-0.37107 1.34087
-0.37087 1.34067
-0.37067 1.34048
-0.37047 1.34028
-0.37026 1.34009
-0.37006 1.33990
-0.36986 1.33970
-0.36966 1.33951
-0.36945 1.33932
-0.36925 1.33912
-0.36905 1.33893
-0.36885 1.33873
-0.36864 1.33854
-0.36844 1.33834
-0.36824 1.33815
-0.36804 1.33796
-0.36783 1.33776
-0.36763 1.33757
-0.36743 1.33737
-0.36723 1.33718
-0.36702 1.33698
-0.36682 1.33679
-0.36662 1.33659
-0.36641 1.33640
-0.36621 1.33620
-0.36601 1.33601
-0.36581 1.33581
-0.36560 1.33562
-0.36540 1.33543
-0.36520 1.33524
-0.36500 1.33505
-0.36480 1.33486
-0.36460 1.33467
-0.36440 1.33448
-0.36420 1.33429
-0.36400 1.33410
-0.36380 1.33391
-0.36360 1.33372
-0.36339 1.33353
-0.36319 1.33334
-0.36299 1.33315
-0.36279 1.33296
-0.36259 1.33277
-0.36239 1.33258
-0.36219 1.33239
-0.36199 1.33220
-0.36179 1.33201
-0.36159 1.33182
-0.36139 1.33163
-0.36119 1.33144
-0.36098 1.33125
-0.36078 1.33106
-0.36058 1.33087
-0.36038 1.33068
-0.36018 1.33049
-0.35998 1.33030
-0.35978 1.33011
-0.35958 1.32991
-0.35938 1.32972
-0.35918 1.32953
-0.35898 1.32934
-0.35877 1.32915
-0.35857 1.32896
-0.35837 1.32877
-0.35817 1.32858
-0.35797 1.32839
-0.35777 1.32819
-0.35757 1.32800
-0.35737 1.32781
-0.35717 1.32762
-0.35697 1.32743
-0.35676 1.32724
-0.35656 1.32704
-0.35636 1.32685
-0.35616 1.32666
-0.35596 1.32647
-0.35576 1.32628
-0.35556 1.32609
-0.35536 1.32589
-0.35515 1.32570
-0.35495 1.32551
-0.35475 1.32532
-0.35455 1.32512
-0.35435 1.32493
-0.35415 1.32474
-0.35395 1.32455
-0.35375 1.32435
-0.35355 1.32416
-0.35334 1.32397
-0.35314 1.32378
-0.35294 1.32358
-0.35274 1.32339
-0.35254 1.32320
-0.35234 1.32300
-0.35214 1.32281
-0.35193 1.32262
-0.35173 1.32242
-0.35153 1.32223
-0.35133 1.32204
-0.35113 1.32184
-0.35093 1.32165
-0.35073 1.32146
-0.35052 1.32126
-0.35032 1.32107
-0.35012 1.32088
-0.34992 1.32068
-0.34972 1.32049
-0.34952 1.32030
-0.34932 1.32010
-0.34911 1.31991
-0.34891 1.31971
-0.34871 1.31952
-0.34851 1.31933
-0.34831 1.31913
-0.34811 1.31894
-0.34791 1.31874
-0.34770 1.31855
-0.34750 1.31835
-0.34730 1.31816
-0.34710 1.31796
-0.34690 1.31777
-0.34670 1.31758
-0.34649 1.31738
-0.34629 1.31719
-0.34610 1.31700
-0.34590 1.31682
-0.34570 1.31664
-0.34550 1.31646
-0.34531 1.31628
-0.34511 1.31610
-0.34491 1.31592
-0.34472 1.31574
-0.34452 1.31556
-0.34432 1.31538
-0.34413 1.31520
-0.34393 1.31501
-0.34373 1.31483
-0.34354 1.31465
-0.34334 1.31447
-0.34314 1.31429
-0.34294 1.31411
-0.34275 1.31393
-0.34255 1.31375
-0.34235 1.31356
-0.34216 1.31338
-0.34196 1.31320
-0.34176 1.31302
-0.34157 1.31284
-0.34137 1.31266
-0.34117 1.31247
-0.34097 1.31229
-0.34078 1.31211
-0.34058 1.31193
-0.34038 1.31175
-0.34019 1.31156
-0.33999 1.31138
-0.33979 1.31120
-0.33959 1.31102
-0.33940 1.31084
-0.33920 1.31065
-0.33900 1.31047
-0.33881 1.31029
-0.33861 1.31011
-0.33841 1.30992
-0.33821 1.30974
-0.33802 1.30956
-0.33782 1.30937
-0.33762 1.30919
-0.33743 1.30901
-0.33723 1.30883
-0.33703 1.30864
-0.33683 1.30846
-0.33664 1.30828
-0.33644 1.30809
-0.33624 1.30791
-0.33604 1.30773
-0.33585 1.30754
-0.33565 1.30736
-0.33545 1.30718
-0.33525 1.30699
-0.33506 1.30681
-0.33486 1.30662
-0.33466 1.30644
-0.33447 1.30626
-0.33427 1.30607
-0.33407 1.30589
-0.33387 1.30570
-0.33368 1.30552
-0.33348 1.30534
-0.33328 1.30515
-0.33308 1.30497
-0.33289 1.30478
-0.33269 1.30460
-0.33249 1.30441
-0.33229 1.30423
-0.33210 1.30405
-0.33190 1.30386
-0.33170 1.30368
-0.33150 1.30349
-0.33130 1.30331
-0.33111 1.30312
-0.33091 1.30294
-0.33071 1.30275
-0.33051 1.30257
-0.33032 1.30238
-0.33012 1.30220
-0.32992 1.30201
-0.32972 1.30183
-0.32953 1.30164
-0.32933 1.30146
-0.32913 1.30127
-0.32893 1.30108
-0.32874 1.30090
-0.32854 1.30071
-0.32834 1.30053
-0.32814 1.30034
-0.32794 1.30016
-0.32775 1.29997
-0.32755 1.29978
-0.32735 1.29960
-0.32715 1.29941
-0.32696 1.29923
-0.32676 1.29906
-0.32657 1.29889
-0.32638 1.29873
-0.32619 1.29856
-0.32600 1.29839
-0.32581 1.29823
-0.32561 1.29806
-0.32542 1.29789
-0.32523 1.29772
-0.32504 1.29756
-0.32485 1.29739
-0.32466 1.29722
-0.32447 1.29705
-0.32427 1.29689
-0.32408 1.29672
-0.32389 1.29655
-0.32370 1.29638
-0.32351 1.29622
-0.32332 1.29605
-0.32312 1.29588
-0.32293 1.29571
-0.32274 1.29554
-0.32255 1.29538
-0.32236 1.29521
-0.32217 1.29504
-0.32197 1.29487
-0.32178 1.29470
-0.32159 1.29454
-0.32140 1.29437
-0.32121 1.29420
-0.32102 1.29403
-0.32082 1.29386
-0.32063 1.29369
-0.32044 1.29352
-0.32025 1.29336
-0.32006 1.29319
-0.31987 1.29302
-0.31967 1.29285
-0.31948 1.29268
-0.31929 1.29251
-0.31910 1.29234
-0.31891 1.29217
-0.31871 1.29200
-0.31852 1.29184
-0.31833 1.29167
-0.31814 1.29150
-0.31795 1.29133
-0.31775 1.29116
-0.31756 1.29099
-0.31737 1.29082
-0.31718 1.29065
-0.31699 1.29048
-0.31679 1.29031
-0.31660 1.29014
-0.31641 1.28997
-0.31622 1.28980
-0.31603 1.28963
-0.31583 1.28946
-0.31564 1.28929
-0.31545 1.28912
-0.31526 1.28895
-0.31507 1.28878
-0.31487 1.28861
-0.31468 1.28844
-0.31449 1.28827
-0.31430 1.28810
-0.31411 1.28793
-0.31391 1.28776
-0.31372 1.28759
-0.31353 1.28742
-0.31334 1.28725
-0.31315 1.28707
-0.31295 1.28690
-0.31276 1.28673
-0.31257 1.28656
-0.31238 1.28639
-0.31218 1.28622
-0.31199 1.28605
-0.31180 1.28588
-0.31161 1.28571
-0.31141 1.28553
-0.31122 1.28536
-0.31103 1.28519
-0.31084 1.28502
-0.31065 1.28485
-0.31045 1.28468
-0.31026 1.28451
-0.31007 1.28433
-0.30988 1.28416
-0.30968 1.28399
-0.30949 1.28382
-0.30930 1.28365
-0.30911 1.28347
-0.30891 1.28330
-0.30872 1.28313
-0.30853 1.28296
-0.30834 1.28279
-0.30814 1.28261
-0.30795 1.28244
-0.30776 1.28227
-0.30757 1.28210
-0.30737 1.28192
-0.30718 1.28175
-0.30699 1.28158
-0.30680 1.28141
-0.30661 1.28125
-0.30642 1.28109
-0.30623 1.28093
-0.30604 1.28077
-0.30586 1.28061
-0.30567 1.28045
-0.30548 1.28029
-0.30529 1.28013
-0.30510 1.27997
-0.30492 1.27981
-0.30473 1.27965
-0.30454 1.27950
-0.30435 1.27934
-0.30416 1.27918
-0.30398 1.27902
-0.30379 1.27886
-0.30360 1.27870
-0.30341 1.27854
-0.30322 1.27838
-0.30303 1.27822
-0.30285 1.27806
-0.30266 1.27790
-0.30247 1.27774
-0.30228 1.27758
-0.30209 1.27742
-0.30190 1.27726
-0.30172 1.27710
-0.30153 1.27694
-0.30134 1.27678
-0.30115 1.27662
-0.30096 1.27645
-0.30078 1.27629
-0.30059 1.27613
-0.30040 1.27597
-0.30021 1.27581
-0.30002 1.27565
-0.29983 1.27549
-0.29964 1.27533
-0.29946 1.27517
-0.29927 1.27501
-0.29908 1.27485
-0.29889 1.27469
-0.29870 1.27452
-0.29851 1.27436
-0.29833 1.27420
-0.29814 1.27404
-0.29795 1.27388
-0.29776 1.27372
-0.29757 1.27356
-0.29738 1.27339
-0.29719 1.27323
-0.29701 1.27307
-0.29682 1.27291
-0.29663 1.27275
-0.29644 1.27259
-0.29625 1.27242
-0.29606 1.27226
-0.29587 1.27210
-0.29569 1.27194
-0.29550 1.27178
-0.29531 1.27161
-0.29512 1.27145
-0.29493 1.27129
-0.29474 1.27113
-0.29455 1.27096
-0.29436 1.27080
-0.29418 1.27064
-0.29399 1.27048
-0.29380 1.27031
-0.29361 1.27015
-0.29342 1.26999
-0.29323 1.26982
-0.29304 1.26966
-0.29285 1.26950
-0.29267 1.26934
-0.29248 1.26917
-0.29229 1.26901
-0.29210 1.26885
-0.29191 1.26868
-0.29172 1.26852
-0.29153 1.26836
-0.29134 1.26819
-0.29115 1.26803
-0.29097 1.26787
-0.29078 1.26770
-0.29059 1.26754
-0.29040 1.26738
-0.29021 1.26721
-0.29002 1.26705
-0.28983 1.26688
-0.28964 1.26672
-0.28945 1.26656
-0.28926 1.26639
-0.28908 1.26623
-0.28889 1.26606
-0.28870 1.26590
-0.28851 1.26574
-0.28832 1.26557
-0.28813 1.26541
-0.28794 1.26524
-0.28775 1.26508
-0.28756 1.26491
-0.28737 1.26475
-0.28718 1.26458
-0.28699 1.26442
-0.28681 1.26425
-0.28662 1.26410
-0.28644 1.26395
-0.28625 1.26380
-0.28607 1.26365
-0.28588 1.26349
-0.28570 1.26334
-0.28551 1.26319
-0.28533 1.26304
-0.28514 1.26289
-0.28496 1.26273
-0.28477 1.26258
-0.28459 1.26243
-0.28440 1.26228
-0.28422 1.26213
-0.28403 1.26197
-0.28385 1.26182
-0.28366 1.26167
-0.28347 1.26152
-0.28329 1.26136
-0.28310 1.26121
-0.28292 1.26106
-0.28273 1.26090
-0.28255 1.26075
-0.28236 1.26060
-0.28218 1.26045
-0.28199 1.26029
-0.28181 1.26014
-0.28162 1.25999
-0.28144 1.25983
-0.28125 1.25968
-0.28107 1.25953
-0.28088 1.25937
-0.28070 1.25922
-0.28051 1.25907
-0.28033 1.25891
-0.28014 1.25876
-0.27996 1.25861
-0.27977 1.25845
-0.27959 1.25830
-0.27940 1.25815
-0.27921 1.25799
-0.27903 1.25784
-0.27884 1.25768
-0.27866 1.25753
-0.27847 1.25738
-0.27829 1.25722
-0.27810 1.25707
-0.27792 1.25691
-0.27773 1.25676
-0.27755 1.25660
-0.27736 1.25645
-0.27717 1.25630
-0.27699 1.25614
-0.27680 1.25599
-0.27662 1.25583
-0.27643 1.25568
-0.27625 1.25552
-0.27606 1.25537
-0.27588 1.25521
-0.27569 1.25506
-0.27550 1.25490
-0.27532 1.25475
-0.27513 1.25459
-0.27495 1.25444
-0.27476 1.25428
-0.27458 1.25413
-0.27439 1.25397
-0.27420 1.25382
-0.27402 1.25366
-0.27383 1.25351
-0.27365 1.25335
-0.27346 1.25319
-0.27328 1.25304
-0.27309 1.25288
-0.27290 1.25273
-0.27272 1.25257
-0.27253 1.25242
-0.27235 1.25226
-0.27216 1.25210
-0.27198 1.25195
-0.27179 1.25179
-0.27160 1.25164
-0.27142 1.25148
-0.27123 1.25132
-0.27105 1.25117
-0.27086 1.25101
-0.27067 1.25085
-0.27049 1.25070
-0.27030 1.25054
-0.27012 1.25039
-0.26993 1.25023
-0.26974 1.25007
-0.26956 1.24992
-0.26937 1.24976
-0.26919 1.24960
-0.26900 1.24944
-0.26881 1.24929
-0.26863 1.24913
-0.26844 1.24897
-0.26826 1.24882
-0.26807 1.24866
-0.26788 1.24850
-0.26770 1.24834
-0.26751 1.24819
-0.26733 1.24803
-0.26714 1.24787
-0.26695 1.24771
-0.26677 1.24756
-0.26659 1.24741
-0.26640 1.24727
-0.26622 1.24712
-0.26603 1.24697
-0.26585 1.24682
-0.26567 1.24667
-0.26548 1.24652
-0.26530 1.24637
-0.26512 1.24622
-0.26493 1.24607
-0.26475 1.24592
-0.26457 1.24577
-0.26438 1.24562
-0.26420 1.24547
-0.26401 1.24532
-0.26383 1.24517
-0.26365 1.24501
-0.26346 1.24486
-0.26328 1.24471
-0.26310 1.24456
-0.26291 1.24441
-0.26273 1.24426
-0.26254 1.24411
-0.26236 1.24396
-0.26218 1.24381
-0.26199 1.24366
-0.26181 1.24351
-0.26162 1.24336
-0.26144 1.24321
-0.26126 1.24305
-0.26107 1.24290
-0.26089 1.24275
-0.26070 1.24260
-0.26052 1.24245
-0.26034 1.24230
-0.26015 1.24215
-0.25997 1.24200
-0.25978 1.24184
-0.25960 1.24169
-0.25942 1.24154
-0.25923 1.24139
-0.25905 1.24124
-0.25886 1.24108
-0.25868 1.24093
-0.25850 1.24078
-0.25831 1.24063
-0.25813 1.24048
-0.25794 1.24032
-0.25776 1.24017
-0.25758 1.24002
-0.25739 1.23987
-0.25721 1.23972
-0.25702 1.23956
-0.25684 1.23941
-0.25665 1.23926
-0.25647 1.23911
-0.25629 1.23895
-0.25610 1.23880
-0.25592 1.23865
-0.25573 1.23849
-0.25555 1.23834
-0.25536 1.23819
-0.25518 1.23804
-0.25500 1.23788
-0.25481 1.23773
-0.25463 1.23758
-0.25444 1.23742
-0.25426 1.23727
-0.25407 1.23712
-0.25389 1.23696
-0.25371 1.23681
-0.25352 1.23666
-0.25334 1.23650
-0.25315 1.23635
-0.25297 1.23620
-0.25278 1.23604
-0.25260 1.23589
-0.25241 1.23573
-0.25223 1.23558
-0.25204 1.23543
-0.25186 1.23527
-0.25168 1.23512
-0.25149 1.23496
-0.25131 1.23481
-0.25112 1.23466
-0.25094 1.23450
-0.25075 1.23435
-0.25057 1.23419
-0.25038 1.23404
-0.25020 1.23388
-0.25001 1.23373
-0.24983 1.23358
-0.24964 1.23342
-0.24946 1.23327
-0.24927 1.23311
-0.24909 1.23296
-0.24891 1.23280
-0.24872 1.23265
-0.24854 1.23249
-0.24835 1.23235
-0.24817 1.23220
-0.24799 1.23205
-0.24781 1.23190
-0.24762 1.23175
-0.24744 1.23160
-0.24726 1.23146
-0.24708 1.23131
-0.24689 1.23116
-0.24671 1.23101
-0.24653 1.23086
-0.24635 1.23071
-0.24616 1.23056
-0.24598 1.23042
-0.24580 1.23027
-0.24561 1.23012
-0.24543 1.22997
-0.24525 1.22982
-0.24507 1.22967
-0.24488 1.22952
-0.24470 1.22937
-0.24452 1.22922
-0.24433 1.22907
-0.24415 1.22892
-0.24397 1.22877
-0.24379 1.22863
-0.24360 1.22848
-0.24342 1.22833
-0.24324 1.22818
-0.24305 1.22803
-0.24287 1.22788
-0.24269 1.22773
-0.24251 1.22758
-0.24232 1.22743
-0.24214 1.22728
-0.24196 1.22713
-0.24177 1.22698
-0.24159 1.22683
-0.24141 1.22668
-0.24122 1.22653
-0.24104 1.22638
-0.24086 1.22623
-0.24067 1.22608
-0.24049 1.22593
-0.24031 1.22577
-0.24013 1.22562
-0.23994 1.22547
-0.23976 1.22532
-0.23958 1.22517
-0.23939 1.22502
-0.23921 1.22487
-0.23903 1.22472
-0.23884 1.22457
-0.23866 1.22442
-0.23848 1.22427
-0.23829 1.22411
-0.23811 1.22396
-0.23793 1.22381
-0.23774 1.22366
-0.23756 1.22351
-0.23738 1.22336
-0.23719 1.22321
-0.23701 1.22305
-0.23683 1.22290
-0.23664 1.22275
-0.23646 1.22260
-0.23628 1.22245
-0.23609 1.22230
-0.23591 1.22214
-0.23573 1.22199
-0.23554 1.22184
-0.23536 1.22169
-0.23518 1.22154
-0.23499 1.22138
-0.23481 1.22123
-0.23463 1.22108
-0.23444 1.22093
-0.23426 1.22077
-0.23407 1.22062
-0.23389 1.22047
-0.23371 1.22032
-0.23352 1.22016
-0.23334 1.22001
-0.23316 1.21986
-0.23297 1.21971
-0.23279 1.21955
-0.23261 1.21940
-0.23242 1.21925
-0.23224 1.21909
-0.23205 1.21894
-0.23187 1.21879
-0.23169 1.21863
-0.23150 1.21848
-0.23132 1.21833
-0.23114 1.21818
-0.23095 1.21802
-0.23077 1.21787
-0.23058 1.21772
-0.23040 1.21756
-0.23022 1.21741
-0.23003 1.21726
-0.22985 1.21710
-0.22967 1.21695
-0.22948 1.21680
-0.22930 1.21664
-0.22912 1.21649
-0.22893 1.21634
-0.22875 1.21618
-0.22856 1.21603
-0.22838 1.21588
-0.22820 1.21572
-0.22801 1.21557
-0.22783 1.21541
-0.22764 1.21526
-0.22746 1.21511
-0.22728 1.21495
-0.22709 1.21480
-0.22691 1.21464
-0.22672 1.21449
-0.22654 1.21433
-0.22636 1.21418
-0.22617 1.21403
-0.22599 1.21387
-0.22580 1.21372
-0.22562 1.21356
-0.22544 1.21341
-0.22525 1.21325
-0.22507 1.21310
-0.22488 1.21294
-0.22470 1.21279
-0.22452 1.21263
-0.22433 1.21248
-0.22415 1.21232
-0.22396 1.21217
-0.22378 1.21201
-0.22360 1.21186
-0.22341 1.21170
-0.22323 1.21155
-0.22304 1.21139
-0.22286 1.21124
-0.22267 1.21108
-0.22249 1.21092
-0.22231 1.21077
-0.22212 1.21061
-0.22194 1.21046
-0.22175 1.21030
-0.22157 1.21015
-0.22138 1.20999
-0.22120 1.20983
-0.22102 1.20968
-0.22083 1.20952
-0.22065 1.20937
-0.22046 1.20921
-0.22028 1.20905
-0.22009 1.20890
-0.21991 1.20874
-0.21972 1.20858
-0.21954 1.20843
-0.21936 1.20827
-0.21917 1.20811
-0.21899 1.20796
-0.21880 1.20780
-0.21862 1.20764
-0.21843 1.20749
-0.21825 1.20733
-0.21806 1.20717
-0.21788 1.20702
-0.21769 1.20686
-0.21751 1.20670
-0.21732 1.20654
-0.21714 1.20639
-0.21695 1.20622
-0.21677 1.20606
-0.21658 1.20590
-0.21639 1.20573
-0.21621 1.20557
-0.21602 1.20541
-0.21583 1.20524
-0.21565 1.20508
-0.21546 1.20492
-0.21527 1.20475
-0.21509 1.20459
-0.21490 1.20442
-0.21471 1.20426
-0.21453 1.20410
-0.21434 1.20393
-0.21415 1.20377
-0.21397 1.20361
-0.21378 1.20344
-0.21359 1.20328
-0.21341 1.20311
-0.21322 1.20295
-0.21303 1.20278
-0.21285 1.20262
-0.21266 1.20246
-0.21247 1.20229
-0.21229 1.20213
-0.21210 1.20196
-0.21191 1.20180
-0.21173 1.20163
-0.21154 1.20147
-0.21135 1.20130
-0.21116 1.20114
-0.21098 1.20097
-0.21079 1.20081
-0.21060 1.20064
-0.21042 1.20048
-0.21023 1.20031
-0.21004 1.20015
-0.20986 1.19998
-0.20967 1.19982
-0.20948 1.19965
-0.20929 1.19949
-0.20911 1.19932
-0.20892 1.19916
-0.20873 1.19899
-0.20855 1.19882
-0.20836 1.19866
-0.20817 1.19849
-0.20799 1.19833
-0.20780 1.19816
-0.20761 1.19799
-0.20742 1.19783
-0.20724 1.19766
-0.20705 1.19750
-0.20686 1.19733
-0.20667 1.19716
-0.20649 1.19700
-0.20630 1.19683
-0.20611 1.19666
-0.20593 1.19650
-0.20574 1.19633
-0.20555 1.19616
-0.20536 1.19600
-0.20518 1.19583
-0.20499 1.19566
-0.20480 1.19551
-0.20462 1.19535
-0.20444 1.19520
-0.20426 1.19505
-0.20407 1.19490
-0.20389 1.19475
-0.20371 1.19459
-0.20353 1.19444
-0.20334 1.19429
-0.20316 1.19414
-0.20298 1.19399
-0.20279 1.19383
-0.20261 1.19368
-0.20243 1.19353
-0.20225 1.19338
-0.20206 1.19322
-0.20188 1.19307
-0.20170 1.19292
-0.20151 1.19277
-0.20133 1.19261
-0.20115 1.19246
-0.20097 1.19231
-0.20078 1.19215
-0.20060 1.19200
-0.20042 1.19185
-0.20023 1.19170
-0.20005 1.19154
-0.19987 1.19139
-0.19969 1.19124
-0.19950 1.19108
-0.19932 1.19093
-0.19914 1.19078
-0.19895 1.19062
-0.19877 1.19047
-0.19859 1.19031
-0.19840 1.19016
-0.19822 1.19001
-0.19804 1.18985
-0.19786 1.18970
-0.19767 1.18955
-0.19749 1.18939
-0.19731 1.18924
-0.19712 1.18908
-0.19694 1.18893
-0.19676 1.18878
-0.19657 1.18862
-0.19639 1.18847
