torque_1,torque_1_t,torque_2,torque_2_t
-1,-0.04375,-0.743039,-0.21875
-1,0.4375,-0.728639,-0.371875
-1,0.809375,-0.715801,-0.459375
-1,0.809375,-0.714594,-0.525
-1,0.940625,-0.69089,-0.590625
-1,1.00625,-0.753646,-0.678125
-1,1.07187,-0.742735,-0.678125
-1,1.02812,-0.778742,-0.721875
-1,1.24687,-0.78295,-0.809375
-1,1.29062,-0.866639,-0.765625
-1,1.55313,-0.894105,-0.940625
-1,1.29062,-0.920809,-0.91875
-1,1.4,-1,-0.91875
-1,1.37813,-1,-1.05
-1,1.4,-1,-1.07187
-1,1.26875,-1,-1.07187
-1,1.33438,-1,-1.07187
-1,1.37813,-1,-1.09375
-1,1.26875,-1,-1.1375
-1,1.33438,-1,-1.15938
-0.957907,1.37813,-1,-1.26875
-0.938144,1.225,-1,-1.26875
-0.901336,1.35625,-1,-1.3125
-0.850173,1.18125,-1,-1.4
-0.864136,1.35625,-1,-1.4
-0.822677,1.26875,-1,-1.44375
-0.806403,1.26875,-1,-1.4
-0.747099,1.09375,-0.973483,-1.50937
-0.775418,1.225,-0.917216,-1.50937
-0.76961,1.29062,-0.78652,-1.46562
-0.726588,0.875,-0.769031,-1.42188
-0.707225,1.02812,-0.645313,-1.33438
-0.680484,1.20312,-0.599513,-1.33438
-0.689796,1.18125,-0.508357,-1.1375
-0.680899,1.1375,-0.473024,-0.984375
-0.590196,0.875,-0.32372,-0.984375
-0.562692,1.18125,-0.242631,-0.7875
-0.599914,0.83125,-0.197994,-0.875
-0.526655,0.896875,-0.0742756,-0.678125
-0.580559,0.984375,-0.00637926,-0.590625
-0.570099,0.83125,-0.0152385,-0.0875
-0.529803,0.74375,-0.0252607,-0.56875
-0.500736,0.56875,-0.035283,-0.328125
-0.50307,0.765625,-0.0487941,-0.21875
-0.490684,0.7875,-0.0599793,-0.175
-0.544188,0.7875,-0.0684385,-0.0875
-0.565129,0.765625,-0.0749719,-0.153125
-0.546929,0.83125,-0.137327,-0.13125
-0.569033,0.74375,-0.0833867,-0.175
-0.542692,0.875,-0.088757,-0.109375
-0.588055,0.875,-0.0925644,-0.240625
-0.517121,0.83125,-0.0967719,-0.13125
-0.55707,0.83125,-0.130053,-0.0875
-0.548936,0.809375,-0.227298,-0.21875
-0.573366,0.7875,-0.105505,-0.0875
-0.58424,0.896875,-0.137624,-0.109375
-0.614484,0.809375,-0.167416,-0.21875
-0.60984,0.853125,-0.203024,-0.284375
-0.568381,0.875,-0.202179,-0.175
-0.560247,0.9625,-0.187779,-0.284375
-0.588166,0.896875,-0.235016,-0.153125
-0.63004,0.56875,-0.250453,-0.153125
-0.673477,0.875,-0.154646,-0.21875
-0.653714,0.984375,-0.18095,-0.196875
-0.636277,0.91875,-0.225461,-0.196875
-0.632033,0.9625,-0.225016,-0.284375
-0.693677,1.1375,-0.222246,-0.21875
-0.673914,1.07187,-0.0969644,-0.240625
-0.717351,0.875,-0.218631,-0.196875
-0.668514,0.91875,-0.170505,-0.328125
-0.712714,0.984375,-0.0940681,-0.21875
-0.691788,0.984375,-0.0963496,0.04375
-0.744129,1.05,-0.0947422,-0.21875
-0.709247,1.00625,-0.0931348,-0.175
-0.710418,1.07187,-0.0903644,0
-0.729033,1.07187,-0.0875941,-0.240625
-0.74881,0.940625,-0.0836607,-0.153125
-0.76161,1.09375,-0.0820533,-0.109375
-0.752314,1.225,-0.0215348,-0.240625
-0.783721,1.20312,0.0335689,-0.13125
-0.767447,1.05,0.0340133,-0.153125
-0.739544,1.3125,-0.0760237,0.04375
-0.772114,1.05,-0.0441793,0.13125
-0.827944,1.11563,-0.0402459,-0.065625
-0.796551,1.20312,-0.00840148,0.0875
-0.798884,1.09375,-0.0347052,0
-0.836107,1.02812,-0.0040237,-0.04375
-0.839603,1.15938,-0.0605644,-0.109375
-0.824492,1.1375,-0.058957,0.175
-0.809381,1.15938,0.000798519,-0.04375
-0.84544,1.11563,0.00124296,0.0875
-0.831492,1.15938,0.0563467,-0.13125
-0.879181,1.05,0.00329481,0.153125
-0.85244,1.15938,-0.0532459,0.175
-0.818721,1.11563,-0.0528015,-0.065625
-0.836173,1.18125,-0.054683,-0.065625
-0.821062,1.29062,-0.0519126,0.065625
-0.803625,1.11563,0.00551704,-0.109375
-0.804796,1.11563,-0.0521867,-0.109375
-0.807129,1.07187,-0.0482533,-0.021875
-0.781551,1.1375,0.00219852,0.065625
-0.811796,1.09375,-0.0415496,0.0875
-0.783892,1.09375,-0.0383793,-0.240625
-0.814136,1.11563,-0.0356089,-0.021875
-0.785833,1.225,-0.0340015,-0.0875
-0.816077,1.02812,-0.0312311,-0.175
-0.850973,1.07187,-0.0296237,0.0875
-0.803299,1.225,-0.0291793,0.0875
-0.805633,1.20312,-0.0252459,0.13125
-0.752144,1.11563,-0.0244015,0.196875
-0.816114,1.11563,-0.0231941,0.021875
-0.806418,1.11563,-0.0192607,-0.04375
-0.786655,1.1375,-0.0199793,-0.04375
-0.786662,1.11563,-0.0183719,-0.04375
-0.804114,1.11563,-0.0167644,-0.196875
-0.766507,1.05,-0.017483,0.175
-0.766514,1.11563,-0.0158756,0.109375
-0.80141,1.09375,-0.0146681,0.0875
-0.78281,1.07187,-0.0142237,-0.04375
-0.764973,1.02812,-0.0126163,-0.0875
-0.781262,0.678125,-0.0121719,-0.0875
-0.762662,0.91875,-0.0117274,0.13125
-0.761507,1.1375,-0.011283,-0.21875
-0.762277,1.09375,-0.00851259,0.240625
-0.806477,1.15938,-0.00923111,-0.196875
-0.826255,1.07187,-0.00529778,-0.109375
-0.780507,1.15938,-0.00252741,-0.04375
-0.780514,1.09375,0.000242963,-0.109375
-0.763077,1.18125,0.00185037,-0.0875
-0.797973,1.02812,0.00345778,0.0875
-0.826655,1.07187,0.00506519,-0.0875
-0.797588,1.05,0.00667259,0.0875
-0.778988,1.02812,0.00711704,0.109375
-0.761151,1.07187,0.00872444,-0.0875
-0.779766,0.65625,0.0114948,0.109375
-0.808847,1.24687,0.0131022,0.04375
-0.811944,1.07187,0.0181985,-0.065625
-0.831721,1.225,0.0221319,0.240625
-0.787536,1.26875,0.0260652,-0.0875
-0.752255,0.984375,0.0280726,-0.0875
-0.817388,1.1375,0.030843,-0.0875
-0.789484,1.1375,0.0336133,-0.0875
-0.789092,1.1375,0.0352207,0
-0.818173,1.3125,0.0368281,0.21875
-0.807714,1.29062,0.0395985,0.13125
-0.792203,1.24687,0.0435319,0.0875
-0.794536,1.09375,0.0478652,-0.065625
-0.759655,1.3125,0.0494726,-0.065625
-0.795314,1.15938,0.052243,-0.04375
-0.795321,1.11563,0.0538504,-0.175
-0.793766,1.02812,0.0542948,-0.04375
-0.793773,1.05,0.0559022,0
-0.825181,1.15938,0.0602356,0.21875
-0.794551,1.11563,0.06068,0.328125
-0.795721,1.05,0.0634504,0.196875
-0.761603,0.984375,0.0662207,0
-0.76161,1.05,0.0682281,-0.0875
-0.845351,1.07187,0.0721615,0.04375
-0.827514,1.29062,0.0737689,0
-0.781003,1.02812,0.0753763,0.04375
-0.779447,1.07187,0.0758207,0.328125
-0.749981,1.1375,0.0774281,-0.021875
-0.795344,1.225,0.0774726,0
-0.794951,1.1375,0.07908,0.153125
-0.778677,1.1375,0.0818504,0.35
-0.824803,1.09375,0.0834578,0.04375
-0.758121,1.07187,0.0823393,0.04375
-0.756966,1.11563,0.0827837,0.109375
-0.753084,1.07187,0.0809022,0.284375
-0.768973,1.07187,0.0813467,0.2625
-0.767818,1.07187,0.0813911,0.284375
-0.737188,1.20312,0.0818356,-0.021875
-0.78564,1.05,0.0857689,-0.021875
-0.751921,1.07187,0.0885393,0.39375
-0.815492,0.9625,0.0901467,-0.04375
-0.769744,1.05,0.092917,0.284375
-0.806966,1.07187,0.0968504,0.196875
-0.771684,1.20312,0.0980578,0.196875
-0.807344,1.225,0.100828,0.109375
-0.756181,1.20312,0.103599,0.30625
-0.775559,1.11563,0.107532,0.21875
-0.82401,1.1375,0.111465,0
-0.824781,1.24687,0.114236,0.2625
-0.79804,0.940625,0.118169,0.0875
-0.781366,0.9625,0.120939,0
-0.780973,1.11563,0.122547,0.021875
-0.828662,1.09375,0.125317,0.04375
-0.818966,1.05,0.12925,0
-0.832529,1.225,0.133184,0.021875
-0.852307,1.3125,0.137117,0.0875
-0.824003,1.29062,0.139887,0.21875
-0.873618,1.225,0.144984,0.2625
-0.829033,1.35625,0.148917,0.021875
-0.861603,1.1375,0.154013,0.371875
-0.862373,1.1375,0.156784,0.21875
-0.863144,1.09375,0.159554,0.153125
-0.865077,1.18125,0.163487,0.284375
-0.837173,1.15938,0.166258,-0.04375
-0.849573,1.20312,0.169028,-0.2625
-0.838714,1.50937,0.171799,0.35
-0.888329,1.24687,0.176895,0.2625
-0.890662,1.225,0.180828,0.30625
-0.846077,1.4,0.184761,0.21875
-0.846847,1.37813,0.187532,-0.13125
-0.876692,1.24687,0.190302,0.284375
-0.860418,1.37813,0.193473,0.196875
-0.862351,1.3125,0.197406,0.328125
-0.882892,1.35625,0.202502,0.30625
-0.884825,1.15938,0.206436,0.21875
-0.886759,1.15938,0.210369,0.21875
-0.840247,1.18125,0.211976,0.35
-0.839855,1.18125,0.213984,0.459375
-0.856907,1.18125,0.215591,0.371875
-0.871633,1.18125,0.220687,0.240625
-0.908455,1.225,0.224621,0.371875
-0.845662,1.225,0.227391,0.175
-0.86504,1.15938,0.231324,0.240625
-0.86581,1.18125,0.234095,0.4375
-0.849136,1.3125,0.236465,0.35
-0.85107,1.20312,0.240399,-0.13125
-0.882077,1.11563,0.244332,0.240625
-0.851047,1.18125,0.244376,0.328125
-0.880892,1.20312,0.247147,0.2625
-0.835144,1.29062,0.249517,0.48125
-0.853359,1.15938,0.252287,0.30625
-0.87041,1.1375,0.253495,0.065625
-0.837455,1.18125,0.257428,0.328125
-0.882418,1.35625,0.257873,0.30625
-0.855277,1.20312,0.261406,0.634375
-0.809529,1.20312,0.264176,-0.021875
-0.873099,1.15938,0.265384,0.2625
-0.854862,1.3125,0.266991,0.503125
-0.85447,1.18125,0.268599,0.371875
-0.854077,1.20312,0.269806,-0.021875
-0.853684,1.20312,0.271413,-0.021875
-0.852129,1.33438,0.271858,0.39375
-0.854062,1.4,0.275391,0.39375
-0.837388,1.37813,0.278161,0.2625
-0.820714,1.3125,0.280932,0.35
-0.838529,1.225,0.283702,0.35
-0.873025,1.44375,0.28491,0.30625
-0.838907,1.42188,0.28768,0.4375
-0.875729,1.18125,0.291613,0.35
-0.838121,1.29062,0.290895,0.30625
-0.886573,1.3125,0.294428,0.35
-0.840425,1.44375,0.297199,0.4375
-0.859803,1.33438,0.301132,0.35
-0.879181,1.11563,0.305065,0.459375
-0.862507,1.18125,0.307436,0.35
-0.909796,1.3125,0.310206,0.4375
-0.881492,1.225,0.312976,0.35
-0.912099,1.225,0.31691,0.35
-0.866351,1.15938,0.31968,0.371875
-0.91364,1.26875,0.32245,0.021875
-0.898129,1.44375,0.325984,0.4375
-0.88727,1.26875,0.328754,0.39375
-0.898507,1.4,0.330361,0.56875
-0.90004,1.46562,0.334295,0.35
-0.938025,1.26875,0.339391,0.39375
-0.923677,1.33438,0.344487,0.39375
-0.908166,1.24687,0.348421,0.503125
-0.96127,1.3125,0.351191,0.678125
-0.926751,1.24687,0.353561,0.56875
-0.910077,1.35625,0.355169,0.415625
-0.929455,1.33438,0.359102,0.39375
-0.932551,1.44375,0.364199,0.56875
-0.954255,1.3125,0.370458,0.04375
-1,1.3125,0.375554,0.4375
-0.976329,1.26875,0.379487,0.4375
-0.961981,1.55313,0.384584,0.546875
-0.965077,1.4875,0.510628,0.721875
-0.932884,1.53125,0.393613,0.503125
-0.989477,1.37813,0.399873,0.6125
-1,1.35625,0.403806,0.4375
-0.980551,1.53125,0.408902,0.503125
-1,1.42188,0.412836,0.4375
-1,1.46562,0.417932,0.4375
-0.991766,1.35625,0.545139,0.678125
-1,1.33438,0.425799,0.809375
-1,1.4,0.553406,0.459375
-1,1.29062,0.434828,0.6125
-1,1.59688,0.446502,0.56875
-0.991329,1.33438,0.559354,0.546875
-1,1.44375,0.53305,0.74375
-1,1.46562,0.565658,0.853125
-1,1.3125,0.619199,0.74375
-1,1.35625,0.538999,0.721875
-1,1.42188,0.622013,0.634375
-1,1.4875,0.623221,0.7
-1,1.37813,0.669784,0.721875
-1,1.46562,0.651221,0.74375
-1,1.44375,0.685391,0.765625
-1,1.35625,0.729628,0.809375
-1,1.46562,0.680828,0.7875
-1,1.37813,0.689413,0.809375
-1,1.55313,0.717369,0.83125
-1,1.37813,0.715087,1.02812
-1,1.4875,0.729487,0.896875
-1,1.35625,0.708599,0.875
-1,1.46562,0.75051,0.984375
-1,1.29062,0.782354,0.765625
-1,1.55313,0.725413,0.984375
-1,1.42188,0.722369,0.9625
-1,1.4,0.751487,1.02812
-1,1.46562,0.748443,0.853125
-1,1.575,0.697317,1.00625
-1,1.37813,0.660147,0.984375
-1,1.575,0.655939,1.00625
-1,1.44375,0.673428,0.9625
-1,1.61875,0.626191,0.984375
-1,1.64062,0.564599,1.07187
-1,1.42188,0.567369,0.896875
-1,1.44375,0.553458,0.984375
-1,1.42188,0.512036,0.896875
-1,1.50937,0.407413,0.853125
-1,1.42188,0.426465,0.721875
-1,1.00625,0.423021,0.7
-1,1.4,0.431606,0.459375
-1,1.50937,0.438628,0.7
-1,1.44375,0.448376,0.65625
-1,1.50937,0.456561,0.65625
-1,1.4,0.46631,0.634375
-1,1.6625,0.476058,0.6125
-1,1.33438,0.484243,0.39375
-1,1.42188,0.492828,0.525
-1,1.44375,0.49985,0.4375
-1,1.33438,0.507273,0.765625
-1,1.3125,0.514695,0.634375
-1,1.35625,0.521717,0.765625
-1,1.225,0.530302,0.415625
-1,1.44375,0.537724,0.765625
-1,1.33438,0.54591,0.634375
-1,1.4,0.552169,0.765625
-1,1.24687,0.559591,0.721875
-1,1.37813,0.56545,0.7
-1,1.29062,0.569384,0.721875
-1,0.91875,0.57448,0.83125
-1,1.53125,0.579176,0.7
-1,1.42188,0.58311,0.765625
-1,0.875,0.587043,0.809375
-1,1.20312,0.590976,0.721875
-1,1.33438,0.59451,0.765625
-1,1.55313,0.598443,0.809375
-1,1.46562,0.601213,0.74375
-1,1.575,0.599332,0.765625
-1,1.575,0.600939,0.896875
-1,1.35625,0.600984,0.74375
-1,1.55313,0.601028,0.765625
-1,1.225,0.603399,0.74375
-1,1.46562,0.60188,0.853125
-1,1.33438,0.600761,0.765625
-1,1.59688,0.59848,0.896875
-1,1.35625,0.598524,0.809375
-1,1.4875,0.599332,0.765625
-1,1.55313,0.599376,0.74375
-1,1.53125,0.598258,0.896875
-1,1.53125,0.598302,0.765625
-1,1.42188,0.597184,0.7875
-1,1.29062,0.595665,0.721875
-1,1.26875,0.591058,0.765625
-1,1.35625,0.588776,0.896875
-0.992136,1.44375,0.584169,0.809375
-1,1.3125,0.58305,0.74375
-1,1.29062,0.579606,0.940625
-0.996736,1.11563,0.577324,0.809375
-1,1.07187,0.57348,0.83125
-1,1.53125,0.571199,0.74375
-1,1.35625,0.567754,0.634375
-0.974559,1.50937,0.565473,0.74375
-0.967951,1.35625,0.560865,0.765625
-1,1.53125,0.56091,0.853125
-1,1.59688,0.559791,0.7875
-1,1.4,0.556347,0.721875
-0.979499,1.42188,0.552902,0.765625
-0.976381,1.35625,0.551784,0.678125
-1,1.42188,0.549502,0.65625
-0.986025,1.42188,0.549547,0.765625
-0.963136,1.33438,0.546102,0.721875
-1,1.55313,0.543821,0.765625
-1,1.6625,0.543865,0.853125
-1,1.35625,0.545073,0.7
-1,1.4,0.545117,0.721875
-0.984359,1.59688,0.542836,0.7
-1,1.68437,0.544043,0.853125
-1,1.55313,0.54525,0.765625
-1,1.53125,0.547621,0.765625
-1,1.70625,0.548828,0.83125
-1,1.24687,0.552361,0.765625
-1,1.53125,0.553569,0.721875
-1,1.44375,0.555939,0.83125
-1,1.44375,0.55831,0.7
-1,1.59688,0.56108,0.765625
-1,1.42188,0.564613,0.853125
-1,1.4875,0.568147,0.765625
-1,1.46562,0.570517,0.896875
-1,1.4,0.571724,0.765625
-1,1.575,0.576421,0.765625
-1,1.61875,0.578791,0.765625
-1,1.64062,0.582724,0.896875
-1,1.575,0.586258,0.74375
-1,1.50937,0.588628,0.765625
-1,1.24687,0.592161,0.7
-1,1.33438,0.594532,0.809375
-1,1.50937,0.597302,0.7
-1,1.55313,0.599673,0.896875
-1,1.55313,0.602043,0.853125
-1,1.4,0.604413,0.9625
-1,1.35625,0.606021,0.765625
-1,1.3125,0.606065,0.91875
-1,1.35625,0.607273,0.7875
-1,1.33438,0.60848,0.809375
-1,1.37813,0.607761,0.853125
-1,1.29062,0.606643,0.9625
-1,1.3125,0.605524,0.7875
-1,1.44375,0.604769,0.83125
-1,1.35625,0.601687,0.809375
-0.99604,1.33438,0.59628,0.940625
-1,1.50937,0.595924,0.809375
-0.962255,1.4875,0.595169,0.853125
-0.941292,1.37813,0.59325,0.7875
-0.966847,1.29062,0.591332,0.765625
-0.999381,1.35625,0.590576,0.896875
-0.979581,1.33438,0.589821,0.6125
-0.974899,1.44375,0.587139,0.74375
-0.942307,1.09375,0.585221,0.83125
-0.90041,1.26875,0.579813,0.74375
-0.866655,1.44375,0.576732,0.809375
-0.939492,1.50937,0.575976,0.896875
-0.937136,1.50937,0.575621,0.765625
-0.988277,1.33438,0.576028,0.853125
-0.928936,1.55313,0.570621,0.74375
-0.877736,1.4,0.567539,0.765625
-0.873055,1.4875,0.564858,0.91875
-0.886981,1.50937,0.562939,0.7
-0.931144,1.4875,0.562184,0.896875
-0.946233,1.3125,0.561428,0.809375
-0.923707,1.37813,0.558747,0.765625
-0.922514,1.4,0.559154,0.721875
-0.902714,1.20312,0.558399,0.721875
-0.91664,1.26875,0.55688,0.765625
-0.931729,0.74375,0.556124,0.678125
-0.946818,1.20312,0.555369,0.765625
-0.957255,1.26875,0.556176,0.721875
-0.953736,1.37813,0.554258,0.7
-0.967662,1.33438,0.552339,0.65625
-0.947462,1.50937,0.551984,0.721875
-0.947433,1.35625,0.553554,0.875
-0.981129,1.37813,0.554361,0.875
-1,1.4,0.555932,0.721875
-0.945018,1.35625,0.556339,0.525
-0.997321,1.33438,0.55831,0.74375
-0.946121,1.3125,0.561043,0.7
-1,1.26875,0.564176,0.721875
-1,1.37813,0.564584,0.91875
-1,1.44375,0.566154,0.721875
-0.999099,1.4875,0.569287,0.765625
-1,1.29062,0.573184,0.765625
-1,1.33438,0.575154,0.721875
-1,1.33438,0.575561,0.765625
-1,1.4875,0.578695,0.765625
-1,1.37813,0.580265,0.765625
-1,1.4,0.583399,0.875
-1,1.26875,0.587295,0.74375
-1,1.37813,0.591591,0.7875
-1,1.35625,0.594324,0.809375
-1,1.50937,0.598621,0.765625
-1,1.4875,0.602517,0.765625
-1,1.4,0.606813,0.765625
-1,1.35625,0.61111,0.765625
-1,1.4,0.616169,0.809375
-1,1.42188,0.621628,0.91875
-1,1.35625,0.626687,1.00625
-1,1.37813,0.632547,0.853125
-1,1.3125,0.638006,0.83125
-1,1.4,0.643465,0.940625
-1,1.44375,0.649324,0.9625
-1,1.42188,0.653621,1.05
-1,1.46562,0.660243,0.83125
-1,1.42188,0.667265,1.00625
-1,1.44375,0.672724,0.91875
-1,1.4875,0.735169,0.896875
-1,1.53125,0.684043,0.940625
-1,1.33438,0.688339,0.940625
-1,1.33438,0.694199,0.896875
-1,1.4,0.792695,1.00625
-1,1.4,0.702791,0.984375
-1,1.55313,0.70865,0.875
-1,1.53125,0.833895,0.940625
-1,1.42188,0.71648,1.11563
-1,1.35625,0.831258,0.940625
-1,1.46562,0.832465,1.02812
-1,1.50937,0.836761,1.15938
-1,1.35625,0.785636,1.02812
-1,1.4,0.851569,1.07187
-1,1.37813,0.870221,1.11563
-1,1.26875,0.871028,1.05
-1,1.44375,0.841999,1.20312
-1,1.35625,0.888161,1.11563
-1,1.35625,0.90565,1.15938
-1,1.44375,0.885524,1.02812
-1,1.42188,0.930924,1.18125
-1,1.33438,0.930569,1.18125
-1,1.55313,0.912006,1.26875
-1,1.46562,0.961658,1.18125
-1,1.33438,0.907043,1.3125
-1,1.4875,0.87685,1.225
-1,1.50937,0.92185,1.1375
-1,1.46562,0.903287,1.225
-1,1.4875,0.890139,1.3125
-1,1.575,0.808776,1.29062
-1,1.4,0.87511,1.225
-1,1.46562,0.842191,1.33438
-1,1.4,0.835258,1.20312
-1,1.50937,0.775991,1.18125
-1,1.37813,0.733769,1.07187
-1,1.575,0.738465,1.09375
-1,1.55313,0.744324,1.05
-1,1.37813,0.748621,0.984375
-1,1.61875,0.753317,1.07187
-1,1.46562,0.759176,1.02812
-1,1.29062,0.765036,0.940625
-1,1.55313,0.769332,1.02812
-1,1.44375,0.776354,1.07187
-1,1.26875,0.779887,1.02812
-1,1.64062,0.784184,1.09375
-1,1.35625,0.78888,0.984375
-1,1.55313,0.793576,1.02812
-1,1.42188,0.798273,1.09375
-1,1.33438,0.802969,1.02812
-1,1.68437,0.804939,1.18125
-1,1.44375,0.809636,1.02812
-1,1.4,0.814332,1.24687
-1,1.225,0.817865,1.07187
-1,1.42188,0.821399,1.05
-1,1.46562,0.823369,1.18125
-1,1.3125,0.826502,1.07187
-1,1.3125,0.829636,1.07187
-1,1.225,0.831206,1.3125
-1,1.37813,0.832013,1.07187
-1,1.42188,0.833984,1.20312
-1,1.46562,0.835954,1.1375
-1,1.33438,0.837924,1.07187
-1,1.3125,0.839895,1.1375
-1,1.42188,0.841865,1.20312
-1,1.3125,0.842673,1.1375
-1,1.46562,0.842317,1.07187
-1,1.33438,0.841961,1.15938
-1,1.24687,0.843932,1.225
-1,1.4,0.843576,1.1375
-1,1.50937,0.844384,1.225
-1,1.55313,0.844028,1.18125
-1,1.4875,0.845999,1.07187
-1,1.37813,0.846806,1.1375
-1,1.37813,0.847613,1.1375
-1,1.4,0.848421,1.07187
-1,1.64062,0.849228,1.24687
-1,1.33438,0.849273,1.07187
-1,1.70625,0.848917,1.1375
-1,1.4875,0.847399,1.20312
-1,1.44375,0.84588,1.11563
-1,1.50937,0.843199,1.1375
-1,1.44375,0.844006,1.07187
-1,1.42188,0.845976,1.1375
-1,1.26875,0.845621,1.07187
-1,1.55313,0.844502,1.1375
-1,1.3125,0.84531,1.15938
-1,0.940625,0.84728,1.225
-1,1.29062,0.848087,1.07187
-1,1.29062,0.851221,1.07187
-1,1.4,0.852028,1.225
-1,1.42188,0.853236,1.07187
-1,1.4,0.856369,1.07187
-1,1.37813,0.858339,1.15938
-1,1.44375,0.857984,1.24687
-1,1.37813,0.860354,1.07187
-1,1.4,0.863487,1.18125
-1,1.61875,0.866621,1.1375
-1,1.37813,0.869754,1.33438
-1,1.07187,0.872124,1.24687
-1,1.35625,0.875258,1.35625
-1,1.44375,0.878391,1.225
-1,1.50937,0.880361,1.20312
-1,1.24687,0.887384,0.875
-1,1.44375,0.89168,1.15938
-1,1.42188,0.894813,1.225
-1,1.35625,0.89951,1.15938
-1,1.42188,0.90148,0.91875
-1,1.33438,0.904613,1.18125
-1,1.4,0.90931,1.225
-1,1.33438,0.91128,1.18125
-1,1.33438,0.914413,1.18125
-1,1.33438,0.917947,1.24687
-1,1.4,0.92108,1.225
-1,1.4875,0.92345,1.33438
-1,1.3125,0.982406,1.225
-1,1.3125,0.927791,1.26875
-1,1.46562,0.930161,0.875
-1,1.33438,1,1.225
-1,1.3125,0.931413,1.4
-1,1.4,1,1.26875
-1,1.29062,0.930339,1.3125
-1,1.35625,0.958295,1.26875
-1,1.33438,0.975784,0.940625
-1,1.44375,0.939776,1.29062
-1,1.42188,1,1.00625
-1,1.46562,0.923584,1.37813
-1,1.42188,1,1.3125
-1,1.4875,0.92251,1.4
-1,1.50937,0.922554,1.3125
-1,1.24687,1,1.24687
-1,1.37813,0.92188,1.42188
-1,1.4,0.921924,1.18125
-1,1.4,0.921969,1.29062
-1,1.44375,0.92085,1.4
-1,1.37813,0.919732,1.24687
-1,1.4,0.916287,1.37813
-1,1.42188,0.916732,1.3125
-0.954751,1.35625,0.910961,1.26875
-1,1.53125,0.911006,1.18125
-0.966321,1.37813,0.909887,1.3125
-0.978684,1.50937,0.907606,1.24687
-0.940277,1.33438,0.906887,0.91875
-0.93327,1.42188,0.90228,1.26875
-0.982847,1.29062,0.902324,1.37813
-0.942114,1.42188,0.89888,1.24687
-0.973484,1.1375,0.897761,1.225
-0.952521,1.33438,0.897043,1.37813
-0.929996,1.26875,0.894761,1.225
-0.943921,1.3125,0.893643,0.74375
-0.956684,1.3125,0.891761,1.33438
-0.936484,1.29062,0.891806,1.225
-0.931803,1.37813,0.889524,1.20312
-0.957359,1.46562,0.888806,1.29062
-0.95384,1.4,0.887687,1.15938
-0.938292,1.46562,0.886569,1.29062
-0.946403,1.33438,0.88585,1.1375
-0.959166,1.4875,0.883569,1.33438
-0.938966,1.3125,0.883613,1.18125
-0.971499,1.3125,0.884058,1.44375
-0.986588,1.3125,0.884102,1.15938
-0.983833,1.29062,0.884147,1.20312
-0.993107,1.3125,0.884591,1.26875
-0.988425,1.26875,0.88231,1.1375
-0.972114,1.33438,0.880428,1.3125
-0.933307,1.29062,0.87931,1.35625
-0.964677,1.26875,0.878191,1.15938
-0.962321,1.20312,0.878636,1.3125
-0.960729,1.4,0.879843,1.15938
-0.959536,1.26875,0.88145,0.83125
-0.939736,1.37813,0.881495,1.225
-0.935818,1.26875,0.880776,1.35625
-0.95207,1.18125,0.881984,1.33438
-0.948551,1.35625,0.881265,1.1375
-0.99464,1.26875,0.883636,1.18125
-0.957396,1.35625,0.88408,1.15938
-0.953877,1.3125,0.882961,1.37813
-0.924773,1.3125,0.885732,1.225
-0.939462,1.29062,0.885776,1.24687
-0.983625,1.33438,0.886221,1.3125
-0.964988,1.33438,0.887428,1.35625
-0.998284,1.42188,0.889036,1.20312
-0.963366,1.4,0.891406,1.33438
-0.932699,1.46562,0.892613,1.18125
-0.931107,1.4,0.893421,1.18125
-0.941544,1.225,0.894628,1.18125
-0.957396,1.33438,0.895836,1.37813
-0.956203,0.9625,0.897043,1.225
-0.990662,1.29062,0.899413,1.20312
-0.972025,1.29062,0.900621,1.46562
-0.933218,1.29062,0.899502,1.37813
-0.900625,1.15938,0.898384,1.35625
-0.928107,1.29062,0.899591,1.26875
-0.942796,1.225,0.899636,1.26875
-0.941603,1.18125,0.900843,1.20312
-0.956292,1.29062,0.900887,1.35625
-0.92021,1.20312,0.902095,1.20312
-0.869773,1.44375,0.900976,1.33438
-0.869744,1.3125,0.903347,1.24687
-0.865825,1.20312,0.902228,1.37813
-0.928196,1.18125,0.903836,1.33438
-0.879321,1.53125,0.90388,1.3125
-0.906803,1.225,0.905087,1.225
-0.876536,0.809375,0.906295,1.37813
-0.872618,1.225,0.905176,1.1375
-0.822581,1.225,0.904058,1.26875
-0.866344,1.15938,0.904102,1.35625
-0.861262,1.26875,0.901821,1.26875
-0.877514,1.26875,0.903028,1.55313
-0.886388,1.15938,0.903473,1.26875
-0.82007,1.20312,0.903517,1.18125
-0.805684,1.26875,0.903561,1.3125
-0.814959,1.09375,0.903606,1.24687
-0.847092,1.1375,0.90365,1.225
-0.826892,1.02812,0.903695,1.24687
-0.808255,1.225,0.905302,1.29062
-0.858996,1.09375,0.90651,1.18125
-0.820588,1.18125,0.905391,1.26875
-0.815507,1.07187,0.90311,1.20312
-0.795307,1.15938,0.903554,1.26875
-0.810396,0.9625,0.903599,1.20312
-0.80764,1.07187,0.903643,1.20312
-0.759929,1.1375,0.90485,1.225
-0.839744,1.11563,0.906458,1.37813
-0.803262,1.225,0.907665,1.24687
-0.818351,1.18125,0.90771,1.20312
-0.816759,1.11563,0.908917,1.24687
-0.777188,1.18125,0.907036,1.20312
-0.810484,1.11563,0.908243,1.18125
-0.808892,1.35625,0.90945,1.37813
-0.836773,1.20312,0.911058,1.24687
-0.836344,1.4,0.913428,1.37813
-0.78747,1.1375,0.913473,1.24687
-0.820766,1.18125,0.91508,1.24687
-0.781959,1.24687,0.913961,1.26875
-0.79821,1.1375,0.915569,1.00625
-0.841973,1.11563,0.915613,1.24687
-0.859388,1.20312,0.917984,1.26875
-0.857796,1.1375,0.919591,1.20312
-0.817825,1.05,0.91731,1.24687
-0.80384,1.26875,0.917754,1.575
-0.81504,1.1375,0.920124,1.20312
-0.831292,1.09375,0.921732,1.18125
-0.879707,1.33438,0.926428,1.26875
-0.879677,1.33438,0.929199,1.26875
-0.899018,1.26875,0.933895,1.24687
-0.850907,1.3125,0.935502,1.29062
-0.865996,1.24687,0.935947,1.18125
-0.895803,1.3125,0.93948,1.35625
-0.898099,1.20312,0.944576,1.29062
-0.934884,1.24687,0.949673,1.26875
-0.949973,1.26875,0.955532,1.26875
-0.905351,1.3125,0.960628,1.37813
-0.923529,1.24687,0.964561,1.33438
-0.889773,1.3125,0.996006,1.29062
-0.927721,1.26875,0.973191,1.3125
-0.930018,1.33438,0.977124,1.59688
-0.960988,1.24687,0.980658,1.33438
-0.935373,1.26875,1,1.37813
-0.953551,1.35625,0.987361,1.33438
-0.939166,1.18125,1,1.26875
-0.941462,1.42188,1,1.33438
-0.89684,1.35625,1,1.4
-0.910766,1.29062,1,1.3125
-0.964996,1.20312,1,1.3125
-0.968455,1.35625,1,1.50937
-0.971514,1.26875,1,1.33438
-0.954803,1.29062,1,1.35625
-0.910581,1.4,1,1.44375
-0.958996,1.46562,1,1.3125
-0.962455,1.26875,1,1.35625
-0.964351,1.35625,1,1.44375
-0.948803,1.35625,1,1.42188
-0.951099,1.29062,1,1.35625
-0.985559,1.33438,1,1.35625
-0.932033,1.3125,1,1.44375
-0.968818,1.26875,1,1.3125
-0.934662,1.3125,1,1.50937
-0.988129,1.29062,1,1.35625
-0.926062,1.37813,1,1.37813
-1,1.20312,1,1.4
-0.97561,1.3125,1,1.33438
-0.959299,1.33438,1,1.42188
-0.979803,1.4,1,1.37813
-0.963092,1.37813,1,1.35625
-0.982833,1.05,1,1.33438
-0.963796,1.44375,1,1.37813
-0.964929,1.3125,1,1.24687
-0.981944,1.37813,1,1.35625
-0.917551,1.33438,1,1.33438
-0.96404,1.26875,1,1.46562
-0.935699,1.42188,1,1.37813
-0.96707,1.33438,1,1.44375
-0.985247,1.33438,1,1.29062
-0.902247,1.3125,1,1.44375
-0.920825,1.26875,1,1.11563
-0.93784,1.33438,1,1.37813
-0.919203,1.4,1,1.33438
-0.918773,0.984375,1,1.29062
-0.917181,1.29062,1,1.26875
-0.946225,1.24687,1,1.44375
-0.935329,1.29062,1,1.33438
-0.90041,1.29062,1,1.4
-0.897655,1.3125,1,1.53125
-0.877455,1.15938,1,1.35625
-0.912314,1.1375,1,1.35625
-0.909559,1.29062,1,1.37813
-0.90604,0.83125,1,1.37813
-0.884677,1.26875,1,1.46562
-0.900529,1.225,1,1.33438
-0.817929,1.29062,1,1.3125
-0.864018,1.37813,1,1.4
-0.833351,1.1375,1,1.46562
-0.849203,1.26875,1,1.3125
-0.831329,1.26875,1,1.35625
-0.848344,1.15938,1,1.29062
-0.858381,1.35625,1,1.37813
-0.791662,1.26875,1,1.37813
-0.807514,1.24687,1,1.4
-0.805921,1.1375,1,1.4875
-0.839218,1.15938,1,1.33438
-0.849255,1.37813,1,1.24687
-0.818588,1.18125,1,1.33438
-0.797225,1.1375,1,1.4
-0.827033,1.07187,1,1.4
-0.823114,1.18125,1,1.37813
-0.819196,1.15938,1,1.37813
-0.814114,1.09375,1,1.37813
-0.83927,1.20312,1,1.33438
-0.836514,1.15938,1,1.575
-0.815151,1.11563,1,1.37813
-0.812396,1.11563,1,1.6625
-0.796847,1.07187,1,1.37813
-0.744084,1.20312,1,1.37813
-0.842507,1.11563,1,1.46562
-0.794396,1.07187,1,1.33438
-0.840484,1.1375,1,1.37813
-0.804003,1.02812,1,1.33438
-0.800084,1.20312,1,1.46562
-0.796166,1.07187,1,1.53125
-0.780618,1.09375,1,1.3125
-0.790655,1.09375,1,1.44375
-0.777433,1.11563,1,1.33438
-0.822359,1.05,1,1.37813
-0.802159,1.225,1,1.33438
-0.772655,1.1375,1,1.18125
-0.781529,1.00625,1,1.46562
-0.796218,1.15938,1,1.35625
-0.778344,0.83125,1,1.4
-0.829084,1.1375,1,1.37813
-0.807721,1.20312,1,1.33438
-0.770077,1.02812,1,1.4
-0.804536,1.15938,1,1.33438
-0.766892,1.26875,1,1.37813
-0.801351,1.3125,1,1.46562
-0.75324,1.11563,1,1.37813
-0.781884,1.09375,1,1.35625
-0.765173,1.18125,1,1.4875
-0.817077,1.07187,1,1.44375
-0.760825,1.07187,1,1.4
-0.759233,1.11563,1,1.4
-0.775084,1.05,1,1.33438
-0.745581,1.3125,1,1.37813
-0.792833,1.11563,1,1.4
-0.809847,1.18125,1,1.3125
-0.757084,1.09375,1,1.46562
-0.775262,1.225,1,1.37813
-0.755062,1.11563,1,1.42188
-0.772077,1.09375,1,1.37813
-0.790255,0.984375,1,1.33438
-0.773544,1.20312,1,1.37813
-0.773114,1.02812,1,1.20312
-0.788966,1.07187,1,1.3125
-0.788536,1.1375,1,1.46562
-0.805551,1.20312,1,1.35625
-0.753951,1.05,1,1.35625
-0.78841,0.9625,1,1.35625
-0.785655,1.09375,1,1.29062
-0.785225,1.18125,1,1.44375
-0.737114,1.1375,1,1.35625
-0.748314,1.00625,1,1.29062
-0.764166,1.18125,1,1.33438
-0.762573,1.15938,1,1.29062
-0.762144,1.11563,1,1.44375
-0.759388,1.00625,1,1.29062
-0.729884,1.05,1,1.4
-0.738759,0.984375,1,1.35625
-0.707692,1.02812,1,1.35625
-0.735173,1.05,1,1.46562
-0.721951,1.02812,1,1.42188
-0.730425,1.07187,1,1.44375
-0.728833,0.940625,1,1.4
-0.725677,0.940625,1,1.35625
-0.693847,0.896875,1,1.35625
-0.692255,1.02812,1,1.44375
-0.689099,0.940625,1,1.35625
-0.716581,0.875,1,1.35625
-0.704121,0.91875,1,1.35625
-0.66764,1.1375,1,1.46562
-0.699373,0.940625,1,1.35625
-0.680336,0.9625,1,1.3125
-0.661299,1.05,1,1.225
-0.705825,1.02812,1,1.4875
-0.657714,1.07187,1,1.59688
-0.69061,0.984375,1,1.35625
-0.67041,1.20312,1,1.44375
-0.685862,0.940625,1,1.35625
-0.683107,1.05,1,1.46562
-0.681514,0.875,1,1.26875
-0.642307,0.91875,1,1.61875
-0.68607,1.00625,1,1.35625
-0.655003,1.07187,1,1.35625
-0.668529,1.02812,1,1.29062
-0.714218,1.00625,1,1.44375
-0.696344,0.940625,1,1.35625
-0.713359,0.9625,1,1.37813
-0.676477,1.02812,1,1.44375
-0.676047,1.00625,1,1.4
-0.692662,1.02812,1,1.4875
-0.689907,0.91875,1,1.37813
-0.723966,0.809375,1,1.4
-0.723536,1.11563,1,1.44375
-0.687818,0.940625,1,1.35625
-0.733907,1.29062,1,1.46562
-0.721847,0.9625,1,1.35625
-0.751255,1.05,1,1.35625
-0.734544,0.984375,1,1.35625
-0.734877,0.9625,1,1.37813
-0.706536,1.1375,1,1.575
-0.737107,0.940625,1,1.29062
-0.73784,1.09375,1,1.44375
-0.756018,1.15938,1,1.3125
-0.74007,1.05,1,1.44375
-0.75941,1.02812,1,1.55313
-0.759744,0.590625,1,1.37813
-0.744196,1.11563,1,1.35625
-0.744529,1.09375,1,1.35625
-0.761544,1.00625,1,1.33438
-0.780884,1.15938,1,1.26875
-0.747492,1.02812,1,1.35625
-0.76567,1.18125,1,1.33438
-0.748559,1.02812,1,1.4
-0.769062,1.15938,1,1.44375
-0.769396,1.02812,1,1.35625
-0.752684,1.02812,1,1.35625
-0.772025,1.02812,1,1.33438
-0.744447,1.09375,1,1.4
-0.774255,1.00625,1,1.44375
-0.757144,1.15938,1,1.3125
-0.791603,1.02812,1,1.26875
-0.791936,1.07187,1,1.35625
-0.777551,1.15938,1,1.4
-0.777884,1.05,1,1.33438
-0.778618,1.05,1,1.575
-0.779351,1.02812,1,1.46562
-0.777359,0.984375,1,1.29062
-0.76181,1.09375,1,1.46562
-0.779588,1.05,1,1.29062
-0.76404,1.02812,1,0.91875
-0.752744,1.09375,1,1.33438
-0.752314,1.02812,1,1.33438
-0.76584,1.07187,1,1.20312
-0.754544,1.05,1,1.05
-0.784351,1.20312,1,1.4
-0.75561,1.07187,1,1.55313
-0.785418,1.02812,1,1.37813
-0.785751,1.09375,1,1.4
-0.802766,1.09375,1,1.37813
-0.76821,1.11563,1,1.35625
-0.757314,1.11563,1,1.37813
-0.786721,1.07187,1,1.4
-0.759544,1.1375,1,0.853125
-0.788951,1.07187,1,1.37813
-0.77224,1.09375,1,1.4
-0.772573,1.02812,1,1.37813
-0.760514,1.09375,1,1.42188
-0.76201,1.09375,1,1.35625
-0.791818,1.00625,1,1.37813
-0.725862,1.09375,1,1.35625
-0.791721,1.02812,1,1.29062
-0.811825,1.07187,1,1.37813
-0.796277,1.07187,1,1.3125
-0.79701,1.09375,1,1.35625
-0.798507,1.11563,1,1.37813
-0.782959,1.07187,1,1.33438
-0.819344,1.09375,1,1.33438
-0.82124,1.09375,1,1.37813
-0.805292,1.09375,1,1.35625
-0.808351,1.09375,1,1.33438
-0.809847,1.1375,1,1.35625
-0.794299,1.11563,1,1.37813
-0.81324,1.09375,1,1.35625
-0.816299,1.07187,1,1.33438
-0.836403,1.07187,1,1.4
-0.820855,1.1375,1,1.3125
-0.822351,1.09375,1,1.33438
-0.796336,1.11563,1,1.35625
-0.843188,1.3125,1,1.3125
-0.82764,1.225,1,1.33438
-0.864025,1.15938,1,1.35625
-0.84964,1.24687,1,1.35625
-0.833692,1.15938,1,1.29062
-0.818144,1.18125,1,1.37813
-0.855692,1.15938,1,1.3125
-0.792462,1.225,1,1.35625
-0.876929,1.1375,1,1.33438
-0.879588,1.18125,1,1.35625
-0.86404,1.20312,1,1.44375
-0.820181,1.15938,1,1.44375
-0.867433,1.15938,1,1.37813
-0.851484,1.20312,1,1.35625
-0.889433,1.18125,1,1.35625
-0.874647,1.18125,1,1.4
-0.841655,1.24687,1,1.42188
-0.908277,1.15938,1,1.4
-0.864818,1.225,1,1.4
-0.930277,1.15938,1,1.35625
-0.885655,1.20312,1,1.35625
-0.869707,1.18125,1,1.37813
-0.842529,1.15938,1,1.4
-0.909151,1.15938,1,1.37813
-0.92384,1.20312,1,1.50937
-0.916033,1.24687,1,1.4
-0.947003,1.18125,1,1.6625
-0.883373,1.29062,1,1.44375
-0.918996,1.18125,1,1.4
-0.932521,1.24687,1,1.42188
-0.952625,1.29062,1,1.37813
-0.956847,1.29062,1,1.42188
-0.92927,1.3125,1,1.37813
-0.932329,1.33438,1,1.11563
-0.945455,1.26875,1,1.46562
-0.947351,1.26875,1,1.37813
-0.95001,1.26875,1,1.35625
-1,1.29062,1,1.46562
-0.956892,1.29062,1,1.35625
-0.945996,1.29062,1,1.37813
-0.948655,1.33438,1,1.4
-0.951714,1.3125,1,1.4
-0.954373,1.3125,1,1.33438
-0.98727,1.3125,1,1.42188
-0.961255,1.3125,1,1.4
-1,1.53125,1,1.42188
-0.964247,1.50937,1,1.42188
-0.931255,1.33438,1,1.29062
-0.931588,1.33438,1,1.35625
-0.980003,1.33438,1,1.35625
-0.904744,1.42188,1,1.35625
-0.970203,1.3125,1,1.42188
-0.983729,1.35625,1,1.37813
-0.920099,1.42188,1,1.37813
-0.90764,1.24687,1,1.35625
-0.873484,1.29062,1,1.4
-0.890099,1.225,1,1.37813
-0.919507,1.35625,1,1.35625
-0.937684,1.24687,1,1.6625
-0.871729,1.24687,0.969154,1.37813
-0.822455,1.26875,1,1.37813
-0.868144,1.225,1,1.4
-0.868477,1.20312,1,1.42188
-0.916892,1.1375,0.999206,1.37813
-0.886988,1.225,0.923658,1.35625
-0.869877,1.24687,1,1.35625
-0.85084,1.20312,0.926873,1.4
-0.838381,1.15938,0.92808,1.3125
-0.837551,1.225,0.93085,1.35625
-0.866196,1.33438,0.933221,1.3125
-0.847921,1.11563,0.935991,1.3125
-0.847492,1.11563,0.938761,1.3125
-0.83387,1.24687,0.939969,1.29062
-0.84467,1.20312,0.942739,1.3125
-0.81284,1.225,0.943184,1.29062
-0.763166,1.225,0.943228,1.3125
-0.786759,1.18125,0.941347,1.33438
-0.784003,1.225,0.941791,1.29062
-0.799455,1.05,0.942999,1.29062
-0.780418,1.05,0.944606,1.26875
-0.759818,1.07187,0.94505,1.3125
-0.741544,1.1375,0.941606,1.3125
-0.749255,1.00625,0.940887,1.26875
-0.715862,1.07187,0.940169,1.3125
-0.710381,0.9625,0.938287,1.24687
-0.72507,1.09375,0.938332,1.29062
-0.718425,0.896875,0.935287,1.3125
-0.696662,1.02812,0.934569,1.3125
-0.736936,0.984375,0.931524,1.33438
-0.686099,0.984375,0.930806,1.24687
-0.708929,0.984375,0.927361,1.3125
-0.692981,0.9625,0.926643,1.26875
-0.670055,0.91875,0.924761,1.26875
-0.682418,0.984375,0.92288,1.24687
-0.689729,0.896875,0.922161,1.29062
-0.637729,0.91875,0.92028,1.3125
-0.667536,0.91875,0.917999,1.26875
-0.598092,1.00625,0.916117,1.29062
-0.640692,0.853125,0.915399,1.29062
-0.586366,1.07187,0.911191,1.29062
-0.627403,0.940625,0.90931,1.26875
-0.640929,0.875,0.908591,0.940625
-0.601721,0.875,0.907873,1.26875
-0.579959,0.875,0.907154,1.42188
-0.62721,0.83125,0.905273,1.20312
-0.622892,0.875,0.905717,1.26875
-0.601529,1.00625,0.904999,1.26875
-0.627447,0.875,0.905443,1.26875
-0.577773,0.853125,0.905887,1.26875
-0.620373,0.809375,0.905169,1.26875
-0.617218,0.91875,0.905613,1.26875
-0.602833,0.940625,0.906058,1.20312
-0.563625,0.809375,0.905339,1.225
-0.624433,0.74375,0.905784,1.33438
-0.640284,1.00625,0.907391,1.26875
-0.637129,1.05,0.907836,1.20312
-0.633973,0.853125,0.90788,1.26875
-0.585862,0.853125,0.909487,1.20312
-0.611781,0.9625,0.909932,1.225
-0.592344,0.9625,0.911139,1.26875
-0.642684,0.809375,0.912747,1.29062
-0.641855,0.853125,0.915117,1.225
-0.622818,0.9625,0.916724,1.26875
-0.649899,0.896875,0.918332,1.26875
-0.64907,0.83125,0.920702,1.26875
-0.618003,0.875,0.92231,1.46562
-0.645484,1.07187,0.923917,1.26875
-0.614418,0.896875,0.925524,1.26875
-0.62987,0.83125,0.926732,0.9625
-0.654625,0.896875,0.926013,1.26875
-0.655359,0.940625,0.929947,1.29062
-0.624292,0.853125,0.931154,1.33438
-0.652536,0.853125,0.933924,1.29062
-0.62147,0.940625,0.935532,1.29062
-0.602433,0.809375,0.937139,1.3125
-0.664403,0.83125,0.938347,1.05
-0.598447,0.853125,0.939954,1.35625
-0.644136,0.83125,0.942724,1.26875
-0.610744,0.91875,0.942006,1.3125
-0.65567,0.853125,0.943613,1.18125
-0.588551,0.875,0.943658,1.29062
-0.586559,0.809375,0.945265,1.29062
-0.584566,0.83125,0.946873,1.4875
-0.645773,0.809375,0.947317,1.33438
-0.598425,0.83125,0.950087,1.42188
-0.541773,0.83125,0.949369,1.3125
-0.539781,0.896875,0.950976,1.3125
-0.634714,0.809375,0.950258,1.3125
-0.58504,0.91875,0.950302,1.3125
-0.548159,0.875,0.95191,1.29062
-0.581055,0.83125,0.953517,1.46562
-0.54341,0.83125,0.953961,1.29062
-0.558862,0.765625,0.954406,1.3125
-0.585944,0.809375,0.956013,1.225
-0.506033,0.83125,0.955295,1.29062
-0.56724,0.74375,0.955739,1.46562
-0.562921,0.940625,0.955021,1.35625
-0.52604,0.809375,0.956628,1.33438
-0.50544,0.7875,0.957073,1.29062
-0.518966,0.809375,0.956354,1.3125
-0.563492,0.765625,0.957961,1.44375
-0.514981,0.875,0.959569,1.02812
-0.546714,0.853125,0.960013,1.3125
-0.527677,0.809375,0.961621,1.4
-0.487307,0.875,0.959739,1.3125
-0.482988,0.721875,0.959021,1.35625
-0.533329,0.83125,0.960628,1.29062
-0.496847,0.74375,0.962236,1.35625
-0.559981,0.74375,0.965006,1.33438
-0.527751,0.765625,0.96545,1.33438
-0.538551,0.809375,0.968621,1.3125
-0.55324,0.6125,0.969065,1.42188
-0.50124,0.83125,0.967184,1.35625
-0.479477,0.940625,0.966465,1.33438
-0.54261,0.7,0.969236,1.35625
-0.542181,0.853125,0.972006,1.35625
-0.522744,0.74375,0.973613,1.29062
-0.556803,0.7,0.976784,1.35625
-0.556373,0.765625,0.979554,1.33438
-0.521818,0.765625,0.983487,1.35625
-0.555877,0.74375,0.986258,1.33438
-0.572492,0.7,0.989028,1.575
-0.572062,0.74375,0.992199,1.33438
-0.53867,0.7,0.997295,1.4
-0.572729,0.809375,1,1.37813
-0.584692,0.74375,1,1.35625
-0.586188,0.7,1,1.37813
-0.603966,0.7875,1,1.37813
-0.588018,0.83125,1,1.4
-0.606959,0.7875,1,1.33438
-0.643344,0.7875,1,1.37813
-0.627396,0.83125,1,1.37813
-0.645173,0.765625,1,1.44375
-0.611781,1.02812,1,1.33438
-0.647003,0.83125,1,1.42188
-0.61361,0.7875,1,1.09375
-0.651159,0.853125,1,1.35625
-0.665447,0.940625,1,1.33438
-0.620425,0.9625,1,1.37813
-0.66844,0.875,1,1.37813
-0.65947,0.875,1,1.4
-0.662129,0.896875,1,1.35625
-0.663625,0.9625,1,1.35625
-0.695359,0.896875,1,1.4
-0.632892,0.940625,1,1.37813
-0.680907,0.91875,1,1.4
-0.671936,0.875,1,1.575
-0.673433,0.940625,1,1.37813
-0.721447,0.940625,1,1.3125
-0.660144,0.9625,1,1.24687
-0.679484,0.91875,1,1.37813
-0.664699,0.940625,1,1.4
-0.712714,0.984375,1,1.37813
-0.697929,0.9625,1,1.37813
-0.687796,1.00625,1,1.09375
-0.700921,0.984375,1,1.4
-0.690788,0.634375,1,1.37813
-0.721359,0.9625,1,1.37813
-0.677499,0.984375,1,1.37813
-0.69644,0.9625,1,1.37813
-0.710729,1.02812,1,1.42188
-0.66687,1.02812,1,1.4
-0.713721,0.984375,1,1.4
-0.703588,1.02812,1,1.4875
-0.705084,0.984375,1,1.29062
-0.671692,0.9625,1,1.4
-0.708077,0.984375,1,1.33438
-0.65724,1.02812,1,1.35625
-0.694788,0.91875,1,1.35625
-0.697447,0.940625,1,1.35625
-0.728018,0.940625,1,1.37813
-0.717884,1.00625,1,1.4875
-0.700773,0.940625,1,1.4
-0.683662,0.940625,1,1.4
-0.702603,0.940625,1,1.4
-0.66921,1.00625,1,1.37813
-0.704433,0.91875,1,1.37813
-0.707092,0.940625,1,1.29062
-0.708588,1.11563,1,1.35625
-0.727529,0.940625,1,1.29062
-0.711581,0.940625,1,1.4
-0.677025,1.00625,1,1.4
-0.679684,0.940625,1,1.37813
-0.697462,1.00625,1,1.4
-0.698959,0.9625,1,1.37813
-0.681847,0.91875,1,1.29062
-0.718233,0.896875,1,1.4
-0.683677,0.91875,1,1.37813
-0.68401,0.9625,1,1.4
-0.674277,0.9625,1,1.4
-0.656003,1.02812,1,1.35625
-0.720299,0.91875,1,1.4
-0.674114,1.20312,1,1.37813
-0.672121,0.875,1,1.35625
-0.636403,0.896875,1,1.37813
-0.669299,0.853125,1,1.37813
-0.60567,0.91875,1,1.4
-0.650196,0.853125,1,1.35625
-0.650529,0.853125,1,1.07187
-0.631092,0.853125,1,1.37813
-0.64887,0.83125,1,1.37813
-0.630596,0.91875,1,1.37813
-0.628603,0.83125,1,1.4
-0.663825,0.809375,1,1.4
-0.643225,0.853125,1,1.4
-0.607507,0.853125,1,1.4
-0.605514,0.7875,1,1.4
-0.620966,0.765625,1,1.37813
-0.620136,0.896875,1,1.35625
-0.590233,0.809375,1,1.37813
-0.59987,0.7875,1,1.42188
-0.596714,0.896875,1,1.59688
-0.612166,0.896875,1,1.4
-0.590403,0.7875,1,1.35625
-0.624462,0.56875,1,1.33438
-0.604625,0.83125,1,1.4
-0.620077,0.91875,1,1.35625
-0.602966,0.83125,1,1.3125
-0.602136,0.56875,1,1.37813
-0.617588,0.875,1,1.42188
-0.662114,0.853125,1,1.575
-0.568247,0.875,1,1.53125
-0.595329,0.9625,1,1.4
-0.610781,0.875,1,1.44375
-0.609951,0.634375,1,1.37813
-0.627729,0.853125,1,1.4
-0.626899,0.853125,1,1.4
-0.591181,0.940625,1,1.37813
-0.591114,0.875,1,1.4
-0.636803,0.853125,1,1.59688
-0.606899,0.83125,1,1.44375
-0.654914,0.83125,1,1.37813
-0.626173,0.940625,1,1.4
-0.626507,0.853125,1,1.4
-0.63847,0.940625,1,1.29062
-0.639966,0.9625,1,1.4
-0.658907,0.940625,1,1.35625
-0.65924,0.853125,1,1.4
-0.695625,0.875,1,1.37813
-0.708751,0.91875,1,1.53125
-0.633492,0.875,1,1.35625
-0.632662,0.91875,1,1.4
-0.66207,0.853125,1,1.35625
-0.698455,0.9625,1,1.4
-0.68327,0.984375,1,1.4
-0.667321,0.9625,1,1.3125
-0.668818,0.91875,1,1.3125
-0.670314,0.940625,1,1.37813
-0.669484,1.02812,1,1.3125
-0.688425,0.91875,1,1.35625
-0.672477,0.940625,1,1.35625
-0.673973,0.9625,1,1.35625
-0.692914,0.896875,1,1.35625
-0.721159,0.9625,1,1.35625
-0.659855,0.984375,1,1.35625
-0.67647,1.00625,1,1.44375
-0.660521,0.9625,1,1.37813
-0.662018,0.9625,1,1.35625
-0.698403,0.678125,1,1.35625
-0.681292,0.9625,1,1.35625
-0.681625,0.91875,1,1.35625
-0.664514,0.940625,1,1.4
-0.681129,0.984375,1,1.4
-0.681462,0.940625,1,1.4
-0.665514,0.896875,1,1.33438
-0.636773,0.940625,1,1.4
-0.684788,0.896875,1,1.37813
-0.666514,0.896875,1,1.46562
-0.685455,0.590625,1,1.37813
-0.655551,0.875,1,1.35625
-0.636114,0.875,1,1.4
-0.636047,0.875,1,1.37813
-0.654988,0.853125,1,1.35625
-0.719284,0.853125,1,1.35625
-0.685892,0.853125,1,1.33438
-0.685062,0.896875,1,1.35625
-0.637714,0.896875,1,1.55313
-0.636884,0.896875,1,1.35625
-0.616284,0.65625,1,1.35625
-0.616618,0.853125,1,1.24687
-0.615788,0.875,1,1.37813
-0.661477,0.896875,1,1.35625
-0.63041,0.896875,1,1.35625
-0.629581,0.853125,1,1.37813
-0.595025,0.875,1,1.35625
-0.592633,0.875,1,1.37813
-0.580173,0.896875,1,1.37813
-0.590573,0.83125,1,1.575
-0.589744,0.83125,1,1.33438
-0.588514,0.83125,1,1.35625
-0.622573,0.765625,1,1.33438
-0.603136,0.83125,1,1.37813
-0.583299,0.809375,1,1.37813
-0.581307,0.809375,1,1.33438
-0.551003,0.809375,1,1.37813
-0.578084,0.83125,1,1.35625
-0.594299,0.853125,1,1.53125
-0.627196,0.875,1,1.4
-0.57287,0.83125,1,1.4875
-0.569314,0.809375,1,1.37813
-0.554529,0.7875,1,1.33438
-0.564929,0.7,1,1.35625
-0.580381,0.7875,1,1.37813
-0.579551,0.809375,1,1.35625
-0.596929,0.7875,1,1.33438
-0.596099,0.809375,1,1.37813
-0.576262,0.809375,1,1.29062
-0.592877,0.809375,1,1.35625
-0.554833,1.00625,1,1.37813
-0.587329,0.809375,1,1.37813
-0.55161,0.721875,1,1.35625
-0.567825,0.765625,1,1.37813
-0.585603,0.809375,1,1.35625
-0.602218,0.83125,1,1.35625
-0.630062,0.721875,1,1.35625
-0.566433,0.809375,1,1.37813
-0.582647,0.74375,1,1.02812
-0.581818,0.809375,1,1.35625
-0.608899,0.809375,1,1.29062
-0.598366,0.74375,1,1.26875
-0.62661,0.91875,1,1.35625
-0.578862,0.83125,1,1.24687
-0.644321,0.809375,1,1.35625
-0.610929,0.83125,1,1.37813
-0.62947,0.83125,1,1.29062
-0.612359,0.809375,1,1.33438
-0.665025,0.853125,1,1.37813
-0.666121,0.853125,1,1.53125
-0.632729,0.875,1,1.00625
-0.667551,0.525,1,1.35625
-0.635321,0.875,1,1.35625
-0.654262,1.00625,1,1.37813
-0.685596,0.7875,1,1.37813
-0.659181,0.853125,1,1.37813
-0.726966,0.91875,1,1.53125
-0.693173,0.940625,1,1.37813
-0.684203,0.940625,1,1.35625
-0.686462,0.896875,1,1.4
-0.718196,0.91875,1,1.33438
-0.70341,0.9625,1,1.35625
-0.706833,0.9625,1,1.35625
-0.728099,0.940625,1,1.35625
-0.731921,1.00625,1,1.33438
-0.735344,1.00625,1,1.35625
-0.738003,1.00625,1,1.35625
-0.776714,1.02812,1,1.26875
-0.71501,1.02812,1,1.37813
-0.729299,1.00625,1,1.37813
-0.750166,1.1375,1,1.4
-0.799344,1.07187,1,1.35625
-0.756647,1.05,1,1.44375
-0.757744,1.09375,1,1.33438
-0.761566,1.00625,1,1.33438
-0.782833,1.02812,1,1.4
-0.738573,1.09375,1,1.35625
-0.788914,1.11563,1,1.35625
-0.792736,1.09375,1,1.33438
-0.796159,1.09375,1,1.35625
-0.781373,1.11563,1,1.35625
-0.820084,1.1375,1,1.4
-0.804899,1.11563,1,1.35625
-0.773833,1.11563,1,1.42188
-0.764862,1.1375,1,1.35625
-0.780314,1.00625,1,1.33438
-0.801581,1.00625,1,1.37813
-0.822847,0.984375,1,1.35625
-0.808825,1.1375,1,1.37813
-0.79404,1.11563,1,1.20312
-0.814144,1.11563,1,1.3125
-0.787729,1.09375,1,1.4
-0.790388,1.1375,1,1.37813
-0.80584,1.07187,1,1.35625
-0.860833,1.15938,1,1.29062
-0.812321,1.1375,1,1.37813
-0.832425,1.09375,1,1.44375
-0.81724,1.1375,1,1.42188
-0.818736,1.11563,1,1.33438
-0.821396,1.18125,1,1.18125
-0.812425,1.07187,1,1.37813
-0.813921,1.02812,1,1.3125
-0.82821,1.15938,1,1.42188
-0.818077,1.09375,1,1.35625
-0.802129,1.07187,1,1.33438
-0.833862,1.11563,1,1.37813
-0.835359,1.15938,1,1.4
-0.789936,1.11563,1,1.37813
-0.79027,1.20312,1,1.37813
-0.790603,1.09375,1,1.42188
-0.792099,1.24687,1,1.33438
-0.792433,1.11563,1,1.33438
-0.811373,1.02812,1,1.35625
-0.795425,1.1375,1,1.37813
-0.795759,1.05,1,1.4875
-0.765855,1.09375,1,1.33438
-0.795262,1.02812,1,1.3125
-0.73047,1.15938,1,1.29062
-0.748247,0.6125,1,1.35625
-0.793936,1.00625,1,1.35625
-0.729907,1.1375,1,1.3125
-0.765129,0.590625,1,1.35625
-0.710803,1.11563,1,1.4
-0.709973,0.940625,1,1.4
-0.761477,0.896875,1,1.37813
-0.725759,1.00625,1,1.33438
-0.724929,0.9625,1,1.35625
-0.740381,1.05,1,1.37813
-0.720944,0.9625,1,1.37813
-0.700344,0.940625,1,1.37813
-0.669277,0.896875,1,1.33438
-0.667284,0.896875,1,1.37813
-0.683899,0.984375,1,1.4
-0.694699,0.83125,1,1.35625
-0.692707,0.91875,1,1.4
-0.690714,0.984375,1,1.37813
-0.64104,0.896875,1,1.4
-0.60881,0.853125,1,1.37813
-0.605655,1.02812,1,1.37813
-0.649018,0.875,1,1.37813
-0.648188,0.984375,1,1.4875
-0.64347,0.896875,1,1.37813
-0.606588,0.83125,1,1.37813
-0.62204,0.853125,1,1.37813
-0.654936,0.83125,1,1.4
-0.651781,1.02812,1,1.37813
-0.630018,0.875,1,1.4
-0.64547,0.896875,1,1.37813
-0.652781,0.875,1,1.37813
-0.620551,0.940625,1,1.20312
-0.618559,0.896875,1,1.37813
-0.679366,0.9625,1,1.37813
-0.659529,0.91875,1,1.4
-0.704418,0.940625,1,1.37813
-0.655107,0.940625,1,1.42188
-0.605033,0.940625,1,1.37813
-0.619684,0.809375,1,1.37813
-0.628921,0.83125,1,1.29062
-0.678462,0.940625,1,1.225
-0.659388,0.6125,1,1.37813
-0.704677,0.91875,1,1.33438
-0.655366,1.02812,1,1.37813
-0.589773,0.875,1,1.4
-0.618781,0.91875,1,1.44375
-0.669484,0.875,1,1.35625
-0.717099,1.05,1,1.33438
-0.699188,0.940625,1,1.35625
-0.696396,0.9625,1,1.33438
-0.666092,0.91875,1,1.35625
-0.694699,0.91875,1,1.4
-0.695796,1.09375,1,1.37813
-0.667418,0.9625,1,1.37813
-0.74487,0.9625,1,1.33438
-0.747129,1.05,1,1.37813
-0.683862,1.11563,1,1.37813
-0.737292,1.02812,1,1.29062
-0.703099,0.9625,1,1.37813
-0.737521,1.07187,1,1.37813
-0.739781,1.05,1,1.37813
-0.75327,1.20312,1,1.37813
-0.772973,0.984375,1,1.35625
-0.774833,1.05,1,1.37813
-0.747618,1.07187,1,1.35625
-0.73127,1.09375,1,1.35625
-0.76104,1.09375,1,1.33438
-0.81447,1.05,1,1.15938
-0.800047,1.09375,1,1.35625
-0.754625,1.02812,1,1.35625
-0.737877,1.00625,1,1.35625
-0.76881,1.05,1,1.35625
-0.75944,1.07187,1,1.37813
-0.790373,0.7,1,1.35625
-0.81124,1.00625,1,1.4
-0.795655,1.11563,1,1.37813
-0.814196,1.15938,1,1.3125
-0.816055,1.05,1,1.37813
-0.772559,1.09375,1,1.35625
-0.802729,1.07187,1,1.35625
-0.776677,1.05,1,1.35625
-0.844062,1.02812,1,1.37813
-0.793588,1.09375,1,1.35625
-0.814455,1.07187,1,1.4
-0.816314,1.11563,1,1.33438
-0.836781,1.00625,1,1.37813
-0.802988,1.11563,1,1.4
-0.803684,1.11563,1,1.4
-0.824551,1.09375,1,1.50937
-0.807803,0.875,1,1.4
-0.808899,1.05,1,1.4
-0.82704,1.1375,1,1.35625
-0.847907,1.11563,1,1.4
-0.767196,1.1375,1,1.37813
-0.769055,1.09375,1,1.35625
-0.81667,1.09375,1,1.37813
-0.806899,1.15938,1,1.35625
-0.809159,1.09375,1,1.37813
-0.757521,1.11563,1,1.42188
-0.776062,1.05,1,1.35625
-0.776759,1.1375,1,1.4
-0.795299,1.09375,1,1.44375
-0.779714,1.11563,1,1.4
-0.763366,1.11563,1,1.4875
-0.762899,1.07187,1,1.37813
-0.796921,1.24687,1,1.37813
-0.794892,1.09375,1,1.4
-0.777744,0.9625,1,1.35625
-0.776877,1.1375,1,1.37813
-0.777173,1.07187,1,1.4
-0.793751,1.07187,1,1.4
-0.730084,1.09375,1,1.37813
-0.758292,1.07187,1,1.44375
-0.758588,1.02812,1,1.3125
-0.776329,1.05,1,1.35625
-0.774299,1.05,1,1.35625
-0.774596,1.02812,1,1.35625
-0.773729,1.05,1,1.42188
-0.743788,1.07187,1,1.37813
-0.724314,1.11563,1,1.35625
-0.738566,1.05,1,1.37813
-0.738862,1.05,1,1.35625
-0.768233,1.02812,1,1.33438
-0.751084,0.940625,1,1.4
-0.800225,1.00625,1,1.4
-0.76447,1.09375,1,1.3125
-0.681033,1.07187,1,1.35625
-0.715055,0.984375,1,1.35625
-0.731633,1.00625,1,1.33438
-0.713321,0.984375,1,1.33438
-0.731062,1.00625,1,1.44375
-0.75927,0.940625,1,1.35625
-0.729329,1.02812,1,1.35625
-0.740092,1.00625,1,1.4
-0.710151,0.9625,1,1.35625
-0.726729,1.02812,1,1.18125
-0.737492,0.984375,1,1.33438
-0.726159,1.02812,1,1.37813
-0.724129,0.984375,1,1.33438
-0.724425,0.984375,1,1.37813
-0.724721,1.00625,1,1.37813
-0.771536,0.984375,1,1.33438
-0.752062,1.00625,1,1.00625
-0.703514,0.940625,1,1.35625
-0.700321,1.11563,1,1.42188
-0.74481,0.984375,1,1.33438
-0.779996,1.00625,1,1.4
-0.779129,1.11563,1,1.4
-0.744536,1.02812,1,1.35625
-0.714596,1.00625,1,1.3125
-0.725359,0.9625,1,1.35625
-0.743099,0.940625,1,1.4
-0.725951,1.00625,1,1.35625
-0.761136,1.00625,1,1.35625
-0.726544,1.05,1,1.4
-0.759403,1.00625,1,1.4
-0.777144,1.00625,1,1.37813
-0.723944,1.05,1,1.33438
-0.69284,1.02812,1,1.33438
-0.755936,1.02812,1,1.44375
-0.737625,1.05,1,1.3125
-0.786003,1.07187,1,1.35625
-0.773507,1.02812,1,1.37813
-0.738914,1.24687,1,1.33438
-0.736884,1.1375,1,1.35625
-0.77207,0.809375,1,1.3125
-0.772366,1.1375,1,1.3125
-0.772662,1.225,1,1.29062
-0.73807,1.07187,1,1.3125
-0.784884,1.07187,1,1.35625
-0.773151,1.11563,1,1.35625
-0.773447,1.1375,1,1.44375
-0.787299,1.02812,1,1.33438
-0.775966,1.11563,1,0.896875
-0.775862,1.18125,1,1.37813
-0.776921,1.07187,1,1.29062
-0.778381,1.11563,1,1.35625
-0.808514,1.09375,1,1.29062
-0.780899,1.15938,1,1.4
-0.794751,1.09375,1,1.3125
-0.79621,1.20312,1,1.4
-0.832159,1.09375,1,1.33438
-0.816173,1.225,1,1.3125
-0.799788,0.853125,1,1.46562
-0.786892,1.09375,1,1.35625
-0.788351,1.18125,1,1.3125
-0.835929,1.3125,1,1.29062
-0.802499,1.18125,1,1.42188
-0.857055,1.09375,1,1.26875
-0.807344,1.11563,1,1.26875
-0.825847,1.07187,1,1.3125
-0.798233,1.20312,1,1.37813
-0.827203,1.20312,1,1.3125
-0.828662,1.02812,1,1.35625
-0.829721,1.11563,1,1.37813
-0.830781,1.18125,1,1.24687
-0.849684,1.1375,1,1.37813
-0.833299,1.20312,1,1.46562
-0.818477,1.24687,1,1.37813
-0.836981,1.18125,1,1.33438
-0.80704,1.18125,1,1.35625
-0.806936,1.11563,1,1.4
-0.854914,1.20312,1,1.53125
-0.838529,1.1375,1,1.4
-0.839988,1.20312,1,1.4
-0.82244,1.1375,1,1.37813
-0.823899,1.11563,1,1.44375
-0.84124,1.09375,1,1.37813
-0.796181,1.1375,1,1.37813
-0.814684,1.11563,1,1.55313
-0.779692,1.15938,1,1.18125
-0.797433,1.00625,1,1.35625
-0.779884,1.07187,1,1.37813
-0.816233,1.18125,1,1.4875
-0.797521,1.24687,1,1.35625
-0.761766,1.225,1,1.37813
-0.795388,1.00625,1,1.33438
-0.77824,1.07187,1,1.46562
-0.795581,1.11563,1,1.35625
-0.77727,1.09375,1,1.33438
-0.776003,1.00625,1,1.46562
-0.727455,1.02812,1,1.33438
-0.755262,0.984375,1,1.53125
-0.742766,1.07187,1,1.44375
-0.753129,0.984375,1,1.35625
-0.704581,0.940625,1,1.35625
-0.738203,0.984375,1,1.42188
-0.701284,1.00625,1,1.44375
-0.717462,0.875,1,1.29062
-0.667751,0.940625,1,1.00625
-0.742077,0.9625,1,1.46562
-0.693529,0.9625,1,1.42188
-0.691099,0.940625,1,1.35625
-0.659996,0.940625,1,1.4
-0.656403,1.00625,1,1.44375
-0.667166,0.984375,1,1.33438
-0.634499,0.875,1,1.29062
-0.661544,0.896875,1,1.37813
-0.694003,1.02812,1,1.44375
-0.691973,0.896875,1,1.35625
-0.640699,0.940625,1,1.35625
-0.620062,1.11563,1,1.4
-0.646707,0.896875,1,1.42188
-0.663284,0.896875,1,1.3125
-0.677136,0.91875,1,1.35625
-0.67627,1.00625,1,1.46562
-0.637788,0.940625,1,1.37813
-0.687692,0.875,1,1.29062
-0.621299,0.91875,1,1.3125
-0.665388,0.590625,1,1.37813
-0.597833,0.896875,1,1.29062
-0.640359,0.83125,1,1.33438
-0.620484,0.875,1,1.3125
-0.651781,0.765625,1,1.20312
-0.63307,0.853125,1,1.33438
-0.695366,0.984375,1,1.64062
-0.630136,0.91875,1,1.225
-0.662596,0.853125,1,1.3125
-0.643884,0.984375,1,1.46562
-0.659662,0.896875,1,1.33438
-0.688633,0.875,1,1.33438
-0.687366,0.940625,1,1.53125
-0.702381,0.91875,1,1.29062
-0.667388,0.9625,1,1.6625
-0.683166,0.91875,1,1.35625
-0.700507,0.91875,1,1.33438
-0.682959,0.9625,1,1.33438
-0.653781,1.05,1,1.00625
-0.683914,0.91875,1,1.26875
-0.68341,0.91875,1,1.24687
-0.729825,0.9625,1,1.4
-0.70181,0.9625,1,1.29062
-0.719151,0.896875,1,1.29062
-0.702366,1.11563,1,1.29062
-0.682492,0.9625,1,1.24687
-0.702159,0.896875,1,1.33438
-0.717173,0.984375,1,1.33438
-0.719396,1.05,1,1.35625
-0.720055,0.984375,1,1.33438
-0.722277,0.940625,1,1.4
-0.734966,1.00625,1,1.4
-0.688344,0.9625,1,1.46562
-0.734759,0.9625,1,1.3125
-0.722625,0.9625,1,1.37813
-0.752759,1.02812,1,1.33438
-0.753818,1.02812,1,1.29062
-0.754877,1.00625,1,1.3125
-0.726862,1.02812,1,1.35625
-0.737988,0.984375,1,1.24687
-0.757655,0.984375,1,1.33438
-0.72964,1.09375,1,1.42188
-0.778381,0.984375,1,1.3125
-0.732921,1.05,1,1.29062
-0.827781,1.02812,1,1.4
-0.764877,1.02812,1,1.26875
-0.720581,1.00625,1,1.33438
-0.739084,1.02812,1,1.33438
-0.769218,1.00625,1,1.33438
-0.753596,1.00625,1,1.29062
-0.773262,1.00625,1,1.42188
-0.710359,1.00625,1,1.4
-0.775381,1.00625,1,0.896875
-0.775277,1.02812,1,1.29062
-0.747262,1.02812,1,1.35625
-0.775833,1.02812,1,1.33438
-0.730373,1.00625,1,1.4
-0.76167,1.05,1,1.24687
-0.762729,0.940625,1,1.29062
-0.781233,1.00625,1,1.29062
-0.763684,1.05,1,1.29062
-0.752714,1.11563,1,1.4875
-0.735166,1.00625,1,1.33438
-0.735062,1.02812,1,1.4
-0.717514,1.07187,1,1.46562
-0.734855,1.00625,1,1.29062
-0.735914,1.00625,1,1.33438
-0.765647,1.02812,1,1.33438
-0.755077,0.984375,1,1.24687
-0.736366,1.05,1,1.53125
-0.752544,1.05,1,1.42188
-0.717551,1.07187,1,0.896875
-0.714321,0.984375,1,1.26875
-0.712655,1.05,1,1.42188
-0.747803,1.00625,1,1.35625
-0.731018,1.05,1,1.42188
-0.728951,0.984375,1,1.42188
-0.681929,1.02812,1,1.29062
-0.691492,1.02812,1,1.4
-0.689825,0.9625,1,1.4
-0.741655,0.984375,1,1.37813
-0.703536,0.940625,1,1.33438
-0.703033,0.984375,1,1.29062
-0.637003,0.984375,1,1.42188
-0.717907,0.765625,1,1.29062
-0.651877,0.9625,1,1.24687
-0.715336,0.940625,1,1.29062
-0.649307,0.9625,1,1.35625
-0.712766,0.940625,1,1.29062
-0.664581,0.9625,1,1.3125
-0.690425,0.940625,1,1.29062
-0.643403,0.91875,1,1.4
-0.656455,0.940625,1,1.4
-0.666418,0.875,1,1.35625
-0.635277,1.00625,1,1.3125
-0.716181,0.91875,1,1.46562
-0.650551,1.05,1,1.33438
-0.677559,0.940625,1,1.35625
-0.62821,0.984375,1,1.42188
-0.641262,0.940625,1,1.24687
-0.669833,0.940625,1,1.35625
-0.668929,1.02812,1,1.33438
-0.68587,0.91875,1,1.33438
-0.685366,0.765625,1,1.29062
-0.64841,0.940625,1,1.29062
-0.682796,0.896875,1,1.24687
-0.683055,0.9625,1,1.46562
-0.712788,0.91875,1,1.29062
-0.646759,0.634375,1,1.4
-0.698588,0.91875,1,1.24687
-0.681803,1.1375,1,1.6625
-0.709973,1.00625,1,1.33438
-0.728077,0.91875,1,1.42188
-0.709729,0.9625,1,1.29062
-0.728996,0.940625,1,1.42188
-0.711047,0.984375,1,1.33438
-0.71247,1.02812,1,1.33438
-0.766625,1.1375,1,1.35625
-0.748277,1.00625,1,1.33438
-0.732655,0.984375,1,1.42188
-0.769366,1.02812,1,0.984375
-0.752181,1.00625,1,1.26875
-0.770284,0.984375,1,1.33438
-0.753099,1.07187,1,1.4
-0.737477,0.984375,1,1.4
-0.756744,1.02812,1,1.37813
-0.789566,1.07187,1,1.4
-0.790225,1.07187,1,1.33438
-0.763736,1.09375,1,1.35625
-0.765559,1.05,1,1.29062
-0.797618,1.05,1,1.35625
-0.769966,1.05,1,1.42188
-0.836914,1.05,1,1.33438
-0.80461,1.07187,1,1.33438
-0.823877,1.11563,1,1.33438
-0.762899,1.15938,1,1.225
-0.81084,1.09375,1,1.46562
-0.802196,1.11563,1,1.33438
-0.833855,1.1375,1,1.4
-0.83684,1.11563,1,1.26875
-0.874714,1.11563,1,1.35625
-0.858692,1.225,1,1.4
-0.826788,1.11563,1,1.33438
-0.864662,1.18125,1,1.42188
-0.884692,1.26875,1,1.37813
-0.835344,1.33438,1,1.33438
-0.903055,1.20312,1,1.35625
-0.842077,1.24687,1,0.91875
-0.833433,1.18125,1,1.33438
-0.863929,1.18125,1,1.33438
-0.965766,1.18125,1,1.29062
-0.853618,1.26875,1,1.29062
-0.825966,1.18125,1,1.33438
-0.828951,1.18125,1,1.4
-0.896662,1.225,1,0.91875
-0.899247,1.24687,1,1.33438
-0.917714,1.24687,1,1.33438
-0.855173,1.11563,1,1.26875
-0.857359,1.15938,1,1.44375
-0.858381,1.15938,1,1.33438
-0.860566,1.24687,1,1.46562
-0.863914,1.225,1,1.33438
-0.895573,1.15938,1,1.33438
-0.932647,1.07187,1,1.33438
-0.946462,1.225,1,1.24687
-0.91841,1.35625,1,1.35625
-0.872914,1.26875,1,1.35625
-0.808047,1.00625,1,1.29062
-0.884662,1.18125,1,1.33438
-0.886847,0.896875,1,1.64062
-0.878566,1.18125,1,1.33438
-0.92727,1.15938,1,1.26875
-0.864729,1.20312,1,1.37813
-0.848307,1.11563,1,1.37813
-0.830721,1.18125,1,1.42188
-0.894544,1.11563,1,1.29062
-0.849047,0.765625,1,1.35625
-0.885359,1.44375,1,1.35625
-0.851492,0.875,1,1.37813
-0.850188,1.18125,1,1.29062
-0.832603,1.11563,1,1.35625
-0.850307,1.24687,1,1.42188
-0.868773,1.09375,1,1.33438
-0.850025,1.11563,1,1.53125
-0.82081,1.20312,1,1.33438
-0.831136,1.02812,1,1.11563
-0.818603,1.11563,1,1.35625
-0.818462,0.853125,1,1.50937
-0.815996,1.1375,1,1.24687
-0.814692,1.20312,1,1.35625
-0.777736,1.05,1,1.29062
-0.812484,1.1375,1,1.42188
-0.79141,1.29062,1,1.46562
-0.770336,1.07187,1,1.50937
-0.739196,1.09375,1,1.33438
-0.76464,1.00625,1,1.33438
-0.731936,1.05,1,1.3125
-0.742262,1.00625,1,1.33438
-0.756077,1.00625,1,1.46562
-0.752847,1.02812,1,1.33438
-0.750381,1.09375,1,1.46562
-0.682788,0.940625,1,1.225
-0.677996,1.05,1,1.4
-0.693373,0.896875,1,1.3125
-0.707188,0.940625,1,1.33438
-0.66867,0.91875,1,1.59688
-0.64527,0.853125,1,1.42188
-0.676929,0.875,1,1.35625
-0.672136,0.634375,1,1.33438
-0.632455,0.809375,1,1.29062
-0.64627,0.853125,1,1.29062
-0.660484,0.9625,1,1.42188
-0.620803,0.74375,1,1.44375
-0.614847,0.940625,1,1.4
-0.628662,0.83125,1,1.42188
-0.606825,0.91875,1,1.4
-0.638084,0.809375,1,1.29062
-0.61701,0.809375,1,1.33438
-0.612218,0.91875,1,1.37813
-0.590381,0.83125,1,1.29062
-0.604196,0.809375,1,1.35625
-0.599403,0.809375,1,1.29062
-0.612055,0.853125,1,1.33438
-0.607662,1.00625,1,1.46562
-0.569144,0.875,1,1.33438
-0.553884,0.83125,1,1.33438
-0.560721,0.896875,1,1.42188
-0.593544,0.83125,1,1.33438
-0.571307,0.7875,1,1.3125
-0.538603,0.721875,1,1.29062
-0.564447,0.546875,1,1.29062
-0.577099,0.7875,1,1.3125
-0.592077,0.91875,1,1.4
-0.554721,0.74375,1,1.26875
-0.586381,0.809375,1,1.29062
-0.549025,0.940625,1,1.33438
-0.56284,0.83125,1,1.29062
-0.608055,0.91875,1,1.46562
-0.605588,0.809375,1,1.29062
-0.604284,0.7875,1,1.24687
-0.585536,0.809375,1,1.29062
-0.581907,0.7875,1,1.29062
-0.632936,0.91875,1,1.33438
-0.631633,0.83125,1,1.33438
-0.643121,0.91875,1,1.42188
-0.631751,0.853125,1,1.33438
-0.642077,0.984375,1,1.4
-0.641936,1.07187,1,1.29062
-0.630166,0.853125,1,1.35625
-0.641655,0.940625,1,1.4
-0.641514,0.896875,1,1.29062
-0.677425,0.984375,1,1.50937
-0.678447,0.896875,1,1.33438
-0.643418,1.00625,1,1.42188
-0.725847,0.91875,1,1.35625
-0.680351,0.9625,1,1.29062
-0.699981,0.91875,1,1.3125
-0.666514,1.09375,1,1.46562
-0.703588,0.9625,1,1.3125
-0.717403,0.9625,1,1.4
-0.689351,1.02812,1,1.46562
-0.721773,0.896875,1,1.35625
-0.722796,1.02812,1,1.46562
-0.713351,1.00625,1,1.33438
-0.714373,0.9625,1,1.29062
-0.716559,0.9625,1,1.29062
-0.730373,1.07187,1,1.35625
-0.767447,1.00625,1,1.33438
-0.801433,1.00625,1,1.20312
-0.757099,1.11563,1,1.33438
-0.759284,0.984375,1,1.18125
-0.76147,1.09375,1,1.46562
-0.763655,1.02812,1,1.33438
-0.749559,1.1375,1,1.46562
-0.80524,1.07187,1,1.33438
-0.808588,1.05,1,1.4
-0.777047,1.05,1,1.29062
-0.779233,1.05,1,1.55313
-0.764373,1.05,1,1.46562
-0.820055,1.02812,1,1.29062
-0.83387,1.11563,1,1.29062
-0.773255,1.05,1,1.29062
-0.827773,1.1375,1,1.35625
-0.813677,1.09375,1,1.24687
-0.798418,1.1375,1,1.42188
-0.835492,1.07187,1,1.35625
-0.804351,1.09375,1,1.33438
-0.841425,1.07187,1,1.33438
-0.791277,1.07187,1,1.26875
-0.813233,1.11563,1,1.4
-0.814255,1.07187,1,1.33438
-0.881566,1.09375,1,1.29062
-0.819788,1.15938,1,1.42188
-0.804529,1.09375,1,1.33438
-0.806714,1.15938,1,1.42188
-0.826744,1.09375,1,1.29062
-0.812647,1.11563,1,1.33438
-0.814833,1.1375,1,1.42188
-0.834462,1.11563,1,1.29062
-0.819203,1.11563,1,1.35625
-0.856277,1.1375,1,1.46562
-0.875907,1.09375,1,1.4
-0.826159,1.15938,1,1.24687
-0.780662,1.1375,1,1.4
-0.828203,1.11563,1,1.4
-0.818759,1.1375,1,1.33438
-0.884907,1.11563,1,1.4
-0.805684,1.18125,1,1.29062
-0.806707,1.09375,1,1.33438
-0.808129,1.11563,1,1.35625
-0.85567,1.1375,1,1.33438
-0.774121,1.18125,1,1.35625
-0.811196,1.1375,1,1.4
-0.858736,1.1375,1,1.33438
-0.81324,1.1375,1,1.29062
-0.831707,1.15938,1,1.42188
-0.795914,1.1375,1,1.33438
-0.796936,1.09375,1,1.24687
-0.796796,1.1375,1,1.29062
-0.797818,1.09375,1,1.29062
-0.797677,1.09375,1,1.29062
-0.816144,1.11563,1,1.3125
-0.781114,1.09375,1,1.42188
-0.798818,1.09375,1,1.3125
-0.781233,1.1375,1,1.24687
-0.781092,1.11563,1,1.3125
-0.768159,1.11563,1,1.26875
-0.78081,1.11563,1,1.3125
-0.767877,1.09375,1,1.3125
-0.77744,1.09375,1,1.3125
-0.794744,1.09375,1,1.24687
-0.775596,1.09375,1,1.33438
-0.744055,1.09375,1,1.35625
-0.772988,1.07187,1,1.29062
-0.760055,1.07187,1,1.4
-0.760677,1.05,1,1.33438
-0.772166,1.07187,1,1.29062
-0.78947,1.09375,1,1.37813
-0.770321,1.07187,1,1.29062
-0.738781,1.07187,1,1.46562
-0.73864,1.00625,1,1.35625
-0.764847,1.00625,1,1.29062
-0.764707,1.05,1,1.33438
-0.783173,1.09375,1,1.33438
-0.782633,1.05,1,1.33438
-0.783655,1.05,1,1.35625
-0.76607,1.02812,1,1.46562
-0.754299,0.9625,1,1.42188
-0.765388,1.07187,1,1.33438
-0.800136,1.02812,1,1.42188
-0.753477,1.11563,1,1.24687
-0.783173,1.05,1,1.46562
-0.753959,1.09375,1,1.35625
-0.782892,1.09375,1,1.24687
-0.783514,1.09375,1,1.4
-0.783373,1.07187,1,1.29062
-0.783233,1.05,1,1.4
-0.783092,1.09375,1,1.55313
-0.736033,1.26875,1,1.37813
-0.830092,1.11563,1,1.33438
-0.78227,1.09375,1,1.33438
-0.782892,1.225,1,1.18125
-0.753677,1.1375,1,1.55313
-0.831455,1.07187,1,1.33438
-0.785959,1.11563,1,1.33438
-0.804025,1.07187,1,1.4
-0.80621,1.11563,1,1.24687
-0.788625,1.11563,1,1.33438
-0.789247,1.09375,1,1.3125
-0.889121,1.1375,1,1.53125
-0.855255,1.18125,1,1.35625
-0.772544,1.1375,1,1.33438
-0.825499,1.15938,1,1.4
-0.792796,1.1375,1,1.3125
-0.811262,1.15938,1,1.35625
-0.813047,1.05,1,1.24687
-0.832677,1.11563,1,1.46562
-0.845329,1.09375,1,0.984375
-0.834721,1.09375,1,1.35625
-0.800455,1.07187,1,1.35625
-0.818921,1.11563,1,1.33438
-0.801336,1.20312,1,1.42188
-0.83841,1.15938,1,1.42188
-0.868107,1.15938,1,1.26875
-0.852847,1.1375,1,1.24687
-0.889921,1.1375,1,1.42188
-0.857218,1.1375,1,0.984375
-0.85784,1.18125,1,1.33438
-0.84607,1.18125,1,1.33438
-0.812203,1.15938,1,1.50937
-0.848877,1.11563,1,1.29062
-0.897581,1.18125,1,1.29062
-0.86604,1.1375,1,1.46562
-0.903114,1.20312,1,1.35625
-0.886292,1.15938,1,1.29062
-0.823351,1.18125,1,1.42188
-0.859262,1.18125,1,1.4875
-0.844003,1.18125,1,1.29062
-0.876025,1.18125,1,1.4
-0.94101,1.20312,1,1.3125
-0.933892,1.18125,1,1.35625
-0.934914,1.26875,1,1.35625
-0.919255,1.24687,1,1.29062
-0.873759,1.29062,1,1.35625
-0.874781,1.26875,1,1.29062
-0.888596,1.26875,1,1.46562
-0.944277,1.26875,1,1.35625
-0.894892,1.29062,1,1.33438
-0.962203,1.24687,1,1.35625
-0.899262,1.29062,1,1.26875
-0.901447,1.26875,1,1.4
-0.938121,1.26875,1,1.33438
-0.905418,1.3125,1,1.29062
-0.925047,1.26875,1,1.33438
-0.899321,1.33438,1,1.35625
-0.930181,1.29062,1,1.26875
-0.980047,1.33438,1,1.24687
-0.953159,1.3125,1,1.3125
-0.919292,1.20312,1,1.3125
-0.909447,1.3125,1,1.64062
-0.923262,1.26875,1,1.29062
-0.914981,1.4,1,1.46562
-0.92647,1.3125,1,1.3125
-0.964707,1.29062,1,1.42188
-0.93044,1.3125,1,1.4
-0.902388,1.18125,1,1.26875
-0.884803,1.225,1,1.575
-0.933507,1.24687,1,1.24687
-0.905055,1.29062,1,1.46562
-0.923521,1.225,1,1.29062
-0.925307,1.20312,1,1.33438
-0.925929,1.29062,1,1.4
-0.927714,1.3125,1,1.46562
-0.876003,1.26875,1,1.26875
-0.875462,1.26875,1,1.42188
-0.928818,1.26875,1,1.46562
-0.928277,1.29062,1,1.50937
-0.911455,1.225,1,1.24687
-0.910914,1.26875,1,1.42188
-0.910373,1.24687,1,1.29062
-0.892388,1.225,1,1.26875
-0.929062,1.20312,1,1.29062
-0.930084,1.24687,1,1.24687
-0.929544,1.225,1,1.24687
-0.910396,1.29062,1,1.3125
-0.956373,1.225,1,1.29062
-0.846514,1.24687,1,1.33438
-0.892492,1.18125,1,1.26875
-0.893514,1.18125,1,1.33438
-0.940655,1.20312,1,1.29062
-0.93081,1.35625,1,1.42188
-0.93027,1.35625,1,1.42188
-0.893677,1.24687,1,1.24687
-0.875692,1.33438,1,1.3125
-0.875551,1.24687,1,1.35625
-0.876173,1.20312,1,1.46562
-0.940759,1.225,1,1.42188
-0.943707,1.20312,1,1.3125
-0.944329,1.225,1,1.46562
-0.898433,1.1375,1,1.29062
-0.898292,1.3125,1,1.42188
-0.896588,1.225,1,1.33438
-0.914655,1.24687,1,1.4
-0.879225,1.29062,1,1.29062
-0.868218,1.1375,1,1.33438
-0.896751,1.24687,1,1.29062
-0.897773,1.3125,1,1.42188
-0.917003,1.46562,1,1.44375
-0.88041,1.225,1,1.29062
-0.87987,1.225,1,1.46562
-0.913055,1.225,1,1.33438
-0.896633,1.225,1,1.35625
-0.894929,1.24687,1,1.35625
-0.894388,1.33438,1,1.4
-0.876403,1.33438,1,1.46562
-0.86307,1.20312,1,1.29062
-0.862929,1.18125,1,1.42188
-0.890299,1.15938,1,1.33438
-0.890921,1.1375,1,1.46562
-0.861307,1.18125,1,1.3125
-0.859603,1.15938,1,1.33438
-0.840855,1.15938,1,1.33438
-0.857759,1.11563,1,1.24687
-0.856055,1.225,1,1.4
-0.856677,1.09375,1,1.33438
-0.886373,1.18125,1,1.46562
-0.886233,1.18125,1,1.29062
-0.884529,1.11563,1,1.4
-0.883988,1.15938,1,1.33438
-0.866003,1.15938,1,1.29062
-0.88407,1.11563,1,1.26875
-0.883929,1.3125,1,1.4
-0.884551,1.18125,1,1.29062
-0.88401,1.29062,1,1.4
-0.900914,1.18125,1,1.24687
-0.884092,1.20312,1,1.33438
-0.949077,1.29062,1,1.4
-0.903181,1.225,1,1.24687
-0.885196,1.225,1,1.33438
-0.884655,1.24687,1,1.29062
-0.902721,1.24687,1,1.33438
-0.903744,1.35625,1,1.35625
-0.904366,1.225,1,1.33438
-0.934062,1.24687,1,1.33438
-0.935847,1.35625,1,1.4
-0.872907,1.26875,1,1.29062
-0.861899,1.18125,1,1.29062
-0.891596,1.33438,1,1.4
-0.957344,1.24687,1,1.33438
-0.91301,1.29062,1,1.33438
-0.978759,1.35625,1,1.4
-0.934025,1.29062,1,1.26875
-0.899759,1.4,1,1.46562
-0.917825,1.225,1,1.26875
-0.966529,1.3125,1,1.42188
-0.95087,1.3125,1,1.3125
-0.968936,1.46562,1,1.42188
-0.971884,1.29062,1,1.42188
-0.926388,1.37813,1,1.42188
-0.95841,1.26875,1,1.29062
-0.97764,1.44375,1,1.46562
-0.979425,1.29062,1,1.33438
-0.982773,1.4875,1,1.46562
-0.967114,1.3125,1,1.29062
-0.939825,1.44375,1,1.42188
-1,1.3125,1,1.35625
-1,1.46562,1,1.42188
-1,1.33438,1,1.33438
-0.997373,1.37813,1,1.33438
-1,1.4,1,1.3125
-1,1.4,1,1.33438
-1,1.37813,1,1.4
-1,1.37813,1,1.29062
-1,1.37813,1,1.33438
-1,1.37813,1,1.35625
-1,1.4,1,1.44375
-1,1.35625,1,1.35625
-1,1.35625,1,1.3125
-1,1.37813,1,1.26875
-1,1.46562,1,1.46562
-1,1.35625,1,1.29062
-1,1.46562,1,1.46562
-1,1.3125,1,1.29062
-1,1.55313,1,1.37813
-1,1.3125,1,1.35625
-1,1.4875,1,1.46562
-1,1.35625,1,1.33438
-1,1.35625,1,1.29062
-1,1.35625,1,1.33438
-1,1.35625,1,1.3125
-1,1.44375,1,1.4
-1,1.33438,1,1.24687
-1,1.4875,1,1.42188
-1,1.4,1,1.3125
-1,1.575,1,1.46562
-1,1.35625,1,1.29062
-1,1.35625,1,1.33438
-1,1.4,1,1.29062
-1,1.35625,1,1.29062
-1,1.44375,1,1.37813
-1,1.37813,1,1.24687
-1,1.50937,1,1.42188
-1,1.37813,1,1.29062
-1,1.4875,1,1.46562
-1,1.35625,1,1.3125
-1,1.50937,1,1.35625
-1,1.35625,1,1.29062
-1,1.35625,1,1.33438
-1,1.4,1,1.3125
-1,1.35625,1,1.33438
-1,1.4875,1,1.42188
-1,1.37813,1,1.33438
-1,1.44375,1,1.4
-1,1.3125,1,1.29062
-1,1.4875,1,1.4
-1,1.35625,1,1.33438
-1,1.4875,1,1.4
-1,1.35625,1,1.29062
-1,1.4875,1,1.4
-1,1.35625,1,1.33438
-1,1.42188,1,1.46562
-1,1.37813,1,1.4
-1,1.35625,1,1.44375
-1,1.37813,1,1.29062
-1,1.55313,1,1.46562
-1,1.37813,1,1.33438
-1,1.50937,1,1.37813
-1,1.29062,1,1.24687
-1,1.4,1,1.33438
-1,1.4,1,1.29062
-1,1.3125,1,1.29062
-1,1.35625,1,1.33438
-1,1.42188,1,1.35625
-1,1.37813,1,1.33438
-1,1.37813,1,1.35625
-1,1.35625,1,1.35625
-1,1.42188,1,1.35625
-1,1.37813,1,1.35625
-1,1.35625,1,1.3125
-1,1.4,1,1.33438
-1,1.35625,1,1.29062
-1,1.37813,1,1.42188
-1,1.35625,1,1.33438
-1,1.37813,1,1.33438
-1,1.24687,1,1.35625
-1,1.37813,1,1.35625
-1,1.42188,1,1.29062
-1,1.37813,1,1.29062
-1,1.4,1,1.33438
-1,1.35625,1,1.29062
-1,1.4,1,1.4
-1,1.35625,1,1.24687
-1,1.4875,1,1.42188
-1,1.29062,1,1.29062
-1,1.37813,1,1.29062
-1,1.37813,1,1.4
-1,1.37813,1,1.26875
-1,1.4,1,1.33438
-1,1.4,1,1.3125
-1,1.35625,1,1.35625
-1,1.42188,1,1.33438
-1,1.35625,1,1.33438
-1,1.4,1,1.3125
-1,1.37813,1,1.29062
-1,1.24687,1,1.33438
-1,1.35625,1,1.3125
-1,1.35625,1,1.4
-1,1.35625,1,1.29062
-1,1.35625,1,1.3125
-1,1.26875,1,1.29062
-1,1.35625,1,1.3125
-1,1.35625,1,1.29062
-1,1.35625,1,1.33438
-1,1.35625,1,1.46562
-1,1.35625,1,1.4
-1,1.35625,1,1.33438
-1,1.35625,1,1.33438
-1,1.42188,1,1.4
-1,1.29062,1,1.33438
-1,1.35625,1,1.29062
-1,1.35625,1,1.29062
-1,1.29062,1,1.26875
-1,1.44375,1,1.46562
-1,1.35625,1,1.37813
-1,1.29062,1,1.24687
-1,1.35625,1,1.33438
-1,1.35625,1,1.29062
-1,1.35625,1,1.29062
-1,1.35625,1,1.33438
-1,1.35625,1,1.4
-1,1.44375,1,1.4
-1,1.3125,1,1.42188
-1,1.35625,1,1.3125
-1,1.37813,1,1.3125
-1,1.29062,1,1.29062
-1,1.44375,1,1.42188
-1,1.29062,1,1.3125
-1,1.4,1,1.42188
-1,1.35625,1,1.33438
-1,1.4,1,1.33438
-1,1.3125,1,1.3125
-1,1.35625,1,1.29062
-1,1.35625,1,1.33438
-1,1.29062,1,1.3125
-1,1.4,1,1.4
-1,1.3125,1,1.33438
-1,1.15938,1,1.29062
-1,1.20312,1,1.29062
-1,1.4,1,1.35625
-1,1.29062,1,1.33438
-1,1.44375,1,1.46562
-1,1.29062,1,1.35625
-1,1.15938,1,1.29062
-1,1.35625,1,1.35625
-1,1.3125,1,1.35625
-1,1.35625,1,1.29062
-1,1.3125,1,1.24687
-1,1.35625,1,1.33438
-1,1.35625,1,1.35625
-1,1.4,1,1.35625
-1,1.35625,1,1.3125
-1,1.35625,1,1.29062
-1,1.33438,1,1.33438
-1,1.35625,1,1.33438
-1,1.35625,1,1.26875
-1,1.4,1,1.29062
-1,1.35625,1,1.29062
-1,1.4,1,1.33438
-1,1.3125,1,1.3125
-1,1.44375,1,1.4
-1,1.3125,1,1.29062
-1,1.44375,1,1.4
-1,1.29062,1,1.29062
-1,1.4875,1,1.42188
-1,1.29062,1,1.26875
-1,1.35625,1,1.35625
-1,1.44375,1,1.42188
-1,1.35625,1,1.26875
-1,1.4875,1,1.42188
-1,1.37813,1,1.29062
-1,1.42188,1,1.46562
-1,1.4,1,1.33438
-1,1.4875,1,1.42188
-1,1.37813,1,1.3125
-1,1.46562,1,1.33438
-1,1.24687,1,1.35625
-1,1.33438,1,1.24687
-1,1.4,1,1.3125
-1,1.37813,1,1.33438
-1,1.37813,1,1.35625
-1,1.37813,1,1.29062
-1,1.4875,1,1.29062
-1,1.50937,1,1.46562
-1,1.37813,1,1.33438
-1,1.37813,1,1.33438
-1,1.35625,1,1.33438
-1,1.35625,1,1.4
-1,1.35625,1,1.29062
-1,1.24687,1,1.35625
-1,1.33438,1,1.37813
-1,1.37813,1,1.33438
-1,1.37813,1,1.33438
-1,1.4875,1,1.42188
-1,1.35625,1,1.33438
-1,1.37813,1,1.35625
-1,1.24687,1,1.29062
-1,1.37813,1,1.33438
-1,1.50937,1,1.4
-1,1.3125,1,1.26875
-1,1.37813,1,1.33438
-1,1.33438,1,1.29062
-1,1.4875,1,1.4
-1,1.37813,1,1.4
-1,1.33438,1,1.3125
-1,1.44375,1,1.4
-1,1.4,1,1.29062
-1,1.37813,1,1.29062
-1,1.4875,1,1.35625
-1,1.33438,1,1.24687
-1,1.44375,1,1.3125
-1,1.42188,1,1.42188
-1,1.37813,1,1.33438
-1,1.50937,1,1.4
-1,1.3125,1,1.29062
-1,1.46562,1,1.3125
-1,1.4875,1,1.42188
-1,1.24687,1,1.35625
-1,1.4875,1,1.4
-1,1.33438,1,1.33438
-1,1.44375,1,1.42188
-1,1.4875,1,1.42188
-1,1.33438,1,1.3125
-1,1.42188,1,1.4
-1,1.37813,1,1.26875
-1,1.37813,1,1.33438
-1,0.984375,1,1.33438
-1,1.35625,1,1.29062
-1,1.50937,1,1.3125
-1,1.4875,1,1.46562
-1,1.37813,1,1.33438
-1,1.4875,1,1.42188
-1,1.37813,1,1.35625
-1,1.4,1,1.33438
-1,1.33438,1,1.29062
-1,1.33438,1,1.33438
-1,1.35625,1,1.33438
-1,1.37813,1,1.24687
-1,1.42188,1,1.33438
-1,1.37813,1,1.26875
-1,1.37813,1,1.37813
-1,1.42188,1,1.29062
-1,1.35625,1,1.29062
-1,1.4875,1,1.35625
-1,1.42188,1,1.3125
-1,1.37813,1,1.33438
-1,1.37813,1,1.24687
-1,1.37813,1,1.4
-1,1.42188,1,1.24687
-1,1.46562,1,1.24687
-1,1.37813,1,1.29062
-1,1.3125,1,1.02812
-1,1.33438,1,1.35625
-1,1.37813,1,1.46562
-1,1.26875,1,1.4
-1,1.33438,1,1.35625
-1,1.42188,1,1.44375
-1,1.29062,1,1.33438
-1,1.72812,1,1.68437
-1,1.35625,1,1.35625
-1,1.44375,1,1.44375
-1,1.4,1,1.53125
-1,1.37813,1,1.53125
-1,1.37813,1,1.35625
-1,1.37813,1,1.37813
-1,1.24687,1,1.3125
-1,1.4,1,1.46562
-1,1.33438,1,1.3125
-1,1.68437,1,1.42188
-1,1.37813,1,1.53125
-1,1.50937,1,1.35625
-1,1.50937,1,1.37813
-1,1.4875,1,1.4875
-1,1.35625,1,1.3125
-1,1.4875,1,1.4
-1,1.26875,1,1.33438
-1,1.42188,1,1.37813
-1,1.37813,1,1.37813
-1,1.4875,1,1.4
-1,1.4,1,1.42188
-1,1.35625,1,1.4
-1,1.37813,1,1.44375
-1,1.37813,1,1.61875
-1,1.3125,1,1.33438
-1,1.4875,1,1.42188
-1,1.35625,1,1.33438
-1,1.37813,1,1.33438
-1,1.37813,1,1.37813
-1,1.4,1,1.37813
-1,1.35625,1,1.44375
-1,1.37813,1,1.4
-1,1.37813,1,1.37813
-1,1.37813,1,1.33438
-1,1.35625,1,1.33438
-1,1.33438,1,1.37813
-1,1.4,1,1.33438
-1,1.37813,1,1.33438
-1,1.37813,1,1.44375
-1,1.37813,1,1.33438
-1,1.37813,1,1.33438
-1,1.4,1,1.37813
-1,1.4,1,1.37813
-1,1.4875,1,1.42188
-1,1.35625,1,1.33438
-1,1.29062,1,1.33438
-1,1.4,1,1.33438
-1,1.35625,1,1.3125
-1,1.37813,1,1.37813
-1,1.35625,1,1.37813
-1,1.37813,1,1.4875
-1,1.37813,1,1.33438
-1,1.37813,1,1.53125
-1,1.4,1,1.53125
-1,1.37813,1,1.33438
-1,1.4875,1,1.42188
-1,1.4,1,1.33438
-1,1.35625,1,1.44375
-1,1.4,1,1.44375
-1,1.37813,1,1.50937
-1,1.4875,1,1.575
-1,1.35625,1,1.33438
-1,1.44375,1,1.44375
-1,1.35625,1,1.33438
-1,1.4875,1,1.44375
-1,1.42188,1,1.35625
-1,1.4,1,1.4875
-1,1.29062,1,1.35625
-1,1.37813,1,1.35625
-1,1.4875,1,1.35625
-1,1.37813,1,1.37813
-1,1.37813,1,1.61875
-1,1.29062,1,1.33438
-1,1.50937,1,1.44375
-1,1.35625,1,1.37813
-1,1.4875,1,1.46562
-1,1.3125,1,1.35625
-1,1.42188,1,1.4
-1,1.29062,1,1.35625
-1,1.4875,1,1.4875
-1,1.35625,1,1.3125
-1,1.4875,1,1.4875
-1,1.35625,1,1.35625
-1,1.4875,1,1.46562
-1,1.09375,1,1.4875
-1,1.37813,1,1.44375
-1,1.24687,1,1.35625
-1,1.53125,1,1.225
-1,1.20312,1,1.44375
-1,1.37813,1,1.37813
-1,1.33438,1,1.29062
-1,1.6625,1,1.64062
-1,1.35625,1,1.3125
-1,1.50937,1,1.46562
-1,1.4,1,1.44375
-1,1.42188,1,1.575
-1,1.37813,1,1.3125
-1,1.44375,1,1.44375
-1,1.26875,1,1.33438
-1,1.4875,1,1.4875
-1,1.33438,1,1.37813
-1,1.4,1,1.4
-1,1.35625,1,1.3125
-1,1.50937,1,1.53125
-1,1.33438,1,1.35625
-1,1.4875,1,1.4875
-1,1.20312,1,1.33438
-1,1.29062,1,1.3125
-1,1.20312,1,1.46562
-1,1.37813,1,1.42188
-1,1.33438,1,1.33438
-1,1.55313,1,1.42188
-1,1.4,1,1.33438
-1,1.29062,1,1.33438
-1,1.4875,1,1.46562
-1,1.37813,1,1.44375
-1,1.35625,1,1.44375
-1,1.50937,1,1.44375
-1,0.984375,1,1.29062
-1,1.42188,1,1.55313
-1,1.33438,1,1.33438
-1,1.4,1,1.4
-1,1.44375,1,1.46562
-1,1.37813,1,1.35625
-1,1.33438,1,1.3125
-1,1.4,1,1.46562
-1,1.37813,1,1.46562
-1,1.50937,1,1.3125
-1,1.50937,1,1.46562
-1,1.37813,1,1.29062
-1,1.42188,1,1.46562
-1,1.37813,1,1.44375
-1,1.44375,1,1.35625
-1,1.4875,1,1.50937
-1,1.46562,1,1.35625
-1,1.29062,1,1.33438
-1,1.4,1,1.53125
-1,1.3125,1,1.33438
-1,1.35625,1,1.35625
-1,1.37813,1,1.35625
-1,1.29062,1,1.35625
-1,1.37813,1,1.33438
-1,1.6625,1,1.46562
-1,1.3125,1,1.35625
-1,1.4,1,1.37813
-1,1.4875,1,1.35625
-1,1.37813,1,1.33438
-1,1.35625,1,1.33438
-1,1.37813,1,1.35625
-1,1.4875,1,1.4875
-1,1.35625,1,1.35625
-1,1.46562,1,1.35625
-1,1.53125,1,1.35625
-1,1.3125,1,1.26875
-1,1.4875,1,1.44375
-1,1.33438,1,1.59688
-1,1.4,1,1.33438
-1,1.4875,1,1.44375
-1,1.26875,1,1.29062
-1,1.37813,1,1.4
-1,1.29062,1,1.42188
-1,1.33438,1,1.3125
-1,1.4875,1,1.4
-1,1.37813,1,1.4
-1,1.24687,1,1.33438
-1,1.35625,1,1.35625
-1,1.37813,1,1.37813
-1,1.37813,1,1.37813
-1,1.3125,1,1.37813
-1,1.3125,1,1.4
-1,1.44375,1,1.44375
-1,1.37813,1,1.35625
-1,1.33438,1,1.37813
-1,1.72812,1,1.37813
-1,1.35625,1,1.4
-1,1.4875,1,1.46562
-1,1.33438,1,1.37813
-1,1.55313,1,1.37813
-1,1.4875,1,1.33438
-1,1.59688,1,1.46562
-1,1.42188,1,1.37813
-1,1.37813,1,1.37813
-1,1.37813,1,1.35625
-1,1.33438,1,1.4
-1,1.4,1,1.4
-1,1.4,1,1.33438
-1,1.42188,1,1.4875
-1,1.4875,1,1.37813
-1,1.33438,1,1.33438
-1,1.4875,1,1.24687
-1,1.37813,1,1.50937
-1,1.35625,1,1.4
-1,1.4875,1,1.42188
-1,1.37813,1,1.33438
-1,1.4875,1,1.4
-1,1.4,1,1.37813
-1,1.35625,1,1.37813
-1,1.37813,1,1.4
-1,1.42188,1,1.37813
-1,1.37813,1,1.53125
-1,1.37813,1,1.37813
-1,1.4,1,1.33438
-1,1.37813,1,1.35625
-1,1.37813,1,1.29062
-1,1.37813,1,1.3125
-1,1.37813,1,1.3125
-1,1.37813,1,1.35625
-1,1.37813,1,1.33438
-1,1.37813,1,1.33438
-1,1.37813,1,1.33438
-1,1.37813,1,1.3125
-1,1.37813,1,1.35625
-1,1.35625,1,1.35625
-1,1.35625,1,1.35625
-1,1.35625,1,1.37813
-1,1.4,1,1.33438
-1,1.35625,1,1.37813
-1,1.37813,1,1.37813
-1,1.37813,1,1.37813
-1,1.37813,1,1.35625
-1,1.44375,1,1.4
-1,1.44375,1,1.42188
-1,1.33438,1,1.37813
-1,1.4,1,1.37813
-1,1.29062,1,1.53125
-1,1.4,1,1.37813
-1,1.4875,1,1.4
-1,1.42188,1,1.4
-1,1.46562,1,1.4
-1,1.29062,1,1.35625
-1,1.37813,1,1.42188
-1,1.37813,1,1.42188
-1,1.24687,1,1.42188
-1,1.37813,1,1.4
-1,1.4,1,1.4
-1,1.4,1,1.4
-1,1.37813,1,1.42188
-1,1.35625,1,1.42188
-1,1.55313,1,1.42188
-1,1.35625,1,1.37813
-1,1.37813,1,1.4
-1,1.4,1,1.42188
-1,1.42188,1,1.4
-1,1.55313,1,1.4
-1,1.37813,1,1.575
-1,1.4875,1,1.37813
-1,1.4,1,1.33438
-1,1.6625,1,1.42188
-1,1.37813,1,1.37813
-1,1.4,1,1.37813
-1,1.33438,1,1.35625
-1,1.46562,1,1.42188
-1,1.50937,1,1.37813
-1,1.33438,1,1.37813
-1,1.4875,1,1.37813
-1,1.35625,1,1.42188
-1,1.4,1,1.3125
-1,1.35625,1,1.35625
-1,1.4,1,1.4
-1,1.37813,1,1.33438
-1,1.37813,1,1.37813
-1,0.9625,1,1.35625
-1,1.37813,1,1.4
-1,1.37813,1,1.4
-1,1.37813,1,1.4
-1,1.37813,1,1.4
-1,1.35625,1,1.42188
-1,1.46562,1,1.4
-1,1.37813,1,1.4
-1,1.37813,1,1.37813
-1,1.37813,1,1.44375
-1,1.37813,1,1.44375
-1,1.37813,1,1.3125
-1,1.37813,1,1.37813
-1,1.37813,1,1.4875
-1,1.33438,1,1.35625
-1,1.37813,1,1.42188
-1,1.37813,1,1.35625
-1,1.37813,1,1.35625
-1,1.37813,1,1.61875
-1,1.37813,1,1.37813
-1,1.42188,1,1.4
-1,1.37813,1,1.24687
-1,1.4875,1,1.35625
-1,1.37813,1,1.35625
-1,1.4875,1,1.44375
-1,1.33438,1,1.35625
-1,1.37813,1,1.35625
-1,1.29062,1,1.3125
-1,1.4,1,1.35625
-1,1.4875,1,1.3125
-1,1.44375,1,1.33438
-1,1.33438,1,1.35625
-1,1.37813,1,1.35625
-1,1.50937,1,1.42188
-1,1.37813,1,1.35625
-1,1.4875,1,1.35625
-1,1.37813,1,1.35625
-1,1.4,1,1.42188
-1,1.33438,1,1.35625
-1,1.42188,1,1.575
-1,1.46562,1,1.3125
-1,1.42188,1,1.35625
-1,1.42188,1,1.35625
-1,1.33438,1,1.37813
-1,1.55313,1,1.35625
-1,1.33438,1,1.35625
-1,1.26875,1,1.35625
-1,1.42188,1,1.35625
-1,1.37813,1,1.42188
-1,1.33438,1,1.35625
-1,1.46562,1,1.35625
-1,1.33438,1,1.42188
-1,1.42188,1,1.4
-1,1.33438,1,1.35625
-1,1.46562,1,1.35625
-1,1.35625,1,1.42188
-1,1.42188,1,1.35625
-1,1.33438,1,1.4875
-1,1.50937,1,1.35625
-1,1.35625,1,1.35625
-1,1.4875,1,1.35625
-1,1.33438,1,1.4
-1,1.55313,1,1.35625
-1,1.37813,1,1.35625
-1,1.4,1,1.35625
-1,1.37813,1,1.35625
-1,1.35625,1,1.42188
-1,1.50937,1,1.225
-1,1.33438,1,1.20312
-1,1.35625,1,1.35625
-1,1.4875,1,1.35625
-1,1.575,1,1.3125
-1,1.4875,1,1.35625
-1,1.33438,1,1.35625
-1,1.42188,1,1.37813
-1,1.33438,1,1.33438
-1,1.42188,1,1.35625
-1,1.4,1,1.4
-1,1.37813,1,1.35625
-1,1.33438,1,1.35625
-1,1.37813,1,1.42188
