torque_1,torque_1_t,torque_2,torque_2_t
-1,-0.175,-0.833773,-0.0875
-1,0.459375,-0.822973,-0.284375
-1,0.721875,-0.812473,-0.415625
-1,0.721875,-0.82436,-0.546875
-1,0.853125,-0.84467,-0.74375
-1,1.05,-0.856557,-0.65625
-1,1.00625,-0.857677,-0.83125
-1,1.09375,-0.845433,-0.875
-1,1.20312,-0.870975,-0.896875
-1,1.33438,-0.865709,-0.91875
-1,1.37813,-0.897066,-1.00625
-1,1.29062,-0.890055,-1.11563
-1,1.20312,-0.873149,-1.1375
-1,1.35625,-0.856544,-1.09375
-1,1.35625,-0.87947,-1.07187
-1,1.37813,-0.838733,-1.07187
-1,1.26875,-0.829386,-1.3125
-1,1.42188,-0.813653,-1.15938
-1,1.4,-0.793549,-1.3125
-1,1.26875,-0.786247,-1.42188
-1,1.33438,-0.739977,-1.15938
-1,1.33438,-0.745749,-1.07187
-1,1.37813,-0.702396,-1.07187
-0.76223,1.4,-0.683746,-1.11563
-0.952528,1.15938,-0.665396,-1.18125
-0.925221,1.3125,-0.642675,-1.02812
-1,1.18125,-0.624897,-1.00625
-0.958237,1.33438,-0.616142,-0.91875
-0.88601,1.33438,-0.595166,-0.896875
-0.796179,1.24687,-0.595414,-0.875
-0.723502,1.11563,-0.574738,-1.05
-0.766264,1.07187,-0.577021,-0.896875
-0.883876,1.05,-0.568838,-0.896875
-0.883885,1.11563,-0.567342,-0.74375
-0.797121,1.18125,-0.576603,-0.765625
-0.721827,1.11563,-0.578886,-0.83125
-0.720977,1.09375,-0.562553,-0.765625
-0.792363,1.02812,-0.600016,-0.83125
-0.761989,0.940625,-0.599683,-0.74375
-0.673916,1.02812,-0.588883,-0.853125
-0.714919,1.02812,-0.634196,-0.853125
-0.786754,0.9625,-0.598392,-0.809375
-0.784146,1.00625,-0.609979,-0.721875
-0.782846,1.05,-0.652966,-0.7
-0.664391,1.15938,-0.629955,-0.765625
-0.618172,0.984375,-0.615366,-0.74375
-0.656558,0.940625,-0.622592,-0.765625
-0.772004,0.9625,-0.624003,-0.765625
-0.815624,1.02812,-0.620762,-0.853125
-0.743397,1.15938,-0.632349,-0.984375
-0.697177,1.00625,-0.630844,-0.940625
-0.576964,1.00625,-0.61481,-0.765625
-0.573498,0.896875,-0.59616,-0.721875
-0.642266,0.896875,-0.579836,-0.7875
-0.798257,0.896875,-0.564375,-0.765625
-0.677186,1.05,-0.53962,-0.765625
-0.580814,0.896875,-0.535797,-0.765625
-0.498978,0.853125,-0.514531,-0.634375
-0.566889,0.39375,-0.468542,-0.809375
-0.561664,0.809375,-0.465592,-0.91875
-0.689889,0.7875,-0.396644,-0.83125
-0.685972,0.875,-0.356179,-0.765625
-0.596591,0.940625,-0.277927,-0.721875
-0.518681,0.83125,-0.227296,-0.74375
-0.468537,0.7875,-0.203403,-0.7
-0.507373,0.83125,-0.133873,-0.634375
-0.503456,0.74375,-0.079753,-0.6125
-0.528614,0.74375,-0.0308567,-0.546875
-0.497381,0.765625,0.0264619,-0.48125
-0.611069,0.809375,0.0500544,-0.634375
-0.607152,0.7875,0.0344063,-0.371875
-0.399717,0.765625,0.0472322,-0.35
-0.438103,0.7,0.0449489,-0.04375
-0.435495,0.65625,0.04441,-0.021875
-0.477806,0.7,0.0447433,-0.240625
-0.665488,0.74375,0.0450767,0.065625
-0.752718,0.765625,0.0238952,0.021875
-0.752726,0.809375,0.0501044,-0.284375
-0.590211,0.809375,0.0356007,0
-0.469998,0.7875,-0.0114567,0.065625
-0.421162,0.809375,0.0199859,0.04375
-0.624689,0.721875,0.0511378,0.240625
-0.785913,0.83125,0.00844148,0.065625
-0.948445,0.91875,0.0587822,-0.021875
-0.949762,1.02812,0.0152137,0.021875
-0.657721,1.07187,0.00275444,0.13125
-0.464823,0.9625,0.0583285,0.065625
-0.651196,0.896875,0.0644767,0.065625
-0.783346,1.00625,0.0674267,0.153125
-1,1.07187,0.0671785,0.021875
-1,1.20312,0.0776878,0.065625
-0.985436,1.1375,0.08151,0.04375
-0.75416,1.29062,0.08446,0.04375
-0.635255,1.15938,0.0461248,0.109375
-0.911467,1.11563,0.0851267,0.04375
-1,1.26875,0.0898211,0.04375
-1,1.3125,0.0936433,0.2625
-0.997261,1.46562,0.0974656,0.13125
-0.97212,1.33438,0.101288,0.284375
-1,1.00625,0.10511,0.175
-0.891456,1.37813,0.10806,0.021875
-1,1.26875,0.11101,0.13125
-1,1.4,0.113388,0.240625
-0.986553,1.4,0.11721,0.0875
-1,1.4,0.121032,0.153125
-1,1.42188,0.125727,0.109375
-1,1.37813,0.129549,0.109375
-1,1.37813,0.133371,0.13125
-1,1.24687,0.136321,0.240625
-1,1.37813,0.139571,0.13125
-1,1.4,0.143093,0.13125
-1,1.37813,0.146916,0.0875
-1,1.4,0.152482,0.13125
-1,1.33438,0.155432,0.153125
-1,1.29062,0.160127,0.30625
-1,1.3125,0.163077,0.175
-1,1.42188,0.166899,0.153125
-1,0.91875,0.192808,0.153125
-1,1.44375,0.173371,0.21875
-1,1.33438,0.175449,0.175
-1,1.575,0.183341,0.153125
-1,1.4,0.180477,0.196875
-1,1.4,0.197964,0.21875
-1,1.37813,0.188121,0.175
-1,1.3125,0.192816,0.240625
-1,1.35625,0.196638,0.196875
-1,1.59688,0.20046,0.21875
-1,1.37813,0.209225,0.196875
-1,0.940625,0.211303,0.240625
-1,1.50937,0.20931,0.30625
-1,1.4,0.21226,0.153125
-1,1.35625,0.216082,0.196875
-1,1.35625,0.21816,0.196875
-1,1.37813,0.221982,0.284375
-1,1.4,0.224932,0.328125
-1,1.35625,0.228754,0.240625
-1,1.29062,0.231704,0.21875
-1,1.35625,0.235527,0.328125
-1,1.33438,0.238477,0.21875
-1,1.35625,0.240854,0.240625
-1,1.37813,0.243804,0.240625
-1,1.33438,0.248499,0.2625
-1,1.3125,0.250577,0.415625
-1,1.33438,0.253527,0.284375
-1,1.33438,0.256477,0.284375
-1,1.33438,0.260299,0.30625
-1,1.29062,0.263549,0.328125
-1,1.29062,0.266499,0.371875
-1,1.4,0.269449,0.284375
-1,1.35625,0.272399,0.30625
-1,1.35625,0.276221,0.328125
-1,1.3125,0.279171,0.30625
-1,1.35625,0.282421,0.328125
-1,1.33438,0.285371,0.328125
-1,1.4,0.287449,0.39375
-1,1.3125,0.288654,0.328125
-1,1.37813,0.29016,0.39375
-1,1.4,0.291366,0.4375
-1,1.4,0.293443,0.4375
-1,1.07187,0.296393,0.35
-1,1.42188,0.299343,0.39375
-1,1.42188,0.302293,0.35
-1,1.44375,0.304071,0.415625
-1,1.42188,0.306149,0.415625
-1,1.42188,0.309971,0.371875
-1,1.33438,0.312921,0.4375
-1,1.4,0.315571,0.39375
-1,1.4,0.317649,0.415625
-1,1.42188,0.319727,0.35
-1,1.44375,0.322677,0.35
-1,1.44375,0.326199,0.35
-1,1.50937,0.330021,0.4375
-1,1.37813,0.333843,0.35
-1,1.42188,0.336793,0.35
-1,1.4,0.340616,0.415625
-1,1.46562,0.344438,0.525
-1,1.44375,0.34826,0.503125
-1,1.35625,0.352654,0.503125
-1,1.3125,0.355604,0.48125
-1,1.37813,0.358554,0.48125
-1,1.33438,0.362377,0.503125
-1,1.29062,0.367071,0.503125
-1,1.33438,0.371766,0.503125
-1,1.46562,0.421234,0.546875
-1,1.35625,0.378538,0.65625
-1,1.33438,0.381488,0.56875
-1,1.29062,0.38531,0.48125
-1,1.33438,0.393203,0.590625
-1,1.35625,0.39121,0.590625
-1,1.42188,0.431956,0.503125
-1,1.33438,0.39711,0.503125
-1,1.46562,0.453556,0.525
-1,1.35625,0.402138,0.525
-1,1.35625,0.403343,0.525
-1,1.4875,0.405421,0.525
-1,1.575,0.409243,0.525
-1,1.4,0.425858,0.525
-1,1.44375,0.415143,0.590625
-1,1.35625,0.418093,0.678125
-1,1.18125,0.425986,0.525
-1,1.37813,0.422249,0.56875
-1,1.37813,0.424327,0.65625
-1,1.33438,0.426404,0.56875
-1,1.33438,0.456684,0.634375
-1,1.37813,0.43056,0.525
-1,1.33438,0.432938,0.546875
-1,1.33438,0.435888,0.590625
-1,1.26875,0.438838,0.634375
-1,1.29062,0.441788,0.634375
-1,1.44375,0.444738,0.590625
-1,1.42188,0.447688,0.546875
-1,1.42188,0.450066,0.590625
-1,1.29062,0.452143,0.678125
-1,1.33438,0.455966,0.74375
-1,1.37813,0.458043,0.765625
-1,1.3125,0.461866,0.65625
-1,1.29062,0.463943,0.634375
-1,1.33438,0.466893,0.634375
-1,1.37813,0.468671,0.678125
-1,1.3125,0.470749,0.721875
-1,1.3125,0.472827,0.65625
-1,1.33438,0.475477,0.65625
-1,1.33438,0.478427,0.7
-1,1.26875,0.481077,0.590625
-1,1.33438,0.483154,0.6125
-1,1.35625,0.485804,0.56875
-1,1.35625,0.488754,0.590625
-1,1.35625,0.492577,0.6125
-1,1.35625,0.495227,0.65625
-1,1.4875,0.498177,0.678125
-1,1.35625,0.499954,0.634375
-1,1.3125,0.502904,0.765625
-1,1.42188,0.505854,0.6125
-1,1.37813,0.508504,0.678125
-1,1.37813,0.557973,0.65625
-1,1.46562,0.515277,0.678125
-1,1.37813,0.517927,0.765625
-1,1.37813,0.521749,0.65625
-1,1.42188,0.524699,0.678125
-1,1.37813,0.58289,0.678125
-1,1.37813,0.531171,0.765625
-1,1.33438,0.534993,0.7875
-1,1.4,0.539688,0.65625
-1,1.46562,0.542638,0.83125
-1,1.44375,0.561569,0.83125
-1,1.33438,0.551727,0.721875
-1,1.35625,0.555549,0.765625
-1,1.37813,0.560243,0.721875
-1,1.44375,0.564638,0.765625
-1,1.35625,0.570204,0.853125
-1,1.42188,0.574899,0.91875
-1,1.35625,0.634834,0.875
-1,1.33438,0.58516,0.896875
-1,1.35625,0.588982,0.875
-1,1.37813,0.595121,0.853125
-1,1.37813,0.600688,0.853125
-1,1.3125,0.606254,0.809375
-1,1.35625,0.626358,0.809375
-1,1.33438,0.617388,0.83125
-1,1.35625,0.68401,0.853125
-1,1.42188,0.633464,0.875
-1,1.44375,0.693399,0.9625
-1,1.46562,0.706516,0.875
-1,1.4,0.712082,0.875
-1,1.33438,0.716777,1.00625
-1,1.35625,0.674953,1.02812
-1,1.44375,0.68459,0.9625
-1,1.37813,0.716323,0.984375
-1,1.4,0.711423,1.07187
-1,1.35625,0.747227,0.940625
-1,1.33438,0.734477,1.09375
-1,1.4,0.755743,1.07187
-1,1.37813,0.76916,1.05
-1,1.37813,0.763388,1.02812
-1,1.37813,0.75936,1.02812
-1,1.44375,0.786441,1.02812
-1,1.42188,0.776599,1.225
-1,1.37813,0.789143,1.05
-1,1.37813,0.807503,1.05
-1,1.33438,0.804647,1.29062
-1,1.33438,0.818636,1.225
-1,1.33438,0.814308,1.3125
-1,1.35625,0.844869,1.24687
-1,1.33438,0.810604,1.1375
-1,1.42188,0.822849,1.09375
-1,1.46562,0.850503,1.09375
-1,1.1375,0.82466,1.07187
-1,1.33438,0.822377,1.3125
-1,1.00625,0.827643,1.09375
-1,1.35625,0.833782,1.20312
-1,1.37813,0.85911,1.3125
-1,1.33438,0.840254,1.37813
-1,1.3125,0.847266,1.15938
-1,1.42188,0.848462,1.29062
-1,1.42188,0.847051,1.35625
-1,1.35625,0.877321,1.29062
-1,1.33438,0.893927,1.29062
-1,1.37813,0.901238,1.15938
-1,1.33438,0.899527,1.225
-1,1.37813,0.914388,1.11563
-1,1.4875,0.921699,1.29062
-1,1.4875,0.934816,1.33438
-1,1.33438,0.946197,1.24687
-1,1.4,0.945649,1.225
-1,1.37813,0.956158,1.11563
-1,1.42188,0.985847,1.3125
-1,1.33438,0.990241,1.26875
-1,1.4,1,1.29062
-1,1.44375,1,1.44375
-1,1.20312,1,1.26875
-1,1.575,1,1.35625
-1,1.46562,1,1.44375
-1,1.33438,1,1.4
-1,1.3125,1,1.37813
-1,1.46562,1,1.35625
-1,1.3125,1,1.4875
-1,1.35625,1,1.35625
-1,1.35625,1,1.33438
-1,1.42188,1,1.33438
-1,1.37813,1,1.26875
-1,1.44375,1,1.33438
-1,1.35625,1,1.35625
-1,1.53125,1,1.26875
-1,1.44375,1,1.33438
-1,1.46562,1,1.33438
-1,1.37813,1,1.35625
-1,1.42188,1,1.35625
-1,1.46562,1,1.35625
-1,1.4,1,1.42188
-1,1.29062,1,1.35625
-1,1.44375,1,1.35625
-1,1.37813,1,1.35625
-1,1.37813,1,1.35625
-1,1.4,1,1.37813
-1,1.4875,1,1.35625
-1,1.44375,1,1.44375
-1,1.44375,1,1.35625
-1,1.37813,1,1.37813
-1,1.46562,1,1.42188
-1,1.33438,1,1.37813
-1,1.35625,1,1.4
-1,1.4,1,1.35625
-1,1.42188,1,1.33438
-1,1.37813,1,1.33438
-1,1.37813,1,1.24687
-1,1.37813,1,1.37813
-1,1.4875,1,1.3125
-1,1.4,1,1.37813
-1,1.37813,1,1.50937
-1,1.35625,1,1.42188
-1,1.44375,1,1.46562
-1,1.4,1,1.44375
-1,1.33438,1,1.44375
-1,1.35625,1,1.42188
-1,1.35625,1,1.44375
-1,1.46562,0.999356,1.37813
-1,1.46562,1,1.35625
-1,1.42188,1,1.42188
-1,1.37813,1,1.4
-1,1.26875,1,1.35625
-1,1.46562,1,1.37813
-1,1.35625,1,1.37813
-1,1.3125,1,1.26875
-1,1.42188,1,1.35625
-1,1.37813,1,1.35625
-1,1.37813,1,1.4
-1,1.37813,1,1.35625
-1,1.35625,1,1.33438
-1,1.42188,1,1.4
-1,1.4875,1,1.4
-1,1.44375,1,1.35625
-1,1.4875,1,1.4
-1,1.44375,1,1.37813
-1,1.4,1,1.26875
-1,1.4,1,1.35625
-1,1.4875,1,1.42188
-1,1.37813,1,1.4
-1,1.26875,1,1.4
-1,1.42188,1,1.4
-1,1.26875,1,1.50937
-1,1.225,1,1.37813
-1,1.35625,1,1.3125
-1,1.26875,1,1.35625
-1,1.09375,1,1.37813
-1,1.37813,1,1.35625
-1,1.53125,1,1.37813
-1,1.33438,1,1.4
-1,1.37813,1,1.35625
-1,1.35625,1,1.4
-1,1.35625,1,1.35625
-1,1.61875,1,1.37813
-1,1.35625,1,1.37813
-1,1.4875,1,1.4
-1,1.4875,1,1.4
-1,1.37813,1,1.4
-1,1.44375,1,1.3125
-1,1.35625,1,1.42188
-1,1.37813,1,1.37813
-1,1.33438,1,1.3125
-1,1.26875,1,1.44375
-1,1.35625,1,1.37813
-1,1.4,1,1.37813
-1,1.33438,1,1.33438
-1,1.33438,1,1.44375
-1,0.984375,1,1.44375
-1,1.37813,1,1.4
-1,1.37813,1,1.4
-1,1.37813,1,1.37813
-1,1.44375,1,1.37813
-1,1.42188,1,1.44375
-1,1.37813,1,1.4
-1,1.35625,1,1.37813
-1,1.35625,1,1.33438
-1,1.4,1,1.37813
-1,1.44375,1,1.35625
-1,1.35625,1,1.44375
-1,1.37813,1,1.35625
-1,1.4,1,1.37813
-1,1.4,1,1.37813
-1,1.37813,1,1.4
-1,1.4875,1,1.4
-1,1.4,1,1.37813
-1,1.4,1,1.33438
-1,1.42188,1,1.37813
-1,1.4,1,1.44375
-1,1.35625,1,1.37813
-1,1.35625,1,1.35625
-1,1.35625,1,1.37813
-1,1.35625,1,1.37813
-1,1.37813,1,1.44375
-1,1.37813,1,1.4
-1,1.37813,1,1.37813
-1,1.4,1,1.37813
-1,1.35625,1,1.37813
-1,1.37813,1,1.37813
-1,1.37813,1,1.37813
-1,1.50937,1,1.4
-1,1.35625,1,1.33438
-1,1.37813,1,1.37813
-1,1.42188,1,1.35625
-1,1.37813,1,1.3125
-1,1.37813,1,1.37813
-1,1.37813,1,1.44375
-1,1.42188,1,1.37813
-1,1.46562,1,1.44375
-1,1.37813,1,1.37813
-1,1.42188,1,1.44375
-1,1.44375,1,1.4
-1,1.42188,1,1.35625
-1,1.4,1,1.37813
-1,1.33438,1,1.37813
-1,1.37813,1,1.37813
-1,1.44375,1,1.3125
-1,1.33438,1,1.3125
-1,1.33438,1,1.37813
-1,1.37813,1,1.4
-1,1.33438,1,1.4
-1,1.33438,1,1.37813
-1,1.33438,1,1.37813
-1,1.37813,1,1.4
-1,1.37813,1,1.37813
-1,1.42188,1,1.33438
-1,1.3125,1,1.4
-1,1.35625,1,1.37813
-1,1.3125,1,1.33438
-1,1.42188,1,1.37813
-1,1.3125,1,1.35625
-1,1.46562,1,1.35625
-1,1.44375,1,1.37813
-1,1.44375,1,1.4
-1,1.46562,1,1.37813
-1,1.42188,1,1.4
-1,1.44375,1,1.37813
-1,1.4875,1,1.4
-1,1.37813,1,1.35625
-1,1.35625,1,1.35625
-1,1.35625,1,1.37813
-1,1.35625,1,1.4
-1,1.42188,1,1.37813
-1,1.37813,1,1.35625
-1,1.4,1,1.3125
-1,1.37813,1,1.53125
-1,1.35625,1,1.3125
-1,1.37813,1,1.37813
-1,1.35625,1,1.4
-1,1.35625,1,1.35625
-1,1.42188,1,1.35625
-1,1.35625,1,1.37813
-1,1.35625,1,1.35625
-1,1.35625,1,1.37813
-1,1.33438,1,1.37813
-1,1.35625,1,1.37813
-1,1.37813,1,1.35625
-1,1.37813,1,1.35625
-1,1.35625,1,1.37813
-1,1.35625,1,1.37813
-1,1.37813,1,1.4
-1,1.4,1,1.35625
-1,1.33438,1,1.37813
-1,1.4,1,1.37813
-1,1.33438,1,1.44375
-1,1.35625,1,1.35625
-1,1.37813,1,1.37813
-1,1.33438,1,1.37813
-1,1.37813,1,1.35625
-1,1.33438,1,1.37813
-1,1.35625,1,1.37813
-1,1.33438,1,1.44375
-1,1.26875,1,1.37813
-1,1.37813,1,1.37813
-1,1.42188,1,1.3125
-1,1.3125,1,1.4
-1,1.35625,1,1.37813
-1,1.33438,1,1.37813
-1,1.3125,1,1.3125
-1,1.35625,1,1.35625
-1,1.37813,1,1.44375
-1,1.35625,1,1.42188
-1,1.35625,1,1.4
-1,1.33438,1,1.37813
-1,1.42188,1,1.44375
-1,1.46562,1,1.33438
-1,1.37813,1,1.4
-1,1.4,1,1.4
-1,1.37813,1,1.35625
-1,1.33438,1,1.37813
-1,1.26875,1,1.35625
-1,1.35625,1,1.37813
-1,1.4,1,1.37813
-1,1.29062,1,1.37813
-1,1.37813,1,1.37813
-1,1.44375,1,1.37813
-1,1.35625,1,1.35625
-1,1.33438,1,1.4
-1,1.35625,1,1.3125
-1,1.46562,1,1.44375
-1,1.35625,1,1.37813
-1,1.3125,1,1.44375
-1,1.46562,1,1.37813
-1,1.35625,1,1.35625
-1,1.4,1,1.37813
-1,1.35625,1,1.44375
-1,1.33438,1,1.33438
-1,1.42188,1,1.37813
-1,1.37813,1,1.4
-1,1.37813,1,1.35625
-1,1.33438,1,1.33438
-1,1.37813,1,1.4
-1,1.37813,1,1.4
-1,1.44375,1,1.37813
-1,1.35625,1,1.53125
-1,1.35625,1,1.35625
-1,1.37813,1,1.42188
-1,1.35625,1,1.53125
-1,1.4,1,1.4
-1,1.29062,1,1.37813
-1,1.37813,1,1.44375
-1,1.35625,1,1.44375
-1,1.37813,1,1.44375
-1,1.37813,1,1.4
-1,1.33438,1,1.42188
-1,1.37813,1,1.44375
-1,1.37813,1,1.35625
-1,1.29062,1,1.44375
-1,1.3125,1,1.44375
-1,1.33438,1,1.44375
-1,1.37813,1,1.44375
-1,1.37813,1,1.44375
-1,1.3125,1,1.4
-1,1.37813,1,1.53125
-1,1.37813,1,1.44375
-1,1.37813,1,1.42188
-1,1.33438,1,1.4875
-1,1.37813,1,1.37813
-1,1.35625,1,1.35625
-1,1.4,1,1.4
-1,1.3125,1,1.37813
-1,1.4,1,1.37813
-1,1.37813,1,1.37813
-1,1.37813,1,1.37813
-1,1.35625,1,1.35625
-1,1.37813,1,1.37813
-1,1.42188,1,1.4
-1,1.37813,1,1.37813
-1,1.37813,1,1.37813
-1,1.44375,1,1.37813
-1,1.4,1,1.42188
-1,1.4,1,1.4
-1,1.4,1,1.37813
-1,1.4,1,1.4
-1,1.42188,1,1.35625
-1,1.42188,1,1.4
-1,1.37813,1,1.3125
-1,1.4,1,1.37813
-1,1.4,1,1.37813
-1,1.4,1,1.37813
-1,1.4,1,1.44375
-1,1.4,1,1.37813
-1,1.42188,1,1.37813
-1,1.4,1,1.44375
-1,1.33438,1,1.53125
-1,1.42188,1,1.4
-1,1.4,1,1.53125
-1,1.4,1,1.46562
-1,1.35625,1,1.4
-1,1.35625,1,1.4
-1,1.37813,1,1.4
-1,1.4,1,1.44375
-1,1.37813,1,1.44375
-1,1.37813,1,1.37813
-1,1.37813,1,1.37813
-1,1.4,1,1.37813
-1,1.37813,1,1.4
-1,1.33438,1,1.4
-1,1.33438,1,1.33438
-1,1.44375,1,1.37813
-1,1.33438,1,1.4
-1,1.42188,1,1.37813
-1,1.4,1,1.37813
-1,1.4,1,1.37813
-1,1.26875,1,1.4
-1,1.44375,1,1.33438
-1,1.37813,1,1.4
-1,1.3125,1,1.37813
-1,1.35625,1,1.44375
-1,1.35625,1,1.37813
-1,1.37813,1,1.37813
-1,1.35625,1,1.37813
-1,1.3125,1,1.37813
-1,1.37813,1,1.37813
-1,1.35625,1,1.37813
-1,1.37813,1,1.37813
-1,1.4,1,1.37813
-1,1.4,1,1.37813
-1,1.42188,1,1.37813
-1,1.4,1,1.4
-1,1.4,1,1.4875
-1,1.4,1,1.4
-1,1.44375,1,1.35625
-1,1.4,1,1.44375
-1,1.37813,1,1.37813
-1,1.37813,1,1.44375
-1,1.35625,1,1.44375
-1,1.44375,1,1.55313
-1,1.35625,1,1.4
-1,1.3125,1,1.37813
-1,1.37813,1,1.3125
-1,1.35625,1,1.37813
-1,1.35625,1,1.44375
-1,1.42188,1,1.35625
-1,1.4,1,1.3125
-1,1.4,1,1.37813
-1,1.1375,1,1.37813
-1,1.35625,1,1.4
-1,1.4,1,1.53125
-1,1.4,1,1.4
-1,1.37813,1,1.37813
-1,1.53125,1,1.33438
-1,1.4,1,1.44375
-1,1.37813,1,1.37813
-1,1.35625,1,1.44375
-1,1.42188,1,1.4
-1,1.4,1,1.26875
-1,1.37813,1,1.4
-1,1.42188,1,1.3125
-1,1.4,1,1.42188
-1,1.37813,1,1.44375
-1,1.02812,1,1.35625
-1,1.35625,1,1.37813
-1,1.3125,1,1.37813
-1,1.42188,1,1.44375
-1,1.575,1,1.37813
-1,1.55313,1,1.37813
-1,1.4,1,1.37813
-1,1.4875,1,1.3125
-1,1.37813,1,1.4
-1,1.33438,1,1.37813
-1,1.4,1,1.37813
-1,1.37813,1,1.3125
-1,1.35625,1,1.37813
-1,1.4,1,1.35625
-1,1.4,1,1.37813
-1,1.33438,1,1.4
-1,1.35625,1,1.4875
-1,1.33438,1,1.53125
-1,1.3125,1,1.44375
-1,1.37813,1,1.44375
-1,1.35625,1,1.4875
-1,1.37813,1,1.37813
-1,1.33438,1,1.4
-1,1.37813,1,1.3125
-1,1.3125,1,1.575
-1,1.42188,1,1.4
-1,1.35625,1,1.4
-1,1.35625,1,1.55313
-1,1.4,1,1.3125
-1,1.35625,1,1.37813
-1,1.29062,1,1.4
-1,1.4,1,1.35625
-1,1.37813,1,1.37813
-1,1.37813,1,1.4
-1,1.35625,1,1.37813
-1,1.4,1,1.37813
-1,1.37813,1,1.4
-1,1.37813,1,1.35625
-1,1.37813,1,1.53125
-1,1.35625,1,1.42188
-1,1.37813,1,1.44375
-1,1.44375,1,1.37813
-1,1.37813,1,1.50937
-1,1.37813,1,1.4875
-1,1.42188,1,1.4
-1,1.37813,1,1.42188
-1,1.33438,1,1.44375
-1,1.35625,1,1.44375
-1,1.44375,1,1.575
-1,1.35625,1,1.44375
-1,1.35625,1,1.44375
-1,1.35625,1,1.44375
-1,1.35625,1,1.4
-1,1.35625,1,1.37813
-1,1.35625,1,1.4
-1,1.37813,1,1.44375
-1,1.35625,1,1.44375
-1,1.37813,1,1.44375
-1,1.35625,1,1.42188
-1,1.4,1,1.37813
-1,1.35625,1,1.55313
-1,1.35625,1,1.42188
-1,1.35625,1,1.44375
-1,1.37813,1,1.42188
-1,1.37813,1,1.55313
-1,1.37813,1,1.44375
-1,1.4,1,1.53125
-1,1.37813,1,1.33438
-1,1.4,1,1.37813
-1,1.37813,1,1.37813
-1,1.35625,1,1.4875
-1,1.37813,1,1.3125
-1,1.35625,1,1.44375
-1,1.37813,1,1.37813
-1,1.37813,1,1.44375
-1,1.37813,1,1.44375
-1,1.37813,1,1.4
-1,1.33438,1,1.37813
-1,1.37813,1,1.4875
-1,1.33438,1,1.4
-1,1.37813,1,1.35625
-1,1.4,1,1.37813
-1,1.46562,1,1.37813
-1,1.42188,1,1.29062
-1,1.42188,1,1.37813
-1,1.37813,1,1.37813
-1,1.37813,1,1.4875
-1,1.4,1,1.37813
-1,1.37813,1,1.4
-1,1.35625,1,1.37813
-1,1.37813,1,1.37813
-1,1.35625,1,1.37813
-1,1.4,1,1.37813
-1,1.37813,1,1.35625
-1,1.37813,1,1.37813
-1,1.37813,1,1.4
-1,1.37813,1,1.37813
-1,1.4,1,1.37813
-1,1.35625,1,1.4
-1,1.35625,1,1.42188
-1,1.4,1,1.37813
-1,1.37813,1,1.37813
-1,1.37813,1,1.4
-1,1.35625,1,1.42188
-1,1.35625,1,1.37813
-1,1.33438,1,1.4875
-1,1.4,1,1.4
-1,1.33438,1,1.44375
-1,1.4,1,1.35625
-1,1.4,1,1.09375
-1,1.53125,1,1.55313
-1,1.42188,1,1.3125
-1,1.42188,1,1.3125
-1,1.4,1,1.37813
-1,1.53125,1,1.44375
-1,1.4,1,1.4875
-1,1.37813,1,1.4
-1,1.4,1,1.4
-1,1.35625,1,1.225
-1,1.26875,1,1.37813
-1,1.42188,1,1.37813
-1,1.18125,1,1.4
-1,1.35625,1,1.44375
-1,1.33438,1,1.4
-1,1.33438,1,1.3125
-1,1.37813,1,1.4
-1,1.42188,1,1.37813
-1,1.33438,1,1.37813
-1,1.33438,1,1.37813
-1,1.26875,1,1.4
-1,1.35625,1,1.37813
-1,1.37813,1,1.42188
-1,1.44375,1,1.55313
-1,1.3125,1,1.4875
-1,1.4,1,1.44375
-1,1.42188,1,1.42188
-1,1.42188,1,1.55313
-1,1.4,1,1.4
-1,1.35625,1,1.37813
-1,1.33438,1,1.55313
-1,1.3125,1,1.4
-1,1.05,1,1.44375
-1,1.42188,1,1.44375
-1,1.35625,1,1.09375
-1,1.37813,1,1.35625
-1,1.53125,1,1.4875
-1,1.42188,1,1.37813
-1,1.29062,1,1.35625
-1,1.29062,1,1.4
-1,1.4,1,1.4
-1,1.4,1,1.37813
-1,1.46562,1,1.35625
-1,1.42188,1,1.37813
-1,1.4,1,1.37813
-1,1.42188,1,1.37813
-1,1.44375,1,1.37813
-1,1.44375,1,1.37813
-1,1.42188,1,1.37813
-1,1.42188,1,1.37813
-1,1.42188,1,1.4
-1,1.42188,1,1.4
-1,1.44375,1,1.4
-1,1.33438,1,1.4
-1,1.33438,1,1.575
-1,1.37813,1,1.4
-1,1.44375,1,1.37813
-1,1.37813,1,1.42188
-1,1.42188,1,1.37813
-1,1.42188,1,1.3125
-1,1.44375,1,1.53125
-1,1.42188,1,1.33438
-1,1.4875,1,1.37813
-1,1.29062,1,1.44375
-1,1.225,1,1.4875
-1,1.37813,1,1.37813
-1,1.35625,1,1.53125
-1,1.35625,1,1.18125
-1,1.46562,1,1.44375
-1,1.46562,1,1.50937
-1,1.35625,1,1.4
-1,1.33438,1,1.42188
-1,1.35625,1,1.4
-1,1.37813,1,1.42188
-1,1.33438,1,1.37813
-1,1.33438,1,1.44375
-1,1.4,1,1.4875
-1,1.44375,1,1.3125
-1,1.37813,1,1.44375
-1,1.37813,1,1.44375
-1,0.9625,1,1.4875
-1,1.29062,1,1.37813
-1,1.29062,1,1.37813
-1,1.3125,1,1.42188
-1,1.33438,1,1.37813
-1,1.33438,1,1.4
-1,1.3125,1,1.37813
-1,1.33438,1,1.44375
-1,1.3125,1,1.4875
-1,1.3125,1,1.44375
-1,1.3125,1,1.4875
-1,1.3125,1,1.4
-1,1.3125,1,1.37813
-1,1.33438,1,1.37813
-1,1.37813,1,1.4
-1,1.4,1,1.53125
-1,1.33438,1,1.35625
-1,1.3125,1,1.4
-1,1.33438,1,1.4875
-1,1.33438,1,1.37813
-1,1.3125,1,1.42188
-1,1.35625,1,1.44375
-1,1.37813,1,1.44375
-1,1.35625,1,1.35625
-1,1.11563,1,1.33438
-1,1.33438,1,1.37813
-1,1.4,1,1.4
-1,1.37813,1,1.35625
-1,1.37813,1,1.4
-1,1.35625,1,1.4875
-1,1.35625,1,1.4875
-1,1.33438,1,1.46562
-1,1.37813,1,1.4
-1,1.4,1,1.53125
-1,1.55313,1,1.35625
-1,1.35625,1,1.55313
-1,1.33438,1,1.42188
-1,1.37813,1,1.44375
-1,1.35625,1,1.4
-1,1.37813,1,1.53125
-1,1.33438,1,1.4875
-1,1.35625,1,1.50937
-1,1.4875,1,1.35625
-1,1.44375,1,1.35625
-1,1.44375,1,1.37813
-1,1.44375,1,1.35625
-1,1.44375,1,1.44375
-1,1.4,1,1.50937
-1,1.33438,1,1.4
-1,1.35625,1,1.4
-1,1.53125,1,1.44375
-1,1.29062,1,1.53125
-1,1.225,1,1.35625
-1,1.3125,1,1.50937
-1,1.37813,1,1.50937
-1,1.37813,1,1.42188
-1,1.4875,1,1.42188
-1,1.37813,1,1.37813
-1,1.3125,1,1.42188
-1,1.4,1,1.4
-1,1.4,1,1.4
-1,1.4,1,1.4
-1,1.44375,1,1.4
-1,1.35625,1,1.37813
-1,1.4,1,1.4
-1,1.42188,1,1.4875
-1,1.42188,1,1.4
-1,1.42188,1,1.33438
-1,1.35625,1,1.4875
-1,1.37813,1,1.4
-1,1.575,1,1.37813
-1,1.46562,1,1.37813
-1,1.64062,1,1.37813
-1,1.42188,1,1.46562
-1,1.37813,1,1.50937
-1,1.35625,1,1.33438
-1,1.37813,1,1.4
-1,1.42188,1,1.4
-1,1.4,1,1.33438
-1,1.46562,1,1.4
-1,1.4,1,1.3125
-1,1.35625,1,1.4
-1,1.33438,1,1.35625
-1,1.35625,1,1.4
-1,1.33438,1,1.44375
-1,1.33438,1,1.4
-1,1.35625,1,1.37813
-1,1.35625,1,1.35625
-1,1.33438,1,1.35625
-1,1.3125,1,1.44375
-1,1.35625,1,1.4
-1,1.33438,1,1.44375
-1,1.33438,1,1.44375
-1,1.3125,1,1.42188
-1,1.35625,1,1.4
-1,1.35625,1,1.4
-1,1.35625,1,1.29062
-1,1.35625,1,1.42188
-1,1.42188,1,1.4
-1,1.3125,1,1.35625
-1,1.37813,1,1.37813
-1,1.37813,1,1.44375
-1,1.33438,1,1.44375
-1,1.33438,1,1.35625
-1,1.37813,1,1.33438
-1,1.4,1,1.37813
-1,1.37813,1,1.4
-1,1.44375,1,1.35625
-1,1.4,1,1.55313
-1,1.4,1,1.44375
-1,1.37813,1,1.55313
-1,1.42188,1,1.53125
-1,1.35625,1,1.35625
-1,1.42188,1,1.3125
-1,1.42188,1,1.35625
-1,1.46562,1,1.37813
-1,1.44375,1,1.50937
-1,1.42188,1,1.3125
-1,1.37813,1,1.35625
-1,1.42188,1,1.35625
-1,1.42188,1,1.33438
-1,1.42188,1,1.42188
-1,1.225,1,1.4
-1,1.42188,1,1.44375
-1,1.44375,1,1.35625
-1,1.37813,1,1.35625
-1,1.42188,1,1.35625
-1,1.4,1,1.4
-1,1.37813,1,1.4
-1,1.33438,1,1.37813
-1,1.4,1,1.24687
-1,1.4875,1,1.225
-1,1.4,1,1.37813
-1,1.33438,1,1.33438
-1,1.33438,1,1.4
-1,1.4,1,1.44375
-1,1.42188,1,1.35625
-1,1.35625,1,1.42188
-1,1.4,1,1.35625
-1,1.35625,1,1.37813
-1,1.35625,1,1.4
-1,1.29062,1,1.35625
-1,1.1375,1,1.33438
-1,1.42188,1,1.4
-1,1.42188,1,1.44375
-1,1.4,1,1.44375
-1,1.4,1,1.44375
-1,1.42188,1,1.4
-1,1.37813,1,1.33438
-1,1.42188,1,1.37813
-1,1.3125,1,1.37813
-1,1.37813,1,1.37813
-1,1.42188,1,1.35625
-1,1.4,1,1.37813
-1,1.4,1,1.42188
-1,1.35625,1,1.44375
-1,1.4875,1,1.42188
-1,1.35625,1,1.44375
-1,1.37813,1,1.44375
-1,1.59688,1,1.26875
-1,1.50937,1,1.37813
-1,1.4875,1,1.37813
-1,1.3125,1,1.3125
-1,1.37813,1,1.37813
-1,1.35625,1,1.35625
-1,1.37813,1,1.4875
-1,1.37813,1,1.4
-1,1.37813,1,1.4
-1,1.37813,1,1.33438
-1,1.37813,1,1.4
-1,1.26875,1,1.46562
-1,1.37813,1,1.4
-1,1.37813,1,1.35625
-1,1.37813,1,1.44375
-1,1.37813,1,1.44375
-1,1.35625,1,1.33438
-1,1.33438,1,1.53125
-1,1.37813,1,1.35625
-1,1.3125,1,1.42188
-1,1.35625,1,1.50937
-1,1.4,1,1.42188
-1,1.29062,1,1.33438
-1,1.35625,1,1.33438
-1,1.4,1,1.26875
-1,1.37813,1,1.42188
-1,1.37813,1,1.35625
-1,1.4,1,1.35625
-1,1.35625,1,1.35625
-1,1.37813,1,1.35625
-1,1.37813,1,1.44375
-1,1.4,1,1.37813
-1,1.33438,1,1.3125
-1,1.37813,1,1.4
-1,1.4,1,1.37813
-1,1.37813,1,1.4
-1,1.37813,1,1.46562
-1,1.4,1,1.4
-1,1.37813,1,1.4
-1,1.33438,1,1.37813
-1,1.4,1,1.37813
-1,1.26875,1,1.44375
-1,1.37813,1,1.35625
-1,1.26875,1,1.37813
-1,1.4,1,1.35625
-1,1.33438,1,1.4
-1,1.35625,1,1.35625
-1,1.4,1,1.35625
-1,1.37813,1,1.4
-1,1.44375,1,1.44375
-1,1.33438,1,1.44375
-1,1.35625,1,1.44375
-1,1.35625,1,1.46562
-1,1.33438,1,1.3125
-1,1.37813,1,1.37813
-1,1.37813,1,1.4
-1,1.35625,1,1.44375
-1,1.35625,1,1.4
-1,1.33438,1,1.4875
-1,1.37813,1,1.50937
-1,1.42188,1,1.35625
-1,1.37813,1,1.33438
-1,1.35625,1,1.37813
-1,1.37813,1,1.37813
-1,1.42188,1,1.37813
-1,1.29062,1,1.44375
-1,1.33438,1,1.53125
-1,1.4,1,1.37813
-1,1.42188,1,1.53125
-1,1.35625,1,1.4
-1,1.37813,1,1.4
-1,1.44375,1,1.4
-1,1.35625,1,1.4
-1,1.33438,1,1.37813
-1,1.37813,1,1.4
-1,1.37813,1,1.15938
-1,1.4,1,1.35625
-1,1.37813,1,1.44375
-1,1.4,1,1.42188
-1,1.37813,1,1.4
-1,1.4,1,1.37813
-1,1.33438,1,1.3125
-1,1.33438,1,1.37813
-1,1.37813,1,1.33438
-1,1.35625,1,1.4
-1,1.4,1,1.33438
-1,1.4,1,1.44375
-1,1.37813,1,1.575
-1,1.4,1,1.53125
-1,1.35625,1,1.4
-1,1.4,1,1.4
-1,1.37813,1,1.4
-1,1.4,1,1.53125
-1,1.37813,1,1.44375
-1,1.44375,1,1.35625
-1,1.4,1,1.50937
-1,1.35625,1,1.35625
-1,1.37813,1,1.4
-1,1.35625,1,1.44375
-1,1.35625,1,1.44375
-1,1.4,1,1.46562
-1,1.35625,1,1.35625
-1,1.4,1,1.35625
-1,1.35625,1,1.4
-1,1.35625,1,1.35625
-1,1.35625,1,1.4
-1,1.42188,1,1.4
-1,1.35625,1,1.35625
-1,1.4,1,1.4
-1,1.37813,1,1.35625
-1,1.37813,1,1.44375
-1,1.4,1,1.4
-1,1.42188,1,1.42188
-1,1.37813,1,1.42188
-1,1.35625,1,1.44375
-1,1.4,1,1.4
-1,1.44375,1,1.1375
-1,1.33438,1,1.4
-1,1.35625,1,1.4
-1,1.37813,1,1.35625
-1,1.37813,1,1.37813
-1,1.4,1,1.42188
-1,1.4,1,1.46562
-1,1.42188,1,1.44375
-1,1.37813,1,1.37813
-1,1.37813,1,1.37813
-1,1.37813,1,1.1375
-1,1.37813,1,1.50937
-1,1.35625,1,1.4
-1,1.35625,1,1.50937
-1,1.37813,1,1.37813
-1,1.37813,1,1.44375
-1,1.37813,1,1.44375
-1,1.4,1,1.4875
-1,1.42188,1,1.4
-1,1.37813,1,1.37813
-1,1.37813,1,1.44375
-1,1.4,1,1.35625
-1,1.3125,1,1.53125
-1,1.35625,1,1.4
-1,1.4,1,1.4
-1,1.42188,1,1.4
-1,1.35625,1,1.4
-1,1.37813,1,1.44375
-1,1.37813,1,1.35625
-1,1.33438,1,1.46562
-1,1.33438,1,1.50937
-1,1.33438,1,1.42188
-1,1.33438,1,1.35625
-1,1.4,1,1.37813
-1,1.4,1,1.4
-1,1.35625,1,1.4
-1,1.37813,1,1.4
-1,1.35625,1,1.4
-1,1.33438,1,1.44375
-1,1.4,1,1.37813
-1,1.35625,1,1.44375
-1,1.35625,1,1.44375
-1,1.35625,1,1.44375
-1,1.35625,1,1.35625
-1,1.37813,1,1.4
-1,1.37813,1,1.44375
-1,1.35625,1,1.4
-1,1.42188,1,1.4
-1,1.37813,1,1.4
-1,1.44375,1,1.37813
-1,1.33438,1,1.4875
-1,1.35625,1,1.44375
-1,1.33438,1,1.53125
-1,1.37813,1,1.53125
-1,1.33438,1,1.35625
-1,1.35625,1,1.3125
-1,1.35625,1,1.37813
-1,1.33438,1,1.37813
-1,1.33438,1,1.35625
-1,1.33438,1,1.4
-1,1.33438,1,1.50937
-1,1.37813,1,1.35625
-1,1.4,1,1.44375
-1,1.37813,1,1.44375
-1,1.42188,1,1.4875
-1,1.35625,1,1.35625
-1,1.33438,1,1.33438
-1,1.4,1,1.35625
-1,1.33438,1,1.44375
-1,1.35625,1,1.4
-1,1.33438,1,1.4
-1,1.37813,1,1.35625
-1,1.35625,1,1.44375
-1,1.37813,1,1.4
-1,1.4,1,1.44375
-1,1.33438,1,1.02812
-1,1.35625,1,1.33438
-1,1.37813,1,1.44375
-1,1.33438,1,1.4
-1,1.37813,1,1.4
-1,1.1375,1,1.3125
-1,1.37813,1,1.4
-1,1.37813,1,1.35625
-1,1.35625,1,1.4
-1,1.4,1,1.35625
-1,1.33438,1,1.50937
-1,1.33438,1,1.53125
-1,1.35625,1,1.4
-1,1.35625,1,1.50937
-1,1.37813,1,1.09375
-1,1.37813,1,1.44375
-1,1.37813,1,1.35625
-1,1.37813,1,1.37813
-1,1.42188,1,1.35625
-1,1.35625,1,1.3125
-1,1.33438,1,1.42188
-1,1.37813,1,1.4
-1,1.35625,1,1.42188
-1,1.33438,1,1.50937
-1,1.4,1,1.53125
-1,1.35625,1,1.44375
-1,1.37813,1,1.53125
-1,1.35625,1,1.35625
-1,1.33438,1,1.4
-1,1.50937,1,1.44375
-1,1.33438,1,1.4875
-1,1.46562,1,1.4
-1,1.4,1,1.4
-1,1.4,1,1.35625
-1,1.37813,1,1.09375
-1,1.4,1,1.4
-1,1.4,1,1.35625
-1,1.37813,1,1.4
-1,1.37813,1,1.35625
-1,1.33438,1,1.4
-1,1.37813,1,1.4
-1,1.37813,1,1.4
-1,1.4,1,1.4
-1,1.4,1,1.35625
-1,1.35625,1,1.37813
-1,1.35625,1,1.42188
-1,1.42188,1,1.53125
-1,1.35625,1,1.55313
-1,1.35625,1,1.53125
-1,1.35625,1,1.44375
-1,1.37813,1,1.55313
-1,1.35625,1,1.55313
-1,1.37813,1,1.42188
-1,1.37813,1,1.4
-1,1.35625,1,1.44375
-1,1.33438,1,1.50937
-1,1.37813,1,1.46562
-1,1.4,1,1.44375
-1,1.4,1,1.4
-1,1.4,1,1.53125
-1,1.37813,1,1.53125
-1,1.42188,1,1.4
-1,1.4,1,1.42188
-1,1.35625,1,1.35625
-1,1.3125,1,1.44375
-1,1.53125,1,1.4
-1,1.46562,1,1.4
-1,1.4,1,1.4
-1,1.35625,1,1.4
-1,1.44375,1,1.35625
-1,1.37813,1,1.37813
-1,1.33438,1,1.4
-1,1.4,1,1.35625
-1,1.35625,1,1.50937
-1,1.35625,1,1.4
-1,1.42188,1,1.4
-1,1.37813,1,1.35625
-1,1.35625,1,1.37813
-1,1.35625,1,1.4
-1,1.33438,1,1.37813
-1,1.37813,1,1.20312
-1,1.33438,1,1.53125
-1,1.37813,1,1.4
-1,1.26875,1,1.44375
-1,1.35625,1,1.53125
-1,1.35625,1,1.46562
-1,1.4,1,1.53125
-1,1.35625,1,1.44375
-1,1.35625,1,1.575
-1,1.35625,1,1.42188
-1,1.44375,1,1.44375
-1,1.35625,1,1.50937
-1,1.35625,1,1.53125
-1,1.4,1,1.42188
-1,1.37813,1,1.37813
-1,1.3125,1,1.35625
-1,1.37813,1,1.44375
-1,1.35625,1,1.44375
-1,1.35625,1,1.44375
-1,1.37813,1,1.44375
-1,1.26875,1,1.44375
-1,1.33438,1,1.4875
-1,1.3125,1,1.4
-1,1.42188,1,1.575
-1,1.35625,1,1.4875
-1,1.42188,1,1.4
-1,1.37813,1,1.225
-1,1.4,1,1.44375
-1,1.37813,1,1.35625
-1,1.35625,1,1.37813
-1,1.4,1,1.42188
-1,1.4,1,1.42188
-1,1.35625,1,1.55313
-1,1.26875,1,1.4875
-1,1.35625,1,1.46562
-1,1.37813,1,1.35625
-1,1.35625,1,1.42188
-1,1.37813,1,1.4875
-1,1.37813,1,1.46562
-1,1.35625,1,1.53125
-1,1.35625,1,1.50937
-1,1.35625,1,1.44375
-1,1.35625,1,1.53125
-1,1.37813,1,1.35625
-1,1.35625,1,1.46562
-1,1.37813,1,1.44375
-1,1.35625,1,1.53125
-1,1.42188,1,1.50937
-1,1.35625,1,1.53125
-1,1.42188,1,1.44375
-1,1.37813,1,1.46562
-1,1.35625,1,1.42188
-1,1.37813,1,1.50937
-1,1.33438,1,1.44375
-1,1.4,1,1.42188
-1,1.37813,1,1.4
-1,1.37813,1,1.50937
-1,1.35625,1,1.4875
-1,1.35625,1,1.53125
-1,1.35625,1,1.53125
-1,1.35625,1,1.55313
-1,1.35625,1,1.225
-1,1.4,1,1.44375
-1,1.35625,1,1.33438
-1,1.35625,1,1.37813
-1,1.37813,1,1.4
-1,1.4,1,1.35625
-1,1.35625,1,1.44375
-1,1.35625,1,1.42188
-1,1.33438,1,1.4
-1,1.37813,1,1.4
-1,1.37813,1,1.44375
-1,1.37813,1,1.44375
-1,1.35625,1,1.42188
-1,1.37813,1,1.42188
-1,1.37813,1,1.37813
-1,1.37813,1,1.44375
-1,1.37813,1,1.33438
-1,1.37813,1,1.4
-1,1.33438,1,1.33438
-1,1.35625,1,1.46562
-1,1.42188,1,1.37813
-1,1.35625,1,1.35625
-1,1.35625,1,1.3125
-1,1.35625,1,1.37813
-1,1.37813,1,1.42188
-1,1.37813,1,1.4
-1,1.3125,1,1.55313
-1,1.37813,1,1.46562
-1,1.37813,1,1.35625
-1,1.35625,1,1.35625
-1,1.37813,1,1.4
-1,1.37813,1,1.35625
-1,1.33438,1,1.35625
-1,1.42188,1,1.4
-1,1.37813,1,1.44375
-1,1.35625,1,1.4
-1,1.4,1,1.35625
-1,1.35625,1,1.4875
-1,1.37813,1,1.35625
-1,1.37813,1,1.4
-1,1.35625,1,1.4
-1,1.37813,1,1.4
-1,1.44375,1,1.44375
-1,1.37813,1,1.44375
-1,1.33438,1,1.4
-1,1.37813,1,1.35625
-1,1.46562,1,1.37813
-1,1.37813,1,1.4
-1,1.37813,1,1.35625
-1,1.35625,1,1.35625
-1,1.3125,1,1.4
-1,1.4,1,1.53125
-1,1.35625,1,1.50937
-1,1.4,1,1.50937
-1,1.37813,1,1.42188
-1,1.35625,1,1.55313
-1,1.42188,1,1.50937
-1,1.35625,1,1.53125
-1,1.37813,1,1.44375
-1,1.4,1,1.50937
-1,1.225,1,1.50937
-1,1.35625,1,1.4
-1,1.35625,1,1.35625
-1,1.225,1,1.44375
-1,1.35625,1,1.4
-1,1.42188,1,1.42188
-1,1.42188,1,1.42188
-1,1.33438,1,1.55313
-1,1.4,1,1.4875
-1,1.44375,1,1.50937
-1,1.4875,1,1.42188
-1,1.35625,1,1.4
-1,1.42188,1,1.50937
-1,1.37813,1,1.53125
-1,1.42188,1,1.44375
-1,1.42188,1,1.53125
-1,1.42188,1,1.53125
-1,1.53125,1,1.55313
-1,1.44375,1,1.50937
-1,1.46562,1,1.37813
-1,1.44375,1,1.55313
-1,1.4875,1,1.35625
-1,1.33438,1,1.35625
-1,1.33438,1,1.4
-1,1.4,1,1.42188
-1,1.4,1,1.50937
-1,1.4,1,1.4875
-1,1.4,1,1.4
-1,1.33438,1,1.4
-1,1.61875,1,1.37813
-1,1.46562,1,1.225
-1,1.35625,1,1.35625
-1,1.575,1,1.4
-1,1.3125,1,1.37813
-1,1.42188,1,1.44375
-1,1.4,1,1.37813
-1,1.53125,1,1.37813
-1,1.11563,1,1.35625
-1,1.42188,1,1.44375
-1,1.35625,1,1.55313
-1,1.42188,1,1.37813
-1,1.4,1,1.50937
-1,1.4,1,1.44375
-1,1.35625,1,1.53125
-1,1.35625,1,1.53125
-1,1.24687,1,1.53125
-1,1.4,1,1.4
-1,1.33438,1,1.44375
-1,1.33438,1,1.53125
-1,1.33438,1,1.44375
-1,1.33438,1,1.33438
-1,1.35625,1,1.50937
-1,1.33438,1,1.4875
-1,1.33438,1,1.46562
-1,1.33438,1,1.44375
-1,1.3125,1,1.44375
-1,1.37813,1,1.55313
-1,1.4,1,1.44375
-1,1.3125,1,1.575
-1,1.35625,1,1.33438
-1,1.44375,1,1.50937
-1,1.44375,1,1.4
-1,1.42188,1,1.35625
-1,1.42188,1,1.4875
-1,1.35625,1,1.4
-1,1.37813,1,1.4
-1,1.35625,1,1.53125
-1,1.42188,1,1.44375
-1,1.37813,1,1.44375
-1,1.35625,1,1.44375
-1,1.4,1,1.33438
-1,1.4,1,1.3125
-1,1.225,1,1.35625
-1,1.4,1,1.53125
-1,1.33438,1,1.4
-1,1.4,1,1.3125
-1,1.33438,1,1.42188
-1,1.35625,1,1.44375
-1,1.35625,1,1.46562
-1,1.44375,1,1.4
-1,1.42188,1,1.575
-1,1.35625,1,1.26875
-1,1.26875,1,1.37813
-1,1.59688,1,1.4
-1,1.46562,1,1.53125
-1,1.4875,1,1.4
-1,1.33438,1,1.44375
-1,1.3125,1,1.1375
-1,1.44375,1,1.42188
-1,1.42188,1,1.44375
-1,1.44375,1,1.35625
-1,1.3125,1,1.37813
-1,1.3125,1,1.4
-1,1.26875,1,1.44375
-1,1.35625,1,1.50937
-1,1.55313,1,1.44375
-1,1.225,1,1.50937
-1,1.42188,1,1.42188
-1,1.46562,1,1.4
-1,1.35625,1,1.4
-1,1.29062,1,1.35625
-1,1.33438,1,1.33438
-1,1.4,1,1.44375
-1,1.4,1,1.44375
-1,1.4,1,1.4875
-1,1.42188,1,1.35625
-1,1.4,1,1.44375
-1,1.42188,1,1.53125
-1,1.4,1,1.35625
-1,1.46562,1,1.3125
-1,1.42188,1,1.35625
-1,1.46562,1,1.4
-1,1.4,1,1.26875
-1,1.46562,1,1.44375
-1,1.44375,1,1.53125
-1,1.46562,1,1.53125
-1,1.35625,1,1.50937
-1,1.29062,1,1.33438
-1,1.35625,1,1.4
-1,1.42188,1,1.37813
-1,1.24687,1,1.44375
-1,1.35625,1,1.44375
-1,1.35625,1,1.53125
-1,1.46562,1,1.4
-1,1.44375,1,1.42188
-1,1.46562,1,1.44375
-1,1.4875,1,1.225
-1,1.4,1,1.33438
-1,1.46562,1,1.4
-1,1.42188,1,1.35625
-1,1.44375,1,1.35625
-1,0.875,1,1.4
-1,1.4,1,1.50937
-1,1.44375,1,1.4
-1,1.4,1,1.09375
-1,1.35625,1,1.4
-1,1.29062,1,1.4
-1,1.44375,1,1.61875
-1,1.44375,1,1.35625
-1,1.26875,1,1.37813
-1,1.46562,1,1.44375
-1,1.42188,1,1.4
-1,1.50937,1,1.4
-1,1.4875,1,1.4
-1,1.44375,1,1.4
-1,1.42188,1,1.42188
-1,1.46562,1,1.53125
-1,1.4875,1,1.4875
-1,1.4,1,1.33438
-1,1.46562,1,1.53125
-1,1.44375,1,1.53125
-1,1.4,1,1.4
-1,1.44375,1,1.33438
-1,1.42188,1,1.46562
-1,1.33438,1,1.4875
-1,1.59688,1,1.50937
-1,1.33438,1,1.44375
-1,1.42188,1,1.37813
-1,1.4,1,1.4
-1,1.29062,1,1.4
-1,1.50937,1,1.4
-1,1.29062,1,1.33438
-1,1.3125,1,1.35625
-1,1.3125,1,1.35625
-1,1.33438,1,1.4
-1,1.37813,1,1.4
-1,1.3125,1,1.35625
-1,1.35625,1,1.4
-1,1.33438,1,1.55313
-1,1.33438,1,1.53125
-1,1.33438,1,1.4
-1,1.4875,1,1.53125
-1,1.46562,1,1.3125
-1,1.37813,1,1.4
-1,1.35625,1,1.4
-1,1.37813,1,1.4
-1,1.4,1,1.42188
-1,1.50937,1,1.37813
-1,1.35625,1,1.44375
-1,1.42188,1,1.42188
-1,1.37813,1,1.53125
-1,1.37813,1,1.55313
-1,1.37813,1,1.50937
-1,1.37813,1,1.53125
-1,1.46562,1,1.42188
-1,1.4,1,1.4875
-1,1.4,1,1.55313
-1,1.26875,1,1.53125
-1,1.35625,1,1.4875
-1,1.37813,1,1.4
-1,1.4,1,1.53125
-1,1.44375,1,1.35625
-1,1.4,1,1.42188
-1,1.33438,1,1.4875
-1,1.37813,1,1.4
-1,1.29062,1,1.50937
-1,1.3125,1,1.3125
-1,1.35625,1,1.44375
-1,1.33438,1,1.4875
-1,1.37813,1,1.53125
-1,1.33438,1,1.53125
-1,1.35625,1,1.42188
-1,1.3125,1,1.42188
-1,1.35625,1,1.35625
-1,1.3125,1,1.50937
-1,1.33438,1,1.53125
-1,1.3125,1,1.4
-1,1.29062,1,1.44375
-1,1.26875,1,1.35625
-1,1.37813,1,1.53125
-1,1.35625,1,1.53125
-1,1.35625,1,1.50937
-1,1.37813,1,1.4
-1,1.46562,1,1.4
-1,1.33438,1,1.35625
-1,1.50937,1,1.35625
-1,1.55313,1,1.4
-1,1.4875,1,1.4
-1,1.4,1,1.4
-1,1.42188,1,1.37813
-1,1.46562,1,1.26875
-1,1.37813,1,1.35625
-1,1.4,1,1.42188
-1,1.3125,1,1.35625
-1,1.42188,1,1.44375
-1,1.35625,1,1.42188
-1,1.37813,1,1.44375
-1,1.33438,1,1.4
-1,1.33438,1,1.42188
-1,1.35625,1,1.50937
-1,1.37813,1,1.42188
-1,1.33438,1,1.42188
-1,1.33438,1,1.26875
-1,1.33438,1,1.4875
-1,1.35625,1,1.50937
-1,1.33438,1,1.53125
-1,1.3125,1,1.35625
-1,1.29062,1,1.35625
-1,1.3125,1,1.50937
-1,1.3125,1,1.26875
-1,1.3125,1,1.35625
-1,1.33438,1,1.50937
-1,1.3125,1,1.33438
-1,1.33438,1,1.4875
-1,1.3125,1,1.4
-1,1.3125,1,1.35625
-1,1.33438,1,1.53125
-1,1.29062,1,1.44375
-1,1.35625,1,1.44375
-1,1.29062,1,1.4
-1,1.33438,1,1.3125
-1,1.33438,1,1.42188
-1,1.33438,1,1.37813
-1,1.33438,1,1.44375
-1,1.33438,1,1.26875
-1,1.33438,1,1.4875
-1,1.35625,1,1.50937
-1,1.35625,1,1.4875
-1,1.35625,1,1.53125
-1,1.37813,1,1.44375
-1,1.37813,1,1.4875
-1,1.37813,1,1.44375
-1,1.4,1,1.53125
-1,1.35625,1,1.55313
-1,1.37813,1,1.42188
-1,1.35625,1,1.55313
-1,1.42188,1,1.50937
-1,1.37813,1,1.53125
-1,1.37813,1,1.44375
-1,1.37813,1,1.44375
-1,1.3125,1,1.53125
-1,1.3125,1,1.53125
-1,1.35625,1,1.4
-1,1.37813,1,1.44375
-1,1.4,1,1.50937
-1,1.37813,1,1.44375
-1,1.37813,1,1.4875
-1,1.35625,1,1.44375
-1,1.37813,1,1.4
-1,1.37813,1,1.46562
-1,1.3125,1,1.50937
-1,1.33438,1,1.4875
-1,1.3125,1,1.24687
-1,1.33438,1,1.4875
-1,1.35625,1,1.53125
-1,1.35625,1,1.50937
-1,1.3125,1,1.18125
-1,1.37813,1,1.4
-1,1.35625,1,1.35625
-1,1.35625,1,1.53125
-1,1.35625,1,1.42188
-1,1.33438,1,1.4875
-1,1.42188,1,1.575
-1,1.44375,1,1.50937
-1,1.35625,1,1.50937
-1,1.4,1,1.44375
-1,1.37813,1,1.4
-1,1.4,1,1.50937
-1,1.37813,1,1.46562
-1,1.4,1,1.35625
-1,1.37813,1,1.44375
-1,1.35625,1,1.53125
-1,1.4,1,1.4875
-1,1.35625,1,1.26875
-1,1.33438,1,1.33438
-1,1.4,1,1.35625
-1,1.37813,1,1.35625
-1,1.35625,1,1.4
-1,1.37813,1,1.4
-1,1.3125,1,1.35625
-1,1.33438,1,1.37813
-1,1.33438,1,1.35625
-1,1.35625,1,1.35625
-1,1.33438,1,1.4
-1,1.37813,1,1.35625
-1,1.33438,1,1.35625
-1,1.33438,1,1.26875
-1,1.24687,1,1.4
-1,1.33438,1,1.50937
-1,1.33438,1,1.4875
-1,1.29062,1,1.4875
-1,1.29062,1,1.4875
-1,1.29062,1,1.4875
-1,1.29062,1,1.4875
-1,1.26875,1,1.50937
-1,1.35625,1,1.44375
-1,1.3125,1,1.50937
-1,1.33438,1,1.50937
-1,1.35625,1,1.50937
-1,1.35625,1,1.50937
-1,1.35625,1,1.4875
-1,1.35625,1,1.46562
-1,1.35625,1,1.50937
-1,1.33438,1,1.50937
-1,1.35625,1,1.4875
-1,1.37813,1,1.46562
-1,1.37813,1,1.4
-1,1.4,1,1.50937
-1,1.35625,1,1.50937
-1,1.37813,1,1.33438
-1,1.35625,1,1.4875
-1,1.4,1,1.33438
-1,1.35625,1,1.50937
-1,1.4875,1,1.46562
-1,1.37813,1,1.35625
-1,1.33438,1,1.3125
-1,1.35625,1,1.3125
-1,1.33438,1,1.3125
-1,1.42188,1,1.42188
-1,1.4875,1,1.50937
-1,1.35625,1,1.4875
-1,1.35625,1,1.50937
-1,1.37813,1,1.26875
-1,1.35625,1,1.37813
-1,1.33438,1,1.4
-1,1.3125,1,1.4
-1,1.3125,1,1.35625
-1,1.37813,1,1.4
-1,1.33438,1,1.35625
-1,1.33438,1,1.35625
-1,1.35625,1,1.53125
-1,1.33438,1,1.53125
-1,1.33438,1,1.35625
-1,1.33438,1,1.4
-1,1.3125,1,1.3125
-1,1.3125,1,1.53125
-1,1.37813,1,1.44375
-1,1.33438,1,1.20312
-1,1.33438,1,1.50937
-1,1.3125,1,1.4875
-1,1.33438,1,1.35625
-1,1.3125,1,1.44375
-1,1.29062,1,1.46562
-1,1.29062,1,1.4875
-1,1.3125,1,1.4875
-1,1.3125,1,1.46562
-1,1.29062,1,1.46562
-1,1.3125,1,1.50937
-1,1.37813,1,1.4875
-1,1.42188,1,1.4875
-1,1.4,1,1.33438
-1,1.42188,1,1.50937
-1,1.44375,1,1.3125
-1,1.44375,1,1.3125
-1,1.42188,1,1.53125
-1,1.42188,1,1.50937
-1,1.4875,1,1.50937
-1,1.42188,1,1.44375
-1,1.4875,1,1.18125
-1,1.4,1,1.53125
-1,1.44375,1,1.53125
-1,1.46562,1,1.26875
-1,1.50937,1,1.4
-1,1.4875,1,1.4
-1,1.44375,1,1.33438
-1,1.44375,1,1.15938
-1,1.44375,1,1.33438
-1,1.44375,1,1.35625
-1,1.44375,1,1.35625
-1,1.37813,1,1.50937
-1,1.44375,1,1.35625
-1,1.4875,1,1.4
-1,1.46562,1,1.4
-1,1.44375,1,1.4
-1,1.42188,1,1.35625
-1,1.46562,1,1.4
-1,1.35625,1,1.35625
-1,1.46562,1,1.35625
-1,1.46562,1,1.4
-1,1.44375,1,1.225
-1,1.44375,1,1.35625
-1,1.44375,1,1.4
-1,1.44375,1,1.35625
-1,1.42188,1,1.4
-1,1.42188,1,1.50937
-1,1.44375,1,1.24687
-1,1.42188,1,1.26875
-1,1.42188,1,1.50937
-1,1.46562,1,1.50937
-1,1.4,1,1.26875
-1,1.42188,1,1.44375
-1,1.44375,1,1.3125
-1,1.42188,1,1.53125
-1,1.44375,1,1.35625
-1,1.44375,1,1.53125
-1,1.3125,1,1.4
-1,1.29062,1,1.61875
-1,1.33438,1,1.50937
-1,1.29062,1,1.4875
-1,1.3125,1,1.24687
-1,1.3125,1,1.4
-1,1.33438,1,1.3125
-1,1.33438,1,1.225
-1,1.3125,1,1.29062
-1,1.33438,1,1.26875
-1,1.35625,1,1.225
-1,1.3125,1,1.26875
-1,1.24687,1,1.24687
-1,1.37813,1,1.42188
-1,1.35625,1,1.33438
-1,1.35625,1,1.50937
-1,1.35625,1,1.33438
-1,1.37813,1,1.4
-1,1.35625,1,1.4875
-1,1.35625,1,1.24687
-1,1.37813,1,1.35625
-1,1.37813,1,1.35625
-1,1.42188,1,1.53125
-1,1.35625,1,1.53125
-1,1.3125,1,1.26875
-1,1.42188,1,1.50937
-1,1.37813,1,1.4
-1,1.4,1,1.35625
-1,1.35625,1,1.35625
-1,1.33438,1,1.35625
-1,1.33438,1,1.35625
-1,1.33438,1,1.35625
-1,1.29062,1,1.35625
-1,1.3125,1,1.225
-1,1.3125,1,1.33438
-1,1.53125,1,1.4
-1,1.46562,1,1.44375
-1,1.33438,1,1.18125
-1,1.3125,1,1.4
-1,1.26875,1,1.33438
-1,1.35625,1,1.18125
-1,1.35625,1,1.4875
-1,1.37813,1,1.18125
-1,1.37813,1,1.225
-1,1.29062,1,1.4
-1,1.42188,1,1.42188
-1,1.3125,1,1.53125
-1,1.37813,1,1.29062
-1,1.35625,1,1.3125
-1,1.4,1,1.37813
-1,1.4,1,1.4
-1,1.37813,1,1.42188
-1,1.37813,1,1.35625
-1,1.37813,1,1.4
-1,1.33438,1,1.4
-1,1.44375,1,1.4875
-1,1.37813,1,1.575
-1,1.35625,1,1.46562
-1,1.37813,1,1.4
-1,1.37813,1,1.42188
-1,1.33438,1,1.44375
-1,1.3125,1,1.46562
-1,1.37813,1,1.3125
-1,1.35625,1,1.46562
-1,1.35625,1,1.46562
-1,1.37813,1,1.225
-1,1.3125,1,1.18125
-1,1.42188,1,1.225
-1,1.4,1,1.3125
-1,1.37813,1,1.33438
-1,1.37813,1,1.3125
-1,1.3125,1,1.24687
-1,1.37813,1,1.44375
-1,1.35625,1,1.26875
-1,1.35625,1,1.4
-1,1.35625,1,1.3125
-1,1.4,1,1.225
-1,1.3125,1,1.225
-1,1.35625,1,1.33438
-1,1.26875,1,1.53125
-1,1.3125,1,1.35625
-1,1.35625,1,1.4875
-1,1.35625,1,1.50937
-1,1.35625,1,1.53125
-1,1.35625,1,1.4875
-1,1.33438,1,1.26875
-1,1.37813,1,1.46562
-1,1.3125,1,1.53125
-1,1.35625,1,1.44375
-1,1.35625,1,1.61875
-1,1.35625,1,1.50937
-1,1.35625,1,1.46562
-1,1.35625,1,1.50937
-1,1.35625,1,1.4
-1,1.33438,1,1.26875
-1,1.3125,1,1.3125
-1,1.37813,1,1.4875
-1,1.37813,1,1.50937
-1,1.35625,1,1.3125
-1,1.35625,1,1.4
-1,1.37813,1,1.44375
-1,1.37813,1,1.35625
-1,1.37813,1,1.35625
-1,1.35625,1,1.50937
-1,1.37813,1,1.4875
-1,1.3125,1,1.44375
-1,1.37813,1,1.35625
-1,1.3125,1,1.35625
-1,1.29062,1,1.53125
-1,1.37813,1,1.44375
-1,1.4,1,1.44375
-1,1.37813,1,1.18125
-1,1.4,1,1.4875
-1,1.4,1,1.3125
-1,1.29062,1,1.4
-1,1.4,1,1.3125
-1,1.4,1,1.37813
-1,1.37813,1,1.53125
-1,1.37813,1,1.24687
-1,1.4,1,1.18125
-1,1.44375,1,1.4
-1,1.4,1,1.35625
-1,1.4,1,1.35625
-1,1.4,1,1.35625
-1,1.3125,1,1.37813
-1,1.35625,1,1.33438
-1,1.37813,1,1.35625
-1,1.4,1,1.4
-1,1.42188,1,1.35625
-1,1.35625,1,1.4
-1,1.4,1,1.26875
-1,1.33438,1,1.4875
-1,1.4,1,1.42188
-1,1.35625,1,1.33438
-1,1.37813,1,1.05
-1,1.44375,1,1.50937
-1,1.35625,1,1.29062
-1,1.33438,1,1.35625
-1,1.35625,1,1.4
-1,1.26875,1,1.4875
-1,1.35625,1,1.42188
-1,1.29062,1,1.3125
-1,1.35625,1,1.4
-1,1.4,1,1.26875
-1,1.37813,1,1.35625
-1,1.37813,1,1.33438
-1,1.37813,1,1.3125
-1,1.37813,1,1.3125
-1,1.4,1,1.42188
-1,1.3125,1,1.33438
-1,1.575,1,1.33438
-1,1.44375,1,1.35625
-1,1.07187,1,1.4
-1,1.4,1,1.50937
-1,1.29062,1,1.33438
-1,1.4,1,1.55313
-1,1.4,1,1.24687
-1,1.33438,1,1.24687
-1,1.4,1,1.44375
-1,1.26875,1,1.35625
-1,1.44375,1,1.37813
-1,1.35625,1,1.35625
-1,1.29062,1,1.3125
-1,1.29062,1,1.4
-1,1.42188,1,1.4
-1,1.35625,1,1.53125
-1,1.35625,1,1.4
-1,1.37813,1,1.37813
-1,1.3125,1,1.35625
-1,1.33438,1,1.37813
-1,1.37813,1,1.4875
-1,1.4,1,1.35625
-1,1.46562,1,1.35625
-1,1.37813,1,1.35625
-1,1.35625,1,1.3125
-1,1.4,1,1.35625
-1,1.35625,1,1.3125
-1,1.4,1,1.4
-1,1.4,1,1.35625
-1,1.35625,1,1.4875
-1,1.35625,1,1.35625
-1,1.37813,1,1.4
-1,1.37813,1,1.4
-1,1.4,1,1.50937
-1,1.4,1,1.4875
-1,1.37813,1,1.3125
-1,1.37813,1,1.18125
-1,1.37813,1,1.225
-1,1.42188,1,1.33438
-1,1.4,1,1.225
-1,1.42188,1,1.44375
-1,1.3125,1,1.4875
-1,1.33438,1,1.02812
-1,1.07187,1,1.26875
-1,1.46562,1,1.07187
-1,1.42188,1,1.35625
-1,1.44375,1,1.1375
-1,1.44375,1,1.24687
-1,1.4,1,1.35625
-1,1.44375,1,1.1375
-1,1.50937,1,1.33438
-1,1.55313,1,1.18125
-1,1.4875,1,1.4
-1,1.6625,1,1.26875
-1,1.35625,1,1.35625
-1,1.4875,1,1.35625
-1,1.35625,1,1.33438
-1,1.33438,1,1.4
-1,1.33438,1,1.4
-1,1.42188,1,1.35625
-1,1.33438,1,1.55313
-1,1.26875,1,1.26875
-1,1.24687,1,1.44375
-1,1.42188,1,1.4
-1,1.33438,1,1.4
-1,1.29062,1,1.4
-1,1.3125,1,1.35625
-1,1.29062,1,1.37813
-1,1.55313,1,1.4
-1,1.35625,1,1.4
-1,1.46562,1,1.4
-1,1.35625,1,1.4
-1,1.35625,1,1.4
-1,1.07187,1,1.4
-1,1.37813,1,1.53125
-1,1.37813,1,1.42188
-1,0.896875,1,1.4
-1,1.33438,1,1.44375
-1,1.33438,1,1.4
-1,1.44375,1,1.4875
-1,1.42188,1,1.50937
-1,1.4,1,1.35625
-1,1.4,1,1.4
-1,1.3125,1,1.42188
-1,1.29062,1,1.35625
-1,1.3125,1,1.42188
-1,1.29062,1,1.33438
-1,1.3125,1,1.4875
-1,1.26875,1,1.4
-1,1.225,1,1.4
-1,1.11563,1,1.42188
-1,1.3125,1,1.4
-1,1.26875,1,1.3125
-1,1.3125,1,1.37813
-1,1.33438,1,1.3125
-1,1.4,1,1.53125
-1,1.35625,1,1.35625
-1,1.4,1,1.575
-1,1.37813,1,1.33438
-1,1.07187,1,1.4
-1,1.37813,1,1.35625
-1,1.64062,1,1.4
-1,1.37813,1,1.3125
-1,1.42188,1,1.4
-1,1.4875,1,1.225
-1,1.3125,1,1.4
-1,1.44375,1,1.44375
-1,1.35625,1,1.35625
-1,1.33438,1,1.4
-1,1.46562,1,1.35625
-1,1.26875,1,1.35625
-1,1.37813,1,1.35625
-1,1.4875,1,1.3125
-1,1.37813,1,1.4
-1,1.61875,1,1.575
-1,1.6625,1,1.35625
-1,1.46562,1,1.3125
-1,1.44375,1,1.35625
-1,1.3125,1,1.35625
-1,1.42188,1,1.53125
-1,1.33438,1,1.4
-1,1.53125,1,1.15938
-1,1.37813,1,1.4
-1,1.61875,1,1.3125
-1,1.53125,1,1.26875
-1,1.46562,1,1.4875
-1,1.44375,1,1.35625
-1,1.4,1,1.4875
-1,1.37813,1,1.35625
-1,1.35625,1,1.4
-1,1.35625,1,1.37813
-1,1.3125,1,1.33438
-1,1.3125,1,1.225
-1,1.33438,1,1.225
-1,1.33438,1,1.4
-1,1.33438,1,1.26875
-1,1.35625,1,1.3125
-1,1.35625,1,1.33438
-1,1.37813,1,1.44375
-1,1.37813,1,1.42188
-1,1.53125,1,1.35625
-1,1.42188,1,1.4
-1,1.42188,1,1.4
-1,1.4,1,1.3125
-1,1.4,1,1.4
-1,1.35625,1,1.35625
-1,1.61875,1,1.4
-1,1.46562,1,1.37813
-1,1.37813,1,1.33438
-1,1.33438,1,1.33438
-1,1.4,1,1.44375
-1,1.42188,1,1.4
-1,1.55313,1,1.3125
-1,1.4,1,1.33438
-1,1.42188,1,1.50937
-1,1.37813,1,1.44375
-1,1.37813,1,1.55313
-1,1.35625,1,1.3125
-1,1.37813,1,1.55313
-1,1.4,1,1.37813
-1,1.35625,1,1.35625
-1,1.61875,1,1.4
-1,1.35625,1,1.4
-1,1.4,1,1.53125
-1,1.35625,1,1.3125
-1,1.59688,1,1.3125
-1,1.29062,1,1.44375
-1,1.42188,1,1.4
-1,1.4,1,1.37813
-1,0.984375,1,1.4
-1,1.42188,1,1.35625
-1,1.37813,1,1.15938
-1,1.4,1,1.4875
-1,1.4,1,1.50937
-1,1.24687,1,1.4
-1,1.4,1,1.44375
-1,1.33438,1,1.37813
-1,1.225,1,1.37813
-1,1.50937,1,1.4
-1,1.35625,1,1.4
-1,1.33438,1,1.4
-1,1.35625,1,1.50937
-1,1.33438,1,1.53125
-1,1.37813,1,1.4
-1,1.35625,1,1.26875
-1,1.33438,1,1.1375
-1,1.37813,1,1.44375
-1,1.46562,1,1.55313
-1,1.29062,1,1.35625
-1,1.46562,1,1.35625
-1,1.4,1,1.35625
-1,1.35625,1,1.4
-1,1.37813,1,1.50937
-1,1.37813,1,1.42188
-1,1.50937,1,1.35625
-1,1.4,1,1.35625
-1,1.29062,1,1.35625
-1,1.37813,1,1.33438
-1,1.35625,1,1.4
-1,1.55313,1,1.33438
-1,1.44375,1,1.18125
-1,1.42188,1,1.18125
-1,1.44375,1,1.35625
-1,1.44375,1,1.33438
-1,1.4,1,1.35625
-1,1.46562,1,1.50937
-1,1.37813,1,1.4
-1,1.4,1,1.55313
-1,1.35625,1,1.26875
-1,1.29062,1,1.35625
-1,1.4,1,1.4
-1,1.37813,1,1.35625
-1,1.42188,1,1.33438
-1,1.44375,1,1.3125
-1,1.42188,1,1.4
-1,1.37813,1,1.4
-1,1.4,1,1.225
-1,1.4,1,1.24687
-1,1.37813,1,1.37813
-1,1.33438,1,1.26875
-1,1.33438,1,1.4875
-1,1.59688,1,1.35625
-1,1.37813,1,1.37813
-1,1.4,1,1.4
-1,1.46562,1,1.4
-1,1.35625,1,1.07187
-1,1.3125,1,1.50937
-1,1.3125,1,1.4
-1,1.3125,1,1.35625
-1,1.35625,1,1.18125
-1,0.875,1,1.3125
-1,1.4,1,1.11563
-1,1.24687,1,1.4875
-1,1.42188,1,1.44375
-1,1.44375,1,1.4
-1,1.42188,1,1.225
-1,1.42188,1,1.4
-1,1.33438,1,1.33438
-1,1.29062,1,1.35625
-1,1.35625,1,1.1375
-1,1.44375,1,1.15938
-1,1.35625,1,1.15938
-1,1.46562,1,1.50937
-1,1.44375,1,1.3125
-1,1.4,1,1.55313
-1,1.42188,1,1.53125
-1,1.50937,1,1.35625
-1,1.37813,1,1.4
-1,1.44375,1,1.18125
-1,1.44375,1,1.50937
-1,1.37813,1,1.18125
-1,1.37813,1,1.4
-1,1.33438,1,1.35625
-1,1.26875,1,1.42188
-1,1.4875,1,1.33438
-1,1.46562,1,1.3125
-1,1.46562,1,1.18125
-1,1.44375,1,1.18125
-1,1.44375,1,1.35625
-1,1.4,1,1.35625
-1,1.29062,1,1.4
-1,1.24687,1,1.37813
-1,1.29062,1,1.3125
-1,1.3125,1,1.3125
-1,1.33438,1,1.4
-1,1.35625,1,1.1375
-1,1.35625,1,1.4875
-1,1.33438,1,1.4
-1,1.42188,1,1.4
-1,1.35625,1,1.3125
-1,1.37813,1,1.44375
-1,1.33438,1,1.46562
-1,1.33438,1,1.4
-1,1.33438,1,1.42188
-1,1.33438,1,1.26875
-1,1.3125,1,1.26875
-1,1.35625,1,1.50937
-1,1.42188,1,1.33438
-1,1.35625,1,1.4
-1,1.44375,1,1.4
-1,1.33438,1,1.35625
-1,1.4,1,1.26875
-1,1.00625,1,1.37813
-1,1.37813,1,1.3125
-1,1.37813,1,1.33438
-1,1.42188,1,1.42188
-1,1.37813,1,1.35625
-1,1.50937,1,1.4
-1,1.37813,1,1.35625
-1,1.42188,1,1.44375
-1,1.44375,1,1.26875
-1,1.4,1,1.37813
-1,1.4,1,1.37813
-1,1.35625,1,1.4875
-1,1.33438,1,1.26875
-1,1.29062,1,1.07187
-1,1.35625,1,1.4
-1,1.44375,1,1.225
-1,1.3125,1,1.4
-1,1.50937,1,1.4
-1,1.35625,1,1.55313
-1,1.3125,1,1.4
-1,1.44375,1,1.4875
-1,1.42188,1,1.3125
-1,1.44375,1,1.4
-1,1.35625,1,1.35625
-1,1.37813,1,1.3125
-1,1.33438,1,1.35625
-1,1.55313,1,1.07187
-1,1.37813,1,1.3125
-1,1.4,1,1.35625
-1,1.46562,1,1.37813
-1,1.37813,1,1.37813
-1,1.37813,1,1.18125
-1,1.42188,1,1.3125
-1,1.59688,1,1.42188
-1,1.44375,1,1.42188
-1,1.53125,1,1.37813
-1,1.37813,1,1.55313
-1,1.37813,1,1.35625
-1,1.42188,1,1.4
-1,1.35625,1,1.18125
-1,1.53125,1,1.50937
-1,1.33438,1,1.35625
-1,1.26875,1,1.3125
-1,1.26875,1,1.3125
-1,1.35625,1,1.42188
-1,1.29062,1,1.225
-1,1.37813,1,1.37813
-1,1.29062,1,1.33438
-1,1.33438,1,1.35625
-1,1.3125,1,1.4
-1,1.33438,1,1.1375
-1,1.33438,1,1.26875
-1,1.35625,1,1.3125
-1,1.35625,1,1.4
-1,1.42188,1,1.4
-1,1.3125,1,1.35625
-1,1.24687,1,1.35625
-1,1.4,1,1.44375
-1,1.37813,1,1.24687
-1,1.4,1,1.50937
-1,1.42188,1,1.07187
-1,1.42188,1,1.15938
-1,1.42188,1,1.42188
-1,1.42188,1,1.3125
-1,1.33438,1,1.33438
-1,1.55313,1,1.37813
-1,1.44375,1,1.33438
-1,1.4,1,1.15938
-1,1.37813,1,1.33438
-1,1.4,1,1.33438
-1,1.37813,1,1.18125
-1,1.44375,1,1.3125
-1,1.33438,1,1.18125
-1,1.35625,1,1.3125
-1,1.35625,1,1.4
-1,1.26875,1,1.37813
-1,1.33438,1,1.3125
-1,1.53125,1,1.4
-1,1.42188,1,1.4
-1,1.4,1,1.29062
-1,1.37813,1,1.42188
-1,1.44375,1,1.20312
-1,1.4,1,1.3125
-1,1.4875,1,1.3125
-1,1.42188,1,1.26875
-1,1.4,1,1.4875
-1,1.37813,1,1.11563
-1,1.4,1,1.44375
-1,1.37813,1,1.35625
-1,1.35625,1,1.3125
-1,1.35625,1,1.53125
-1,1.3125,1,1.1375
-1,1.37813,1,1.11563
-1,1.37813,1,1.4
-1,1.35625,1,1.225
-1,1.29062,1,1.26875
-1,1.37813,1,1.42188
-1,1.26875,1,1.35625
-1,1.3125,1,1.4
-1,1.35625,1,1.33438
-1,1.3125,1,1.4
-1,1.35625,1,1.4875
-1,1.37813,1,1.4
-1,1.37813,1,1.3125
-1,1.35625,1,1.44375
-1,1.35625,1,1.00625
-1,1.42188,1,1.07187
-1,1.4,1,1.18125
-1,1.42188,1,1.05
-1,1.42188,1,1.225
-1,1.4,1,1.1375
-1,1.33438,1,1.3125
-1,1.35625,1,1.07187
-1,1.4,1,1.50937
-1,1.4,1,1.24687
-1,1.4,1,1.50937
-1,1.42188,1,1.53125
-1,1.3125,1,1.35625
-1,1.35625,1,1.35625
-1,1.4,1,1.55313
-1,1.50937,1,1.35625
-1,1.18125,1,1.35625
-1,1.35625,1,1.225
-1,1.4,1,1.07187
-1,1.53125,1,1.4875
-1,1.26875,1,1.33438
-1,1.44375,1,1.44375
-1,1.37813,1,1.33438
-1,1.33438,1,1.3125
-1,1.29062,1,1.35625
-1,1.42188,1,1.37813
-1,1.44375,1,1.18125
-1,1.50937,1,1.35625
-1,1.46562,1,1.09375
-1,1.46562,1,1.09375
-1,1.4,1,1.37813
-1,1.33438,1,1.35625
-1,1.4,1,1.4
-1,1.46562,1,1.3125
-1,1.46562,1,1.09375
-1,1.46562,1,1.15938
-1,1.44375,1,1.20312
-1,1.42188,1,1.35625
-1,1.33438,1,1.4875
-1,1.29062,1,1.20312
-1,1.33438,1,1.3125
-1,1.3125,1,1.05
-1,1.3125,1,1.37813
-1,1.4875,1,1.35625
-1,1.37813,1,1.37813
-1,1.15938,1,1.35625
-1,1.35625,1,1.3125
-1,1.44375,1,1.09375
-1,1.50937,1,1.20312
-1,1.4,1,1.3125
-1,1.37813,1,1.3125
-1,1.18125,1,1.35625
-1,1.37813,1,1.1375
-1,1.29062,1,1.35625
-1,1.42188,1,1.09375
-1,1.46562,1,1.05
-1,1.4,1,1.15938
-1,1.4,1,1.37813
-1,1.37813,1,1.35625
-1,1.4,1,1.35625
-1,1.44375,1,1.44375
-1,1.42188,1,1.35625
-1,1.3125,1,1.3125
-1,1.33438,1,1.37813
-1,0.984375,1,1.35625
-1,1.29062,1,1.33438
-1,1.35625,1,1.225
-1,1.24687,1,1.225
-1,1.4,1,1.37813
-1,1.46562,1,1.35625
-1,1.4875,1,1.4
-1,1.37813,1,1.35625
-1,1.3125,1,1.33438
-1,1.35625,1,1.35625
-1,1.37813,1,1.35625
-1,1.44375,1,1.575
-1,1.33438,1,1.18125
-1,1.4,1,1.18125
-1,1.35625,1,1.26875
-1,1.33438,1,1.05
-1,1.29062,1,1.15938
-1,1.3125,1,1.37813
-1,1.33438,1,1.26875
-1,1.35625,1,1.26875
-1,1.33438,1,1.07187
-1,1.35625,1,1.15938
-1,1.37813,1,1.05
-1,1.4,1,1.50937
-1,1.33438,1,1.20312
-1,1.37813,1,1.37813
-1,1.55313,1,1.37813
-1,1.50937,1,1.42188
-1,1.18125,1,1.37813
-1,1.35625,1,1.33438
-1,1.37813,1,1.33438
-1,1.44375,1,1.3125
-1,1.37813,1,1.1375
-1,1.4,1,1.33438
-1,1.42188,1,1.26875
-1,1.35625,1,1.33438
-1,1.575,1,1.4
-1,0.91875,1,1.50937
-1,1.4,1,1.44375
-1,1.35625,1,1.35625
-1,1.37813,1,1.18125
-1,1.4,1,1.225
-1,1.4,1,1.225
-1,1.35625,1,1.35625
-1,1.50937,1,1.35625
-1,1.46562,1,1.35625
-1,1.4,1,1.33438
-1,1.53125,1,1.35625
-1,1.35625,1,1.3125
-1,1.37813,1,1.37813
-1,1.42188,1,1.1375
-1,1.35625,1,1.37813
-1,1.4,1,1.50937
-1,1.35625,1,1.3125
-1,1.37813,1,1.53125
-1,1.42188,1,1.33438
-1,1.4,1,1.33438
-1,1.37813,1,1.53125
-1,1.42188,1,1.4875
-1,1.575,1,1.4
-1,1.02812,1,1.33438
-1,1.6625,1,1.35625
-1,1.33438,1,1.35625
-1,1.44375,1,1.26875
-1,1.42188,1,1.225
-1,1.26875,1,1.4
-1,0.91875,1,1.15938
-1,1.35625,1,1.37813
-1,1.3125,1,1.07187
-1,1.50937,1,1.4
-1,1.42188,1,1.4
-1,1.37813,1,1.33438
-1,1.35625,1,1.33438
-1,1.61875,1,1.35625
-1,1.3125,1,1.3125
-1,1.00625,1,1.42188
-1,1.4,1,1.29062
-1,1.29062,1,1.44375
-1,1.4,1,1.44375
-1,1.29062,1,1.35625
-1,1.46562,1,1.42188
-1,1.4,1,1.3125
-1,1.26875,1,1.33438
-1,1.3125,1,1.4875
-1,1.26875,1,1.4
-1,1.26875,1,1.18125
-1,1.44375,1,1.44375
-1,1.35625,1,1.3125
-1,1.44375,1,1.09375
-1,1.55313,1,1.26875
-1,1.37813,1,1.20312
-1,1.46562,1,1.1375
-1,1.37813,1,1.37813
-1,1.42188,1,1.09375
-1,1.4875,1,1.33438
-1,1.4,1,1.1375
-1,1.3125,1,1.37813
-1,1.4,1,1.37813
-1,1.37813,1,1.35625
-1,1.35625,1,1.26875
-1,1.4875,1,1.3125
-1,1.4,1,1.3125
-1,1.37813,1,1.20312
-1,1.35625,1,1.37813
-1,1.37813,1,1.18125
-1,1.4,1,1.4
-1,1.4,1,1.35625
-1,1.37813,1,1.35625
-1,1.53125,1,1.37813
-1,1.42188,1,1.11563
-1,1.42188,1,1.37813
-1,1.3125,1,1.33438
-1,1.42188,1,1.37813
-1,1.33438,1,1.07187
-1,1.35625,1,1.4
-1,1.37813,1,1.18125
-1,1.33438,1,1.11563
-1,1.3125,1,1.44375
-1,1.3125,1,1.4875
-1,1.37813,1,1.35625
-1,1.35625,1,1.33438
-1,1.42188,1,1.20312
-1,1.35625,1,1.24687
-1,1.37813,1,1.35625
-1,1.37813,1,1.35625
-1,1.37813,1,1.18125
-1,1.44375,1,1.20312
-1,1.42188,1,1.24687
-1,1.44375,1,1.09375
-1,1.46562,1,1.09375
-1,1.46562,1,1.1375
-1,1.37813,1,1.4
-1,1.61875,1,1.37813
-1,1.29062,1,1.4
-1,1.42188,1,1.11563
-1,1.37813,1,1.1375
-1,1.33438,1,1.09375
-1,1.4,1,1.09375
-1,1.37813,1,1.29062
-1,1.35625,1,1.09375
-1,1.35625,1,1.07187
-1,1.3125,1,1.18125
-1,1.35625,1,1.225
-1,1.37813,1,1.15938
-1,1.24687,1,1.07187
-1,1.4,1,1.55313
-1,1.42188,1,1.225
-1,1.4,1,1.26875
-1,1.44375,1,1.07187
-1,1.44375,1,1.26875
-1,1.42188,1,1.18125
-1,1.42188,1,1.18125
-1,1.4,1,1.4
-1,1.35625,1,1.37813
-1,1.4,1,1.35625
-1,1.35625,1,1.37813
-1,1.33438,1,1.37813
-1,1.20312,1,1.37813
-1,1.29062,1,1.37813
-1,1.4,1,1.18125
-1,1.26875,1,1.53125
-1,1.24687,1,1.4
-1,1.46562,1,1.4
-1,1.44375,1,1.37813
-1,1.4,1,1.44375
-1,1.4,1,1.55313
-1,1.46562,1,1.37813
-1,1.4875,1,1.1375
-1,1.44375,1,1.50937
-1,1.4,1,1.37813
-1,1.44375,1,1.4
-1,1.4875,1,1.1375
-1,1.42188,1,1.1375
-1,1.42188,1,1.3125
-1,1.42188,1,1.1375
-1,1.37813,1,1.42188
-1,1.37813,1,1.18125
-1,1.33438,1,1.11563
-1,1.35625,1,1.35625
-1,1.42188,1,1.37813
-1,1.33438,1,1.37813
-1,1.64062,1,1.37813
-1,1.4875,1,1.35625
-1,1.33438,1,1.225
-1,1.4,1,1.15938
-1,1.4,1,1.1375
-1,1.37813,1,1.09375
-1,1.46562,1,1.3125
-1,1.46562,1,1.44375
-1,1.50937,1,1.37813
-1,1.46562,1,1.4
-1,1.33438,1,1.07187
-1,1.42188,1,1.24687
-1,1.33438,1,1.09375
-1,1.33438,1,1.09375
-1,1.3125,1,1.07187
-1,1.35625,1,1.35625
-1,1.35625,1,1.33438
-1,1.35625,1,1.4
-1,1.37813,1,1.3125
-1,1.44375,1,1.37813
-1,1.37813,1,1.15938
-1,1.35625,1,1.05
-1,1.4,1,1.33438
-1,1.37813,1,1.1375
-1,1.42188,1,1.09375
-1,1.4,1,1.35625
-1,1.42188,1,1.33438
-1,1.37813,1,1.15938
-1,1.26875,1,1.35625
-1,1.33438,1,1.11563
-1,1.37813,1,1.20312
-1,1.37813,1,1.4875
-1,1.4,1,1.05
-1,1.35625,1,1.24687
-1,1.35625,1,1.225
-1,1.4,1,1.07187
-1,1.33438,1,1.07187
-1,1.35625,1,1.26875
-1,1.33438,1,1.35625
-1,1.24687,1,1.24687
-1,1.37813,1,1.20312
-1,1.46562,1,1.3125
-1,1.61875,1,1.37813
-1,1.46562,1,1.46562
-1,1.42188,1,1.09375
-1,1.4,1,1.09375
-1,1.35625,1,1.15938
-1,1.4,1,1.1375
-1,1.4875,1,1.44375
-1,1.4,1,1.4
-1,1.37813,1,1.35625
-1,1.42188,1,1.35625
-1,1.33438,1,1.37813
-1,1.4,1,1.35625
-1,1.35625,1,1.07187
-1,1.37813,1,1.37813
-1,1.37813,1,1.35625
-1,1.15938,1,1.33438
-1,1.11563,1,1.35625
-1,1.37813,1,1.35625
-1,1.42188,1,1.33438
-1,1.37813,1,1.33438
-1,1.42188,1,1.29062
-1,1.46562,1,1.09375
-1,1.44375,1,1.15938
-1,1.44375,1,1.1375
-1,1.44375,1,1.15938
-1,1.575,1,1.37813
-1,1.35625,1,1.26875
-1,1.35625,1,1.07187
-1,1.35625,1,1.4
-1,1.4,1,1.29062
-1,1.33438,1,1.4875
-1,1.46562,1,1.33438
-1,1.4,1,1.07187
-1,1.44375,1,1.07187
-1,1.37813,1,1.11563
-1,1.50937,1,0.984375
-1,1.44375,1,1.05
-1,1.4,1,1.15938
-1,1.53125,1,1.24687
-1,1.35625,1,1.18125
-1,1.37813,1,1.09375
-1,1.37813,1,1.09375
-1,1.37813,1,1.07187
-1,1.37813,1,1.02812
-1,1.3125,1,1.09375
-1,1.35625,1,1.11563
-1,1.29062,1,1.46562
-1,1.37813,1,1.07187
-1,1.37813,1,1.20312
-1,1.35625,1,1.35625
-1,1.42188,1,1.3125
-1,1.35625,1,1.35625
-1,1.4,1,1.3125
-1,1.37813,1,1.1375
-1,1.42188,1,1.18125
-1,1.42188,1,1.26875
-1,1.44375,1,1.24687
-1,1.33438,1,1.09375
-1,1.46562,1,1.37813
-1,1.4,1,1.09375
-1,1.42188,1,1.225
-1,1.4,1,1.05
-1,1.44375,1,1.05
-1,1.42188,1,1.09375
-1,1.4,1,1.07187
-1,1.37813,1,1.09375
-1,1.20312,1,1.09375
-1,1.29062,1,1.09375
-1,1.33438,1,1.09375
-1,1.35625,1,1.07187
-1,1.35625,1,1.09375
-1,1.35625,1,1.07187
-1,1.37813,1,1.07187
-1,1.37813,1,1.09375
-1,1.35625,1,1.05
-1,1.3125,1,1.09375
-1,1.35625,1,1.05
-1,1.4,1,1.18125
-1,1.35625,1,1.09375
-1,1.37813,1,1.05
-1,1.33438,1,1.37813
-1,1.35625,1,1.225
-1,1.33438,1,1.09375
-1,1.35625,1,1.26875
-1,1.29062,1,1.09375
-1,1.33438,1,1.07187
-1,1.42188,1,1.3125
-1,1.33438,1,1.09375
-1,1.3125,1,1.37813
-1,1.29062,1,1.44375
-1,1.3125,1,1.07187
-1,1.33438,1,1.11563
-1,1.33438,1,1.26875
-1,1.26875,1,1.35625
-1,1.29062,1,1.37813
-1,1.33438,1,1.26875
-1,1.37813,1,1.09375
-1,1.4,1,1.11563
-1,1.46562,1,1.37813
-1,1.46562,1,1.3125
-1,1.46562,1,1.15938
-1,1.35625,1,1.26875
-1,1.37813,1,1.37813
-1,1.07187,1,1.3125
-1,1.4,1,1.225
-1,1.37813,1,1.4875
-1,1.50937,1,1.24687
-1,1.4,1,1.33438
-1,1.44375,1,1.18125
-1,1.37813,1,1.33438
-1,1.33438,1,1.09375
-1,1.35625,1,1.09375
-1,1.37813,1,1.26875
-1,1.37813,1,1.18125
-1,1.44375,1,1.24687
-1,1.35625,1,1.18125
-1,1.575,1,1.37813
-1,1.37813,1,1.3125
-1,1.20312,1,1.3125
-1,1.61875,1,1.07187
-1,1.4,1,1.09375
-1,1.37813,1,1.4
-1,1.3125,1,1.15938
-1,1.35625,1,1.18125
-1,1.37813,1,1.11563
-1,1.37813,1,1.26875
-1,1.33438,1,1.09375
-1,1.3125,1,1.15938
-1,1.33438,1,1.09375
-1,1.35625,1,1.225
-1,1.44375,1,1.11563
-1,1.46562,1,1.35625
-1,1.46562,1,1.37813
-1,1.53125,1,1.35625
-1,1.44375,1,1.37813
-1,1.50937,1,1.35625
-1,1.4,1,1.3125
-1,1.29062,1,1.35625
-1,1.35625,1,1.1375
-1,1.20312,1,1.05
-1,1.35625,1,0.984375
-1,1.35625,1,1.15938
-1,1.42188,1,1.05
-1,1.4,1,1.09375
-1,1.4,1,1.1375
-1,1.37813,1,1.15938
-1,1.42188,1,1.20312
-1,1.42188,1,1.05
-1,1.4,1,1.09375
-1,1.35625,1,1.3125
-1,1.33438,1,1.09375
-1,1.37813,1,1.09375
-1,1.33438,1,1.05
-1,1.37813,1,1.05
-1,1.35625,1,1.1375
