torque_1,torque_1_t,torque_2,torque_2_t
-0.673645,0.0875,-0.748598,0.065625
-0.681895,0.175,-0.739598,-0.415625
-0.689895,0.284375,-0.730848,-0.04375
-0.697169,0.459375,-0.722825,-0.678125
-0.704692,0.678125,-0.716732,-0.721875
-0.711238,0.65625,-0.71089,-0.678125
-0.711202,0.721875,-0.706396,-0.7
-0.713532,0.83125,-0.696629,-0.984375
-0.715718,0.809375,-0.685157,-0.48125
-0.731091,0.875,-0.675681,-0.984375
-0.729787,1.02812,-0.677002,-1.02812
-0.737601,0.940625,-0.668543,-1.02812
-0.739786,0.809375,-0.658089,-0.765625
-0.74139,1.05,-0.650647,-0.9625
-0.746732,1.02812,-0.638449,-0.940625
-0.747464,0.940625,-0.63188,-0.809375
-0.751353,0.9625,-0.622444,-0.940625
-0.751503,0.984375,-0.611222,-0.853125
-0.75267,1.09375,-0.604257,-0.940625
-0.752925,1.18125,-0.598415,-0.9625
-0.754093,0.984375,-0.587525,-0.7875
-0.756278,1.00625,-0.576054,-0.853125
-0.753334,1.00625,-0.5737,-0.35
-0.750577,0.896875,-0.563682,-0.7875
-0.757705,0.940625,-0.563073,-0.984375
-0.754034,1.00625,-0.555818,-0.896875
-0.750841,1.00625,-0.541875,-0.809375
-0.751572,1.00625,-0.538794,-0.875
-0.751827,1.1375,-0.525869,-0.875
-0.745435,1.05,-0.520068,-0.765625
-0.751836,1.09375,-0.508846,-0.765625
-0.747875,1.1375,-0.505516,-0.7
-0.746717,1.11563,-0.495062,-0.7875
-0.74425,1.20312,-0.485335,-0.634375
-0.742324,1.00625,-0.475608,-0.74375
-0.736223,0.984375,-0.470097,-0.678125
-0.736914,0.9625,-0.455178,-0.809375
-0.732848,0.9625,-0.452574,-0.678125
-0.729945,0.91875,-0.443138,-0.678125
-0.722059,0.984375,-0.435592,-0.6125
-0.721628,0.984375,-0.427609,-0.678125
-0.718248,0.91875,-0.418609,-0.590625
-0.709967,0.9625,-0.41179,-0.678125
-0.707064,1.00625,-0.404825,-0.7
-0.697288,1.00625,-0.396843,-0.721875
-0.695403,0.984375,-0.386139,-0.6125
-0.691046,0.940625,-0.374668,-0.634375
-0.68883,0.940625,-0.362469,-0.6125
-0.681566,0.896875,-0.355941,-0.678125
-0.677459,0.875,-0.345196,-0.590625
-0.665544,0.940625,-0.327079,-0.65625
-0.654064,0.853125,-0.321713,-0.56875
-0.645887,0.765625,-0.31533,-0.7
-0.634698,0.875,-0.309673,-0.415625
-0.624527,0.940625,-0.302313,-0.6125
-0.615042,0.853125,-0.298837,-0.546875
-0.604144,0.875,-0.300304,-0.546875
-0.589756,0.9625,-0.294647,-0.546875
-0.578672,1.05,-0.294119,-0.48125
-0.573589,0.91875,-0.292388,-0.809375
-0.567343,0.853125,-0.291383,-0.503125
-0.549612,0.896875,-0.294054,-0.48125
-0.543325,0.7875,-0.291305,-0.634375
-0.531409,0.809375,-0.290009,-0.590625
-0.522692,0.7875,-0.288464,-0.65625
-0.51277,0.7875,-0.290221,-0.48125
-0.50478,0.765625,-0.289217,-0.503125
-0.500423,0.74375,-0.286218,-0.590625
-0.495881,0.721875,-0.280561,-0.634375
-0.488617,0.721875,-0.278539,-0.525
-0.481353,0.65625,-0.279756,-0.04375
-0.477287,0.7,-0.280455,-0.590625
-0.467843,0.7,-0.277415,-0.525
-0.460143,0.74375,-0.272194,-0.65625
-0.44154,0.634375,-0.278313,-0.546875
-0.44169,0.525,-0.272802,-0.590625
-0.436897,0.6125,-0.27296,-0.6125
-0.426871,0.6125,-0.278352,-0.590625
-0.423532,0.6125,-0.277306,-0.56875
-0.417722,0.56875,-0.27572,-0.35
-0.414383,0.6125,-0.277623,-0.590625
-0.405666,0.590625,-0.278072,-0.525
-0.402763,0.590625,-0.281429,-0.328125
-0.402331,0.6125,-0.283041,-0.328125
-0.391869,0.634375,-0.283635,-0.35
-0.390711,0.590625,-0.282631,-0.590625
-0.378505,0.6125,-0.287441,-0.30625
-0.373712,0.56875,-0.292978,-0.30625
-0.367175,0.590625,-0.298515,-0.590625
-0.366307,0.546875,-0.301871,-0.56875
-0.357299,0.590625,-0.308135,-0.35
-0.356868,0.525,-0.312219,-0.284375
-0.349313,0.525,-0.317029,-0.284375
-0.342049,0.634375,-0.320385,-0.35
-0.339728,0.459375,-0.328103,-0.503125
-0.337116,0.525,-0.331459,-0.39375
-0.328544,0.48125,-0.335543,-0.6125
-0.325931,0.459375,-0.338899,-0.590625
-0.321575,0.56875,-0.342256,-0.459375
-0.31184,0.459375,-0.347066,-0.590625
-0.307774,0.459375,-0.354783,-0.56875
-0.299929,0.415625,-0.358867,-0.371875
-0.297317,0.4375,-0.354414,-0.525
-0.29296,0.4375,-0.36533,-0.525
-0.286609,0.328125,-0.368686,-0.459375
-0.285306,0.415625,-0.374223,-0.546875
-0.278478,0.48125,-0.378306,-0.35
-0.271941,0.371875,-0.383844,-0.6125
-0.269329,0.371875,-0.3872,-0.6125
-0.259739,0.2625,-0.390306,-0.6125
-0.262506,0.371875,-0.393186,-0.39375
-0.261388,0.328125,-0.396543,-0.6125
-0.251653,0.30625,-0.400626,-0.590625
-0.247296,0.39375,-0.403982,-0.503125
-0.245847,0.39375,-0.407339,-0.590625
-0.239496,0.4375,-0.410695,-0.634375
-0.23514,0.30625,-0.414052,-0.48125
-0.234563,0.4375,-0.419112,-0.56875
-0.224537,0.459375,-0.424649,-0.56875
-0.218186,0.415625,-0.428006,-0.35
-0.218772,0.35,-0.432816,-0.6125
-0.214706,0.35,-0.444022,-0.56875
-0.213257,0.35,-0.438075,-0.590625
-0.213594,0.35,-0.442158,-0.6125
-0.211127,0.196875,-0.441881,-0.590625
-0.207061,0.503125,-0.455268,-0.721875
-0.203908,0.4375,-0.444959,-0.546875
-0.207402,0.48125,-0.446135,-0.590625
-0.203481,0.35,-0.447311,-0.590625
-0.199852,0.459375,-0.449941,-0.634375
-0.201787,0.4375,-0.449663,-0.634375
-0.2031,0.35,-0.450839,-0.590625
-0.202378,0.35,-0.450561,-0.4375
-0.206784,0.30625,-0.44883,-0.765625
-0.210278,0.328125,-0.447098,-0.634375
-0.208538,0.525,-0.446094,-0.6125
-0.211491,0.48125,-0.443635,-0.6125
-0.216874,0.328125,-0.441904,-0.590625
-0.214844,0.56875,-0.439445,-0.634375
-0.223175,0.35,-0.43601,-0.56875
-0.22347,0.39375,-0.433552,-0.65625
-0.227545,0.35,-0.42964,-0.546875
-0.231952,0.4375,-0.425728,-0.765625
-0.236608,0.39375,-0.421816,-0.503125
-0.241992,0.284375,-0.417177,-0.721875
-0.245381,0.30625,-0.412538,-0.6125
-0.250909,0.4375,-0.406922,-0.678125
-0.256002,0.415625,-0.40083,-0.590625
-0.263316,0.39375,-0.39401,-0.721875
-0.270153,0.459375,-0.387918,-0.678125
-0.28677,0.39375,-0.381098,-0.634375
-0.284013,0.39375,-0.373552,-0.546875
-0.300154,0.415625,-0.367209,-0.634375
-0.300054,0.415625,-0.359663,-0.634375
-0.309071,0.4375,-0.35139,-0.634375
-0.316531,0.459375,-0.343844,-0.415625
-0.328456,0.39375,-0.33532,-0.590625
-0.336456,0.39375,-0.32632,-0.590625
-0.343479,0.328125,-0.318047,-0.590625
-0.350752,0.459375,-0.309774,-0.590625
-0.358502,0.459375,-0.300774,-0.546875
-0.366252,0.459375,-0.291774,-0.65625
-0.374252,0.459375,-0.283024,-0.590625
-0.382002,0.4375,-0.274024,-0.6125
-0.390002,0.459375,-0.265024,-0.634375
-0.397752,0.503125,-0.256024,-0.48125
-0.405502,0.503125,-0.248001,-0.240625
-0.413502,0.6125,-0.239001,-0.284375
-0.421252,0.459375,-0.230001,-0.2625
-0.429002,0.48125,-0.221001,-0.284375
-0.437002,0.525,-0.212251,-0.525
-0.444752,0.546875,-0.203251,-0.30625
-0.452502,0.721875,-0.182767,-0.284375
-0.460502,0.48125,-0.185978,-0.21875
-0.468252,0.525,-0.176978,-0.503125
-0.476002,0.634375,-0.168705,-0.2625
-0.484002,0.634375,-0.159705,-0.284375
-0.491752,0.678125,-0.150955,-0.21875
-0.499502,0.590625,-0.142681,-0.175
-0.507502,0.6125,-0.133681,-0.415625
-0.515252,0.634375,-0.124681,-0.196875
-0.523002,0.721875,-0.107105,-0.459375
-0.530752,0.634375,-0.107408,-0.48125
-0.538752,0.809375,-0.0984083,-0.240625
-0.53996,0.634375,-0.0862102,-0.415625
-0.553525,0.896875,-0.081862,-0.415625
-0.560798,0.7875,-0.0743157,-0.328125
-0.567821,0.721875,-0.0667694,-0.109375
-0.574844,0.74375,-0.0584963,-0.04375
-0.581391,0.74375,-0.05095,-0.065625
-0.589141,0.875,-0.04195,0.21875
-0.58686,0.83125,-0.0344037,-0.109375
-0.602024,0.83125,-0.0261306,0.240625
-0.61046,0.765625,-0.0178574,-0.0875
-0.607453,0.853125,-0.0103111,-0.109375
-0.61622,0.9625,-0.00203796,-0.065625
-0.619755,0.83125,0.00623519,-0.109375
-0.630517,0.83125,0.0145083,0.328125
-0.639284,0.853125,0.0227815,0.240625
-0.650232,0.853125,0.0303278,-0.0875
-0.658419,0.875,0.0386009,0.30625
-0.65915,0.940625,0.0461472,0.21875
-0.661957,0.9625,0.0536935,0.240625
-0.677557,0.875,0.0612398,0.30625
-0.675277,0.940625,0.069513,-0.0875
-0.682841,0.940625,0.0765824,-0.021875
-0.685648,0.940625,0.0841287,0.39375
-0.692962,0.875,0.0909481,0.415625
-0.699258,0.9625,0.0984944,-0.065625
-0.704828,0.984375,0.105314,-0.0875
-0.708903,0.9625,0.112133,0.04375
-0.717234,0.940625,0.118476,0
-0.712919,0.896875,0.125295,0
-0.72125,0.984375,0.131388,0.284375
-0.721441,0.984375,0.144313,0.284375
-0.73293,1.00625,0.142846,0.39375
-0.732539,1.00625,0.148939,-0.04375
-0.733747,0.984375,0.154305,0.240625
-0.73859,0.984375,0.160147,0.021875
-0.741979,0.9625,0.164059,0.459375
-0.747839,0.9625,0.169425,0.371875
-0.745744,0.984375,0.173814,0.371875
-0.752622,0.984375,0.178453,0.30625
-0.748888,1.00625,0.182115,0.48125
-0.754021,0.940625,0.186027,0.109375
-0.756683,0.984375,0.189689,0.35
-0.755856,0.940625,0.193601,0.459375
-0.757792,1.02812,0.196059,0.4375
-0.758709,1.00625,0.199721,0.4375
-0.762389,1.00625,0.202906,0.48125
-0.76258,1.02812,0.216163,0.109375
-0.760631,1.00625,0.207573,0.109375
-0.762566,0.984375,0.210758,0.109375
-0.760285,1.02812,0.212967,0.4375
-0.757859,1.02812,0.215134,0.153125
-0.763719,1.02812,0.21643,0.371875
-0.757805,1.02812,0.217911,0.525
-0.761048,1.05,0.224004,0.525
-0.758041,1.05,0.21992,0.48125
-0.754638,1.07187,0.220925,0.48125
-0.754829,1.07187,0.220226,0.459375
-0.754583,1.07187,0.221231,0.13125
-0.747215,1.07187,0.221508,0.30625
-0.751476,1.07187,0.221786,0.4375
-0.744544,1.07187,0.221087,0.153125
-0.741431,1.07187,0.230232,0.153125
-0.733336,1.05,0.218735,0.525
-0.733818,1.02812,0.217559,0.153125
-0.732119,0.984375,0.21686,0.175
-0.727948,1.02812,0.220772,0.48125
-0.724795,0.940625,0.213055,0.328125
-0.723137,0.940625,0.211152,0.35
-0.71824,0.9625,0.209249,0.371875
-0.709999,1.00625,0.204439,0.4375
-0.706119,0.984375,0.201559,0.459375
-0.709363,0.9625,0.199656,0.328125
-0.703448,0.91875,0.202406,0.35
-0.70179,0.9625,0.195851,0.4375
-0.694712,0.940625,0.194675,0.4375
-0.689088,0.9625,0.191319,0.240625
-0.685499,0.940625,0.187235,0.48125
-0.676677,0.91875,0.182425,0.240625
-0.671675,0.91875,0.175184,0.35
-0.66387,0.984375,0.181858,0.21875
-0.660572,0.896875,0.16411,-0.04375
-0.650006,0.875,0.1593,0.4375
-0.645399,0.896875,0.155944,0.4375
-0.639816,0.875,0.15186,0.30625
-0.637971,0.853125,0.152865,0.39375
-0.632638,0.853125,0.142967,0.13125
-0.628031,0.896875,0.13961,0.35
-0.622448,0.83125,0.1348,0.13125
-0.616824,0.83125,0.141474,0.21875
-0.613962,0.853125,0.128814,0.196875
-0.606157,0.896875,0.124004,0.175
-0.597376,0.853125,0.118467,0.109375
-0.596258,0.83125,0.11511,0.109375
-0.593106,0.83125,0.113207,0.13125
-0.589953,0.875,0.111305,0.04375
-0.585096,0.83125,0.108198,0.065625
-0.579472,0.83125,0.105319,0.021875
-0.580721,0.765625,0.103166,0.021875
-0.583529,0.853125,0.10174,0.021875
-0.573003,0.853125,0.0991102,0.04375
-0.568396,0.984375,0.0955037,0.196875
-0.562522,0.74375,0.0897167,0.0875
-0.558393,0.765625,0.086837,0.04375
-0.554077,0.721875,0.0849343,0.0875
-0.547185,0.853125,0.0827815,0
-0.538654,0.853125,0.0769944,0.021875
-0.535106,0.678125,0.0712074,0
-0.520655,0.853125,0.0663972,-0.021875
-0.513141,0.7,0.0598833,0.546875
-0.507848,0.7875,0.0540963,0
-0.502806,0.65625,0.0485593,0.021875
-0.496495,0.678125,0.0434991,0.2625
-0.487278,0.83125,0.0355315,-0.021875
-0.481218,0.634375,0.0307213,0.39375
-0.473163,0.83125,0.0256611,0
-0.467394,0.678125,0.0191472,0.04375
-0.455414,0.6125,0.0121565,-0.021875
-0.452593,0.65625,0.0070963,-0.021875
-0.439119,0.65625,0.000105556,0
-0.430628,0.525,-0.00713519,0.371875
-0.427806,0.546875,-0.0119454,-0.0875
-0.421019,0.6125,-0.0177324,-0.04375
-0.410494,0.56875,-0.0235194,-0.065625
-0.404474,0.590625,-0.0297833,0.196875
-0.399722,0.56875,-0.0370241,-0.175
-0.388469,0.65625,-0.043288,-0.0875
-0.383177,0.634375,-0.049075,-0.0875
-0.374645,0.7,-0.054612,-0.065625
-0.368626,0.56875,-0.0611259,-0.30625
-0.365037,0.6125,-0.0652093,-0.065625
-0.360617,0.809375,-0.0695426,-0.065625
-0.354306,0.590625,-0.0743528,0.04375
-0.349991,0.525,-0.079413,-0.371875
-0.345134,0.525,-0.0827694,-0.240625
-0.339987,0.503125,-0.0849222,0
-0.343231,0.525,-0.086825,-0.328125
-0.339392,0.525,-0.0882509,-0.39375
-0.336716,0.525,-0.0894269,-0.328125
-0.336947,0.525,-0.0906028,-0.153125
-0.338737,0.525,-0.0913019,-0.2625
-0.336788,0.503125,-0.0917509,-0.30625
-0.337019,0.503125,-0.0931769,-0.2625
-0.33314,0.503125,-0.0928991,-0.065625
-0.336569,0.74375,-0.0926213,-0.2625
-0.328515,0.503125,-0.0947741,-0.284375
-0.336846,0.525,-0.0944963,-0.065625
-0.331699,0.48125,-0.0963991,-0.2625
-0.327569,0.48125,-0.0963713,-0.30625
-0.331976,0.48125,-0.0953667,-0.065625
-0.325084,0.459375,-0.094362,-0.284375
-0.330985,0.459375,-0.0936074,-0.065625
-0.329763,0.39375,-0.0933296,-0.371875
-0.327046,0.459375,-0.0930519,-0.0875
-0.328295,0.4375,-0.0922972,-0.0875
-0.328818,0.371875,-0.0920194,-0.065625
-0.332206,0.48125,-0.090288,-0.065625
-0.332002,0.39375,-0.0878296,-0.065625
-0.335868,0.35,-0.0856213,-0.065625
-0.33857,0.546875,-0.083163,-0.2625
-0.334836,0.4375,-0.0821583,-0.065625
-0.335794,0.415625,-0.0797,-0.065625
-0.336753,0.459375,-0.0772417,-0.065625
-0.337711,0.503125,-0.0750333,-0.04375
-0.342158,0.48125,-0.072825,-0.065625
-0.34239,0.48125,-0.0713435,-0.35
-0.342331,0.525,-0.0686583,-0.0875
-0.346051,0.459375,-0.0671769,-0.371875
-0.347736,0.459375,-0.0642417,-0.371875
-0.351352,0.4375,-0.0620333,-0.04375
-0.352019,0.546875,-0.0586213,-0.04375
-0.352978,0.4375,-0.056413,-0.065625
-0.354227,0.4375,-0.0527509,-0.04375
-0.357075,0.546875,-0.0498157,0.04375
-0.35876,0.546875,-0.0468806,-0.0875
-0.356811,0.546875,-0.0449222,-0.065625
-0.363625,0.546875,-0.0412602,-0.0875
-0.366037,0.525,-0.0375981,-0.30625
-0.364815,0.525,-0.034663,-0.0875
-0.364756,0.459375,-0.0317278,-0.065625
-0.375308,0.56875,-0.0280657,-0.109375
-0.375249,0.525,-0.0251306,-0.065625
-0.375667,0.546875,-0.0217185,-0.153125
-0.379823,0.546875,-0.0180565,0.13125
-0.379764,0.56875,-0.0151213,-0.065625
-0.385665,0.546875,-0.0114593,0.13125
-0.384588,0.525,-0.00779722,-0.0875
-0.389762,0.525,-0.00486204,0.0875
-0.393087,0.525,-0.0012,-0.065625
-0.392592,0.634375,0.00246204,-0.109375
-0.395731,0.525,0.00685093,-0.065625
-0.397416,0.56875,0.00978611,0.21875
-0.399828,0.56875,0.0134481,0.153125
-0.402717,0.503125,0.017837,0.0875
-0.400186,0.56875,0.0200454,0.0875
-0.401871,0.6125,0.0229806,-0.065625
-0.413151,0.56875,0.0273694,-0.065625
-0.412656,0.590625,0.0310315,-0.04375
-0.414818,0.56875,0.0346935,-0.065625
-0.420864,0.56875,0.0390824,0.30625
-0.421095,0.56875,0.0434713,0.35
-0.425397,0.765625,0.0478602,0.0875
-0.429554,0.634375,0.0515222,0.240625
-0.434187,0.56875,0.0559111,0.04375
-0.435581,0.546875,0.0603,0.196875
-0.439738,0.634375,0.063962,0.240625
-0.445348,0.6125,0.0690778,0.21875
-0.444748,0.6125,0.0734667,-0.04375
-0.45283,0.590625,0.0795593,0.21875
-0.456695,0.590625,0.084675,-0.021875
-0.456345,0.6125,0.0890639,0.371875
-0.460688,0.590625,0.0949065,0
-0.469206,0.6125,0.100022,0.153125
-0.474089,0.634375,0.104411,0.2625
-0.480426,0.65625,0.110254,0.021875
-0.483274,0.7,0.116346,0.0875
-0.491106,0.65625,0.122189,0
-0.50035,0.65625,0.128031,0.30625
-0.496802,0.678125,0.133874,0.04375
-0.503866,0.65625,0.140444,0.35
-0.507191,0.678125,0.147263,0.284375
-0.52821,0.721875,0.153832,0.04375
-0.527715,0.74375,0.160402,0.153125
-0.536669,0.678125,0.167698,0.39375
-0.544209,0.765625,0.175244,0.371875
-0.550256,0.765625,0.182541,0.065625
-0.546417,0.721875,0.189837,0.48125
-0.55105,0.721875,0.197133,0.39375
-0.560004,0.765625,0.20468,0.525
-0.576081,0.765625,0.212703,0.39375
-0.582854,0.765625,0.220726,0.21875
-0.579096,0.765625,0.227522,0.240625
-0.583148,0.765625,0.232865,0.4375
-0.600719,0.765625,0.240388,0.240625
-0.607243,0.809375,0.248161,0.525
-0.613766,0.74375,0.254957,0.240625
-0.620289,0.853125,0.262481,0.503125
-0.626812,0.875,0.278581,0.48125
-0.633335,0.896875,0.2768,0.4375
-0.640585,0.875,0.284323,0.525
-0.647835,0.91875,0.295004,0.371875
-0.648544,0.91875,0.299619,0.503125
-0.660881,0.853125,0.315719,0.503125
-0.667405,0.91875,0.313212,0.459375
-0.672515,0.875,0.320008,0.2625
-0.680928,0.896875,0.328508,0.459375
-0.679892,0.91875,0.342864,0.35
-0.682926,0.940625,0.352858,0.4375
-0.701224,0.940625,0.351078,0.590625
-0.701932,0.940625,0.360305,0.39375
-0.714997,0.940625,0.373061,0.4375
-0.712217,0.940625,0.372007,0.525
-0.725136,1.02812,0.384909,0.459375
-0.734317,0.984375,0.391229,0.590625
-0.741567,1.00625,0.390466,0.48125
-0.745182,1.02812,0.403368,0.56875
-0.754613,1.02812,0.410705,0.48125
-0.761863,1.07187,0.403981,0.590625
-0.756175,1.05,0.423861,0.525
-0.774182,1.05,0.428,0.56875
-0.780706,1.09375,0.429127,0.6125
-0.787229,1.02812,0.437958,0.525
-0.793502,1.07187,0.442097,0.65625
-0.800025,0.984375,0.446713,0.546875
-0.806548,1.09375,0.452596,0.56875
-0.811908,1.09375,0.456485,0.546875
-0.808546,1.15938,0.462264,0.56875
-0.814343,1.09375,0.464513,0.56875
-0.831187,1.07187,0.4716,0.678125
-0.825249,1.1375,0.471523,0.590625
-0.832935,1.11563,0.483844,0.678125
-0.84978,1.15938,0.479882,0.83125
-0.843365,1.15938,0.485475,0.853125
-0.862099,1.15938,0.485003,0.765625
-0.864988,1.07187,0.496265,0.65625
-0.860754,1.1375,0.491868,0.65625
-0.872696,1.18125,0.49557,0.678125
-0.878929,1.18125,0.494081,0.74375
-0.880073,1.18125,0.501708,0.65625
-0.882235,1.18125,0.499056,0.65625
-0.886287,1.20312,0.498543,0.74375
-0.900224,1.20312,0.502431,0.809375
-0.89792,1.15938,0.501482,0.65625
-0.904153,1.225,0.503481,0.7875
-0.909222,1.26875,0.501515,0.7875
-0.90964,1.225,0.499112,0.809375
-0.914709,1.18125,0.507507,0.809375
-0.920796,1.29062,0.502052,0.30625
-0.9214,1.26875,0.49969,0.83125
-0.931226,1.29062,0.500881,0.83125
-0.930335,1.20312,0.500658,0.56875
-0.934678,1.26875,0.499273,0.853125
-0.93902,1.24687,0.497556,0.896875
-0.945107,1.29062,0.500242,0.875
-0.945816,1.20312,0.499293,0.896875
-0.949431,1.37813,0.500338,0.546875
-0.953047,1.29062,0.496191,0.83125
-0.954192,1.29062,0.495242,0.896875
-0.957081,1.24687,0.493089,1.00625
-0.959969,1.20312,0.488506,0.9625
-0.961114,1.29062,0.489551,0.4375
-0.962985,1.20312,0.48584,1.00625
-0.967619,1.225,0.484891,0.984375
-0.968036,1.29062,0.481284,0.984375
-0.967291,1.29062,0.478591,0.875
-0.97043,1.225,0.478619,0.875
-0.970847,1.26875,0.474907,0.7
-0.974754,1.29062,0.474935,0.853125
-0.971537,1.3125,0.474713,0.940625
-0.974135,1.26875,0.47256,1.02812
-0.977315,1.3125,0.472338,0.83125
-0.979477,1.24687,0.472075,0.91875
-0.979168,1.35625,0.470835,0.940625
-0.977695,1.33438,0.464757,0.83125
-0.973025,1.33438,0.462064,0.7875
-0.974896,1.29062,0.461801,0.74375
-0.974442,1.3125,0.473354,0.6125
-0.978348,1.35625,0.460444,0.83125
-0.975568,1.29062,0.462402,0.809375
-0.972642,1.29062,0.47246,0.65625
-0.966518,1.33438,0.460027,0.328125
-0.962865,1.3125,0.460781,0.896875
-0.961393,1.33438,0.460809,0.9625
-0.96181,1.33438,0.461314,0.940625
-0.958448,1.33438,0.460615,0.7
-0.955231,1.29062,0.460393,0.65625
-0.953759,1.3125,0.46042,0.853125
-0.949816,1.3125,0.459721,0.678125
-0.950088,1.26875,0.459499,0.65625
-0.947889,1.26875,0.4588,0.853125
-0.941038,1.225,0.458828,0.875
-0.934623,1.18125,0.457152,0.83125
-0.929226,1.3125,0.454999,0.765625
-0.92441,1.29062,0.444269,0.678125
-0.919013,1.18125,0.451897,0.809375
-0.917105,1.20312,0.449744,0.7875
-0.905311,1.20312,0.436107,0.7875
-0.900931,1.225,0.437444,0.896875
-0.892481,1.33438,0.437221,0.74375
-0.882142,1.35625,0.423294,0.7
-0.877035,1.26875,0.431462,0.7
-0.871202,1.24687,0.423971,0.240625
-0.864206,1.24687,0.422545,0.678125
-0.854156,1.15938,0.416031,0.7875
-0.847887,1.11563,0.412425,0.30625
-0.840309,1.07187,0.408092,0.721875
-0.834767,1.02812,0.396967,0.896875
-0.824718,1.00625,0.397721,0.7875
-0.819902,1.02812,0.392661,0.896875
-0.80869,1.00625,0.387601,0.721875
-0.801403,1.02812,0.381814,0.634375
-0.791644,0.9625,0.37505,0.678125
-0.781636,1.00625,0.368286,0.721875
-0.769988,1.00625,0.360795,0.7875
-0.764881,1.18125,0.353781,0.7875
-0.754728,1.02812,0.346291,0.809375
-0.747441,1.07187,0.340254,0.678125
-0.745573,1.02812,0.33349,0.809375
-0.730872,1.09375,0.325272,0.48125
-0.724603,1.07187,0.318508,0.56875
-0.71096,1.05,0.311018,0.7875
-0.700475,1.00625,0.303527,0.503125
-0.693479,0.940625,0.296036,0.503125
-0.686232,0.9625,0.288545,0.503125
-0.675747,0.91875,0.281055,0.48125
-0.663268,0.940625,0.273564,0.590625
-0.659033,0.91875,0.265346,0.546875
-0.647531,1.00625,0.258582,0.39375
-0.635342,0.853125,0.249638,0.415625
-0.626456,0.9625,0.238513,0.4375
-0.616738,0.875,0.230295,0.4375
-0.600874,0.83125,0.222078,0.503125
-0.591697,0.853125,0.212406,0.546875
-0.583143,0.721875,0.204439,-0.065625
-0.569023,0.7875,0.196221,0.48125
-0.562794,0.7875,0.188004,0.4375
-0.556234,0.765625,0.179786,0.4375
-0.544295,0.765625,0.171569,0.48125
-0.535305,0.74375,0.164078,0.6125
-0.52511,0.765625,0.144812,0.56875
-0.515393,0.74375,0.142555,0.525
-0.499093,0.765625,0.129644,0.35
-0.487154,0.7875,0.120409,0.4375
-0.478454,0.74375,0.12324,0.021875
-0.472475,0.7,0.104265,0.459375
-0.462757,0.7,0.100408,0.415625
-0.451836,0.678125,0.0904463,0.39375
-0.440624,0.7,0.0856769,0.109375
-0.433814,0.65625,0.0760056,-0.04375
-0.421439,0.56875,0.0704046,-0.04375
-0.413466,0.634375,0.0624778,-0.0875
-0.401527,0.634375,0.0581444,0.065625
-0.392059,0.634375,0.0521074,-0.04375
-0.385249,0.634375,0.0406917,0.21875
-0.374619,0.6125,0.0321833,0.21875
-0.37028,0.56875,0.0370083,0.30625
-0.357323,0.590625,0.0302444,-0.065625
-0.354293,0.503125,0.0231898,-0.2625
-0.343807,0.525,0.0125009,-0.04375
-0.33652,0.525,0.00816759,-0.065625
-0.32753,0.48125,0.00750926,-0.21875
-0.318353,0.39375,-0.00492407,-0.328125
-0.310525,0.459375,0.000337037,-0.284375
-0.302075,0.4375,-0.0164574,-0.021875
-0.293811,0.459375,-0.0102833,-0.04375
-0.292194,0.459375,-0.0271185,-0.21875
-0.280441,0.459375,-0.0221074,-0.284375
-0.277369,0.4375,-0.0271269,-0.371875
-0.275461,0.48125,-0.0310241,-0.328125
-0.268651,0.459375,-0.0431667,-0.2625
-0.265725,0.371875,-0.0399407,-0.2625
-0.265602,0.4375,-0.0459778,-0.021875
-0.257006,0.35,-0.0466769,-0.2625
-0.255825,0.459375,-0.0510102,0.2625
-0.25294,0.459375,-0.053163,0.284375
-0.245362,0.48125,-0.0574963,-0.065625
-0.241709,0.503125,-0.0596491,-0.109375
-0.23733,0.48125,-0.0625287,-0.109375
-0.234444,0.30625,-0.0654083,-0.04375
-0.231082,0.328125,-0.0690148,-0.021875
-0.22743,0.328125,-0.0711676,-0.021875
-0.224794,0.459375,-0.0740472,0.2625
-0.228015,0.459375,-0.0754731,0.21875
-0.218693,0.459375,-0.0768991,-0.21875
-0.22289,0.39375,-0.0775981,0.109375
-0.226069,0.415625,-0.0775704,-0.2625
-0.220422,0.328125,-0.0797231,-0.2625
-0.220694,0.328125,-0.0794454,-0.2625
-0.220967,0.284375,-0.0794176,-0.109375
-0.216773,0.415625,-0.0801167,0.21875
-0.214574,0.30625,-0.0808157,-0.0875
-0.214846,0.30625,-0.080788,-0.021875
-0.215264,0.328125,-0.0800333,-0.065625
-0.214559,0.35,-0.0804824,-0.175
-0.209889,0.415625,-0.0819083,-0.109375
-0.216267,0.39375,-0.0804269,-0.196875
-0.214358,0.175,-0.0796722,-0.065625
-0.21598,0.21875,-0.0774639,-0.0875
-0.218432,0.153125,-0.0750056,-0.21875
-0.21478,0.153125,-0.0742509,-0.2625
-0.219163,0.175,-0.0727694,-0.0875
-0.219871,0.284375,-0.0705611,-0.0875
-0.222324,0.4375,-0.0683528,-0.21875
-0.217072,0.30625,-0.0666213,0.13125
-0.229887,0.284375,-0.0636861,-0.2625
-0.224926,0.284375,-0.0607509,-0.04375
-0.230286,0.284375,-0.0582926,-0.04375
-0.233216,0.2625,-0.0553574,-0.0875
-0.231162,0.2625,-0.0524222,-0.284375
-0.235069,0.284375,-0.0485102,0.175
-0.240865,0.240625,-0.0445574,-0.0875
-0.24205,0.284375,-0.0404593,-0.0875
-0.243776,0.284375,-0.0358204,-0.0875
-0.248845,0.30625,-0.0321583,-0.0875
-0.253956,0.30625,-0.0270426,0.153125
-0.2551,0.2625,-0.0224037,-0.0875
-0.265839,0.30625,-0.0165611,-0.0875
-0.26746,0.30625,-0.0114454,-0.0875
-0.275292,0.284375,-0.00535278,-0.0875
-0.276145,0.284375,0.000489815,-0.0875
-0.280488,0.284375,0.00658241,0.2625
-0.290541,0.39375,0.0131519,0.2625
-0.294883,0.371875,0.0189944,-0.240625
-0.296464,0.30625,0.0258139,0.13125
-0.309424,0.30625,0.0323833,0.284375
-0.308097,0.328125,0.0392028,0.196875
-0.313894,0.30625,0.0464991,0.13125
-0.322347,0.328125,0.0540454,0.21875
-0.32887,0.30625,0.0620685,-0.109375
-0.336411,0.30625,0.0696148,0.328125
-0.351988,0.328125,0.077638,0.30625
-0.358511,0.503125,0.0859111,-0.0875
-0.365761,0.415625,0.0946611,0.153125
-0.362254,0.415625,0.102207,0.30625
-0.378557,0.35,0.110957,0.39375
-0.385807,0.35,0.119957,0
-0.393057,0.48125,0.128707,-0.021875
-0.392498,0.48125,0.137707,-0.021875
-0.407307,0.371875,0.146457,0
-0.414307,0.503125,0.155207,0.04375
-0.421307,0.371875,0.163707,0
-0.428557,0.415625,0.172457,0.39375
-0.435557,0.415625,0.181207,0.021875
-0.442807,0.56875,0.189957,0.21875
-0.449807,0.4375,0.198707,0.30625
-0.457057,0.459375,0.207457,0.284375
-0.464057,0.459375,0.216207,0.284375
-0.471307,0.56875,0.224957,0.175
-0.478307,0.6125,0.233707,0.415625
-0.485307,0.56875,0.242457,0.21875
-0.492557,0.590625,0.251207,0.328125
-0.499557,0.634375,0.259957,0.35
-0.506807,0.65625,0.268707,0.48125
-0.513807,0.74375,0.277457,0.328125
-0.521057,0.765625,0.286207,0.30625
-0.528057,0.765625,0.294957,0.284375
-0.534331,0.65625,0.303231,0.546875
-0.541581,0.65625,0.311981,0.48125
-0.548581,0.678125,0.320731,0.415625
-0.549289,0.65625,0.328754,0.35
-0.562104,0.74375,0.337504,0.56875
-0.568627,0.875,0.345527,0.371875
-0.569085,0.875,0.35355,0.415625
-0.568962,0.74375,0.366661,0.48125
-0.588423,0.765625,0.369596,0.459375
-0.582485,0.7875,0.377869,0.415625
-0.601219,0.765625,0.385893,0.525
-0.607493,0.809375,0.393916,0.48125
-0.605439,0.809375,0.402666,0.590625
-0.621743,0.809375,0.411416,0.525
-0.616968,0.83125,0.423364,0.35
-0.634539,0.809375,0.426985,0.546875
-0.640812,0.875,0.435008,0.590625
-0.648062,0.875,0.443758,0.56875
-0.654335,0.875,0.451055,0.6125
-0.64956,0.7875,0.459328,0.634375
-0.659572,0.875,0.467351,0.721875
-0.673405,0.721875,0.475374,0.7
-0.679928,0.91875,0.487322,0.721875
-0.686201,0.91875,0.490944,0.678125
-0.684915,0.984375,0.507544,0.2625
-0.687222,0.91875,0.505536,0.7
-0.704544,0.91875,0.523881,0.7875
-0.711067,0.940625,0.520379,0.721875
-0.716613,0.940625,0.527675,0.83125
-0.710675,1.11563,0.546019,0.875
-0.729409,0.940625,0.542518,0.721875
-0.720273,0.9625,0.549087,0.678125
-0.740752,1.09375,0.566705,0.765625
-0.745571,0.984375,0.561749,0.765625
-0.751118,0.984375,0.568319,0.809375
-0.746156,1.09375,0.573684,0.7875
-0.749958,1.02812,0.581417,0.7
-0.764913,1.05,0.597144,0.765625
-0.75694,1.00625,0.599748,0.35
-0.766411,1.00625,0.605591,1.00625
-0.769736,1.05,0.603397,0.83125
-0.779062,1.1375,0.607786,0.721875
-0.777735,1.02812,0.624927,0.9625
-0.780083,0.984375,0.618268,0.984375
-0.78617,1.05,0.634681,0.896875
-0.786774,1.07187,0.63907,0.875
-0.79799,1.07187,0.634115,0.896875
-0.792302,1.09375,0.647331,0.896875
-0.801773,1.09375,0.643869,0.875
-0.804371,1.11563,0.659556,0.91875
-0.808464,1.09375,0.664922,0.896875
-0.811062,1.02812,0.665822,1.00625
-0.814428,1.02812,0.672206,0.765625
-0.81852,1.02812,0.673356,0.9625
-0.825625,1.05,0.671203,0.940625
-0.827973,1.20312,0.676569,0.9625
-0.831589,1.20312,0.68804,0.940625
-0.832047,1.20312,0.68705,1.02812
-0.835663,1.225,0.695614,0.875
-0.845134,1.225,0.704469,0.984375
-0.844284,1.225,0.710311,0.984375
-0.844993,1.09375,0.710589,1.07187
-0.846614,1.11563,0.714501,1.18125
-0.853719,1.07187,0.719576,1.07187
-0.857084,1.1375,0.723238,0.940625
-0.85474,1.1375,0.726423,0.984375
-0.863339,0.853125,0.729608,0.9625
-0.865978,1.225,0.727415,0.9625
-0.866105,1.225,0.737723,0.9625
-0.871506,1.1375,0.740949,1.02812
-0.875121,1.20312,0.744134,1.02812
-0.87965,1.35625,0.739179,1.00625
-0.881126,1.29062,0.749778,0.9625
-0.882997,1.3125,0.743078,1.00625
-0.884909,1.29062,0.753241,0.940625
-0.888816,1.05,0.750506,1.05
-0.887239,1.33438,0.754273,1.05
-0.888424,1.29062,0.755569,0.9625
-0.891313,1.20312,0.753811,1.18125
-0.892498,1.20312,0.757287,1.1375
-0.893643,1.20312,0.756402,1.1375
-0.897299,1.3125,0.756389,0.9625
-0.896554,1.18125,0.760446,1.1375
-0.900646,1.18125,0.760433,1.15938
-0.906774,1.35625,0.762019,1.09375
-0.900069,1.20312,0.756919,0.9625
-0.901981,1.15938,0.75676,0.940625
-0.902689,1.15938,0.755875,1.1375
-0.906345,1.24687,0.75499,1.11563
-0.908257,1.24687,0.756285,1.09375
-0.904459,1.24687,0.751475,0.9625
-0.910878,1.20312,0.746229,1.15938
-0.908097,1.09375,0.742872,1.09375
-0.910009,1.18125,0.739806,1.11563
-0.908723,1.15938,0.735287,1.09375
-0.914374,1.20312,0.728006,1.05
-0.908436,1.1375,0.725667,1.05
-0.91525,1.20312,0.721874,1.07187
-0.906841,1.20312,0.712412,1.02812
-0.913986,1.18125,0.712544,1.02812
-0.911206,1.1375,0.704827,1.07187
-0.913408,1.15938,0.695946,0.9625
-0.910628,1.15938,0.688665,0.984375
-0.917046,1.18125,0.681674,0.9625
-0.913289,1.18125,0.673044,0.91875
-0.910799,1.225,0.665617,0.9625
-0.909368,1.225,0.654992,0.940625
-0.90586,1.15938,0.650036,0.9625
-0.908354,1.18125,0.639993,0.91875
-0.906341,1.20312,0.627187,0.896875
-0.900217,1.15938,0.61783,0.875
-0.902856,1.20312,0.605792,0.875
-0.898226,1.18125,0.595207,0.91875
-0.897231,1.24687,0.584146,0.984375
-0.895508,1.20312,0.569201,0.83125
-0.888553,1.20312,0.55004,0.853125
-0.891337,1.24687,0.530006,0.853125
-0.881765,1.20312,0.51477,0.896875
-0.880043,1.225,0.496336,0.91875
-0.876867,1.24687,0.474808,0.9625
-0.871946,1.26875,0.450705,0.83125
-0.867026,1.15938,0.432997,1.09375
-0.862106,1.1375,0.413836,0.940625
-0.858203,1.1375,0.392931,0.853125
-0.858516,1.18125,0.375473,0.91875
-0.849234,1.15938,0.355294,0.896875
-0.846494,1.1375,0.341948,0.765625
-0.837213,1.11563,0.327875,0.678125
-0.829676,1.1375,0.311871,0.7875
-0.819086,1.02812,0.302014,0.634375
-0.818963,1.09375,0.282998,0.7875
-0.811135,1.18125,0.271937,0.56875
-0.805779,1.07187,0.259318,0.503125
-0.797224,1.09375,0.252949,0.6125
-0.788669,1.05,0.23273,0.4375
-0.786075,1.02812,0.21822,0.39375
-0.773159,1.11563,0.202984,0.35
-0.762133,1.07187,0.192359,0.415625
-0.755323,1.07187,0.181048,0.39375
-0.74924,1.05,0.165521,0.459375
-0.74243,1.02812,0.154169,0.371875
-0.740271,0.9625,0.141841,0.30625
-0.726629,0.984375,0.118132,0.371875
-0.718074,0.9625,0.110456,0.328125
-0.706176,0.91875,0.0914398,0.415625
-0.700383,0.875,0.0726741,0.39375
-0.693573,0.91875,0.0593278,0.328125
-0.680076,0.896875,0.0530639,0.30625
-0.676028,0.984375,0.0472769,0.2625
-0.672125,0.984375,0.0431935,0.2625
-0.661971,0.984375,0.0366796,0.284375
-0.655161,0.9625,0.0318694,0.2625
-0.647624,0.940625,0.0209944,0.21875
-0.643721,0.940625,0.0219991,0.153125
-0.63444,0.9625,0.0183926,-0.284375
-0.62574,0.91875,0.00326111,-0.175
-0.616458,0.91875,-0.00223519,0.175
-0.610666,0.875,-0.00268426,0.240625
-0.59964,0.83125,-0.00381944,-0.13125
-0.591376,0.853125,-0.0113917,-0.175
-0.590962,0.896875,-0.0199407,0.240625
-0.578773,0.809375,-0.0264954,0.21875
-0.572981,0.83125,-0.0279213,-0.153125
-0.56617,0.678125,-0.0273528,0.21875
-0.556162,0.74375,-0.0292556,0.153125
-0.548625,0.7875,-0.0338796,0.065625
-0.537454,0.74375,-0.0417426,0
-0.528463,0.765625,-0.0421509,-0.0875
-0.520926,0.765625,-0.0436176,-0.109375
-0.50583,0.7,-0.0445028,0.175
-0.499456,0.678125,-0.0466556,0.328125
-0.493954,0.6125,-0.0471046,0.13125
-0.482782,0.634375,-0.0507519,0.0875
-0.477717,0.6125,-0.0527593,-0.0875
-0.465528,0.721875,-0.0487019,0.109375
-0.457991,0.7,-0.0494417,0.021875
-0.446529,0.7,-0.0469833,0.065625
-0.43434,0.721875,-0.0510259,0.0875
-0.424186,0.634375,-0.0510389,0.065625
-0.415922,0.6125,-0.0533778,0.04375
-0.409548,0.634375,-0.049425,0.021875
-0.404046,0.503125,-0.0513278,-0.39375
-0.396509,0.459375,-0.0495963,-0.284375
-0.391444,0.56875,-0.044812,-0.2625
-0.384633,0.546875,-0.044825,-0.2625
-0.384219,0.590625,-0.0516296,-0.2625
-0.376682,0.503125,-0.0473861,-0.021875
-0.367878,0.48125,-0.0495389,-0.13125
-0.361068,0.65625,-0.0509241,-0.2625
-0.356002,0.459375,-0.0538037,-0.153125
-0.347197,0.525,-0.0495602,-0.21875
-0.339369,0.525,-0.0573417,-0.04375
-0.339432,0.525,-0.053825,-0.0875
-0.33582,0.525,-0.0523435,-0.196875
-0.330755,0.525,-0.0544556,-0.240625
-0.319188,0.503125,-0.0683833,-0.153125
-0.319792,0.503125,-0.063413,-0.21875
-0.314185,0.503125,-0.0675602,-0.0875
-0.312463,0.678125,-0.0668056,-0.175
-0.309328,0.48125,-0.0728833,-0.35
-0.305716,0.4375,-0.0667093,-0.240625
-0.303703,0.39375,-0.0784565,-0.153125
-0.30551,0.459375,-0.0766843,-0.175
-0.302334,0.459375,-0.0791278,-0.153125
-0.299635,0.459375,-0.0683019,-0.109375
-0.297186,0.4375,-0.0690009,-0.153125
-0.294487,0.4375,-0.0689731,-0.13125
-0.295672,0.415625,-0.0689454,-0.153125
-0.291479,0.39375,-0.0696444,-0.153125
-0.29474,0.415625,-0.0698667,-0.2625
-0.293018,0.4375,-0.0698389,-0.0875
-0.29468,0.48125,-0.0690843,-0.0875
-0.29194,0.459375,-0.0683296,-0.196875
-0.294183,0.415625,-0.067575,-0.13125
-0.296822,0.39375,-0.0660935,-0.13125
-0.295391,0.39375,-0.064862,-0.0875
-0.296762,0.35,-0.0626537,-0.196875
-0.296057,0.415625,-0.0604454,-0.109375
-0.298446,0.35,-0.0589639,-0.175
-0.300649,0.371875,-0.0567556,-0.175
-0.301584,0.546875,-0.0538204,-0.13125
-0.302043,0.328125,-0.051612,-0.065625
-0.304722,0.503125,-0.0486769,-0.065625
-0.30707,0.48125,-0.0457417,-0.065625
-0.313198,0.503125,-0.0416028,-0.0875
-0.312389,0.503125,-0.0386676,-0.065625
-0.31779,0.503125,-0.0350056,-0.065625
-0.319452,0.503125,-0.0313435,-0.021875
-0.324998,0.525,-0.0269546,-0.065625
-0.322735,0.525,-0.0225657,0.13125
-0.330026,0.6125,-0.0181769,-0.04375
-0.333392,0.415625,-0.0130611,-0.109375
-0.339269,0.525,-0.00867222,-0.109375
-0.340891,0.39375,-0.00355648,-0.0875
-0.344006,0.546875,0.00155926,0.04375
-0.349117,0.48125,0.006675,0.04375
-0.355867,0.503125,0.0125176,0.21875
-0.361704,0.525,0.0183602,0.30625
-0.362307,0.525,0.0244528,0.39375
-0.372546,0.56875,0.0302954,0.328125
-0.374458,0.525,0.0368648,0.284375
-0.377283,0.6125,0.0434343,0.39375
-0.389517,0.415625,0.0492769,0.30625
-0.394813,0.6125,0.0565731,0.328125
-0.396144,0.525,0.0631426,-0.153125
-0.398782,0.546875,0.0704389,0.2625
-0.412219,0.546875,0.0777352,-0.0875
-0.412532,0.56875,0.0850315,-0.0875
-0.429604,0.590625,0.0933046,0.13125
-0.43515,0.546875,0.100601,-0.04375
-0.4419,0.56875,0.109351,-0.109375
-0.448173,0.56875,0.117374,0.240625
-0.446637,0.634375,0.125397,-0.021875
-0.45291,0.56875,0.13367,-0.04375
-0.467469,0.6125,0.14242,0
-0.461281,0.546875,0.150444,0.459375
-0.480493,0.634375,0.159194,0.459375
-0.487243,0.634375,0.167944,0.39375
-0.494243,0.634375,0.176944,0.4375
-0.500993,0.634375,0.185694,0.328125
-0.507993,0.678125,0.194444,0.21875
-0.514993,0.634375,0.203194,0.4375
-0.521743,0.678125,0.212194,0.48125
-0.528743,0.634375,0.220944,0.240625
-0.535493,0.7,0.229694,0.48125
-0.542493,0.721875,0.238444,0.39375
-0.549243,0.678125,0.247194,0.503125
-0.556243,0.65625,0.256194,0.48125
-0.562993,0.74375,0.264944,0.48125
-0.569993,1.00625,0.273694,0.371875
-0.576743,0.74375,0.282444,0.415625
-0.583743,0.74375,0.290717,0.39375
-0.590493,0.678125,0.299467,0.525
-0.597493,0.721875,0.308217,0.546875
-0.604243,0.7875,0.316967,0.56875
-0.610516,0.765625,0.32524,0.459375
-0.617266,0.83125,0.33399,0.525
-0.624266,0.83125,0.34274,0.48125
-0.630289,0.83125,0.350763,0.459375
-0.634381,0.809375,0.36834,0.459375
-0.644039,0.678125,0.367786,0.546875
-0.648422,0.83125,0.375082,0.415625
-0.652951,0.896875,0.383356,0.503125
-0.654322,0.896875,0.391379,0.48125
-0.668155,0.74375,0.399402,0.634375
-0.674905,0.809375,0.408402,0.503125
-0.675363,0.809375,0.416425,0.525
-0.683567,0.91875,0.423971,0.721875
-0.692747,0.91875,0.431994,0.503125
-0.695863,0.91875,0.451502,0.56875
-0.702136,0.91875,0.447564,0.546875
-0.698856,1.02812,0.455587,0.56875
-0.707309,0.9625,0.463133,0.590625
-0.713332,0.91875,0.471156,0.634375
-0.725275,0.9625,0.478453,0.721875
-0.727664,0.940625,0.494576,0.765625
-0.739752,0.984375,0.493295,0.721875
-0.731093,0.9625,0.500115,0.809375
-0.741291,0.940625,0.507411,0.678125
-0.750076,0.984375,0.514957,0.721875
-0.753878,1.00625,0.527342,0.634375
-0.756703,1.09375,0.527619,0.678125
-0.759342,1.07187,0.534916,0.7875
-0.763911,1.05,0.541008,0.65625
-0.779779,1.05,0.547578,0.7875
-0.772532,0.875,0.561956,0.765625
-0.777102,1.09375,0.567322,1.02812
-0.785846,1.05,0.575927,0.7875
-0.79216,1.05,0.575623,0.765625
-0.793491,1.00625,0.576087,0.765625
-0.79617,1.07187,0.581453,0.853125
-0.807386,1.09375,0.590203,0.765625
-0.801344,0.9625,0.601238,0.83125
-0.810088,1.09375,0.5973,0.83125
-0.809279,1.09375,0.601689,0.875
-0.81875,1.05,0.612869,0.853125
-0.82143,1.11563,0.617072,0.875
-0.820289,1.02812,0.62902,1.02812
-0.825149,1.11563,0.632932,0.875
-0.830259,1.09375,0.631175,0.809375
-0.832357,1.11563,0.629022,0.940625
-0.830344,0.9625,0.638022,0.875
-0.835205,1.11563,0.640771,0.91875
-0.836826,1.11563,0.646614,0.91875
-0.839215,1.11563,0.647619,0.9625
-0.840836,1.07187,0.651967,1.09375
-0.847691,1.18125,0.661112,1.07187
-0.847608,1.11563,0.66332,0.896875
-0.848503,1.18125,0.659382,0.940625
-0.849147,1.20312,0.657916,0.91875
-0.856002,1.15938,0.666916,1.07187
-0.848796,1.18125,0.673631,0.940625
-0.856087,1.18125,0.670856,1.1375
-0.859494,1.07187,0.680728,0.940625
-0.859661,1.15938,0.682459,0.875
-0.853764,1.20312,0.675614,0.9625
-0.864253,1.09375,0.68669,0.896875
-0.863007,1.07187,0.683769,0.984375
-0.862448,1.18125,0.68303,0.984375
-0.862366,1.18125,0.681022,0.91875
-0.858649,1.1375,0.683521,1.02812
-0.866231,1.15938,0.691649,0.940625
-0.867456,1.15938,0.680193,0.984375
-0.860542,1.15938,0.684395,0.984375
-0.86885,1.11563,0.687621,0.984375
-0.862662,1.18125,0.692301,0.9625
-0.862103,1.1375,0.691561,0.9625
-0.862311,1.1375,0.682285,1.11563
-0.866154,1.07187,0.692594,1.11563
-0.867339,1.09375,0.691604,0.984375
-0.86464,1.11563,0.684322,0.9625
-0.860196,1.11563,0.689002,1.00625
-0.863562,1.1375,0.691024,0.9625
-0.865515,1.07187,0.693959,0.984375
-0.866741,1.1375,0.692783,1.00625
-0.857605,1.15938,0.68249,0.984375
-0.858831,1.1375,0.690181,0.9625
-0.860016,1.18125,0.690209,0.9625
-0.857753,1.18125,0.68976,0.9625
-0.860142,1.20312,0.681938,0.9625
-0.861618,1.11563,0.684978,0.9625
-0.860081,1.20312,0.687913,1.05
-0.8584,1.18125,0.689208,0.940625
-0.856387,1.1375,0.688759,0.984375
-0.857613,1.15938,0.684571,0.984375
-0.854623,1.07187,0.676999,0.984375
-0.856099,1.18125,0.686185,0.984375
-0.848167,1.225,0.67934,1.05
-0.852405,1.24687,0.678891,1.02812
-0.853776,1.1375,0.675284,1.02812
-0.847879,1.15938,0.677743,0.875
-0.845139,1.07187,0.680056,0.984375
-0.843167,1.07187,0.669762,0.9625
-0.841194,1.1375,0.672511,0.853125
-0.841944,1.02812,0.67308,0.83125
-0.836337,1.15938,0.665548,0.875
-0.83287,1.11563,0.658994,0.9625
-0.832643,1.11563,0.667412,0.853125
-0.827472,1.11563,0.657409,0.875
-0.828657,1.07187,0.660885,0.896875
-0.818835,1.15938,0.656802,0.940625
-0.819625,1.05,0.653155,0.984375
-0.815431,0.984375,0.648094,0.984375
-0.807354,1.07187,0.636597,0.984375
-0.807562,1.07187,0.639346,0.9625
-0.796827,1.07187,0.633809,0.896875
-0.794564,1.07187,0.629435,0.875
-0.793132,0.9625,0.631934,0.896875
-0.78898,0.9625,0.629305,0.940625
-0.783809,1.05,0.630891,0.984375
-0.778744,1.00625,0.618957,0.83125
-0.774591,0.984375,0.617055,0.875
-0.770438,1.00625,0.614425,1.02812
-0.761593,1.00625,0.610819,0.896875
-0.751625,0.984375,0.606008,0.896875
-0.747431,0.984375,0.606577,0.875
-0.741825,0.940625,0.598569,0.940625
-0.734038,0.91875,0.595939,0.853125
-0.73406,0.896875,0.593309,0.7875
-0.726709,0.896875,0.589953,0.853125
-0.718195,0.896875,0.586596,0.809375
-0.707896,0.940625,0.581786,0.853125
-0.701563,0.940625,0.577703,0.809375
-0.695044,0.940625,0.574346,0.83125
-0.68871,0.83125,0.570263,0.83125
-0.682377,0.91875,0.56618,0.896875
-0.672659,1.00625,0.558462,0.809375
-0.662837,0.91875,0.554379,0.853125
-0.656754,0.896875,0.550295,0.83125
-0.651438,0.91875,0.545485,0.7875
-0.646849,0.896875,0.541402,0.7875
-0.640039,0.940625,0.536592,0.74375
-0.631961,0.875,0.532508,0.765625
-0.624901,0.853125,0.527448,0.83125
-0.618818,0.875,0.523365,0.809375
-0.614229,0.74375,0.519281,0.853125
-0.602226,0.74375,0.512768,0.721875
-0.599381,0.809375,0.508684,0.721875
-0.591304,0.83125,0.504351,0.74375
-0.586238,0.809375,0.499541,0.7
-0.579905,0.91875,0.495457,0.74375
-0.573571,0.83125,0.491124,0.65625
-0.566511,0.83125,0.486314,0.7
-0.558683,0.765625,0.482231,0.7
-0.555257,0.7875,0.478147,0.721875
-0.546744,0.7,0.474541,0.74375
-0.542591,0.765625,0.469731,0.765625
-0.530402,0.7875,0.464194,0.65625
-0.531192,0.74375,0.460587,0.65625
-0.523114,0.74375,0.456504,0.65625
-0.512419,0.7,0.450967,0.678125
-0.513459,0.678125,0.44761,0.765625
-0.503637,0.65625,0.443277,0.634375
-0.498031,0.678125,0.43992,0.721875
-0.49097,0.678125,0.43511,0.590625
-0.48391,0.65625,0.4303,0.6125
-0.477827,0.7,0.426217,0.6125
-0.466115,0.74375,0.421156,0.6125
-0.468649,0.74375,0.4178,0.6125
-0.459554,0.74375,0.414444,0.634375
-0.457686,0.7,0.411087,0.590625
-0.453097,0.65625,0.407004,0.6125
-0.444002,0.7,0.403647,0.525
-0.442611,0.7,0.401018,0.56875
-0.432603,0.678125,0.394754,0.634375
-0.423507,0.678125,0.391147,0.634375
-0.423134,0.65625,0.387791,0.65625
-0.409387,0.590625,0.384434,0.525
-0.412171,0.65625,0.381078,0.56875
-0.408455,0.6125,0.378448,0.546875
-0.398196,0.6125,0.375092,0.546875
-0.396806,0.6125,0.372462,0.525
-0.395083,0.678125,0.369832,0.525
-0.391221,0.6125,0.366476,0.525
-0.388086,0.634375,0.363846,0.503125
-0.38466,0.634375,0.36267,0.35
-0.379013,0.48125,0.360768,0.546875
-0.377768,0.56875,0.358865,0.525
-0.376813,0.6125,0.358416,0.546875
-0.373387,0.590625,0.35724,0.546875
-0.37559,0.56875,0.356791,0.546875
-0.37638,0.546875,0.354161,0.503125
-0.370919,0.525,0.357346,0.503125
-0.368219,0.525,0.356897,0.503125
-0.371004,0.546875,0.356448,0.48125
-0.369031,0.546875,0.356726,0.503125
-0.363861,0.525,0.35555,0.459375
-0.365523,0.48125,0.356805,0.503125
-0.365545,0.415625,0.357082,0.525
-0.369243,0.525,0.359541,0.525
-0.369887,0.525,0.361272,0.503125
-0.37184,0.503125,0.364457,0.546875
-0.370554,0.503125,0.366916,0.503125
-0.375995,0.503125,0.369374,0.546875
-0.379838,0.525,0.372809,0.546875
-0.378116,0.48125,0.375994,0.546875
-0.382685,0.525,0.379906,0.503125
-0.388999,0.525,0.383819,0.503125
-0.390661,0.4375,0.387731,0.590625
-0.395044,0.525,0.392619,0.503125
-0.397433,0.525,0.397258,0.546875
-0.400549,0.503125,0.402624,0.546875
-0.408317,0.546875,0.40799,0.546875
-0.406054,0.56875,0.412629,0.503125
-0.413821,0.525,0.417744,0.65625
-0.421153,0.590625,0.423837,0.503125
-0.421506,0.503125,0.42968,0.678125
-0.42782,0.590625,0.436499,0.503125
-0.443438,0.590625,0.443069,0.6125
-0.444373,0.590625,0.449161,0.546875
-0.441529,0.6125,0.456457,0.7
-0.452494,0.56875,0.463277,0.65625
-0.457791,0.65625,0.470573,0.590625
-0.468466,0.65625,0.478846,0.634375
-0.467366,0.590625,0.486393,0.65625
-0.48371,0.590625,0.493689,0.678125
-0.489733,0.678125,0.501962,0.678125
-0.495756,0.678125,0.509985,0.678125
-0.502506,0.678125,0.518985,0.678125
-0.505622,0.459375,0.527008,0.678125
-0.51528,0.634375,0.536008,0.678125
-0.52203,0.678125,0.545008,0.809375
-0.52878,0.7,0.553758,0.7
-0.53553,0.74375,0.562758,0.7
-0.538645,0.7,0.571031,0.765625
-0.548303,0.74375,0.579781,0.7875
-0.555053,0.74375,0.588781,0.7875
-0.562053,0.721875,0.597781,0.765625
-0.568803,0.678125,0.606531,0.809375
-0.575553,0.765625,0.615531,0.7875
-0.582303,0.74375,0.626712,0.853125
-0.589053,0.7875,0.632555,0.83125
-0.595803,0.721875,0.641555,0.875
-0.602553,0.7875,0.650555,0.896875
-0.609303,0.809375,0.669876,0.875
-0.616053,0.853125,0.667578,0.896875
-0.622803,0.853125,0.676578,0.875
-0.629553,0.853125,0.689503,0.875
-0.636303,0.853125,0.693851,0.91875
-0.643053,0.853125,0.702601,0.853125
-0.649803,0.875,0.715526,0.91875
-0.656553,0.853125,0.71842,1.02812
-0.663303,0.853125,0.72742,1.02812
-0.670053,0.896875,0.734967,0.940625
-0.676803,0.853125,0.74324,0.9625
-0.683553,0.853125,0.75417,1.05
-0.689576,0.875,0.763897,1.00625
-0.695599,0.91875,0.777113,1.02812
-0.702349,0.896875,0.783932,1.02812
-0.700813,0.9625,0.787844,1.05
-0.714395,0.91875,0.790448,1.05
-0.721145,0.9625,0.799012,1.15938
-0.727169,0.984375,0.809756,1.05
-0.733192,0.940625,0.819338,1.20312
-0.739942,0.9625,0.818017,1.1375
-0.745965,0.91875,0.827784,1.11563
-0.752715,0.91875,0.835621,1.09375
-0.751179,0.9625,0.840987,1.09375
-0.765488,0.9625,0.84708,1.11563
-0.771511,1.02812,0.857097,1.11563
-0.778261,1.02812,0.8613,0.83125
-0.784284,1.02812,0.865939,1.18125
-0.778096,1.00625,0.867089,1.225
-0.790516,0.940625,0.875653,1.24687
-0.796539,1.07187,0.885234,1.3125
-0.799073,1.05,0.891908,1.225
-0.805346,1.02812,0.896361,1.1375
-0.808898,1.07187,0.900273,1.225
-0.825969,1.07187,0.903749,1.26875
-0.831266,1.1375,0.908679,1.24687
-0.832637,1.1375,0.910701,1.07187
-0.830374,1.11563,0.912432,1.09375
-0.838578,1.20312,0.912565,1.1375
-0.844601,1.11563,0.914878,1.35625
-0.845536,1.07187,0.913266,1.15938
-0.855484,1.07187,0.918341,0.634375
-0.856129,1.11563,0.917269,1.15938
-0.861861,1.1375,0.911732,1.11563
-0.870646,1.1375,0.905759,1.11563
-0.871727,1.18125,0.899059,1.1375
-0.875133,1.18125,0.89672,1.1375
-0.880866,1.11563,0.88242,1.1375
-0.884272,1.1375,0.879936,1.09375
-0.888842,1.18125,0.871242,1.09375
-0.887451,1.18125,0.864832,1.05
-0.896527,1.18125,0.855806,1.05
-0.900369,1.11563,0.843001,1.20312
-0.905375,1.20312,0.833248,1.09375
-0.903839,1.15938,0.815105,1.05
-0.904774,1.15938,0.80259,1.00625
-0.91007,1.26875,0.78426,0.9625
-0.90679,1.42188,0.766803,0.91875
-0.908929,1.24687,0.744548,1.02812
-0.917714,1.24687,0.716769,1.225
-0.911235,1.225,0.696405,1.02812
-0.914642,1.18125,0.664119,1.11563
-0.913832,1.225,0.643359,1.09375
-0.913605,1.20312,0.610783,1.15938
-0.90858,1.225,0.586057,0.896875
-0.91155,1.3125,0.555226,0.853125
-0.910014,1.24687,0.532244,1.00625
-0.909495,1.18125,0.50999,0.7875
-0.908977,0.7875,0.494713,1.00625
-0.905551,1.20312,0.467806,0.765625
-0.906195,1.11563,0.453838,0.634375
-0.898594,1.07187,0.433328,0.634375
-0.903455,1.20312,0.41965,0.590625
-0.900174,1.11563,0.407717,0.48125
-0.897766,1.225,0.384444,0.4375
-0.89623,1.20312,0.358265,0.48125
-0.889896,1.225,0.322781,0.48125
-0.889669,1.18125,0.295294,0.634375
-0.882027,1.24687,0.25574,0.503125
-0.879037,1.20312,0.219239,0.503125
-0.875902,1.26875,0.178522,0.48125
-0.875093,1.18125,0.142562,0.503125
-0.870504,1.05,0.096612,0.503125
-0.86606,1.07187,0.0601111,0.525
-0.858709,1.1375,0.0240463,0.48125
-0.85601,1.02812,-0.0141991,0.39375
-0.851567,1.07187,-0.0427046,0.371875
-0.849635,1.11563,-0.0675759,0.35
-0.841267,1.11563,-0.100006,0.35
-0.834933,0.984375,-0.130297,0.415625
-0.827582,1.07187,-0.147028,0.2625
-0.824156,1.1375,-0.158525,0.21875
-0.818841,1.00625,-0.170458,0.175
-0.816578,1.05,-0.177449,0.21875
-0.809808,1.15938,-0.181719,0.065625
-0.805656,1.1375,-0.192925,0
-0.806155,1.18125,-0.200497,0
-0.79735,1.225,-0.197457,0.13125
-0.793197,1.225,-0.204198,-0.284375
-0.790207,1.20312,-0.210753,0.2625
-0.787799,1.11563,-0.214836,-0.30625
-0.775069,1.24687,-0.217175,-0.21875
-0.773388,1.11563,-0.224933,-0.196875
-0.764147,1.11563,-0.234105,-0.21875
-0.763629,1.18125,-0.245311,-0.284375
-0.757295,1.09375,-0.246237,-0.328125
-0.754596,1.02812,-0.249594,-0.175
-0.756404,0.984375,-0.250769,-0.175
-0.753705,0.984375,-0.250242,-0.30625
-0.750279,1.02812,-0.261739,-0.503125
-0.741619,1.07187,-0.259467,-0.2625
-0.7427,1.225,-0.26166,-0.21875
-0.738547,1.05,-0.259638,-0.30625
-0.734104,0.9625,-0.262599,-0.35
-0.725485,0.984375,-0.265519,-0.2625
-0.723804,1.00625,-0.266009,-0.240625
-0.718633,1.02812,-0.26704,-0.240625
-0.714481,0.9625,-0.267634,-0.328125
-0.710328,1.07187,-0.268415,-0.415625
-0.707193,0.984375,-0.266247,-0.109375
-0.700132,1.02812,-0.258451,-0.328125
-0.690601,0.9625,-0.256865,-0.284375
-0.687175,0.984375,-0.250377,0.065625
-0.67837,0.853125,-0.242831,-0.196875
-0.675962,0.940625,-0.228929,-0.153125
-0.659889,0.875,-0.224435,-0.240625
-0.650357,0.83125,-0.213981,-0.4375
-0.644751,0.809375,-0.199562,-0.35
-0.634969,0.83125,-0.196231,-0.13125
-0.627619,0.853125,-0.181812,-0.2625
-0.618128,0.809375,-0.168846,-0.13125
-0.614702,0.83125,-0.159265,-0.21875
-0.606229,0.875,-0.146008,-0.415625
-0.597715,0.853125,-0.144818,-0.21875
-0.587747,0.875,-0.137417,-0.2625
-0.579419,0.896875,-0.133755,-0.240625
-0.571923,0.875,-0.124859,-0.196875
-0.566794,0.853125,-0.12211,-0.240625
-0.555081,0.91875,-0.123827,-0.328125
-0.550243,0.7875,-0.114391,-0.240625
-0.536495,0.853125,-0.122213,-0.21875
-0.527255,0.7875,-0.120191,-0.21875
-0.523433,0.7875,-0.119872,-0.240625
-0.516373,0.74375,-0.121298,-0.328125
-0.512261,0.56875,-0.116369,-0.153125
-0.506364,0.74375,-0.118521,-0.109375
-0.505991,0.765625,-0.122895,-0.109375
-0.491994,0.74375,-0.128246,-0.21875
-0.489876,0.721875,-0.126951,-0.196875
-0.484019,0.590625,-0.124743,-0.196875
-0.470854,0.721875,-0.129117,-0.109375
-0.467428,0.7,-0.131019,-0.196875
-0.457646,0.678125,-0.128666,-0.153125
-0.451894,0.765625,-0.128097,-0.153125
-0.447056,0.65625,-0.134902,-0.13125
-0.441449,0.65625,-0.136805,-0.153125
-0.437732,0.678125,-0.137068,-0.109375
-0.432894,0.634375,-0.132283,-0.13125
-0.430485,0.6125,-0.133459,-0.109375
-0.424338,0.6125,-0.132705,-0.109375
-0.422656,0.525,-0.136788,-0.109375
-0.425191,0.56875,-0.137487,-0.2625
-0.420061,0.56875,-0.140117,-0.240625
-0.417362,0.56875,-0.140566,-0.2625
-0.419065,0.525,-0.141265,-0.196875
-0.413168,0.546875,-0.143168,-0.175
-0.41294,0.590625,-0.14289,-0.284375
-0.411735,0.6125,-0.143589,-0.0875
-0.407292,0.634375,-0.144038,-0.109375
-0.410262,0.6125,-0.145214,-0.04375
-0.411965,0.6125,-0.142756,-0.109375
-0.408975,0.546875,-0.142001,-0.109375
-0.410387,0.678125,-0.140996,-0.04375
-0.410595,0.634375,-0.138538,-0.153125
-0.413566,0.6125,-0.136806,-0.109375
-0.414251,0.634375,-0.133871,-0.153125
-0.420565,0.809375,-0.129959,-0.0875
-0.423244,0.721875,-0.126774,-0.109375
-0.424656,0.678125,-0.122862,-0.175
-0.430244,0.634375,-0.120654,-0.109375
-0.431656,0.6125,-0.116742,-0.109375
-0.435789,0.56875,-0.112103,-0.04375
-0.439922,0.65625,-0.107464,-0.0875
-0.446713,0.74375,-0.102825,-0.284375
-0.447357,0.65625,-0.0981861,-0.30625
-0.457596,0.65625,-0.0920935,-0.13125
-0.455519,0.765625,-0.0855241,0.021875
-0.461106,0.7,-0.0794315,-0.0875
-0.467856,0.2625,-0.0740657,-0.065625
-0.47174,0.634375,-0.0665194,-0.04375
-0.481688,0.634375,-0.0589731,-0.065625
-0.494294,0.634375,-0.0514269,-0.065625
-0.494502,0.634375,-0.0431537,-0.284375
-0.503432,0.7875,-0.0348806,0
-0.504554,0.74375,-0.0266074,-0.0875
-0.515229,0.678125,-0.0183343,-0.0875
-0.524886,0.65625,-0.00933426,-0.240625
-0.530659,0.7875,-0.00106111,0
-0.537409,0.809375,0.00793889,-0.13125
-0.544159,0.7,0.0169389,-0.065625
-0.550659,0.83125,0.0259389,0.04375
-0.557409,0.809375,0.0349389,0.21875
-0.564159,0.74375,0.0439389,-0.065625
-0.570659,0.765625,0.0529389,0.175
-0.577409,0.74375,0.0619389,0.284375
-0.584159,0.83125,0.0711889,0.30625
-0.590909,0.765625,0.0801889,0.2625
-0.597659,0.765625,0.0894389,0.175
-0.604409,0.853125,0.097962,0.065625
-0.610909,0.896875,0.107212,0.0875
-0.617659,0.91875,0.116212,0.2625
-0.624409,0.809375,0.135056,0.109375
-0.631159,0.809375,0.133258,0.284375
-0.637909,0.91875,0.142944,0.065625
-0.644659,0.9625,0.150781,0.196875
-0.651409,0.9625,0.159305,0.284375
-0.658159,0.853125,0.168991,-0.021875
-0.664909,0.853125,0.177078,0.21875
-0.671409,0.91875,0.185601,0.21875
-0.678159,0.9625,0.194601,0.065625
-0.684909,0.853125,0.203851,0.21875
-0.691659,0.940625,0.212374,0.153125
-0.698409,0.896875,0.221624,0.2625
-0.705159,0.940625,0.230147,0.2625
-0.705368,1.02812,0.23867,0.35
-0.717932,0.896875,0.24792,-0.109375
-0.724682,0.940625,0.25717,0.21875
-0.730706,0.984375,0.265694,0.30625
-0.737206,1.02812,0.278619,0.35
-0.743229,1.05,0.28249,0.21875
-0.749979,1.11563,0.29174,0.503125
-0.756002,1.00625,0.300263,0.39375
-0.762752,0.9625,0.309513,0.4375
-0.769502,1.11563,0.318763,0.48125
-0.770146,1.11563,0.325832,0.39375
-0.781548,1.05,0.335082,0.2625
-0.787571,0.9625,0.343606,0.415625
-0.786035,1.05,0.351402,0.371875
-0.799618,1.02812,0.359925,0.39375
-0.799826,1.09375,0.372809,0.4375
-0.800616,1.15938,0.387002,0.4375
-0.808133,1.11563,0.384,0.240625
-0.818808,1.05,0.391796,0.56875
-0.823669,1.15938,0.397703,0.415625
-0.824458,1.18125,0.410151,0.525
-0.836151,1.09375,0.42289,0.4375
-0.842174,1.05,0.428942,0.525
-0.850959,1.05,0.438192,0.525
-0.858145,1.05,0.43305,0.590625
-0.855882,1.15938,0.448696,0.56875
-0.859434,1.05,0.455289,0.74375
-0.865457,1.18125,0.455962,0.56875
-0.873516,1.05,0.472626,0.56875
-0.878085,1.11563,0.472136,0.503125
-0.876985,1.11563,0.474263,0.590625
-0.890858,1.1375,0.479402,0.546875
-0.894701,1.1375,0.486326,0.590625
-0.887205,1.18125,0.496594,0.65625
-0.898897,1.15938,0.497557,0.678125
-0.903467,1.15938,0.500225,0.65625
-0.907309,1.26875,0.510783,0.546875
-0.904756,1.33438,0.51669,0.525
-0.910819,1.11563,0.521869,0.7
-0.91568,1.07187,0.519594,0.7875
-0.918795,1.11563,0.525792,0.83125
-0.920167,1.24687,0.525011,0.65625
-0.917613,1.15938,0.535093,0.48125
-0.922473,1.33438,0.536638,0.590625
-0.926025,1.29062,0.539782,0.590625
-0.931612,1.33438,0.541578,0.940625
-0.928622,1.24687,0.538617,0.634375
-0.926359,1.20312,0.539871,0.590625
-0.931656,1.29062,0.547045,0.678125
-0.930596,1.3125,0.543375,0.65625
-0.929869,1.26875,0.54367,0.590625
-0.928559,1.24687,0.539564,0.7
-0.928227,1.24687,0.541999,0.634375
-0.926191,1.33438,0.537352,0.74375
-0.924259,1.35625,0.533245,0.7
-0.925421,1.24687,0.529866,0.74375
-0.920769,1.18125,0.528271,0.721875
-0.91404,0.896875,0.517769,0.875
-0.914039,1.225,0.516569,0.940625
-0.907642,1.20312,0.512754,0.4375
-0.906146,1.225,0.509124,0.721875
-0.901203,1.26875,0.503564,0.74375
-0.899998,1.15938,0.499894,0.9625
-0.89142,1.20312,0.490408,0.809375
-0.888221,1.1375,0.482377,0.721875
-0.884545,1.18125,0.479474,0.765625
-0.879893,1.09375,0.471733,0.6125
-0.874763,1.09375,0.462684,0.30625
-0.863714,1.15938,0.463811,0.7
-0.859061,1.07187,0.44793,0.678125
-0.852478,1.11563,0.441643,0.678125
-0.838521,1.11563,0.434379,0.74375
-0.831211,1.1375,0.435651,0.678125
-0.823651,1.11563,0.431108,0.83125
-0.8158,1.11563,0.416971,0.590625
-0.814159,1.07187,0.410684,0.590625
-0.800203,1.1375,0.405124,0.7
-0.802487,1.225,0.401018,0.503125
-0.794636,1.29062,0.396911,0.546875
-0.782424,1.11563,0.391351,0.546875
-0.77555,1.20312,0.385064,0.415625
-0.766536,1.02812,0.380957,0.459375
-0.759226,1.09375,0.375397,0.546875
-0.748904,1.1375,0.370564,0.546875
-0.745373,1.11563,0.36355,0.525
-0.736069,1.05,0.35774,0.590625
-0.738103,1.02812,0.353883,0.371875
-0.724106,1.09375,0.349777,0.525
-0.717563,1.00625,0.34349,0.7
-0.715341,1.00625,0.334295,0.48125
-0.709525,1.05,0.335277,0.48125
-0.702942,1.00625,0.33117,0.4375
-0.699306,1.05,0.328518,0.39375
-0.688694,0.984375,0.325865,0.459375
-0.684872,1.00625,0.321031,0.39375
-0.681237,0.984375,0.318379,0.48125
-0.66942,0.984375,0.314272,0.459375
-0.670001,0.940625,0.312346,0.39375
-0.665598,0.940625,0.309257,0.634375
-0.659201,0.896875,0.307768,0.678125
-0.657019,0.91875,0.306569,0.503125
-0.657559,0.875,0.302712,0.240625
-0.649418,0.853125,0.300059,0.6125
-0.646759,0.91875,0.297406,0.4375
-0.645305,0.896875,0.296207,0.6125
-0.642356,0.896875,0.295008,0.56875
-0.637703,0.896875,0.292356,0.39375
-0.630829,0.875,0.289226,0.39375
-0.626176,0.875,0.286573,0.590625
-0.622977,0.896875,0.285374,0.39375
-0.619592,0.91875,0.281994,0.39375
-0.612468,0.875,0.278865,0.39375
-0.609809,0.91875,0.276212,0.371875
-0.607337,0.91875,0.272832,0.39375
-0.600027,0.896875,0.27018,0.48125
-0.60148,0.875,0.269231,0.546875
-0.599257,0.853125,0.268758,0.590625
-0.592133,0.809375,0.268286,0.35
-0.588457,0.853125,0.26636,0.503125
-0.588166,0.853125,0.265411,0.284375
-0.581809,0.721875,0.263462,0.109375
-0.582285,0.83125,0.260286,0.240625
-0.576074,0.765625,0.258814,0.35
-0.57466,0.7875,0.255161,0.35
-0.56874,0.809375,0.252235,0.35
-0.561656,0.853125,0.249309,0.35
-0.560388,0.83125,0.246383,0.35
-0.558683,0.765625,0.244184,0.525
-0.558869,0.765625,0.242712,0.30625
-0.554983,0.7875,0.24124,0.415625
-0.553715,0.7,0.241221,0.35
-0.551429,0.809375,0.239022,0.590625
-0.553649,0.74375,0.239004,0.590625
-0.547002,0.984375,0.238258,0.35
-0.548205,0.7875,0.236059,0.371875
-0.545919,0.74375,0.236768,0.2625
-0.549593,0.809375,0.23893,0.30625
-0.546289,0.765625,0.240615,0.2625
-0.549236,0.74375,0.241323,0.240625
-0.552329,0.7875,0.242758,0.284375
-0.553241,0.7,0.238088,0.4375
-0.553426,0.74375,0.247082,0.39375
-0.552594,0.7875,0.248808,0.284375
-0.556994,0.83125,0.252133,0.284375
-0.558924,0.6125,0.253569,0.415625
-0.558819,0.74375,0.256457,0.21875
-0.561475,0.721875,0.258619,0.546875
-0.558898,0.765625,0.25071,0.153125
-0.564462,0.83125,0.26392,0.546875
-0.564211,0.896875,0.266082,0.35
-0.568757,0.809375,0.268971,0.371875
-0.572141,0.74375,0.27186,0.30625
-0.572762,0.809375,0.275476,0.21875
-0.581524,0.765625,0.279342,0.415625
-0.577494,0.765625,0.282957,0.415625
-0.584511,0.65625,0.286573,0.284375
-0.584696,0.721875,0.290916,0.30625
-0.591714,0.7,0.294531,0.30625
-0.593062,0.74375,0.299124,-0.0875
-0.597172,0.765625,0.30274,0.2625
-0.599247,0.83125,0.307809,0.30625
-0.604084,0.809375,0.312152,0.415625
-0.610666,0.853125,0.316744,0.459375
-0.615212,0.853125,0.322541,0.35
-0.614816,0.853125,0.326883,0.48125
-0.625031,0.7875,0.332203,0.48125
-0.624199,0.6125,0.337272,0.48125
-0.630926,0.83125,0.342342,0.328125
-0.641142,0.896875,0.347661,0.4375
-0.636675,0.853125,0.352004,0.48125
-0.650525,0.896875,0.3578,0.503125
-0.651146,0.896875,0.364573,0.48125
-0.663252,0.91875,0.370369,0.39375
-0.65675,0.875,0.376166,0.4375
-0.660133,0.896875,0.382212,0.459375
-0.676891,0.65625,0.388008,0.546875
-0.670203,0.896875,0.394531,0.371875
-0.68696,0.896875,0.400578,0.39375
-0.684674,0.896875,0.407101,0.4375
-0.69678,0.896875,0.413147,0.415625
-0.702053,1.00625,0.41967,0.590625
-0.707326,0.91875,0.426194,0.525
-0.712599,0.9625,0.432967,0.48125
-0.717872,0.9625,0.43949,0.525
-0.721982,0.984375,0.446263,0.48125
-0.727442,1.07187,0.451559,0.56875
-0.733442,1.00625,0.458559,0.459375
-0.737302,1.00625,0.464832,0.48125
-0.743738,1.00625,0.470856,0.525
-0.744109,0.91875,0.477129,0.525
-0.753784,1.05,0.483402,0.65625
-0.749754,0.984375,0.489425,0.634375
-0.764081,1.05,0.499623,0.721875
-0.769354,0.984375,0.501244,0.590625
-0.768998,1.05,0.506541,0.7
-0.77965,0.940625,0.513541,0.7875
-0.783946,1.05,0.519087,0.678125
-0.789219,1.05,0.52536,0.7
-0.794243,1.05,0.530656,0.678125
-0.799266,1.02812,0.53693,0.678125
-0.798724,1.00625,0.543203,0.678125
-0.805928,1.07187,0.548022,0.634375
-0.814108,1.07187,0.554295,0.809375
-0.818405,1.07187,0.558865,0.634375
-0.814374,1.07187,0.565138,0.721875
-0.824049,1.09375,0.571411,0.459375
-0.83034,1.07187,0.578411,0.634375
-0.83827,1.07187,0.581777,0.765625
-0.833513,1.07187,0.587073,0.7
-0.84784,1.07187,0.598434,0.7875
-0.842832,1.15938,0.597439,0.809375
-0.844907,1.15938,0.602258,0.721875
-0.851675,1.09375,0.607805,0.74375
-0.860873,1.09375,0.612624,0.74375
-0.864006,1.1375,0.61817,0.765625
-0.862156,1.18125,0.629822,0.809375
-0.87503,1.15938,0.626832,0.809375
-0.882483,1.18125,0.634559,0.7
-0.870353,1.20312,0.643304,0.875
-0.884057,1.20312,0.647396,0.721875
-0.877742,1.20312,0.654251,0.74375
-0.893336,1.18125,0.648022,0.809375
-0.891527,1.225,0.651388,0.91875
-0.902469,1.24687,0.668419,0.809375
-0.90066,1.20312,0.660736,0.83125
-0.900741,1.20312,0.664102,0.7875
-0.909794,1.20312,0.675608,0.896875
-0.907403,1.18125,0.675485,0.809375
-0.911222,1.29062,0.683357,0.809375
-0.916536,1.24687,0.688613,0.809375
-0.912506,1.24687,0.687618,0.809375
-0.919564,1.24687,0.687494,0.940625
-0.917423,1.24687,0.695367,0.940625
-0.923755,1.225,0.687684,0.83125
-0.923358,1.18125,0.701371,0.984375
-0.927945,1.3125,0.692962,0.91875
-0.92784,1.33438,0.694147,0.590625
-0.929956,1.3125,0.696059,0.91875
-0.931158,1.35625,0.707275,0.984375
-0.933274,1.29062,0.710205,0.853125
-0.933169,1.26875,0.712117,0.9625
-0.932813,1.3125,0.712575,1.00625
-0.938377,1.225,0.712556,0.91875
-0.934387,1.225,0.707055,0.83125
-0.933555,1.3125,0.701407,0.940625
-0.93945,1.33438,0.707535,0.984375
-0.936873,1.26875,0.704359,0.853125
-0.936081,1.29062,0.706562,0.984375
-0.92987,1.18125,0.707747,0.9625
-0.933731,1.18125,0.703368,0.9625
-0.932026,1.225,0.70557,0.9625
-0.927745,1.26875,0.703121,0.940625
-0.930693,1.35625,0.687444,1.20312
-0.926412,1.24687,0.696043,0.940625
-0.927615,1.18125,0.683999,0.7
-0.924352,1.20312,0.691104,0.940625
-0.923083,1.20312,0.680514,0.91875
-0.91982,1.29062,0.689113,0.875
-0.915644,1.3125,0.682739,0.875
-0.91558,1.33438,0.678069,0.853125
-0.915038,1.3125,0.678818,0.853125
-0.918171,1.20312,0.678258,0.91875
-0.912001,1.20312,0.669494,0.91875
-0.902632,1.18125,0.671633,0.896875
-0.905766,1.20312,0.674644,0.875
-0.902503,1.18125,0.662537,0.896875
-0.897827,1.225,0.67045,0.875
-0.894128,1.20312,0.666047,0.896875
-0.88912,1.18125,0.657429,1.05
-0.891381,1.225,0.649101,0.83125
-0.881763,1.18125,0.656473,0.896875
-0.874284,1.1375,0.643203,0.809375
-0.873056,1.18125,0.641417,0.83125
-0.871829,1.15938,0.646608,0.875
-0.869624,1.11563,0.636536,0.83125
-0.859529,1.1375,0.640274,0.83125
-0.856266,1.11563,0.629475,0.83125
-0.848932,1.11563,0.62067,0.875
-0.846978,1.24687,0.621646,0.7875
-0.843756,0.984375,0.620442,0.7875
-0.835695,1.15938,0.606008,0.7875
-0.829525,1.09375,0.602332,0.83125
-0.820883,1.07187,0.59793,0.7875
-0.81355,1.05,0.591596,0.809375
-0.804513,1.05,0.586467,0.74375
-0.801831,1.09375,0.582791,0.74375
-0.792754,1.15938,0.576207,0.83125
-0.784694,1.02812,0.568897,0.7875
-0.775075,1.02812,0.564018,0.765625
-0.768469,1.15938,0.558161,0.765625
-0.761135,0.7,0.551578,0.721875
-0.750458,1.07187,0.542814,0.7
-0.746759,1.05,0.536957,0.721875
-0.739903,1.05,0.531351,0.721875
-0.734023,1.00625,0.526221,0.678125
-0.728144,0.546875,0.521092,0.74375
-0.721537,1.07187,0.515235,0.678125
-0.715657,0.984375,0.510356,0.678125
-0.705603,0.984375,0.503045,0.65625
-0.701031,1.02812,0.495735,0.634375
-0.694134,0.875,0.491582,0.634375
-0.688545,1.00625,0.484999,0.678125
-0.685573,0.984375,0.479869,0.74375
-0.682932,0.678125,0.47499,0.6125
-0.672401,0.875,0.46986,0.56875
-0.667248,0.9625,0.465457,0.590625
-0.662531,0.896875,0.460578,0.56875
-0.658106,1.00625,0.456902,0.7
-0.655465,0.9625,0.451772,0.525
-0.642462,0.940625,0.446166,0.634375
-0.640217,0.83125,0.441763,0.590625
-0.637826,0.896875,0.428783,0.546875
-0.638052,0.896875,0.434661,0.590625
-0.630469,0.91875,0.430985,0.65625
-0.626769,0.91875,0.428286,0.546875
-0.620599,0.7875,0.42461,0.56875
-0.616464,0.83125,0.414643,0.56875
-0.613201,0.809375,0.416781,0.56875
-0.606158,0.83125,0.411652,0.546875
-0.602209,0.765625,0.406045,0.546875
-0.592695,0.83125,0.400189,0.546875
-0.586525,0.83125,0.393856,0.6125
-0.588059,0.809375,0.390906,0.546875
-0.579854,0.853125,0.388934,0.525
-0.576881,0.853125,0.386712,0.503125
-0.577148,0.875,0.38474,0.503125
-0.57592,0.875,0.382518,0.48125
-0.572948,0.853125,0.380545,0.503125
-0.57143,0.853125,0.376869,0.503125
-0.565259,0.83125,0.373444,0.48125
-0.558944,0.875,0.369041,0.48125
-0.550052,0.7875,0.364888,0.503125
-0.550569,0.809375,0.359758,0.525
-0.546869,0.853125,0.357059,0.503125
-0.545642,0.853125,0.354837,0.6125
-0.544123,0.678125,0.354069,0.503125
-0.539633,0.721875,0.351823,0.503125
-0.541354,0.7,0.350305,0.459375
-0.541225,0.7875,0.349513,0.459375
-0.53684,0.74375,0.346291,0.415625
-0.529588,0.74375,0.344772,0.459375
-0.530581,0.83125,0.342527,0.39375
-0.53147,0.721875,0.341735,0.39375
-0.530429,0.7875,0.340944,0.503125
-0.528951,0.7875,0.337721,0.4375
-0.530131,0.765625,0.337656,0.4375
-0.524873,0.765625,0.336865,0.4375
-0.521692,0.74375,0.335346,0.4375
-0.524284,0.765625,0.335281,0.4375
-0.52401,0.721875,0.333763,0.4375
-0.523695,0.74375,0.331268,0.35
-0.524875,0.765625,0.33411,0.48125
-0.528485,0.765625,0.334045,0.415625
-0.526426,0.74375,0.333981,0.415625
-0.530804,0.7,0.335369,0.415625
-0.525256,0.765625,0.333124,0.4375
-0.530651,0.765625,0.336694,0.371875
-0.532953,0.65625,0.337832,0.415625
-0.530934,0.7,0.332389,0.48125
-0.535998,0.6125,0.34061,0.415625
-0.537137,0.7,0.342726,0.415625
-0.535119,0.721875,0.342952,0.415625
-0.543381,0.765625,0.346231,0.371875
-0.545723,0.765625,0.349073,0.48125
-0.552241,0.65625,0.351189,0.48125
-0.551094,0.7875,0.354031,0.48125
-0.553687,0.7875,0.356874,0.459375
-0.558024,0.7,0.359717,0.4375
-0.566036,0.809375,0.361832,0.525
-0.566884,0.853125,0.364675,0.4375
-0.571698,0.83125,0.368244,0.4375
-0.580396,0.809375,0.372541,0.35
-0.578814,0.875,0.37611,0.503125
-0.581843,0.765625,0.381133,0.525
-0.596937,0.853125,0.38543,0.415625
-0.596081,0.853125,0.389726,0.4375
-0.602599,0.896875,0.394749,0.48125
-0.598981,0.83125,0.399772,0.48125
-0.606517,0.83125,0.404069,0.546875
-0.619576,0.853125,0.409819,0.459375
-0.624826,0.83125,0.415569,0.525
-0.630326,0.83125,0.421319,0.503125
-0.635576,0.875,0.427069,0.48125
-0.641076,0.83125,0.432819,0.546875
-0.646576,0.853125,0.438569,0.546875
-0.651826,0.83125,0.444319,0.503125
-0.657326,0.875,0.450069,0.459375
-0.662576,0.853125,0.455819,0.546875
-0.668076,0.896875,0.461569,0.65625
-0.673576,0.940625,0.467319,0.546875
-0.678826,0.853125,0.473319,0.590625
-0.684326,0.896875,0.479069,0.590625
-0.689576,0.896875,0.484819,0.6125
-0.695076,0.875,0.490569,0.6125
-0.700576,0.940625,0.496319,0.634375
-0.705826,0.940625,0.502069,0.6125
-0.711326,0.940625,0.507819,0.6125
-0.716576,0.984375,0.513569,0.6125
-0.722076,0.9625,0.519569,0.6125
-0.727576,0.984375,0.525319,0.590625
-0.732826,0.91875,0.531069,0.6125
-0.738326,0.984375,0.536819,0.634375
-0.743576,0.9625,0.542569,0.634375
-0.749076,0.9625,0.548569,0.634375
-0.754576,0.984375,0.553592,0.6125
-0.759826,1.00625,0.565156,0.678125
-0.765326,1.02812,0.565092,0.678125
-0.770826,1.02812,0.570842,0.765625
-0.776076,1.11563,0.576842,0.765625
-0.780849,1.02812,0.581865,0.765625
-0.786099,1.02812,0.587615,0.721875
-0.791599,1.00625,0.593365,0.74375
-0.796372,1.05,0.598638,0.83125
-0.801622,1.11563,0.604388,0.83125
-0.807122,1.11563,0.609411,0.809375
-0.802592,1.11563,0.614434,0.721875
-0.817145,1.09375,0.620434,0.7
-0.822645,1.11563,0.626184,0.875
-0.827169,1.11563,0.631207,0.7
-0.832419,1.11563,0.636457,0.7875
-0.837419,1.07187,0.641207,0.7875
-0.830894,1.1375,0.645231,0.7875
-0.846942,1.15938,0.655069,0.7875
-0.851942,1.20312,0.654004,0.875
-0.856215,1.15938,0.658027,0.7875
-0.861215,1.15938,0.662777,0.83125
-0.866465,1.07187,0.673632,0.83125
-0.870738,1.20312,0.670346,1.05
-0.873848,1.20312,0.681202,0.91875
-0.879284,1.18125,0.676939,0.896875
-0.882831,1.20312,0.680235,0.91875
-0.888081,1.20312,0.684258,0.853125
-0.886539,1.33438,0.698603,0.940625
-0.897354,1.20312,0.69623,0.9625
-0.901627,1.15938,0.700689,0.896875
-0.896596,1.15938,0.698897,0.896875
-0.904608,1.26875,0.708258,0.940625
-0.914696,1.225,0.710392,0.896875
-0.919696,1.225,0.709763,0.984375
-0.912921,1.15938,0.713786,0.9625
-0.922864,1.20312,0.724932,0.940625
-0.932039,1.225,0.726484,0.984375
-0.935585,1.15938,0.722907,0.9625
-0.939858,1.24687,0.725768,0.940625
-0.944131,1.225,0.729064,0.940625
-0.941095,1.26875,0.731633,0.940625
-0.943624,1.26875,0.73493,0.940625
-0.953567,1.26875,0.737749,0.9625
-0.960747,1.26875,0.741045,0.940625
-0.95499,1.3125,0.743615,1.02812
-0.96809,1.24687,0.756506,0.984375
-0.970473,1.3125,0.7473,1.02812
-0.962244,1.3125,0.759714,0.91875
-0.968698,1.33438,0.751671,0.984375
-0.981071,1.29062,0.755549,0.984375
-0.973569,1.33438,0.757392,1.02812
-0.976389,1.3125,0.764427,1.00625
-0.985605,1.3125,0.753768,0.9625
-0.977626,1.35625,0.767094,1.00625
-0.985097,1.29062,0.767006,1.02812
-0.986754,1.29062,0.756347,1.05
-0.988846,1.3125,0.760661,0.9625
-0.991666,1.35625,0.767446,1.02812
-0.992264,1.3125,0.765469,1.00625
-1,1.35625,0.760624,1.05
-0.997176,1.4,0.7677,1.05
-0.999269,1.35625,0.762233,1.02812
-1,1.37813,0.765094,1.00625
-1,1.33438,0.757923,1.00625
-1,1.35625,0.762487,1.05
-1,1.3125,0.763167,0.9625
-1,1.33438,0.75745,0.9625
-1,1.35625,0.763031,0.9625
-1,1.35625,0.75746,0.9625
-1,1.35625,0.761879,0.9625
-1,1.33438,0.759069,0.9625
-1,1.35625,0.752626,1.02812
-1,1.35625,0.756754,1.00625
-1,1.35625,0.754671,1.05
-1,1.26875,0.754333,0.984375
-1,1.33438,0.753809,0.9625
-1,1.37813,0.747656,1.05
-1,1.24687,0.746115,0.896875
-1,1.33438,0.746358,1.1375
-1,1.42188,0.743799,0.896875
-1,1.33438,0.736919,0.896875
-1,1.35625,0.739053,0.896875
-1,1.35625,0.733586,0.940625
-1,1.42188,0.729614,1.00625
-1,1.33438,0.730398,1.02812
-1,1.37813,0.721483,0.91875
-1,1.37813,0.717761,0.853125
-1,1.33438,0.718005,0.74375
-1,1.33438,0.711811,1.07187
-1,1.33438,0.704205,0.875
-1,1.35625,0.699029,0.853125
-1,1.37813,0.69462,0.809375
-1,1.44375,0.691916,0.809375
-1,1.4,0.684019,1.1375
-1,1.29062,0.676412,0.896875
-1,1.37813,0.672004,0.91875
-1,1.42188,0.665124,0.765625
-1,1.4,0.655773,0.875
-1,1.35625,0.654272,0.91875
-1,1.33438,0.644776,0.875
-1,1.37813,0.638623,0.809375
-1,1.44375,0.629563,0.809375
-1,1.4,0.620794,0.74375
-1,1.33438,0.612024,0.65625
-1,1.33438,0.607906,0.7
-1,1.35625,0.602044,0.7875
-1,1.33438,0.590368,0.765625
-1,1.26875,0.582034,0.765625
-1,1.20312,0.573265,0.765625
-1,1.225,0.564786,0.74375
-1,1.26875,0.554127,0.809375
-1,1.11563,0.540996,0.83125
-1,1.225,0.52365,0.74375
-1,1.18125,0.509793,0.678125
-1,1.225,0.490702,0.7875
-1,1.29062,0.480043,0.7
-1,1.26875,0.452956,0.56875
-1,1.20312,0.437064,0.590625
-1,1.26875,0.4187,0.65625
-1,1.3125,0.400918,0.6125
-1,1.33438,0.389241,0.7
-0.995287,1.35625,0.365498,0.546875
-0.989384,1.35625,0.346262,0.6125
-0.98101,1.4,0.333091,0.7
-0.978306,1.3125,0.314727,0.590625
-0.974583,1.26875,0.293456,0.56875
-0.96839,0.91875,0.278581,0.525
-0.956922,1.4,0.258327,0.546875
-0.945059,1.3125,0.240254,0.503125
-0.937703,1.26875,0.223925,0.21875
-0.932091,1.18125,0.206288,0.153125
-0.922554,1.11563,0.192431,0.35
-0.912726,1.24687,0.175044,0.284375
-0.906387,1.1375,0.159878,0.30625
-0.89874,1.15938,0.146456,0.35
-0.895744,1.15938,0.138414,0.2625
-0.880538,1.24687,0.119032,0.284375
-0.873722,1.1375,0.106338,0.284375
-0.866656,1.225,0.0909861,0.21875
-0.856102,1.18125,0.0782917,0.415625
-0.845547,1.20312,0.0589102,0.328125
-0.83601,1.26875,0.0401102,0.04375
-0.8272,1.1375,0.03105,0.21875
-0.816936,1.29062,0.0205361,0.065625
-0.808853,0.74375,0.0124528,0
-0.79913,1.1375,0.00339259,0.0875
-0.794244,1.07187,-0.00639444,0.04375
-0.781945,1.09375,-0.0154546,-0.065625
-0.772408,1.02812,-0.0289167,-0.04375
-0.769268,1.11563,-0.0350694,-0.021875
-0.760167,1.09375,-0.0458741,-0.065625
-0.757753,0.984375,-0.0412694,-0.021875
-0.747634,1.1375,-0.0574935,-0.021875
-0.738824,1.02812,-0.0672806,-0.065625
-0.733462,0.9625,-0.0712528,-0.021875
-0.729304,0.984375,-0.0734806,0.021875
-0.724564,1.05,-0.0849074,-0.04375
-0.715318,1.07187,-0.0896065,-0.021875
-0.705926,1.11563,-0.0896537,0.04375
-0.696098,1.02812,-0.0965741,-0.021875
-0.689032,0.9625,-0.101564,0
-0.680908,0.9625,-0.105391,-0.0875
-0.676314,0.940625,-0.107369,-0.065625
-0.672156,0.853125,-0.111195,-0.04375
-0.663781,0.896875,-0.116912,-0.13125
-0.656716,0.896875,-0.110894,-0.04375
-0.652994,0.940625,-0.110506,-0.065625
-0.645346,0.875,-0.111134,-0.021875
-0.636786,0.853125,-0.108751,-0.065625
-0.635535,0.809375,-0.102983,-0.065625
-0.625271,0.7875,-0.107682,-0.065625
-0.615444,0.83125,-0.103555,-0.175
-0.608378,0.875,-0.105056,-0.175
-0.594625,0.853125,-0.109319,-0.196875
-0.581454,0.853125,-0.104319,-0.196875
-0.57144,0.83125,-0.111489,0.065625
-0.567572,0.83125,-0.120735,-0.240625
-0.556291,0.83125,-0.116857,0.065625
-0.552859,0.765625,-0.129116,0.065625
-0.535181,0.809375,-0.134001,-0.240625
-0.530878,0.853125,-0.143061,0.04375
-0.517852,0.809375,-0.152598,-0.284375
-0.510309,0.765625,-0.162385,-0.2625
-0.502517,0.721875,-0.171922,-0.284375
-0.493706,0.721875,-0.180982,-0.2625
-0.485332,0.65625,-0.190519,-0.328125
-0.476522,0.56875,-0.196672,-0.284375
-0.468875,0.546875,-0.202825,-0.196875
-0.470345,0.7,-0.208001,-0.109375
-0.463425,0.678125,-0.213427,-0.21875
-0.459744,0.65625,-0.218853,-0.459375
-0.460092,0.678125,-0.22889,-0.196875
-0.449246,0.721875,-0.233839,-0.196875
-0.446687,0.590625,-0.238061,-0.284375
-0.447221,0.74375,-0.24301,-0.240625
-0.442481,0.590625,-0.246506,-0.240625
-0.441231,0.590625,-0.250001,-0.21875
-0.437258,0.6125,-0.254223,-0.371875
-0.436734,0.56875,-0.259899,-0.240625
-0.434466,0.56875,-0.262668,-0.284375
-0.427295,0.56875,-0.268344,-0.328125
-0.428516,0.6125,-0.270862,-0.284375
-0.429881,0.65625,-0.272904,-0.284375
-0.417769,0.56875,-0.277126,-0.196875
-0.43498,0.634375,-0.278441,-0.459375
-0.427042,0.6125,-0.280482,-0.175
-0.430588,0.56875,-0.280344,-0.328125
-0.433739,0.6125,-0.280931,-0.328125
-0.435831,0.56875,-0.282246,-0.284375
-0.438942,0.525,-0.281131,-0.590625
-0.442238,0.56875,-0.280992,-0.35
-0.438952,0.590625,-0.280126,-0.35
-0.44308,0.546875,-0.279987,-0.2625
-0.444195,0.56875,-0.279121,-0.284375
-0.446288,0.56875,-0.276802,-0.35
-0.45405,0.6125,-0.275686,-0.35
-0.459777,0.56875,-0.273367,-0.35
-0.461619,0.6125,-0.271774,-0.328125
-0.473306,0.634375,-0.279049,-0.35
-0.465078,0.634375,-0.265681,-0.546875
-0.465903,0.678125,-0.262385,-0.284375
-0.484131,0.65625,-0.270096,-0.284375
-0.480119,0.7,-0.254112,-0.35
-0.48192,0.678125,-0.250339,-0.240625
-0.489432,0.678125,-0.245839,-0.371875
-0.490217,0.65625,-0.241089,-0.371875
-0.491582,0.65625,-0.237316,-0.196875
-0.507817,0.65625,-0.245027,-0.284375
-0.503513,0.65625,-0.228316,-0.065625
-0.517817,0.721875,-0.223566,-0.415625
-0.522817,0.65625,-0.219066,-0.284375
-0.527567,0.7,-0.214566,-0.196875
-0.532567,0.7,-0.209816,-0.240625
-0.537567,0.7,-0.205316,-0.240625
-0.542317,0.74375,-0.200816,-0.21875
-0.547317,0.678125,-0.196316,-0.240625
-0.552317,0.74375,-0.191566,-0.4375
-0.557317,0.721875,-0.187066,-0.284375
-0.562067,0.721875,-0.182566,-0.196875
-0.567067,0.7,-0.177816,-0.240625
-0.572067,0.721875,-0.173316,-0.284375
-0.577067,0.74375,-0.168816,0.196875
-0.581817,0.74375,-0.164793,-0.175
-0.586817,0.765625,-0.160293,-0.196875
-0.591817,0.74375,-0.155793,-0.240625
-0.596817,0.7875,-0.151043,-0.196875
-0.601567,0.74375,-0.146543,-0.065625
-0.606567,0.7,-0.141793,-0.153125
-0.611567,0.721875,-0.137293,-0.13125
-0.616317,0.809375,-0.133519,0
-0.621317,0.83125,-0.128769,-0.175
-0.626317,0.83125,-0.124269,-0.240625
-0.631317,0.809375,-0.119519,-0.175
-0.636067,0.7875,-0.115019,-0.065625
-0.641067,0.809375,-0.110519,-0.175
-0.646067,0.875,-0.105769,-0.2625
-0.651067,0.875,-0.101269,-0.153125
-0.655817,0.896875,-0.0965194,0
-0.660817,0.875,-0.0920194,0.021875
-0.665817,0.853125,-0.0872694,-0.065625
-0.670817,0.896875,-0.0827694,-0.13125
-0.675567,0.896875,-0.0782694,0.04375
-0.680567,0.875,-0.0735194,-0.284375
-0.675536,0.875,-0.0697463,-0.04375
-0.68984,0.9625,-0.0649963,-0.175
-0.69484,0.896875,-0.0604963,-0.065625
-0.69959,0.875,-0.0557463,-0.021875
-0.694559,0.91875,-0.0519731,-0.04375
-0.708136,0.91875,-0.04795,0
-0.713136,0.984375,-0.04345,0.021875
-0.715269,0.9625,-0.0401537,-0.13125
-0.720706,0.91875,-0.0363806,-0.04375
-0.725706,0.896875,-0.0316306,0
-0.729979,1.00625,-0.0278574,-0.021875
-0.734729,0.984375,-0.0231074,-0.065625
-0.736094,1.00625,-0.0193343,-0.021875
-0.744002,1.00625,-0.0145843,0.021875
-0.749002,1.00625,-0.00983426,-0.04375
-0.753025,0.984375,-0.00606111,0.021875
-0.758025,1.00625,-0.00131111,-0.153125
-0.763025,1.05,0.00318889,-0.196875
-0.768025,1.00625,0.00793889,-0.021875
-0.764739,1.05,0.011712,-0.021875
-0.777048,1.05,0.016462,-0.04375
-0.782048,1.05,0.021212,-0.13125
-0.787048,1.07187,0.025712,0.04375
-0.792048,1.00625,0.030462,0.021875
-0.796798,1.05,0.034962,0.021875
-0.801798,1.07187,0.039212,-0.04375
-0.806548,1.09375,0.043462,0
-0.811298,0.91875,0.047462,-0.04375
-0.815321,1.07187,0.0509852,0.04375
-0.820071,1.07187,0.0552352,0.109375
-0.824821,1.09375,0.0592352,0.065625
-0.829094,1.09375,0.0627583,0.065625
-0.833844,1.07187,0.0670083,0.065625
-0.837868,1.09375,0.0705315,0.109375
-0.842618,1.09375,0.0745315,0.0875
-0.837337,1.1375,0.0780546,0.021875
-0.849937,1.15938,0.0808509,0.04375
-0.85396,1.15938,0.0843741,0.04375
-0.858233,1.1375,0.0876472,0.04375
-0.862256,1.15938,0.0911704,0.065625
-0.86628,1.15938,0.0946935,0.021875
-0.870303,1.18125,0.0982167,0.175
-0.868511,1.15938,0.10149,0.196875
-0.872534,1.15938,0.105013,0.153125
-0.873319,1.1375,0.108536,0.04375
-0.884756,1.15938,0.111332,0.04375
-0.889215,1.15938,0.114129,0.04375
-0.893238,1.26875,0.117402,0.04375
-0.894354,1.15938,0.120925,0.153125
-0.889073,1.18125,0.124448,0.109375
-0.899743,1.18125,0.127971,-0.153125
-0.89955,1.09375,0.130768,0.0875
-0.912877,1.18125,0.133314,0.0875
-0.907596,1.29062,0.147885,0.13125
-0.904787,1.20312,0.13818,0.065625
-0.909828,1.225,0.140976,0.21875
-0.913374,1.26875,0.143772,0.196875
-0.919578,1.26875,0.146569,0.196875
-0.92113,1.24687,0.149365,0.240625
-0.922972,1.24687,0.150457,0.240625
-0.929031,1.26875,0.152527,0.2625
-0.925931,1.24687,0.155323,0.240625
-0.930931,1.26875,0.156666,0.284375
-0.936989,1.24687,0.158735,0.2625
-0.937814,1.29062,0.160805,0.109375
-0.949687,1.26875,0.162874,0.35
-0.936556,1.3125,0.164944,0.153125
-0.940394,1.26875,0.166286,0.153125
-0.941219,1.3125,0.168106,0.153125
-0.944079,1.3125,0.168721,0.175
-0.947666,1.33438,0.169337,0.175
-0.95416,1.3125,0.17068,0.175
-0.952764,1.29062,0.172022,0.175
-0.954606,1.33438,0.173365,0.21875
-0.952088,1.37813,0.173254,0.196875
-0.956111,1.37813,0.173869,0.196875
-0.950831,1.4,0.174485,0.240625
-0.95743,1.3125,0.175101,0.109375
-0.956801,1.33438,0.175717,-0.065625
-0.953701,1.35625,0.175606,0.109375
-0.954381,1.33438,0.176948,0.13125
-0.958404,1.29062,0.177564,0.13125
-0.960496,1.24687,0.178906,0.153125
-0.961612,1.33438,0.179522,0.196875
-0.963455,1.33438,0.180865,0.13125
-0.959192,1.29062,0.180754,0.284375
-0.964959,1.225,0.181369,0.240625
-0.959202,1.26875,0.181258,0.2625
-0.962062,1.3125,0.181147,0.240625
-0.964195,1.26875,0.181036,0.2625
-0.961822,1.24687,0.181652,0.2625
-0.9657,1.26875,0.181541,0.2625
-0.961106,1.24687,0.18143,0.2625
-0.960331,1.225,0.181319,0.240625
-0.963628,1.29062,0.181207,0.2625
-0.962272,1.18125,0.181096,0.2625
-0.962661,1.225,0.181235,0.2625
-0.96141,1.225,0.180397,0.2625
-0.959328,1.24687,0.179559,0.30625
-0.95899,1.20312,0.178721,0.2625
-0.958652,1.225,0.177883,0.284375
-0.956819,1.20312,0.177045,0.2625
-0.960697,1.15938,0.176934,0.2625
-0.956144,1.26875,0.175369,0.21875
-0.950427,1.18125,0.173805,0.2625
-0.952519,1.20312,0.17249,0.2625
-0.951455,0.984375,0.170925,0.30625
-0.945738,1.18125,0.16936,0.284375
-0.942202,1.15938,0.167069,0.2625
-0.943899,1.26875,0.164777,0.21875
-0.946282,1.24687,0.161758,0.175
-0.937658,1.26875,0.157286,0.175
-0.92947,1.26875,0.152337,0.153125
-0.921864,1.29062,0.147138,0.153125
-0.919159,1.24687,0.141939,0.175
-0.913733,1.225,0.136013,0.196875
-0.904819,1.26875,0.130087,0.109375
-0.899393,1.225,0.124411,0.153125
-0.894217,1.24687,0.118485,0.153125
-0.888791,1.20312,0.112559,0.153125
-0.880894,1.18125,0.105906,0.153125
-0.871833,1.1375,0.0992537,0.13125
-0.869565,1.15938,0.0935778,-0.0875
-0.86661,1.24687,0.0883787,0.153125
-0.852317,1.18125,0.0817259,0.13125
-0.846455,1.225,0.0736194,0.0875
-0.844041,1.1375,0.0672167,0.109375
-0.837597,1.09375,0.0620176,0.065625
-0.835806,1.02812,0.0568185,0.109375
-0.826019,1.09375,0.0494389,0.109375
-0.820156,1.11563,0.0410824,-0.109375
-0.812986,1.18125,0.0349065,0.065625
-0.800728,1.20312,0.02655,0.021875
-0.7985,1.225,0.0189204,0.021875
-0.793115,1.225,0.0112907,0.021875
-0.783764,1.225,0.00293426,0.021875
-0.773395,1.225,-0.00469537,0.021875
-0.772476,1.20312,-0.0115981,-0.04375
-0.766323,1.15938,-0.0231528,0
-0.760647,1.00625,-0.0246769,0
-0.755657,1.07187,-0.0286722,0
-0.751685,1.15938,-0.0336444,0.021875
-0.750184,1.05,-0.0376398,0.04375
-0.746939,1.07187,-0.0416352,-0.153125
-0.743444,1.07187,-0.0456306,-0.196875
-0.737,1.07187,-0.0510796,-0.04375
-0.735499,1.07187,-0.055075,-0.04375
-0.729782,1.05,-0.0597972,-0.065625
-0.729444,0.940625,-0.0637926,0.04375
-0.723582,0.940625,-0.0692417,0.04375
-0.720523,0.9625,-0.0739639,0.04375
-0.717278,0.91875,-0.0779593,0
-0.716504,0.896875,-0.0812278,0.065625
-0.717474,0.91875,-0.0844963,-0.065625
-0.710013,1.00625,-0.0892185,-0.2625
-0.707058,0.875,-0.0946676,0.04375
-0.700074,0.91875,-0.098663,0.0875
-0.698573,0.9625,-0.102658,0.021875
-0.697799,0.940625,-0.105927,0.04375
-0.693827,0.9625,-0.110649,0.0875
-0.691599,0.853125,-0.115121,0.04375
-0.684615,0.853125,-0.119117,-0.196875
-0.681369,0.896875,-0.123112,-0.175
-0.680595,0.7,-0.126381,-0.153125
-0.67735,0.984375,-0.130376,-0.065625
-0.672651,0.940625,-0.135825,-0.284375
-0.665481,0.896875,-0.139094,-0.109375
-0.668631,0.940625,-0.143089,-0.21875
-0.660194,0.9625,-0.148538,-0.21875
-0.65971,0.721875,-0.15326,-0.240625
-0.650069,0.940625,-0.160163,-0.175
-0.647841,0.83125,-0.164885,-0.175
-0.641106,0.83125,-0.168631,-0.065625
-0.639606,0.875,-0.172626,-0.065625
-0.633639,0.765625,-0.177348,-0.196875
-0.629231,0.7875,-0.181344,-0.196875
-0.627148,0.853125,-0.185339,-0.21875
-0.619542,0.853125,-0.190788,-0.065625
-0.620948,0.83125,-0.194783,-0.21875
-0.617703,0.809375,-0.198529,-0.196875
-0.612713,0.83125,-0.202524,-0.21875
-0.607328,0.853125,-0.207246,-0.21875
-0.605245,0.853125,-0.211242,-0.240625
-0.607233,0.809375,-0.215237,-0.196875
-0.598319,0.809375,-0.218506,-0.21875
-0.596236,0.83125,-0.222251,-0.240625
-0.591828,0.83125,-0.226246,-0.284375
-0.59149,0.7875,-0.230242,-0.196875
-0.585523,0.83125,-0.234964,-0.196875
-0.584022,0.83125,-0.238959,-0.2625
-0.577143,0.765625,-0.243431,-0.21875
-0.572153,0.7875,-0.247427,-0.21875
-0.570361,0.7875,-0.252876,-0.240625
-0.563481,0.74375,-0.257598,-0.35
-0.561254,0.7875,-0.265995,-0.284375
-0.559171,0.83125,-0.265339,-0.284375
-0.552769,0.765625,-0.269334,-0.284375
-0.555193,0.83125,-0.274056,-0.284375
-0.546278,0.765625,-0.279982,-0.284375
-0.542306,0.74375,-0.284705,-0.328125
-0.54502,0.7,-0.287973,-0.371875
-0.535815,0.678125,-0.292445,-0.39375
-0.53853,0.809375,-0.295714,-0.284375
-0.534557,0.721875,-0.300436,-0.284375
-0.527573,0.634375,-0.304431,-0.240625
-0.52927,0.634375,-0.306723,-0.35
-0.526752,0.678125,-0.316824,-0.328125
-0.522489,0.65625,-0.312533,-0.371875
-0.521715,0.721875,-0.315552,-0.284375
-0.522831,0.678125,-0.318094,-0.328125
-0.522056,0.7,-0.321362,-0.328125
-0.520265,0.7,-0.323654,-0.328125
-0.522107,0.678125,-0.325469,-0.35
-0.51963,0.7,-0.326556,-0.371875
-0.523944,0.678125,-0.326668,-0.328125
-0.515756,0.678125,-0.329209,-0.35
-0.521814,0.634375,-0.330297,-0.371875
-0.52322,0.678125,-0.331135,-0.328125
-0.521138,0.7,-0.332223,-0.39375
-0.524434,0.7,-0.342656,-0.371875
-0.522933,0.765625,-0.332695,-0.371875
-0.523031,0.7,-0.33451,-0.459375
-0.52909,0.9625,-0.334621,-0.459375
-0.526321,0.7,-0.341815,-0.371875
-0.529181,0.65625,-0.33364,-0.371875
-0.535676,0.7,-0.33182,-0.371875
-0.537519,0.7,-0.330728,-0.371875
-0.537617,0.74375,-0.329385,-0.371875
-0.544111,0.721875,-0.336869,-0.371875
-0.546681,0.721875,-0.325496,-0.39375
-0.552739,0.7875,-0.32295,-0.415625
-0.561705,0.7,-0.320881,-0.371875
-0.553226,0.765625,-0.319061,-0.371875
-0.556522,0.678125,-0.316265,-0.371875
-0.563453,0.74375,-0.312265,-0.371875
-0.57464,0.7875,-0.312376,-0.546875
-0.567324,0.7875,-0.307899,-0.371875
-0.582145,0.678125,-0.304876,-0.371875
-0.586169,0.74375,-0.301853,-0.35
-0.590669,0.721875,-0.298103,-0.371875
-0.587132,0.74375,-0.29483,-0.2625
-0.595557,0.765625,-0.291806,-0.35
-0.603215,0.721875,-0.288056,-0.371875
-0.607715,0.765625,-0.284306,-0.371875
-0.612465,0.765625,-0.280556,-0.371875
-0.616965,0.83125,-0.276556,-0.284375
-0.621715,0.765625,-0.272806,-0.371875
-0.626215,0.74375,-0.269056,-0.371875
-0.630965,0.765625,-0.265306,-0.35
-0.635465,0.765625,-0.261556,-0.371875
-0.640215,0.765625,-0.257556,-0.371875
-0.644715,0.765625,-0.253806,-0.30625
-0.649465,0.809375,-0.250056,-0.2625
-0.654215,0.765625,-0.246306,-0.284375
-0.658715,0.809375,-0.242306,-0.328125
-0.663465,0.896875,-0.238556,-0.39375
-0.667965,0.984375,-0.234806,-0.39375
-0.672715,0.896875,-0.230806,-0.371875
-0.677215,0.896875,-0.227056,-0.371875
-0.681965,0.896875,-0.223306,-0.328125
-0.686465,0.9625,-0.219556,-0.35
-0.691215,0.91875,-0.215556,-0.371875
-0.695715,0.91875,-0.211806,-0.35
-0.700465,0.91875,-0.208056,-0.328125
-0.704965,1.11563,-0.204056,-0.328125
-0.709715,0.940625,-0.200306,-0.240625
-0.714215,0.875,-0.196556,-0.2625
-0.718965,0.875,-0.192556,-0.35
-0.723465,0.984375,-0.188806,-0.2625
-0.728215,0.91875,-0.185056,-0.21875
-0.731988,0.91875,-0.181783,-0.196875
-0.736738,0.940625,-0.178033,-0.240625
-0.741238,0.984375,-0.174283,-0.328125
-0.745988,0.984375,-0.170283,-0.196875
-0.746854,0.940625,-0.16726,-0.21875
-0.754511,0.984375,-0.16351,-0.240625
-0.757371,0.984375,-0.160237,-0.109375
-0.763034,0.984375,-0.156487,0.175
-0.767784,0.984375,-0.152487,-0.175
-0.771557,0.984375,-0.149464,-0.196875
-0.776307,1.02812,-0.145714,-0.240625
-0.778918,0.984375,-0.142441,-0.175
-0.784831,0.984375,-0.138691,0.109375
-0.775666,1.07187,-0.136144,-0.21875
-0.792627,0.984375,-0.132394,-0.175
-0.784189,1.02812,-0.129121,-0.109375
-0.80115,1.05,-0.125371,-0.153125
-0.805173,1.07187,-0.122348,-0.021875
-0.808946,1.05,-0.119075,-0.196875
-0.813696,1.02812,-0.115325,-0.21875
-0.80991,1.11563,-0.112052,-0.240625
-0.822219,1.11563,-0.108302,0
-0.825993,1.15938,-0.105029,-0.04375
-0.822456,1.09375,-0.102006,-0.175
-0.824485,1.29062,-0.0987324,-0.196875
-0.837812,1.09375,-0.0957093,-0.196875
-0.841835,1.09375,-0.0924361,0.04375
-0.84052,1.09375,-0.0886861,-0.021875
-0.84498,1.09375,-0.0861398,-0.21875
-0.842356,1.09375,-0.0831167,-0.04375
-0.84638,1.11563,-0.0798435,-0.065625
-0.861201,1.1375,-0.0768204,-0.109375
-0.864061,1.1375,-0.0735472,-0.196875
-0.856309,1.1375,-0.0712509,0
-0.871567,1.18125,-0.0687046,0
-0.868031,1.18125,-0.0656815,0.021875
-0.877909,1.18125,-0.063862,0.021875
-0.876554,1.18125,-0.0613157,0.04375
-0.872041,1.29062,-0.0590194,0.04375
-0.8765,1.20312,-0.0564731,0.021875
-0.878633,1.18125,-0.0541769,0
-0.882116,1.20312,-0.0523574,-0.021875
-0.895297,1.20312,-0.0500611,0
-0.884824,1.20312,-0.0482417,-0.021875
-0.885649,1.24687,-0.0464222,0.021875
-0.903669,1.20312,-0.0448528,0.04375
-0.894027,1.225,-0.0430333,0.04375
-0.896596,1.24687,-0.0414639,-0.021875
-0.898916,1.225,-0.0396444,0.021875
-0.899014,1.18125,-0.0385519,0
-0.900606,1.11563,-0.0377093,0.021875
-0.899687,1.20312,-0.0358898,0.021875
-0.90967,1.20312,-0.0347972,0.021875
-0.906611,1.24687,-0.0339546,-0.021875
-0.908163,1.18125,-0.0314083,-0.021875
-0.916879,1.24687,-0.0298389,-0.021875
-0.914796,1.20312,-0.0280194,0.021875
-0.926669,1.18125,-0.0262,-0.021875
-0.917941,1.225,-0.0246306,-0.021875
-0.922255,1.225,-0.0228111,-0.04375
-0.92283,1.225,-0.0209917,-0.04375
-0.929324,1.1375,-0.0198991,0
-0.931167,1.225,-0.0190565,-0.021875
-0.930579,1.24687,-0.017237,-0.065625
-0.934893,1.29062,-0.0154176,0
-0.932996,1.20312,-0.014575,-0.04375
-0.939491,1.225,-0.0134824,-0.021875
-0.936681,1.225,-0.0123898,-0.21875
-0.938274,1.225,-0.0112972,-0.04375
-0.936482,1.225,-0.0111815,-0.04375
-0.941709,1.225,-0.00936204,-0.04375
-0.943552,1.29062,-0.00826944,-0.04375
-0.944668,1.29062,-0.0079037,0.0875
-0.947278,1.18125,-0.00778796,-0.175
-0.945381,1.225,-0.00694537,0.04375
-0.948242,1.29062,-0.00707963,0
-0.943729,1.33438,-0.00769074,0.065625
-0.944408,1.33438,-0.00975556,0.04375
-0.942076,1.3125,-0.0110935,0.021875
-0.938726,1.35625,-0.0117046,0.021875
-0.944784,1.35625,-0.0130426,0
-0.940562,1.35625,-0.0151074,0.021875
-0.937503,1.35625,-0.0171722,0.065625
-0.935711,1.33438,-0.0199639,0.021875
-0.934396,1.3125,-0.0220287,-0.240625
-0.929447,1.24687,-0.0248204,0
-0.929109,1.225,-0.0261583,0
-0.926777,1.24687,-0.0274963,0.021875
-0.929346,1.20312,-0.0288343,-0.021875
-0.927595,1.15938,-0.0301722,-0.196875
-0.92599,1.11563,-0.0305333,-0.175
-0.924198,1.18125,-0.033325,-0.021875
-0.922883,1.24687,-0.0353898,-0.153125
-0.922295,1.1375,-0.0367278,-0.021875
-0.919486,1.15938,-0.0387926,-0.196875
-0.920643,1.11563,-0.0401306,-0.021875
-0.91071,1.15938,-0.0429222,-0.04375
-0.915792,1.1375,-0.044987,0.04375
-0.909825,1.1375,-0.0470519,-0.065625
-0.913412,1.11563,-0.0491167,-0.021875
-0.905992,1.11563,-0.0526352,-0.021875
-0.904927,1.15938,-0.0547,-0.13125
-0.902158,1.09375,-0.0582185,-0.109375
-0.903024,1.02812,-0.0607602,-0.065625
-0.891929,1.09375,-0.0635519,0
-0.892794,1.11563,-0.0663435,0
-0.889113,0.984375,-0.069862,0
-0.888525,1.20312,-0.0741074,-0.065625
-0.882558,1.225,-0.0790796,0.13125
-0.874952,1.18125,-0.0847787,-0.04375
-0.87073,1.15938,-0.0897509,-0.04375
-0.863995,1.11563,-0.0937463,0.021875
-0.859046,1.18125,-0.0994454,-0.021875
-0.85337,1.29062,-0.105871,-0.21875
-0.842566,1.11563,-0.113024,-0.175
-0.841832,1.09375,-0.117996,-0.153125
-0.829283,1.05,-0.124899,-0.196875
-0.826224,1.07187,-0.129871,-0.196875
-0.825491,1.1375,-0.134844,-0.175
-0.822536,1.09375,-0.140543,-0.196875
-0.810464,1.02812,-0.146969,-0.21875
-0.809399,0.83125,-0.151691,-0.21875
-0.801543,0.91875,-0.15739,-0.35
-0.79514,1.09375,-0.164543,-0.2625
-0.788696,0.984375,-0.173149,-0.196875
-0.779386,1.05,-0.180302,-0.284375
-0.767564,1.05,-0.189385,-0.240625
-0.758981,1.07187,-0.198719,-0.371875
-0.748757,1.05,-0.208779,-0.30625
-0.74657,1.05,-0.218112,-0.284375
-0.732027,1.07187,-0.227922,-0.284375
-0.720786,1.07187,-0.237256,-0.284375
-0.720344,1.11563,-0.246589,-0.30625
-0.706341,1.15938,-0.254945,-0.284375
-0.702409,1.09375,-0.264279,-0.35
-0.696547,1.07187,-0.272885,-0.328125
-0.687964,1.05,-0.282219,-0.371875
-0.683015,0.7,-0.290575,-0.2625
-0.673228,1.05,-0.298455,-0.371875
-0.671768,1.02812,-0.307061,-0.371875
-0.658492,1.02812,-0.314691,-0.503125
-0.657758,1.05,-0.32257,-0.39375
-0.650879,1.02812,-0.33045,-0.39375
-0.641714,0.896875,-0.336626,-0.371875
-0.648104,1.00625,-0.351919,-0.328125
-0.641369,1.07187,-0.345117,-0.371875
-0.640345,0.91875,-0.348385,-0.371875
-0.638844,0.91875,-0.352631,-0.30625
-0.641455,0.7875,-0.355422,-0.35
-0.630795,0.91875,-0.367268,-0.371875
-0.632679,0.9625,-0.360756,-0.371875
-0.630887,0.875,-0.363297,-0.371875
-0.628845,0.875,-0.369287,-0.371875
-0.627054,0.91875,-0.365973,-0.371875
-0.623849,0.875,-0.368951,-0.48125
-0.624715,0.896875,-0.377412,-0.4375
-0.630046,0.940625,-0.379518,-0.39375
-0.628731,0.83125,-0.371552,-0.48125
-0.629411,0.853125,-0.37507,-0.546875
-0.625334,0.853125,-0.382845,-0.35
-0.627758,0.853125,-0.373571,-0.4375
-0.62717,0.875,-0.372769,-0.4375
-0.625815,0.74375,-0.384138,-0.6125
-0.627262,0.853125,-0.381301,-0.4375
-0.628087,0.809375,-0.379441,-0.415625
-0.630697,0.853125,-0.372783,-0.4375
-0.633557,0.853125,-0.370964,-0.4375
-0.637331,0.765625,-0.370121,-0.459375
-0.634812,0.83125,-0.369756,-0.546875
-0.63248,0.853125,-0.371094,-0.525
-0.633636,0.83125,-0.371455,-0.48125
-0.641875,0.91875,-0.3757,-0.48125
-0.643468,0.83125,-0.368066,-0.48125
-0.641821,0.853125,-0.367473,-0.459375
-0.643414,0.83125,-0.365904,-0.48125
-0.646024,0.83125,-0.365788,-0.4375
-0.652995,0.940625,-0.363492,-0.415625
-0.652657,0.875,-0.367737,-0.546875
-0.656721,0.91875,-0.360353,-0.48125
-0.661221,0.875,-0.359033,-0.459375
-0.66703,0.875,-0.362116,-0.546875
-0.663203,0.875,-0.355894,-0.48125
-0.665522,0.875,-0.356506,-0.415625
-0.677872,0.875,-0.351302,-0.48125
-0.672051,0.875,-0.349006,-0.415625
-0.674184,0.896875,-0.353542,-0.459375
-0.678394,0.875,-0.343936,-0.48125
-0.67955,1.09375,-0.342367,-0.721875
-0.693894,0.9625,-0.34007,-0.48125
-0.693452,0.896875,-0.337047,-0.21875
-0.690102,0.9625,-0.334751,-0.48125
-0.691985,0.896875,-0.332455,-0.459375
-0.695718,0.940625,-0.330885,-0.39375
-0.697601,0.91875,-0.328589,-0.459375
-0.713585,0.940625,-0.325566,-0.48125
-0.712956,0.91875,-0.322543,-0.415625
-0.712078,0.940625,-0.319519,-0.39375
-0.715124,0.91875,-0.317223,-0.39375
-0.728201,0.940625,-0.31445,-0.415625
-0.732224,0.940625,-0.311427,-0.48125
-0.736724,0.984375,-0.307677,-0.459375
-0.730467,0.9625,-0.305381,-0.39375
-0.739142,1.00625,-0.302357,-0.48125
-0.742915,1.00625,-0.299334,-0.415625
-0.75134,1.02812,-0.296311,-0.459375
-0.755113,1.02812,-0.293288,-0.459375
-0.759136,0.984375,-0.290265,-0.415625
-0.763636,1.02812,-0.286515,-0.415625
-0.755198,1.02812,-0.283492,-0.415625
-0.766781,1.02812,-0.280469,-0.415625
-0.775206,1.02812,-0.277445,-0.39375
-0.779706,1.02812,-0.273695,-0.39375
-0.783729,1.07187,-0.270672,-0.39375
-0.788229,1.07187,-0.266922,-0.39375
-0.783716,1.09375,-0.264626,-0.371875
-0.795298,1.1375,-0.261603,-0.415625
-0.799798,1.09375,-0.257853,-0.39375
-0.803571,1.07187,-0.25458,-0.39375
-0.80153,1.09375,-0.251556,-0.39375
-0.811368,1.11563,-0.248533,-0.39375
-0.815141,1.11563,-0.24551,-0.415625
-0.80961,1.00625,-0.242487,-0.30625
-0.813633,0.91875,-0.239464,-0.590625
-0.82671,1.09375,-0.236441,-0.39375
-0.82932,1.02812,-0.233418,-0.30625
-0.83378,1.02812,-0.231121,-0.328125
-0.837553,1.07187,-0.228098,-0.328125
-0.840163,1.07187,-0.225075,-0.2625
-0.834301,1.15938,-0.221802,-0.30625
-0.848395,1.09375,-0.219506,-0.2625
-0.842138,1.09375,-0.217209,-0.284375
-0.854302,1.11563,-0.214186,-0.284375
-0.847027,1.18125,-0.211163,-0.35
-0.861557,1.11563,-0.209594,-0.2625
-0.856277,1.11563,-0.20657,-0.284375
-0.868627,1.11563,-0.204024,-0.328125
-0.859462,1.15938,-0.201728,-0.284375
-0.862758,1.15938,-0.199431,-0.175
-0.877289,1.11563,-0.198589,-0.2625
-0.872776,1.1375,-0.196293,-0.2625
-0.883631,1.15938,-0.193996,-0.2625
-0.883044,1.09375,-0.192177,-0.175
-0.876786,1.18125,-0.189881,-0.30625
-0.885752,1.18125,-0.188311,-0.2625
-0.879931,1.15938,-0.186742,0.2625
-0.883994,1.18125,-0.185172,-0.2625
-0.884093,1.18125,-0.18408,-0.153125
-0.882923,1.18125,-0.18251,-0.30625
-0.888731,1.15938,-0.180941,-0.2625
-0.897697,1.18125,-0.179371,-0.2625
-0.897545,1.20312,-0.178279,-0.2625
-0.891974,1.225,-0.176709,0.04375
-0.894584,1.18125,-0.176594,-0.13125
-0.894432,1.20312,-0.175751,-0.2625
-0.902235,1.20312,-0.173931,-0.21875
-0.904264,1.18125,-0.173816,0.04375
-0.901205,1.18125,-0.172973,-0.2625
-0.900576,1.24687,-0.172857,-0.2625
-0.903186,1.11563,-0.172492,-0.21875
-0.897656,1.11563,-0.172376,0.021875
-0.90226,1.20312,-0.17226,-0.2625
-0.897166,1.1375,-0.172621,-0.175
-0.901044,1.1375,-0.173232,-0.2625
-0.899438,1.225,-0.173844,-0.2625
-0.89885,1.3125,-0.174931,-0.065625
-0.897785,1.225,-0.176996,-0.21875
-0.89429,1.225,-0.178334,0.196875
-0.894429,1.20312,-0.178945,-0.2625
-0.895981,1.15938,-0.179306,-0.240625
-0.89423,1.15938,-0.180644,-0.2625
-0.889676,1.15938,-0.182709,-0.21875
-0.886181,1.26875,-0.183797,-0.2625
-0.888791,1.26875,-0.186589,-0.21875
-0.888453,1.15938,-0.187927,-0.0875
-0.885394,1.225,-0.189742,-0.2625
-0.880444,1.15938,-0.192533,-0.240625
-0.881269,1.29062,-0.193871,-0.2625
-0.874867,1.18125,-0.197867,-0.2625
-0.872098,1.1375,-0.201385,-0.503125
-0.86958,1.09375,-0.204904,-0.2625
-0.864049,1.09375,-0.207445,-0.30625
-0.865746,1.11563,-0.210237,-0.2625
-0.862978,1.07187,-0.213756,-0.2625
-0.859192,1.07187,-0.216297,-0.153125
-0.858418,1.09375,-0.219816,-0.35
-0.85216,1.07187,-0.223084,-0.546875
-0.849642,1.26875,-0.226603,-0.30625
-0.844256,1.225,-0.231575,-0.175
-0.841488,1.05,-0.234844,-0.2625
-0.836498,1.07187,-0.239089,-0.2625
-0.834747,1.09375,-0.243084,-0.284375
-0.830484,1.1375,-0.246603,-0.284375
-0.828733,1.11563,-0.250598,-0.175
-0.825965,1.11563,-0.254117,-0.328125
-0.822719,1.09375,-0.258362,-0.30625
-0.820387,1.09375,-0.262357,-0.328125
-0.817869,1.00625,-0.265876,-0.30625
-0.812483,1.09375,-0.270598,-0.35
-0.809715,1.05,-0.274117,-0.415625
-0.807196,1.00625,-0.277385,-0.30625
-0.800212,1.18125,-0.281631,-0.328125
-0.79624,1.05,-0.286353,-0.328125
-0.79478,1.18125,-0.292052,-0.328125
-0.787795,1.00625,-0.296047,0.0875
-0.786294,1.02812,-0.300293,-0.371875
-0.786433,0.984375,-0.303561,-0.4375
-0.782025,1.00625,-0.307806,-0.415625
-0.773587,1.00625,-0.313256,-0.39375
-0.770382,1.00625,-0.318955,-0.30625
-0.767137,1.00625,-0.32295,-0.30625
-0.763642,1.00625,-0.327195,-0.35
-0.757198,1.02812,-0.332644,-0.415625
-0.756901,1.05,-0.338344,-0.415625
-0.748568,1.05,-0.344519,-0.415625
-0.745363,1.02812,-0.349969,-0.4375
-0.739687,1.07187,-0.356394,-0.48125
-0.734988,1.05,-0.361844,-0.48125
-0.731202,1.07187,-0.367543,-0.48125
-0.726067,1.05,-0.372265,-0.48125
-0.719373,1.07187,-0.377237,-0.503125
-0.717581,1.07187,-0.382686,-0.48125
-0.712196,0.984375,-0.387408,-0.503125
-0.707247,0.984375,-0.393107,-0.48125
-0.703275,0.984375,-0.39783,-0.525
-0.703705,1.00625,-0.402802,-0.525
-0.699732,1.00625,-0.407524,-0.525
-0.697255,0.984375,-0.412246,-0.503125
-0.692265,0.984375,-0.415765,-0.65625
-0.684554,0.9625,-0.420487,-0.634375
-0.686542,0.9625,-0.423756,-0.503125
-0.684936,0.91875,-0.427274,-0.525
-0.681005,0.875,-0.430543,-0.525
-0.679649,0.940625,-0.433084,-0.6125
-0.672519,0.896875,-0.443144,-0.6125
-0.671745,0.896875,-0.445686,-0.546875
-0.669413,0.940625,-0.454624,-0.6125
-0.665005,0.896875,-0.445931,-0.56875
-0.663399,0.91875,-0.458068,-0.56875
-0.658991,0.91875,-0.460609,-0.7
-0.657385,0.896875,-0.46093,-0.590625
-0.659373,0.896875,-0.457075,-0.6125
-0.653116,0.940625,-0.465577,-0.590625
-0.64987,0.984375,-0.471026,-0.65625
-0.645357,0.940625,-0.472364,-0.590625
-0.642839,0.940625,-0.471457,-0.634375
-0.641815,0.875,-0.473563,-0.6125
-0.636825,0.875,-0.463603,-0.546875
-0.638522,0.91875,-0.463714,-0.56875
-0.633282,0.91875,-0.479775,-0.7
-0.630764,0.896875,-0.474467,-0.634375
-0.626501,0.940625,-0.478067,-0.634375
-0.625477,0.853125,-0.477701,-0.65625
-0.619324,0.896875,-0.478789,-0.6125
-0.619422,0.7875,-0.473521,-0.590625
-0.618834,0.7,-0.478098,-0.6125
-0.620241,0.875,-0.474284,-0.6125
-0.619176,0.853125,-0.473919,-0.525
-0.616844,0.83125,-0.470355,-0.590625
-0.619268,0.83125,-0.470756,-0.546875
-0.619947,0.7,-0.465448,-0.525
-0.614417,0.721875,-0.470316,-0.546875
-0.614079,0.74375,-0.464757,-0.590625
-0.612287,0.7875,-0.465409,-0.590625
-0.609228,0.765625,-0.465084,-0.546875
-0.607,0.765625,-0.466172,-0.56875
-0.607825,0.765625,-0.46512,-0.74375
-0.607528,0.809375,-0.458358,-0.590625
-0.607481,0.765625,-0.458719,-0.678125
-0.60031,0.765625,-0.45665,-0.65625
-0.603938,0.7875,-0.457302,-0.65625
-0.601419,0.809375,-0.453488,-0.634375
-0.595412,0.7875,-0.453413,-0.6125
-0.592644,0.809375,-0.449599,-0.6125
-0.593614,0.809375,-0.448797,-0.6125
-0.590078,0.809375,-0.447019,-0.634375
-0.585815,0.83125,-0.446217,-0.634375
-0.585518,0.809375,-0.446619,-0.546875
-0.580237,0.853125,-0.442619,-0.56875
-0.581934,0.809375,-0.437642,-0.6125
-0.579893,0.83125,-0.433932,-0.6125
-0.580572,0.7875,-0.432154,-0.56875
-0.579507,0.809375,-0.426991,-0.56875
-0.5811,0.83125,-0.419543,-0.546875
-0.580035,0.853125,-0.412926,-0.546875
-0.581442,0.7875,-0.403879,-0.525
-0.576888,0.809375,-0.40046,-0.503125
-0.580516,0.7875,-0.385453,-0.56875
-0.579451,0.83125,-0.382034,-0.459375
-0.580567,0.875,-0.377639,-0.459375
-0.573582,0.721875,-0.362195,-0.48125
-0.585746,0.721875,-0.352381,-0.459375
-0.585118,0.459375,-0.342316,-0.459375
-0.582349,0.7,-0.330756,-0.459375
-0.590588,0.7,-0.320982,-0.4375
-0.586325,0.765625,-0.304521,-0.371875
-0.588604,0.590625,-0.292962,-0.39375
-0.584818,0.56875,-0.288857,-0.459375
-0.591603,0.721875,-0.275844,-0.39375
-0.585595,0.74375,-0.267233,-0.503125
-0.593834,0.765625,-0.253244,-0.35
-0.588304,0.74375,-0.245319,-0.4375
-0.593635,0.721875,-0.235544,-0.328125
-0.595914,0.678125,-0.226933,-0.39375
-0.596344,0.721875,-0.217845,-0.328125
-0.597459,0.721875,-0.210397,-0.35
-0.601482,0.678125,-0.192192,-0.328125
-0.597946,0.765625,-0.188046,-0.371875
-0.604191,0.74375,-0.182343,-0.284375
-0.606033,0.765625,-0.168062,-0.328125
-0.612528,0.7,-0.160678,-0.284375
-0.606997,0.7875,-0.152026,-0.284375
-0.609317,0.7,-0.143479,-0.196875
-0.608293,0.721875,-0.137548,-0.328125
-0.610135,0.590625,-0.129873,-0.30625
-0.609256,0.721875,-0.124669,-0.30625
-0.614774,0.721875,-0.115727,-0.30625
-0.611715,0.6125,-0.109796,-0.30625
-0.615738,0.74375,-0.104883,-0.30625
-0.622564,0.721875,-0.0961907,-0.240625
-0.619941,0.7875,-0.0924407,-0.13125
-0.621056,0.83125,-0.0874231,-0.065625
-0.620178,0.875,-0.0797481,-0.065625
-0.620607,0.875,-0.0777426,-0.371875
-0.625107,0.853125,-0.0764639,-0.021875
-0.621571,0.7875,-0.0721731,-0.0875
-0.622437,0.809375,-0.0563574,-0.0875
-0.622576,0.7875,-0.0601667,-0.0875
-0.626599,0.765625,-0.0642667,-0.0875
-0.626302,0.721875,-0.0513991,-0.0875
-0.627894,0.7,-0.0473583,-0.065625
-0.62876,0.74375,-0.0492778,-0.0875
-0.63351,0.7875,-0.0538546,-0.196875
-0.632195,0.809375,-0.0505407,-0.153125
-0.641347,0.91875,-0.0454824,-0.021875
-0.640282,0.875,-0.0474019,-0.021875
-0.648998,0.7875,-0.0406398,0.04375
-0.648846,0.896875,-0.0332556,0.021875
-0.646514,0.896875,-0.0316861,0.021875
-0.650828,0.875,-0.0298667,-0.0875
-0.656781,0.91875,-0.0268435,0
-0.654449,0.853125,-0.0252741,-0.21875
-0.65949,0.83125,-0.0227278,-0.13125
-0.669659,0.83125,-0.0197046,0.04375
-0.67634,0.875,-0.0157046,0.065625
-0.671495,0.91875,-0.0134083,0.04375
-0.687044,0.896875,-0.00965833,0.04375
-0.69009,1.07187,-0.00711204,-0.196875
-0.693863,0.984375,-0.0126657,-0.153125
-0.698613,1.02812,0.000387963,0.065625
-0.690611,1.02812,0.00293426,0.04375
-0.706159,1.02812,0.00668426,-0.153125
-0.710909,1.05,0.0106843,-0.109375
-0.715409,1.05,0.0144343,0.04375
-0.719909,1.05,0.0181843,-0.153125
-0.724659,0.9625,0.0221843,-0.065625
-0.729159,1.02812,0.0259343,-0.109375
