torque_1,torque_1_t,torque_2,torque_2_t
-1,0.04375,-0.37324,-0.065625
-1,0.39375,-0.36244,-0.284375
-1,0.503125,-0.352812,-0.39375
-0.913696,0.765625,-0.345801,-0.35
-0.730936,0.74375,-0.340234,-0.415625
-0.693147,0.896875,-0.334968,-0.30625
-0.744144,0.875,-0.328529,-0.371875
-0.986047,0.896875,-0.377921,-0.39375
-1,1.1375,-0.31159,-0.415625
-1,1.18125,-0.304579,-0.4375
-0.687588,1.15938,-0.299884,-0.48125
-0.575188,1.05,-0.29549,-0.415625
-0.652533,1.07187,-0.290796,-0.459375
-0.819425,1.00625,-0.283784,-0.415625
-0.872747,1.05,-0.275601,-0.4375
-0.807047,1.15938,-0.26859,-0.415625
-0.767333,1.07187,-0.263896,-0.39375
-0.56731,0.984375,-0.260373,-0.415625
-0.452184,0.940625,-0.333016,-0.371875
-0.528766,0.809375,-0.252157,-0.371875
-0.57471,0.853125,-0.248334,-0.39375
-0.667755,0.940625,-0.241896,-0.371875
-0.701888,0.7875,-0.237501,-0.371875
-0.67631,0.853125,-0.290955,-0.328125
-0.548973,0.83125,-0.228412,-0.371875
-0.434247,0.91875,-0.226334,-0.371875
-0.435418,0.765625,-0.345496,-0.415625
-0.598821,0.74375,-0.21899,-0.39375
-0.763788,0.875,-0.305588,-0.2625
-0.857996,0.91875,-0.20524,-0.415625
-0.731821,0.9625,-0.291266,-0.328125
-0.618259,0.940625,-0.304888,-0.39375
-0.414747,0.940625,-0.203086,-0.415625
-0.504303,0.896875,-0.308001,-0.371875
-0.712881,0.83125,-0.255044,-0.371875
-0.908847,0.896875,-0.216914,-0.39375
-0.959844,1.1375,-0.237505,-0.371875
-0.848207,1.02812,-0.276712,-0.2625
-0.602247,1.02812,-0.26126,-0.415625
-0.371225,1.07187,-0.25831,-0.371875
-0.533466,0.853125,-0.171336,-0.371875
-1,0.984375,-0.210544,-0.30625
-1,1.07187,-0.125896,-0.35
-0.993259,1.09375,-0.117712,-0.328125
-0.764562,1.1375,-0.11389,-0.30625
-0.445918,1.1375,-0.11064,-0.328125
-0.476162,0.91875,-0.108562,-0.0875
-0.771962,0.875,-0.103868,0.021875
-0.969092,1.00625,-0.0965567,-0.065625
-1,1.26875,-0.0892456,-0.2625
-0.953225,1.18125,-0.0842511,-0.04375
-0.709592,1.1375,-0.0804289,0.04375
-0.551255,1.05,-0.0783511,-0.04375
-0.553588,1.07187,-0.0754011,-0.284375
-0.760603,0.91875,-0.0712789,-0.2625
-0.884284,1.02812,-0.06484,-0.240625
-0.934881,1.1375,-0.0584011,-0.196875
-0.823244,1.225,-0.0537067,-0.065625
-0.784692,1.07187,-0.0487122,-0.021875
-0.669566,0.9625,-0.0466344,-0.2625
-0.744584,0.984375,-0.0436844,-0.196875
-0.58701,1.1375,-0.0404344,0.04375
-0.749651,1.00625,-0.0374844,-0.021875
-0.87177,1.02812,-0.0319178,0.175
-1,1.11563,-0.0260511,0.04375
-0.926262,1.20312,-0.0213567,-0.04375
-0.696003,1.1375,-0.0184067,0.0875
-0.447718,0.984375,-0.0177733,-0.196875
-0.404514,0.91875,-0.0165678,0.021875
-0.697588,0.853125,-0.0136178,0.04375
-1,1.02812,-0.00513444,-0.240625
-1,1.09375,0.00100444,0.021875
-0.878451,1.11563,0.00569889,-0.021875
-0.426647,1.00625,0.00603222,0
-0.424329,0.83125,0.00549333,0.196875
-0.46911,0.853125,0.00757111,0.0875
-0.909881,0.940625,0.0122656,-0.04375
-1,1.02812,0.0195767,0.065625
-1,1.05,0.0239711,0
-0.808725,1.11563,0.0269211,0.021875
-0.413907,1.00625,0.0263822,0.175
-0.484273,0.809375,0.0258433,0.065625
-0.529055,0.875,0.0279211,0.04375
-0.898303,0.853125,0.0334878,0.13125
-1,1.02812,0.0390544,0
-0.937859,1.11563,0.0437489,-0.04375
-0.588977,1.11563,0.0449544,0.065625
-0.587821,0.91875,0.0452878,0
-0.426759,0.91875,0.0456211,-0.021875
-0.705296,0.875,0.0485711,0.04375
-0.75124,0.984375,0.0515211,0.065625
-0.989655,0.984375,0.0570878,0
-0.94954,1.09375,0.06091,0.065625
-0.512273,1.09375,0.0612433,0
-0.554729,0.896875,0.0615767,0.021875
-0.393666,0.984375,0.06191,0.021875
-0.554744,0.721875,0.0639878,0.153125
-0.790833,0.896875,0.06781,0.065625
-0.925162,0.984375,0.0716322,0.109375
-0.929821,1.07187,0.0763267,0.0875
-0.800159,1.07187,0.0784044,0.065625
-0.522799,1.00625,0.0787378,-0.021875
-0.315799,0.896875,0.0776267,0.109375
-0.518162,0.809375,0.07796,0.21875
-0.681166,0.91875,0.0817822,0.065625
-1,0.940625,0.0873489,0.13125
-1,1.09375,0.0937878,0.153125
-0.855051,1.07187,0.0958656,0.021875
-0.45907,0.984375,0.0944544,0.04375
-0.207296,0.853125,0.0924711,0.109375
-0.364884,0.74375,0.0916322,0.109375
-0.848866,0.853125,0.0963267,0.065625
-1,1.00625,0.103638,0.13125
-1,1.05,0.110077,0.065625
-0.660488,1.05,0.111282,0.2625
-0.37924,0.91875,0.108999,0.0875
-0.304236,0.7875,0.10846,0.109375
-0.58161,0.765625,0.110238,0.2625
-0.906084,0.853125,0.114932,0.153125
-1,1.02812,0.121371,0.065625
-1,1.09375,0.126066,0.175
-0.757429,1.11563,0.127271,0.065625
-0.551592,1.02812,0.126732,0.175
-0.505262,0.9625,0.126193,0.0875
-0.665177,0.940625,0.127399,0.0875
-0.916966,1.00625,0.132093,0.0875
-1,1.1375,0.138532,0.175
-1,1.20312,0.143227,0.153125
-0.813084,1.15938,0.145304,0.35
-0.492114,1.05,0.145638,0.109375
-0.488233,0.940625,0.144227,0.153125
-0.764444,0.91875,0.145432,0.196875
-0.973784,1.05,0.150999,0.13125
-1,1.15938,0.156566,0.153125
-0.939092,1.18125,0.160388,0.196875
-0.662896,1.11563,0.161593,0.175
-0.572955,0.940625,0.161054,0.21875
-0.61541,0.896875,0.161388,0.21875
-0.73404,0.984375,0.164338,0.240625
-1,1.00625,0.169332,0.13125
-1,1.225,0.174899,0.35
-0.906362,1.15938,0.177849,0.175
-0.673377,1.11563,0.179054,0.196875
-0.584999,1.00625,0.179388,0.284375
-0.672229,0.940625,0.180593,0.2625
-0.746847,1.00625,0.183543,0.21875
-0.998636,1.07187,0.188538,0.240625
-1,1.18125,0.19236,0.175
-0.961618,1.20312,0.196182,0.21875
-0.714496,1.20312,0.197388,0.240625
-0.550707,1.09375,0.195977,0.240625
-0.52164,1.02812,0.197182,0.21875
-0.800177,1.00625,0.200432,0.240625
-1,1.1375,0.205999,0.30625
-1,1.18125,0.211566,0.240625
-0.930814,1.18125,0.215388,0.284375
-0.654618,1.15938,0.216893,0.284375
-0.536003,1.07187,0.216354,0.240625
-0.607133,0.984375,0.216688,0.240625
-0.812984,1.00625,0.219638,0.39375
-1,1.11563,0.224332,0.30625
-1,1.24687,0.229899,0.284375
-0.823836,1.15938,0.231677,0.4375
-0.707147,1.1375,0.232882,0.284375
-0.573996,1.09375,0.232343,0.284375
-0.704436,0.984375,0.233549,0.30625
-0.938962,1.07187,0.236199,0.328125
-1,1.225,0.240893,0.284375
-0.900781,1.15938,0.242971,0.35
-0.900388,1.1375,0.244177,0.328125
-0.624192,1.24687,0.245082,0.30625
-0.580188,1.00625,0.246288,0.328125
-0.828088,0.896875,0.248366,0.328125
-0.875196,1.09375,0.252188,0.328125
-0.950977,1.09375,0.25601,0.328125
-0.951747,1.18125,0.258088,0.415625
-0.748236,1.20312,0.259293,0.30625
-0.58561,1.05,0.258454,0.35
-0.626503,1.1375,0.257916,0.30625
-0.552662,1.00625,0.258249,0.35
-0.903484,0.940625,0.261199,0.35
-0.994966,1.11563,0.265893,0.328125
-0.908514,1.09375,0.267971,0.415625
-0.748614,1.11563,0.269177,0.4375
-0.556914,1.11563,0.268638,0.30625
-0.553033,0.91875,0.267227,0.415625
-0.712947,1.05,0.268432,0.284375
-0.902699,0.984375,0.27051,0.328125
-1,1.26875,0.274332,0.328125
-0.833118,1.1375,0.275538,0.48125
-0.584433,1.05,0.275871,0.30625
-0.506703,1.00625,0.273588,0.415625
-0.461536,0.875,0.273921,0.371875
-0.666225,0.809375,0.275999,0.48125
-0.990299,0.896875,0.280693,0.371875
-1,1.1375,0.285388,0.35
-0.908107,1.09375,0.287466,0.371875
-0.469677,1.02812,0.286927,0.48125
-0.39311,0.83125,0.285516,0.39375
-0.506688,0.853125,0.284977,0.240625
-0.741214,0.809375,0.287927,0.48125
-1,1.05,0.292621,0.30625
-1,1.05,0.295571,0.415625
-0.792188,1.07187,0.297649,0.459375
-0.468492,0.9625,0.296238,0.39375
-0.392325,0.875,0.295127,0.35
-0.578588,0.765625,0.294588,0.525
-0.872425,0.875,0.29841,0.415625
-1,1.05,0.303104,0.39375
-0.994914,1.1375,0.306054,0.39375
-0.835014,1.20312,0.30726,0.371875
-0.512481,1.09375,0.307021,0.415625
-0.392303,0.896875,0.30561,0.525
-0.624503,0.83125,0.306816,0.415625
-0.829955,1.07187,0.309766,0.415625
-1,1.07187,0.31446,0.415625
-1,1.18125,0.320027,0.415625
-0.839644,1.1375,0.321232,0.415625
-0.632244,0.940625,0.319521,0.503125
-0.39577,1.02812,0.31811,0.415625
-0.626807,0.984375,0.318443,0.415625
-0.90687,1.02812,0.322838,0.39375
-1,1.11563,0.328404,0.415625
-1,1.20312,0.333671,0.415625
-0.918484,1.29062,0.335749,0.415625
-0.640725,1.02812,0.335782,0.56875
-0.593233,0.83125,0.334371,0.415625
-0.591677,1.1375,0.334704,0.48125
-0.841903,1.00625,0.338227,0.459375
-1,1.09375,0.343793,0.525
-1,1.20312,0.349932,0.48125
-1,1.26875,0.352882,0.415625
-0.856214,1.18125,0.35496,0.4375
-0.578455,1.11563,0.354993,0.525
-0.605973,1.02812,0.355327,0.48125
-0.767814,1.09375,0.358277,0.459375
-1,1.11563,0.362671,0.56875
-1,1.225,0.369982,0.48125
-1,1.20312,0.374677,0.56875
-0.87051,1.18125,0.375882,0.525
-0.71021,1.18125,0.376788,0.459375
-0.547584,1.07187,0.376249,0.634375
-0.825721,1.11563,0.379199,0.48125
-1,1.18125,0.384766,0.48125
-1,1.225,0.390904,0.634375
-1,1.11563,0.395599,0.503125
-0.930744,1.26875,0.398549,0.48125
-0.682059,1.20312,0.398882,0.65625
-0.681666,1.09375,0.411417,0.48125
-0.801059,1.18125,0.40361,0.48125
-1,1.15938,0.407432,0.525
-1,1.24687,0.413871,0.525
-1,1.33438,0.418566,0.503125
-0.97644,1.20312,0.421516,0.525
-0.860914,1.24687,0.423293,0.65625
-0.860521,1.18125,0.424499,0.525
-0.861292,1.24687,0.426577,0.525
-0.950047,1.24687,0.429527,0.525
-0.954307,1.29062,0.434221,0.678125
-1,1.29062,0.437171,0.525
-1,1.24687,0.469195,0.65625
-0.917659,1.29062,0.442199,0.590625
-0.873255,1.20312,0.443104,0.590625
-0.799014,1.20312,0.443438,0.65625
-0.871307,1.18125,0.444643,0.6125
-0.961625,1.20312,0.448466,0.590625
-1,1.26875,0.45316,0.7
-1,1.3125,0.45611,0.56875
-0.835029,1.26875,0.456443,0.678125
-0.716014,1.15938,0.455904,0.56875
-0.75807,1.11563,0.456238,0.678125
-0.873573,1.18125,0.457443,0.590625
-1,1.225,0.461266,0.590625
-1,1.26875,0.464216,0.634375
-0.834599,1.29062,0.465421,0.590625
-0.716347,1.225,0.465754,0.7
-0.671181,1.15938,0.466088,0.590625
-0.874307,1.11563,0.467293,0.721875
-1,1.20312,0.469371,0.6125
-1,1.29062,0.473493,0.56875
-0.920992,1.3125,0.474399,0.721875
-0.803903,1.24687,0.475304,0.56875
-0.640114,1.20312,0.473593,0.590625
-0.755618,1.09375,0.474799,0.765625
-0.873847,1.07187,0.477449,0.56875
-1,1.225,0.480099,0.65625
-0.875751,1.29062,0.481877,0.634375
-0.803836,1.20312,0.483954,0.6125
-0.75827,1.24687,0.483988,0.634375
-0.800325,1.11563,0.484021,0.6125
-0.82977,1.11563,0.485799,0.65625
-0.917362,1.1375,0.487877,0.6125
-0.962907,1.18125,0.490527,0.74375
-0.963277,1.225,0.492304,0.7
-0.994284,1.26875,0.495254,0.634375
-0.878359,1.3125,0.497032,0.721875
-0.803718,1.24687,0.497066,0.65625
-0.832399,1.225,0.498271,0.65625
-0.877544,1.225,0.500921,0.678125
-1,1.26875,0.503571,0.6125
-1,1.3125,0.507393,0.590625
-1,1.26875,0.510916,0.6125
-1,1.3125,0.512993,0.678125
-0.841236,1.33438,0.513899,0.678125
-0.81137,1.29062,0.515104,0.65625
-0.929599,1.24687,0.517754,0.65625
-1,1.3125,0.522149,0.7
-1,1.33438,0.526843,0.678125
-1,1.35625,0.530366,0.765625
-1,1.33438,0.533316,0.65625
-0.781247,1.4,0.534221,0.65625
-0.941925,1.24687,0.536299,0.765625
-0.943459,1.29062,0.538949,0.74375
-1,1.33438,0.543643,0.678125
-1,1.35625,0.54891,0.809375
-1,1.33438,0.55186,0.65625
-0.999818,1.3125,0.55451,0.765625
-1,1.3125,0.556588,0.721875
-1,1.37813,0.558366,0.721875
-1,1.33438,0.562188,0.765625
-1,1.37813,0.564838,0.765625
-1,1.35625,0.56866,0.83125
-1,1.33438,0.57161,0.74375
-1,1.29062,0.575132,0.765625
-1,1.29062,0.57721,0.7
-1,1.4,0.580732,0.765625
-1,1.33438,0.59444,0.875
-1,1.37813,0.58576,0.809375
-1,1.33438,0.58841,0.765625
-1,1.35625,0.620434,0.765625
-1,1.35625,0.59431,0.809375
-1,1.37813,0.59696,0.765625
-1,1.35625,0.599038,0.809375
-1,1.4,0.712469,0.91875
-1,1.37813,0.604638,0.853125
-1,1.35625,0.60846,0.83125
-1,1.37813,0.610538,0.875
-1,1.37813,0.612316,0.853125
-0.995829,1.37813,0.689114,0.875
-1,1.37813,0.616471,0.875
-0.998133,1.42188,0.618549,0.896875
-0.910118,1.4,0.694175,0.875
-1,1.3125,0.622404,1.00625
-0.957196,1.4,0.624482,0.83125
-1,1.3125,0.62656,0.9625
-1,1.4,0.628638,0.809375
-1,1.35625,0.630416,0.853125
-0.916229,1.33438,0.632193,0.853125
-0.915436,1.46562,0.633099,0.765625
-0.960581,1.3125,0.635449,0.83125
-1,1.33438,0.638099,0.940625
-1,1.33438,0.640749,0.91875
-0.92117,1.35625,0.643399,0.853125
-0.963988,1.29062,0.644004,0.9625
-0.920747,1.35625,0.645782,0.83125
-1,1.24687,0.64756,0.853125
-0.922651,1.1375,0.65021,0.853125
-0.96547,1.29062,0.651116,0.765625
-1,1.3125,0.652593,0.853125
-0.922199,1.24687,0.654371,0.853125
-1,1.24687,0.655277,0.853125
-0.964225,1.33438,0.656182,0.875
-0.845973,1.24687,0.656216,0.853125
-0.888792,1.24687,0.657121,0.853125
-0.844388,1.29062,0.658027,0.91875
-0.915881,1.18125,0.658632,0.853125
-1,1.18125,0.659538,0.896875
-0.885221,1.35625,0.660443,0.853125
-0.840818,1.18125,0.661349,1.00625
-0.794088,1.29062,0.66051,0.853125
-0.674673,1.11563,0.659671,0.940625
-0.833388,1.15938,0.660577,0.853125
-0.993666,1.15938,0.662354,0.896875
-0.994036,1.225,0.664132,0.853125
-0.787399,1.26875,0.663293,0.853125
-0.419692,1.11563,0.661582,0.984375
-0.619692,1.00625,0.660743,0.875
-0.867192,0.91875,0.662521,0.940625
-1,1.20312,0.665171,0.83125
-1,1.07187,0.666949,0.940625
-0.778755,1.11563,0.66611,0.896875
-0.615329,1.07187,0.665271,0.896875
-0.537199,0.984375,0.662688,0.896875
-0.81261,1.00625,0.663593,0.83125
-1,1.05,0.666243,0.809375
-1,1.1375,0.669766,0.875
-0.88717,1.24687,0.669799,0.875
-0.651459,1.09375,0.66896,0.940625
-0.603566,1.1375,0.667249,0.853125
-0.68767,0.940625,0.66641,1.02812
-0.846384,1.07187,0.667316,0.853125
-1,1.07187,0.670266,0.940625
-0.91981,1.18125,0.671171,0.896875
-0.802721,1.20312,0.672077,0.853125
-0.799203,1.07187,0.671238,0.875
-0.679788,1.11563,0.670399,0.853125
-0.750518,1.02812,0.670432,0.765625
-0.864859,1.11563,0.670466,0.875
-0.952451,1.15938,0.672543,0.9625
-0.998359,1.35625,0.676066,0.896875
-0.910344,1.3125,0.676971,0.853125
-0.793255,1.15938,0.677877,0.896875
-0.629066,1.24687,0.676166,0.853125
-0.62671,1.07187,0.676499,0.896875
-0.903284,1.09375,0.678277,0.91875
-1,1.3125,0.681799,0.853125
-1,1.225,0.687066,0.91875
-0.998196,1.225,0.689143,0.896875
-0.74911,1.29062,0.689177,0.875
-0.512236,1.09375,0.687466,0.896875
-0.669788,1.02812,0.687499,0.9625
-0.992299,1.07187,0.691321,0.875
-1,1.1375,0.696588,0.896875
-1,1.225,0.70011,0.896875
-0.912366,1.18125,0.701288,0.940625
-0.705329,1.02812,0.699849,0.940625
-0.745421,1.1375,0.69841,0.940625
-0.860525,1.15938,0.699016,0.91875
-1,1.20312,0.701938,0.91875
-1,1.3125,0.705732,0.896875
-1,1.26875,0.707782,0.940625
-0.910996,1.26875,0.70896,0.940625
-0.792344,1.24687,0.708393,0.940625
-0.791151,1.20312,0.765403,0.940625
-0.906255,1.15938,0.70756,1.09375
-1,1.4,0.70961,0.896875
-1,1.29062,0.71166,1.05
-0.952866,1.37813,0.758484,0.940625
-0.748155,1.26875,0.712571,1.11563
-0.833021,1.15938,0.711132,0.940625
-0.74577,1.225,0.757956,0.940625
-0.949259,1.09375,0.712616,1.11563
-0.994003,1.29062,0.772241,0.940625
-1,1.26875,0.790864,1.11563
-0.745651,1.29062,0.713832,1.00625
-0.830518,1.1375,0.712393,0.896875
-0.625407,1.1375,0.712127,0.9625
-0.827733,1.07187,0.712432,0.9625
-1,1.1375,0.834849,1.09375
-1,1.20312,0.715088,1.05
-0.903818,1.225,0.717138,0.9625
-0.786329,1.18125,0.827053,1.07187
-0.622903,1.1375,0.715432,1.05
-0.735681,1.00625,0.713993,0.9625
-0.851947,1.07187,0.715171,0.9625
-1,1.15938,0.809686,0.9625
-1,1.18125,0.717827,1.05
-0.851459,1.15938,0.718432,0.9625
-0.689196,1.18125,0.717866,1.02812
-0.612992,1.09375,0.716427,0.9625
-0.726933,1.07187,0.71616,0.9625
-0.887973,1.07187,0.71821,1.09375
-0.974766,1.18125,0.719688,0.940625
-1,1.20312,0.721738,0.9625
-0.843873,1.26875,0.722043,0.9625
-0.679284,1.20312,0.720032,0.9625
-0.601918,1.11563,0.717721,0.9625
-0.672247,1.07187,0.717454,0.9625
-0.801888,1.09375,0.71776,0.9625
-0.992766,1.11563,0.720982,0.91875
-1,1.20312,0.723032,0.9625
-0.833962,1.20312,0.72451,1.02812
-0.596688,1.15938,0.722199,1.02812
-0.474547,1.05,0.719316,1.05
-0.632099,0.9625,0.718749,0.9625
-1,1.02812,0.721099,1.09375
-1,1.18125,0.724893,0.9625
-1,1.15938,0.726371,0.9625
-0.63507,1.18125,0.726977,0.9625
-0.586777,0.984375,0.724666,0.940625
-0.654781,1.00625,0.722654,0.9625
-0.946255,1.05,0.724704,0.9625
-1,1.18125,0.728227,1.09375
-1,1.20312,0.732321,1.07187
-0.90877,1.24687,0.733799,1.00625
-0.74767,1.18125,0.734704,1.07187
-0.658092,1.1375,0.734438,0.9625
-0.78657,1.11563,0.734171,1.05
-0.94761,1.15938,0.736821,0.9625
-1,1.24687,0.740916,1.02812
-1,1.3125,0.743266,1.02812
-1,1.3125,0.746788,1.02812
-0.867247,1.3125,0.748266,1.11563
-0.748596,1.225,0.748299,0.9625
-0.863699,1.20312,0.748904,1.02812
-1,1.29062,0.752127,1.02812
-1,1.35625,0.756521,1.02812
-1,1.35625,0.760616,1.02812
-1,1.3125,0.764138,1.09375
-0.991877,1.3125,0.765616,1.11563
-0.919162,1.33438,0.767393,1.00625
-0.83191,1.33438,0.768871,1.1375
-1,1.29062,0.771521,1.07187
-1,1.35625,0.775616,1.07187
-1,1.33438,0.780882,1.02812
-1,1.33438,0.784977,1.05
-1,1.3125,0.786754,0.875
-0.93291,1.33438,0.789104,1.15938
-1,1.29062,0.792627,1.05
-1,1.35625,0.795849,1.07187
-1,1.35625,0.801116,1.07187
-1,1.35625,0.804338,1.07187
-1,1.4,0.80786,1.11563
-1,1.33438,0.811082,1.15938
-1,1.35625,0.890197,1.11563
-1,1.35625,0.818127,1.1375
-1,1.37813,0.820477,1.11563
-1,1.35625,0.853073,1.11563
-1,1.35625,0.937703,1.225
-1,1.35625,0.830743,1.02812
-1,1.35625,0.834266,1.15938
-1,1.46562,0.947097,1.11563
-1,1.37813,0.838393,1.20312
-1,1.4,0.962282,1.18125
-1,1.37813,0.982077,1.26875
-1,1.37813,0.938208,1.29062
-1,1.4,0.921669,1.26875
-1,1.42188,0.968793,1.18125
-1,1.4,0.970571,1.29062
-1,1.44375,0.958975,1.29062
-1,1.37813,0.95988,1.26875
-1,1.4,1,1.33438
-1,1.4,0.926503,1.33438
-1,1.4,0.944853,1.3125
-1,1.4,1,1.33438
-1,1.42188,0.928047,1.37813
-1,1.4,0.948141,1.33438
-1,1.42188,0.967364,1.33438
-1,1.4,0.871162,1.33438
-1,1.4,0.971491,1.24687
-1,1.37813,0.864532,1.37813
-1,1.42188,0.868927,1.24687
-1,1.4,0.872449,1.29062
-1,1.4,0.876843,1.20312
-1,1.33438,0.880938,1.20312
-1,1.33438,0.885904,1.225
-1,1.33438,0.889999,1.20312
-1,1.46562,0.893793,1.20312
-1,1.35625,0.897888,1.24687
-1,1.35625,0.901982,1.225
-1,1.33438,0.906949,1.37813
-1,1.4875,0.911043,1.20312
-1,1.33438,0.91601,1.35625
-1,1.44375,0.919232,1.18125
-1,1.3125,0.923327,1.225
-1,1.3125,0.928293,1.24687
-1,1.37813,0.932388,1.24687
-1,1.35625,0.963812,1.225
-1,1.37813,0.938832,1.3125
-1,1.35625,0.942054,1.225
-1,1.35625,0.944404,1.225
-1,1.42188,0.948499,1.29062
-1,1.35625,0.951721,1.26875
-1,1.35625,0.954071,1.42188
-1,1.53125,0.957293,1.26875
-1,1.29062,0.958771,1.4
-1,1.46562,0.961421,1.225
-1,1.35625,0.963771,1.3125
-1,1.35625,0.966993,1.3125
-1,1.4,1,1.3125
-1,1.35625,0.969949,1.3125
-1,1.44375,0.971427,1.3125
-1,1.3125,1,1.3125
-1,1.35625,0.97351,1.33438
-1,1.37813,0.975288,1.3125
-1,1.24687,1,1.3125
-1,1.3125,0.976499,1.44375
-1,1.44375,0.977977,1.3125
-1,1.3125,0.978582,1.4875
-1,1.29062,0.979188,1.3125
-0.951314,1.3125,0.980093,1.3125
-0.993333,1.29062,0.980699,1.3125
-0.99214,1.3125,0.981304,1.3125
-1,1.3125,0.98191,1.3125
-0.945744,1.3125,0.982816,1.33438
-0.943388,1.3125,0.982549,1.24687
-0.984244,1.4,0.982282,1.3125
-0.940603,1.26875,0.98376,1.3125
-1,1.3125,0.984666,1.3125
-0.980266,1.35625,0.984399,1.26875
-0.891451,1.26875,0.985004,1.44375
-0.845484,1.3125,0.984738,1.3125
-0.929188,1.225,0.983899,1.3125
-0.97237,1.26875,0.985377,1.33438
-1,1.33438,0.985982,1.3125
-1,1.35625,0.986888,1.3125
-0.922455,1.35625,0.985749,1.4
-0.919699,1.33438,0.985482,1.3125
-0.917344,1.42188,0.985516,1.3125
-0.988436,1.225,0.986121,1.4
-1,1.46562,0.986727,1.3125
-1,1.33438,0.987632,1.44375
-1,1.44375,0.988238,1.33438
-1,1.35625,0.990016,1.3125
-0.981673,1.35625,0.989749,1.44375
-0.951407,1.4875,0.990654,1.3125
-0.979288,1.3125,0.99156,1.3125
-0.949784,1.33438,0.993338,1.26875
-0.978829,1.225,0.995116,1.3125
-0.978799,1.46562,0.996893,1.3125
-1,1.29062,0.998671,1.4875
-0.97834,1.42188,1,1.3125
-0.977147,1.4,1,1.3125
-1,1.3125,1,1.3125
-1,1.35625,1,1.3125
-1,1.37813,1,1.3125
-1,1.3125,1,1.37813
-1,1.29062,1,1.44375
-0.946333,1.4,1,1.3125
-0.973814,1.3125,1,1.37813
-1,1.26875,1,1.44375
-1,1.4,1,1.3125
-1,1.29062,1,1.44375
-1,1.53125,1,1.37813
-1,1.33438,1,1.4875
-0.941836,1.42188,1,1.3125
-1,1.3125,1,1.4875
-1,1.33438,1,1.35625
-1,1.35625,1,1.33438
-1,1.33438,1,1.33438
-1,1.35625,1,1.33438
-0.892596,1.29062,1,1.33438
-0.89024,1.29062,1,1.37813
-0.96017,1.33438,1,1.35625
-0.958977,1.33438,1,1.33438
-1,1.24687,1,1.46562
-0.841459,1.26875,1,1.29062
-0.83754,1.18125,1,1.46562
-0.761336,1.225,1,1.33438
-0.949125,1.05,1,1.46562
-1,1.18125,1,1.33438
-1,1.24687,1,1.55313
-0.826525,1.26875,1,1.37813
-0.618325,1.1375,1,1.4875
-0.700466,1.02812,1,1.35625
-0.81557,1.02812,1,1.44375
-0.930673,1.05,1,1.33438
-0.929081,1.20312,1,1.44375
-0.765655,1.15938,1,1.35625
-0.643514,1.07187,1,1.4875
-0.594821,1.05,1,1.33438
-0.794821,1.00625,1,1.4875
-0.792466,1.09375,1,1.3125
-0.994792,1.07187,1,1.37813
-0.789681,1.26875,1,1.35625
-0.713477,1.09375,1,1.33438
-0.576799,1.02812,1,1.4875
-0.572881,0.9625,1,1.35625
-0.816492,0.940625,1,1.4875
-0.860073,1.05,1,1.37813
-0.931166,1.07187,1,1.3125
-0.857288,1.11563,1,1.4875
-0.692699,1.15938,1,1.35625
-0.600396,1.02812,1,1.37813
-0.639325,1.00625,1,1.44375
-0.754429,0.984375,1,1.35625
-1,1.05,1,1.35625
-1,1.00625,1,1.37813
-0.870236,1.18125,1,1.3125
-0.705647,1.11563,1,1.37813
-0.58427,1.05,1,1.35625
-0.53714,1.02812,1,1.44375
-0.855362,0.984375,1,1.35625
-1,1.09375,1,1.4875
-1,1.11563,1,1.3125
-0.856799,1.18125,1,1.4875
-0.502066,1.09375,1,1.3125
-0.496984,0.9625,1,1.4875
-0.770833,0.940625,1,1.3125
-1,1.07187,1,1.44375
-1,1.1375,1,1.37813
-1,1.15938,1,1.33438
-0.81894,1.20312,1,1.44375
-0.61074,1.09375,1,1.37813
-0.564373,1.00625,1,1.37813
-0.840547,1.02812,1,1.4875
-1,1.11563,1,1.20312
-1,1.18125,1,1.44375
-1,1.15938,1,1.3125
-0.846207,1.20312,1,1.4875
-0.683944,1.1375,1,1.3125
-0.652114,1.09375,1,1.44375
-1,1.05,1,1.35625
-1,1.24687,1,1.4875
-1,1.225,1,1.35625
-1,1.18125,1,1.44375
-0.816488,1.26875,1,1.26875
-0.814133,1.1375,1,1.44375
-0.767766,1.20312,1,1.4
-0.972418,1.15938,1,1.37813
-1,1.29062,1,1.35625
-1,1.29062,1,1.3125
-1,1.29062,1,1.44375
-0.935629,1.29062,1,1.35625
-0.819303,1.29062,1,1.3125
-0.772936,1.24687,1,1.3125
-0.932814,1.225,1,1.42188
-1,1.29062,1,1.35625
-1,1.3125,1,1.35625
-1,1.26875,1,1.35625
-0.982084,1.3125,1,1.33438
-0.77621,1.29062,1,1.3125
-0.847303,1.24687,1,1.37813
-0.934096,1.225,1,1.33438
-1,1.225,1,1.3125
-1,1.26875,1,1.35625
-1,1.33438,1,1.35625
-0.852933,1.20312,1,1.35625
-0.938562,1.3125,1,1.35625
-0.894921,1.26875,1,1.33438
-0.939266,1.20312,1,1.35625
-1,1.225,1,1.35625
-1,1.26875,1,1.35625
-1,1.29062,1,1.35625
-0.940673,1.29062,1,1.35625
-0.822784,1.225,1,1.35625
-0.821592,1.11563,1,1.37813
-0.89501,1.20312,1,1.35625
-1,1.24687,1,1.35625
-1,1.24687,1,1.4
-1,1.26875,1,1.35625
-0.824896,1.26875,1,1.4875
-0.736081,1.33438,1,1.3125
-0.733725,1.225,1,1.44375
-0.936814,1.225,1,1.3125
-1,1.18125,1,1.44375
-1,1.29062,1,1.35625
-0.940577,1.37813,1,1.3125
-0.734703,1.24687,1,1.35625
-0.68601,1.33438,1,1.33438
-0.815651,1.05,1,1.35625
-0.933844,1.15938,1,1.35625
-1,1.07187,1,1.24687
-0.934547,1.15938,1,1.44375
-0.729436,1.35625,1,1.3125
-0.725918,0.984375,1,1.44375
-0.766773,1.225,1,1.3125
-0.881877,1.00625,1,1.44375
-0.837836,1.225,1,1.24687
-0.836244,1.02812,1,1.44375
-0.835051,1.18125,1,1.26875
-0.832296,1.05,1,1.50937
-0.757255,1.07187,1,1.35625
-0.799273,1.07187,1,1.35625
-0.666084,1.02812,1,1.35625
-0.750551,1.02812,1,1.35625
-0.983877,1.02812,1,1.35625
-0.954773,1.1375,1,1.35625
-0.79211,1.11563,1,1.4875
-0.629847,1.05,1,1.29062
-0.495096,1.00625,1,1.35625
-0.856929,0.91875,1,1.50937
-1,1.09375,1,1.35625
-1,1.15938,1,1.3125
-0.90354,1.15938,1,1.50937
-0.623418,1.225,1,1.3125
-0.487503,1.07187,1,1.35625
-0.689829,0.940625,1,1.44375
-1,1.15938,1,1.3125
-1,1.15938,1,1.44375
-0.969796,1.29062,1,1.33438
-0.647625,1.15938,1,1.44375
-0.52741,1.15938,1,1.3125
-0.640951,0.984375,1,1.46562
-0.932825,1.1375,1,1.33438
-1,1.18125,1,1.3125
-1,1.15938,1,1.29062
-0.891814,1.20312,1,1.35625
-0.641929,1.09375,1,1.35625
-0.683184,1.02812,1,1.35625
-0.842662,1.05,1,1.35625
-1,1.1375,1,1.29062
-1,1.20312,1,1.3125
-0.963884,1.225,1,1.37813
-1,1.26875,1,1.35625
-0.773281,1.20312,1,1.3125
-0.84361,1.15938,1,1.35625
-0.79957,1.225,1,1.42188
-0.931136,1.1375,1,1.44375
-1,1.37813,1,1.18125
-1,1.20312,1,1.46562
-0.969025,1.33438,1,1.3125
-0.89591,1.24687,1,1.4
-0.688473,1.35625,1,1.35625
-0.80474,1.18125,1,1.44375
-1,1.3125,1,1.42188
-1,1.29062,1,1.46562
-1,1.33438,1,1.35625
-1,1.29062,1,1.46562
-0.694073,1.37813,1,1.26875
-0.736092,1.1375,1,1.44375
-0.89557,1.18125,1,1.35625
-1,1.225,1,1.29062
-1,1.26875,1,1.35625
-1,1.26875,1,1.20312
-0.859544,1.29062,1,1.35625
-0.81434,1.24687,1,1.3125
-1,1.18125,1,1.35625
-1,1.29062,1,1.3125
-0.976447,1.26875,1,1.44375
-0.948107,1.33438,1,1.3125
-1,1.26875,1,1.4875
-0.978647,1.33438,1,1.3125
-1,1.3125,1,1.46562
-0.905103,1.29062,1,1.35625
-0.905836,1.26875,1,1.35625
-0.949018,1.29062,1,1.35625
-1,1.29062,1,1.35625
-1,1.29062,1,1.37813
-1,1.3125,1,1.35625
-0.951951,1.29062,1,1.35625
-0.703229,1.3125,1,1.37813
-0.861544,1.20312,1,1.35625
-0.905888,1.29062,1,1.35625
-1,1.26875,1,1.4
-1,1.26875,1,1.35625
-0.822029,1.26875,1,1.35625
-0.746588,1.24687,1,1.35625
-0.743833,1.18125,1,1.37813
-1,1.18125,1,1.35625
-1,1.26875,1,1.4
-0.90594,1.3125,1,1.35625
-0.786888,1.24687,1,1.37813
-0.785296,1.18125,1,1.35625
-0.856388,1.18125,1,1.4
-0.857121,1.225,1,1.35625
-0.89914,1.20312,1,1.35625
-0.811488,1.225,1,1.35625
-0.853507,1.1375,1,1.37813
-0.853077,1.20312,1,1.35625
-0.967781,1.1375,1,1.33438
-0.777207,1.18125,1,1.26875
-0.73084,1.11563,1,1.37813
-0.728084,1.09375,1,1.37813
-0.887562,1.09375,1,1.4
-1,1.1375,1,1.37813
-0.887866,1.225,1,1.35625
-0.768814,1.1375,1,1.33438
-0.632899,1.11563,1,1.35625
-0.718529,1.07187,1,1.33438
-0.834396,1.09375,1,1.37813
-0.951425,1.1375,1,1.35625
-0.952159,1.18125,1,1.50937
-0.761584,1.15938,1,1.3125
-0.670444,1.1375,1,1.50937
-0.595003,1.09375,1,1.26875
-0.869614,1.02812,1,1.4
-1,1.18125,1,1.4
-1,1.20312,1,1.46562
-0.82704,1.24687,1,1.29062
-0.663214,1.11563,1,1.4875
-0.70407,1.09375,1,1.35625
-0.907159,1.07187,1,1.46562
-0.907892,1.18125,1,1.33438
-0.937699,1.18125,1,1.46562
-0.747125,1.20312,1,1.3125
-0.862992,0.984375,1,1.44375
-0.90501,1.15938,1,1.33438
-0.934818,1.15938,1,1.46562
-0.700633,1.18125,1,1.37813
-0.697877,1.09375,1,1.44375
-0.857355,1.11563,1,1.35625
-1,1.11563,1,1.46562
-1,1.11563,1,1.33438
-0.815944,1.18125,1,1.46562
-0.49221,1.1375,1,1.33438
-0.69141,0.984375,1,1.33438
-0.853214,1.1375,1,1.35625
-1,1.11563,1,1.26875
-1,1.20312,1,1.44375
-0.766629,1.24687,1,1.29062
-0.572166,1.1375,1,1.35625
-0.685707,1.05,1,1.35625
-0.963807,1.05,1,1.35625
-1,1.26875,1,1.35625
-1,1.20312,1,1.4
-0.760525,1.05,1,1.33438
-0.729859,1.18125,1,1.35625
-0.681929,0.9625,1,1.46562
-0.797796,1.1375,1,1.33438
-0.913662,1.11563,1,1.4875
-0.956444,1.24687,1,1.4
-0.956014,1.225,1,1.35625
-0.750503,1.29062,1,1.35625
-0.631451,1.11563,1,1.33438
-0.67307,1.02812,1,1.44375
-0.671477,1.09375,1,1.33438
-1,0.9625,1,1.29062
-1,1.26875,1,1.29062
-0.950644,1.1375,1,1.46562
-0.582899,1.18125,1,1.35625
-0.385347,1.02812,1,1.33438
-0.658396,0.853125,1,1.50937
-0.98127,1.11563,1,1.33438
-1,1.09375,1,1.4
-0.942214,1.1375,1,1.35625
-0.663255,1.20312,1,1.35625
-0.408318,1.02812,1,1.50937
-0.535233,1.00625,1,1.35625
-0.81177,0.91875,1,1.50937
-1,1.15938,1,1.35625
-1,1.1375,1,1.29062
-0.859507,1.1375,1,1.35625
-0.490999,1.09375,1,1.35625
-0.485518,0.896875,1,1.4
-0.482762,1.00625,1,1.35625
-0.919207,0.853125,1,1.50937
-1,1.09375,1,1.42188
-0.922599,1.07187,1,1.35625
-0.642477,1.02812,1,1.37813
-0.432714,0.896875,1,1.4
-0.223714,0.853125,1,1.35625
-0.700681,0.809375,1,1.29062
-0.994081,0.853125,1,1.46562
-1,1.11563,1,1.26875
-0.911414,1.02812,1,1.35625
-0.42661,1.00625,1,1.35625
-0.18661,0.809375,1,1.4
-0.339873,0.634375,1,1.35625
-0.849403,0.678125,1,1.37813
-1,0.91875,1,1.35625
-1,1.02812,1,1.37813
-0.694384,0.9625,1,1.37813
-0.250866,0.896875,1,1.37813
-0.244621,0.74375,1,1.4
-0.487433,0.74375,1,1.44375
-0.92544,0.83125,1,1.3125
-1,0.9625,1,1.46562
-1,1.11563,1,1.35625
-0.564577,1.02812,1,1.46562
-0.279803,0.9625,1,1.37813
-0.271996,0.765625,1,1.44375
-0.590218,0.721875,1,1.4
-1,0.896875,1,1.35625
-1,1.07187,1,1.53125
-0.964747,1.1375,1,1.33438
-0.157403,1.07187,1,1.3125
-0.221518,0.7875,1,1.4
-0.538177,0.721875,1,1.4
-0.97851,0.896875,1,1.35625
-1,1.07187,1,1.35625
-1,1.3125,1,1.35625
-0.636073,1.07187,1,1.35625
-0.42591,0.940625,1,1.50937
-0.333607,0.984375,1,1.33438
-0.739814,0.74375,1,1.50937
-1,0.984375,1,1.37813
-1,1.09375,1,1.33438
-1,1.09375,1,1.37813
-0.636118,1.11563,1,1.37813
-0.471129,0.91875,1,1.46562
-0.465647,1.00625,1,1.35625
-0.949592,0.896875,1,1.44375
-1,1.20312,1,1.26875
-1,1.11563,1,1.46562
-0.921336,1.24687,1,1.33438
-0.598766,1.09375,1,1.44375
-0.389766,1.00625,1,1.35625
-0.664377,0.896875,1,1.44375
-1,1.07187,1,1.35625
-1,1.18125,1,1.33438
-1,1.18125,1,1.55313
-0.812462,1.11563,1,1.44375
-0.650962,1.18125,1,1.29062
-0.559421,1.18125,1,1.35625
-0.87997,0.9625,1,1.50937
-1,1.26875,1,1.37813
-1,1.18125,1,1.46562
-1,1.20312,1,1.35625
-0.819884,1.20312,1,1.37813
-0.729507,1.11563,1,1.37813
-0.655229,1.1375,1,1.4
-0.932929,1.05,1,1.37813
-1,1.24687,1,1.37813
-1,1.29062,1,1.225
-1,1.20312,1,1.35625
-0.782133,1.24687,1,1.35625
-0.693318,1.1375,1,1.35625
-0.77971,1.07187,1,1.3125
-0.985125,1.1375,1,1.4875
-1,1.26875,1,1.24687
-1,1.20312,1,1.44375
-0.905118,1.29062,1,1.35625
-0.743618,1.20312,1,1.44375
-0.698414,1.11563,1,1.35625
-0.858655,1.09375,1,1.4875
-0.991384,1.15938,1,1.35625
-1,1.24687,1,1.35625
-0.953492,1.24687,1,1.4875
-0.790429,1.18125,1,1.35625
-0.67254,1.20312,1,1.42188
-0.743233,1.11563,1,1.3125
-0.860262,1.1375,1,1.35625
-1,1.20312,1,1.29062
-1,1.26875,1,1.35625
-0.832588,1.24687,1,1.35625
-0.700162,1.225,1,1.35625
-0.623159,1.11563,1,1.44375
-0.826247,1.07187,1,1.29062
-1,1.18125,1,1.37813
-1,1.225,1,1.3125
-0.992207,1.26875,1,1.35625
-0.668473,1.26875,1,1.29062
-0.57577,1.1375,1,1.3125
-0.617788,1.07187,1,1.44375
-0.894725,1.05,1,1.26875
-1,1.05,1,1.44375
-1,1.20312,1,1.3125
-0.826929,1.15938,1,1.15938
-0.619492,1.18125,1,1.35625
-0.615173,1.02812,1,1.42188
-0.687429,1.07187,1,1.3125
-0.936055,1.00625,1,1.3125
-1,1.15938,1,1.35625
-1,1.18125,1,1.3125
-0.690725,1.225,1,1.42188
-0.525336,1.07187,1,1.35625
-0.566192,0.984375,1,1.35625
-0.726433,1.00625,1,1.35625
-1,0.9625,1,1.44375
-1,1.18125,1,1.29062
-0.980777,1.1375,1,1.3125
-0.656644,1.225,1,1.3125
-0.405596,1.07187,1,1.3125
-0.561184,0.940625,1,1.46562
-1,1.05,1,1.29062
-1,1.225,1,1.42188
-1,1.1375,1,1.35625
-0.934884,1.15938,1,1.44375
-0.494455,1.15938,1,1.3125
-0.490136,0.896875,1,1.44375
-0.76591,0.984375,1,1.35625
-1,1.11563,1,1.3125
-1,1.20312,1,1.35625
-1,1.15938,1,1.3125
-0.774621,1.18125,1,1.50937
-0.568347,1.11563,1,1.3125
-0.608803,0.984375,1,1.24687
-0.680659,0.984375,1,1.35625
-1,1.00625,1,1.4
-1,1.15938,1,1.24687
-1,1.1375,1,1.44375
-0.661859,1.1375,1,1.3125
-0.686614,1.02812,1,1.3125
-0.683459,1.05,1,1.35625
-0.976096,1.07187,1,1.35625
-1,1.20312,1,1.44375
-1,1.20312,1,1.3125
-0.85364,1.20312,1,1.3125
-0.778962,1.15938,1,1.42188
-0.616299,1.1375,1,1.29062
-0.775377,1.09375,1,1.35625
-1,1.15938,1,1.29062
-1,1.18125,1,1.26875
-1,1.24687,1,1.44375
-0.858336,1.26875,1,1.3125
-0.783659,1.18125,1,1.42188
-0.738055,1.15938,1,1.3125
-0.855084,1.15938,1,1.42188
-1,1.225,1,1.3125
-1,1.33438,1,1.44375
-0.909399,1.37813,1,1.3125
-0.834721,1.225,1,1.44375
-0.74667,1.225,1,1.3125
-0.833462,1.15938,1,1.44375
-1,1.225,1,1.44375
-1,1.33438,1,1.35625
-1,1.26875,1,1.4
-0.837521,1.4,1,1.29062
-0.793481,1.225,1,1.44375
-0.836262,1.24687,1,1.33438
-0.909281,1.18125,1,1.44375
-0.911177,1.29062,1,1.29062
-0.91151,1.15938,1,1.46562
-1,1.33438,1,1.33438
-0.868966,1.24687,1,1.42188
-0.795451,1.29062,1,1.26875
-0.706636,1.11563,1,1.44375
-0.83664,1.18125,1,1.33438
-0.999207,1.1375,1,1.4
-1,1.37813,1,1.3125
-0.871766,1.20312,1,1.4875
-0.710266,1.20312,1,1.26875
-0.634425,1.07187,1,1.4
-0.749892,1.11563,1,1.3125
-0.911696,1.07187,1,1.4875
-1,1.26875,1,1.3125
-0.915088,1.18125,1,1.4
-0.709577,1.3125,1,1.29062
-0.632573,1.02812,1,1.4
-0.630981,1.1375,1,1.20312
-0.83367,0.984375,1,1.4
-0.951462,1.18125,1,1.24687
-0.908584,1.1375,1,1.35625
-0.790296,1.24687,1,1.29062
-0.54001,1.07187,1,1.37813
-0.506618,1.02812,1,1.3125
-0.693607,0.83125,1,1.37813
-0.854247,1.02812,1,1.3125
-0.898192,0.984375,1,1.37813
-0.736292,1.1375,1,1.3125
-0.660451,0.940625,1,1.44375
-0.525699,1.00625,1,1.3125
-0.564992,0.853125,1,1.35625
-0.651384,0.853125,1,1.35625
-0.768014,0.875,1,1.35625
-0.883881,0.896875,1,1.33438
-0.810366,1.09375,1,1.35625
-0.560081,0.9625,1,1.35625
-0.394692,0.853125,1,1.37813
-0.388447,0.809375,1,1.33438
-0.663821,0.853125,1,1.24687
-0.986296,0.896875,1,1.44375
-0.959881,1.09375,1,1.33438
-0.753207,1.00625,1,1.44375
-0.310851,1.07187,1,1.29062
-0.143136,0.765625,1,1.44375
-0.416184,0.765625,1,1.3125
-0.971251,0.74375,1,1.4875
-1,1.11563,1,1.3125
-0.97697,0.984375,1,1.44375
-0.463855,1.15938,1,1.3125
-0.13507,0.809375,1,1.37813
-0.20151,0.809375,1,1.29062
-0.768788,0.65625,1,1.35625
-1,1.00625,1,1.33438
-1,0.984375,1,1.4
-0.778329,1.1375,1,1.3125
-0.408259,0.9625,1,1.44375
-0.285318,0.896875,1,1.3125
-0.469981,0.678125,1,1.4
-0.880077,0.83125,1,1.3125
-1,0.984375,1,1.35625
-1,1.1375,1,1.29062
-0.800833,1.07187,1,1.42188
-0.285792,1.07187,1,1.29062
-0.352996,0.74375,1,1.42188
-0.627207,0.875,1,1.33438
-1,0.940625,1,1.42188
-1,1.18125,1,1.29062
-1,1.09375,1,1.46562
-0.771403,1.18125,1,1.3125
-0.403659,0.984375,1,1.42188
-0.310192,0.9625,1,1.29062
-0.629177,0.809375,1,1.29062
-1,1.02812,1,1.37813
-1,1.1375,1,1.35625
-1,1.1375,1,1.3125
-0.647192,1.11563,1,1.33438
-0.321896,1.00625,1,1.37813
-0.44841,0.853125,1,1.35625
-0.770121,0.875,1,1.42188
-1,1.02812,1,1.33438
-1,1.1375,1,1.37813
-0.946547,1.15938,1,1.35625
-0.739873,1.15938,1,1.35625
-0.532036,1.09375,1,1.29062
-0.528881,0.984375,1,1.33438
-0.805818,0.984375,1,1.35625
-1,1.1375,1,1.33438
-1,1.15938,1,1.35625
-1,1.07187,1,1.35625
-0.700159,1.18125,1,1.42188
-0.419636,1.00625,1,1.42188
-0.531614,0.896875,1,1.35625
-0.940147,0.9625,1,1.4
-1,1.1375,1,1.42188
-1,1.15938,1,1.35625
-0.863229,1.1375,1,1.35625
-0.539096,1.07187,1,1.42188
-0.462092,0.940625,1,1.42188
-0.575233,0.875,1,1.42188
-0.940155,0.91875,1,1.42188
-1,1.09375,1,1.24687
-1,1.11563,1,1.37813
-0.697514,1.11563,1,1.37813
-0.29837,1.00625,1,1.4
-0.321962,0.83125,1,1.42188
-0.72817,0.853125,1,1.29062
-1,1.02812,1,1.4
-1,1.05,1,1.37813
-0.897218,1.07187,1,1.35625
-0.529473,1.09375,1,1.4
-0.290236,0.91875,1,1.35625
-0.401051,0.83125,1,1.4
-0.837496,0.875,1,1.4
-1,1.05,1,1.24687
-1,1.15938,1,1.35625
-0.727251,1.11563,1,1.35625
-0.358344,1.00625,1,1.42188
-0.148181,0.853125,1,1.4
-0.552062,0.74375,1,1.33438
-0.918147,0.91875,1,1.35625
-1,1.02812,1,1.37813
-0.953703,1.11563,1,1.42188
-0.630733,1.02812,1,1.4
-0.230425,1.02812,1,1.42188
-0.267392,0.7875,1,1.4
-0.659062,0.74375,1,1.4
-1,0.91875,1,1.4
-1,1.07187,1,1.35625
-0.917659,1.02812,1,1.35625
-0.433618,1.07187,1,1.33438
-0.267066,0.875,1,1.35625
-0.290659,0.765625,1,1.35625
-0.860262,0.765625,1,1.35625
-1,0.9625,1,1.225
-1,1.07187,1,1.37813
-0.711821,1.09375,1,1.3125
-0.460373,0.984375,1,1.37813
-0.338596,0.875,1,1.35625
-0.540121,0.83125,1,1.42188
-0.980055,0.940625,1,1.35625
-1,1.1375,1,1.37813
-1,1.1375,1,1.35625
-0.78684,1.18125,1,1.37813
-0.506318,1.02812,1,1.35625
-0.299644,0.984375,1,1.42188
-0.779699,0.83125,1,1.35625
-1,1.11563,1,1.4
-1,1.18125,1,1.35625
-1,1.15938,1,1.4
-0.767077,1.1375,1,1.42188
-0.560403,1.02812,1,1.35625
-0.557247,1.00625,1,1.35625
-0.951644,1.00625,1,1.33438
-1,1.18125,1,1.37813
-1,1.225,1,1.35625
-1,1.1375,1,1.29062
-0.805862,1.24687,1,1.42188
-0.643962,1.1375,1,1.4
-0.730355,1.09375,1,1.35625
-0.93537,1.11563,1,1.42188
-1,1.225,1,1.4
-1,1.24687,1,1.4
-0.949162,1.18125,1,1.4
-0.86111,1.18125,1,1.37813
-0.582914,1.18125,1,1.35625
-0.740829,1.05,1,1.35625
-0.947007,1.20312,1,1.4
-1,1.225,1,1.35625
-1,1.225,1,1.4
-0.95731,1.26875,1,1.37813
-0.664577,1.26875,1,1.35625
-0.749807,1.11563,1,1.42188
-0.793751,1.18125,1,1.3125
-1,1.20312,1,1.35625
-1,1.26875,1,1.37813
-1,1.26875,1,1.37813
-0.804388,1.29062,1,1.4
-0.803559,1.15938,1,1.37813
-0.671496,1.20312,1,1.35625
-0.918959,1.1375,1,1.35625
-1,1.26875,1,1.33438
-1,1.3125,1,1.4
-0.926936,1.29062,1,1.35625
-0.837721,1.225,1,1.37813
-0.720596,1.225,1,1.35625
-0.719766,1.1375,1,1.35625
-0.968392,1.18125,1,1.20312
-1,1.26875,1,1.4
-1,1.29062,1,1.37813
-0.844373,1.3125,1,1.33438
-0.726084,1.18125,1,1.37813
-0.768466,1.225,1,1.37813
-0.883933,1.11563,1,1.33438
-0.930203,1.18125,1,1.37813
-1,1.20312,1,1.35625
-0.816899,1.225,1,1.37813
-0.817233,1.1375,1,1.37813
-0.729181,1.1375,1,1.29062
-0.655666,1.09375,1,1.35625
-0.844981,1.02812,1,1.35625
-1,1.09375,1,1.37813
-1,1.20312,1,1.35625
-0.820396,1.20312,1,1.35625
-0.658496,1.1375,1,1.35625
-0.65534,1.05,1,1.35625
-0.727196,1.07187,1,1.35625
-0.888599,1.07187,1,1.42188
-1,1.05,1,1.35625
-1,1.1375,1,1.35625
-0.890362,1.24687,1,1.33438
-0.522618,1.1375,1,1.35625
-0.445614,1.02812,1,1.35625
-0.763436,0.91875,1,1.37813
-0.969614,1.05,1,1.33438
-1,1.02812,1,1.35625
-0.930159,1.225,1,1.33438
-0.489729,1.11563,1,1.35625
-0.397025,0.896875,1,1.35625
-0.510166,0.809375,1,1.29062
-0.875088,0.853125,1,1.33438
-1,1.00625,1,1.42188
-1,1.07187,1,1.37813
-0.676059,1.09375,1,1.4
-0.51067,0.91875,1,1.4
-0.506351,0.875,1,1.35625
-0.664266,0.875,1,1.42188
-0.956503,0.940625,1,1.35625
-1,1.07187,1,1.37813
-0.990896,1.07187,1,1.33438
-0.594077,1.11563,1,1.35625
-0.472299,0.940625,1,1.35625
-0.467981,0.83125,1,1.37813
-0.744518,0.853125,1,1.29062
-1,1.02812,1,1.35625
-1,1.11563,1,1.4
-0.867229,1.1375,1,1.35625
-0.471573,1.05,1,1.225
-0.174188,0.896875,1,1.37813
-0.534459,0.721875,1,1.35625
-0.856933,0.875,1,1.37813
-1,1.00625,1,1.35625
-1,1.02812,1,1.35625
-0.749777,1.07187,1,1.4
-0.38087,0.984375,1,1.33438
-0.30154,0.896875,1,1.37813
-0.781596,0.7875,1,1.35625
-1,1.05,1,1.35625
-1,1.11563,1,1.37813
-0.98397,1.11563,1,1.4
-0.660999,1.18125,1,1.3125
-0.539984,1.00625,1,1.37813
-0.58044,0.9625,1,1.37813
-0.812966,1.02812,1,1.35625
-1,1.1375,1,1.35625
-1,1.20312,1,1.4
-0.985103,1.15938,1,1.4
-0.663296,1.1375,1,1.4
-0.543444,1.02812,1,1.33438
-0.540288,0.984375,1,1.3125
-0.948421,0.984375,1,1.35625
-1,1.15938,1,1.35625
-1,1.18125,1,1.33438
-0.960651,1.18125,1,1.4
-0.637681,1.18125,1,1.33438
-0.473055,1.05,1,1.37813
-0.660044,0.984375,1,1.35625
-1,1.05,1,1.35625
-1,1.18125,1,1.42188
-1,1.1375,1,1.42188
-0.83444,1.20312,1,1.35625
-0.598692,1.15938,1,1.37813
-0.669384,1.02812,1,1.3125
-0.800151,1.11563,1,1.35625
-1,1.18125,1,1.29062
-1,1.24687,1,1.35625
-1,1.24687,1,1.35625
-0.810388,1.20312,1,1.35625
-0.677162,1.18125,1,1.37813
-0.646096,1.11563,1,1.35625
-0.807099,1.05,1,1.35625
-1,1.20312,1,1.37813
-1,1.29062,1,1.37813
-1,1.24687,1,1.35625
-0.771399,1.24687,1,1.29062
-0.651547,1.11563,1,1.35625
-0.649555,1.07187,1,1.29062
-0.927255,1.09375,1,1.35625
-1,1.20312,1,1.35625
-1,1.20312,1,1.35625
-0.891221,1.225,1,1.35625
-0.77137,1.11563,1,1.42188
-0.564696,1.1375,1,1.35625
-0.72221,1.00625,1,1.4
-0.970836,1.05,1,1.35625
-1,1.18125,1,1.35625
-0.974592,1.20312,1,1.35625
-0.770244,1.18125,1,1.35625
-0.488559,1.1375,1,1.4
-0.514077,0.940625,1,1.3125
-0.803988,0.896875,1,1.33438
-1,1.00625,1,1.35625
-1,1.20312,1,1.35625
-0.719692,1.20312,1,1.35625
-0.43877,1.05,1,1.4
-0.476899,0.875,1,1.42188
-0.75111,0.91875,1,1.35625
-0.912114,0.984375,1,1.37813
-0.958384,1.11563,1,1.35625
-0.796484,1.11563,1,1.42188
-0.633021,1.07187,1,1.35625
-0.468796,0.9625,1,1.35625
-0.419303,0.984375,1,1.35625
-0.694677,0.853125,1,1.35625
-0.856081,1.00625,1,1.35625
-0.944399,1.07187,1,1.35625
-0.856347,1.1375,1,1.35625
-0.459529,1.05,1,1.35625
-0.292577,0.853125,1,1.4
-0.447003,0.83125,1,1.3125
-0.796225,0.91875,1,1.35625
-1,0.940625,1,1.35625
-1,1.07187,1,1.35625
-0.684018,1.05,1,1.37813
-0.355996,0.875,1,1.37813
-0.276666,0.853125,1,1.37813
-0.594488,0.809375,1,1.35625
-0.947199,0.875,1,1.42188
-1,1.07187,1,1.35625
-0.836221,1.07187,1,1.4
-0.556462,1.00625,1,1.4
-0.273614,0.91875,1,1.33438
-0.385592,0.83125,1,1.33438
-0.748188,0.896875,1,1.33438
-1,0.91875,1,1.35625
-1,1.20312,1,1.37813
-0.828851,1.15938,1,1.4
-0.461107,1.05,1,1.35625
-0.266644,0.896875,1,1.37813
-0.539292,0.765625,1,1.35625
-0.934451,0.896875,1,1.35625
-1,1.07187,1,1.4
-1,1.11563,1,1.35625
-0.753447,1.07187,1,1.35625
-0.385703,1.00625,1,1.35625
-0.337773,0.83125,1,1.44375
-0.656759,0.83125,1,1.35625
-1,0.9625,1,1.37813
-1,1.05,1,1.44375
-1,1.07187,1,1.42188
-0.712933,1.1375,1,1.4
-0.462647,1.02812,1,1.35625
-0.503103,0.940625,1,1.42188
-0.868025,0.940625,1,1.35625
-1,1.11563,1,1.35625
-1,1.18125,1,1.35625
-0.999277,1.1375,1,1.46562
-0.794929,1.18125,1,1.3125
-0.631866,1.09375,1,1.46562
-0.673484,1.09375,1,1.35625
-0.923273,1.09375,1,1.46562
-1,1.225,1,1.3125
-1,1.225,1,1.46562
-1,1.18125,1,1.35625
-0.85094,1.26875,1,1.46562
-0.645429,1.225,1,1.35625
-0.732984,1.11563,1,1.42188
-0.937999,1.18125,1,1.3125
-1,1.29062,1,1.3125
-1,1.26875,1,1.46562
-0.979703,1.26875,1,1.4875
-0.789892,1.3125,1,1.33438
-0.657066,1.20312,1,1.46562
-0.860918,1.18125,1,1.37813
-1,1.15938,1,1.46562
-1,1.3125,1,1.3125
-1,1.37813,1,1.44375
-0.917492,1.3125,1,1.35625
-0.801529,1.26875,1,1.46562
-0.800699,1.26875,1,1.33438
-0.873718,1.225,1,1.46562
-0.964762,1.3125,1,1.3125
-1,1.24687,1,1.46562
-1,1.24687,1,1.42188
-0.926403,1.29062,1,1.35625
-0.838351,1.26875,1,1.37813
-0.808447,1.07187,1,1.35625
-0.92624,1.225,1,1.35625
-1,1.35625,1,1.3125
-1,1.26875,1,1.46562
-0.815596,1.33438,1,1.37813
-0.771155,1.11563,1,1.44375
-0.770325,1.20312,1,1.575
-0.929403,1.15938,1,1.3125
-0.975273,1.18125,1,1.46562
-0.932359,1.29062,1,1.29062
-0.843507,1.15938,1,1.46562
-0.768429,1.20312,1,1.33438
-0.722025,1.1375,1,1.35625
-0.809181,1.09375,1,1.35625
-0.92501,1.1375,1,1.42188
-0.969318,1.225,1,1.35625
-0.809344,1.225,1,1.35625
-0.719329,1.15938,1,1.33438
-0.642688,1.09375,1,1.3125
-0.66937,1.05,1,1.35625
-0.872421,1.05,1,1.35625
-0.958414,1.1375,1,1.4
-0.957947,1.09375,1,1.3125
-0.664414,1.18125,1,1.33438
-0.470714,1.02812,1,1.46562
-0.493507,1.00625,1,1.3125
-0.784181,0.853125,1,1.46562
-0.975021,1.1375,1,1.3125
-0.946644,1.05,1,1.46562
-0.623273,1.20312,1,1.29062
-0.326251,0.853125,1,1.42188
-0.523888,0.83125,1,1.33438
-0.725777,0.7,1,1.35625
-0.960229,0.91875,1,1.68437
-0.931088,1.1375,1,1.24687
-0.680003,1.00625,1,1.46562
-0.397918,0.984375,1,1.35625
-0.391636,0.765625,1,1.44375
-0.592362,0.853125,1,1.29062
-0.752203,0.7875,1,1.46562
-0.941881,1.02812,1,1.35625
-0.75167,0.984375,1,1.44375
-0.587807,1.00625,1,1.4875
-0.420855,0.9625,1,1.33438
-0.414573,0.7875,1,1.42188
-0.571688,0.809375,1,1.35625
-0.762929,0.83125,1,1.35625
-1,0.853125,1,1.46562
-0.851944,1.15938,1,1.37813
-0.52701,0.984375,1,1.46562
-0.198988,1.00625,1,1.37813
-0.426462,0.721875,1,1.575
-0.835359,0.91875,1,1.4
-1,0.9625,1,1.50937
-1,1.02812,1,1.35625
-0.519596,1.09375,1,1.35625
-0.235947,0.853125,1,1.35625
-0.303914,0.765625,1,1.4
-0.740721,0.721875,1,1.42188
-1,1.02812,1,1.42188
-1,1.09375,1,1.59688
-0.793799,1.18125,1,1.37813
-0.51404,0.984375,1,1.42188
-0.420536,0.91875,1,1.35625
-0.622825,0.875,1,1.42188
-0.944499,0.940625,1,1.35625
-1,1.11563,1,1.4
-0.952107,1.35625,1,1.37813
-0.791733,1.1375,1,1.42188
-0.716655,1.09375,1,1.4875
-0.581866,1.1375,1,1.42188
-0.712633,1.02812,1,1.4875
-0.874399,1.09375,1,1.42188
-1,1.20312,1,1.37813
-1,1.24687,1,1.37813
-0.885429,1.20312,1,1.35625
-0.562821,1.33438,1,1.35625
-0.516818,1.02812,1,1.35625
-0.750107,0.984375,1,1.35625
-1,1.11563,1,1.35625
-1,1.20312,1,1.35625
-1,1.18125,1,1.3125
-0.690236,1.26875,1,1.29062
-0.643433,1.11563,1,1.3125
-0.758862,1.11563,1,1.35625
-1,1.20312,1,1.35625
-1,1.3125,1,1.4
-1,1.26875,1,1.50937
-0.931584,1.3125,1,1.35625
-0.814421,1.24687,1,1.4875
-0.814718,1.24687,1,1.26875
-0.815014,1.18125,1,1.46562
-0.976381,1.18125,1,1.33438
-1,1.3125,1,1.35625
-1,1.3125,1,1.35625
-0.940636,1.24687,1,1.35625
-0.911859,1.24687,1,1.33438
-0.910992,1.4,1,1.37813
-0.939199,1.26875,1,1.46562
-0.940659,1.26875,1,1.35625
-1,1.26875,1,1.4
-0.988351,1.29062,1,1.46562
-0.98981,1.26875,1,1.42188
-0.829036,1.07187,1,1.46562
-0.871781,1.24687,1,1.35625
-0.872077,1.24687,1,1.33438
-0.990996,1.15938,1,1.3125
-1,1.29062,1,1.42188
-1,1.29062,1,1.35625
-0.670907,1.29062,1,1.33438
-0.713651,1.15938,1,1.50937
-0.829081,1.11563,1,1.33438
-1,1.1375,1,1.46562
-1,1.20312,1,1.37813
-0.878233,1.26875,1,1.35625
-0.715133,1.20312,1,1.33438
-0.623555,1.11563,1,1.33438
-0.753521,1.09375,1,1.46562
-0.943962,1.05,1,1.35625
-1,1.20312,1,1.42188
-0.916644,1.24687,1,1.35625
-0.709933,1.24687,1,1.33438
-0.70674,1.11563,1,1.35625
-0.661099,1.1375,1,1.53125
-0.864914,1.09375,1,1.35625
-0.936733,1.20312,1,1.4
-0.905629,1.24687,1,1.35625
-0.773929,1.11563,1,1.4
-0.653277,1.11563,1,1.46562
-0.607636,1.05,1,1.35625
-0.692829,1.07187,1,1.46562
-0.897807,1.07187,1,1.3125
-0.92834,1.15938,1,1.46562
-0.928636,1.11563,1,1.3125
-0.736462,1.1375,1,1.35625
-0.571436,1.07187,1,1.33438
-0.597318,1.02812,1,1.35625
-0.726121,1.00625,1,1.42188
-1,1.05,1,1.4
-1,1.1375,1,1.42188
-0.759573,1.18125,1,1.3125
-0.522625,1.18125,1,1.46562
-0.474659,0.984375,1,1.35625
-0.632536,0.940625,1,1.35625
-0.880725,0.9625,1,1.35625
-0.999644,1.09375,1,1.35625
-0.796021,1.00625,1,1.4875
-0.676533,1.07187,1,1.3125
-0.555481,1.05,1,1.46562
-0.624573,1.02812,1,1.33438
-0.666155,1.00625,1,1.4
-0.899807,0.940625,1,1.29062
-0.902429,0.940625,1,1.46562
-0.873251,1.11563,1,1.35625
-0.624092,1.09375,1,1.42188
-0.546651,0.9625,1,1.24687
-0.616144,0.940625,1,1.46562
-0.732336,1.02812,1,1.35625
-1,1.07187,1,1.46562
-1,1.15938,1,1.33438
-0.86791,1.18125,1,1.46562
-0.573977,1.05,1,1.33438
-0.451762,1.02812,1,1.42188
-0.536955,0.9625,1,1.29062
-0.975288,0.940625,1,1.46562
-1,1.11563,1,1.4
-1,1.07187,1,1.46562
-0.659451,1.15938,1,1.33438
-0.406403,0.9625,1,1.46562
-0.533644,0.875,1,1.33438
-0.853755,0.9625,1,1.46562
-1,1.07187,1,1.33438
-1,1.11563,1,1.4875
-0.773599,1.1375,1,1.33438
-0.49304,1.02812,1,1.42188
-0.445836,0.896875,1,1.29062
-0.647325,0.875,1,1.46562
-0.88214,0.9625,1,1.35625
-1,1.05,1,1.46562
-0.974207,1.15938,1,1.42188
-0.769821,1.15938,1,1.46562
-0.532473,1.11563,1,1.33438
-0.442059,0.940625,1,1.4875
-0.715833,0.9625,1,1.33438
-1,1.02812,1,1.4
-1,1.18125,1,1.35625
-0.973518,1.18125,1,1.46562
-0.76797,1.20312,1,1.33438
-0.443399,1.00625,1,1.46562
-0.439044,0.9625,1,1.33438
-0.758755,0.940625,1,1.42188
-1,1.09375,1,1.35625
-1,1.1375,1,1.53125
-0.930781,1.15938,1,1.35625
-0.650984,1.1375,1,1.46562
-0.486721,1.09375,1,1.35625
-0.556977,0.940625,1,1.46562
-1,1.07187,1,1.29062
-1,1.20312,1,1.42188
-1,1.26875,1,1.33438
-0.771347,1.18125,1,1.50937
-0.651859,1.18125,1,1.33438
-0.605818,1.02812,1,1.46562
-0.853244,1.05,1,1.33438
-1,1.1375,1,1.42188
-1,1.35625,1,1.29062
-0.932996,1.20312,1,1.4875
-0.699536,1.26875,1,1.29062
-0.652333,1.05,1,1.46562
-0.725314,1.11563,1,1.33438
-0.856044,1.09375,1,1.46562
-0.974962,1.20312,1,1.29062
-0.889962,1.18125,1,1.46562
-0.93387,1.18125,1,1.33438
-0.698847,1.1375,1,1.46562
-0.564821,1.1375,1,1.33438
-0.606003,0.984375,1,1.44375
-0.854592,1.1375,1,1.29062
-1,1.09375,1,1.46562
-1,1.26875,1,1.33438
-0.728499,1.11563,1,1.46562
-0.489988,1.1375,1,1.33438
-0.442784,0.896875,1,1.35625
-0.600262,0.9625,1,1.3125
-0.923462,0.83125,1,1.42188
-1,1.18125,1,1.29062
-0.882733,1.05,1,1.46562
-0.441866,1.15938,1,1.33438
-0.362099,0.896875,1,1.46562
-0.429629,0.875,1,1.33438
-0.794114,0.765625,1,1.42188
-0.999855,1.05,1,1.35625
-0.870081,1.02812,1,1.46562
-0.633496,1.09375,1,1.35625
-0.264151,0.875,1,1.46562
-0.345455,0.809375,1,1.35625
-0.575618,0.678125,1,1.46562
-0.983714,0.853125,1,1.33438
-1,0.940625,1,1.46562
-0.779588,0.984375,1,1.35625
-0.411407,0.896875,1,1.46562
-0.243255,0.7875,1,1.33438
-0.398407,0.634375,1,1.46562
-0.64387,0.765625,1,1.35625
-0.994981,0.765625,1,1.4875
-0.880907,1.11563,1,1.29062
-0.676121,0.875,1,1.46562
-0.274977,0.875,1,1.33438
-0.310344,0.678125,1,1.4
-0.465496,0.83125,1,1.35625
-0.742759,0.765625,1,1.46562
-1,1.00625,1,1.35625
-0.980559,1.02812,1,1.46562
-0.540855,1.11563,1,1.33438
-0.138947,0.83125,1,1.46562
-0.0870919,0.7875,1,1.29062
-0.448088,0.634375,1,1.44375
-1,0.83125,1,1.33438
-1,0.809375,1,1.46562
-0.85267,1.07187,1,1.33438
-0.293181,0.91875,1,1.46562
-0.0802548,0.83125,1,1.29062
-0.276292,0.65625,1,1.4
-0.78731,0.809375,1,1.3125
-1,0.91875,1,1.44375
-1,1.09375,1,1.33438
-0.635233,1.02812,1,1.4
-0.236414,1.00625,1,1.3125
-0.185721,0.678125,1,1.46562
-0.547881,0.809375,1,1.29062
-1,0.765625,1,1.46562
-1,1.15938,1,1.33438
-0.996073,1.02812,1,1.46562
-0.601144,1.15938,1,1.33438
-0.348096,0.875,1,1.46562
-0.225881,0.91875,1,1.29062
-0.750273,0.74375,1,1.46562
-0.944966,1.07187,1,1.225
-1,1.02812,1,1.46562
-0.955988,1.09375,1,1.29062
-0.634907,1.07187,1,1.46562
-0.352784,1.02812,1,1.33438
-0.436414,0.875,1,1.42188
-0.787525,1.05,1,1.33438
-1,1.02812,1,1.46562
-1,1.24687,1,1.29062
-1,1.09375,1,1.4875
-0.644247,1.225,1,1.33438
-0.246992,1.02812,1,1.37813
-0.637062,0.940625,1,1.33438
-1,0.984375,1,1.46562
-1,1.29062,1,1.33438
-1,1.18125,1,1.44375
-0.859536,1.24687,1,1.33438
-0.625677,1.11563,1,1.46562
-0.535225,1.1375,1,1.29062
-0.739403,1.00625,1,1.46562
-1,1.15938,1,1.33438
-1,1.24687,1,1.46562
-1,1.29062,1,1.35625
-0.912777,1.20312,1,1.46562
-0.795577,1.29062,1,1.29062
-0.63284,1.18125,1,1.42188
-0.749796,1.15938,1,1.33438
-1,1.18125,1,1.46562
-1,1.33438,1,1.29062
-1,1.26875,1,1.50937
-0.806873,1.29062,1,1.35625
-0.600125,1.18125,1,1.46562
-0.714755,1.09375,1,1.3125
-0.920859,1.1375,1,1.42188
-1,1.24687,1,1.29062
-1,1.20312,1,1.46562
-0.93174,1.24687,1,1.29062
-0.887625,1.20312,1,1.46562
-0.68204,1.24687,1,1.33438
-0.769921,1.11563,1,1.46562
-0.931251,1.18125,1,1.24687
-1,1.225,1,1.46562
-1,1.29062,1,1.29062
-1,1.26875,1,1.44375
-0.734621,1.29062,1,1.42188
-0.690107,1.1375,1,1.4
-0.775662,1.15938,1,1.29062
-0.982929,1.18125,1,1.46562
-1,1.26875,1,1.33438
-0.945288,1.26875,1,1.46562
-0.857162,1.26875,1,1.33438
-0.579292,1.20312,1,1.46562
-0.664447,1.00625,1,1.33438
-0.852925,1.07187,1,1.37813
-0.987507,1.11563,1,1.37813
-1,1.225,1,1.4
-0.903929,1.225,1,1.29062
-0.624496,1.1375,1,1.35625
-0.665277,1.07187,1,1.35625
-0.664373,1.07187,1,1.37813
-0.898788,1.07187,1,1.3125
-1,1.18125,1,1.4
-0.990418,1.24687,1,1.35625
-0.828844,1.24687,1,1.4
-0.577321,1.26875,1,1.37813
-0.529718,1.07187,1,1.35625
-0.616436,1.02812,1,1.29062
-0.894062,1.00625,1,1.4
-1,1.11563,1,1.35625
-0.942081,1.15938,1,1.44375
-0.692121,1.18125,1,1.37813
-0.410762,1.07187,1,1.35625
-0.493592,0.91875,1,1.26875
-0.769292,0.940625,1,1.44375
-1,1.02812,1,1.35625
-1,1.15938,1,1.35625
-0.775521,1.15938,1,1.33438
-0.566447,1.11563,1,1.26875
-0.401384,0.940625,1,1.29062
-0.514451,0.896875,1,1.35625
-0.922147,0.940625,1,1.35625
-0.968744,1.11563,1,1.35625
-1,1.09375,1,1.3125
-0.647521,1.1375,1,1.3125
-0.394836,1.00625,1,1.35625
-0.316996,0.875,1,1.35625
-0.665381,0.853125,1,1.35625
-0.913933,0.9625,1,1.35625
-1,1.00625,1,1.35625
-0.831518,1.07187,1,1.225
-0.594533,1.00625,1,1.35625
-0.31201,0.9625,1,1.35625
-0.37914,0.83125,1,1.35625
-0.81591,0.853125,1,1.35625
-1,0.896875,1,1.35625
-1,1.07187,1,1.37813
-0.865751,1.20312,1,1.35625
-0.424484,1.11563,1,1.3125
-0.213084,0.91875,1,1.3125
-0.53007,0.809375,1,1.35625
-0.896081,0.875,1,1.37813
-1,1.09375,1,1.35625
-1,1.11563,1,1.33438
-0.653981,1.02812,1,1.35625
-0.371821,0.91875,1,1.35625
-0.321092,0.74375,1,1.24687
-0.800673,0.83125,1,1.35625
-1,1.05,1,1.29062
-1,1.09375,1,1.35625
-0.897177,1.15938,1,1.35625
-0.57257,1.1375,1,1.35625
-0.451481,1.02812,1,1.35625
-0.56531,0.91875,1,1.35625
-0.842936,1.00625,1,1.35625
-1,1.07187,1,1.35625
-1,1.15938,1,1.3125
-0.969277,1.1375,1,1.35625
-0.617921,1.1375,1,1.35625
-0.453621,1.02812,1,1.35625
-0.640136,0.9625,1,1.35625
-0.933062,0.984375,1,1.3125
-1,1.18125,1,1.35625
-1,1.18125,1,1.3125
-0.857447,1.20312,1,1.35625
-0.652625,1.11563,1,1.35625
-0.531536,1.02812,1,1.35625
-0.852373,1.05,1,1.29062
-1,1.18125,1,1.37813
-1,1.225,1,1.3125
-1,1.18125,1,1.35625
-0.821392,1.24687,1,1.35625
-0.820088,1.18125,1,1.3125
-0.79011,1.20312,1,1.35625
-0.95104,1.20312,1,1.3125
-1,1.29062,1,1.3125
-1,1.29062,1,1.35625
-1,1.29062,1,1.3125
-0.961344,1.3125,1,1.35625
-0.917592,1.29062,1,1.29062
-0.801155,1.29062,1,1.35625
-0.962484,1.26875,1,1.3125
-0.994907,1.37813,1,1.35625
-1,1.3125,1,1.29062
-1,1.33438,1,1.35625
-1,1.35625,1,1.37813
-0.885425,1.33438,1,1.37813
-0.886447,1.26875,1,1.35625
-0.88747,1.35625,1,1.35625
-1,1.29062,1,1.35625
-1,1.35625,1,1.35625
-1,1.35625,1,1.35625
-1,1.33438,1,1.35625
-0.854021,1.37813,1,1.35625
-0.824044,1.3125,1,1.3125
-1,1.24687,1,1.35625
-1,1.33438,1,1.37813
-1,1.4,1,1.35625
-0.833184,1.37813,1,1.35625
-0.905729,1.26875,1,1.35625
-1,1.26875,1,1.35625
-0.996159,1.33438,1,1.35625
-0.997581,1.33438,1,1.35625
-0.910218,1.37813,1,1.35625
-0.866466,1.26875,1,1.35625
-0.911099,1.29062,1,1.37813
-0.999744,1.26875,1,1.35625
-1,1.33438,1,1.35625
-0.958177,1.35625,1,1.3125
-0.870814,1.29062,1,1.35625
-0.914684,1.26875,1,1.35625
-0.958155,1.225,1,1.35625
-0.915566,1.29062,1,1.35625
-0.871814,1.26875,1,1.3125
-0.915684,1.20312,1,1.37813
-0.841696,1.24687,1,1.37813
-0.959014,1.00625,1,1.37813
-0.872051,1.1375,1,1.35625
-0.842836,1.15938,1,1.35625
-0.796759,1.18125,1,1.35625
-0.751844,1.20312,1,1.35625
-0.91201,1.15938,1,1.35625
-0.868259,1.15938,1,1.3125
-0.868118,1.15938,1,1.35625
-0.836577,1.18125,1,1.37813
-0.746888,1.20312,1,1.37813
-0.744421,1.09375,1,1.35625
-0.786729,1.1375,1,1.35625
-0.829036,1.1375,1,1.35625
-0.828896,1.1375,1,1.3125
-0.738044,1.09375,1,1.35625
-0.693129,1.15938,1,1.29062
-0.660825,1.02812,1,1.37813
-0.658359,0.875,1,1.35625
-0.72974,0.9625,1,1.35625
-0.683662,1.00625,1,1.35625
-0.724807,0.940625,1,1.37813
-0.56127,0.940625,1,1.35625
-0.646025,0.853125,1,1.4
-0.67147,0.83125,1,1.3125
-0.638766,0.896875,1,1.37813
-0.707821,0.853125,1,1.37813
-0.471599,0.91875,1,1.3125
-0.584266,0.765625,1,1.35625
-0.624647,0.7875,1,1.4
-0.651255,0.853125,1,1.3125
-0.618551,0.83125,1,1.3125
-0.57131,0.809375,1,1.35625
-0.521744,0.74375,1,1.37813
-0.562888,0.74375,1,1.35625
-0.559259,0.74375,1,1.35625
-0.512018,0.809375,1,1.37813
-0.463614,0.721875,1,1.37813
-0.547207,0.65625,1,1.4
-0.661036,0.721875,1,1.35625
-0.586284,0.7875,1,1.3125
-0.49427,0.74375,1,1.37813
-0.444703,0.74375,1,1.35625
-0.410836,0.7,1,1.35625
-0.640962,0.721875,1,1.3125
-0.682107,0.809375,1,1.37813
-0.636029,0.83125,1,1.37813
-0.428881,0.7875,1,1.3125
-0.422925,0.765625,1,1.35625
-0.418133,0.74375,1,1.37813
-0.620747,0.7,1,1.35625
-0.545596,0.765625,1,1.3125
-0.615814,0.765625,1,1.37813
-0.569736,0.7875,1,1.3125
-0.493421,0.7875,1,1.37813
-0.533403,0.74375,1,1.35625
-0.529773,0.765625,1,1.35625
-0.52847,0.765625,1,1.35625
-0.642699,0.74375,1,1.35625
-0.642559,0.809375,1,1.37813
-0.756388,0.7875,1,1.50937
-0.638788,0.984375,1,1.24687
-0.591547,0.809375,1,1.46562
-0.515233,0.984375,1,1.3125
-0.586614,0.853125,1,1.44375
-0.747544,0.940625,1,1.3125
-0.835788,0.875,1,1.44375
-0.836047,1.02812,1,1.3125
-0.544003,0.984375,1,1.44375
-0.424077,1.05,1,1.29062
-0.509996,0.74375,1,1.4
-0.830833,0.9625,1,1.3125
-1,0.9625,1,1.44375
-0.951499,1.15938,1,1.3125
-0.630781,1.09375,1,1.44375
-0.467244,1.09375,1,1.35625
-0.507225,0.875,1,1.4
-0.784451,0.9625,1,1.29062
-0.991318,1.02812,1,1.44375
-0.907444,1.20312,1,1.29062
-0.703784,1.07187,1,1.50937
-0.584259,1.11563,1,1.33438
-0.539344,0.9625,1,1.44375
-0.78517,0.984375,1,1.29062
-0.830966,1.05,1,1.44375
-0.833151,1.18125,1,1.29062
-0.789399,1.1375,1,1.44375
-0.745647,1.11563,1,1.35625
-0.702296,1.05,1,1.4
-0.670755,1.00625,1,1.37813
-0.627003,1.02812,1,1.4
-0.670473,1.05,1,1.3125
-1,0.984375,1,1.44375
-1,1.20312,1,1.3125
-0.749714,1.11563,1,1.44375
-0.381896,1.07187,1,1.29062
-0.348029,0.853125,1,1.44375
-0.785162,0.853125,1,1.37813
-0.994355,1.02812,1,1.44375
-1,1.18125,1,1.29062
-0.751596,1.09375,1,1.50937
-0.383777,1.02812,1,1.26875
-0.380147,0.83125,1,1.44375
-0.699421,0.809375,1,1.29062
-1,0.940625,1,1.44375
-1,1.09375,1,1.3125
-0.709466,1.09375,1,1.4
-0.472844,0.9625,1,1.29062
-0.513988,0.91875,1,1.4
-0.745277,0.875,1,1.29062
-0.834284,0.984375,1,1.44375
-0.865544,1.00625,1,1.29062
-0.705496,1.07187,1,1.44375
-0.747403,0.984375,1,1.35625
-0.630966,1.00625,1,1.4
-0.702347,0.896875,1,1.29062
-0.584347,1.00625,1,1.42188
-0.670266,0.940625,1,1.33438
-0.743973,1.00625,1,1.46562
-0.906066,0.9625,1,1.18125
-0.834003,1.05,1,1.50937
-0.584407,1.02812,1,1.29062
-0.30341,0.9625,1,1.44375
-0.342992,0.809375,1,1.37813
-0.823736,0.83125,1,1.55313
-1,0.984375,1,1.29062
-1,1.05,1,1.44375
-0.537988,1.11563,1,1.29062
-0.212218,0.91875,1,1.44375
-0.206262,0.721875,1,1.29062
-0.730218,0.765625,1,1.44375
-1,0.9625,1,1.29062
-1,1.02812,1,1.44375
-0.737536,1.07187,1,1.3125
-0.339081,1.00625,1,1.50937
-0.202292,0.809375,1,1.29062
-0.520803,0.721875,1,1.46562
-0.814492,0.809375,1,1.29062
-0.932973,0.91875,1,1.44375
-0.817699,1.05,1,1.29062
-0.685162,1.07187,1,1.4
-0.405329,0.896875,1,1.37813
-0.358088,0.809375,1,1.44375
-0.557977,0.809375,1,1.29062
-0.762118,0.984375,1,1.46562
-0.998059,0.940625,1,1.29062
-0.88511,1.07187,1,1.44375
-0.679888,1.00625,1,1.37813
-0.326207,1.00625,1,1.46562
-0.349325,0.809375,1,1.29062
-0.435244,0.809375,1,1.4
-0.917914,0.83125,1,1.3125
-1,1.09375,1,1.4
-0.926936,1.00625,1,1.3125
-0.517433,0.984375,1,1.44375
-0.277321,0.940625,1,1.24687
-0.272529,0.809375,1,1.44375
-0.635814,0.765625,1,1.35625
-1,0.875,1,1.44375
-1,1.05,1,1.3125
-0.88154,1.09375,1,1.4
-0.440636,1.00625,1,1.3125
-0.274373,0.875,1,1.44375
-0.314355,0.83125,1,1.29062
-0.986407,0.83125,1,1.44375
-0.992081,1.09375,1,1.35625
-1,1.15938,1,1.44375
-0.675073,1.1375,1,1.3125
-0.438851,0.984375,1,1.50937
-0.347999,0.896875,1,1.35625
-0.638199,0.809375,1,1.4
-1,1.02812,1,1.29062
-1,1.1375,1,1.35625
-0.92561,1.15938,1,1.4
-0.676777,1.07187,1,1.46562
-0.51324,0.984375,1,1.33438
-0.349703,0.9625,1,1.44375
-0.596692,0.83125,1,1.4
-0.921018,0.9625,1,1.44375
-1,1.05,1,1.4
-0.888355,1.1375,1,1.44375
-0.683533,1.02812,1,1.33438
-0.357762,0.984375,1,1.42188
-0.279884,0.809375,1,1.3125
-0.717018,0.809375,1,1.4
-1,0.9625,1,1.35625
-1,1.07187,1,1.35625
-0.89471,1.05,1,1.35625
-0.498581,1.02812,1,1.35625
-0.246659,0.896875,1,1.35625
-0.491321,0.765625,1,1.35625
-0.931544,0.7875,1,1.35625
-1,1.07187,1,1.35625
-1,1.09375,1,1.37813
-0.78517,1.11563,1,1.35625
-0.506499,0.984375,1,1.35625
-0.415247,0.91875,1,1.35625
-0.69131,0.853125,1,1.37813
-1,0.91875,1,1.35625
-1,1.11563,1,1.35625
-0.952736,1.1375,1,1.35625
-0.792688,1.15938,1,1.35625
-0.586303,1.09375,1,1.4
-0.510751,1.00625,1,1.35625
-0.671281,0.984375,1,1.3125
-1,1.00625,1,1.3125
-1,1.20312,1,1.42188
-1,1.18125,1,1.35625
-0.757321,1.20312,1,1.3125
-0.593384,1.09375,1,1.35625
-0.590518,1.02812,1,1.35625
-0.707436,1.02812,1,1.35625
-0.958677,1.11563,1,1.35625
-1,1.15938,1,1.35625
-1,1.20312,1,1.35625
-0.764403,1.18125,1,1.35625
-0.48417,1.11563,1,1.35625
-0.642373,0.984375,1,1.35625
-0.802903,1.02812,1,1.35625
-1,1.1375,1,1.35625
-1,1.20312,1,1.35625
-0.974381,1.24687,1,1.35625
-0.651699,1.24687,1,1.35625
-0.562773,1.07187,1,1.35625
-0.647129,1.00625,1,1.35625
-0.881507,1.02812,1,1.3125
-1,1.18125,1,1.35625
-0.976188,1.225,1,1.35625
-0.860514,1.18125,1,1.35625
-0.610518,1.18125,1,1.37813
-0.534966,1.07187,1,1.35625
-0.694333,1.00625,1,1.3125
-1,1.02812,1,1.37813
-1,1.225,1,1.29062
-1,1.18125,1,1.35625
-0.701873,1.1375,1,1.24687
-0.450714,1.02812,1,1.4
-0.490296,0.940625,1,1.3125
-0.72391,0.940625,1,1.35625
-1,0.984375,1,1.35625
-1,1.225,1,1.29062
-0.893825,1.11563,1,1.44375
-0.571144,1.15938,1,1.29062
-0.450055,0.940625,1,1.4
-0.490799,0.984375,1,1.3125
-0.813562,0.896875,1,1.44375
-1,1.09375,1,1.3125
-1,1.07187,1,1.4
-0.822807,1.225,1,1.29062
-0.571647,1.00625,1,1.46562
-0.451321,1.00625,1,1.4
-0.607199,0.875,1,1.50937
-0.856114,1.05,1,1.3125
-1,1.07187,1,1.46562
-0.981033,1.33438,1,1.33438
-0.776973,1.1375,1,1.44375
-0.451966,1.11563,1,1.29062
-0.447936,0.91875,1,1.46562
-0.605377,1.00625,1,1.35625
-0.884529,0.9625,1,1.46562
-1,1.18125,1,1.29062
-0.934036,1.11563,1,1.44375
-0.611355,1.15938,1,1.29062
-0.446655,0.91875,1,1.44375
-0.397851,0.9625,1,1.29062
-0.643277,0.7875,1,1.44375
-1,1.05,1,1.3125
-1,1.09375,1,1.44375
-0.810103,1.225,1,1.3125
-0.485096,0.984375,1,1.44375
-0.23161,0.940625,1,1.37813
-0.431099,0.678125,1,1.50937
-0.79631,0.896875,1,1.26875
-1,0.91875,1,1.44375
-1,1.11563,1,1.29062
-0.68577,1.02812,1,1.44375
-0.315988,1.00625,1,1.33438
-0.22281,0.634375,1,1.35625
-0.510684,0.765625,1,1.4
-0.907296,0.765625,1,1.50937
-1,1.05,1,1.35625
-0.871144,0.984375,1,1.46562
-0.592073,1.07187,1,1.29062
-0.353125,0.83125,1,1.4
-0.347933,0.809375,1,1.3125
-0.578821,0.721875,1,1.4
-0.946759,0.896875,1,1.29062
-1,0.984375,1,1.44375
-0.996266,1.09375,1,1.35625
-0.674747,1.05,1,1.4875
-0.260592,1.00625,1,1.29062
-0.341459,0.74375,1,1.44375
-0.689807,0.875,1,1.3125
-1,0.91875,1,1.44375
-1,1.15938,1,1.3125
-0.834536,1.05,1,1.46562
-0.539766,1.07187,1,1.29062
-0.257207,0.896875,1,1.46562
-0.500707,0.896875,1,1.3125
-0.894992,0.809375,1,1.4
-1,1.1375,1,1.3125
-0.904377,1.05,1,1.46562
-0.744329,1.15938,1,1.29062
-0.507707,1.00625,1,1.44375
-0.460066,1.00625,1,1.35625
-0.61827,0.83125,1,1.44375
-0.897421,1.02812,1,1.3125
-1,1.07187,1,1.44375
-0.905644,1.225,1,1.37813
-0.744033,1.07187,1,1.44375
-0.463399,1.11563,1,1.3125
-0.576829,0.875,1,1.44375
-0.737359,1.09375,1,1.33438
-0.943825,1.00625,1,1.44375
-1,1.26875,1,1.4
-0.906873,1.11563,1,1.44375
-0.790036,1.20312,1,1.29062
-0.422581,1.07187,1,1.44375
-0.579621,1.00625,1,1.3125
-0.827373,0.9625,1,1.44375
-1,1.15938,1,1.29062
-1,1.09375,1,1.44375
-0.955603,1.4,1,1.29062
-0.631759,1.11563,1,1.44375
-0.540507,1.09375,1,1.3125
-0.627188,0.940625,1,1.44375
-0.904777,1.1375,1,1.35625
-1,1.09375,1,1.44375
-1,1.11563,1,1.29062
-0.797325,1.1375,1,1.42188
-0.518255,1.15938,1,1.3125
-0.469451,0.91875,1,1.29062
-0.701103,1.02812,1,1.33438
-1,0.940625,1,1.4
-1,1.24687,1,1.29062
-0.871018,1.1375,1,1.46562
-0.680333,1.11563,1,1.35625
-0.517159,1.02812,1,1.44375
-0.585814,1.02812,1,1.29062
-0.746344,0.940625,1,1.44375
-0.996421,1.1375,1,1.29062
-1,1.20312,1,1.44375
-0.870321,1.225,1,1.3125
-0.518566,1.09375,1,1.44375
-0.353066,1.02812,1,1.3125
-0.583955,0.853125,1,1.44375
-0.950329,1.00625,1,1.29062
-1,1.05,1,1.46562
-0.913777,1.15938,1,1.33438
-0.634707,1.07187,1,1.4
-0.426759,1.05,1,1.29062
-0.46634,0.853125,1,1.46562
-0.669318,1.02812,1,1.29062
-0.990918,0.984375,1,1.44375
-1,1.18125,1,1.3125
-0.864818,1.09375,1,1.53125
-0.468288,1.1375,1,1.37813
-0.301625,0.853125,1,1.44375
-0.370281,0.83125,1,1.29062
-0.822714,0.7875,1,1.46562
-0.987896,1.05,1,1.29062
-0.947233,1.05,1,1.46562
-0.669325,1.07187,1,1.3125
-0.298381,0.896875,1,1.44375
-0.175329,0.74375,1,1.29062
-0.447503,0.678125,1,1.44375
-0.813877,0.7875,1,1.35625
-1,0.853125,1,1.46562
-1,1.00625,1,1.33438
-0.525003,1.00625,1,1.35625
-0.167433,0.809375,1,1.29062
-0.158751,0.65625,1,1.4
-0.475299,0.65625,1,1.26875
-0.987044,0.721875,1,1.46562
-1,0.984375,1,1.35625
-0.759184,1.00625,1,1.46562
-0.316718,0.896875,1,1.29062
-0.104518,0.678125,1,1.4
-0.0958363,0.590625,1,1.3125
-0.456396,0.634375,1,1.44375
-0.851444,0.634375,1,1.3125
-1,0.809375,1,1.44375
-0.650333,0.875,1,1.29062
-0.251477,0.74375,1,1.46562
0.166567,0.634375,1,1.29062
-0.0718807,0.503125,1,1.4
-0.549899,0.4375,1,1.35625
-0.94651,0.678125,1,1.44375
-1,0.83125,1,1.29062
-0.599629,0.875,1,1.44375
-0.0676141,0.7875,1,1.33438
0.103301,0.56875,1,1.4
-0.0926993,0.525,1,1.3125
-0.483496,0.525,1,1.50937
-0.807421,0.56875,1,1.29062
-1,0.7875,1,1.46562
-0.605147,0.809375,1,1.29062
-0.0440585,0.7,1,1.44375
0.170467,0.525,1,1.33438
-0.0687437,0.415625,1,1.4
-0.45954,0.525,1,1.35625
-0.899762,0.590625,1,1.46562
-0.947484,0.74375,1,1.29062
-0.553281,0.74375,1,1.44375
-0.138725,0.634375,1,1.35625
0.235708,0.525,1,1.42188
-0.0777511,0.459375,1,1.37813
-0.440636,0.56875,1,1.44375
-0.808173,0.546875,1,1.3125
-0.855896,0.634375,1,1.35625
-0.769296,0.721875,1,1.35625
-0.283981,0.7,1,1.37813
-0.0427067,0.634375,1,1.35625
-0.0638622,0.459375,1,1.35625
-0.425584,0.525,1,1.35625
-0.909018,0.6125,1,1.35625
-1,0.74375,1,1.37813
-0.800544,0.83125,1,1.35625
-0.388314,0.83125,1,1.3125
0.128401,0.7,1,1.35625
-0.0542252,0.546875,1,1.35625
-0.53417,0.546875,1,1.3125
-0.946481,0.634375,1,1.44375
-1,0.83125,1,1.3125
-0.707173,0.896875,1,1.44375
-0.353855,0.765625,1,1.29062
-0.187592,0.74375,1,1.44375
-0.212236,0.634375,1,1.33438
-0.66467,0.634375,1,1.4875
-1,0.809375,1,1.3125
-0.835888,0.940625,1,1.44375
-0.676603,0.896875,1,1.29062
-0.426207,0.83125,1,1.44375
-0.378566,0.74375,1,1.3125
-0.420073,0.721875,1,1.44375
-0.625377,0.74375,1,1.29062
-0.906455,0.853125,1,1.46562
-1,0.940625,1,1.3125
-0.709596,1.02812,1,1.50937
-0.385751,0.940625,1,1.35625
-0.221414,0.7875,1,1.44375
-0.423229,0.721875,1,1.35625
-1,0.7,1,1.50937
-1,0.984375,1,1.29062
-1,1.02812,1,1.44375
-0.481321,1.07187,1,1.29062
-0.112303,0.875,1,1.53125
-0.356566,0.634375,1,1.44375
-0.839999,0.634375,1,1.33438
-1,0.940625,1,1.46562
-1,0.896875,1,1.3125
-0.607129,1.02812,1,1.44375
-0.443192,0.7875,1,1.3125
-0.20617,0.74375,1,1.44375
-0.642903,0.721875,1,1.29062
-1,0.853125,1,1.4
-1,1.09375,1,1.3125
-0.932966,1.05,1,1.44375
-0.657384,1.11563,1,1.35625
-0.405825,0.91875,1,1.46562
-0.330273,0.7875,1,1.35625
-0.65031,0.809375,1,1.44375
-1,0.91875,1,1.33438
-1,1.09375,1,1.44375
-0.944262,1.05,1,1.29062
-0.579133,1.00625,1,1.44375
-0.253725,0.940625,1,1.29062
-0.381692,0.765625,1,1.50937
-0.702892,0.940625,1,1.3125
-0.89831,0.940625,1,1.4
-1,0.984375,1,1.37813
-1,1.07187,1,1.44375
-0.557866,1.1375,1,1.29062
-0.303981,0.940625,1,1.44375
-0.344725,0.83125,1,1.29062
-0.73861,0.809375,1,1.44375
-1,0.984375,1,1.29062
-1,1.05,1,1.46562
-0.797644,1.09375,1,1.3125
-0.357503,0.984375,1,1.4
-0.35191,0.7875,1,1.3125
-0.422892,0.7875,1,1.44375
-1,0.83125,1,1.29062
-1,1.09375,1,1.4
-0.886236,1.11563,1,1.29062
-0.519944,1.02812,1,1.4
-0.312396,0.896875,1,1.29062
-0.395188,0.765625,1,1.44375
-0.716788,0.853125,1,1.29062
-0.951929,0.896875,1,1.4
-0.913592,1.1375,1,1.29062
-0.841129,1.07187,1,1.46562
-0.402151,1.09375,1,1.26875
-0.266125,0.83125,1,1.44375
-0.348918,0.765625,1,1.3125
-0.787977,0.590625,1,1.4875
-1,0.940625,1,1.35625
-1,1.00625,1,1.37813
-0.59174,0.984375,1,1.46562
-0.309944,0.896875,1,1.3125
-0.142518,0.65625,1,1.44375
-0.461392,0.7,1,1.3125
-0.871377,0.721875,1,1.35625
-1,0.809375,1,1.35625
-0.910599,0.9625,1,1.35625
-0.589081,0.91875,1,1.35625
-0.0287548,0.83125,1,1.4
-0.137533,0.6125,1,1.35625
-0.500418,0.590625,1,1.35625
-0.868718,0.721875,1,1.35625
-1,0.875,1,1.35625
-0.950388,0.940625,1,1.35625
-0.423025,0.7875,1,1.37813
-0.0218437,0.765625,1,1.35625
-0.0575363,0.590625,1,1.35625
-0.536718,0.546875,1,1.35625
-1,0.721875,1,1.37813
-1,1.00625,1,1.35625
-0.824855,0.9625,1,1.3125
-0.295929,0.83125,1,1.35625
0.0765785,0.65625,1,1.35625
-0.119421,0.546875,1,1.35625
-0.525518,0.56875,1,1.35625
-0.968066,0.634375,1,1.35625
-1,0.853125,1,1.35625
-0.855703,0.896875,1,1.35625
-0.209718,0.853125,1,1.35625
0.121504,0.590625,1,1.35625
0.0131267,0.48125,1,1.35625
-0.584677,0.546875,1,1.3125
-0.997751,0.634375,1,1.35625
-1,0.875,1,1.35625
-0.551436,0.83125,1,1.35625
-0.0626326,0.7,1,1.37813
0.223416,0.48125,1,1.35625
-0.134418,0.415625,1,1.35625
-0.68821,0.328125,1,1.35625
-0.941777,0.634375,1,1.35625
-0.857103,0.74375,1,1.35625
-0.462499,0.74375,1,1.35625
-0.0177067,0.6125,1,1.37813
0.0349859,0.415625,1,1.35625
-0.280799,0.415625,1,1.4
-0.64561,0.590625,1,1.35625
-0.999373,0.634375,1,1.35625
-0.769729,0.809375,1,1.35625
-0.446647,0.721875,1,1.3125
-0.00185481,0.678125,1,1.35625
0.00722667,0.48125,1,1.35625
-0.26571,0.4375,1,1.35625
-0.793155,0.459375,1,1.35625
-0.98701,0.721875,1,1.3125
-0.670144,0.7875,1,1.3125
-0.344736,0.678125,1,1.35625
0.0556822,0.6125,1,1.35625
-0.0118104,0.48125,1,1.35625
-0.491755,0.4375,1,1.35625
-1,0.6125,1,1.37813
-1,0.809375,1,1.37813
-0.545736,0.83125,1,1.42188
-0.175955,0.74375,1,1.35625
0.0197822,0.590625,1,1.35625
-0.253555,0.503125,1,1.35625
-0.735825,0.525,1,1.35625
-1,0.74375,1,1.35625
-0.748299,0.896875,1,1.35625
-0.469992,0.809375,1,1.35625
-0.0577622,0.721875,1,1.35625
-0.300462,0.503125,1,1.4
-0.532114,0.634375,1,1.35625
-1,0.721875,1,1.46562
-1,1.00625,1,1.35625
-0.908636,1.00625,1,1.4
-0.309351,1.02812,1,1.35625
-0.172162,0.74375,1,1.35625
-0.300892,0.7,1,1.35625
-0.739551,0.7,1,1.3125
-1,0.896875,1,1.35625
-1,0.9625,1,1.37813
-0.668914,0.896875,1,1.4
-0.271984,0.896875,1,1.42188
-0.224344,0.74375,1,1.3125
-0.50077,0.678125,1,1.46562
-1,0.765625,1,1.35625
-1,1.02812,1,1.35625
-1,0.940625,1,1.3125
-0.488503,1.07187,1,1.35625
-0.325329,0.853125,1,1.35625
-0.278851,0.765625,1,1.35625
-0.921029,0.765625,1,1.35625
-0.811933,1.02812,1,1.35625
-1,0.940625,1,1.35625
-0.77847,1.05,1,1.35625
-0.530799,0.9625,1,1.35625
-0.411236,0.83125,1,1.35625
-0.526992,0.83125,1,1.35625
-0.734221,0.875,1,1.35625
-1,0.984375,1,1.35625
-1,1.07187,1,1.35625
-0.750807,1.09375,1,1.35625
-0.51611,0.984375,1,1.35625
-0.352936,0.896875,1,1.35625
-0.629762,0.91875,1,1.35625
-1,0.984375,1,1.24687
-1,1.11563,1,1.35625
-1,1.11563,1,1.50937
-0.647733,1.225,1,1.29062
-0.397336,1.02812,1,1.4
-0.484018,0.9625,1,1.35625
-0.922677,0.875,1,1.44375
-1,1.20312,1,1.18125
-1,1.18125,1,1.44375
-0.734581,1.24687,1,1.3125
-0.616181,0.984375,1,1.44375
-0.45457,1.05,1,1.35625
-0.65831,0.896875,1,1.44375
-0.821929,1.05,1,1.29062
-1,1.05,1,1.44375
-0.875688,1.24687,1,1.29062
-0.833862,1.05,1,1.46562
-0.555555,1.1375,1,1.35625
-0.554614,0.9625,1,1.44375
-0.553673,1.02812,1,1.29062
-0.876436,0.896875,1,1.46562
-0.955159,1.1375,1,1.26875
-0.957707,1.11563,1,1.44375
-0.682888,1.18125,1,1.3125
-0.47534,0.984375,1,1.44375
-0.472073,0.896875,1,1.35625
-0.720588,0.896875,1,1.35625
-1,1.00625,1,1.35625
-0.889481,1.15938,1,1.35625
-0.803644,1.02812,1,1.225
-0.567784,1.02812,1,1.3125
-0.434084,0.940625,1,1.35625
-0.563977,0.853125,1,1.35625
-0.72527,0.91875,1,1.3125
-0.917962,0.984375,1,1.35625
-1,1.05,1,1.35625
-0.687377,1.09375,1,1.35625
-0.436981,0.940625,1,1.42188
-0.360266,0.83125,1,1.35625
-0.474459,0.7875,1,1.35625
-0.841596,0.7875,1,1.35625
-1,0.9625,1,1.35625
-0.805807,1.00625,1,1.3125
-0.526336,0.940625,1,1.35625
-0.24454,0.853125,1,1.35625
-0.313196,0.678125,1,1.35625
-0.633233,0.721875,1,1.35625
-0.884073,0.83125,1,1.35625
-1,1.00625,1,1.35625
-0.728499,1.00625,1,1.35625
-0.360644,0.853125,1,1.4
-0.193981,0.74375,1,1.35625
-0.30741,0.678125,1,1.35625
-0.715833,0.678125,1,1.35625
-0.908525,0.875,1,1.35625
-0.912636,0.9625,1,1.35625
-0.634329,0.984375,1,1.35625
-0.308921,0.83125,1,1.35625
-0.142659,0.7,1,1.35625
-0.341747,0.678125,1,1.37813
-0.735633,0.721875,1,1.35625
-0.872503,0.853125,1,1.35625
-0.83184,0.896875,1,1.35625
-0.553533,0.896875,1,1.35625
-0.30081,0.721875,1,1.35625
-0.178159,0.7,1,1.35625
-0.291188,0.65625,1,1.35625
-0.698447,0.65625,1,1.35625
-0.936314,0.765625,1,1.35625
-0.778955,0.91875,1,1.29062
-0.457036,0.875,1,1.35625
-0.173314,0.74375,1,1.35625
-0.211333,0.6125,1,1.35625
-0.529044,0.65625,1,1.35625
-0.71981,0.74375,1,1.35625
-0.76597,0.65625,1,1.35625
-0.606284,0.875,1,1.35625
-0.44351,0.74375,1,1.35625
-0.27801,0.74375,1,1.35625
-0.317192,0.65625,1,1.37813
-0.517844,0.65625,1,1.37813
-0.590751,0.765625,1,1.35625
-0.839266,0.7,1,1.35625
-0.709055,0.809375,1,1.35625
-0.385973,0.809375,1,1.3125
-0.104177,0.65625,1,1.3125
-0.186207,0.56875,1,1.35625
-0.503918,0.56875,1,1.35625
-0.739059,0.678125,1,1.35625
-0.785618,0.74375,1,1.35625
-0.581159,0.634375,1,1.35625
-0.300525,0.74375,1,1.35625
-0.0906511,0.6125,1,1.37813
-0.246129,0.590625,1,1.3125
-0.566566,0.56875,1,1.35625
-0.68541,0.65625,1,1.35625
-0.774018,0.7,1,1.35625
-0.569959,0.765625,1,1.35625
-0.332936,0.721875,1,1.35625
-0.357581,0.634375,1,1.35625
-0.353551,0.678125,1,1.35625
-0.512518,0.65625,1,1.35625
-0.674973,0.7875,1,1.35625
-0.72037,0.853125,1,1.35625
-0.647907,0.765625,1,1.35625
-0.442684,0.74375,1,1.3125
-0.277184,0.678125,1,1.35625
-0.273918,0.6125,1,1.35625
-0.594355,0.634375,1,1.35625
-0.713199,0.7,1,1.3125
-0.71691,0.721875,1,1.35625
-0.643684,0.7875,1,1.35625
-0.393288,0.74375,1,1.35625
-0.317736,0.634375,1,1.35625
-0.343544,0.634375,1,1.35625
-0.664744,0.65625,1,1.35625
-0.75724,0.765625,1,1.35625
-0.715014,0.7875,1,1.35625
-0.671625,0.809375,1,1.35625
-0.348944,0.765625,1,1.35625
-0.389288,0.678125,1,1.35625
-0.47557,0.678125,1,1.35625
-0.71111,0.721875,1,1.35625
-0.713659,0.83125,1,1.35625
-0.716607,0.853125,1,1.35625
-0.644144,0.853125,1,1.35625
-0.511207,0.83125,1,1.35625
-0.393207,0.765625,1,1.35625
-0.479488,0.765625,1,1.35625
-0.715029,0.765625,1,1.225
-0.878647,0.809375,1,1.35625
-0.721288,0.940625,1,1.35625
-0.648062,0.896875,1,1.35625
-0.355218,0.896875,1,1.29062
-0.397125,0.74375,1,1.35625
-0.600866,0.74375,1,1.29062
-1,0.83125,1,1.35625
-1,1.00625,1,1.42188
-0.813592,1.05,1,1.37813
-0.360077,0.91875,1,1.35625
-0.239351,0.809375,1,1.35625
-0.441929,0.74375,1,1.3125
-1,0.765625,1,1.35625
-1,1.02812,1,1.37813
-0.892299,1.02812,1,1.35625
-0.496533,1.02812,1,1.35625
-0.289747,0.875,1,1.35625
-0.285718,0.765625,1,1.35625
-0.606918,0.721875,1,1.35625
-0.814547,0.83125,1,1.35625
-1,0.940625,1,1.35625
-0.779521,1.00625,1,1.35625
-0.530688,0.809375,1,1.35625
-0.205281,0.7875,1,1.37813
-0.361159,0.678125,1,1.35625
-0.60851,0.7875,1,1.35625
-1,0.896875,1,1.35625
-1,1.00625,1,1.35625
-0.782277,1.02812,1,1.35625
-0.370047,0.940625,1,1.35625
-0.175473,0.809375,1,1.35625
-0.288903,0.765625,1,1.29062
-0.88747,0.6125,1,1.35625
-1,1.07187,1,1.35625
-1,1.00625,1,1.35625
-0.578025,1.02812,1,1.35625
-0.136721,0.853125,1,1.35625
-0.129966,0.65625,1,1.35625
-0.448077,0.634375,1,1.37813
-0.933836,0.74375,1,1.3125
-1,0.940625,1,1.4
-0.739303,1.09375,1,1.35625
-0.460233,0.83125,1,1.35625
-0.0900511,0.74375,1,1.35625
-0.0856215,0.590625,1,1.35625
-0.492118,0.56875,1,1.35625
-0.845881,0.65625,1,1.35625
-0.983151,0.7875,1,1.3125
-0.897314,0.875,1,1.35625
-0.458336,0.896875,1,1.35625
-0.0143067,0.721875,1,1.37813
-0.0794733,0.590625,1,1.35625
-0.398347,0.56875,1,1.35625
-1,0.634375,1,1.46562
-1,0.940625,1,1.35625
-0.77487,0.853125,1,1.44375
-0.202333,0.91875,1,1.37813
-0.00583259,0.590625,1,1.44375
-0.11421,0.634375,1,1.29062
-0.594555,0.525,1,1.44375
-0.832421,0.7875,1,1.3125
-1,0.74375,1,1.44375
-0.648936,0.9625,1,1.3125
-0.162859,0.7875,1,1.44375
0.00496741,0.6125,1,1.35625
-0.149747,0.503125,1,1.44375
-0.54287,0.6125,1,1.3125
-0.79371,0.6125,1,1.44375
-0.797821,0.7875,1,1.35625
-0.638536,0.65625,1,1.44375
-0.269518,0.809375,1,1.35625
-0.0148696,0.546875,1,1.44375
-0.00851407,0.546875,1,1.26875
-0.370999,0.35,1,1.44375
-0.782147,0.525,1,1.35625
-0.815333,0.74375,1,1.35625
-0.627736,0.678125,1,1.35625
-0.257955,0.6125,1,1.35625
-0.00330667,0.6125,1,1.35625
-0.0401622,0.48125,1,1.26875
-0.401884,0.284375,1,1.42188
-0.682199,0.48125,1,1.35625
-0.93304,0.6125,1,1.35625
-0.730144,0.83125,1,1.35625
-0.28884,0.678125,1,1.35625
0.0388933,0.503125,1,1.35625
-0.0262733,0.415625,1,1.37813
-0.43277,0.459375,1,1.3125
-0.625862,0.503125,1,1.35625
-0.876703,0.546875,1,1.35625
-0.556347,0.7,1,1.35625
-0.276114,0.590625,1,1.35625
-0.019903,0.56875,1,1.35625
-0.0147104,0.4375,1,1.35625
-0.377596,0.39375,1,1.37813
-0.772644,0.546875,1,1.35625
-0.777918,0.634375,1,1.35625
-0.588396,0.678125,1,1.35625
-0.264551,0.65625,1,1.35625
-0.054277,0.546875,1,1.33438
-0.0490844,0.48125,1,1.33438
-0.41197,0.503125,1,1.3125
-0.735496,0.546875,1,1.35625
-0.769844,0.6125,1,1.35625
-0.655333,0.7,1,1.4
-0.214792,0.65625,1,1.35625
-0.0485289,0.546875,1,1.35625
-0.204407,0.4375,1,1.35625
-0.526007,0.503125,1,1.35625
-1,0.6125,1,1.35625
-0.768747,0.853125,1,1.35625
-0.535614,0.765625,1,1.35625
-0.210607,0.74375,1,1.37813
-0.206177,0.590625,1,1.35625
-0.569062,0.590625,1,1.35625
-0.894151,0.7,1,1.35625
-1,0.91875,1,1.37813
-0.608907,0.984375,1,1.35625
-0.490907,0.853125,1,1.35625
-0.32697,0.7875,1,1.4
-0.413251,0.765625,1,1.35625
-0.647629,0.7875,1,1.35625
-0.769199,0.83125,1,1.37813
-0.744999,0.875,1,1.37813
-0.703936,0.853125,1,1.26875
-0.543088,0.875,1,1.35625
-0.381477,0.7875,1,1.35625
-0.424147,0.721875,1,1.42188
-0.615677,0.83125,1,1.35625
-0.98514,0.875,1,1.35625
-1,1.02812,1,1.44375
-0.950514,0.984375,1,1.35625
-0.467525,1.02812,1,1.37813
-0.230903,0.875,1,1.35625
-0.346259,0.74375,1,1.35625
-1,0.765625,1,1.35625
-1,1.00625,1,1.35625
-1,1.05,1,1.35625
-0.453377,1.1375,1,1.35625
-0.45011,0.896875,1,1.42188
-0.61064,0.91875,1,1.35625
-0.730647,0.91875,1,1.35625
-1,0.984375,1,1.35625
-1,1.09375,1,1.37813
-0.818355,1.18125,1,1.35625
-0.65867,1.15938,1,1.35625
-0.467584,1.02812,1,1.37813
-0.542055,0.940625,1,1.37813
-0.791733,0.9625,1,1.35625
-1,1.05,1,1.35625
-1,1.09375,1,1.29062
-0.884092,0.9625,1,1.35625
-0.562173,1.09375,1,1.3125
-0.487384,0.91875,1,1.37813
-0.647914,0.91875,1,1.37813
-0.930155,0.984375,1,1.4
-1,1.1375,1,1.35625
-1,1.15938,1,1.35625
-0.901566,1.20312,1,1.35625
-0.508125,1.18125,1,1.35625
-0.418799,0.853125,1,1.35625
-0.579329,0.940625,1,1.35625
-1,0.940625,1,1.35625
-1,1.11563,1,1.35625
-1,1.15938,1,1.35625
-0.759133,1.15938,1,1.35625
-0.437214,1.18125,1,1.35625
-0.55297,0.940625,1,1.3125
-0.759036,0.984375,1,1.35625
