torque_1,torque_1_t,torque_2,torque_2_t
-1,0.04375,-0.802868,0.196875
-1,0.284375,-0.795668,-0.371875
-1,0.415625,-0.78934,-0.503125
-1,0.371875,-0.785329,-0.525
-1,1.05,-0.818542,-0.83125
-1,1.05,-0.859596,-0.853125
-1,0.91875,-0.845418,-0.9625
-1,1.3125,-0.871071,-0.9625
-1,1.46562,-0.881888,-1.02812
-1,1.4875,-0.873816,-1.1375
-1,1.00625,-0.910218,-1.09375
-1,1.3125,-0.909996,-1.09375
-1,1.3125,-0.92401,-1.09375
-1,1.07187,-0.96362,-1.20312
-1,1.29062,-0.926764,-1.20312
-1,1.1375,-0.955607,-1.46562
-1,1.44375,-0.969049,-1.24687
-1,1.00625,-0.984227,-1.24687
-0.876555,1.44375,-0.979353,-1.3125
-0.830923,0.940625,-1,-1.26875
-0.813056,0.809375,-1,-1.33438
-0.869183,0.896875,-1,-1.33438
-0.691409,1.15938,-1,-1.24687
-0.672234,0.634375,-1,-1.20312
-0.581682,0.546875,-1,-1.1375
-0.561199,0.875,-1,-1.18125
-0.497104,0.83125,-1,-1.11563
-0.595534,0.4375,-1,-1.15938
-0.575051,0.65625,-1,-1.20312
-0.393351,0.4375,-1,-1.26875
-0.372868,0.634375,-1,-1.29062
-0.28015,0.284375,-1,-1.29062
-0.287432,0.503125,-1,-1.35625
-0.352863,0.503125,-1,-1.4
-0.214775,0.065625,-1,-1.4
-0.149372,0.503125,-0.997316,-1.37813
-0.036433,0.39375,-0.948821,-1.50937
0.0170494,0.546875,-0.865447,-1.4875
0.0876856,0.415625,-0.771597,-1.55313
0.0684828,0.065625,-0.748697,-1.4875
0.0937494,0.175,-0.642636,-1.37813
0.163077,-0.153125,-0.581068,-1.3125
0.143874,0.0875,-0.529666,-1.20312
0.169591,-0.175,-0.469551,-1.09375
0.164925,-0.021875,-0.41496,-1.02812
0.219716,-0.196875,-0.346114,-0.940625
0.243674,-0.04375,-0.327866,-0.896875
0.319544,0.021875,-0.261927,-0.7875
0.300341,-0.65625,-0.24804,-0.678125
0.162225,0.0875,-0.255368,-0.65625
0.182709,-0.240625,-0.262123,-0.6125
0.0415263,-0.196875,-0.267707,-0.590625
0.191535,0.175,-0.27359,-0.546875
0.00849944,-0.153125,-0.280046,-0.525
0.0990513,-0.21875,-0.285057,-0.48125
-0.000686667,-0.021875,-0.288896,-0.48125
-0.0572635,0.13125,-0.293034,-0.48125
-0.171539,0.240625,-0.325375,-0.48125
-0.230282,-0.021875,-0.298396,-0.48125
-0.332637,-0.328125,-0.30079,-0.459375
-0.247768,0.240625,-0.30114,-0.48125
-0.30782,-0.175,-0.302662,-0.48125
-0.221193,-0.065625,-0.304757,-0.39375
-0.370226,0.021875,-0.305407,-0.328125
-0.432444,0.328125,-0.304012,-0.48125
-0.393353,0.021875,-0.302918,-0.328125
-0.499633,0.459375,-0.302396,-0.48125
-0.534536,0.109375,-0.301301,-0.4375
-0.598513,0.39375,-0.299907,-0.328125
-0.517119,0.30625,-0.298812,-0.459375
-0.627324,0.7875,-0.295673,-0.48125
-0.502319,0.35,-0.294579,-0.328125
-0.612074,0.2625,-0.29144,-0.371875
-0.767198,0.328125,-0.287729,-0.39375
-0.804717,0.4375,-0.28459,-0.30625
-0.640026,1.07187,-0.280879,-0.48125
-0.589015,0.525,-0.278612,-0.30625
-0.655609,0.371875,-0.275773,-0.30625
-0.620443,0.546875,-0.272634,-0.30625
-0.644734,0.459375,-0.268923,-0.371875
-0.799858,0.6125,-0.264912,-0.371875
-0.723698,0.56875,-0.260329,-0.30625
-0.761217,0.546875,-0.25719,-0.415625
-0.669212,0.590625,-0.253179,-0.4375
-0.706731,0.7,-0.25034,-0.196875
-0.585651,0.6125,-0.246329,-0.371875
-0.740776,0.35,-0.242618,-0.415625
-0.926282,0.875,-0.237734,-0.371875
-0.691523,0.546875,-0.232279,-0.371875
-0.759425,0.74375,-0.182621,-0.21875
-0.564351,0.7,-0.226301,-0.196875
-0.559568,0.56875,-0.22229,-0.240625
-0.62747,0.415625,-0.181655,-0.35
-0.712526,0.91875,-0.214568,-0.328125
-0.783044,0.678125,-0.209112,-0.175
-0.82318,0.503125,-0.167305,-0.39375
-0.569959,0.56875,-0.147894,-0.39375
-0.563867,0.984375,-0.163944,-0.35
-0.557776,0.525,-0.199473,-0.328125
-0.802739,0.525,-0.195762,-0.35
-0.988245,1.11563,-0.130696,-0.39375
-0.708566,0.65625,-0.133671,-0.328125
-0.631098,0.7,-0.185773,-0.109375
-0.581395,0.634375,-0.183807,-0.284375
-0.576612,0.503125,-0.134149,-0.328125
-0.660359,0.503125,-0.149627,-0.284375
-0.658642,0.6125,-0.173818,-0.284375
-0.68555,0.6125,-0.131438,-0.328125
-0.651692,0.56875,-0.10504,-0.30625
-0.605914,0.7875,-0.105971,-0.328125
-0.55752,0.65625,-0.129299,-0.284375
-0.715261,0.525,-0.0991215,-0.30625
-0.595489,1.05,-0.150651,-0.13125
-0.795533,0.7875,-0.14664,-0.2625
-0.748897,0.809375,-0.143801,-0.30625
-0.630434,0.6125,-0.138046,-0.30625
-0.699644,1.05,-0.134034,-0.284375
-0.900996,0.875,-0.0829326,-0.109375
-0.926595,0.875,-0.12544,-0.240625
-0.735447,0.7,-0.119984,-0.240625
-0.526287,1.20312,-0.116846,-0.30625
-0.448818,0.765625,-0.108192,-0.2625
-0.680552,0.56875,-0.107379,-0.065625
-0.913595,0.6125,-0.0998789,-0.2625
-0.914045,0.7875,-0.0926789,-0.21875
-0.912328,0.678125,-0.0877956,-0.0875
-0.470126,0.7875,-0.0849567,-0.240625
-0.464034,0.6125,-0.0818178,-0.196875
-0.620466,0.7,-0.0772344,-0.240625
-0.896262,0.65625,-0.0706067,-0.065625
-0.896712,0.896875,-0.0631067,0.065625
-0.895853,0.940625,-0.0567789,-0.065625
-0.585792,0.7875,-0.0527678,-0.2625
-0.420243,1.05,-0.0499289,-0.240625
-0.575367,0.590625,-0.0459178,-0.065625
-0.734416,0.721875,-0.03929,-0.2625
-0.880237,0.7,-0.03209,-0.240625
-0.879828,1.09375,-0.0254622,-0.196875
-0.60015,0.7875,-0.0208789,-0.065625
-0.477762,0.721875,-0.01774,-0.065625
-0.517039,0.590625,-0.0137289,-0.2625
-0.837304,0.853125,-0.00652889,0.109375
-0.792835,1.05,9.88889e-05,-0.065625
-0.865112,0.765625,0.00642667,-0.04375
-0.584125,0.83125,0.0104378,-0.2625
-0.464353,0.9625,0.0153211,-0.04375
-0.577625,0.65625,0.0199044,0.04375
-0.854278,0.853125,0.0274044,-0.065625
-0.854728,0.721875,0.0346044,0.21875
-0.735407,0.765625,0.0394878,-0.04375
-0.498031,0.984375,0.0434989,0.065625
-0.538167,0.634375,0.0480822,0.153125
-0.843037,0.7875,0.05471,0.196875
-0.843487,0.809375,0.06221,-0.04375
-0.843937,0.896875,0.06941,0.021875
-0.491573,0.853125,0.0742933,-0.021875
-0.530401,0.940625,0.0780044,0.240625
-0.529542,0.875,0.0846322,0
-0.833962,0.809375,0.09126,0.109375
-0.83527,0.721875,0.0993322,0.153125
-0.83572,1.09375,0.106832,0.240625
-0.526967,0.984375,0.111716,0
-0.481189,0.7875,0.117171,0.153125
-0.596177,0.678125,0.123799,0.153125
-0.82922,0.984375,0.131299,0.284375
-0.82967,1.09375,0.138499,0.240625
-0.83012,0.9625,0.145999,0.284375
-0.827503,0.853125,0.151754,0.04375
-0.637664,0.91875,0.15721,0.04375
-0.520509,0.74375,0.163838,0.065625
-0.826237,0.65625,0.170466,0.04375
-0.826687,0.896875,0.177666,0.153125
-0.826687,0.940625,0.19883,0.0875
-0.825828,1.07187,0.24529,0.0875
-0.708674,0.853125,0.194632,0.21875
-0.82542,1.09375,0.224519,0.30625
-0.591969,0.896875,0.24394,0.35
-0.825012,0.940625,0.212471,0.175
-0.825462,0.83125,0.273467,0.328125
-0.825462,0.809375,0.279223,0.371875
-0.825912,0.984375,0.289921,0.30625
-0.826362,0.83125,0.304099,0.21875
-0.825503,1.1375,0.299388,0.30625
-0.825953,0.984375,0.304271,0.2625
-0.826403,1.05,0.284723,0.4375
-0.826853,0.940625,0.307051,0.21875
-0.827303,0.940625,0.325599,0.30625
-0.827753,1.1375,0.32931,0.284375
-0.827753,0.9625,0.332449,0.459375
-0.828203,0.91875,0.346054,0.371875
-0.828653,1.00625,0.357616,0.39375
-0.829103,0.875,0.352904,0.328125
-0.829553,1.15938,0.364766,0.328125
-0.830003,1.1375,0.372847,0.328125
-0.830453,1.09375,0.369871,0.415625
-0.830903,1.225,0.387547,0.503125
-0.831353,1.225,0.376149,0.459375
-0.831803,0.91875,0.410097,0.4375
-0.832253,1.09375,0.387069,0.4375
-0.832703,1.225,0.383521,0.56875
-0.833153,0.9625,0.392475,0.459375
-0.833603,1.26875,0.404036,0.459375
-0.834053,1.09375,0.375193,0.503125
-0.834503,0.91875,0.409441,0.590625
-0.834953,1.1375,0.421003,0.503125
-0.835403,1.1375,0.415419,0.503125
-0.835853,1.11563,0.409836,0.525
-0.836303,0.984375,0.40716,0.6125
-0.836753,0.91875,0.392554,0.56875
-0.837203,0.940625,0.413138,0.503125
-0.837653,0.940625,0.416277,0.525
-0.838103,1.00625,0.420288,0.634375
-0.838553,1.1375,0.415277,0.56875
-0.839003,1.18125,0.418416,0.56875
-0.839453,1.02812,0.421554,0.525
-0.839903,1.07187,0.416843,0.678125
-0.840803,1.02812,0.421427,0.546875
-0.841253,1.00625,0.410901,0.525
-0.841703,1.15938,0.446021,0.48125
-0.842153,1.18125,0.422693,0.678125
-0.842603,1.1375,0.427577,0.65625
-0.843053,0.91875,0.44031,0.590625
-0.843503,1.00625,0.41234,0.65625
-0.843953,0.91875,0.457627,0.590625
-0.844403,0.9625,0.461638,0.56875
-0.845303,0.940625,0.433667,0.590625
-0.845753,0.91875,0.470532,0.678125
-0.846203,0.91875,0.474543,0.678125
-0.846653,0.940625,0.479127,0.7
-0.847103,0.91875,0.451156,0.6125
-0.847553,0.9625,0.487149,0.590625
-0.848003,0.91875,0.472843,0.525
-0.848903,0.984375,0.471612,0.678125
-0.849353,1.09375,0.49801,0.721875
-0.849803,1.1375,0.501149,0.7
-0.850253,0.984375,0.51301,0.65625
-0.850703,0.9625,0.515849,0.65625
-0.851603,0.940625,0.533525,0.634375
-0.852053,1.20312,0.522127,0.65625
-0.852503,0.984375,0.53108,0.765625
-0.852953,0.91875,0.559514,0.74375
-0.853403,0.9625,0.567295,0.678125
-0.854303,0.91875,0.53758,0.678125
-0.854753,1.26875,0.566014,0.7
-0.853895,0.9625,0.558686,0.7
-0.854345,0.9625,0.552803,0.721875
-0.855245,1.07187,0.546347,0.721875
-0.855695,1.00625,0.57478,0.721875
-0.856145,0.91875,0.569197,0.721875
-0.857045,0.940625,0.586001,0.765625
-0.857495,1.05,0.555986,0.7875
-0.857945,1.05,0.575697,0.83125
-0.858395,0.91875,0.586686,0.74375
-0.859295,1.00625,0.58023,0.765625
-0.859745,0.9625,0.565053,0.721875
-0.860195,1.00625,0.598129,0.7875
-0.861095,1.15938,0.57888,0.875
-0.861545,0.91875,0.580275,0.678125
-0.861995,0.940625,0.599986,0.765625
-0.862895,0.9625,0.602253,0.74375
-0.863345,0.984375,0.595497,0.809375
-0.863795,1.225,0.597764,0.7875
-0.864695,1.18125,0.608753,0.875
-0.865145,1.00625,0.602297,0.875
-0.865595,1.00625,0.605436,0.875
-0.866045,0.9625,0.621367,0.74375
-0.866495,1.00625,0.585538,0.7875
-0.866945,1.11563,0.619786,0.7875
-0.867395,1.11563,0.62118,0.875
-0.867845,1.00625,0.59728,0.809375
-0.868295,1.11563,0.630656,0.7875
-0.868745,1.18125,0.617514,0.83125
-0.869195,1.1375,0.618608,0.91875
-0.869645,0.984375,0.63454,0.853125
-0.870095,1.09375,0.635934,0.809375
-0.870545,1.07187,0.654773,0.875
-0.870995,0.9625,0.646573,0.9625
-0.871445,0.9625,0.639245,0.9625
-0.871895,0.984375,0.658084,0.940625
-0.872795,0.9625,0.667029,0.9625
-0.873245,0.91875,0.659701,0.940625
-0.873695,0.940625,0.661095,0.9625
-0.874145,1.15938,0.669467,0.896875
-0.874595,0.9625,0.661267,0.896875
-0.875045,0.9625,0.692899,0.875
-0.875495,1.07187,0.684699,0.875
-0.875945,1.05,0.684349,0.896875
-0.876395,1.00625,0.674104,0.875
-0.876845,0.940625,0.713586,0.940625
-0.877295,0.91875,0.712364,0.984375
-0.877745,1.09375,0.702419,0.9625
-0.878645,1.1375,0.716897,0.91875
-0.879095,0.9625,0.728467,0.940625
-0.879545,1.18125,0.732479,0.896875
-0.879995,1.18125,0.751899,0.896875
-0.880445,1.07187,0.762588,0.853125
-0.880895,1.00625,0.788114,0.875
-0.881345,1.00625,0.803173,0.91875
-0.881795,1.07187,0.811545,0.940625
-0.882695,1.05,0.823988,0.940625
-0.883145,1.02812,0.82858,1.02812
-0.883595,1.225,0.835208,1.05
-0.884045,1.05,0.836312,1.07187
-0.884495,1.00625,0.856604,1.05
-0.885395,1.02812,0.843743,1.09375
-0.887153,1.00625,0.831182,1.07187
-1,1.07187,0.826471,1.15938
-0.888053,1.11563,0.82961,1.15938
-1,1.02812,0.801349,1.11563
-0.89202,1.09375,0.780066,1.15938
-0.89247,1.24687,0.754712,1.15938
-1,1.26875,0.704064,1.18125
-0.895987,1.05,0.679582,1.15938
-1,1.02812,0.622829,1.15938
-0.899953,1.42188,0.570727,1.11563
-0.900403,1.37813,0.541593,1.11563
-1,1.37813,0.502275,1.05
-0.90437,1.18125,0.469943,0.984375
-1,1.1375,0.409119,1.00625
-0.907887,1.225,0.403536,0.875
-0.908337,1.225,0.37731,0.853125
-0.909237,1.15938,0.332767,0.83125
-1,1.20312,0.312066,0.7
-0.911445,1.20312,0.319566,0.65625
-0.912345,0.984375,0.327066,0.56875
-0.912795,1.3125,0.334566,0.56875
-0.913245,1.1375,0.342066,0.525
-0.914145,1.11563,0.349566,0.56875
-0.914595,1.29062,0.411434,0.546875
-0.798749,1.225,0.363693,0.546875
-0.914637,0.984375,0.370321,0.56875
-0.915087,1.05,0.377521,0.56875
-0.841543,1.1375,0.384149,0.546875
-0.884746,0.940625,0.404441,0.546875
-0.722672,1.18125,0.39566,0.546875
-0.910795,1.15938,0.402288,0.546875
-0.910387,1.42188,0.408916,0.56875
-0.764158,1.00625,0.415543,0.56875
-0.632466,1.20312,0.422171,0.4375
-0.906953,0.9625,0.427927,0.525
-0.907403,1.15938,0.435427,0.546875
-0.908303,1.09375,0.442927,0.546875
-0.673544,1.18125,0.448682,0.525
-0.670069,1.05,0.453566,0.590625
-0.785957,1.02812,0.497117,0.6125
-0.902703,0.984375,0.466821,0.83125
-0.903603,1.07187,0.473449,0.678125
-0.902745,1.02812,0.480077,0.56875
-0.595751,1.15938,0.499497,0.590625
-0.898862,0.91875,0.489843,0.634375
-0.753083,1.02812,0.495599,0.634375
-0.897595,1.05,0.502227,0.678125
-0.898045,1.24687,0.537929,0.634375
-0.618816,1.07187,0.535253,0.74375
-0.894162,0.721875,0.520075,0.7
-0.892445,0.9625,0.579327,0.7
-0.892895,0.896875,0.579267,0.74375
-0.584592,0.984375,0.564962,0.721875
-0.537506,0.721875,0.530304,0.74375
-0.884678,0.91875,0.590429,0.7875
-0.885128,0.91875,0.540943,0.7875
-0.886028,0.984375,0.547571,0.7875
-0.88517,0.91875,0.553327,0.809375
-0.576867,1.24687,0.55821,0.83125
-0.762824,0.984375,0.563093,0.809375
-0.87957,0.896875,0.569721,0.809375
-0.88047,1.09375,0.577221,0.809375
-0.879612,1.20312,0.583849,0.809375
-0.688914,1.02812,0.589604,0.7875
-0.570451,0.940625,0.59536,0.875
-0.597808,0.809375,0.601116,0.7875
-0.874462,0.634375,0.608616,0.809375
-0.875362,0.875,0.616116,0.91875
-0.876262,0.940625,0.623616,0.83125
-0.5992,1.11563,0.630243,0.83125
-0.844613,0.721875,0.635999,0.83125
-0.727458,0.940625,0.642627,0.875
-0.873728,0.984375,0.650127,0.896875
-0.874628,0.7875,0.657627,0.875
-0.87377,1.1375,0.664254,0.91875
-0.873362,1.15938,0.670882,0.91875
-0.565917,1.1375,0.699025,0.809375
-0.870787,1.00625,0.680649,0.940625
-0.871687,0.853125,0.688149,0.91875
-0.872137,0.853125,0.693904,0.896875
-0.871728,1.225,0.69966,0.7875
-0.566042,1.20312,0.743212,0.9625
-0.87177,0.91875,0.711171,0.9625
-0.87267,1.26875,0.772167,0.896875
-0.87357,0.940625,0.736347,1.00625
-0.87402,1.24687,0.755767,0.896875
-0.800926,1.3125,0.768501,0.984375
-0.874512,1.09375,0.76379,0.984375
-0.874962,1.07187,0.817527,0.984375
-0.875412,1.15938,0.812816,1.05
-0.875862,0.9625,0.838341,1.07187
-0.876312,0.896875,0.835666,1.09375
-0.877212,1.05,0.861191,1.09375
-0.877662,0.984375,0.877123,1.11563
-0.878112,1.29062,0.878517,1.11563
-0.878562,1.11563,0.887762,0.984375
-0.879012,1.00625,0.897006,1.09375
-0.879462,1.09375,0.905379,1.15938
-0.879912,1.37813,0.919566,1.15938
-0.880362,1.11563,0.910793,1.18125
-0.880812,0.984375,0.935738,1.15938
-0.881262,1.35625,0.933643,1.18125
-0.882162,1.18125,0.945214,1.18125
-0.882612,1.26875,0.959691,1.20312
-0.883062,1.24687,0.959923,1.24687
-0.883512,1.33438,0.973529,1.35625
-0.883962,1.18125,0.98161,1.24687
-0.884412,1.18125,0.976327,1.26875
-0.885312,1.26875,1,1.29062
-0.885762,1.20312,0.998014,1.33438
-0.886212,0.91875,1,1.29062
-0.917044,1.18125,1,1.35625
-0.88842,1.07187,1,1.37813
-0.88887,1.15938,1,1.33438
-0.88977,1.24687,1,1.3125
-0.89022,1.11563,1,1.26875
-0.891978,1.11563,1,1.29062
-0.892428,1.18125,0.993188,1.4
-0.894637,1.02812,0.996908,1.3125
-0.896395,1.24687,0.985219,1.29062
-1,1.1375,0.995917,1.35625
-0.899912,1.4,1,1.29062
-0.90167,1.05,1,1.225
-1,1.05,0.981793,1.29062
-1,1.37813,1,1.20312
-0.937777,1.37813,1,1.26875
-0.983597,1.33438,1,1.225
-1,1.05,1,1.26875
-1,1.37813,0.978299,1.44375
-0.920112,1.24687,0.921845,1.33438
-1,1.33438,0.896201,1.44375
-1,1.26875,0.880151,1.33438
-1,1.46562,0.805371,1.42188
-1,1.37813,0.778273,1.3125
-1,1.3125,0.718903,1.3125
-1,1.4,0.680766,1.33438
-1,1.33438,0.644073,1.20312
-1,1.225,0.578888,1.05
-1,1.44375,0.510504,1.09375
-1,1.225,0.485732,1.1375
-1,1.44375,0.444397,1.00625
-1,1.20312,0.419043,0.875
-1,1.44375,0.348043,0.83125
-0.978378,1.24687,0.35816,0.678125
-1,1.26875,0.367404,0.6125
-0.983653,1.11563,0.375777,0.721875
-0.984103,1.225,0.383577,0.590625
-1,1.29062,0.391949,0.56875
-0.986762,1.15938,0.399449,0.56875
-0.987212,1.26875,0.406949,0.678125
-0.988112,1.29062,0.414449,0.56875
-0.988562,1.15938,0.422249,0.56875
-0.989462,1.09375,0.429749,0.6125
-0.683326,1.09375,0.436377,0.546875
-0.987745,0.896875,0.443004,0.56875
-0.988645,1.09375,0.450504,0.6125
-0.989095,1.02812,0.458304,0.65625
-0.987378,1.09375,0.46406,0.65625
-0.751311,1.07187,0.468943,0.6125
-0.793205,0.940625,0.474699,0.56875
-0.949638,0.9625,0.479882,0.590625
-0.978303,1.05,0.48651,0.56875
-0.977445,1.07187,0.493138,0.765625
-0.626839,1.07187,0.498893,0.6125
-0.694741,1.00625,0.502904,0.590625
-0.662642,0.896875,0.508088,0.678125
-0.96837,0.721875,0.515588,0.74375
-0.96927,0.91875,0.523088,0.65625
-0.852115,1.02812,0.529716,0.678125
-0.527967,0.896875,0.534027,0.678125
-0.771622,0.765625,0.53891,0.678125
-0.814825,0.875,0.545538,0.809375
-0.960645,0.896875,0.553038,0.809375
-0.961545,0.91875,0.560838,0.721875
-0.959378,1.11563,0.566593,0.721875
-0.563853,1.1375,0.571477,0.721875
-0.676675,0.83125,0.57636,0.940625
-0.95247,0.809375,0.583288,0.765625
-0.95337,0.91875,0.590788,0.765625
-0.95382,0.940625,0.598288,0.721875
-0.953412,1.09375,0.604916,0.875
-0.673733,1.42188,0.610099,0.7875
-0.94822,0.896875,0.615854,0.896875
-0.75838,1.07187,0.627425,0.83125
-0.948262,0.896875,0.62911,0.83125
-0.949162,1.05,0.63691,0.83125
-0.949612,1.02812,0.64441,0.940625
-0.947895,1.02812,0.650166,0.853125
-0.640901,1.18125,0.655921,0.809375
-0.94532,0.7875,0.662849,0.809375
-0.94622,1.02812,0.670349,0.809375
-0.94667,1.02812,0.677849,0.875
-0.75728,1.02812,0.684777,0.83125
-0.637959,1.00625,0.68966,0.9625
-0.943687,1.09375,0.69716,0.91875
-0.870593,0.9625,0.703788,0.940625
-0.944178,0.896875,0.711588,1.00625
-0.944628,0.984375,0.719088,0.896875
-0.666708,0.91875,0.724843,0.83125
-0.797133,0.809375,0.731771,0.984375
-0.796275,0.896875,0.738399,1.07187
-0.942545,0.896875,0.745899,1.00625
-0.943445,0.875,0.753399,1.09375
-0.944345,0.896875,0.761199,0.984375
-0.943487,0.9625,0.767827,0.896875
-0.943078,0.9625,0.774454,1.02812
-0.710077,1.20312,0.78051,1.02812
-0.941812,0.896875,0.787138,1.1375
-0.942712,1.4,0.794638,1.05
-0.943612,1.15938,0.801566,0.91875
-0.944512,0.9625,0.809066,1.07187
-0.944962,0.9625,0.862212,1.225
-0.945862,0.984375,0.859545,1.07187
-0.946762,1.05,0.828377,1.05
-0.947662,1.09375,0.848669,1.00625
-0.948112,1.00625,0.908793,1.09375
-0.949012,1.00625,0.914849,1.11563
-0.949912,1.00625,0.887751,1.1375
-0.950812,1.05,0.909206,1.11563
-0.951712,1.05,0.945499,1.225
-0.952162,1.07187,0.948638,1.18125
-0.953062,1.07187,0.975036,1.225
-0.953962,1.33438,0.977603,1.18125
-0.954862,1.26875,0.987719,1.26875
-0.955762,1.07187,1,1.225
-0.956212,1.00625,1,1.24687
-0.956662,1.02812,1,1.24687
-0.957112,1.05,1,1.24687
-0.957562,1.18125,1,1.24687
-0.958012,1.09375,1,1.24687
-0.958462,0.984375,1,1.29062
-0.958912,1.05,1,1.33438
-0.959362,1.26875,1,1.3125
-0.959812,1.11563,1,1.29062
-0.960262,1.29062,1,1.37813
-0.960712,1.24687,1,1.33438
-0.961162,1.11563,1,1.33438
-0.961612,1.00625,1,1.35625
-0.962062,1.07187,1,1.4
-0.962512,1.02812,1,1.4
-0.962962,1.26875,1,1.3125
-0.963412,1.02812,1,1.29062
-0.963862,1.02812,1,1.225
-0.964312,1.09375,1,1.24687
-0.964762,1.07187,1,1.26875
-1,1.05,1,1.24687
-0.96697,1.11563,1,1.26875
-1,1.07187,1,1.29062
-0.969178,1.1375,1,1.3125
-1,1.05,1,1.33438
-1,1.24687,1,1.33438
-1,1.18125,1,1.3125
-1,1.1375,1,1.35625
-1,1.15938,1,1.3125
-1,1.09375,1,1.33438
-0.984103,1.4,1,1.44375
-1,1.15938,1,1.26875
-1,1.42188,1,1.42188
-1,1.35625,1,1.42188
-1,1.44375,0.989514,1.4875
-1,1.35625,0.938866,1.4
-1,1.55313,0.910323,1.44375
-1,1.24687,0.874503,1.42188
-1,1.50937,0.831132,1.35625
-1,1.37813,0.807523,1.33438
-1,1.44375,0.792636,1.29062
-1,1.35625,0.762349,1.29062
-1,1.35625,0.732634,1.18125
-1,1.4,0.709906,1.24687
-1,1.35625,0.68368,1.18125
-1,1.37813,0.70718,0.940625
-1,1.35625,0.673104,0.984375
-1,1.35625,0.688754,1.15938
-1,1.20312,0.685788,0.984375
-1,1.4875,0.683121,0.9625
-1,1.37813,0.656895,0.9625
-1,1.4,0.671673,0.896875
-1,1.46562,0.70941,0.91875
-1,1.37813,0.714593,0.9625
-1,1.3125,0.719477,0.896875
-1,1.09375,0.692679,0.940625
-1,1.35625,0.715006,0.940625
-1,1.42188,0.678614,1.00625
-1,1.42188,0.724501,0.896875
-1,1.44375,0.71194,0.91875
-1,1.44375,0.74736,0.9625
-0.886347,1.07187,0.760966,0.9625
-0.88418,1.29062,0.75481,1.00625
-1,1.1375,0.766671,0.984375
-0.924766,1.07187,0.77011,1.00625
-1,1.26875,0.774121,1.02812
-0.718673,1.20312,0.745579,1.02812
-0.716506,1.1375,0.739123,0.984375
-0.918308,1.11563,0.790243,0.91875
-1,1.1375,0.786404,1.05
-1,1.24687,0.758734,0.984375
-0.664678,1.26875,0.779027,1.05
-0.981468,1.1375,0.796421,1.11563
-0.98061,1.26875,0.782416,0.853125
-1,1.26875,0.770145,1.11563
-0.861739,1.26875,0.794227,1.05
-0.773658,1.29062,0.75579,1.07187
-1,1.05,0.768823,1.05
-1,1.37813,0.782429,1.02812
-1,1.26875,0.770167,1.09375
-1,1.35625,0.781456,1.20312
-0.857489,1.35625,0.768023,1.05
-1,1.24687,0.781929,1.09375
-1,1.4875,0.75076,1.09375
-1,1.29062,0.75856,1.05
-1,1.15938,0.77013,1.05
-1,1.24687,0.771243,1.02812
-1,1.35625,0.779043,1.05
-1,1.29062,0.784799,1.15938
-1,1.35625,0.792599,1.09375
-0.811877,1.4,0.799227,1.05
-0.767408,1.24687,0.806154,1.18125
-1,1.15938,0.813654,1.09375
-1,1.29062,0.821454,1.09375
-1,1.11563,0.829254,1.09375
-0.928707,1.35625,0.835882,1.20312
-0.898775,1.3125,0.84281,1.15938
-1,1.29062,0.849438,1.18125
-0.766675,1.24687,0.856366,1.02812
-1,1.18125,0.864166,1.1375
-1,1.29062,0.870793,1.1375
-1,1.07187,0.878593,1.15938
-1,1.11563,0.906736,1.1375
-1,1.15938,0.904069,1.15938
-1,1.46562,0.894716,1.1375
-1,1.33438,0.955712,1.15938
-1,1.11563,0.951301,1.18125
-1,1.15938,0.979743,1.20312
-1,1.225,0.983754,1.225
-1,1.33438,1,1.24687
-1,1.37813,1,1.24687
-1,1.18125,1,1.26875
-0.854189,1.1375,1,1.24687
-1,1.20312,1,1.26875
-1,1.44375,1,1.33438
-1,1.46562,1,1.26875
-1,1.26875,1,1.26875
-1,1.37813,1,1.3125
-1,1.37813,1,1.24687
-1,1.37813,1,1.4
-1,1.33438,1,1.33438
-1,1.33438,1,1.3125
-1,1.1375,1,1.33438
-1,1.3125,1,1.42188
-1,1.53125,1,1.3125
-1,1.4875,1,1.3125
-1,1.35625,1,1.29062
-1,1.46562,1,1.29062
-1,1.37813,1,1.18125
-1,1.05,1,1.20312
-1,1.35625,1,1.26875
-1,1.24687,1,1.26875
-1,1.15938,1,1.20312
-1,1.05,1,1.26875
-1,1.1375,1,1.225
-1,1.225,1,1.35625
-1,1.35625,1,1.20312
-1,1.4,1,1.3125
-1,1.37813,1,1.20312
-1,1.50937,1,1.26875
-1,1.4,1,1.18125
-1,1.35625,1,1.225
-1,1.24687,1,1.29062
-1,1.42188,1,1.33438
-1,1.46562,1,1.44375
-1,1.3125,1,1.33438
-1,1.29062,1,1.42188
-1,1.4,1,1.53125
-1,1.29062,0.984832,1.46562
-1,1.50937,0.950766,1.61875
-1,1.46562,0.921051,1.4875
-1,1.4,0.875936,1.29062
-1,1.18125,0.841288,1.35625
-1,1.24687,0.807512,1.35625
-1,1.4875,0.769366,1.4
-1,1.35625,0.730356,1.29062
-1,1.26875,0.701814,1.24687
-1,1.225,0.665121,1.29062
-1,1.37813,0.63309,1.07187
-1,1.24687,0.616758,0.9625
-1,1.29062,0.63328,0.9625
-1,1.3125,0.627116,1.11563
-1,1.37813,0.64858,0.940625
-1,1.44375,0.641843,0.875
-1,1.37813,0.648771,1.02812
-1,1.37813,0.655399,0.7875
-1,1.37813,0.723382,0.984375
-1,1.26875,0.669254,0.91875
-1,1.24687,0.676182,0.7875
-1,1.37813,0.687753,0.9625
-1,1.24687,0.73364,0.91875
-1,1.3125,0.716436,1.05
-0.996075,1.35625,0.704175,0.940625
-0.863075,1.4,0.703243,1.07187
-0.903661,1.24687,0.707554,0.940625
-0.903252,1.26875,0.714482,0.9625
-1,1.3125,0.720538,0.940625
-1,1.42188,0.726293,1.11563
-0.943022,1.1375,0.732349,0.9625
-0.780089,1.225,0.737532,0.875
-0.980583,1.02812,0.742716,0.984375
-0.849341,1.29062,0.749643,1.11563
-1,1.18125,0.756271,1.00625
-1,1.42188,0.763199,0.9625
-0.817734,1.35625,0.769254,1.18125
-0.816017,1.24687,0.80264,1.09375
-0.886986,1.26875,0.779321,1.09375
-0.813892,1.00625,0.786249,0.9625
-1,0.984375,0.794049,1.07187
-1,1.26875,0.800104,1.20312
-1,1.24687,0.807032,1.29062
-0.840025,1.33438,0.811916,1.29062
-0.765623,1.29062,0.817099,1.1375
-1,1.00625,0.824027,1.05
-1,1.02812,0.877473,1.09375
-1,1.05,0.838754,1.18125
-1,1.3125,0.846254,1.11563
-0.838883,1.42188,0.85231,1.11563
-1,1.225,0.859238,1.11563
-0.997974,1.18125,0.866166,1.29062
-1,1.44375,0.873966,1.1375
-1,1.37813,0.881766,1.11563
-0.92668,1.33438,0.888393,1.18125
-1,1.29062,0.896193,1.33438
-1,1.35625,0.903121,1.26875
-1,1.4,0.910921,1.18125
-1,1.35625,0.916977,1.15938
-1,1.3125,0.923032,1.18125
-1,1.18125,0.930532,1.3125
-1,1.4875,0.936588,1.20312
-1,1.4875,0.943516,1.225
-1,1.29062,0.950443,1.3125
-1,1.37813,0.956499,1.225
-1,1.50937,1,1.26875
-1,1.50937,0.973253,1.29062
-1,1.1375,1,1.37813
-1,1.37813,1,1.225
-1,1.26875,1,1.24687
-1,1.09375,1,1.26875
-1,1.18125,1,1.44375
-1,1.1375,1,1.4
-1,1.35625,1,1.33438
-1,1.15938,1,1.3125
-1,1.3125,1,1.3125
-1,1.18125,1,1.33438
-1,1.24687,1,1.44375
-1,1.33438,1,1.3125
-1,1.26875,1,1.33438
-1,1.33438,1,1.3125
-1,1.15938,1,1.42188
-1,1.29062,1,1.3125
-1,1.33438,1,1.3125
-1,1.42188,1,1.29062
-1,1.37813,1,1.35625
-1,1.37813,1,1.33438
-1,1.20312,1,1.35625
-1,1.26875,1,1.37813
-1,1.15938,1,1.37813
-1,1.18125,1,1.33438
-1,1.26875,1,1.33438
-1,1.33438,1,1.29062
-1,1.3125,1,1.29062
-1,1.33438,1,1.3125
-1,1.42188,1,1.33438
-1,1.37813,1,1.225
-1,1.37813,1,1.07187
-1,1.37813,1,1.29062
-1,1.37813,1,1.33438
-1,1.37813,1,1.29062
-1,1.44375,1,1.37813
-1,1.4875,1,1.35625
-1,1.4,1,1.37813
-1,1.42188,1,1.33438
-1,1.42188,1,1.37813
-1,1.4,1,1.35625
-1,1.42188,1,1.37813
-1,1.575,1,1.35625
-1,1.29062,1,1.37813
-1,1.24687,1,1.35625
-1,1.1375,1,1.3125
-1,1.37813,1,1.4
-1,1.35625,1,1.37813
-1,1.44375,1,1.42188
-1,1.33438,1,1.44375
-1,1.20312,1,1.42188
-1,1.4,1,1.44375
-1,1.37813,1,1.4875
-1,1.20312,1,1.3125
-1,1.20312,1,1.4
-1,1.09375,1,1.4
-1,1.37813,1,1.4
-1,1.24687,1,1.37813
-1,1.20312,1,1.4
-1,1.18125,1,1.35625
-1,1.33438,1,1.35625
-1,1.37813,1,1.3125
-1,1.37813,1,1.35625
-1,1.35625,1,1.35625
-1,1.37813,1,1.37813
-1,1.3125,0.992353,1.37813
-1,1.37813,0.992303,1.37813
-1,1.44375,1,1.33438
-1,1.37813,0.99133,1.46562
-1,1.26875,0.998258,1.3125
-1,1.11563,0.997336,1.37813
-1,1.18125,1,1.3125
-1,1.50937,1,1.35625
-1,1.42188,1,1.35625
-1,1.26875,1,1.33438
-1,1.37813,1,1.33438
-1,1.37813,1,1.26875
-1,1.35625,1,1.33438
-1,1.1375,1,1.3125
-1,1.1375,1,1.3125
-1,1.37813,1,1.26875
-1,1.44375,1,1.4875
-1,1.09375,1,1.3125
-1,1.35625,1,1.37813
-1,1.15938,1,1.26875
-1,1.29062,1,1.3125
-1,1.37813,1,1.4
-1,1.35625,1,0.896875
-1,1.20312,1,1.24687
-1,1.575,0.996977,1.61875
-1,1.50937,0.999553,1.24687
-1,1.4875,0.993397,1.44375
-1,1.4,0.997708,1.35625
-1,1.55313,0.996495,1.3125
-1,1.35625,0.983362,1.3125
-1,1.35625,0.986801,1.24687
-1,1.4,0.973667,1.29062
-1,1.4875,0.932923,1.26875
-1,1.26875,0.889553,1.24687
-1,1.26875,0.879908,1.44375
-1,1.50937,0.839154,1.3125
-1,1.29062,0.801017,1.29062
-1,1.4875,0.764625,1.3125
-1,1.4,0.757316,1.29062
-1,1.26875,0.691558,1.225
-1,1.35625,0.659527,1.09375
-1,1.44375,0.61354,1.29062
-1,1.50937,0.586741,1.09375
-1,1.37813,0.551221,0.984375
-1,1.4,0.512803,0.984375
-1,1.29062,0.506938,1.02812
-1,1.46562,0.51561,0.83125
-1,1.59688,0.524282,0.875
-1,1.37813,0.532954,0.7875
-1,1.05,0.540754,0.678125
-1,1.4,0.549727,0.853125
-1,1.44375,0.594451,0.678125
-1,1.35625,0.585969,0.74375
-1,1.37813,0.59784,0.765625
-1,1.4,0.574821,0.765625
-1,1.4,0.650082,0.74375
-1,1.4,0.631134,0.91875
-1,1.29062,0.649982,0.7875
-1,1.46562,0.662143,0.721875
-1,1.35625,0.683327,0.809375
-1,1.55313,0.699558,0.853125
-1,1.4,0.69253,0.74375
-1,1.37813,0.725334,0.7
-1,1.4,0.710747,0.875
-1,1.35625,0.718847,0.875
-1,1.35625,0.741184,0.896875
-1,1.35625,0.721073,0.940625
-1,1.4,0.730617,0.940625
-1,1.46562,0.721273,0.9625
-1,1.29062,0.699708,1.00625
-1,1.37813,0.709253,1.00625
-1,1.26875,0.701353,1.02812
-1,1.42188,0.68096,0.940625
-1,1.44375,0.65329,0.984375
-1,1.50937,0.679988,1.02812
-1,1.33438,0.670634,1.02812
-1,1.4875,0.622621,1.00625
-1,1.4875,0.657751,0.9625
-1,1.53125,0.636477,1.07187
-1,1.18125,0.643404,0.896875
-1,1.20312,0.650632,0.875
-1,1.20312,0.65756,0.634375
-1,1.33438,0.664488,0.984375
-1,1.09375,0.671416,0.896875
-1,1.37813,0.678643,1.02812
-1,1.35625,0.685571,1.09375
-1,1.53125,0.691627,0.74375
-1,1.33438,0.699727,0.940625
-1,1.3125,0.705782,1.02812
-1,1.33438,0.713582,1.02812
-1,1.26875,0.72051,0.984375
-1,1.46562,0.727738,1.09375
-1,1.33438,0.734666,0.853125
-1,1.35625,0.740721,1.05
-1,1.4875,0.747949,0.984375
-1,1.35625,0.754877,1.00625
-1,1.4,0.761804,1.02812
-1,1.4,0.769032,1.05
-1,1.42188,0.77596,1.20312
-1,1.46562,0.78376,1.05
-1,1.53125,0.79186,1.00625
-1,1.46562,0.798788,1.02812
-1,1.50937,0.806588,1.18125
-1,1.37813,0.814388,1.07187
-1,1.33438,0.822488,1.18125
-1,1.42188,0.84308,1.09375
-1,1.50937,0.835471,1.07187
-1,1.46562,0.842699,1.07187
-1,1.37813,0.872886,1.20312
-1,1.33438,0.860625,1.05
-1,1.225,0.875703,1.1375
-1,1.3125,0.936127,1.15938
-1,1.225,0.94161,1.4
-1,1.4,0.954643,1.26875
-1,1.42188,0.94936,1.225
-1,1.225,0.970543,1.24687
-1,1.37813,0.980669,1.33438
-1,1.225,0.991958,1.26875
-1,1.35625,1,1.26875
-1,1.50937,0.988669,1.3125
-1,1.37813,1,1.29062
-1,1.37813,1,1.4
-1,1.46562,1,1.37813
-1,1.46562,1,1.4875
-1,1.55313,1,1.37813
-1,1.50937,1,1.33438
-1,1.33438,1,1.35625
-1,1.4,1,1.4
-1,1.3125,1,1.46562
-1,1.37813,1,1.35625
-1,1.24687,0.996588,1.46562
-1,1.35625,1,1.33438
-1,1.33438,1,1.37813
-1,1.37813,1,1.37813
-1,1.3125,1,1.37813
-1,1.42188,1,1.37813
-1,1.20312,1,1.35625
-1,1.4875,1,1.44375
-1,1.3125,1,1.29062
-1,1.37813,1,1.4
-1,1.44375,1,1.42188
-1,1.50937,1,1.3125
-1,1.4,1,1.33438
-1,1.46562,1,1.4
-1,1.50937,1,1.3125
-1,1.26875,1,1.35625
-1,1.46562,1,1.35625
-1,1.4,1,1.37813
-1,1.4,1,1.4
-1,1.44375,1,1.37813
-1,1.37813,1,1.46562
-1,1.37813,1,1.29062
-1,1.37813,1,1.37813
-1,1.37813,1,1.35625
-1,1.44375,1,1.35625
-1,1.46562,1,1.29062
-1,1.4,1,1.3125
-1,1.53125,1,1.29062
-1,1.46562,1,1.37813
-1,1.575,1,1.3125
-1,1.24687,1,1.29062
-1,1.42188,1,1.3125
-1,1.50937,1,1.33438
-1,1.29062,1,1.35625
-1,1.3125,1,1.33438
-1,1.37813,1,1.33438
-1,1.42188,1,1.33438
-1,1.42188,1,1.35625
-1,1.3125,1,1.33438
-1,1.44375,1,1.29062
-1,1.37813,1,1.37813
-1,1.225,1,1.37813
-1,1.33438,1,1.4
-1,1.35625,1,1.42188
-1,1.35625,1,1.37813
-1,1.35625,1,1.4
-1,1.29062,1,1.44375
-1,1.50937,1,1.4
-1,1.50937,1,1.37813
-1,1.37813,1,1.55313
-1,1.33438,1,1.44375
-1,1.4875,1,1.20312
-1,1.4875,1,1.42188
-1,1.35625,1,1.42188
-1,1.4875,1,1.37813
-1,1.4875,1,1.4
-1,1.44375,1,1.4
-1,1.4875,1,1.4
-1,1.4,1,1.3125
-1,1.33438,1,1.4
-1,1.55313,1,1.35625
-1,1.4,1,1.33438
-1,1.55313,1,1.35625
-1,1.4,1,1.4
-1,1.29062,1,1.35625
-1,1.35625,1,1.37813
-1,1.55313,1,1.35625
-1,1.4,1,1.35625
-1,1.575,1,1.35625
-1,1.46562,1,1.4
-1,1.33438,1,1.33438
-1,1.29062,1,1.29062
-1,1.42188,1,1.33438
-1,1.37813,1,1.35625
-1,1.3125,1,1.33438
-1,1.55313,1,1.33438
-1,1.33438,1,1.3125
-1,1.53125,1,1.35625
-1,1.37813,1,1.3125
-1,1.4,1,1.33438
-1,1.42188,1,1.3125
-1,1.4,1,1.35625
-1,1.35625,1,1.37813
-1,1.3125,1,1.29062
-1,1.42188,1,1.4
-1,1.53125,1,1.4
-1,1.37813,1,1.44375
-1,1.42188,1,1.3125
-1,1.55313,1,1.4
-1,1.53125,1,1.4
-1,1.37813,1,1.4
-1,1.55313,1,1.35625
-1,1.37813,1,1.55313
-1,1.35625,1,1.46562
-1,1.4,1,1.4
-1,1.42188,1,1.35625
-1,1.575,1,1.4
-1,1.55313,1,1.42188
-1,1.4,1,1.3125
-1,1.37813,1,1.44375
-1,1.11563,1,1.42188
-1,1.50937,1,1.50937
-1,1.6625,1,1.29062
-1,1.42188,1,1.4
-1,1.42188,1,1.3125
-1,1.02812,1,1.44375
-1,1.55313,1,1.225
-1,1.18125,1,1.26875
-1,1.4,1,1.33438
-1,1.42188,1,1.33438
-1,1.55313,1,1.225
-1,1.26875,1,1.35625
-1,1.42188,1,1.29062
-1,1.50937,1,1.35625
-1,1.11563,1,1.42188
-1,1.07187,1,1.3125
-1,1.59688,1,1.24687
-1,1.37813,1,1.4
-1,1.37813,1,1.26875
-1,1.4875,1,1.24687
-1,1.55313,1,1.29062
-1,1.35625,1,1.37813
-1,1.07187,1,1.24687
-1,1.02812,1,1.24687
-1,1.225,1,1.24687
-1,1.18125,1,1.24687
-1,1.4,1,1.225
-1,1.24687,1,1.35625
-1,1.26875,1,1.24687
-1,1.44375,1,1.20312
-1,1.35625,1,1.26875
-1,1.11563,1,1.4
-1,1.35625,1,1.26875
-1,1.35625,1,1.29062
-1,1.18125,1,1.33438
-1,1.20312,1,1.42188
-1,1.3125,1,1.37813
-1,1.42188,1,1.37813
-1,1.35625,1,1.42188
-1,1.26875,1,1.50937
-1,1.37813,1,1.42188
-1,1.59688,1,1.4
-1,1.37813,1,1.44375
-1,1.3125,1,1.53125
-1,1.46562,1,1.44375
-1,1.59688,1,1.4
-1,1.4875,1,1.37813
-1,1.42188,1,1.50937
-1,1.37813,1,1.42188
-1,1.575,1,1.4
-1,1.37813,1,1.4
-1,1.24687,1,1.46562
-1,1.42188,1,1.46562
-1,1.42188,0.972193,1.35625
-1,1.42188,0.98291,1.35625
-1,1.53125,0.972693,1.42188
-1,1.37813,0.958116,1.3125
-1,1.53125,0.97581,1.3125
-1,1.225,0.953673,1.29062
-1,1.20312,0.95654,1.26875
-1,1.46562,0.971327,1.24687
-1,1.44375,0.970704,1.18125
-1,1.33438,0.96136,1.1375
-1,1.42188,0.988649,1.26875
-1,1.35625,1,1.3125
-1,1.55313,1,1.24687
-1,1.55313,1,1.33438
-1,1.44375,1,1.33438
-1,1.37813,1,1.24687
-1,1.18125,1,1.35625
-1,1.575,1,1.33438
-1,1.46562,1,1.29062
-1,1.35625,1,1.29062
-1,1.55313,1,1.3125
-1,1.59688,1,1.37813
-1,1.33438,1,1.33438
-1,1.55313,1,1.37813
-1,1.35625,1,1.4
-1,1.37813,0.978743,1.46562
-1,1.33438,0.961549,1.4875
-1,1.37813,0.97808,1.42188
-1,1.37813,0.956816,1.37813
-1,1.50937,0.950088,1.33438
-1,1.575,0.945104,1.37813
-1,1.1375,0.930827,1.4
-1,1.33438,0.924971,1.33438
-1,1.50937,0.92086,1.35625
-1,1.37813,0.907154,1.35625
-1,1.53125,0.893449,1.33438
-1,1.61875,0.89806,1.33438
-1,1.575,0.880284,1.35625
-1,1.59688,0.860473,1.3125
-1,1.44375,0.844441,1.29062
-1,1.24687,0.826675,1.1375
-1,1.59688,0.811516,1.24687
-1,1.53125,0.795193,1.33438
-1,1.55313,0.773929,1.15938
-1,1.3125,0.753536,1.15938
-1,1.15938,0.758147,1.1375
-1,1.50937,0.71246,1.18125
-1,1.3125,0.735688,1.1375
-1,1.3125,0.723727,1.09375
-1,1.55313,0.675714,1.07187
-1,1.61875,0.722773,1.02812
-1,1.3125,0.728256,1.09375
-1,1.4,0.740427,1.00625
-1,1.53125,0.74214,1.00625
-1,1.53125,0.76216,0.940625
-1,1.15938,0.758921,1.00625
-1,1.37813,0.780977,0.940625
-1,1.26875,0.800125,1.00625
-1,1.225,0.812014,0.984375
-1,1.4,0.815753,1.07187
-1,1.26875,0.817747,1.07187
-1,1.42188,0.828464,1.07187
-1,1.15938,0.843251,1.07187
-1,0.9625,0.845545,1.11563
-1,1.4875,0.864112,1.20312
-1,1.37813,0.878899,1.11563
-1,1.09375,0.862867,1.20312
-1,1.53125,0.86399,1.07187
-1,1.24687,0.862795,1.15938
-1,1.42188,0.870895,1.225
-1,1.42188,0.854573,1.20312
-1,1.33438,0.845229,1.225
-1,1.37813,0.822519,1.24687
-1,1.61875,0.802127,1.20312
-1,1.37813,0.814588,1.20312
-1,1.575,0.809604,1.1375
-1,1.29062,0.774384,1.18125
-1,1.53125,0.780167,1.18125
-1,1.33438,0.787395,1.1375
-1,1.24687,0.794623,1.18125
-1,1.3125,0.764927,1.1375
-1,1.11563,0.773327,1.1375
-1,1.225,0.781427,1.09375
-1,1.4875,0.789527,1.07187
-1,1.61875,0.797927,1.09375
-1,1.61875,0.806027,1.11563
-1,1.53125,0.814127,1.11563
-1,1.4,0.822227,1.1375
-1,1.61875,0.830627,1.18125
-1,1.46562,0.838727,1.11563
-1,1.33438,0.846827,1.24687
-1,1.59688,0.854054,1.07187
-1,1.33438,0.862454,1.18125
-1,1.11563,0.870554,1.18125
-1,1.00625,0.882725,1.18125
-1,1.29062,0.88531,1.18125
-1,1.53125,0.892538,1.18125
-1,1.11563,0.900638,1.225
-1,1.575,0.907293,1.225
-1,1.575,0.915393,1.20312
-1,1.35625,0.968267,1.225
-1,1.575,0.929277,1.26875
-1,1.37813,0.936504,1.24687
-1,1.29062,0.944604,1.26875
-1,1.37813,0.95126,1.3125
-1,1.42188,0.98669,1.26875
-1,1.4875,0.98723,1.46562
-1,1.575,0.970627,1.29062
-1,1.64062,0.999369,1.33438
-1,1.42188,1,1.37813
-1,1.64062,1,1.37813
-1,1.59688,1,1.35625
-1,1.42188,1,1.26875
-1,1.53125,1,1.35625
-1,1.575,1,1.35625
-1,1.4,1,1.33438
-1,1.575,1,1.33438
-1,1.4875,1,1.35625
-1,1.575,1,1.37813
-1,1.61875,1,1.3125
-1,1.575,1,1.26875
-1,1.24687,1,1.37813
-1,1.3125,1,1.33438
-1,1.575,1,1.46562
-1,1.575,1,1.35625
-1,1.4,1,1.4
-1,1.46562,1,1.4
-1,1.4875,1,1.37813
-1,1.46562,1,1.37813
-1,1.42188,1,1.37813
-1,1.46562,1,1.37813
-1,1.42188,1,1.35625
-1,1.50937,1,1.35625
-1,1.37813,1,1.29062
-1,1.42188,1,1.4
-1,1.44375,1,1.35625
-1,1.42188,1,1.35625
-1,1.37813,1,1.4
-1,1.575,1,1.33438
-1,1.4875,1,1.35625
-1,1.4875,1,1.37813
-1,1.55313,1,1.29062
-1,1.53125,1,1.37813
-1,1.42188,1,1.33438
-1,1.42188,1,1.37813
-1,1.50937,1,1.37813
-1,1.42188,1,1.37813
-1,1.18125,1,1.37813
-1,1.42188,1,1.46562
-1,1.44375,1,1.33438
-1,1.575,1,1.33438
-1,1.18125,1,1.18125
-1,1.37813,1,1.35625
-1,0.984375,1,1.35625
-1,1.4,1,1.4
-1,1.4,1,1.35625
-1,1.33438,1,1.33438
-1,1.225,1,1.35625
-1,1.33438,1,1.4
-1,1.35625,1,1.33438
-1,1.59688,1,1.35625
-1,1.4875,1,1.37813
-1,1.42188,1,1.35625
-1,1.35625,1,1.42188
-1,1.53125,1,1.37813
-1,1.42188,1,1.37813
-1,1.29062,1,1.42188
-1,1.44375,1,1.46562
-1,1.33438,1,1.37813
-1,1.61875,1,1.4
-1,1.53125,1,1.24687
-1,1.4,1,1.3125
-1,1.59688,1,1.33438
-1,1.4875,1,1.37813
-1,1.4,1,1.4
-1,1.35625,1,1.3125
-1,1.42188,1,1.37813
-1,1.46562,1,1.35625
-1,1.1375,1,1.35625
-1,1.1375,1,1.33438
-1,1.1375,1,1.33438
-1,1.225,1,1.33438
-1,1.02812,1,1.26875
-1,1.1375,1,1.33438
-1,1.61875,1,1.33438
-1,1.46562,1,1.35625
-1,1.37813,1,1.35625
-1,1.42188,1,1.3125
-1,1.575,1,1.3125
-1,1.33438,1,1.3125
-1,1.33438,1,1.35625
-1,1.575,1,1.35625
-1,1.35625,1,1.33438
-1,1.55313,1,1.33438
-1,1.42188,1,1.33438
-1,1.575,1,1.4
-1,1.61875,1,1.35625
-1,1.42188,1,1.18125
-1,1.42188,1,1.29062
-1,1.44375,1,1.29062
-1,1.42188,1,1.29062
-1,1.61875,1,1.37813
-1,1.59688,1,1.29062
-1,1.42188,1,1.26875
-1,1.37813,1,1.3125
-1,1.575,1,1.4
-1,1.59688,1,1.33438
-1,1.59688,1,1.20312
-1,1.37813,1,1.33438
-1,1.42188,1,1.42188
-1,1.59688,1,1.35625
-1,1.44375,1,1.29062
-1,1.42188,1,1.42188
-1,1.53125,1,1.35625
-1,1.44375,1,1.29062
-1,1.44375,1,1.26875
-1,1.575,1,1.4
-1,1.33438,1,1.29062
-1,1.575,1,1.20312
-1,1.37813,1,1.26875
-1,1.53125,1,1.4
-1,1.26875,1,1.29062
-1,1.26875,1,1.3125
-1,1.15938,1,1.33438
-1,1.37813,1,1.44375
-1,1.575,1,1.46562
-1,1.4875,1,1.4
-1,1.4,1,1.4
-1,1.35625,1,1.42188
-1,1.575,1,1.33438
-1,1.42188,1,1.42188
-1,1.575,1,1.33438
-1,1.4,1,1.55313
-1,1.55313,1,1.4
-1,1.35625,1,1.3125
-1,1.61875,1,1.4875
-1,1.59688,1,1.37813
-1,1.59688,1,1.35625
-1,1.46562,1,1.37813
-1,1.575,1,1.4875
-1,1.53125,1,1.33438
-1,1.44375,1,1.37813
-1,1.55313,1,1.33438
-1,1.4875,1,1.42188
-1,1.59688,1,1.37813
-1,1.37813,1,1.29062
-1,1.59688,1,1.29062
-1,1.46562,1,1.35625
-1,1.59688,1,1.33438
-1,1.64062,1,1.29062
-1,1.37813,1,1.33438
-1,1.53125,1,1.42188
-1,1.37813,1,1.35625
-1,1.44375,1,1.33438
-1,1.575,1,1.35625
-1,1.55313,1,1.4
-1,1.37813,1,1.33438
-1,1.4875,1,1.33438
-1,1.61875,1,1.3125
-1,1.42188,1,1.33438
-1,1.61875,1,1.29062
-1,1.42188,1,1.33438
-1,1.50937,1,1.29062
-1,1.4,1,1.26875
-1,1.37813,1,1.29062
-1,1.4,1,1.33438
-1,1.42188,1,1.35625
-1,1.37813,1,1.37813
-1,1.4,1,1.42188
-1,1.42188,1,1.46562
-1,1.59688,1,1.46562
-1,1.42188,1,1.37813
-1,1.37813,1,1.37813
-1,1.4,1,1.35625
-1,1.42188,1,1.46562
-1,1.42188,1,1.68437
-1,1.44375,1,1.4875
-1,1.44375,1,1.575
-1,1.4,1,1.75
-1,1.42188,1,1.70625
-1,1.4,1,1.4875
-1,1.4,1,1.42188
-1,1.3125,1,1.46562
-1,1.4,1,1.44375
-1,1.4,1,1.46562
-1,1.44375,1,1.4875
-1,1.61875,1,1.4
-1,1.35625,1,1.4
-1,1.4,1,1.35625
-1,1.3125,1,1.35625
-1,1.4,1,1.35625
-1,1.42188,1,1.26875
-1,1.55313,1,1.35625
-1,1.4,1,1.3125
-1,1.575,1,1.33438
-1,1.4875,1,1.3125
-1,1.42188,1,1.3125
-1,1.24687,1,1.29062
-1,1.4875,1,1.33438
-1,1.37813,1,1.3125
-1,1.50937,1,1.33438
-1,1.4875,1,1.3125
-1,1.55313,1,1.29062
-1,1.575,1,1.35625
-1,1.50937,1,1.4
-1,1.59688,1,1.37813
-1,1.50937,1,1.37813
-1,1.59688,1,1.3125
-1,1.59688,1,1.42188
-1,1.6625,1,1.4
-1,1.575,1,1.33438
-1,1.4,1,1.33438
-1,1.37813,1,1.42188
-1,1.61875,1,1.35625
-1,1.44375,1,1.3125
-1,1.42188,1,1.33438
-1,1.42188,1,1.46562
-1,1.1375,1,1.46562
-1,1.35625,1,1.35625
-1,1.64062,1,1.4
-1,1.15938,1,1.35625
-1,1.61875,1,1.29062
-1,1.37813,1,1.33438
-1,1.61875,1,1.44375
-1,1.20312,1,1.35625
-1,1.00625,1,1.225
-1,1.53125,1,1.3125
-1,1.575,1,1.4
-1,1.3125,1,1.26875
-1,1.44375,1,1.24687
-1,1.59688,1,1.26875
-1,1.575,1,1.26875
-1,1.42188,1,1.46562
-1,1.4,1,1.37813
-1,1.55313,1,1.35625
-1,1.61875,1,1.35625
-1,1.29062,1,1.44375
-1,1.42188,1,1.42188
-1,1.4875,1,1.37813
-1,1.61875,1,1.4
-1,1.42188,1,1.53125
-1,1.61875,0.998821,1.35625
-1,1.46562,0.968843,1.29062
-1,1.59688,0.96009,1.4875
-1,1.61875,0.948429,1.37813
-1,1.42188,0.955384,1.37813
-1,1.575,0.935873,1.33438
-1,1.55313,0.925084,1.44375
-1,1.575,0.933784,1.33438
-1,1.4,0.918053,1.3125
-1,1.4,0.906391,1.3125
-1,1.55313,0.889797,1.11563
-1,1.35625,0.889475,1.37813
-1,1.24687,0.851356,1.225
-1,1.575,0.867616,1.20312
-1,1.29062,0.860316,1.225
-1,1.44375,0.847501,1.29062
-1,1.575,0.827408,1.15938
-1,1.42188,0.82913,1.15938
-1,1.44375,0.838412,1.15938
-1,1.35625,0.826169,1.26875
-1,1.61875,0.838358,1.15938
-1,1.64062,0.841825,1.11563
-1,1.53125,0.836269,1.11563
-1,1.42188,0.838864,1.225
-1,1.59688,0.841458,1.18125
-1,1.3125,0.853347,1.11563
-1,1.55313,0.847219,1.1375
-1,1.4,0.873073,1.18125
-1,1.4875,0.874495,1.1375
-1,1.64062,0.873601,1.09375
-1,1.46562,0.892767,1.15938
-1,1.59688,0.899132,1.24687
-1,1.4875,0.907832,1.20312
-1,1.61875,0.899088,1.20312
-1,1.575,0.926104,1.20312
-1,1.575,0.906593,1.29062
-1,1.61875,0.915293,1.26875
-1,1.61875,0.928936,1.24687
-1,1.59688,0.927741,1.24687
-1,1.53125,0.935569,1.33438
-1,1.59688,0.925953,1.24687
-1,1.4875,0.920116,1.26875
-1,1.42188,0.923864,1.24687
-1,1.42188,0.917154,0.984375
-1,1.4,0.922075,1.225
-1,1.35625,0.905771,1.35625
-1,1.44375,0.919114,1.26875
-1,1.35625,0.880423,1.26875
-1,1.4,0.880401,1.29062
-1,1.50937,0.873401,1.225
-1,1.37813,0.875123,1.225
-1,1.42188,0.859973,1.225
-1,1.4875,0.85588,1.20312
-1,1.4,0.865162,1.20312
-1,1.4875,0.82996,1.20312
-1,1.4,0.847964,1.18125
-1,1.55313,0.860725,1.18125
-1,1.4,0.846747,1.18125
-1,1.44375,0.845271,1.20312
-1,1.42188,0.865019,1.1375
-1,1.50937,0.845227,1.18125
-1,1.59688,0.857988,1.20312
-1,1.35625,0.862327,1.15938
-1,1.42188,0.870736,1.15938
-1,0.896875,0.867516,1.09375
-1,1.4,0.884647,1.11563
-1,1.42188,0.904686,1.225
-1,1.42188,0.919773,1.18125
-1,1.4,0.942138,1.1375
-1,1.4875,0.942988,1.20312
-1,1.42188,0.991519,1.18125
-1,1.575,0.989753,1.20312
-1,1.42188,1,1.18125
-1,1.4875,1,1.26875
-1,1.59688,1,1.26875
-1,1.55313,1,1.26875
-1,1.53125,1,1.3125
-1,1.24687,1,1.3125
-1,1.64062,1,1.29062
-1,1.575,1,1.33438
-1,1.50937,1,1.4
-1,1.61875,1,1.3125
-1,1.575,1,1.44375
-1,1.18125,1,1.44375
-1,1.18125,0.979569,1.46562
-1,1.4875,0.942904,1.4875
-1,1.42188,0.939393,1.42188
-1,1.35625,0.920473,1.61875
-1,1.26875,0.87713,1.4
-1,1.24687,0.862571,1.35625
-1,1.55313,0.838127,1.35625
-1,1.11563,0.834034,1.33438
-1,1.42188,0.827034,1.225
-1,1.4,0.788925,1.225
-1,1.59688,0.777854,1.18125
-1,1.225,0.763877,1.15938
-1,1.59688,0.786532,1.11563
-1,1.575,0.750167,1.1375
-1,1.59688,0.756251,1.02812
-1,1.35625,0.738203,1.09375
-1,1.35625,0.766673,1.05
-1,1.42188,0.796016,1.02812
-1,1.33438,0.78669,0.9625
-1,1.46562,0.82301,1.05
-1,1.4,0.818927,1.05
-1,1.50937,0.83693,1.07187
-1,1.33438,0.849991,1.07187
-1,1.42188,0.852586,1.09375
-1,1.4,0.863903,1.11563
-1,1.575,0.872603,1.09375
-1,1.4,0.881312,1.18125
-1,1.4,0.899606,1.05
-1,1.59688,0.914993,1.1375
-1,1.42188,0.910029,1.18125
-1,1.225,0.924543,1.11563
-1,1.46562,0.943138,1.11563
-1,1.53125,0.942243,1.20312
-1,1.4875,0.955886,1.18125
-1,1.3125,0.939582,1.37813
-1,1.44375,0.961075,1.24687
-1,1.55313,0.956991,1.00625
-1,1.42188,0.963075,1.26875
-1,1.35625,0.973229,1.26875
-1,1.44375,0.979312,1.33438
-1,1.44375,0.968251,1.225
-1,1.53125,0.97259,1.4
-1,1.37813,0.961229,1.3125
-1,1.575,0.957717,1.33438
-1,1.64062,0.939969,1.3125
-1,1.42188,0.942273,1.42188
-1,1.46562,0.947484,1.02812
-1,1.4875,0.914036,1.50937
-1,1.68437,0.901803,1.33438
-1,1.61875,0.90178,1.35625
-1,1.42188,0.879371,1.24687
-1,1.53125,0.880521,1.20312
-1,1.44375,0.868579,1.24687
-1,1.53125,0.831341,1.33438
-1,1.35625,0.842958,1.24687
-1,1.61875,0.82898,1.20312
-1,1.61875,0.819654,1.15938
-1,1.575,0.83098,1.33438
-1,1.64062,0.789673,1.15938
-1,1.35625,0.818143,1.07187
-1,1.44375,0.800395,1.1375
-1,1.61875,0.83846,1.18125
-1,1.44375,0.842799,1.15938
-1,1.50937,0.829993,1.07187
-1,1.44375,0.875036,1.11563
-1,1.44375,0.886353,1.15938
-1,1.59688,0.912506,1.11563
-1,1.59688,0.906379,1.09375
-1,1.50937,0.963632,1.07187
-1,1.44375,0.954316,1.18125
-1,1.20312,0.991508,1.11563
-1,1.59688,1,1.1375
-1,1.3125,1,1.29062
-1,1.3125,1,1.15938
-1,1.35625,1,1.26875
-1,1.44375,1,1.20312
-1,1.4875,1,1.26875
-1,1.42188,1,1.20312
-1,1.33438,1,1.24687
-1,1.44375,1,1.26875
-1,1.3125,1,1.24687
-1,1.61875,1,1.3125
-1,1.4,1,1.33438
-1,1.42188,1,1.37813
-1,1.46562,1,1.50937
-1,1.3125,0.988032,1.55313
-1,1.4,0.960399,1.26875
-1,1.50937,0.90688,1.50937
-1,1.4,0.88448,1.37813
-1,1.575,0.874282,1.37813
-1,1.61875,0.822517,1.4
-1,1.46562,0.799236,1.42188
-1,1.37813,0.760554,1.29062
-1,1.37813,0.73989,1.46562
-1,1.4,0.720397,1.18125
-1,1.61875,0.685777,1.1375
-1,1.37813,0.661051,1.09375
-1,1.53125,0.675856,1.1375
-1,1.4,0.634558,1.00625
-1,1.575,0.636571,0.875
-1,1.37813,0.706627,1.00625
-1,1.33438,0.675786,0.91875
-1,1.50937,0.715023,0.853125
-1,1.3125,0.721979,0.896875
-1,1.44375,0.742899,1.00625
-1,1.33438,0.765554,0.896875
-1,1.53125,0.761471,0.91875
-1,1.575,0.788197,0.91875
-1,1.4,0.791091,1.15938
-1,1.61875,0.816945,1.00625
-1,1.59688,0.83554,0.9625
-1,1.59688,0.850927,1.00625
-1,1.575,0.859927,1.1375
-1,1.59688,0.868927,1.09375
-1,1.575,0.86716,1.05
-1,1.53125,0.881975,1.09375
-1,1.575,0.888058,1.24687
-1,1.4875,0.895314,1.1375
-1,1.35625,0.893547,1.1375
-1,1.64062,0.89993,1.15938
-1,1.4,0.903406,1.29062
-1,1.46562,0.90164,1.29062
-1,1.64062,0.915873,1.18125
-1,1.4,0.889975,1.24687
-1,1.35625,0.92456,1.24687
-1,1.50937,0.920477,1.24687
-1,1.44375,0.916966,1.3125
-1,1.61875,0.882645,1.24687
-1,1.4,0.895134,1.24687
-1,1.4,0.882029,1.24687
-1,1.59688,0.85643,1.20312
-1,1.575,0.870373,1.225
-1,1.4875,0.846219,1.24687
-1,1.575,0.814516,1.225
-1,1.35625,0.806643,1.18125
-1,1.4,0.784534,1.225
-1,1.35625,0.779579,0.91875
-1,1.55313,0.767636,1.18125
-1,1.4,0.733316,1.20312
-1,1.4875,0.715567,1.09375
-1,1.575,0.704506,1.07187
-1,1.35625,0.737629,1.09375
-1,1.35625,0.744884,1.05
-1,1.575,0.697771,1.07187
-1,1.35625,0.704727,1.00625
-1,1.35625,0.736114,0.984375
-1,1.575,0.776223,0.984375
-1,1.42188,0.783179,1.05
-1,1.4875,0.781712,1.00625
-1,1.59688,0.802632,1.00625
-1,1.61875,0.825588,1.00625
-1,1.4875,0.829927,1.00625
-1,1.37813,0.834566,1.15938
-1,1.4,0.859847,1.07187
-1,1.59688,0.900829,1.225
-1,1.44375,0.909529,1.11563
-1,1.53125,0.953708,1.07187
-1,1.42188,0.975501,1.1375
-1,1.59688,1,1.20312
-1,1.50937,0.997271,1.26875
-1,1.61875,1,1.37813
-1,1.42188,1,1.24687
-1,1.42188,1,1.225
-1,1.4,1,1.37813
-1,1.37813,1,1.35625
-1,1.33438,1,1.35625
-1,1.35625,1,1.44375
-1,1.4,1,1.00625
-1,1.4,0.961675,1.09375
-1,1.4875,0.93723,1.44375
-1,1.53125,0.917738,1.33438
-1,1.4,0.889232,1.44375
-1,1.4,0.872356,1.37813
-1,1.4,0.850829,1.29062
-1,1.35625,0.816508,1.33438
-1,1.37813,0.801377,1.29062
-1,1.4875,0.783038,1.29062
-1,1.35625,0.754823,1.20312
-1,1.37813,0.756845,1.20312
-1,1.44375,0.72863,1.07187
-1,1.4,0.750714,1.07187
-1,1.37813,0.700112,1.07187
-1,1.53125,0.743419,1.05
-1,1.4875,0.711134,1.00625
-1,1.37813,0.739904,1.02812
-1,1.4,0.722156,1.00625
-1,1.55313,0.750927,1.00625
-1,1.37813,0.76516,1.00625
-1,1.4,0.743332,0.984375
-1,1.64062,0.743029,0.9625
-1,1.4875,0.753482,0.9625
-1,1.4,0.790103,1.00625
-1,1.44375,0.812186,1.05
-1,1.44375,0.806358,1.07187
-1,1.55313,0.818847,1.05
-1,1.4,0.821741,1.07187
-1,1.4,0.839173,1.09375
-1,1.53125,0.849045,1.07187
-1,1.55313,0.851067,1.02812
-1,1.4875,0.869662,1.07187
-1,1.37813,0.85424,1.09375
-1,1.42188,0.886499,1.1375
-1,1.44375,0.871367,1.15938
-1,1.61875,0.894904,1.1375
-1,1.4,0.884716,1.15938
-1,1.59688,0.893716,1.18125
-1,1.68437,0.925103,1.18125
-1,1.53125,0.907064,1.20312
-1,1.42188,0.906469,1.15938
-1,1.46562,0.923319,1.24687
-1,1.42188,0.899466,1.29062
-1,1.11563,0.911664,1.225
-1,1.42188,0.910497,1.24687
-1,1.61875,0.90903,1.24687
-1,1.61875,0.894771,1.3125
-1,1.68437,0.877604,1.29062
-1,1.44375,0.870032,1.26875
-1,1.575,0.871182,1.24687
-1,1.4875,0.858667,1.29062
-1,1.61875,0.838303,1.24687
-1,1.55313,0.847012,1.225
-1,1.4,0.827519,0.853125
-1,1.53125,0.817621,1.26875
-1,1.44375,0.815282,0.83125
-1,1.46562,0.812371,1.1375
-1,1.26875,0.810032,1.24687
-1,1.37813,0.794029,1.37813
-1,1.42188,0.76436,1.1375
-1,1.42188,0.817262,1.1375
-1,1.4,0.778871,0.7
-1,1.4,0.84224,1.00625
-1,1.42188,0.794554,1.3125
-1,1.4,0.857051,1.00625
-1,1.42188,0.831453,1.09375
-1,1.37813,0.883482,1.29062
-1,1.35625,0.879399,1.29062
-1,1.42188,0.901482,1.02812
-1,1.44375,0.919214,1.02812
-1,1.44375,0.952345,1.18125
-1,1.53125,0.985477,1.18125
-1,1.4,0.994477,1.225
-1,1.59688,1,1.15938
-1,1.4,1,1.1375
-1,1.4,1,1.24687
-1,1.44375,1,1.24687
-1,1.53125,1,1.225
-1,1.42188,1,1.4
-1,1.42188,1,1.26875
-1,1.35625,1,1.29062
-1,1.55313,1,1.29062
-1,1.6625,1,1.4
-1,1.35625,1,1.4875
-1,1.61875,1,1.26875
-1,1.4,1,1.42188
-1,1.225,1,1.50937
-1,1.53125,1,1.3125
-1,1.64062,1,1.33438
-1,1.53125,1,1.44375
-1,1.4,1,1.33438
-1,1.37813,1,1.44375
-1,1.4875,1,1.35625
-1,1.61875,0.979986,1.4
-1,1.4,0.957586,1.4
-1,1.4,0.937221,1.33438
-1,1.35625,0.915693,1.37813
-1,1.575,0.90376,1.33438
-1,1.70625,0.899977,1.3125
-1,1.53125,0.897638,1.4
-1,1.4,0.889484,1.3125
-1,1.46562,0.886273,1.24687
-1,1.37813,0.890621,1.33438
-1,1.61875,0.855729,1.24687
-1,1.42188,0.877812,1.3125
-1,1.59688,0.866751,1.20312
-1,1.55313,0.846967,1.18125
-1,1.64062,0.844629,1.3125
-1,1.53125,0.852184,1.18125
-1,1.42188,0.841995,1.18125
-1,1.59688,0.825119,1.225
-1,1.42188,0.839062,1.1375
-1,1.4875,0.83208,1.37813
-1,1.53125,0.814914,1.11563
-1,1.46562,0.821297,1.26875
-1,1.42188,0.833495,1.11563
-1,1.42188,0.840179,1.09375
-1,1.61875,0.83784,1.11563
-1,1.42188,0.857888,1.20312
-1,1.3125,0.884041,1.11563
-1,1.64062,0.873571,1.1375
-1,1.55313,0.91339,1.20312
-1,1.46562,0.90669,1.11563
-1,1.50937,0.91599,0.940625
-1,1.4,0.929932,1.225
-1,1.61875,0.93428,1.15938
-1,1.42188,0.949686,1.15938
-1,1.50937,0.95229,1.15938
-1,1.4,0.956929,1.18125
-1,1.4,0.944423,1.225
-1,1.4875,0.937432,1.225
-1,1.575,0.954864,1.24687
-1,1.4,0.926949,1.33438
-1,1.575,0.926936,1.29062
-1,1.42188,0.92198,1.26875
-1,1.61875,0.867899,1.35625
-1,1.4,0.855093,1.3125
-1,1.575,0.805364,1.33438
-1,1.42188,0.77803,1.3125
-1,1.4,0.72394,1.225
-1,1.3125,0.67043,1.24687
-1,1.46562,0.627688,1.20312
-1,1.26875,0.564875,1.20312
-1,1.4,0.503234,1.09375
-1,1.37813,0.485486,1.00625
-1,1.4,0.45291,1.00625
-1,1.59688,0.400282,0.896875
-1,1.4875,0.410154,0.83125
-1,1.37813,0.419454,0.7875
-1,1.50937,0.430199,0.678125
-1,1.37813,0.439199,0.65625
-1,1.33438,0.449371,0.678125
-1,1.50937,0.457499,0.678125
-1,1.225,0.465927,0.65625
-1,1.59688,0.474054,0.65625
-1,1.68437,0.482482,0.65625
-1,1.575,0.49061,0.65625
-1,1.53125,0.535962,0.65625
-1,1.42188,0.505421,0.721875
-1,1.575,0.512977,0.74375
-1,1.35625,0.534769,0.678125
-1,1.46562,0.580984,0.678125
-1,1.35625,0.58854,0.721875
-1,1.33438,0.576606,0.721875
-1,1.50937,0.622249,0.721875
-1,1.33438,0.619038,0.765625
-1,1.37813,0.633571,0.809375
-1,1.46562,0.607101,0.83125
-1,1.4,0.644893,0.809375
-1,1.4,0.657382,0.765625
-1,1.50937,0.644877,0.853125
-1,1.6625,0.659982,0.875
-1,1.4,0.664921,1.07187
-1,1.4,0.659966,0.91875
-1,1.42188,0.675371,1.00625
-1,1.42188,0.631756,0.9625
-1,1.4875,0.665179,0.91875
-1,1.4,0.672734,0.9625
-1,1.4,0.624749,0.984375
-1,1.44375,0.633177,0.940625
-1,1.37813,0.642177,0.91875
-1,1.37813,0.651477,0.91875
-1,1.4,0.660477,0.91875
-1,1.4,0.669777,0.91875
-1,1.33438,0.679077,0.896875
-1,1.37813,0.688077,0.9625
-1,1.4,0.697377,0.940625
-1,1.4,0.706377,1.05
-1,1.4,0.715677,1.02812
-1,1.44375,0.724977,0.984375
-1,1.44375,0.733977,1.02812
-1,1.18125,0.743277,1.00625
-1,1.4,0.752277,1.05
-1,1.37813,0.761577,1.02812
-1,1.4,0.770877,1.225
-1,1.64062,0.779877,1.05
-1,1.37813,0.789177,1.07187
-1,1.61875,0.798477,0.984375
-1,1.44375,0.807477,1.00625
-1,1.44375,0.815904,1.09375
-1,1.37813,0.825204,1.11563
-1,1.4,0.834204,1.15938
-1,1.42188,0.843504,1.15938
-1,1.4,0.912988,1.1375
-1,1.4875,0.914429,1.15938
-1,1.44375,0.905412,1.15938
-1,1.4,0.944077,1.24687
-1,1.55313,0.927201,1.225
-1,1.53125,0.957143,1.4
-1,1.44375,0.962954,1.3125
-1,1.4,0.957999,1.20312
-1,1.4,1,1.24687
-1,1.44375,0.995497,1.29062
-1,1.37813,1,1.33438
-1,1.4,1,1.3125
-1,1.37813,1,1.33438
-1,1.4,1,1.4
-1,1.6625,1,1.37813
-1,1.44375,1,1.3125
-1,1.35625,1,1.3125
-1,1.4,1,1.35625
-1,1.4875,1,1.33438
-1,1.44375,1,1.50937
-1,1.35625,1,1.44375
-1,1.61875,1,1.4
-1,1.4,1,1.37813
-1,1.44375,1,1.35625
-1,1.575,1,1.35625
-1,1.42188,1,1.35625
-1,1.44375,1,1.3125
-1,1.42188,1,1.33438
-1,1.44375,1,1.3125
-1,1.44375,1,1.29062
-1,1.35625,1,1.3125
-1,1.4,1,1.3125
-1,1.4875,1,1.35625
-1,1.35625,1,1.3125
-1,1.37813,1,1.26875
-1,1.44375,1,1.35625
-1,1.37813,1,1.33438
-1,1.37813,1,1.24687
-1,1.44375,1,1.35625
-1,1.575,1,1.37813
-1,1.37813,1,1.35625
-1,1.44375,1,1.33438
-1,1.37813,1,1.4875
-1,1.46562,1,1.4
-1,1.55313,1,1.35625
-1,1.37813,1,1.33438
-1,1.37813,1,1.37813
-1,1.37813,1,1.44375
-1,1.50937,1,1.33438
-1,1.4875,1,1.3125
-1,1.4,1,1.3125
-1,1.64062,1,1.33438
-1,1.4,1,1.3125
-1,1.55313,1,1.26875
-1,1.37813,1,1.3125
-1,1.50937,1,1.4
-1,1.37813,1,1.24687
-1,1.37813,1,1.3125
-1,1.4875,1,1.4
-1,1.4,1,1.29062
-1,1.4,1,1.26875
-1,1.46562,1,1.3125
-1,1.3125,1,1.26875
-1,1.575,1,1.20312
-1,1.46562,1,1.26875
-1,1.59688,1,1.4
-1,1.50937,1,1.3125
-1,1.42188,1,1.29062
-1,1.55313,1,1.35625
-1,1.42188,1,1.46562
-1,1.59688,1,1.4
-1,1.46562,1,1.37813
-1,1.575,1,1.42188
-1,1.59688,1,1.59688
-1,1.50937,1,1.4875
-1,1.53125,1,1.42188
-1,1.61875,1,1.44375
-1,1.29062,1,1.55313
-1,1.61875,1,1.42188
-1,1.59688,1,1.35625
-1,1.4875,0.990919,1.4
-1,1.59688,0.969119,1.50937
-1,1.35625,0.964464,1.37813
-1,1.575,0.936549,1.29062
-1,1.50937,0.951382,1.225
-1,1.50937,0.952541,1.35625
-1,1.64062,0.933349,1.3125
-1,1.59688,0.95138,1.225
-1,1.50937,0.962425,1.24687
-1,1.35625,0.97754,1.26875
-1,1.64062,0.984232,1.29062
-1,1.61875,1,1.24687
-1,1.42188,1,1.00625
-1,1.33438,1,1.29062
-1,1.35625,1,1.3125
-1,1.18125,1,1.24687
-1,1.59688,1,1.24687
-1,1.42188,1,1.26875
-1,1.37813,1,1.3125
-1,1.64062,1,1.33438
-1,1.4875,0.999351,1.37813
-1,1.37813,1,1.37813
-1,1.53125,1,1.35625
-1,1.61875,1,1.35625
-1,1.59688,0.986271,1.4
-1,1.50937,0.968532,1.44375
-1,1.44375,0.934521,1.42188
-1,1.4,0.840899,1.44375
-1,1.4875,0.828693,1.4
-1,1.4,0.744375,1.4
-1,1.42188,0.714143,1.35625
-1,1.4,0.644653,1.33438
-1,1.4875,0.583893,1.26875
-1,1.4,0.546103,1.26875
-1,1.50937,0.500171,1.09375
-1,1.46562,0.432725,0.875
-1,1.53125,0.401912,0.91875
-1,1.4875,0.385345,0.809375
-1,1.575,0.365871,0.83125
-1,1.4,0.377216,0.721875
-1,1.4875,0.386516,0.590625
-1,1.64062,0.396988,0.634375
-1,1.575,0.406588,0.590625
-1,1.33438,0.415316,0.6125
-1,1.50937,0.470562,0.590625
-1,1.61875,0.478417,0.590625
-1,1.575,0.439754,0.6125
-1,1.4,0.494129,0.634375
-1,1.33438,0.525243,0.634375
-1,1.61875,0.516817,0.634375
-1,1.50937,0.497634,0.634375
-1,1.44375,0.561021,0.6125
-1,1.46562,0.55841,0.721875
-1,1.575,0.547077,0.65625
-1,1.59688,0.578482,0.65625
-1,1.4,0.557554,0.74375
-1,1.44375,0.562793,0.765625
-1,1.37813,0.593327,0.74375
-1,1.37813,0.589843,0.765625
-1,1.37813,0.595082,0.721875
-1,1.4,0.582004,0.7875
-1,1.37813,0.587243,0.74375
-1,1.42188,0.619521,0.678125
-1,1.46562,0.616338,0.83125
-1,1.44375,0.630299,0.83125
-1,1.42188,0.587856,0.853125
-1,1.53125,0.593967,0.83125
-1,1.4,0.632932,0.83125
-1,1.44375,0.600084,0.875
-1,1.575,0.617534,0.853125
-1,1.46562,0.587593,0.83125
-1,1.4,0.597193,0.875
-1,1.53125,0.661162,0.83125
-1,1.44375,0.615821,0.875
-1,1.37813,0.624549,0.853125
-1,1.46562,0.634149,0.853125
-1,1.37813,0.643749,0.875
-1,1.61875,0.653349,0.875
-1,1.37813,0.662949,0.875
-1,1.46562,0.672849,0.875
-1,1.4,0.682449,0.940625
-1,1.4,0.691177,0.91875
-1,1.4,0.700777,0.91875
-1,1.4,0.710377,0.91875
-1,1.4,0.719104,0.9625
-1,1.4,0.728132,0.984375
-1,1.42188,0.737732,1.02812
-1,1.44375,0.745588,1.00625
-1,1.4,0.754316,1.00625
-1,1.44375,0.763343,0.896875
-1,1.59688,0.772943,1.00625
-1,1.53125,0.781671,1.05
-1,1.44375,0.790399,1.05
-1,1.4,0.799999,1.05
-1,1.37813,0.809027,1.05
-1,1.46562,0.872995,1.09375
-1,1.44375,0.827354,1.09375
-1,1.37813,0.897438,1.07187
-1,1.4,0.873312,1.20312
-1,1.4,0.852093,1.1375
-1,1.37813,0.888151,1.1375
-1,1.44375,0.921601,1.18125
-1,1.35625,0.91114,1.225
-1,1.44375,0.957382,1.15938
-1,1.53125,0.971343,1.18125
-1,1.37813,1,1.24687
-1,1.37813,0.996086,1.20312
-1,1.55313,1,1.24687
-1,1.44375,1,1.24687
-1,1.4,1,1.225
-1,0.91875,1,1.35625
-1,1.44375,1,1.26875
-1,1.37813,1,1.4
-1,1.4,1,1.33438
-1,1.6625,1,1.33438
-1,1.4875,1,1.44375
-1,1.4,1,1.53125
-1,0.9625,1,1.35625
-1,1.4,1,1.4
-1,1.37813,1,1.4
-1,1.46562,1,1.3125
-1,1.61875,1,1.4
-1,1.4,1,1.37813
-1,1.46562,1,1.37813
-1,1.35625,1,1.35625
-1,1.4,1,1.37813
-1,1.4,1,1.37813
-1,1.4875,1,1.26875
-1,1.42188,1,1.225
-1,1.4,1,1.29062
-1,1.53125,1,1.37813
-1,1.4,1,1.26875
-1,1.4,1,1.33438
-1,1.4875,1,1.4875
-1,1.61875,1,1.3125
-1,1.42188,1,1.33438
-1,1.46562,1,1.35625
-1,1.26875,1,1.225
-1,1.4,1,1.37813
-1,1.4,1,1.3125
-1,1.29062,1,1.24687
-1,1.4875,1,1.20312
-1,1.4,1,1.20312
-1,1.575,1,1.26875
-1,1.42188,1,1.35625
-1,1.37813,1,1.3125
-1,1.37813,1,1.3125
-1,1.4875,1,1.46562
-1,1.42188,1,1.37813
-1,1.35625,1,1.42188
-1,1.44375,1,1.64062
-1,1.4,1,1.42188
-1,1.4,1,1.4
-1,1.37813,1,1.55313
-1,1.4,0.990899,1.42188
-1,1.4,0.983354,1.42188
-1,1.35625,0.944701,1.4
-1,1.50937,0.930179,1.37813
-1,1.42188,0.901119,1.4
-1,1.4,0.879619,1.24687
-1,1.35625,0.883414,1.35625
-1,1.37813,0.887208,1.35625
-1,1.61875,0.859893,1.24687
-1,1.59688,0.87648,1.20312
-1,1.61875,0.902662,1.18125
-1,1.4,0.89599,1.24687
-1,1.59688,0.934391,1.18125
-1,1.575,0.951269,1.15938
-1,1.44375,0.954773,1.1375
-1,1.35625,0.974849,1.1375
-1,1.44375,0.969049,1.11563
-1,1.44375,1,1.09375
-1,1.44375,1,1.1375
-1,1.37813,1,1.15938
-1,1.44375,1,1.15938
-1,1.42188,1,1.24687
-1,1.4875,1,1.33438
-1,1.55313,1,1.15938
-1,1.29062,1,1.35625
-1,1.44375,0.997684,1.42188
-1,1.4,0.940141,1.37813
-1,1.4,0.89858,1.46562
-1,1.4,0.82184,1.4875
-1,1.4875,0.74976,1.44375
-1,1.44375,0.664297,1.42188
-1,1.4,0.606745,1.20312
-1,1.4,0.512279,1.24687
-1,1.42188,0.437282,1.15938
-1,1.4875,0.35618,1.07187
-1,1.4,0.284391,0.9625
-1,1.35625,0.18788,0.83125
-1,1.37813,0.192838,0.74375
-1,1.37813,0.182395,0.6125
-1,1.37813,0.19404,0.546875
-1,1.4,0.214706,0.459375
-1,1.44375,0.234201,0.39375
-1,1.4,0.249916,0.371875
-1,1.46562,0.321171,0.328125
-1,1.42188,0.268271,0.459375
-1,1.37813,0.338654,0.459375
-1,1.42188,0.309886,0.459375
-1,1.42188,0.296827,0.459375
-1,1.46562,0.305854,0.459375
-1,1.4875,0.315182,0.4375
-1,1.4,0.325082,0.35
-1,1.42188,0.372206,0.459375
-1,1.55313,0.343438,0.459375
-1,1.35625,0.376025,0.415625
-1,1.44375,0.361793,0.459375
-1,1.35625,0.371121,0.459375
-1,1.44375,0.426667,0.48125
-1,1.42188,0.388604,0.48125
-1,1.37813,0.398504,0.525
-1,1.55313,0.407832,0.48125
-1,1.46562,0.477043,0.546875
-1,1.225,0.424443,0.503125
-1,1.4,0.434343,0.48125
-1,1.55313,0.449486,0.6125
-1,1.42188,0.453571,0.546875
-1,1.4875,0.463771,0.6125
-1,1.55313,0.473971,0.6125
-1,1.53125,0.483871,0.634375
-1,1.44375,0.494071,0.65625
-1,1.37813,0.503971,0.634375
-1,1.575,0.514171,0.65625
-1,1.44375,0.524371,0.678125
-1,1.35625,0.534271,0.634375
-1,1.44375,0.544471,0.721875
-1,1.44375,0.554671,0.721875
-1,1.4,0.564571,0.721875
-1,1.44375,0.575643,0.721875
-1,1.4875,0.585843,0.74375
-1,1.42188,0.595743,0.83125
-1,1.44375,0.551575,0.83125
-1,1.44375,0.617016,0.809375
-1,1.4,0.598714,0.83125
-1,1.44375,0.63886,0.83125
-1,1.575,0.64906,0.853125
-1,1.42188,0.604591,0.83125
-1,1.4,0.670032,0.56875
-1,1.4875,0.666567,0.83125
-1,1.4,0.691304,0.875
-1,1.4875,0.701204,0.91875
-1,1.37813,0.711404,0.91875
-1,1.4,0.721604,0.940625
-1,1.4875,0.730932,0.875
-1,1.4875,0.740832,0.984375
-1,1.44375,0.751032,1.00625
-1,1.37813,0.761232,1.02812
-1,1.37813,0.771432,1.11563
-1,1.4,0.781932,0.984375
-1,1.37813,0.79126,1.02812
-1,1.44375,0.80146,1.07187
-1,1.53125,0.810788,1.09375
-1,1.37813,0.820988,1.09375
-1,1.44375,0.85939,1.05
-1,1.4,0.87744,1.1375
-1,1.50937,0.90364,1.1375
-1,1.4,0.856854,1.18125
-1,1.44375,0.924621,1.1375
-1,1.4,0.949649,1.1375
-1,1.50937,0.932229,1.15938
-1,1.37813,0.976164,1.20312
-1,1.4,0.989853,1.18125
-1,1.4,1,1.1375
-1,1.4,1,1.26875
-1,1.4,1,1.20312
-1,1.4,1,1.26875
-1,1.4,1,1.33438
-1,1.35625,1,1.29062
-1,1.4875,1,1.35625
-1,1.575,1,1.35625
-1,1.4,1,1.33438
-1,1.61875,1,1.35625
-1,1.4,1,1.4
-1,1.4,1,1.4
-1,1.575,1,1.35625
-1,1.4,1,1.4
-1,1.4875,1,1.35625
-1,1.35625,1,1.3125
-1,1.50937,1,1.42188
-1,1.53125,1,1.33438
-1,1.44375,1,1.3125
-1,1.4,1,1.3125
-1,1.4,1,1.42188
-1,1.4,1,1.26875
-1,1.42188,1,1.3125
-1,1.44375,1,1.42188
-1,1.44375,1,1.29062
-1,1.4,1,1.24687
-1,1.37813,1,1.26875
-1,1.42188,1,1.37813
-1,1.44375,1,1.24687
-1,1.4,1,1.1375
-1,1.42188,1,1.3125
-1,1.4,1,1.20312
-1,1.37813,1,1.24687
-1,1.4,1,1.35625
-1,1.4875,1,1.3125
-1,1.37813,1,1.35625
-1,1.37813,1,1.44375
-1,1.4,1,1.53125
-1,1.29062,1,1.4875
-1,1.4,1,1.4875
-1,1.35625,1,1.59688
-1,1.4,1,1.4875
-1,1.42188,1,1.44375
-1,1.44375,0.985836,1.42188
-1,1.35625,0.973077,1.4
-1,1.35625,0.923384,1.44375
-1,1.61875,0.906845,1.29062
-1,1.29062,0.878086,1.33438
-1,1.61875,0.871141,1.37813
-1,1.4,0.84181,1.33438
-1,1.42188,0.833693,1.26875
-1,1.4,0.865417,1.1375
-1,1.37813,0.860217,1.1375
-1,1.4,0.87129,1.1375
-1,1.44375,0.896327,1.15938
-1,1.4,0.910897,1.09375
-1,1.4,0.947845,1.05
-1,1.4,0.949332,1.09375
-1,1.4,0.953436,1.05
-1,1.37813,1,1.07187
-1,1.44375,1,1.09375
-1,1.35625,1,1.20312
-1,1.4,1,1.3125
-1,1.4,1,1.15938
-1,1.4875,1,1.24687
-1,1.37813,1,1.26875
-1,1.44375,1,1.3125
-1,1.4,1,1.42188
-1,1.42188,0.94214,1.4875
-1,1.44375,0.879664,1.4
-1,1.4,0.793056,1.50937
-1,1.44375,0.729999,1.61875
-1,1.44375,0.652986,1.46562
-1,1.4,0.551551,1.3125
-1,1.4875,0.466979,1.18125
-1,1.4,0.389966,1.1375
-1,1.35625,0.297843,1.02812
-1,1.64062,0.232169,0.875
-1,1.44375,0.210688,0.809375
-1,1.44375,0.160132,0.678125
-1,1.4,0.171504,0.546875
-1,1.44375,0.184621,0.503125
-1,1.53125,0.195421,0.415625
-1,1.61875,0.206793,0.39375
-1,1.44375,0.217293,0.4375
-1,1.18125,0.227793,0.35
-1,1.6625,0.236849,0.371875
-1,1.37813,0.246477,0.371875
-1,1.4,0.256977,0.459375
-1,1.44375,0.266604,0.328125
-1,1.37813,0.277404,0.35
-1,1.44375,0.287904,0.415625
-1,1.55313,0.298404,0.371875
-1,1.4875,0.308032,0.328125
-1,1.37813,0.318832,0.4375
-1,1.37813,0.329332,0.371875
-1,1.37813,0.344775,0.39375
-1,1.4,0.34976,0.39375
-1,1.4,0.359388,0.415625
-1,1.35625,0.369888,0.4375
-1,1.35625,0.380688,0.459375
-1,1.44375,0.391188,0.48125
-1,1.4,0.401688,0.503125
-1,1.44375,0.411616,0.525
-1,1.4,0.422116,0.503125
-1,1.4,0.432916,0.546875
-1,1.4,0.443416,0.546875
-1,1.4,0.453916,0.546875
-1,1.35625,0.464716,0.56875
-1,1.37813,0.475216,0.590625
-1,1.4,0.486016,0.590625
-1,1.44375,0.518903,0.56875
-1,1.35625,0.506443,0.678125
-1,1.44375,0.516943,0.6125
-1,1.4,0.527743,0.7
-1,1.4,0.538243,0.678125
-1,1.61875,0.549043,0.74375
-1,1.61875,0.559543,0.74375
-1,1.44375,0.570343,0.875
-1,1.4875,0.580843,0.765625
-1,1.61875,0.591643,0.765625
-1,1.4,0.602143,0.7
-1,1.44375,0.612943,0.7875
-1,1.44375,0.623443,0.809375
-1,1.35625,0.634243,0.83125
-1,1.4,0.644743,0.853125
-1,1.61875,0.655543,0.875
-1,1.37813,0.666343,0.875
-1,1.50937,0.676843,0.875
-1,1.61875,0.687643,0.940625
-1,1.4,0.697271,0.896875
-1,1.4,0.708071,0.91875
-1,1.3125,0.718871,0.9625
-1,1.55313,0.729371,0.984375
-1,1.37813,0.738727,0.984375
-1,1.3125,0.747782,0.984375
-1,1.44375,0.75771,0.940625
-1,1.4,0.767066,1.00625
-1,1.4,0.837177,0.984375
-1,1.4,0.840417,1.00625
-1,1.4,0.808197,1.00625
-1,1.42188,0.879471,1.00625
-1,1.4,0.875443,1.05
-1,1.44375,0.904569,1.07187
-1,1.26875,0.917114,1.11563
-1,1.44375,0.93868,1.225
-1,1.35625,0.947445,1.225
-1,1.4,0.975117,1.15938
-1,1.26875,0.991732,1.225
-1,1.4,1,1.26875
-1,1.4,1,1.26875
-1,1.4,1,1.26875
-1,1.44375,1,1.33438
-1,1.4,1,1.24687
-1,1.37813,1,1.20312
-1,1.4,1,1.33438
-1,1.4,1,1.33438
-1,1.4,1,1.35625
-1,1.42188,1,1.33438
-1,1.4,1,1.26875
-1,1.35625,1,1.26875
-1,1.37813,1,1.29062
-1,1.44375,1,1.29062
-1,1.44375,1,1.26875
-1,1.4,1,1.37813
-1,1.35625,1,1.29062
-1,1.4,1,1.26875
-1,1.35625,1,1.26875
-1,1.35625,1,1.4
-1,1.33438,1,1.3125
-1,1.4,1,1.20312
-1,1.4,1,1.26875
-1,1.4,1,1.26875
-1,1.42188,1,1.26875
-1,1.37813,1,1.26875
-1,1.4,1,1.4
-1,1.37813,1,1.33438
-1,1.4,1,1.35625
-1,1.37813,1,1.55313
-1,1.37813,1,1.44375
-1,1.42188,1,1.4875
-1,1.37813,1,1.46562
-1,1.225,1,1.46562
-1,1.37813,0.925393,1.4
-1,1.4,0.909745,1.46562
-1,1.42188,0.881595,1.35625
-1,1.4,0.857797,1.3125
-1,1.4,0.840986,1.4
-1,1.4,0.823303,1.24687
-1,1.4,0.823936,1.1375
-1,1.4,0.829512,1.15938
-1,1.4,0.827529,1.20312
-1,1.4,0.83921,1.05
-1,1.4,0.852627,1.02812
-1,1.4,0.876229,1.02812
-1,1.4,0.918438,1.00625
-1,1.4,0.917036,1.05
-1,1.4,0.928717,1.07187
-1,1.4,0.954064,0.984375
-1,1.4,0.970979,1.05
-1,1.4,0.986149,1.11563
-1,1.4,1,1.11563
-1,1.42188,1,1.18125
-1,1.4875,1,1.29062
-1,1.4,0.949432,1.35625
-1,1.37813,0.903256,1.35625
-1,1.26875,0.889643,1.37813
-1,1.37813,0.807125,1.33438
-1,1.4,0.739143,1.33438
-1,1.4,0.66273,1.3125
-1,1.37813,0.558697,1.26875
-1,1.4,0.463967,1.20312
-1,1.4875,0.398893,1.15938
-1,1.4,0.318991,1.02812
-1,1.4,0.245786,0.91875
-1,1.37813,0.186527,0.853125
-1,1.35625,0.141514,0.74375
-1,1.44375,0.0825452,0.678125
-1,1.4,0.0485804,0.546875
-1,1.4,0.02421,0.525
-1,1.37813,-0.00801037,0.39375
-1,1.37813,0.0336267,0.415625
-1,1.4,-0.0180733,0.35
-1,1.4,0.0473952,0.2625
-1,1.4,0.00151,0.240625
-1,1.44375,0.0661063,0.240625
-1,1.3125,0.0670396,0.196875
-1,1.4,0.0851174,0.175
-1,1.44375,0.108138,0.2625
-1,1.4,0.117493,0.196875
-1,1.3125,0.118427,0.196875
-1,1.35625,0.127782,0.175
-1,1.4,0.113879,0.2625
-1,1.4,0.154343,0.196875
-1,1.4,0.155277,0.21875
-1,1.50937,0.15969,0.21875
-1,1.4,0.120491,0.284375
-1,1.37813,0.138869,0.21875
-1,1.4,0.195616,0.175
-1,1.4,0.167175,0.196875
-1,1.37813,0.160258,0.284375
-1,1.4,0.165543,0.196875
-1,1.4,0.181886,0.21875
-1,1.37813,0.187171,0.21875
-1,1.4,0.198271,0.284375
-1,1.4,0.209671,0.21875
-1,1.4,0.220771,0.21875
-1,1.35625,0.232171,0.2625
-1,1.4,0.243271,0.21875
-1,1.42188,0.254671,0.21875
-1,1.46562,0.265771,0.21875
-1,1.33438,0.276871,0.328125
-1,1.4875,0.288271,0.35
-1,1.50937,0.299371,0.109375
-1,1.4,0.310771,0.546875
-1,1.42188,0.321871,0.328125
-1,1.4,0.333271,0.39375
-1,1.44375,0.345543,0.459375
-1,1.4,0.356643,0.4375
-1,1.4,0.368043,0.415625
-1,1.4,0.31896,0.415625
-1,1.4,0.390543,0.546875
-1,1.44375,0.401643,0.4375
-1,1.4,0.390656,0.39375
-1,1.4,0.425316,0.48125
-1,1.4,0.436416,0.503125
-1,1.4,0.447816,0.546875
-1,1.37813,0.458343,0.590625
-1,1.4,0.469443,0.48125
-1,1.4,0.479971,0.546875
-1,1.59688,0.490499,0.590625
-1,1.46562,0.501027,0.65625
-1,1.35625,0.512127,0.65625
-1,1.35625,0.52091,0.678125
-1,1.575,0.531438,0.65625
-1,1.4,0.541093,0.634375
-1,1.35625,0.556564,0.74375
-1,1.37813,0.560104,0.721875
-1,1.44375,0.56976,0.721875
-1,1.37813,0.61634,0.65625
-1,1.4,0.593141,0.875
-1,1.37813,0.601053,0.853125
-1,1.37813,0.648795,0.65625
-1,1.35625,0.677921,0.721875
-1,1.37813,0.699788,0.853125
-1,1.37813,0.728341,0.7875
-1,1.37813,0.776666,0.7875
-1,1.33438,0.788066,0.875
-1,1.33438,0.820108,0.984375
-1,1.64062,0.836741,0.91875
-1,1.575,0.871982,0.896875
-1,1.46562,0.892977,1.00625
-1,1.35625,0.931706,0.9625
-1,1.61875,0.946304,1.09375
-1,1.3125,0.968753,1.09375
-1,1.46562,0.996434,1.09375
-1,1.4,1,1.15938
-1,1.4875,1,1.3125
-1,1.44375,1,1.15938
-1,1.55313,1,1.1375
-1,1.42188,1,1.225
-1,1.37813,1,1.225
-1,1.59688,1,1.225
-1,1.3125,1,1.37813
-1,1.3125,0.990597,1.37813
-1,1.35625,0.949954,1.37813
-1,1.33438,0.884017,1.575
-1,1.37813,0.85704,1.4
-1,1.68437,0.836167,1.37813
-1,1.4,0.765288,1.35625
-1,1.4,0.709236,1.29062
-1,1.4,0.639238,1.26875
-1,1.4,0.597141,1.02812
-1,1.42188,0.521901,1.09375
-1,1.4875,0.48213,1.05
-1,1.4,0.419101,0.809375
-1,1.4,0.400564,0.896875
-1,1.46562,0.373877,0.7875
-1,1.35625,0.348934,0.56875
-1,1.4,0.308582,0.65625
-1,1.05,0.343251,0.634375
-1,1.3125,0.375584,0.634375
-1,1.37813,0.373029,0.65625
-1,1.42188,0.40886,0.546875
-1,1.37813,0.435669,0.546875
-1,1.44375,0.469456,0.525
-1,1.42188,0.503543,0.371875
-1,1.4875,0.513199,0.546875
-1,1.35625,0.536519,0.525
-1,1.37813,0.599971,0.56875
-1,1.44375,0.588693,0.590625
-1,1.37813,0.633819,0.590625
-1,1.37813,0.638541,0.6125
-1,1.37813,0.679016,0.634375
-1,1.37813,0.693914,0.65625
-1,1.42188,0.741656,0.7
-1,1.35625,0.753938,0.7
-1,1.35625,0.810112,0.678125
-1,1.37813,0.830825,0.765625
-1,1.46562,0.866938,0.809375
-1,1.42188,0.894047,0.91875
-1,1.35625,0.923182,0.809375
-1,1.37813,0.945058,0.853125
-1,1.37813,0.976238,0.91875
-1,1.37813,0.968158,1.11563
-1,1.37813,0.952529,1.20312
-1,1.37813,0.900847,1.3125
-1,1.37813,0.829677,1.33438
-1,1.33438,0.766075,1.37813
-1,1.37813,0.670201,1.37813
-1,1.42188,0.601075,1.26875
-1,1.37813,0.442973,1.225
-1,1.42188,0.379371,1.1375
-1,1.37813,0.254423,1.09375
-1,1.42188,0.159712,0.984375
-1,1.42188,0.0606396,0.896875
-1,1.37813,-0.0712956,0.74375
-1,1.37813,-0.0587233,0.590625
-1,1.42188,-0.135699,0.48125
-1,1.37813,-0.105101,0.35
-1,1.3125,-0.08904,0.30625
-1,1.4,-0.0581511,0.21875
-1,1.33438,-0.0217474,0.175
-1,1.33438,0.0294933,0.153125
-1,1.37813,0.0411933,0.13125
-1,1.4,0.0528933,0.0875
-1,1.42188,0.0628489,0.109375
-1,1.46562,0.0960637,0.0875
-1,1.35625,0.0836322,0.109375
-1,1.4,0.0953322,0.153125
-1,1.35625,0.111975,0.109375
-1,1.42188,0.116988,0.175
-1,1.42188,0.126943,0.13125
-1,1.42188,0.137771,0.109375
-1,1.37813,0.20384,0.13125
-1,1.37813,0.165241,0.175
-1,1.4,0.192641,0.175
-1,1.37813,0.240393,0.175
-1,1.4,0.235812,0.240625
-1,1.4,0.260304,0.240625
-1,1.37813,0.223741,0.284375
-1,1.42188,0.21916,0.2625
-1,1.42188,0.284356,0.2625
-1,1.4,0.300999,0.30625
-1,1.37813,0.296717,0.284375
-1,1.50937,0.261027,0.35
-1,1.42188,0.270982,0.328125
-1,1.37813,0.282682,0.371875
-1,1.42188,0.29351,0.35
-1,1.37813,0.335156,0.371875
-1,1.4,0.318082,0.371875
-1,1.4,0.329782,0.371875
-1,1.33438,0.342354,0.39375
-1,1.35625,0.354054,0.459375
-1,1.35625,0.365754,0.415625
-1,1.4,0.377754,0.415625
-1,1.35625,0.389454,0.328125
-1,1.42188,0.401154,0.48125
-1,1.37813,0.413154,0.48125
-1,1.35625,0.424854,0.525
-1,1.37813,0.436554,0.546875
-1,1.33438,0.448254,0.546875
-1,1.37813,0.460254,0.546875
-1,1.4,0.471954,0.590625
-1,1.33438,0.483954,0.590625
-1,1.33438,0.495654,0.590625
-1,1.33438,0.507354,0.6125
-1,1.37813,0.518482,0.6125
-1,1.35625,0.530182,0.65625
-1,1.35625,0.54101,0.7
-1,1.42188,0.607379,0.7
-1,1.37813,0.562966,0.721875
-1,1.35625,0.573221,0.7
-1,1.37813,0.622145,0.721875
-1,1.4,0.653916,0.765625
-1,1.37813,0.672893,0.765625
-1,1.42188,0.634886,0.83125
-1,1.37813,0.674506,0.809375
-1,1.37813,0.705404,0.7875
-1,1.37813,0.752003,0.875
-1,1.4,0.757897,0.896875
-1,1.37813,0.777756,0.91875
-1,1.42188,0.802549,0.940625
-1,1.33438,0.831121,0.940625
-1,1.37813,0.846319,1.00625
-1,1.37813,0.865297,1.07187
-1,1.4,0.879623,1.07187
-1,1.26875,0.93408,1.00625
-1,1.35625,0.931253,1.15938
-1,1.37813,0.945869,1.26875
-1,1.37813,0.950891,1.15938
-1,1.42188,0.969879,1.11563
-1,1.42188,0.973156,1.18125
-1,1.44375,0.974399,1.18125
-1,1.35625,0.966338,1.18125
-1,1.37813,0.955379,1.33438
-1,1.35625,0.985114,1.24687
-1,1.37813,0.954666,1.24687
-1,1.42188,0.98848,1.15938
-1,1.37813,0.987397,1.35625
-1,1.37813,0.983406,1.225
-1,1.37813,0.990473,1.37813
-1,1.37813,0.986773,1.26875
-1,1.37813,1,1.225
-1,1.33438,0.984616,1.37813
-1,1.35625,0.995453,1.26875
-1,1.4,0.976353,1.3125
-1,1.4,0.941543,1.3125
-1,1.33438,0.916629,1.42188
-1,1.37813,0.905951,1.37813
-1,1.44375,0.888595,1.33438
-1,1.44375,0.848553,1.33438
-1,1.44375,0.802704,1.3125
-1,1.4,0.767895,1.29062
-1,1.4,0.74269,1.11563
-1,1.4,0.713414,1.225
-1,1.575,0.66116,1.225
-1,1.55313,0.629267,1.09375
-1,1.37813,0.627312,1.02812
-1,1.44375,0.604141,0.940625
-1,1.575,0.575738,1.09375
-1,1.37813,0.561862,0.896875
-1,1.26875,0.548867,0.83125
-1,1.46562,0.559995,0.83125
-1,1.4,0.563573,0.91875
-1,1.4,0.559301,0.853125
-1,1.4,0.570729,0.875
-1,1.42188,0.596393,0.7875
-1,1.4,0.619741,0.765625
-1,1.50937,0.645125,0.721875
-1,1.4875,0.668173,0.83125
-1,1.50937,0.720014,0.74375
-1,1.4,0.737256,0.853125
-1,1.4,0.771943,0.7875
-1,1.4,0.801397,0.7875
-1,1.37813,0.845088,0.83125
-1,1.4,0.888206,0.83125
-1,1.3125,0.921149,0.83125
-1,1.4,0.94159,0.91875
-1,1.4,0.949529,0.9625
-1,1.33438,0.983053,1.02812
-1,1.4,1,1.07187
-1,1.4,1,1.11563
-1,1.37813,1,1.11563
-1,1.4,1,1.20312
-1,1.4,1,1.3125
-1,1.4,0.976308,1.35625
-1,1.37813,0.940927,1.44375
-1,1.4,0.888682,1.4875
-1,1.4,0.777699,1.4875
-1,1.4,0.724873,1.4
-1,1.37813,0.618251,1.33438
-1,1.37813,0.50029,1.3125
-1,1.37813,0.397456,1.18125
-1,1.37813,0.292869,1.15938
-1,1.4,0.213867,0.9625
-1,1.37813,0.115395,0.940625
-1,1.4,0.0471507,0.7875
-1,1.4,0.01176,0.6125
-1,1.37813,-0.0335067,0.459375
-1,1.4,-0.0180178,0.371875
-1,1.4,0.00358593,0.328125
-1,1.4,0.0243081,0.240625
-1,1.4,0.0839989,0.175
-1,1.4,0.0959989,0.30625
-1,1.4,0.160923,0.175
-1,1.37813,0.172051,0.240625
-1,1.4,0.127366,0.196875
-1,1.4,0.138493,0.065625
-1,1.4,0.192951,0.196875
-1,1.4,0.211929,0.21875
-1,1.4,0.214634,0.284375
-1,1.4,0.23274,0.21875
-1,1.4,0.217129,0.240625
-1,1.4,0.259666,0.39375
-1,1.4,0.237067,0.2625
-1,1.42188,0.247623,0.2625
-1,1.4,0.30586,0.284375
-1,1.4,0.306521,0.30625
-1,1.4,0.269686,0.2625
-1,1.4,0.303501,0.35
-1,1.37813,0.326549,0.39375
-1,1.55313,0.353677,0.415625
-1,1.4,0.364232,0.35
-1,1.4875,0.32419,0.4375
-1,1.4,0.320208,0.415625
-1,1.37813,0.340358,0.48125
-1,1.4,0.335214,0.503125
-1,1.4,0.339654,0.459375
-1,1.35625,0.41301,0.284375
-1,1.37813,0.364254,0.503125
-1,1.42188,0.375682,0.503125
-1,1.37813,0.388854,0.503125
-1,1.42188,0.401727,0.525
-1,1.4,0.414027,0.546875
-1,1.37813,0.427199,0.546875
-1,1.37813,0.441243,0.459375
-1,1.37813,0.453543,0.546875
-1,1.33438,0.466716,0.65625
-1,1.33438,0.479016,0.678125
-1,1.33438,0.491316,0.6125
-1,1.33438,0.503616,0.65625
-1,1.4,0.515916,0.65625
-1,1.37813,0.527916,0.721875
-1,1.37813,0.539343,0.7
-1,1.4,0.551643,0.765625
-1,1.4,0.563071,0.7
-1,1.4,0.573627,0.74375
-1,1.42188,0.607441,0.765625
-1,1.4,0.59998,0.74375
-1,1.37813,0.608791,0.875
-1,1.33438,0.682438,0.765625
-1,1.46562,0.666245,0.809375
-1,1.37813,0.704421,0.7875
-1,1.37813,0.725153,0.853125
-1,1.37813,0.777284,0.83125
-1,1.37813,0.814588,0.875
-1,1.4,0.837936,1.00625
-1,1.42188,0.860412,0.91875
-1,1.42188,0.936975,1.02812
-1,1.44375,0.969045,1.00625
-1,1.37813,0.998208,1.02812
-1,1.37813,1,0.721875
-1,1.35625,1,1.1375
-1,1.35625,1,1.29062
-1,1.35625,1,1.225
-1,1.37813,1,1.29062
-1,1.33438,1,1.42188
-1,1.4,1,1.18125
-1,1.4,1,1.35625
-1,1.575,1,1.35625
-1,1.37813,1,1.33438
-1,1.37813,1,1.35625
-1,1.35625,0.964788,1.4875
-1,1.26875,0.959071,1.42188
-1,1.37813,0.88474,1.46562
-1,1.37813,0.827271,1.50937
-1,1.33438,0.781723,1.53125
-1,1.33438,0.693154,1.37813
-1,1.33438,0.650514,1.24687
-1,1.33438,0.575601,1.24687
-1,1.37813,0.521621,1.09375
-1,1.35625,0.490329,1.05
-1,1.33438,0.42501,1.1375
-1,1.42188,0.358819,0.853125
-1,1.33438,0.362988,0.74375
-1,1.35625,0.373271,0.56875
-1,1.37813,0.382382,0.765625
-1,1.29062,0.391493,0.525
-1,1.37813,0.400032,0.678125
-1,1.37813,0.453917,0.56875
-1,1.29062,0.483671,0.590625
-1,1.35625,0.475929,0.590625
-1,1.35625,0.496088,0.6125
-1,1.4,0.540969,0.56875
-1,1.42188,0.560256,0.546875
-1,1.37813,0.610943,0.546875
-1,1.42188,0.622099,0.6125
-1,1.37813,0.644875,0.590625
-1,1.42188,0.685395,0.678125
-1,1.35625,0.70381,0.65625
-1,1.37813,0.725141,0.7
-1,1.33438,0.751406,0.853125
-1,1.35625,0.795416,0.765625
-1,1.42188,0.819064,0.809375
-1,1.37813,0.847082,0.91875
-1,1.44375,0.891091,0.875
-1,1.44375,0.882467,0.91875
-1,1.4,0.938397,0.91875
-1,1.3125,0.974838,0.940625
-1,1.3125,1,1.00625
-1,1.37813,1,1.07187
-1,1.35625,1,1.1375
-1,1.37813,1,1.1375
-1,1.42188,1,1.20312
-1,1.37813,1,1.24687
-1,1.4,1,1.3125
-1,1.29062,0.998356,1.4
-1,1.37813,0.924616,1.4875
-1,1.37813,0.857262,1.46562
-1,1.37813,0.768693,1.44375
-1,1.3125,0.676636,1.4
-1,1.35625,0.598534,1.35625
-1,1.42188,0.486125,1.3125
-1,1.46562,0.367891,1.225
-1,1.4,0.266821,1.11563
-1,1.4,0.175927,1.00625
-1,1.46562,0.0582841,0.875
-1,1.35625,0.0150711,0.7
-1,1.29062,-0.00895296,0.590625
-1,1.35625,-0.0332678,0.4375
-1,1.3125,-0.0256011,0.371875
-1,1.33438,0.0521341,0.328125
-1,1.37813,0.02811,0.284375
-1,1.37813,0.0738637,0.21875
-1,1.3125,0.114093,0.21875
-1,1.35625,0.126121,0.175
-1,1.37813,0.190773,0.175
-1,1.53125,0.146988,0.35
-1,1.46562,0.159016,0.175
-1,1.46562,0.21669,0.21875
-1,1.35625,0.181627,0.21875
-1,1.33438,0.220984,0.175
-1,1.4,0.271971,0.2625
-1,1.35625,0.282254,0.2625
-1,1.35625,0.259984,0.21875
-1,1.33438,0.309227,0.30625
-1,1.3125,0.326488,0.284375
-1,1.33438,0.341141,0.30625
-1,1.44375,0.36538,0.284375
-1,1.4,0.372475,0.39375
-1,1.3125,0.392934,0.371875
-1,1.33438,0.394214,0.371875
-1,1.33438,0.431245,0.503125
-1,1.35625,0.43804,0.56875
-1,1.42188,0.432051,0.35
-1,1.35625,0.477804,0.525
-1,1.37813,0.487225,0.48125
-1,1.33438,0.501297,0.525
-1,1.37813,0.525245,0.546875
-1,1.42188,0.545423,0.590625
-1,1.35625,0.546112,0.21875
-1,1.37813,0.571232,0.546875
-1,1.33438,0.589366,0.7
-1,1.4,0.602275,0.546875
-1,1.46562,0.619836,0.678125
-1,1.46562,0.614419,0.721875
-1,1.4,0.618606,0.7875
-1,1.4,0.641401,0.721875
-1,1.37813,0.629879,0.875
-1,1.44375,0.636101,0.7875
-1,1.35625,0.635054,0.809375
-1,1.4,0.649999,0.765625
-1,1.42188,0.659119,0.853125
-1,1.35625,0.64906,1.05
-1,1.4,0.65063,0.940625
-1,1.35625,0.658597,0.809375
-1,1.29062,0.626432,0.875
-1,1.4,0.612593,0.9625
-1,1.37813,0.575495,0.896875
-1,1.35625,0.531419,0.875
-1,1.37813,0.521069,0.9625
-1,1.35625,0.476412,0.853125
-1,1.35625,0.456758,0.7875
-1,1.35625,0.434197,0.765625
-1,1.4,0.407566,0.74375
-1,1.29062,0.374819,0.721875
-1,1.37813,0.354003,0.65625
-1,1.37813,0.361969,0.65625
-1,1.4,0.356271,0.56875
-1,1.4,0.332256,0.678125
-1,1.35625,0.318708,0.525
-1,1.4,0.390638,0.503125
-1,1.4,0.382332,0.634375
-1,1.44375,0.407743,0.21875
-1,1.37813,0.428503,0.459375
-1,1.4,0.443447,0.590625
-1,1.37813,0.458391,0.48125
-1,1.42188,0.469556,0.525
-1,1.4,0.492351,0.678125
-1,1.37813,0.520088,0.525
-1,1.37813,0.524866,0.6125
-1,1.33438,0.546216,0.721875
-1,1.4,0.540527,0.590625
-1,1.4,0.565647,0.65625
-1,1.42188,0.57653,0.590625
-1,1.44375,0.577819,0.415625
-1,1.18125,0.610217,0.83125
-1,1.35625,0.602784,0.765625
-1,1.4,0.62239,0.765625
-1,1.37813,0.614084,0.896875
-1,1.4,0.615373,0.765625
-1,1.20312,0.599217,0.91875
-1,1.37813,0.599634,1.15938
-1,1.4,0.609645,1.00625
-1,1.4,0.611806,0.9625
-1,1.4,0.605245,0.853125
-1,1.37813,0.570782,0.9625
-1,1.4,0.588353,0.940625
-1,1.4,0.560277,0.809375
-1,1.37813,0.565054,0.809375
-1,1.4,0.56111,0.940625
-1,1.4,0.575482,0.9625
-1,1.37813,0.556429,0.896875
-1,1.33438,0.569929,0.875
-1,1.3125,0.565984,0.875
-1,1.46562,0.562912,0.809375
-1,1.4,0.578456,0.7875
-1,1.37813,0.584106,0.875
-1,1.37813,0.574056,0.83125
-1,1.4,0.605873,0.74375
-1,1.37813,0.603101,0.7875
-1,1.37813,0.621543,0.7875
-1,1.3125,0.644066,0.74375
-1,1.3125,0.656693,0.7875
-1,1.44375,0.672519,0.7875
-1,1.42188,0.69068,0.809375
-1,1.29062,0.696912,0.853125
-1,1.37813,0.730482,0.809375
-1,1.33438,0.77073,0.809375
-1,1.46562,0.777553,0.875
-1,1.37813,0.806462,0.875
-1,1.3125,0.81561,0.9625
-1,1.37813,0.878245,0.984375
-1,1.37813,0.86239,1.07187
-1,1.4,0.906999,1.05
-1,1.3125,0.89376,1.11563
-1,1.37813,0.918317,1.11563
-1,1.4,0.961182,1.15938
-1,1.4,0.908112,1.225
-1,1.37813,0.913471,1.225
-1,1.35625,0.875229,1.26875
-1,1.4,0.84629,1.26875
-1,1.37813,0.837412,1.225
-1,1.37813,0.748862,1.35625
-1,1.4,0.719341,1.33438
-1,1.4,0.656677,1.24687
-1,1.3125,0.608258,1.225
-1,1.37813,0.553434,1.18125
-1,1.35625,0.508214,1.1375
-1,1.37813,0.434791,1.225
-1,1.37813,0.393932,0.984375
-1,1.37813,0.382729,0.7875
-1,1.3125,0.349138,0.7875
-1,1.33438,0.361766,0.678125
-1,1.37813,0.373821,0.634375
-1,1.4,0.386749,0.503125
-1,1.33438,0.399677,0.590625
-1,1.4,0.426269,0.590625
-1,1.44375,0.450545,0.590625
-1,1.35625,0.461156,0.590625
-1,1.33438,0.489784,0.546875
-1,1.4,0.508245,0.546875
-1,1.35625,0.554908,0.546875
-1,1.42188,0.540516,0.6125
-1,1.37813,0.597936,0.6125
-1,1.35625,0.618723,0.634375
-1,1.33438,0.656654,0.678125
-1,1.37813,0.66116,0.74375
-1,1.35625,0.703753,0.7
-1,1.33438,0.704769,0.74375
-1,1.4,0.75056,0.809375
-1,1.33438,0.780941,0.83125
-1,1.33438,0.812195,0.91875
-1,1.37813,0.816701,0.91875
-1,1.35625,0.836616,1.00625
-1,1.33438,0.861764,1.00625
-1,1.37813,0.904356,1.18125
-1,1.37813,0.908871,1.07187
-1,1.37813,0.944486,1.07187
-1,1.33438,0.955679,1.05
-1,1.3125,0.93489,1.15938
-1,1.33438,0.952188,1.15938
-1,1.37813,0.947971,1.18125
-1,1.37813,0.95016,1.225
-1,1.33438,0.955247,1.24687
-1,1.37813,0.960334,1.26875
-1,1.33438,0.950012,1.18125
-1,1.3125,0.956271,1.37813
-1,1.33438,0.915421,1.20312
-1,1.33438,0.894051,1.26875
-1,1.37813,0.880249,1.24687
-1,1.33438,0.81643,1.33438
-1,1.33438,0.788954,1.26875
-1,1.33438,0.77806,1.3125
-1,1.3125,0.710462,1.42188
-1,1.37813,0.647816,1.26875
-1,1.3125,0.55376,1.24687
-1,1.24687,0.503034,1.18125
-1,1.3125,0.438343,1.05
-1,1.24687,0.363777,1.09375
-1,1.29062,0.289491,0.875
-1,1.37813,0.275399,0.809375
-1,1.35625,0.217104,0.765625
-1,1.4,0.22976,0.328125
-1,1.575,0.242116,0.65625
-1,1.4,0.254771,0.6125
-1,1.15938,0.267427,0.415625
-1,1.4,0.279782,0.459375
-1,1.44375,0.345062,0.415625
-1,1.37813,0.37051,0.56875
-1,1.4,0.350312,0.415625
-1,1.37813,0.360051,0.39375
-1,1.4,0.401199,0.4375
-1,1.4,0.419088,0.56875
-1,1.37813,0.451514,0.39375
-1,1.4,0.46823,0.4375
-1,1.4,0.491062,0.65625
-1,1.37813,0.529593,0.525
-1,1.4,0.543993,0.4375
-1,1.37813,0.572658,0.56875
-1,1.37813,0.594336,0.590625
-1,1.35625,0.620956,0.7
-1,1.33438,0.642062,0.65625
-1,1.4,0.650366,0.65625
-1,1.35625,0.660132,0.7
-1,1.4,0.716117,0.721875
-1,1.4,0.72414,0.7875
-1,1.37813,0.761227,0.765625
-1,1.4,0.758782,0.83125
-1,1.37813,0.794997,0.896875
-1,1.37813,0.82279,0.853125
-1,1.35625,0.838071,0.83125
-1,1.37813,0.829521,0.91875
-1,1.35625,0.897727,0.9625
-1,1.4,0.863001,1.00625
-1,1.4,0.883816,1.05
-1,1.37813,0.901141,1.09375
-1,1.4,0.901895,1.18125
-1,1.35625,0.915432,1.15938
-1,1.37813,0.90601,1.1375
-1,1.37813,0.910253,1.20312
-1,1.37813,0.880188,1.26875
-1,1.35625,0.833551,1.33438
-1,1.4,0.786914,1.42188
-1,1.37813,0.712356,1.26875
-1,1.35625,0.69334,1.29062
-1,1.37813,0.615884,1.29062
-1,1.37813,0.53901,1.20312
-1,1.35625,0.488012,1.1375
-1,1.35625,0.426838,1.05
-1,1.35625,0.362466,1.00625
-1,1.35625,0.298675,0.940625
-1,1.35625,0.246523,0.83125
-1,1.35625,0.21326,0.74375
-1,1.37813,0.225643,0.6125
-1,1.35625,0.193253,0.56875
-1,1.26875,0.240234,0.503125
-1,1.37813,0.268027,0.48125
-1,1.35625,0.281282,0.328125
-1,1.35625,0.293966,0.48125
-1,1.35625,0.305477,0.4375
-1,1.44375,0.331525,0.4375
-1,1.4,0.374445,0.48125
-1,1.37813,0.395551,0.503125
-1,1.42188,0.37508,0.48125
-1,1.42188,0.42556,0.48125
-1,1.4,0.453643,0.4375
-1,1.42188,0.465154,0.48125
-1,1.46562,0.49848,0.503125
-1,1.44375,0.516969,0.503125
-1,1.35625,0.534886,0.546875
-1,1.35625,0.558317,0.546875
-1,1.42188,0.575362,0.6125
-1,1.37813,0.614493,0.56875
-1,1.37813,0.613221,0.6125
-1,1.35625,0.628821,0.634375
-1,1.44375,0.664191,0.809375
-1,1.37813,0.690267,0.74375
-1,1.37813,0.684934,0.765625
-1,1.37813,0.729899,0.7875
-1,1.4,0.755675,0.853125
-1,1.37813,0.752677,0.91875
-1,1.42188,0.78543,0.940625
-1,1.42188,0.81644,0.940625
-1,1.4,0.817512,1.00625
-1,1.37813,0.863058,1.09375
-1,1.37813,0.876041,1.07187
-1,1.37813,0.884673,1.07187
-1,1.37813,0.912193,1.1375
-1,1.35625,0.908032,1.11563
-1,1.35625,0.916654,1.18125
-1,1.4,0.914819,1.15938
-1,1.35625,0.89146,1.1375
-1,1.35625,0.930329,1.29062
-1,1.35625,0.920062,1.20312
-1,1.35625,0.912112,1.225
-1,1.35625,0.902717,1.26875
-1,1.37813,0.950599,1.11563
-1,1.24687,0.907179,1.26875
-1,1.35625,0.869001,1.20312
-1,1.50937,0.860479,0.984375
-1,1.37813,0.84934,1.225
-1,1.35625,0.805347,1.05
-1,1.37813,0.762799,1.24687
-1,1.33438,0.706886,1.3125
-1,1.33438,0.659404,1.42188
-1,1.33438,0.638962,1.24687
-1,1.35625,0.597586,1.09375
-1,1.35625,0.555338,1.1375
-1,1.33438,0.524429,1.02812
-1,1.35625,0.504858,0.940625
-1,1.33438,0.459993,0.91875
-1,1.35625,0.465427,0.940625
-1,1.35625,0.440923,0.83125
-1,1.37813,0.454206,0.721875
-1,1.35625,0.429403,0.7
-1,1.4,0.446175,0.6125
-1,1.4,0.442886,0.65625
-1,1.42188,0.458214,0.590625
-1,1.4,0.487779,0.6125
-1,1.4,0.486234,0.6125
-1,1.4,0.532671,0.9625
-1,1.42188,0.538104,0.65625
-1,1.4,0.560982,0.74375
-1,1.46562,0.566716,0.721875
-1,1.42188,0.603258,0.7
-1,1.37813,0.608119,0.74375
-1,1.4,0.65571,0.83125
-1,1.42188,0.666677,0.74375
-1,1.4,0.683458,0.765625
-1,1.37813,0.71564,0.83125
-1,1.4,0.747249,0.765625
-1,1.37813,0.770427,0.853125
-1,1.37813,0.788653,0.721875
-1,1.42188,0.824623,0.83125
-1,1.37813,0.833554,0.83125
-1,1.3125,0.881445,0.896875
-1,1.37813,0.931071,0.896875
-1,1.4,0.933897,0.984375
-1,1.37813,0.96696,1.00625
-1,1.37813,0.991591,1.07187
-1,1.33438,1,1.11563
-1,1.37813,1,1.15938
-1,1.35625,1,1.24687
-1,1.33438,1,1.24687
-1,1.33438,1,1.29062
-1,1.33438,0.986451,1.4
-1,1.37813,0.932291,1.44375
-1,1.26875,0.885982,1.46562
-1,1.33438,0.819612,1.44375
-1,1.37813,0.747427,1.42188
-1,1.37813,0.67118,1.3125
-1,1.35625,0.574864,1.225
-1,1.37813,0.504423,1.24687
-1,1.37813,0.429621,1.11563
-1,1.37813,0.37518,1.05
-1,1.44375,0.306484,1.00625
-1,1.37813,0.249999,0.765625
-1,1.37813,0.21213,0.721875
-1,1.26875,0.182393,0.721875
-1,1.37813,0.171273,0.546875
-1,1.37813,0.13921,0.56875
-1,1.37813,0.152221,0.4375
-1,1.37813,0.164932,0.48125
-1,1.37813,0.217484,0.39375
-1,1.37813,0.221773,0.35
-1,1.37813,0.243806,0.39375
-1,1.37813,0.289671,0.39375
-1,1.4,0.319554,0.35
-1,1.37813,0.336936,0.35
-1,1.4,0.357225,0.30625
-1,1.37813,0.384491,0.39375
-1,1.37813,0.425423,0.415625
-1,1.42188,0.480019,0.459375
-1,1.4,0.495075,0.459375
-1,1.44375,0.524667,0.48125
-1,1.37813,0.537979,0.4375
-1,1.42188,0.588214,0.503125
-1,1.4,0.631762,0.48125
-1,1.35625,0.672693,0.56875
-1,1.42188,0.695308,0.546875
-1,1.35625,0.755138,0.678125
-1,1.4,0.747816,0.65625
-1,1.35625,0.795434,0.7
-1,1.4,0.867184,0.65625
-1,1.37813,0.895904,0.7875
-1,1.37813,0.911841,0.809375
-1,1.33438,0.964693,0.765625
-1,1.37813,0.978014,0.91875
-1,1.33438,0.998012,1.05
-1,1.33438,0.97906,1.15938
-1,1.4,0.988591,1.225
-1,1.33438,0.936204,1.37813
-1,1.35625,0.907067,1.35625
-1,1.35625,0.856425,1.4
-1,1.35625,0.820019,1.44375
-1,1.35625,0.669943,1.42188
-1,1.35625,0.604764,1.35625
-1,1.35625,0.510791,1.33438
-1,1.4,0.435145,1.18125
-1,1.35625,0.357173,1.20312
-1,1.35625,0.27891,0.9625
-1,1.35625,0.230875,0.875
-1,1.37813,0.177906,0.765625
-1,1.26875,0.135104,0.7
-1,1.37813,0.07196,0.56875
-1,1.37813,0.0878878,0.48125
-1,1.37813,0.104116,0.546875
-1,1.37813,0.066847,0.39375
-1,1.37813,0.138016,0.459375
-1,1.4,0.154243,0.371875
-1,1.4,0.168727,0.284375
-1,1.37813,0.189597,0.39375
-1,1.37813,0.258449,0.284375
-1,1.4,0.281654,0.415625
-1,1.37813,0.279856,0.30625
-1,1.42188,0.315854,0.35
-1,1.33438,0.35098,0.30625
-1,1.37813,0.379419,0.35
-1,1.37813,0.420651,0.328125
-1,1.37813,0.429901,0.35
-1,1.37813,0.461538,0.39375
-1,1.33438,0.51469,0.39375
-1,1.37813,0.545745,0.39375
-1,1.37813,0.582616,0.4375
-1,1.37813,0.630534,0.48125
-1,1.37813,0.652877,0.503125
-1,1.4,0.676954,0.56875
-1,1.37813,0.729234,0.590625
-1,1.35625,0.736449,0.678125
-1,1.4,0.851538,0.721875
-1,1.37813,0.854391,0.809375
-1,1.35625,0.863351,0.875
-1,1.37813,0.89736,0.896875
-1,1.4,0.936612,0.984375
-1,1.37813,0.920051,1.07187
-1,1.37813,0.913956,1.11563
-1,1.42188,0.882567,1.225
-1,1.35625,0.834897,1.35625
-1,1.35625,0.801182,1.29062
-1,1.35625,0.736358,1.24687
-1,1.37813,0.671534,1.24687
-1,1.3125,0.641017,1.225
-1,1.4,0.553234,1.225
-1,1.35625,0.450323,1.1375
-1,1.37813,0.402071,1.05
-1,1.33438,0.347714,0.984375
-1,1.4,0.282608,0.940625
-1,1.35625,0.241043,0.83125
-1,1.35625,0.253856,0.721875
-1,1.37813,0.216071,0.634375
-1,1.37813,0.207369,0.525
