7.100000000000000000e+01 1.150000000000000000e+02
7.100000000000000000e+01 1.130000000000000000e+02
7.000000000000000000e+01 1.120000000000000000e+02
6.900000000000000000e+01 1.100000000000000000e+02
6.800000000000000000e+01 1.090000000000000000e+02
6.500000000000000000e+01 1.060000000000000000e+02
6.400000000000000000e+01 1.060000000000000000e+02
6.200000000000000000e+01 1.050000000000000000e+02
6.100000000000000000e+01 1.040000000000000000e+02
5.700000000000000000e+01 1.010000000000000000e+02
5.600000000000000000e+01 1.010000000000000000e+02
5.400000000000000000e+01 1.000000000000000000e+02
5.300000000000000000e+01 9.900000000000000000e+01
5.200000000000000000e+01 9.800000000000000000e+01
