2.600000000000000000e+01 1.040000000000000000e+02
2.700000000000000000e+01 1.030000000000000000e+02
2.800000000000000000e+01 1.030000000000000000e+02
3.100000000000000000e+01 1.010000000000000000e+02
3.200000000000000000e+01 1.010000000000000000e+02
3.300000000000000000e+01 1.000000000000000000e+02
3.300000000000000000e+01 9.900000000000000000e+01
3.400000000000000000e+01 9.600000000000000000e+01
3.500000000000000000e+01 9.500000000000000000e+01
3.600000000000000000e+01 9.100000000000000000e+01
3.600000000000000000e+01 9.000000000000000000e+01
3.700000000000000000e+01 8.600000000000000000e+01
3.700000000000000000e+01 8.500000000000000000e+01
3.700000000000000000e+01 8.000000000000000000e+01
3.600000000000000000e+01 7.900000000000000000e+01
3.600000000000000000e+01 7.500000000000000000e+01
3.600000000000000000e+01 7.400000000000000000e+01
3.600000000000000000e+01 7.000000000000000000e+01
3.500000000000000000e+01 6.900000000000000000e+01
3.600000000000000000e+01 6.500000000000000000e+01
3.600000000000000000e+01 6.400000000000000000e+01
3.600000000000000000e+01 5.900000000000000000e+01
3.600000000000000000e+01 5.800000000000000000e+01
3.600000000000000000e+01 5.400000000000000000e+01
3.600000000000000000e+01 5.300000000000000000e+01
3.600000000000000000e+01 4.900000000000000000e+01
3.600000000000000000e+01 4.800000000000000000e+01
3.600000000000000000e+01 4.400000000000000000e+01
3.500000000000000000e+01 4.300000000000000000e+01
3.400000000000000000e+01 3.800000000000000000e+01
3.400000000000000000e+01 3.700000000000000000e+01
3.400000000000000000e+01 3.500000000000000000e+01
3.400000000000000000e+01 3.400000000000000000e+01
3.200000000000000000e+01 3.100000000000000000e+01
3.100000000000000000e+01 3.000000000000000000e+01
3.000000000000000000e+01 2.900000000000000000e+01
2.900000000000000000e+01 2.700000000000000000e+01
2.700000000000000000e+01 2.600000000000000000e+01
