torque_1,torque_1_t,torque_2,torque_2_t
-2,-0.065625,0.395385,0.04375
-2,0.809375,0.393285,0.503125
-2,1.18125,0.390167,0.35
-1.47639,1.4875,0.379926,0.240625
-0.914703,1.59688,0.362562,0.371875
-0.614687,1.35625,0.390699,0.503125
-1.08906,1.33438,0.328852,0.48125
-1.77873,1.59688,0.323699,0.4375
-2,1.90312,0.375823,0.371875
-1.74711,2.03437,0.310341,0.39375
-0.866917,2.14375,0.293995,0.56875
-0.532594,1.59688,0.272561,0.4375
-0.847058,1.37813,0.258599,0.4375
-1.85654,1.53125,0.253447,0.590625
-2,2.03437,0.251347,0.48125
-2,2.05625,0.246194,0.240625
-1.02396,2.12188,0.230865,0.328125
-0.488732,1.61875,0.156225,0.371875
-0.435846,1.26875,0.194102,0.2625
-1.32294,1.26875,0.184211,0.48125
-2,1.61875,0.126871,0.525
-2,1.96875,0.14018,0.109375
-1.33436,2.0125,0.111477,0.30625
-0.400097,1.81563,0.143249,0.0875
-0.298817,1.4,0.0617763,0.0875
-0.818108,1.29062,0.109888,0.21875
-1.85535,1.53125,0.104736,0.0875
-2,2.0125,0.0803939,0.371875
-1.67967,2.25312,0.0509643,0.196875
-0.774481,1.94687,0.0743633,0.04375
-0.157412,1.59688,0.0488587,0.284375
-0.831378,1.1375,0.0325124,0.371875
-1.59156,1.53125,0.026342,0
-2,1.77188,-0.0289635,0.21875
-1.39084,1.99063,-0.00158574,0.065625
-0.298828,1.79375,-0.0139802,0.04375
-0.163198,1.1375,-0.0694635,-0.153125
-0.826102,1.05,-0.0460107,-0.196875
-2,1.29062,-0.0768672,-0.0875
-2,1.90312,-0.063445,-0.39375
-1.36691,1.88125,-0.119887,-0.39375
-0.435669,1.575,-0.117076,-0.021875
-0.0110565,1.20312,-0.148951,-0.04375
-0.688497,0.940625,-0.139017,0.021875
-1.65347,1.225,-0.158389,-0.4375
-2,1.68437,-0.176949,-0.04375
-1.45666,1.81563,-0.131631,-0.153125
-0.525423,1.61875,-0.174322,-0.175
0.2097,1.24687,-0.206341,-0.153125
-0.376594,0.83125,-0.216905,-0.328125
-1.45393,1.05,-0.261572,0.021875
-2,1.18125,-0.207446,-0.56875
-1.9033,1.79375,-0.261707,-0.4375
-0.417488,1.81563,-0.265729,-0.328125
0.406616,1.20312,-0.315193,-0.284375
-0.169211,0.7875,-0.32314,-0.021875
-1.45314,0.896875,-0.359957,-0.525
-2,1.26875,-0.332725,-0.13125
-1.97998,1.6625,-0.372303,-0.503125
-0.410862,1.85938,-0.388332,-0.525
0.494635,1.02812,-0.427679,-0.0875
0.351444,0.7,-0.422484,-0.328125
-0.927248,0.65625,-0.459651,-0.4375
-1.92567,1.02812,-0.463032,-0.525
-1.93687,1.4875,-0.480951,-0.35
-0.895879,1.53125,-0.499946,-0.175
0.31635,1.05,-0.516992,-0.175
0.468683,0.7,-0.550611,-0.503125
-0.322437,0.6125,-0.545329,-0.83125
-1.41869,0.765625,-0.585489,-0.74375
-1.89202,1.15938,-0.577096,-0.4375
-1.34166,1.50937,-0.613826,-0.590625
-0.248344,1.3125,-0.631454,-0.525
0.370483,0.940625,-0.65228,-0.65625
-0.0982056,0.678125,-0.697151,-0.525
-1.05839,0.765625,-0.689776,-0.6125
-1.85284,1.11563,-0.707258,-0.525
-1.62622,1.50937,-0.733463,-0.328125
-0.701974,1.44375,-0.770193,-0.284375
0.11383,1.09375,-0.801922,-0.678125
0.21601,0.765625,-0.845135,-0.56875
-0.623505,0.65625,-0.822614,-0.83125
-1.82368,0.940625,-0.88368,-0.6125
-1.83313,1.50937,-0.871189,-0.7
-1.11849,1.50937,-0.874544,-0.634375
0.13518,1.20312,-0.928428,-0.875
0.56155,0.721875,-0.945593,-1.00625
-0.19743,0.48125,-0.914204,-0.940625
-1.43991,0.74375,-0.944016,-0.984375
-1.80087,1.02812,-0.918964,-1.07187
-1.8077,1.37813,-0.876091,-0.7875
-0.326668,1.4,-0.820426,-1.02812
0.451208,0.74375,-0.811364,-0.875
0.792973,0.546875,-0.741743,-0.940625
-0.349203,0.371875,-0.662964,-1.20312
-1.60753,0.6125,-0.597267,-1.46562
-1.76104,1.15938,-0.48979,-1.1375
-1.76264,1.26875,-0.421768,-1.15938
0.165827,1.4875,-0.326707,-1.09375
1.00432,0.74375,-0.297003,-0.765625
0.428945,0.39375,-0.255584,-0.91875
-1.0832,0.39375,-0.180234,-0.91875
-1.68867,0.765625,-0.161201,-0.48125
-1.69812,1.09375,-0.137372,-0.240625
-0.423219,0.853125,-0.162473,-0.503125
0.535643,0.721875,-0.141987,-0.284375
0.723592,0.459375,-0.170926,-0.109375
-0.197912,0.30625,-0.247198,-0.284375
-1.07173,0.56875,-0.227439,-0.2625
-1.48037,0.7,-0.268239,-0.328125
-0.745961,1.225,-0.321311,-0.2625
0.0292981,0.503125,-0.359786,-0.371875
0.324385,0.0875,-0.41024,-0.459375
-0.011712,0.48125,-0.446739,-0.328125
-0.616018,-0.021875,-0.492192,-0.35
-0.846285,0.56875,-0.525202,-0.48125
-0.932491,0.35,-0.550885,-0.39375
-0.797166,0.74375,-0.586512,-0.48125
-0.554398,0.809375,-0.627603,-0.39375
-0.102879,0.65625,-0.639099,-0.30625
0.00106019,0.65625,-0.688913,-0.48125
-0.236344,0.4375,-0.740676,-0.56875
-0.745432,0.56875,-0.744262,-0.415625
-1.20161,0.83125,-0.745145,-0.284375
-1.36704,0.984375,-0.729833,-0.6125
-0.634386,0.984375,-0.749846,-0.940625
0.180559,0.6125,-0.733721,-0.74375
0.757533,0.634375,-0.742686,-0.809375
0.264145,0.240625,-0.720455,-0.74375
-0.74096,0.459375,-0.678104,-1.09375
-1.46273,0.65625,-0.585369,-0.940625
-1.47218,0.765625,-0.534296,-0.984375
-0.755369,0.896875,-0.44877,-0.721875
0.454694,0.590625,-0.377114,-1.05
0.843994,0.415625,-0.315488,-0.74375
0.539588,0.0875,-0.251681,-0.875
-0.532069,0.196875,-0.131821,-1.00625
-1.41374,0.459375,-0.0277469,-0.7875
-1.34658,0.7875,0.0748735,-0.74375
-0.16821,0.503125,0.149292,-0.546875
0.768265,0.39375,0.194868,-0.4375
0.956664,0.04375,0.162875,-0.328125
0.125449,0,0.198335,-0.39375
-0.836904,0.065625,0.189397,-0.153125
-1.07633,0.459375,0.182844,0.065625
-0.796493,0.6125,0.169168,0.284375
0.0210694,0.6125,0.144299,0.109375
0.52405,0.35,0.0618031,0.153125
0.292329,-0.196875,0.0914476,-0.13125
-0.253379,0.0875,0.0245661,0.21875
-0.983139,0.240625,0.0113263,-0.240625
-1.06266,0.546875,0.00180685,-0.0875
-0.786745,0.634375,-0.00372833,0.196875
-0.135632,0.634375,-0.0174043,0.328125
0.362115,0.678125,-0.0448904,0.175
0.139697,0.4375,-0.0585663,-0.196875
-0.542527,0.30625,-0.0641015,0.175
-1.26298,0.546875,-0.0666431,-0.153125
-1.27374,0.896875,-0.0561876,0.196875
-0.923836,1.09375,-0.0752422,0.0875
0.133006,1.02812,-0.0889181,0.196875
0.303088,0.6125,-0.110299,0.153125
-0.100316,0.459375,-0.100425,-0.175
-0.979371,0.590625,-0.118666,0.240625
-1.57554,0.853125,-0.110973,-0.35
-1.51492,1.15938,-0.116072,0
-0.891425,1.225,-0.102127,0.021875
-0.0394102,0.984375,-0.123508,-0.371875
0.128056,0.678125,-0.15739,0.13125
-0.349342,0.590625,-0.140684,-0.065625
-1.27332,0.74375,-0.140114,0.196875
-1.28669,1.1375,-0.143177,0.21875
-1.29614,1.33438,-0.140572,-0.175
-0.950161,1.24687,-0.13535,0.175
-0.379583,1.15938,-0.134198,0.240625
-0.259654,0.896875,-0.135081,-0.240625
-0.536149,0.853125,-0.139599,0.175
-1.15485,0.984375,-0.139028,-0.13125
-1.30967,1.29062,-0.121886,-0.459375
-1.31519,1.15938,-0.138905,0.13125
-0.720773,1.37813,-0.129903,-0.30625
-0.442694,1.09375,-0.146196,-0.39375
-0.39545,0.984375,-0.138357,-0.21875
-0.805395,0.83125,-0.128338,-0.109375
-1.13335,1.18125,-0.160766,-0.109375
-1.33178,1.33438,-0.135047,0.13125
-1.2197,1.53125,-0.132732,0.21875
-0.741581,1.44375,-0.139285,-0.021875
-0.580657,1.15938,-0.16241,0.175
-0.551017,1.07187,-0.162276,-0.04375
-0.786518,1.00625,-0.174498,0.04375
-1.04048,1.1375,-0.168258,-0.13125
-1.3539,1.26875,-0.194872,-0.153125
-0.922006,1.46562,-0.203169,0.021875
-0.852679,1.24687,-0.206319,-0.153125
-0.736674,1.20312,-0.220576,-0.065625
-0.739582,1.20312,-0.246318,-0.175
-0.931472,1.09375,-0.247783,0.109375
-1.02291,1.18125,-0.264657,-0.48125
-1.02758,1.24687,-0.279641,-0.35
-0.915048,1.33438,-0.285758,-0.04375
-0.829426,1.24687,-0.308797,-0.109375
-0.99355,1.24687,-0.322968,-0.0875
-1.08499,1.33438,-0.319345,-0.21875
-1.00198,1.26875,-0.356776,-0.30625
-0.725621,1.24687,-0.385484,-0.065625
-0.564697,1.09375,-0.40512,-0.109375
-0.682594,1.07187,-0.391089,-0.2625
-1.12423,1.11563,-0.402585,-0.109375
-1.40857,1.29062,-0.415302,-0.0875
-1.1379,1.46562,-0.404556,-0.371875
-0.700319,1.35625,-0.412767,-0.35
-0.255341,1.09375,-0.387252,-0.240625
-0.456534,0.91875,-0.365167,-0.2625
-0.851943,1.00625,-0.365528,-0.546875
-1.4138,1.18125,-0.330505,-0.459375
-1.42325,1.4,-0.311387,-0.503125
-0.990047,1.4,-0.295989,-0.30625
-0.182952,1.29062,-0.261025,-0.590625
-0.00894444,0.809375,-0.241411,-0.546875
-0.529953,0.634375,-0.209209,-0.30625
-1.41162,0.853125,-0.189014,-0.678125
-1.42107,1.26875,-0.182688,-0.04375
-0.987422,1.29062,-0.151153,-0.065625
-0.180327,1.07187,-0.143314,0.04375
0.180045,0.765625,-0.156323,-0.415625
-0.249816,0.634375,-0.150374,-0.39375
-0.935965,0.634375,-0.152189,-0.284375
-1.4106,0.721875,-0.140861,-0.371875
-1.18222,1.20312,-0.151398,0.109375
-0.462351,1.11563,-0.139779,-0.328125
0.0711574,0.853125,-0.127289,-0.04375
0.00733889,0.7,-0.158759,-0.0875
-0.631274,0.65625,-0.166329,-0.21875
-1.24866,0.853125,-0.175849,0.21875
-1.40218,1.1375,-0.176296,0.175
-0.93859,1.29062,-0.187646,0.196875
-0.409456,1.09375,-0.17536,0.175
0.00644722,0.875,-0.197758,0.04375
-0.353345,0.721875,-0.206346,0.21875
-0.791056,0.7875,-0.23549,0.21875
-1.1177,0.91875,-0.221401,-0.065625
-1.09285,1.1375,-0.223883,-0.021875
-0.683485,1.15938,-0.24634,-0.371875
-0.403648,1.00625,-0.254928,0.21875
-0.356404,0.896875,-0.248979,0.30625
-0.72143,0.74375,-0.244775,-0.328125
-1.04415,0.984375,-0.257347,-0.328125
-0.960289,1.07187,-0.265644,-0.328125
-0.606458,1.11563,-0.281937,-0.459375
-0.308159,1.02812,-0.283838,0.065625
-0.71418,0.809375,-0.29074,-0.35
-0.995908,0.9625,-0.29991,-0.2625
-1.20364,1.07187,-0.301375,-0.371875
-0.79559,1.15938,-0.305892,-0.240625
-0.395981,1.09375,-0.309161,0.021875
-0.347429,0.940625,-0.326471,-0.30625
-0.786448,0.896875,-0.33564,-0.13125
-1.08533,0.940625,-0.334052,-0.48125
-1.40006,1.09375,-0.344966,-0.153125
-0.730788,1.35625,-0.336314,-0.35
-0.28581,1.05,-0.361475,-0.175
-0.193646,0.91875,-0.369045,-0.240625
-0.792573,0.83125,-0.371527,-0.4375
-1.39849,1.00625,-0.366887,-0.459375
-1.40794,1.26875,-0.369951,-0.39375
-0.810906,1.33438,-0.365746,-0.459375
-0.252249,1.1375,-0.412335,-0.21875
-0.242524,0.91875,-0.389959,-0.4375
-1.04497,0.875,-0.41128,-0.371875
-1.40376,1.09375,-0.412309,-0.415625
-1.41321,1.33438,-0.423077,-0.4375
-0.654099,0.940625,-0.416488,-0.39375
-0.137744,1.1375,-0.460691,-0.503125
-0.289235,0.875,-0.456137,-0.39375
-1.12468,0.809375,-0.481442,-0.459375
-1.41078,1.225,-0.472381,-0.56875
-1.42068,1.4,-0.475154,-0.459375
-0.749655,1.42188,-0.505198,-0.503125
-0.217905,1.1375,-0.505645,-0.459375
-0.136803,0.940625,-0.50676,-0.6125
-0.895637,0.809375,-0.533664,-0.4375
-1.41433,1.18125,-0.532889,-0.765625
-1.42423,1.29062,-0.548019,-0.2625
-0.636908,1.4,-0.553495,-0.4375
-0.0179361,0.984375,-0.589208,-0.634375
0.0631657,0.7875,-0.591254,-0.39375
-0.781582,0.7,-0.590625,-0.371875
-1.41657,0.984375,-0.586129,-0.35
-1.42648,1.225,-0.567619,-0.7
-0.75283,1.26875,-0.578328,-0.2625
0.106585,1.02812,-0.570635,-0.371875
0.0726991,0.7,-0.58774,-0.4375
-0.449618,0.721875,-0.515793,-0.30625
-1.40312,0.809375,-0.52345,-0.896875
-1.41302,1.09375,-0.472813,-0.590625
-0.655216,1.225,-0.451309,-0.91875
0.112194,0.875,-0.410557,-0.48125
0.240831,0.39375,-0.376638,-0.546875
-0.27801,0.503125,-0.330276,-0.721875
-1.27381,0.634375,-0.277458,-0.7
-1.39694,0.940625,-0.199346,-0.590625
-0.516303,1.1375,-0.15531,-0.48125
0.300809,0.7875,-0.151191,-0.328125
0.356762,0.525,-0.139223,-0.284375
-0.16208,0.4375,-0.136703,-0.196875
-1.08344,0.525,-0.112874,-0.39375
-1.09072,0.853125,-0.109918,-0.30625
-0.813951,0.853125,-0.113068,-0.175
-0.163288,0.853125,-0.133431,-0.328125
0.330084,0.590625,-0.146757,0.021875
0.090063,0.546875,-0.16081,0.021875
-0.54855,0.415625,-0.179369,-0.21875
-0.900797,0.590625,-0.159987,-0.153125
-0.785243,0.721875,-0.20012,-0.196875
-0.417325,0.65625,-0.20327,0.109375
-0.0613278,0.6125,-0.208455,0.0875
-0.0819852,0.459375,-0.232102,-0.04375
-0.370851,0.4375,-0.224495,0.109375
-0.690957,0.546875,-0.207498,0.0875
-0.722081,0.590625,-0.2153,0.13125
-0.484997,0.721875,-0.233859,0.13125
-0.159382,0.65625,-0.243841,0.196875
-0.11128,0.6125,-0.232454,0.109375
-0.430528,0.525,-0.231534,-0.503125
-0.753701,0.56875,-0.228578,-0.6125
-0.961886,0.678125,-0.239492,-0.30625
-0.5239,0.765625,-0.248312,-0.284375
-0.111063,0.65625,-0.237942,-0.284375
0.0572611,0.590625,-0.265369,0.109375
-0.464197,0.546875,-0.265466,0.175
-0.862672,0.634375,-0.243031,0.13125
-1.23469,0.7875,-0.242692,0.175
-0.961844,0.896875,-0.238719,-0.04375
-0.390408,0.809375,-0.249574,-0.240625
0.215335,0.65625,-0.255776,0.153125
0.0638444,0.503125,-0.260962,-0.371875
-0.415311,0.65625,-0.236782,0.04375
-0.945928,0.74375,-0.244293,-0.04375
-1.30472,0.83125,-0.21299,0.13125
-0.916883,1.07187,-0.222537,0.109375
-0.359984,0.91875,-0.21115,0
0.129463,0.74375,-0.231889,-0.35
-0.0233361,0.2625,-0.23126,-0.39375
-0.531566,0.525,-0.221617,-0.39375
-1.10579,0.83125,-0.214591,-0.459375
-1.06947,0.940625,-0.220067,0.13125
-0.63148,0.875,-0.21435,-0.30625
-0.0548102,0.765625,-0.224682,0.0875
-0.0168694,0.525,-0.216698,-0.13125
-0.173594,0.503125,-0.227902,0.021875
-0.816131,0.415625,-0.230444,0.0875
-1.14147,0.765625,-0.234526,-0.175
-0.942619,0.9625,-0.228867,-0.30625
-0.372042,0.83125,-0.222627,-0.196875
-0.175952,0.6125,-0.23485,-0.021875
-0.00979444,0.546875,-0.247072,-0.109375
-0.401728,0.503125,-0.260371,-0.175
-0.929278,0.56875,-0.231453,-0.196875
-0.890333,0.940625,-0.242222,-0.284375
-0.568194,0.765625,-0.262876,-0.065625
-0.239962,0.7875,-0.246896,-0.196875
-0.0275769,0.678125,-0.260136,-0.503125
-0.346825,0.6125,-0.266252,-0.065625
-0.755462,0.634375,-0.245535,-0.021875
-0.715209,0.678125,-0.227375,-0.0875
-0.641507,0.765625,-0.241341,0.109375
-0.229979,0.765625,-0.236991,-0.109375
-0.107432,0.525,-0.214325,-0.0875
-0.176934,0.56875,-0.203288,-0.065625
-0.584713,0.503125,-0.184255,-0.021875
-0.702609,0.56875,-0.178888,-0.04375
-0.588363,0.721875,-0.169595,0.13125
-0.308526,0.590625,-0.182835,-0.0875
-0.0555963,0.503125,-0.181683,0.0875
-0.0942657,0.525,-0.156254,0.109375
-0.412206,0.4375,-0.161789,0.0875
-0.691768,0.525,-0.14581,0.153125
-0.694676,0.6125,-0.157014,0.153125
-0.490591,0.6125,-0.146995,0.109375
-0.135902,0.546875,-0.130434,-0.4375
0.0315639,0.48125,-0.142075,0.175
-0.152926,0.39375,-0.138161,0.109375
-0.561563,0.4375,-0.133956,-0.240625
-0.797514,0.525,-0.147196,0.153125
-0.800872,0.6125,-0.129472,-0.30625
-0.521035,0.765625,-0.162337,0.175
-0.120119,0.590625,-0.158568,-0.021875
0.0482056,0.503125,-0.167447,0.196875
-0.2975,0.459375,-0.151903,0.175
-0.752365,0.546875,-0.205847,0.175
-1.15084,0.65625,-0.209347,-0.109375
-0.877994,0.875,-0.173828,0.021875
-0.394639,0.809375,-0.207711,0.175
0.182031,0.74375,-0.216589,0.175
-0.015688,0.56875,-0.211803,0.0875
-0.49746,0.546875,-0.218356,0.196875
-0.940405,0.634375,-0.228543,0.175
-1.2252,0.896875,-0.230008,0.21875
-0.880978,1.00625,-0.233158,0.21875
-0.306925,0.853125,-0.254539,0.21875
0.0495222,0.678125,-0.300196,0.21875
-0.179887,0.56875,-0.301079,0.109375
-0.662968,0.6125,-0.313301,0.21875
-1.22527,0.721875,-0.281767,-0.35
-1.23256,1.35625,-0.319661,-0.21875
-0.606449,1.05,-0.319381,-0.415625
-0.0746991,0.896875,-0.331022,0.021875
-0.11251,0.7,-0.364904,-0.153125
-0.711887,0.196875,-0.344795,-0.371875
-1.22928,0.809375,-0.343207,-0.153125
-1.23787,1.05,-0.374618,-0.2625
-0.848275,1.1375,-0.350934,-0.503125
-0.366678,0.984375,-0.358154,-0.4375
-0.157359,0.83125,-0.392909,-0.153125
-0.610057,0.74375,-0.387687,-0.021875
-0.96623,0.896875,-0.386766,-0.4375
-1.17834,0.721875,-0.393901,-0.021875
-0.97818,1.09375,-0.386643,-0.153125
-0.541502,0.875,-0.405698,-0.371875
-0.333042,0.9625,-0.42164,-0.065625
-0.537302,0.809375,-0.433863,-0.175
-0.819481,0.940625,-0.423552,-0.0875
-1.0752,1.09375,-0.429319,-0.0875
-1.12348,1.07187,-0.428749,-0.48125
-0.715876,0.678125,-0.443383,-0.21875
-0.275273,0.56875,-0.444121,-0.240625
-0.273398,0.940625,-0.452418,-0.196875
-0.79964,0.875,-0.461938,-0.175
-1.15581,1.07187,-0.474741,-0.721875
-1.28025,1.15938,-0.443266,-0.328125
-0.612288,1.20312,-0.475695,-0.240625
-0.171235,0.940625,-0.48158,-0.35
-0.078213,0.765625,-0.487115,-0.459375
-0.559535,0.721875,-0.48108,-0.4375
-1.28044,0.875,-0.489959,-0.371875
-1.29034,1.20312,-0.491338,-0.56875
-0.857139,1.18125,-0.502251,-0.35
-0.137716,0.984375,-0.505751,-0.415625
0.0759778,0.74375,-0.520359,-0.459375
-0.198351,0.7,-0.543048,-0.35
-1.13425,0.678125,-0.560853,-0.328125
-1.28952,0.9625,-0.540367,-0.371875
-1.29811,1.07187,-0.576139,-0.39375
-0.304648,1.18125,-0.582606,-0.39375
0.184799,0.7,-0.600498,-0.6125
0.281746,0.56875,-0.614814,-0.48125
-0.445397,0.546875,-0.634014,-0.503125
-1.13723,0.6125,-0.626902,-0.809375
-1.2925,0.83125,-0.631625,-0.415625
-0.902908,0.9625,-0.643701,-0.765625
-0.0936463,0.853125,-0.629321,-0.328125
0.471103,0.56875,-0.642475,-0.83125
0.292296,0.39375,-0.6813,-0.48125
-0.551594,0.371875,-0.664448,-0.7875
-0.994988,0.503125,-0.644893,-0.590625
-1.16042,0.678125,-0.623971,-0.503125
-0.680131,0.809375,-0.615841,-0.6125
-0.00301111,0.7,-0.629372,-0.503125
0.327837,0.503125,-0.590047,-0.503125
0.175488,0.371875,-0.581336,-0.590625
-0.331433,0.371875,-0.535555,-0.459375
-0.580613,0.459375,-0.497479,-0.525
-0.624966,0.503125,-0.492752,-0.525
-0.301518,0.525,-0.443338,-0.590625
-0.0908907,0.4375,-0.425177,-0.6125
0.164656,0.39375,-0.396405,-0.6125
0.0105481,0.21875,-0.357371,-0.546875
-0.0717324,0.35,-0.322784,-0.83125
-0.22584,0.30625,-0.274823,-0.7875
-0.101127,0.240625,-0.261751,-0.6125
0.0698139,0.371875,-0.211173,-0.546875
0.0795389,-0.04375,-0.195484,-0.2625
-0.104951,0.021875,-0.192647,-0.175
-0.142312,0.21875,-0.169253,-0.153125
-0.0638269,0.284375,-0.173044,-0.13125
0.104497,0.175,-0.175963,-0.109375
0.317741,0.109375,-0.197343,0
0.16625,-0.175,-0.190522,-0.284375
-0.101537,-0.175,-0.224404,0
-0.422094,0.21875,-0.236626,-0.0875
-0.347083,0.240625,-0.242162,-0.153125
-0.182684,0.2625,-0.24136,0
0.145547,0.21875,-0.26841,-0.021875
0.313871,0.109375,-0.302292,0.0875
0.0421593,-0.240625,-0.29329,0.021875
-0.3207,-0.21875,-0.32005,-0.13125
-0.556651,0.240625,-0.319479,-0.0875
-0.645923,0.35,-0.342168,-0.503125
-0.398227,0.48125,-0.35032,-0.284375
-0.0276926,0.35,-0.370392,-0.2625
0.00718148,0.35,-0.381597,-0.371875
-0.150851,0.2625,-0.389749,-0.13125
-0.544093,0.284375,-0.40168,-0.48125
-0.869882,0.4375,-0.412449,-0.48125
-0.830938,0.634375,-0.404755,-0.590625
-0.395569,0.525,-0.414651,-0.21875
-0.159793,0.48125,-0.422803,-0.284375
-0.112998,0.39375,-0.425867,-0.546875
-0.343716,0.39375,-0.405817,-0.065625
-0.711808,0.48125,-0.392309,-0.546875
-0.760086,0.590625,-0.389413,-0.459375
-0.718525,0.6125,-0.388406,-0.109375
-0.440446,0.634375,-0.374693,-0.328125
-0.235053,0.590625,-0.386479,-0.48125
-0.349474,0.525,-0.372099,-0.21875
-0.438746,0.4375,-0.382867,-0.240625
-0.806839,0.634375,-0.372121,-0.284375
-0.767894,0.721875,-0.337243,-0.39375
-0.448821,0.721875,-0.372289,-0.35
-0.404644,0.6125,-0.345406,-0.525
-0.330942,0.65625,-0.342133,-0.459375
-0.519356,0.371875,-0.317345,-0.48125
-0.519648,0.6125,-0.313054,-0.371875
-0.52039,0.56875,-0.274079,-0.503125
-0.328225,0.65625,-0.241877,-0.240625
-0.282289,0.590625,-0.241657,-0.240625
-0.353099,0.546875,-0.219195,-0.328125
-0.556909,0.525,-0.205455,-0.525
-0.486274,0.6125,-0.189826,-0.284375
-0.51564,0.56875,-0.160676,-0.503125
-0.192642,0.56875,-0.159875,-0.240625
-0.190317,0.525,-0.144536,-0.328125
-0.230744,0.503125,-0.162196,-0.196875
-0.390085,0.503125,-0.129413,-0.153125
-0.552901,0.546875,-0.125558,-0.175
-0.554951,0.590625,-0.140165,-0.39375
-0.350416,0.546875,-0.149103,-0.153125
-0.187325,0.503125,-0.176503,-0.0875
0.00614815,0.415625,-0.178754,-0.196875
-0.180508,0.39375,-0.201212,-0.065625
-0.339849,0.48125,-0.2023,-0.48125
-0.63264,0.4375,-0.206817,-0.021875
-0.547018,0.6125,-0.225204,0.13125
-0.386544,0.503125,-0.231089,-0.21875
-0.105848,0.459375,-0.240027,-0.065625
-0.145826,0.39375,-0.265392,0.109375
-0.216636,0.4375,-0.285814,-0.284375
-0.538501,0.4375,-0.280942,-0.175
-0.540551,0.4375,-0.300201,-0.021875
-0.499848,0.503125,-0.293294,-0.48125
-0.265381,0.546875,-0.298829,-0.415625
-0.378494,0.525,-0.304714,-0.328125
-0.173958,0.634375,-0.295045,-0.284375
-0.494515,0.503125,-0.305727,-0.525
-0.42388,0.678125,-0.302745,-0.30625
-0.540918,0.634375,-0.31241,0.109375
-0.381302,0.35,-0.301373,-0.371875
-0.380735,0.503125,-0.322813,-0.153125
-0.336557,0.503125,-0.314161,-0.415625
-0.424521,0.525,-0.302601,-0.196875
-0.499256,0.546875,-0.301654,-0.459375
-0.502165,0.56875,-0.29745,-0.525
-0.341691,0.546875,-0.319907,-0.7
-0.342432,0.503125,-0.289014,-0.35
-0.42778,0.590625,-0.298969,-0.153125
-0.473441,0.56875,-0.328781,-0.459375
-0.590479,0.546875,-0.335684,-0.48125
-0.504856,0.6125,-0.333864,-0.634375
-0.387994,0.546875,-0.319193,-0.196875
-0.343816,0.6125,-0.342668,-0.196875
-0.314175,0.6125,-0.351606,-0.415625
-0.387602,0.56875,-0.369266,-0.65625
-0.476874,0.56875,-0.361282,-0.546875
-0.552918,0.634375,-0.349723,-0.459375
-0.598579,0.678125,-0.388607,-0.678125
-0.512098,0.721875,-0.372918,-0.65625
-0.351174,0.56875,-0.389561,-0.21875
-0.346682,0.525,-0.414721,-0.678125
-0.315733,0.56875,-0.423659,-0.4375
-0.432771,0.6125,-0.439284,-0.196875
-0.596037,0.525,-0.451506,-0.04375
-0.599395,0.56875,-0.455356,-0.13125
-0.483841,0.634375,-0.475778,-0.196875
-0.163459,0.56875,-0.473609,-0.0875
-0.234269,0.39375,-0.498974,-0.0875
-0.394919,0.48125,-0.503491,-0.30625
-0.513265,0.525,-0.506324,-0.153125
-0.646148,0.590625,-0.533083,-0.2625
-0.517365,0.678125,-0.544638,-0.21875
-0.489032,0.56875,-0.562007,-0.240625
-0.357632,0.590625,-0.55097,-0.21875
-0.327992,0.48125,-0.585784,-0.35
-0.356499,0.525,-0.578526,-0.74375
-0.517148,0.459375,-0.611305,-0.546875
-0.562809,0.546875,-0.618439,-0.721875
-0.489557,0.678125,-0.608479,-0.415625
-0.401769,0.634375,-0.632186,-0.35
-0.328967,0.634375,-0.647342,-0.459375
-0.3293,0.590625,-0.660959,-0.39375
-0.44548,0.634375,-0.657653,-0.415625
-0.359449,0.525,-0.671125,-0.503125
-0.446555,0.525,-0.681339,-0.7875
-0.359216,0.546875,-0.68472,-0.6125
-0.241494,0.4375,-0.720083,-0.525
-0.327292,0.39375,-0.722797,-0.6125
-0.327175,0.525,-0.714403,-0.590625
-0.32575,0.415625,-0.743806,-0.634375
-0.325633,0.415625,-0.765709,-0.56875
-0.163443,0.39375,-0.785226,-0.590625
-0.189783,0.35,-0.798929,-0.546875
-0.157976,0.328125,-0.824262,-0.940625
-0.185625,0.328125,-0.857503,-0.590625
-0.227811,0.328125,-0.81771,-0.546875
-0.314917,0.459375,-0.843624,-0.546875
-0.18135,0.284375,-0.847296,-0.91875
-0.061462,0.30625,-0.846521,-0.56875
-0.056112,0.2625,-0.850193,-0.6125
-0.00845926,0.2625,-0.852848,-0.56875
-0.049337,0.21875,-0.822503,-1.11563
-0.133826,0.13125,-0.797828,-1.05
-0.159308,0.240625,-0.796617,-0.875
-0.0363537,0.56875,-0.74374,-1.09375
0.0905259,0.240625,-0.703511,-1.05
0.101109,-0.04375,-0.651942,-1.20312
0.110384,0.109375,-0.545133,-1.09375
0.000296296,0.109375,-0.51726,-0.984375
0.0505657,0.04375,-0.419609,-0.9625
0.132526,-0.13125,-0.372897,-0.940625
0.141801,0.240625,-0.300831,-0.590625
0.194237,-0.284375,-0.245483,-0.83125
0.206129,-0.35,-0.18839,-0.721875
0.377928,-0.371875,-0.175054,-0.6125
0.302147,-0.371875,-0.125085,-0.371875
0.356342,-0.39375,-0.123524,-0.371875
0.251937,-0.30625,-0.114403,-0.65625
0.331281,-0.39375,-0.112842,-0.371875
0.181506,-0.590625,-0.135558,-0.328125
0.279312,-0.4375,-0.157401,-0.328125
0.244976,-0.2625,-0.178082,-0.371875
0.341023,-0.240625,-0.19978,-0.328125
0.189082,-0.39375,-0.225258,-0.175
0.0662157,-0.284375,-0.243903,-0.284375
0.159646,0.021875,-0.245104,-0.415625
0.122694,0,-0.261714,-0.459375
0.128044,-0.196875,-0.287047,-0.328125
0.0906407,0.21875,-0.294935,-0.2625
-0.0639167,-0.371875,-0.30762,-0.04375
-0.0616333,-0.065625,-0.32016,-0.065625
-0.0905907,0.065625,-0.316273,0
-0.179005,0.13125,-0.31224,-0.415625
-0.134419,0.13125,-0.339317,-0.35
-0.220216,0.0875,-0.343135,-0.175
-0.133327,0.109375,-0.32849,-0.39375
-0.248198,0.175,-0.340013,-0.328125
-0.219007,0.21875,-0.341795,-0.4375
-0.251031,0.175,-0.334505,-0.39375
-0.294526,0.240625,-0.343992,-0.04375
-0.339779,0.371875,-0.346792,-0.546875
-0.298668,0.065625,-0.356279,-0.590625
-0.345229,0.30625,-0.3396,-0.39375
-0.259198,0.415625,-0.325827,-0.525
-0.463908,0.328125,-0.33735,-0.590625
-0.423247,0.196875,-0.33006,-0.35
-0.470667,0.39375,-0.330825,-0.30625
-0.35732,0.4375,-0.331589,-0.39375
-0.403431,0.39375,-0.316945,-0.240625
-0.27424,0.546875,-0.31393,-0.39375
-0.407573,0.39375,-0.346326,-0.2625
-0.439597,0.546875,-0.32296,-0.35
-0.369412,0.6125,-0.350909,-0.459375
-0.445047,0.525,-0.343969,-0.459375
-0.417165,0.6125,-0.360289,-0.415625
-0.332893,0.56875,-0.361721,-0.153125
-0.379454,0.546875,-0.363503,-0.2625
-0.426873,0.546875,-0.363251,-0.021875
-0.38752,0.525,-0.412074,-0.4375
-0.506317,0.56875,-0.401414,-0.13125
-0.39252,0.546875,-0.41657,-0.21875
-0.234255,0.56875,-0.416317,-0.153125
-0.310748,0.48125,-0.427899,-0.459375
-0.313248,0.503125,-0.435351,-0.196875
-0.404279,0.48125,-0.454637,-0.175
-0.320006,0.459375,-0.451331,-0.2625
-0.322506,0.503125,-0.438286,-0.240625
-0.252321,0.503125,-0.434313,-0.21875
-0.253963,0.39375,-0.489155,-0.546875
-0.298766,0.459375,-0.487594,-0.328125
-0.255038,0.39375,-0.470101,-0.56875
-0.253613,0.415625,-0.47043,-0.546875
-0.138958,0.415625,-0.501868,-0.30625
-0.255138,0.39375,-0.49586,-0.328125
-0.213169,0.371875,-0.483687,-0.30625
-0.256663,0.371875,-0.500588,-0.503125
-0.170632,0.371875,-0.475767,-0.284375
-0.214577,0.35,-0.488221,-0.39375
-0.0532444,0.35,-0.466453,-0.30625
-0.14035,0.328125,-0.446576,-0.415625
-0.140683,0.2625,-0.434548,-0.328125
-0.139258,0.2625,-0.418073,-0.328125
-0.212277,0.284375,-0.367376,-0.35
-0.168549,0.284375,-0.352587,-0.21875
-0.167124,0.2625,-0.336925,-0.328125
-0.166149,0.2625,-0.316465,-0.590625
-0.0484278,0.30625,-0.289669,-0.2625
0.0701519,0.153125,-0.264558,-0.30625
-0.0447194,-0.284375,-0.262706,-0.0875
-0.0446028,0.240625,-0.246317,-0.459375
-0.159924,0.153125,-0.255223,-0.04375
-0.204727,0.196875,-0.212667,-0.175
-0.0874556,0.240625,-0.262626,-0.48125
-0.127025,0.175,-0.233881,-0.153125
0.00478333,0.153125,-0.275786,-0.13125
-0.0810139,-0.0875,-0.271172,0
0.0375657,0.196875,-0.258853,0.109375
-0.0786139,-0.0875,-0.257001,-0.459375
-0.122558,0.196875,-0.321148,-0.196875
-0.12375,0.196875,-0.2815,0.021875
-0.285299,-0.021875,-0.326166,-0.21875
-0.287799,0.240625,-0.349464,0
-0.20091,0.240625,-0.347962,-0.153125
-0.245713,0.065625,-0.35585,-0.109375
-0.203744,0.240625,-0.347165,0
-0.293466,0.284375,-0.376277,-0.2625
-0.324181,0.284375,-0.373408,0
-0.415662,0.240625,-0.385948,-0.196875
-0.375859,0.30625,-0.367524,0
-0.540025,0.35,-0.354914,0
-0.471148,0.415625,-0.377194,0
-0.430487,0.4375,-0.364585,-0.284375
-0.274388,0.4375,-0.378142,-0.04375
-0.394943,0.4375,-0.365533,-0.7
-0.442812,0.48125,-0.428516,-0.109375
-0.607836,0.503125,-0.423612,-0.04375
-0.5711,0.459375,-0.376636,-0.109375
-0.691205,0.6125,-0.407638,-0.13125
-0.580475,0.6125,-0.379474,-0.109375
-0.539814,0.65625,-0.42414,-0.2625
-0.514548,0.56875,-0.437698,-0.04375
-0.431584,0.678125,-0.434828,-0.13125
-0.523065,0.590625,-0.393145,-0.21875
-0.689397,0.65625,-0.428944,-0.153125
-0.607742,0.765625,-0.456021,-0.153125
-0.613308,0.678125,-0.452134,-0.21875
-0.618425,0.721875,-0.465341,-0.109375
-0.549998,0.74375,-0.461454,-0.590625
-0.554256,0.721875,-0.468325,-0.7875
-0.674361,0.74375,-0.467345,-0.525
-0.517404,0.83125,-0.48003,-0.546875
-0.637958,0.525,-0.462624,-0.328125
-0.598606,0.83125,-0.452572,-0.634375
-0.646475,0.83125,-0.503926,-0.590625
-0.577598,0.83125,-0.461892,-0.590625
-0.580548,0.765625,-0.500394,-0.590625
-0.422282,0.678125,-0.456821,-0.678125
-0.586448,0.7,-0.517564,-0.590625
-0.779688,0.7875,-0.489401,-0.678125
-0.754872,0.896875,-0.510313,-0.634375
-0.626989,0.809375,-0.515148,-0.678125
-0.468723,0.896875,-0.552632,-0.196875
-0.441291,0.765625,-0.565839,-0.765625
-0.516476,0.7875,-0.569657,-0.7
-0.798246,0.7875,-0.570072,-0.328125
-0.891035,0.875,-0.585374,-0.2625
-0.694392,0.984375,-0.593493,-0.56875
-0.41983,0.875,-0.604665,-0.721875
-0.417546,0.765625,-0.614298,-0.371875
-0.535484,0.7,-0.632157,-0.765625
-0.584662,0.83125,-0.644056,-0.415625
-0.706525,0.83125,-0.66023,-0.39375
-0.799314,0.875,-0.64887,-0.590625
-0.643665,0.875,-0.663676,-0.4375
-0.601695,0.853125,-0.678978,-0.546875
-0.327133,0.875,-0.694802,-0.546875
-0.356541,0.809375,-0.677773,-0.546875
-0.490324,0.678125,-0.706449,-0.590625
-0.610879,0.74375,-0.688256,-0.6125
-0.732742,0.809375,-0.697102,-0.721875
-0.664315,0.896875,-0.700134,-0.634375
-0.504741,0.83125,-0.711365,-0.678125
-0.346475,0.74375,-0.733876,-0.65625
-0.214667,0.678125,-0.712776,-0.634375
-0.374907,0.6125,-0.748807,-0.65625
-0.42016,0.590625,-0.749803,-0.721875
-0.509024,0.590625,-0.742427,-0.765625
-0.467055,0.590625,-0.765665,-0.91875
-0.424227,0.83125,-0.753869,-0.984375
-0.349258,0.328125,-0.774054,-1.18125
-0.214833,0.546875,-0.772143,-1.02812
-0.133323,0.4375,-0.772472,-0.721875
-0.0874287,0.503125,-0.783935,-1.02812
-0.12614,0.371875,-0.806155,-0.9625
-0.19785,0.415625,-0.793341,-0.7875
-0.327708,0.328125,-0.805676,-0.634375
-0.239511,0.39375,-0.829641,-0.65625
-0.163234,0.21875,-0.833254,-1.02812
0.134573,0.240625,-0.863906,-0.56875
0.304614,0.196875,-0.819461,-0.7
0.181297,0.04375,-0.827726,-0.546875
0.0289065,0.109375,-0.795432,-0.56875
-0.0414954,0.0875,-0.823031,-0.56875
-0.0815148,0.021875,-0.805129,-0.634375
0.0392315,0.021875,-0.78243,-0.984375
0.380955,0.065625,-0.747665,-0.875
0.52323,-0.065625,-0.724385,-1.09375
0.534671,-0.2625,-0.675955,-0.875
0.498577,-0.546875,-0.610953,-0.7875
0.347494,-0.546875,-0.605263,-0.91875
0.427246,-0.546875,-0.572388,-0.721875
0.434763,-0.56875,-0.530936,-0.721875
0.444896,-0.56875,-0.489629,-0.634375
0.585863,-0.65625,-0.45908,-0.678125
0.670848,-0.65625,-0.454843,-0.809375
0.77082,-0.7,-0.437087,-0.459375
0.782262,-0.74375,-0.420348,-0.853125
0.705173,-0.875,-0.399684,-0.371875
0.479647,-0.809375,-0.397337,-0.30625
0.443553,-0.721875,-0.376673,-0.196875
0.363847,-0.721875,-0.38988,-0.30625
0.503506,-0.74375,-0.386661,-0.240625
0.74709,-0.809375,-0.420365,-0.6125
0.71492,-0.7875,-0.427553,-0.590625
0.69598,-0.74375,-0.437853,-0.721875
0.546206,-0.940625,-0.471267,-0.65625
0.304834,-0.7,-0.471682,-0.13125
0.353345,-0.525,-0.495211,-0.0875
0.27364,-0.65625,-0.506092,-0.459375
0.48815,-0.56875,-0.535436,-0.175
0.613271,-0.56875,-0.555707,-0.13125
0.591264,-0.6125,-0.560424,-0.546875
0.464881,-0.56875,-0.575607,-0.546875
0.23588,-0.590625,-0.59646,-0.39375
0.121417,-0.459375,-0.602426,-0.2625
0.124558,-0.48125,-0.611503,-0.678125
0.243996,-0.415625,-0.622616,-0.371875
0.451965,-0.415625,-0.61012,-0.56875
0.485939,-0.4375,-0.596956,-0.459375
0.33179,-0.525,-0.623128,-0.415625
0.173716,-0.415625,-0.566208,-0.634375
0.0143333,-0.415625,-0.535454,-0.525
-0.102746,-0.284375,-0.572093,-0.39375
0.144908,-0.284375,-0.515173,-0.590625
0.178432,-0.0875,-0.436678,-0.503125
0.268796,-0.415625,-0.451716,-0.91875
0.345073,-0.35,-0.411659,-0.48125
0.348215,-0.415625,-0.310341,-0.590625
0.23506,-0.415625,-0.288891,-0.415625
0.164208,-0.2625,-0.233365,-0.415625
0.166042,-0.35,-0.16278,-0.328125
0.166567,0,-0.0948978,-0.896875
0.286005,-0.021875,-0.0721394,-0.284375
0.361831,-0.39375,-0.0142876,-0.240625
0.36759,-0.196875,-0.00635704,-0.196875
0.37204,-0.021875,-0.0203181,-0.284375
0.50994,-0.56875,0.0185763,-0.328125
0.430234,-0.590625,-0.0526607,-0.328125
0.202092,-0.48125,-0.0666219,-0.240625
0.280535,-0.4375,-0.0819506,-0.2625
0.28891,-0.065625,-0.0989644,0.04375
0.498187,-0.4375,-0.114293,0.04375
0.420648,-0.590625,-0.132325,-0.109375
0.308802,-0.371875,-0.146636,-0.21875
0.194339,-0.39375,-0.158562,-0.2625
0.0362648,-0.415625,-0.215989,-0.196875
0.155703,-0.175,-0.219542,-0.2625
0.318752,-0.371875,-0.207191,-0.35
0.2479,-0.35,-0.241359,0.196875
0.163819,-0.0875,-0.244913,-0.30625
0.0942759,-0.065625,-0.226747,0.196875
0.00496204,-0.065625,-0.240767,-0.2625
0.0464815,-0.04375,-0.256327,-0.30625
0.0456981,-0.021875,-0.303869,-0.39375
0.0013037,-0.240625,-0.325594,-0.065625
0.0428231,-0.21875,-0.290711,0.065625
-0.0755648,0,-0.328513,0.196875
-0.122576,0,-0.342038,0.021875
-0.125976,0,-0.364635,-0.065625
-0.129376,0.21875,-0.350976,-0.35
-0.133226,0,-0.371188,-0.415625
-0.134009,0.021875,-0.344009,-0.459375
-0.0924898,0.021875,-0.379108,-0.56875
-0.183112,-0.065625,-0.356726,-0.415625
-0.141593,0.2625,-0.378974,-0.48125
-0.188604,-0.04375,-0.364297,-0.503125
-0.265997,0.21875,-0.367414,-0.48125
-0.269397,0.328125,-0.348958,0.021875
-0.360019,0.30625,-0.344021,-0.48125
-0.319808,0.546875,-0.344026,-0.240625
-0.118381,0.503125,-0.356679,-0.459375
-0.165843,0.30625,-0.333776,-0.503125
-0.330458,0.30625,-0.385097,-0.459375
-0.335167,0.328125,-0.343381,-0.546875
-0.380869,0.39375,-0.351237,-0.503125
-0.295739,0.39375,-0.36011,-0.13125
-0.182843,0.39375,-0.366948,-0.0875
-0.187551,0.371875,-0.373786,-0.546875
-0.305939,0.21875,-0.437232,-0.546875
-0.354708,-0.04375,-0.388829,-0.546875
-0.359417,0.4375,-0.423724,-0.765625
-0.247829,0.415625,-0.40047,-0.546875
-0.29484,0.6125,-0.407308,-0.503125
-0.29824,0.0875,-0.442202,-0.503125
-0.258029,0.175,-0.420666,-0.109375
-0.334972,0.371875,-0.480392,-0.525
-0.309298,0.175,-0.460396,-0.56875
-0.314006,0.328125,-0.435807,-0.546875
-0.346031,0.39375,-0.502015,-0.6125
-0.321665,0.48125,-0.482224,-0.65625
-0.323306,0.4375,-0.487376,-0.525
-0.326706,0.415625,-0.54027,-0.6125
-0.328798,0.35,-0.526961,-0.634375
-0.405742,0.415625,-0.559357,-0.284375
-0.497672,0.415625,-0.547938,-0.765625
-0.460078,0.56875,-0.579316,-0.678125
-0.418108,0.48125,-0.563972,-0.39375
-0.261601,0.525,-0.606108,-0.853125
-0.263693,0.65625,-0.588728,-0.721875
-0.310254,0.459375,-0.60557,-0.83125
-0.387647,0.4375,-0.617119,-0.7
-0.437275,0.4375,-0.624221,-0.74375
-0.528756,0.634375,-0.641439,-0.74375
-0.372248,0.525,-0.631969,-0.7875
-0.213124,0.48125,-0.651223,-0.765625
-0.242531,0.30625,-0.648235,-0.91875
-0.376765,0.6125,-0.642544,-0.6125
-0.454158,0.546875,-0.657727,-0.525
-0.413497,0.6125,-0.668464,-0.83125
-0.344212,0.459375,-0.692369,-0.896875
-0.227391,0.459375,-0.685311,-0.83125
-0.140952,0.4375,-0.698809,-0.765625
-0.227199,0.065625,-0.710939,-0.875
-0.229291,0.196875,-0.693124,-1.02812
-0.231382,0.35,-0.728718,-0.896875
-0.304851,0.371875,-0.713519,-0.896875
-0.231191,0.0875,-0.718526,-0.875
-0.142135,0.371875,-0.705713,-0.9625
-0.0226972,0.196875,-0.7302,-0.853125
-0.0922407,0.2625,-0.713983,-0.91875
-0.0904074,0.13125,-0.680672,-1.02812
-0.133044,0.109375,-0.664455,-0.83125
-0.0902157,0.153125,-0.636754,-0.91875
0.0741417,-0.04375,-0.607164,-0.940625
0.0785917,0.13125,-0.582865,-0.48125
0.0368139,0.04375,-0.568102,-0.65625
-0.048125,0.13125,-0.569766,-0.6125
0.0383139,0.109375,-0.530726,-0.546875
0.0388389,0.04375,-0.53274,-0.459375
0.113357,0.021875,-0.517977,-0.678125
0.157494,-0.021875,-0.472251,-0.503125
0.115716,-0.0875,-0.477985,-0.35
0.16116,-0.065625,-0.473979,-0.56875
0.208363,-0.4375,-0.454914,-0.721875
0.166585,-0.175,-0.42198,-0.6125
0.126116,-0.459375,-0.422045,-0.525
0.215171,-0.503125,-0.417313,-0.546875
0.173394,-0.153125,-0.392228,-0.65625
0.220146,-0.175,-0.372087,-0.39375
0.179677,-0.175,-0.366482,-0.56875
0.299115,-0.196875,-0.347708,-0.4375
0.273182,-0.459375,-0.352861,-0.39375
0.188244,-0.240625,-0.355978,-0.35
0.191385,-0.21875,-0.353426,-0.30625
0.150916,0,-0.357562,-0.503125
0.197669,0.021875,-0.3569,-0.415625
0.288032,-0.240625,-0.354348,-0.2625
0.31894,-0.39375,-0.358483,-0.30625
0.249396,-0.30625,-0.373376,-0.525
0.25123,-0.284375,-0.383326,-0.30625
0.165841,-0.30625,-0.372924,-0.35
0.254896,-0.284375,-0.385781,-0.284375
0.213119,-0.284375,-0.381194,-0.328125
0.214952,-0.30625,-0.399866,-0.39375
0.216785,-0.30625,-0.404001,-0.284375
0.145933,-0.284375,-0.377173,-0.546875
0.176841,0.021875,-0.407475,-0.4375
0.178674,-0.30625,-0.41161,-0.35
0.0629028,-0.2625,-0.407023,-0.6125
0.179724,-0.240625,-0.424677,-0.371875
0.0203417,-0.30625,-0.414276,-0.39375
0.150392,-0.240625,-0.417393,-0.634375
0.107306,-0.04375,-0.419493,-0.240625
0.15275,-0.109375,-0.433368,-0.678125
0.0660528,0,-0.428431,-0.7
0.0229667,-0.35,-0.431549,-0.7
0.0653444,-0.175,-0.424576,-0.21875
0.109481,-0.240625,-0.417954,-0.525
0.0254,-0.21875,-0.432847,-0.2625
0.0246167,-0.21875,-0.426892,-0.109375
-0.00524074,0.04375,-0.446437,-0.21875
0.0666611,-0.021875,-0.449204,-0.175
0.110347,-0.21875,-0.460026,-0.328125
0.184866,-0.196875,-0.447385,-0.30625
0.024175,-0.04375,-0.481466,-0.678125
-0.136516,0.065625,-0.472459,-0.721875
-0.137299,0.0875,-0.474559,-0.678125
0.021375,0.0875,-0.482996,-0.284375
-0.00717407,-0.109375,-0.485096,-0.284375
0.0647278,-0.0875,-0.495568,-0.21875
-0.00874074,-0.0875,-0.496651,-0.39375
0.0627111,-0.065625,-0.496365,-0.590625
-0.142899,0,-0.510967,-0.240625
-0.0564602,0,-0.504867,-0.83125
-0.0149407,0.196875,-0.518451,-0.196875
0.0142083,-0.04375,-0.519184,-0.196875
-0.0169574,-0.021875,-0.517214,-0.13125
0.0985556,-0.04375,-0.524633,-0.7
-0.0159074,-0.021875,-0.53685,-0.2625
0.0555444,0.021875,-0.566861,-0.678125
0.01115,-0.109375,-0.55669,-0.721875
0.00905833,-0.021875,-0.589464,-0.30625
0.139967,-0.0875,-0.579293,-0.6125
-0.0220324,-0.109375,-0.603866,-0.525
0.0511778,0,-0.612363,-0.4375
-0.0227407,-0.065625,-0.613676,-0.39375
0.0530861,-0.065625,-0.666161,-0.634375
0.0972222,-0.109375,-0.639623,-0.48125
0.143525,-0.13125,-0.645589,-0.4375
0.0991306,-0.065625,-0.641814,-0.525
0.0560444,0.13125,-0.644205,-0.6125
0.0587361,-0.153125,-0.6791,-0.503125
-0.0147324,-0.153125,-0.655846,-0.634375
0.149625,-0.153125,-0.62387,-0.853125
0.267305,-0.196875,-0.621464,-0.809375
0.343131,-0.48125,-0.596465,-0.809375
0.231285,-0.2625,-0.554023,-0.6125
0.189057,-0.21875,-0.550394,-0.984375
0.28073,-0.2625,-0.4958,-0.9625
0.196199,-0.30625,-0.474,-0.48125
0.242952,-0.328125,-0.424143,-0.4375
0.453537,-0.48125,-0.374432,-0.48125
0.370315,-0.371875,-0.344551,-0.525
0.374765,-0.371875,-0.311557,-0.39375
0.377456,-0.39375,-0.276674,-0.35
0.425518,-0.48125,-0.243826,-0.328125
0.385048,-0.503125,-0.213013,-0.721875
0.389048,-0.48125,-0.191939,-0.328125
0.39219,-0.459375,-0.236197,-0.546875
0.365807,-0.48125,-0.188085,-0.415625
0.40064,-0.48125,-0.216583,0
0.490554,-0.48125,-0.214989,-0.04375
0.407781,-0.525,-0.227933,-0.328125
0.410923,-0.48125,-0.239859,-0.415625
0.342238,-0.525,-0.308043,-0.328125
0.34538,-0.546875,-0.324766,-0.328125
0.185547,-0.56875,-0.318085,-0.48125
0.306294,-0.4375,-0.329343,-0.503125
0.423973,-0.35,-0.352753,-0.4375
0.400657,-0.48125,-0.381106,-0.4375
0.240825,-0.459375,-0.379222,-0.2625
0.110517,-0.48125,-0.402487,-0.590625
0.154203,-0.39375,-0.39188,-0.4375
-0.00648796,-0.415625,-0.406423,-0.109375
0.239408,0,-0.434485,-0.546875
0.0787176,-0.4375,-0.439288,-0.503125
0.151478,-0.39375,-0.445108,-0.153125
-0.00921296,0.0875,-0.427001,-0.196875
0.148153,-0.284375,-0.461751,-0.196875
-0.0574574,-0.590625,-0.456814,-0.109375
-0.015938,-0.065625,-0.459931,-0.2625
-0.137393,-0.35,-0.483923,-0.525
-0.0218796,0.175,-0.481226,-0.196875
-0.142026,0.109375,-0.487773,-0.065625
-0.145426,0.109375,-0.489523,-0.240625
-0.148826,0.175,-0.490605,-0.6125
-0.152676,0.13125,-0.491338,-0.415625
-0.111156,0.153125,-0.49207,-0.371875
-0.202229,0.13125,-0.518969,-0.2625
-0.162018,0.196875,-0.511329,-0.590625
-0.209479,0.175,-0.492582,-0.6125
-0.212879,0.21875,-0.510759,-0.30625
-0.100432,0.153125,-0.510474,-0.6125
-0.103832,0.13125,-0.502834,-0.6125
-0.136756,0.196875,-0.519993,-0.415625
-0.0648546,0.13125,-0.496594,-0.4375
-0.142698,0.21875,-0.513753,-0.546875
-0.234629,0.153125,-0.495356,-0.634375
-0.23717,0.196875,-0.522255,-0.371875
-0.153348,0.2625,-0.496821,-0.678125
-0.125507,0.196875,-0.499589,-0.4375
-0.0826796,0.21875,-0.519801,-0.721875
-0.0865296,0.196875,-0.502421,-0.7
-0.130924,0.175,-0.506206,-0.7
-0.163848,0.196875,-0.502141,-0.371875
-0.16594,0.13125,-0.527151,-0.525
-0.0957963,0.2625,-0.520178,-0.415625
-0.097888,0.196875,-0.513206,-0.415625
0.0184833,0.0875,-0.547955,-0.4375
-0.17259,0.021875,-0.54424,-0.56875
-0.0139157,0.109375,-0.54977,-0.503125
-0.145982,0.04375,-0.567947,-0.503125
-0.0608519,0.21875,-0.550217,-0.56875
-0.0184741,0.065625,-0.599358,-0.503125
-0.107788,0.04375,-0.588315,-0.525
0.0508861,0.196875,-0.595735,-0.459375
-0.0679519,-0.04375,-0.602137,-0.765625
0.0924806,0,-0.614353,-0.809375
0.0476361,-0.04375,-0.62846,-0.678125
-0.0681352,-0.065625,-0.662918,-0.56875
0.0482361,-0.065625,-0.668302,-0.546875
0.00339167,-0.109375,-0.661912,-0.546875
0.0475278,-0.13125,-0.68852,-0.590625
0.0899056,-0.13125,-0.71004,-0.4375
0.136208,0.065625,-0.679373,-0.503125
0.136733,-0.109375,-0.711651,-0.56875
0.210802,-0.240625,-0.725466,-0.83125
0.0527278,-0.196875,-0.698578,-0.30625
0.214019,0.175,-0.714284,-0.875
0.26163,-0.284375,-0.723012,-0.940625
0.181474,-0.2625,-0.709498,-0.896875
0.230394,-0.284375,-0.710521,-0.984375
0.353306,-0.21875,-0.706747,-0.7
0.356448,-0.2625,-0.682766,-0.7
0.331374,-0.2625,-0.648174,-0.83125
0.36314,-0.328125,-0.654807,-0.7875
0.365831,-0.328125,-0.645364,-0.91875
0.300213,-0.39375,-0.611643,-0.7
0.379515,-0.503125,-0.577051,-0.875
0.436284,-0.546875,-0.549436,-0.896875
0.48827,-0.459375,-0.501614,-0.6125
0.53719,-0.503125,-0.461643,-0.56875
0.570264,-0.525,-0.463043,-0.7875
0.502887,-0.56875,-0.416385,-0.678125
0.580022,-0.6125,-0.388189,-0.6125
0.395041,-0.65625,-0.387176,-0.7
0.471726,-0.56875,-0.375552,-0.7
0.477034,-0.634375,-0.350059,-0.590625
0.599089,-0.7,-0.35021,-0.415625
0.736539,-0.721875,-0.354286,-0.48125
0.612322,-0.74375,-0.355454,-0.721875
0.587248,-0.809375,-0.355255,-0.634375
0.546779,-0.56875,-0.348574,-0.48125
0.34726,-0.74375,-0.371984,-0.284375
0.437174,-0.634375,-0.372135,-0.415625
0.515168,-0.678125,-0.367489,-0.459375
0.638531,-0.765625,-0.391916,-0.153125
0.643839,-0.809375,-0.402157,-0.39375
0.531993,-0.74375,-0.41103,-0.371875
0.373469,-0.65625,-0.412053,-0.634375
0.255939,-0.590625,-0.431743,-0.765625
0.211544,-0.546875,-0.427824,-0.6125
0.256539,-0.546875,-0.434662,-0.39375
0.374669,-0.525,-0.457926,-0.65625
0.37736,-0.590625,-0.474854,-0.371875
0.422355,-0.459375,-0.464248,-0.2625
0.306583,-0.459375,-0.477773,-0.35
0.220744,-0.459375,-0.483593,-0.30625
0.0133759,-0.4375,-0.485693,-0.525
0.0112843,-0.371875,-0.488461,-0.13125
0.00874259,0.0875,-0.500968,-0.39375
0.0947315,-0.284375,-0.496031,-0.459375
0.137559,0.04375,-0.514703,-0.30625
0.253931,0.04375,-0.496247,-0.634375
0.0914815,-0.30625,-0.507737,-0.721875
0.0906981,0.021875,-0.520244,-0.371875
0.043237,0.04375,-0.527809,-0.590625
-0.164131,-0.196875,-0.507317,-0.590625
-0.0384565,0.0875,-0.516772,-0.546875
-0.0418565,0.0875,-0.51015,-0.74375
-0.0140157,0.153125,-0.513935,-0.30625
0.115584,0.153125,-0.52746,-0.56875
0.0698815,0.0875,-0.499264,-0.809375
-0.0198824,-0.2625,-0.526308,-0.546875
0.0198787,-0.240625,-0.505816,-0.459375
-0.188798,0.153125,-0.491139,-0.721875
-0.192198,0.13125,-0.48911,-0.7
-0.108826,0.175,-0.516154,-0.2625
0.0485398,0.109375,-0.512235,-0.7
0.0459981,0.065625,-0.5355,-0.525
-0.0446241,0.109375,-0.530563,-0.196875
-0.0471657,0.13125,-0.535715,-0.2625
-0.167312,0.153125,-0.517259,-0.4375
-0.214773,0.13125,-0.544303,-0.2625
-0.175012,0.153125,-0.547071,-0.765625
-0.015888,0.13125,-0.551874,-0.65625
-0.0171213,-0.30625,-0.579936,-0.853125
-0.178262,0.21875,-0.574999,-0.83125
-0.137193,0.2625,-0.593843,-0.853125
-0.0935065,0.153125,-0.605333,-0.83125
-0.0955981,0.284375,-0.61188,-0.30625
-0.141751,0.2625,-0.607815,-0.39375
-0.10199,0.175,-0.630789,-0.65625
-0.104531,0.109375,-0.653764,-0.74375
-0.0766907,0.13125,-0.630219,-0.853125
-0.0356213,0.175,-0.661915,-0.853125
-0.0813241,0.175,-0.668317,-0.525
-0.041563,0.175,-0.689256,-0.896875
-0.11679,0.175,-0.709177,-0.83125
-0.0466463,0.175,-0.705839,-0.91875
0.110719,0.153125,-0.709856,-0.503125
-0.0940324,-0.153125,-0.744169,-0.83125
0.0355676,0.0875,-0.744611,-0.56875
0.0330259,0.065625,-0.764387,-0.765625
0.0613167,-0.065625,-0.77922,-0.546875
0.0310093,-0.196875,-0.779516,-0.65625
0.05885,-0.196875,-0.78426,-0.7
0.18845,-0.04375,-0.804763,-0.91875
0.101303,-0.196875,-0.816543,-0.91875
0.1886,-0.175,-0.813787,-0.9625
0.102761,-0.065625,-0.832254,-0.83125
0.220441,-0.175,-0.810686,-0.721875
0.221824,-0.48125,-0.822321,-1.07187
0.311738,0.04375,-0.843551,-0.9625
0.31443,-0.109375,-0.829019,-0.765625
0.389806,-0.546875,-0.871268,-0.7
0.363424,-0.590625,-0.798589,-0.7875
0.367874,-0.56875,-0.784057,-1.18125
0.326955,-0.546875,-0.769876,-1.20312
0.49262,-0.590625,-0.759764,-1.20312
0.570614,-0.525,-0.694413,-0.809375
0.577231,-0.590625,-0.648686,-1.15938
0.582989,-0.65625,-0.589439,-1.05
0.589606,-0.678125,-0.512689,-0.765625
0.594914,-0.721875,-0.466381,-0.940625
0.690511,-0.74375,-0.433883,-1.02812
0.740739,-0.765625,-0.379143,-0.984375
0.703744,-0.83125,-0.353623,-0.896875
0.754422,-0.853125,-0.33662,-0.48125
0.630206,-0.91875,-0.351949,-0.459375
0.679125,-0.875,-0.312037,-0.83125
0.642581,-0.896875,-0.328383,-0.35
0.6915,-0.875,-0.343362,-0.415625
0.700733,-0.896875,-0.361743,-0.196875
0.750103,-0.809375,-0.376054,-0.56875
0.713108,-0.91875,-0.391033,-0.371875
0.673497,-0.83125,-0.464364,-0.153125
0.488966,-0.896875,-0.430122,-0.590625
0.520731,-0.7875,-0.482084,-0.7
0.494349,-0.765625,-0.483252,-0.809375
0.527423,-0.721875,-0.536232,-0.459375
0.531873,-0.65625,-0.505769,-0.196875
0.534565,-0.7,-0.545606,-0.30625
0.419652,-0.678125,-0.544072,-0.2625
0.377874,-0.65625,-0.582891,-0.30625
0.187659,-0.590625,-0.595749,-0.634375
0.216808,-0.525,-0.615439,-0.721875
0.263111,-0.48125,-0.635651,-0.7
0.2235,-0.39375,-0.67075,-0.590625
0.270253,-0.4375,-0.669447,-0.678125
0.229333,-0.459375,-0.691753,-0.83125
0.0404269,-0.371875,-0.709989,-0.7875
0.0378852,-0.415625,-0.733545,-0.7875
-0.0937315,0.021875,-0.756433,-0.83125
-0.052662,0.109375,-0.757747,-0.875
0.149623,-0.13125,-0.756358,-0.940625
0.151006,-0.415625,-0.759416,-0.896875
0.0612426,-0.284375,-0.749305,-0.940625
-0.0126759,0.065625,-0.753236,-0.91875
-0.100681,0.175,-0.739054,-0.9625
0.0276102,-0.065625,-0.74313,-1.02812
0.216667,0.0875,-0.739706,-0.984375
0.219358,-0.109375,-0.71369,-0.7875
0.146748,-0.109375,-0.73149,-0.7
0.146823,-0.2625,-0.704602,-0.984375
0.147348,-0.39375,-0.683734,-1.20312
0.146115,-0.0875,-0.6897,-0.984375
0.308714,-0.021875,-0.65066,-0.9625
0.384091,-0.39375,-0.640199,-0.984375
0.357708,-0.4375,-0.618399,-0.940625
0.316789,-0.634375,-0.605526,-0.984375
0.393474,-0.065625,-0.576021,-0.74375
0.397474,-0.39375,-0.537272,-0.91875
0.488696,-0.4375,-0.506023,-0.9625
0.446919,-0.175,-0.505738,-0.91875
0.454844,-0.590625,-0.469169,-0.809375
0.576448,-0.74375,-0.481676,-0.896875
0.626676,-0.590625,-0.455515,-0.65625
0.560607,-0.74375,-0.467501,-0.7
0.52623,-0.678125,-0.476374,-0.809375
0.487927,-0.678125,-0.468675,-0.503125
0.490619,-0.6125,-0.48255,-0.74375
0.654526,-0.6125,-0.48837,-0.634375
0.658526,-0.503125,-0.486486,-0.196875
0.621531,-0.7,-0.501028,-0.74375
0.551538,-0.74375,-0.528423,-0.634375
0.628223,-0.721875,-0.524503,-0.153125
0.556921,-0.74375,-0.526253,-0.83125
0.516002,-0.56875,-0.547833,-0.765625
0.633391,-0.809375,-0.571825,-0.634375
0.638699,-0.74375,-0.584332,-0.809375
0.55286,-0.721875,-0.576342,-0.721875
0.511941,-0.74375,-0.583762,-0.678125
0.486867,-0.7,-0.591676,-0.415625
0.604546,-0.678125,-0.600114,-0.459375
0.60593,-0.765625,-0.577587,-0.809375
0.681306,-0.74375,-0.601578,-0.678125
0.567702,-0.765625,-0.593589,-0.503125
0.526782,-0.7,-0.586471,-0.721875
0.337876,-0.765625,-0.599705,-0.6125
0.456864,-0.546875,-0.568106,-0.7875
0.505333,-0.721875,-0.571891,-0.809375
0.62563,-0.634375,-0.564919,-0.590625
0.671932,-0.875,-0.544427,-0.7875
0.471106,-0.853125,-0.524603,-0.7875
0.354884,-0.65625,-0.526353,-0.721875
0.225434,-0.634375,-0.507897,-0.809375
0.359818,-0.590625,-0.489586,-0.765625
0.478806,-0.634375,-0.491276,-0.765625
0.644021,-0.590625,-0.49448,-0.678125
0.645405,-0.6125,-0.463667,-0.765625
0.558257,-0.6125,-0.463818,-0.65625
0.281679,-0.39375,-0.504323,-0.721875
0.206452,-0.634375,-0.451123,-0.940625
0.367743,-0.634375,-0.461014,-0.7875
0.53165,-0.7,-0.511403,-0.765625
0.567341,-0.634375,-0.51766,-0.7875
0.494281,-0.590625,-0.497459,-0.7875
0.28822,-0.590625,-0.551483,-0.371875
0.168074,-0.4375,-0.5166,-0.4375
0.0770019,-0.634375,-0.554401,-0.853125
0.117621,-0.175,-0.558854,-0.48125
0.276295,-0.634375,-0.55697,-0.634375
0.395283,-0.35,-0.607564,-0.7
0.440278,-0.48125,-0.590793,-0.48125
0.236384,-0.415625,-0.598649,-0.74375
0.158541,-0.39375,-0.64177,-0.7
-0.00783333,-0.39375,-0.610521,-0.853125
0.0301694,-0.35,-0.667162,-0.853125
0.142616,0,-0.652485,-0.91875
0.25637,-0.2625,-0.672347,-0.83125
0.298748,-0.35,-0.66741,-0.503125
0.209843,-0.39375,-0.688639,-0.48125
0.131999,-0.30625,-0.702541,-0.525
0.0832296,-0.328125,-0.693534,-0.56875
0.0327019,-0.284375,-0.691881,-0.896875
-0.00153056,-0.30625,-0.707005,-0.459375
0.110916,-0.2625,-0.715092,-0.546875
0.150227,0.04375,-0.720622,-0.853125
0.176759,-0.371875,-0.714172,-0.809375
0.172909,-0.371875,-0.744501,-0.896875
0.21222,-0.328125,-0.743198,-0.91875
0.0920741,-0.328125,-0.732823,-0.459375
-0.000306481,0.0875,-0.744022,-0.896875
-0.0336806,0.065625,-0.741351,-1.02812
0.122377,-0.065625,-0.733216,-0.634375
0.147151,-0.35,-0.721824,-0.940625
0.23314,-0.39375,-0.735726,-0.984375
0.274209,-0.371875,-0.734423,-1.11563
0.140384,-0.35,-0.701806,-1.07187
0.181454,-0.13125,-0.732485,-0.875
0.222073,-0.13125,-0.716295,-0.984375
0.10716,-0.371875,-0.706938,-0.940625
0.265834,0.04375,-0.71741,-0.65625
0.22054,-0.328125,-0.70907,-0.7
0.291992,-0.35,-0.726897,-0.590625
0.335228,-0.371875,-0.711202,-0.6125
0.290383,-0.39375,-0.731064,-0.9625
0.334069,-0.39375,-0.555403,-0.6125
0.381231,-0.503125,-0.760176,-0.853125
0.221398,-0.39375,-0.752187,-0.940625
0.338628,-0.240625,-0.741812,-0.9625
0.341319,-0.39375,-0.758621,-1.00625
0.507394,-0.371875,-0.772873,-1.07187
0.510085,-0.4375,-0.801166,-0.984375
0.438333,-0.48125,-0.835129,-0.896875
0.398722,-0.525,-0.837111,-0.809375
0.472341,-0.525,-0.876889,-0.721875
0.605866,-0.56875,-0.901462,-0.984375
0.475966,-0.65625,-0.92365,-0.765625
0.564571,-0.590625,-0.929265,-1.05
0.565505,-0.634375,-0.930956,-0.940625
0.568196,-0.721875,-0.926164,-1.11563
0.56913,-0.721875,-0.982951,-1.09375
0.571821,-0.74375,-1.01357,-1.00625
0.530452,-0.809375,-0.982116,-1.35625
0.620366,-0.765625,-0.979737,-1.4875
0.740212,-0.853125,-0.971892,-1.50937
0.65699,-0.896875,-0.963698,-1.26875
0.791373,-0.875,-0.931372,-1.50937
0.635466,-1.00625,-0.918526,-1.42188
0.711701,-0.91875,-0.778771,-1.61875
0.67209,-0.875,-0.739031,-1.00625
0.836856,-0.984375,-0.702694,-1.29062
0.842164,-1.09375,-0.645801,-1.50937
0.847022,-1.09375,-0.574515,-1.09375
0.895942,-1.11563,-0.523727,-1.42188
0.828115,-1.15938,-0.484714,-1.29062
0.862047,-1.1375,-0.436107,-1.24687
0.871281,-1.18125,-0.386773,-0.940625
0.968594,-1.15938,-0.37538,-0.6125
0.9316,-1.225,-0.391026,-0.875
0.937767,-1.225,-0.40769,-0.35
0.900772,-1.24687,-0.423337,-0.6125
0.905631,-1.225,-0.437965,-0.853125
0.839112,-1.24687,-0.453612,-0.56875
0.84442,-1.15938,-0.46824,-0.2625
0.89289,-1.18125,-0.496389,-0.809375
0.852829,-1.20312,-0.494445,-0.678125
0.904365,-1.07187,-0.510091,-0.2625
0.707013,-1.20312,-0.552776,-0.678125
0.667402,-0.91875,-0.536296,-0.525
0.596958,-1.00625,-0.552669,-0.7
0.601817,-0.91875,-0.62719,-0.175
0.6032,-0.9625,-0.59501,-0.459375
0.634516,-0.7,-0.645254,-0.7875
0.607683,-0.853125,-0.65276,-0.83125
0.565456,-0.809375,-0.676692,-0.459375
0.402556,-0.634375,-0.685942,-0.91875
0.283269,-0.546875,-0.705804,-0.853125
0.280727,-0.503125,-0.721741,-0.91875
0.279044,-0.503125,-0.74829,-0.896875
0.439884,-0.546875,-0.754138,-1.05
0.278744,-0.65625,-0.770947,-0.940625
0.306134,-0.4375,-0.791536,-0.9625
0.0679333,-0.503125,-0.793517,-0.940625
0.0217806,-0.328125,-0.802331,-0.984375
0.177388,-0.284375,-0.788758,-0.7
0.292001,-0.328125,-0.799257,-0.984375
0.333929,-0.39375,-0.780014,-1.11563
0.287776,-0.39375,-0.782141,-1.05
0.254402,-0.39375,-0.787176,-0.853125
0.206491,-0.35,-0.779417,-0.896875
0.157721,-0.35,-0.774362,-1.07187
0.10981,-0.30625,-0.785065,-0.83125
0.236344,-0.30625,-0.762915,-1.02812
0.233352,-0.30625,-0.75821,-1.00625
0.349723,-0.35,-0.768564,-1.05
0.346731,-0.371875,-0.769673,-1.1375
0.300129,-0.371875,-0.76395,-0.896875
0.253526,-0.371875,-0.785411,-1.07187
0.249676,-0.35,-0.769598,-1.26875
0.245376,-0.371875,-0.770562,-1.00625
0.21331,-0.30625,-0.776323,-1.26875
0.33054,-0.371875,-0.771267,-1.09375
0.449078,-0.4375,-0.755804,-1.02812
0.538992,-0.459375,-0.758803,-1.05
0.380018,-0.590625,-0.750695,-1.15938
0.336031,-0.503125,-0.731452,-1.00625
0.379268,-0.503125,-0.722676,-0.83125
0.452886,-0.525,-0.733176,-0.7
0.540183,-0.6125,-0.705211,-1.07187
0.658721,-0.6125,-0.712948,-0.6125
0.660963,-0.65625,-0.694868,-1.09375
0.663205,-0.721875,-0.693215,-0.91875
0.576916,-0.74375,-0.68249,-1.09375
0.548775,-0.74375,-0.666301,-1.225
0.577924,-0.74375,-0.677817,-1.24687
0.710999,-0.984375,-0.677182,-0.48125
0.714549,-0.853125,-0.65227,-0.525
0.879315,-0.83125,-0.677947,-0.525
0.756406,-1.05,-0.671497,-1.00625
0.847179,-0.9625,-0.672229,-0.984375
0.689513,-1.02812,-0.686131,-0.6125
0.648594,-0.9625,-0.676774,-0.9625
0.767131,-0.896875,-0.676139,-1.18125
0.814293,-1.02812,-0.675503,-1.00625
0.905065,-1.00625,-0.675886,-0.984375
0.821843,-1.09375,-0.676268,-0.984375
0.780473,-1.09375,-0.661096,-1.15938
0.753641,-1.05,-0.676015,-0.765625
0.712271,-1.09375,-0.67538,-1.15938
0.670902,-1.05,-0.661226,-1.09375
0.87842,-1.02812,-0.653903,-1.00625
0.766982,-1.1375,-0.634079,-0.83125
0.959514,-1.07187,-0.627775,-0.91875
0.803156,-1.18125,-0.630192,-0.984375
0.805848,-1.1375,-0.624905,-1.05
0.779016,-1.07187,-0.621508,-1.02812
0.620042,-1.07187,-0.583889,-0.74375
0.651357,-0.984375,-0.601862,-0.678125
0.784432,-1.02812,-0.592795,-0.765625
0.978722,-1.00625,-0.590561,-0.765625
0.909587,-1.15938,-0.606789,-0.7
0.795532,-1.07187,-0.581295,-0.678125
0.591639,-0.940625,-0.585748,-0.7875
0.473659,-0.875,-0.558219,-0.65625
0.633192,-0.765625,-0.578226,-0.678125
0.634575,-0.853125,-0.579567,-0.7
0.870718,-0.896875,-0.562941,-0.65625
0.756663,-1.00625,-0.588909,-0.875
0.669066,-0.91875,-0.577952,-0.940625
0.507475,-0.875,-0.600867,-1.02812
0.343268,-0.7875,-0.572989,-1.05
0.427498,-0.7,-0.591978,-0.940625
0.427123,-0.721875,-0.584947,-1.05
0.498575,-0.7,-0.622399,-0.65625
0.629033,-0.721875,-0.627869,-0.634375
0.540128,-0.7875,-0.625285,-1.09375
0.422148,-0.7,-0.639477,-0.678125
0.301552,-0.65625,-0.656432,-0.546875
0.16511,-0.56875,-0.666554,-1.07187
0.248032,-0.415625,-0.645363,-0.984375
0.200121,-0.48125,-0.679762,-0.7
0.357037,-0.503125,-0.682179,-0.984375
0.354045,-0.503125,-0.666802,-0.65625
0.512269,-0.503125,-0.719664,-0.984375
0.232216,-0.503125,-0.703619,-0.765625
0.139385,-0.459375,-0.702634,-0.65625
0.102086,-0.2625,-0.695166,-0.721875
-0.0634296,-0.240625,-0.709068,-0.984375
0.162246,-0.35,-0.698343,-1.1375
0.275551,-0.196875,-0.72591,-1.02812
0.359781,-0.415625,-0.710883,-0.984375
0.35679,-0.415625,-0.697396,-1.18125
0.265268,-0.35,-0.697778,-1.07187
0.0706778,-0.35,-0.697811,-0.65625
0.0188417,-0.13125,-0.701973,-1.05
0.0846102,-0.13125,-0.686801,-1.11563
0.123921,-0.109375,-0.69759,-0.74375
0.163232,-0.13125,-0.681546,-1.26875
0.320148,-0.109375,-0.675909,-1.29062
0.229934,-0.39375,-0.657102,-1.05
0.19656,-0.35,-0.66891,-1.00625
0.0310444,-0.35,-0.68005,-0.940625
-0.0617861,-0.04375,-0.655951,-1.225
0.0198278,-0.284375,-0.668108,-0.56875
0.0432935,-0.021875,-0.670176,-0.590625
0.24382,0.0875,-0.684368,-1.02812
0.168144,-0.328125,-0.679749,-1.11563
0.192918,-0.240625,-0.65222,-0.634375
0.0287102,-0.328125,-0.664695,-1.02812
0.0226519,0.021875,-0.644521,-0.65625
0.061963,0.065625,-0.693775,-0.6125
-0.0599417,-0.2625,-0.682323,-1.1375
0.0939074,0.065625,-0.675318,-0.984375
-0.0279972,0,-0.69294,-1.1375
0.0839991,0.021875,-0.695676,-1.11563
0.036088,0.021875,-0.707483,-0.984375
0.0300296,-0.2625,-0.73246,-1.26875
0.112952,0.021875,-0.72973,-0.56875
-0.0234898,0.0875,-0.73043,-0.896875
-0.0308565,0.04375,-0.753722,-1.11563
-0.10915,0.04375,-0.73596,-1.11563
0.0451491,0.065625,-0.753437,-0.896875
-0.00452037,-0.284375,-0.775361,-0.853125
-0.0537398,0.021875,-0.759489,-1.18125
-0.0144287,0.021875,-0.806039,-1.18125
-0.020487,0.021875,-0.780427,-0.721875
-0.100089,0.021875,-0.799299,-1.05
-0.149308,0.04375,-0.812705,-1.29062
0.00454074,0.0875,-0.800613,-1.11563
-0.117364,0,-0.842076,-1.11563
-0.00536759,0.0875,-0.845392,-1.33438
-0.055037,0.065625,-0.845656,-0.6125
0.0278852,0.065625,-0.848305,-0.7
-0.0200259,-0.240625,-0.877643,-1.26875
-0.0234676,-0.065625,-0.875872,-1.05
0.0158435,-0.021875,-0.866396,-0.896875
-0.0307593,0.0875,-0.876459,-0.74375
0.0834037,0.0875,-0.907687,-0.853125
0.167634,-0.328125,-0.882656,-1.26875
0.123198,-0.109375,-0.885014,-0.83125
0.0779037,-0.13125,-0.882226,-1.225
0.236128,-0.328125,-0.882199,-1.26875
0.193,-0.39375,-0.872723,-1.15938
0.394835,-0.371875,-0.862229,-1.1375
0.323942,-0.459375,-0.852086,-1.225
0.324875,-0.4375,-0.82909,-1.37813
0.398494,-0.39375,-0.806822,-1.46562
0.446513,-0.4375,-0.787897,-1.29062
0.448755,-0.459375,-0.782491,-1.44375
0.61307,-0.4375,-0.738767,-1.26875
0.690614,-0.56875,-0.72871,-1.20312
0.533806,-0.7,-0.686671,-0.853125
0.46598,-0.65625,-0.65161,-0.91875
0.674356,-0.634375,-0.630214,-1.15938
0.710456,-0.74375,-0.599223,-1.09375
0.87653,-0.83125,-0.568377,-1.29062
0.76595,-0.940625,-0.546604,-1.07187
0.729814,-0.9625,-0.568238,-1.11563
0.779142,-1.00625,-0.554982,-0.9625
0.787925,-1.05,-0.508873,-1.11563
0.793642,-1.11563,-0.56932,-0.940625
0.888339,-1.11563,-0.591971,-1.05
0.894056,-1.15938,-0.549641,-1.02812
0.904147,-1.15938,-0.565605,-0.896875
0.780339,-1.18125,-0.608608,-1.02812
0.667593,-1.15938,-0.667892,-1.02812
0.671143,-1.07187,-0.659289,-0.896875
0.882994,-1.02812,-0.679904,-1.02812
0.84555,-1.1375,-0.721744,-0.984375
0.896186,-1.09375,-0.749047,-1.07187
0.651298,-1.1375,-0.753817,-0.91875
0.654398,-0.9625,-0.772107,-0.896875
0.586571,-1.00625,-0.786617,-0.940625
0.749579,-0.940625,-0.822351,-0.9625
0.827981,-0.9625,-0.840641,-1.18125
0.802456,-0.984375,-0.852099,-0.678125
0.672106,-0.984375,-0.860503,-1.02812
0.48275,-0.91875,-0.866873,-1.02812
0.513616,-0.83125,-0.870335,-1.29062
0.514549,-0.853125,-0.900981,-1.15938
0.56126,-0.83125,-0.898278,-0.984375
0.518582,-0.83125,-0.90363,-1.33438
0.519066,-0.83125,-0.922501,-1.33438
0.519999,-0.809375,-0.918114,-1.11563
0.491408,-0.74375,-0.938875,-0.896875
0.565027,-0.74375,-0.924747,-1.42188
0.56551,-0.74375,-0.927046,-1.225
0.520216,-0.74375,-0.934492,-1.35625
0.492075,-0.721875,-0.90551,-1.4
0.49125,-0.721875,-0.908509,-1.37813
0.403653,-0.721875,-0.902786,-1.33438
0.564494,-0.7,-0.880636,-1.24687
0.655266,-0.721875,-0.868226,-1.07187
0.526674,-0.7,-0.874277,-1.02812
0.526299,-0.7,-0.855035,-0.984375
0.248412,-0.678125,-0.840589,-0.984375
0.495167,-0.525,-0.850421,-0.875
0.453797,-0.590625,-0.848768,-1.3125
0.615496,-0.590625,-0.831561,-1.24687
0.661349,-0.634375,-0.830926,-1.35625
0.576369,-0.65625,-0.83029,-1.18125
0.575994,-0.65625,-0.786916,-1.33438
0.415711,-0.634375,-0.785264,-0.83125
0.576552,-0.7,-0.762387,-0.853125
0.5048,-0.765625,-0.754714,-1.37813
0.666499,-0.721875,-0.764837,-1.18125
0.62513,-0.765625,-0.745013,-1.1375
0.582452,-0.765625,-0.729986,-1.1375
0.5107,-0.875,-0.742143,-1.225
0.584319,-0.74375,-0.722319,-1.11563
0.672024,-0.765625,-0.726772,-1.05
0.630655,-0.809375,-0.714798,-1.02812
0.631588,-0.83125,-0.710528,-1.18125
0.429003,-0.83125,-0.723353,-1.18125
0.51585,-0.809375,-0.718066,-1.02812
0.472722,-0.7875,-0.723537,-1.09375
0.63618,-0.809375,-0.747469,-1.15938
0.756026,-0.809375,-0.735495,-0.984375
0.59836,-0.875,-0.740615,-1.09375
0.641146,-0.853125,-0.760477,-1.11563
0.437253,-0.896875,-0.762895,-0.91875
0.436878,-0.875,-0.778832,-1.07187
0.555416,-0.765625,-0.812881,-1.18125
0.64488,-0.7875,-0.832743,-1.07187
0.764276,-0.590625,-0.825421,-0.875
0.695141,-0.91875,-0.866507,-0.896875
0.536167,-1.09375,-0.874244,-1.1375
0.405817,-0.765625,-0.893815,-1.35625
0.491356,-0.721875,-0.897832,-1.37813
0.653505,-0.721875,-0.909699,-1.46562
0.72974,-0.83125,-0.923105,-1.35625
0.775143,-0.875,-0.932937,-0.984375
0.573866,-0.91875,-0.967917,-1.35625
0.617102,-0.765625,-0.928845,-1.46562
0.5449,-0.91875,-0.930826,-1.26875
0.737431,-0.83125,-0.938273,-1.07187
0.740981,-0.91875,-0.933567,-1.42188
0.74539,-0.91875,-0.924791,-1.37813
0.791243,-1.05,-0.918718,-1.29062
0.677188,-1.05,-0.879996,-1.35625
0.886423,-0.984375,-0.865841,-1.3125
0.75914,-1.1375,-0.837672,-1.46562
0.89614,-1.35625,-0.830204,-1.225
0.740641,-1.07187,-0.790551,-1.44375
0.818184,-1.20312,-0.768691,-0.984375
0.824351,-1.1375,-0.74183,-1.24687
0.951597,-1.225,-0.711685,-1.29062
0.887695,-1.20312,-0.687876,-1.1375
0.851559,-1.11563,-0.689713,-1.1375
0.814973,-1.42188,-0.669975,-0.83125
0.819831,-1.09375,-0.62631,-0.853125
0.986764,-0.984375,-0.631866,-0.91875
0.994239,-1.18125,-0.687199,-1.07187
0.997789,-1.18125,-0.652924,-1.09375
0.810599,-1.24687,-0.663482,-1.00625
0.679391,-1.18125,-0.719191,-0.91875
0.649492,-1.15938,-0.727714,-0.83125
0.72311,-1.09375,-0.737923,-1.09375
0.886568,-1.11563,-0.748481,-1.18125
0.848673,-1.20312,-0.781949,-0.634375
0.692316,-1.07187,-0.776602,-0.721875
0.531583,-0.9625,-0.787888,-1.00625
0.458523,-0.853125,-0.815772,-1.11563
0.573994,-0.875,-0.865026,-1.18125
0.6617,-0.83125,-0.877501,-1.07187
0.782405,-0.83125,-0.888608,-1.07187
0.508443,-0.83125,-0.902827,-1.225
0.375476,-0.853125,-0.915534,-1.44375
0.34296,-0.7875,-0.933388,-1.33438
0.41482,-0.765625,-0.936354,-1.35625
0.458915,-0.634375,-0.936764,-1.26875
0.45854,-0.7875,-0.926561,-1.225
0.414104,-0.7,-0.953804,-1.33438
0.369668,-0.721875,-0.922232,-1.37813
0.367534,-0.634375,-0.909644,-1.24687
0.291407,-0.525,-0.909036,-1.29062
0.360651,-0.590625,-0.872316,-1.50937
0.403887,-0.525,-0.864149,-1.225
0.565586,-0.56875,-0.863481,-1.20312
0.567378,-0.634375,-0.846737,-1.225
0.406645,-0.590625,-0.830514,-1.225
0.199685,-0.634375,-0.820107,-1.225
0.194935,-0.634375,-0.81005,-1.11563
0.399387,-0.525,-0.811417,-1.20312
0.679999,-0.48125,-0.807465,-1.20312
0.655333,-0.634375,-0.798366,-1.1375
0.45099,-0.65625,-0.782639,-1.15938
0.170036,-0.7,-0.798399,-1.15938
0.166594,-0.525,-0.807471,-1.11563
0.354751,-0.2625,-0.809189,-1.11563
0.647283,-0.634375,-0.813609,-1.09375
0.649525,-0.6125,-0.823176,-1.05
0.488793,-0.546875,-0.817712,-1.05
0.281832,-0.721875,-0.830564,-1.18125
0.0722556,-0.590625,-0.848417,-0.83125
0.228721,-0.546875,-0.8399,-1.33438
0.385187,-0.48125,-0.861474,-0.809375
0.500658,-0.525,-0.861156,-1.09375
0.630667,-0.56875,-0.89247,-1.18125
0.4977,-0.56875,-0.904304,-1.1375
0.423331,-0.546875,-0.901601,-1.24687
0.37497,-0.525,-0.890381,-1.26875
0.0927083,-0.459375,-0.897127,-0.853125
0.202946,-0.459375,-0.913614,-0.91875
0.199505,-0.48125,-0.933007,-1.11563
0.473575,-0.39375,-0.900417,-1.29062
0.678885,-0.546875,-0.928678,-1.11563
0.724288,-0.546875,-0.932663,-1.18125
0.637549,-0.634375,-0.945369,-1.225
0.356595,-0.634375,-0.949413,-1.33438
0.308234,-0.590625,-0.929847,-1.05
0.143577,-0.546875,-0.926708,-1.37813
0.387265,-0.48125,-0.947846,-1.33438
0.592575,-0.546875,-0.910109,-1.33438
0.828268,-0.634375,-0.897666,-1.29062
0.787756,-0.74375,-0.893278,-0.9625
0.715555,-0.7875,-0.866299,-1.44375
0.511211,-0.809375,-0.846006,-1.55313
0.436393,-0.853125,-0.815101,-1.35625
0.391098,-0.721875,-0.780417,-1.46562
0.596408,-0.721875,-0.749803,-1.4875
0.919323,-0.809375,-0.729947,-1.05
0.955422,-0.940625,-0.715178,-1.29062
0.959831,-1.07187,-0.668778,-1.20312
0.731646,-1.09375,-0.66186,-0.65625
0.73213,-1.00625,-0.648109,-1.3125
0.645391,-1.05,-0.611099,-1.02812
0.780632,-1.02812,-0.624677,-0.984375
0.856418,-1.1375,-0.637239,-0.9625
0.977122,-1.15938,-0.650817,-1.07187
0.981531,-1.225,-0.664396,-1.07187
0.823415,-1.225,-0.675939,-0.875
0.75383,-1.11563,-0.734001,-1.11563
0.637567,-1.1375,-0.719233,-0.91875
0.63805,-1.05,-0.704464,-0.940625
0.801057,-1.07187,-0.737232,-1.02812
0.802849,-1.1375,-0.800964,-0.896875
0.835023,-1.11563,-0.819194,-1.00625
0.807741,-1.1375,-0.808205,-1.20312
0.677391,-1.07187,-0.831088,-0.984375
0.647492,-1.02812,-0.83414,-1.07187
0.514525,-0.9625,-0.874322,-0.721875
0.557311,-0.875,-0.876707,-1.26875
0.556486,-0.875,-0.895519,-1.33438
0.644192,-0.896875,-0.881477,-1.11563
0.805891,-0.91875,-0.916512,-1.3125
0.762313,-0.940625,-0.925901,-0.765625
0.672957,-0.940625,-0.947126,-1.35625
0.436923,-0.896875,-0.944073,-1.37813
0.273574,-0.765625,-0.958114,-1.42188
0.342368,-0.721875,-0.945322,-1.4
0.632283,-0.678125,-0.959364,-1.26875
0.823056,-0.853125,-0.964161,-1.53125
0.796632,-0.91875,-0.972883,-1.50937
0.664974,-0.74375,-0.96948,-0.9625
0.473859,-0.809375,-0.982854,-0.9625
0.309202,-0.765625,-0.944417,-1.07187
0.304002,-0.74375,-0.97509,-1.44375
0.578072,-0.634375,-0.964855,-0.91875
0.738463,-0.74375,-0.936653,-1.35625
0.739805,-0.74375,-0.920749,-1.42188
0.580381,-0.853125,-0.94299,-1.46562
0.534636,-0.809375,-0.929848,-1.3125
0.460676,-0.678125,-0.891034,-1.4
0.413623,-0.83125,-0.870187,-1.44375
0.41149,-0.83125,-0.878909,-1.37813
0.455134,-0.65625,-0.857335,-1.35625
0.483383,-0.7,-0.834221,-1.29062
0.617317,-0.65625,-0.822387,-1.02812
0.646424,-0.74375,-0.827475,-1.225
0.572914,-0.9625,-0.807936,-1.225
0.454484,-0.7,-0.816453,-1.24687
0.290685,-0.7,-0.787525,-1.1375
0.242324,-0.634375,-0.783395,-0.984375
0.443709,-0.6125,-0.826279,-1.11563
0.60365,-0.634375,-0.81648,-1.24687
0.72043,-0.678125,-0.830958,-1.11563
0.675994,-0.721875,-0.840843,-1.11563
0.442126,-0.765625,-0.831044,-1.225
0.27616,-0.65625,-0.839416,-1.15938
0.184188,-0.6125,-0.863693,-0.984375
0.135377,-0.546875,-0.863343,-1.1375
0.380373,-0.4375,-0.872733,-0.91875
0.583925,-0.48125,-0.890323,-0.940625
0.613482,-0.415625,-0.90073,-1.07187
0.45275,-0.56875,-0.915935,-1.11563
0.331254,-0.525,-0.907067,-1.225
0.285509,-0.590625,-0.942478,-1.15938
0.0904694,-0.525,-0.944745,-1.29062
0.246485,-0.4375,-0.956751,-1.33438
0.35934,-0.459375,-0.967218,-0.91875
0.591966,-0.503125,-0.970502,-1.29062
0.564683,-0.503125,-0.973787,-1.3125
0.434333,-0.525,-0.998295,-1.26875
0.270534,-0.503125,-1.01036,-1.37813
0.23671,-0.503125,-0.98239,-0.9625
0.23151,-0.503125,-1.00385,-1.46562
0.624494,-0.503125,-0.99739,-1.29062
0.550983,-0.6125,-0.9889,-1.50937
0.507406,-0.6125,-0.960552,-1.37813
0.550192,-0.7,-0.952062,-1.4
0.464311,-0.7,-0.930051,-1.35625
0.467411,-0.634375,-0.875188,-1.225
0.351598,-0.678125,-0.876437,-1.61875
0.588149,-0.65625,-0.843088,-1.42188
0.753773,-0.7,-0.79055,-1.26875
0.844954,-0.83125,-0.795288,-1.3125
0.690763,-0.896875,-0.775226,-1.24687
0.606641,-0.875,-0.772114,-1.46562
0.445458,-0.83125,-0.75839,-1.05
0.492169,-0.940625,-0.750626,-1.15938
0.859554,-0.83125,-0.750713,-1.33438
0.936647,-0.91875,-0.768243,-1.225
0.941914,-1.07187,-0.783884,-1.3125
0.827409,-1.07187,-0.790657,-0.634375
0.59485,-1.00625,-0.78958,-1.07187
0.438043,-0.896875,-0.809873,-1.20312
0.672427,-0.809375,-0.822315,-1.02812
0.79399,-0.9625,-0.836793,-1.225
0.959614,-1.00625,-0.87453,-0.984375
0.851201,-1.07187,-0.885083,-1.20312
0.738005,-1.05,-0.928489,-0.896875
0.620433,-1.00625,-0.926104,-1.33438
0.532386,-0.91875,-0.953665,-1.37813
0.619642,-0.896875,-0.973172,-1.42188
0.73773,-0.91875,-0.968401,-1.42188
0.857984,-1.00625,-1.02928,-1.18125
1.10776,-1.05,-1.01834,-1.29062
0.950506,-1.225,-1.02674,-1.53125
0.791082,-1.11563,-1.00985,-1.225
0.542678,-1.07187,-1.00101,-1.50937
0.541403,-0.9625,-1.01028,-1.37813
0.744955,-1.05,-0.992365,-1.50937
0.90927,-1.00625,-0.988263,-1.55313
1.03083,-1.1375,-0.969623,-1.575
1.07971,-1.15938,-0.956798,-1.50937
0.835681,-1.15938,-0.929436,-1.55313
0.76303,-1.1375,-0.898499,-1.1375
0.601847,-0.940625,-0.894396,-1.50937
0.645492,-0.896875,-0.859329,-1.59688
0.808499,-0.875,-0.837055,-1.33438
0.972365,-1.07187,-0.825539,-1.07187
1.09393,-1.1375,-0.821872,-1.44375
1.05558,-1.225,-0.788259,-1.37813
0.824782,-1.20312,-0.752611,-1.42188
0.576378,-1.15938,-0.751851,-1.50937
0.576411,-0.984375,-0.725943,-1.24687
0.664975,-0.984375,-0.679828,-1.46562
0.945587,-1.00625,-0.692007,-1.29062
1.02223,-1.1375,-0.704186,-1.20312
0.997115,-1.15938,-0.716364,-0.984375
0.794938,-1.1375,-0.726508,-1.11563
0.47254,-1.02812,-0.733599,-1.11563
0.424179,-0.9625,-0.737637,-0.984375
0.422904,-0.940625,-0.745745,-0.678125
0.670067,-0.875,-0.753853,-0.940625
0.835241,-0.896875,-0.765014,-1.1375
0.793421,-1.00625,-0.77414,-1.20312
0.545017,-0.91875,-0.781231,-1.3125
0.307224,-0.7875,-0.831788,-1.26875
0.185728,-0.65625,-0.811549,-1.07187
0.180978,-0.56875,-0.820384,-1.26875
0.45329,-0.503125,-0.840849,-0.765625
0.685916,-0.74375,-0.855294,-1.26875
0.732177,-0.765625,-0.863402,-1.20312
0.569686,-0.853125,-0.898404,-1.07187
0.288732,-0.590625,-0.898372,-1.29062
0.121008,-0.503125,-0.897322,-1.35625
0.113192,-0.48125,-0.900051,-1.4875
0.340584,-0.459375,-0.900019,-1.44375
0.470593,-0.503125,-0.919116,-0.765625
0.586922,-0.546875,-0.922137,-1.42188
0.540728,-0.525,-0.923122,-1.37813
0.376929,-0.590625,-0.937626,-1.42188
0.297735,-0.525,-0.929744,-1.46562
0.08685,-0.4375,-0.940846,-1.225
-0.00818889,-0.415625,-0.921189,-0.809375
0.0738333,-0.371875,-0.924936,-1.00625
0.346145,-0.48125,-0.942348,-1.46562
0.507394,-0.39375,-0.934261,-1.4
0.622866,-0.525,-0.935246,-1.35625
0.461683,-0.590625,-0.935214,-1.44375
0.266194,-0.39375,-0.932128,-1.35625
0.05355,-0.39375,-0.93538,-0.83125
0.0470417,-0.39375,-0.931277,-1.24687
0.0832861,-0.35,-0.927175,-1.42188
0.4309,-0.021875,-0.940312,-1.64062
0.592149,-0.4375,-0.927777,-1.37813
0.563108,-0.503125,-0.928763,-1.225
0.313395,-0.503125,-0.926345,-1.35625
0.148738,-0.56875,-0.922242,-1.225
0.0986185,-0.48125,-0.918139,-1.225
0.0630361,-0.4375,-0.936946,-1.09375
0.248126,0.0875,-0.919324,-0.765625
0.493981,-0.4375,-0.940515,-1.26875
0.538075,-0.525,-0.940133,-1.3125
0.535492,-0.503125,-0.94577,-1.4
0.446994,-0.56875,-0.949167,-1.3125
0.326806,-0.56875,-0.961491,-1.46562
0.234384,-0.4375,-0.968873,-1.4875
0.230943,-0.459375,-0.962385,-1.4875
0.228359,-0.415625,-0.965987,-1.29062
0.430603,-0.284375,-0.989445,-1.29062
0.546932,-0.48125,-0.993047,-1.33438
0.591885,-0.546875,-1.0088,-1.33438
0.594535,-0.590625,-0.995976,-1.3125
0.433803,-0.6125,-1.01943,-1.24687
0.390225,-0.56875,-1.00341,-1.26875
0.313648,-0.56875,-1.04606,-1.33438
0.429978,-0.56875,-1.01361,-1.4
0.634838,-0.6125,-1.00508,-1.42188
0.754234,-0.7,-1.01915,-1.35625
0.846723,-0.721875,-1.01165,-1.575
0.804454,-0.875,-0.985013,-1.575
0.600969,-0.7,-0.991899,-1.15938
0.529625,-0.83125,-0.972968,-1.33438
0.529658,-0.83125,-0.954705,-1.225
0.723048,-0.853125,-0.940717,-1.68437
1.01906,-0.984375,-0.911115,-1.64062
1.0534,-1.1375,-0.884771,-1.00625
0.944983,-1.20312,-0.868834,-1.09375
0.786418,-1.225,-0.81699,-1.11563
0.62916,-1.18125,-0.800386,-1.55313
0.749865,-1.09375,-0.771075,-1.46562
0.913731,-1.15938,-0.757668,-1.4875
1.12252,-1.26875,-0.709168,-0.984375
1.1727,-1.4,-0.7005,-1.37813
1.06167,-1.42188,-0.665142,-1.29062
0.817193,-1.37813,-0.650659,-0.7
0.747607,-1.29062,-0.638211,-1.05
0.822943,-1.20312,-0.649372,-1.02812
0.944506,-1.225,-0.662218,-1.18125
1.10968,-1.3125,-0.675064,-1.15938
1.11495,-1.33438,-0.688261,-1.11563
0.958997,-1.35625,-0.74559,-0.984375
0.683277,-1.24687,-0.707848,-0.6125
0.684619,-1.11563,-0.738865,-1.225
0.845868,-1.09375,-0.761511,-1.15938
0.964814,-1.15938,-0.738305,-0.74375
0.807556,-1.18125,-0.769323,-0.940625
0.779824,-1.09375,-0.816767,-0.875
0.61995,-1.24687,-0.839267,-0.721875
0.620433,-1.02812,-0.849788,-0.634375
0.69446,-0.9625,-0.854493,-0.634375
0.739413,-0.940625,-0.859199,-0.590625
0.650916,-0.984375,-0.878646,-1.02812
0.460659,-0.896875,-0.893818,-0.678125
0.369545,-0.853125,-0.90114,-0.74375
0.455943,-0.74375,-0.910498,-0.7
0.644957,-0.74375,-0.933375,-0.765625
0.807515,-0.765625,-0.92834,-1.15938
0.647641,-0.896875,-0.913771,-1.11563
0.456076,-0.809375,-0.93563,-1.4875
0.247357,-0.721875,-0.931177,-1.37813
0.242157,-0.7,-0.935447,-1.4
0.473475,-0.39375,-0.934047,-1.26875
0.795081,-0.7,-0.942387,-0.896875
0.678819,-0.7875,-0.92456,-0.83125
0.517636,-0.74375,-0.955141,-1.50937
0.352529,-0.7,-0.926412,-1.3125
0.231032,-0.7,-0.921959,-1.225
0.269444,-0.56875,-0.931026,-1.33438
0.544372,-0.6125,-0.938698,-1.26875
0.616232,-0.525,-0.896594,-1.02812
0.585883,-0.65625,-0.920343,-1.02812
0.378473,-0.765625,-0.916908,-1.42188
0.287359,-0.6125,-0.887306,-1.3125
0.282159,-0.590625,-0.914835,-1.26875
0.366798,-0.56875,-0.867934,-1.46562
0.481819,-0.525,-0.875256,-1.225
0.522847,-0.546875,-0.857429,-1.02812
0.404418,-0.546875,-0.880306,-0.91875
0.355606,-0.546875,-0.840092,-1.20312
0.308104,-0.525,-0.838692,-1.33438
0.304212,-0.503125,-0.852497,-1.07187
0.505147,-0.546875,-0.822168,-1.24687
0.460261,-0.56875,-0.816116,-1.3125
0.295154,-0.590625,-0.814716,-1.1375
0.334873,-0.459375,-0.825091,-1.20312
0.126155,-0.459375,-0.809472,-1.20312
0.239868,-0.48125,-0.80307,-1.20312
0.397192,-0.503125,-0.813763,-1.1375
0.52675,-0.525,-0.816751,-1.24687
0.321956,-0.546875,-0.793922,-1.26875
0.273145,-0.48125,-0.811301,-1.225
0.19526,-0.525,-0.802864,-0.91875
0.146449,-0.503125,-0.810504,-1.07187
0.186169,-0.459375,-0.812825,-1.18125
0.461097,-0.284375,-0.792553,-1.18125
0.342218,-0.56875,-0.809061,-1.20312
0.455931,-0.525,-0.828826,-1.15938
0.204909,-0.525,-0.828761,-1.11563
0.24332,-0.459375,-0.828696,-1.24687
0.166744,-0.4375,-0.820259,-0.896875
0.279148,-0.503125,-0.834731,-1.225
0.320176,-0.525,-0.835684,-1.225
0.433889,-0.525,-0.845709,-1.225
0.226479,-0.48125,-0.844626,-1.18125
0.338433,-0.459375,-0.834822,-1.24687
0.218245,-0.4375,-0.866071,-1.26875
0.215662,-0.459375,-0.882433,-1.18125
0.372986,-0.153125,-0.863906,-1.07187
0.211804,-0.39375,-0.887973,-1.09375
0.295134,-0.35,-0.890002,-1.29062
0.291243,-0.371875,-0.903312,-1.09375
0.246356,-0.415625,-0.891472,-1.33438
0.402372,-0.39375,-0.926005,-1.18125
0.313875,-0.4375,-0.923238,-1.33438
0.238606,-0.35,-0.931604,-1.37813
0.279634,-0.35,-0.951601,-1.20312
0.18852,-0.590625,-0.923915,-1.3125
0.275776,-0.021875,-0.965486,-1.37813
0.438333,-0.35,-0.932131,-1.20312
0.439675,-0.546875,-0.964629,-1.46562
0.470091,-0.459375,-0.956424,-1.4
0.397439,-0.459375,-0.938478,-1.20312
0.394856,-0.459375,-0.937977,-0.853125
0.394889,-0.503125,-0.915585,-0.875
0.351311,-0.65625,-0.913194,-1.33438
0.674634,-0.459375,-0.901209,-1.26875
0.607216,-0.678125,-0.898091,-1.3125
0.611174,-0.590625,-0.882181,-1.29062
0.571521,-0.765625,-0.885751,-1.37813
0.574171,-0.678125,-0.854431,-1.42188
0.621741,-0.65625,-0.843464,-1.20312
0.630932,-0.765625,-0.823919,-1.15938
0.752495,-0.7,-0.806264,-1.225
0.671848,-0.896875,-0.780033,-1.4
0.766954,-0.853125,-0.768834,-1.11563
0.776145,-0.809375,-0.764117,-1.1375
0.696806,-1.02812,-0.737159,-1.29062
0.699456,-1.02812,-0.710201,-1.18125
0.78802,-0.984375,-0.721911,-1.225
0.791979,-1.1375,-0.704692,-1.24687
0.794629,-1.11563,-0.702011,-1.20312
0.842198,-1.11563,-0.709069,-1.20312
0.801237,-1.1375,-0.707405,-1.18125
0.758968,-1.09375,-0.681464,-1.1375
0.644013,-1.07187,-0.710764,-1.07187
0.644046,-1.07187,-0.715788,-0.765625
0.600469,-1.05,-0.714646,-1.1375
0.762576,-0.984375,-0.703242,-1.11563
0.808837,-1.07187,-0.727745,-1.07187
0.564357,-0.91875,-0.725064,-0.853125
0.537933,-0.853125,-0.761051,-0.7
0.494356,-0.809375,-0.765056,-1.00625
0.536692,-0.7875,-0.767026,-1.07187
0.60941,-0.7875,-0.792256,-0.984375
0.536758,-0.809375,-0.803266,-1.15938
0.536792,-0.765625,-0.804537,-1.1375
0.490597,-0.74375,-0.818309,-1.15938
0.400342,-0.678125,-0.811729,-1.09375
0.442678,-0.65625,-0.815762,-1.18125
0.441403,-0.634375,-0.832441,-0.853125
0.482431,-0.6125,-0.852901,-1.1375
0.364409,-0.634375,-0.828876,-1.05
0.393517,-0.590625,-0.849336,-1.1375
0.435853,-0.546875,-0.824294,-1.11563
0.361893,-0.634375,-0.843736,-1.09375
0.392308,-0.525,-0.819362,-1.24687
0.436811,-0.590625,-0.839821,-1.11563
0.31924,-0.546875,-0.814779,-1.29062
0.477872,-0.634375,-0.826516,-0.875
0.31669,-0.65625,-0.794788,-1.33438
0.473564,-0.634375,-0.801727,-1.24687
0.428678,-0.678125,-0.787443,-1.18125
0.382483,-0.6125,-0.768884,-1.3125
0.352134,-0.634375,-0.770154,-1.26875
0.348243,-0.48125,-0.756888,-1.26875
0.506425,-0.590625,-0.750453,-1.26875
0.373008,-0.721875,-0.728464,-1.18125
0.415344,-0.6125,-0.723715,-1.225
0.36915,-0.65625,-0.680502,-1.225
0.338351,-0.546875,-0.714917,-1.20312
0.364842,-0.590625,-0.690166,-0.875
0.333184,-0.546875,-0.695507,-1.1375
0.359675,-0.56875,-0.700498,-1.11563
0.402011,-0.590625,-0.706856,-1.09375
0.355367,-0.56875,-0.712197,-0.721875
0.323709,-0.6125,-0.717188,-1.09375
0.232595,-0.503125,-0.721511,-0.65625
0.315926,-0.503125,-0.725834,-0.7
0.313343,-0.503125,-0.730157,-1.1375
0.382994,-0.503125,-0.735148,-1.09375
0.338108,-0.503125,-0.741506,-1.09375
0.261531,-0.48125,-0.745829,-0.9625
0.170418,-0.240625,-0.748785,-1.05
0.253748,-0.21875,-0.753108,-0.9625
0.207104,-0.459375,-0.812672,-1.15938
0.246823,-0.48125,-0.760387,-1.20312
0.318233,-0.4375,-0.771542,-1.20312
0.241656,-0.2625,-0.769033,-1.15938
0.281376,-0.415625,-0.770971,-1.15938
0.235181,-0.2625,-0.804368,-1.225
0.142309,-0.4375,-0.83727,-1.20312
0.270559,-0.240625,-0.809612,-1.225
0.180754,-0.415625,-0.807102,-1.18125
0.221781,-0.371875,-0.800318,-1.29062
0.261501,-0.30625,-0.83357,-1.20312
0.28885,-0.2625,-0.827803,-1.24687
0.284958,-0.35,-0.852333,-1.35625
0.210998,-0.371875,-0.855289,-1.07187
0.250718,-0.371875,-0.872986,-1.1375
0.118609,-0.35,-0.857479,-0.896875
0.277242,-0.284375,-0.877212,-0.853125
0.317819,-0.35,-0.885837,-1.1375
0.317853,-0.30625,-0.887107,-1.46562
0.361497,-0.21875,-0.912304,-1.4
0.316611,-0.4375,-0.895113,-1.29062
0.274342,-0.240625,-0.896033,-1.18125
0.20124,-0.328125,-0.921085,-1.20312
0.275267,-0.35,-0.904911,-1.1375
0.366447,-0.546875,-0.924293,-0.875
0.484085,-0.525,-0.925214,-1.20312
0.41405,-0.459375,-0.927501,-1.225
0.419317,-0.39375,-0.921735,-1.42188
0.492894,-0.6125,-0.922655,-1.225
0.335636,-0.590625,-0.932648,-1.3125
0.425508,-0.39375,-0.908419,-1.07187
0.455924,-0.590625,-0.936524,-1.3125
0.621098,-0.546875,-0.932125,-1.20312
0.554988,-0.678125,-0.928393,-1.24687
0.516194,-0.678125,-0.948793,-1.20312
0.447467,-0.721875,-0.942009,-1.20312
0.479191,-0.678125,-0.953019,-1.20312
0.615291,-0.678125,-0.956992,-1.44375
0.57433,-0.765625,-0.973467,-1.42188
0.691968,-0.765625,-0.951128,-1.26875
0.743462,-0.83125,-0.986415,-1.29062
0.631982,-0.853125,-0.988353,-1.4
0.431114,-0.853125,-1.00948,-1.3125
0.476067,-0.809375,-1.00837,-1.6625
0.598938,-0.7875,-1.0247,-1.3125
0.679506,-0.7875,-1.05591,-1.64062
0.848606,-0.74375,-1.06163,-1.42188
0.853422,-0.984375,-1.0672,-1.44375
0.581177,-0.875,-1.08222,-1.4
0.582519,-0.875,-1.11832,-1.35625
0.513792,-0.91875,-1.12055,-1.35625
0.710656,-0.83125,-1.16674,-1.35625
0.881064,-1.05,-1.16025,-1.4
0.888947,-1.00625,-1.18559,-1.42188
0.706541,-1.02812,-1.1759,-1.46562
0.458994,-0.940625,-1.17464,-1.575
0.502639,-0.853125,-1.17643,-1.20312
0.624202,-0.7,-1.18695,-1.50937
0.905672,-0.875,-1.16853,-1.575
1.04831,-0.9625,-1.1491,-1.6625
0.926672,-1.09375,-1.12662,-1.68437
0.654427,-1.07187,-1.04787,-1.6625
0.610399,-1.05,-1.02277,-1.20312
0.582667,-1.00625,-0.943799,-1.64062
0.824451,-0.984375,-0.858078,-1.64062
1.20099,-1.11563,-0.779626,-1.64062
1.16657,-1.225,-0.677189,-1.53125
0.944481,-1.37813,-0.626357,-1.35625
0.540094,-1.26875,-0.577415,-0.896875
0.538819,-1.07187,-0.570922,-1.35625
0.74323,-1.07187,-0.540614,-1.18125
0.982397,-1.20312,-0.553714,-1.09375
1.23741,-1.33438,-0.583735,-1.00625
1.19862,-1.33438,-0.650039,-0.678125
0.880143,-1.33438,-0.620604,-1.09375
0.483751,-1.15938,-0.661324,-1.02812
0.318644,-0.940625,-0.663579,-1.00625
0.476826,-0.896875,-0.668538,-1.11563
0.799291,-0.896875,-0.676899,-1.11563
0.963156,-1.09375,-0.685927,-1.11563
1.04197,-0.91875,-0.696991,-0.896875
0.560969,-1.02812,-0.7023,-0.546875
0.354868,-0.809375,-0.70624,-1.15938
0.160686,-0.721875,-0.708496,-1.24687
0.271332,-0.6125,-0.710401,-1.15938
0.472268,-0.6125,-0.714692,-0.940625
0.665207,-0.65625,-0.722703,-1.02812
0.711019,-0.74375,-0.730714,-0.9625
0.51015,-0.9625,-0.739076,-0.984375
0.318585,-0.590625,-0.788517,-0.91875
0.150861,-0.7,-0.78772,-1.02812
0.0579889,-0.6125,-0.778868,-1.02812
0.376529,-0.459375,-0.758532,-0.634375
0.742605,-0.809375,-0.751339,-1.05
0.747871,-0.65625,-0.805868,-1.02812
0.542628,-0.590625,-0.762273,-1.09375
0.142311,-0.590625,-0.822531,-1.07187
-0.112635,-0.459375,-0.806847,-1.09375
0.203288,-0.459375,-0.761216,-1.33438
0.773741,-0.153125,-0.769577,-1.02812
0.735396,-0.634375,-0.839662,-1.11563
0.414306,-0.6125,-0.829065,-1.05
0.0456806,-0.546875,-0.828936,-1.11563
0.0374139,-0.525,-0.780602,-1.3125
0.190813,-0.525,-0.79501,-1.29062
0.39044,-0.2625,-0.811452,-0.634375
0.549072,-0.284375,-0.786319,-1.29062
0.429743,-0.6125,-0.812851,-1.33438
0.454925,-0.48125,-0.791498,-1.33438
