torque_1,torque_1_t,torque_2,torque_2_t
-0.087625,0.284375,-1.27662,0.13125
-0.101575,0.04375,-1.26552,-0.634375
-0.115525,0.371875,-1.25355,-0.809375
-0.129475,0.153125,-1.31833,-0.875
-0.142975,-0.04375,-1.30287,-1.24687
-0.0625796,0.021875,-1.31765,-1.59688
-0.168258,0.13125,-1.37632,-1.4
-0.1809,0.175,-1.40448,-1.575
-0.19485,0.175,-1.41839,-1.53125
-0.206183,0.021875,-1.43026,-1.64062
-0.160227,0.240625,-1.44329,-1.70625
-0.117919,0,-1.43887,-1.72812
-0.181585,0.175,-1.42603,-1.79375
-0.140585,0,-1.38615,-1.88125
-0.185499,0,-1.3765,-1.88125
-0.160185,0.2625,-1.36104,-1.925
-0.121075,0.2625,-1.31243,-1.90312
-0.111039,0.21875,-1.29,-1.88125
-0.117139,-0.065625,-1.22685,-1.81563
-0.124547,0.021875,-1.17737,-1.75
-0.120326,-0.04375,-1.12932,-1.75
-0.1555,0.39375,-1.07605,-1.72812
-0.098087,0.2625,-1.02946,-1.61875
-0.0828176,-0.30625,-0.944791,-1.59688
-0.0572269,0.21875,-0.929603,-1.4875
-0.0410991,-0.0875,-0.866732,-1.46562
-0.0245213,0.371875,-0.833517,-1.4
-0.016375,-0.13125,-0.800303,-1.37813
-0.0301796,0.196875,-0.743838,-1.26875
-0.030188,-0.284375,-0.698412,-1.225
0.0342167,0.4375,-0.665488,-1.11563
0.0449796,-0.30625,-0.66251,-1.05
0.0449713,0.153125,-0.660404,-1.09375
0.045413,-0.2625,-0.658299,-1.00625
0.0368417,0.109375,-0.657938,-1.00625
0.0372833,-0.328125,-0.65526,-0.984375
0.0489046,-0.415625,-0.653154,-0.896875
0.0493463,-0.39375,-0.679251,-0.91875
0.0180972,-0.065625,-0.645454,-0.91875
-0.0176583,0.240625,-0.664864,-0.853125
0.0159139,0.2625,-0.636882,-0.875
-0.00370556,0.13125,-0.637975,-0.83125
-0.00588056,-0.2625,-0.649825,-0.875
-0.0519574,0.153125,-0.682027,-0.7875
-0.00630556,0.109375,-0.676732,-0.875
-0.0375546,-0.109375,-0.663879,-0.875
-0.0772352,-0.196875,-0.660038,-0.896875
-0.0807185,-0.021875,-0.682364,-0.896875
-0.114584,0.021875,-0.666893,-0.896875
-0.118926,-0.065625,-0.69329,-0.853125
-0.123718,0.196875,-0.68974,-0.896875
-0.129818,0.13125,-0.69404,-0.896875
-0.133301,0.153125,-0.69456,-0.6125
-0.155537,0.109375,-0.71078,-0.83125
-0.142884,0.021875,-0.693275,-0.91875
-0.163362,0.04375,-0.699901,-0.91875
-0.166845,0.21875,-0.689373,-1.1375
-0.219464,0.196875,-0.656458,-0.809375
-0.177737,0.109375,-0.643023,-1.00625
-0.162468,0.240625,-0.62639,-1.02812
-0.153871,-0.021875,-0.603941,-0.875
-0.13991,0.21875,-0.587308,-0.853125
-0.15953,0.21875,-0.532588,-1.24687
-0.164321,0.196875,-0.501999,-0.6125
-0.131607,0,-0.485656,-1.09375
-0.168221,0.153125,-0.418725,-0.7
-0.119371,0.153125,-0.379704,-0.74375
-0.138991,0.153125,-0.373538,-0.721875
-0.139857,0.196875,-0.309804,-0.35
-0.112508,0.21875,-0.306254,-0.6125
-0.178646,0.240625,-0.302704,-0.809375
-0.145932,0.21875,-0.299154,-0.721875
-0.101589,0.30625,-0.295304,-0.525
-0.101147,-0.04375,-0.293499,-0.503125
-0.18428,0.196875,-0.289949,-0.48125
-0.132813,0.21875,-0.287271,-0.525
-0.151124,0.35,-0.284593,-0.56875
-0.122917,0.13125,-0.281616,-0.546875
-0.123333,0.0875,-0.278938,-0.4375
-0.154582,0.284375,-0.275388,-0.371875
-0.156757,0.065625,-0.271838,-0.39375
-0.141488,0.0875,-0.267988,-0.459375
-0.198163,0.065625,-0.262693,-0.39375
-0.165449,0.065625,-0.259143,-0.13125
-0.168932,0.30625,-0.254421,-0.415625
-0.154521,0.328125,-0.249999,-0.546875
-0.210338,0.0875,-0.245577,-0.415625
-0.195069,0.328125,-0.241727,-0.39375
-0.198552,0.04375,-0.237304,-0.35
-0.21903,0.30625,-0.232882,-0.371875
-0.252895,0.39375,-0.227288,-0.30625
-0.207244,0.35,-0.22461,-0.30625
-0.227721,-0.175,-0.220188,-0.35
-0.244143,0.371875,-0.214593,-0.30625
-0.26507,0.39375,-0.210171,-0.240625
-0.286856,0.371875,-0.204877,-0.30625
-0.272895,0.021875,-0.200154,-0.328125
-0.261551,0.371875,-0.193988,-0.35
-0.254263,0.35,-0.188393,-0.284375
-0.323018,0.284375,-0.183099,-0.30625
-0.340747,0.4375,-0.176632,-0.35
-0.334768,0.35,-0.170466,-0.35
-0.303362,0.459375,-0.166043,-0.35
-0.344351,0.13125,-0.159577,0.109375
-0.331248,0.21875,-0.154282,0.153125
-0.354793,0.4375,-0.147816,0.13125
-0.389967,0.503125,-0.141649,-0.371875
-0.379481,0.4375,-0.13461,-0.175
-0.373501,0.415625,-0.128443,-0.240625
-0.380909,0.48125,-0.121404,-0.284375
-0.398189,0.48125,-0.115238,-0.21875
-0.405597,0.525,-0.109071,0.2625
-0.399618,0.525,-0.102904,-0.196875
-0.434792,0.109375,-0.0967378,-0.2625
-0.476639,0.525,-0.0905711,-0.21875
-0.418326,0.30625,-0.0847044,0.021875
-0.438672,0.546875,-0.0767933,0.0875
-0.479211,0.546875,-0.0714989,-0.284375
-0.469175,0.56875,-0.0586452,-0.284375
-0.474825,0.6125,-0.0582933,-0.35
-0.464339,0.6125,-0.0512544,-0.196875
-0.487883,0.153125,-0.0227007,0.0875
-0.494842,0.6125,-0.0389211,-0.21875
-0.483497,0.6125,-0.0327544,-0.21875
-0.458765,0.21875,-0.0280322,-0.328125
-0.483168,0.284375,-0.0209933,-0.175
-0.502206,0.6125,-0.0139544,-0.21875
-0.496226,0.240625,-0.00866,0.04375
-0.514814,0.7,-0.00162111,0
-0.538358,0.65625,0.00454556,0.04375
-0.516243,0.65625,0.0115844,-0.21875
-0.520584,0.546875,0.0168789,-0.153125
-0.557067,0.875,0.0239178,-0.175
-0.496137,0.678125,0.02834,0.065625
-0.567508,0.7,0.0353789,-0.04375
-0.589294,0.74375,0.0406733,0.196875
-0.493476,0.371875,0.0453956,0.0875
-0.534465,0.74375,0.0515622,0.240625
-0.521362,0.7,0.0568567,0.109375
-0.543148,0.7,0.0621511,0.065625
-0.54749,0.634375,0.0674456,-0.153125
-0.569726,0.503125,0.07274,0.0875
-0.540487,0.7875,0.0792067,-0.065625
-0.546137,0.65625,0.0853733,-0.13125
-0.501794,0.765625,0.0889233,0.109375
-0.553962,0.678125,0.09509,-0.109375
-0.509169,0.721875,0.09864,-0.0875
-0.577923,0.765625,0.104234,0.109375
-0.56437,0.74375,0.109229,0.0875
-0.552576,0.7875,0.114196,0.109375
-0.591356,0.721875,0.11859,0.109375
-0.577804,0.74375,0.122984,0.109375
-0.580387,0.74375,0.126507,0.196875
-0.555655,0.765625,0.130901,-0.021875
-0.571176,0.6125,0.135296,0.175
-0.545994,0.809375,0.13969,0.175
-0.596404,0.765625,0.144084,0.175
-0.570363,0.765625,0.147607,0.13125
-0.583268,0.56875,0.150257,0.13125
-0.539332,0.853125,0.153779,0.13125
-0.55936,0.765625,0.157301,0.175
-0.60977,0.7,0.161696,0.21875
-0.614112,0.875,0.16609,0.153125
-0.552732,0.765625,0.169612,0.196875
-0.603143,0.7,0.174307,0.21875
-0.540455,0.634375,0.176957,0.21875
-0.595371,0.678125,0.180479,0.21875
-0.596646,0.83125,0.183129,0.196875
-0.612618,0.896875,0.187523,0
-0.586127,0.7875,0.191046,0.21875
-0.604846,1.05,0.193696,0.30625
-0.555096,0.91875,0.197218,0.2625
-0.622951,0.65625,0.201612,0.2625
-0.579016,0.896875,0.205134,0.2625
-0.628568,0.7875,0.208657,0.284375
-0.556867,0.853125,0.213351,0.284375
-0.580674,0.9625,0.21164,0.2625
-0.565813,0.35,0.215162,0.2625
-0.604594,1.00625,0.219557,0.21875
-0.588424,0.415625,0.222207,0.30625
-0.561933,0.809375,0.225729,0.30625
-0.563658,0.6125,0.228679,0.30625
-0.630205,0.7875,0.232201,0.284375
-0.579146,0.35,0.197927,0.284375
-0.568792,0.48125,0.238373,0.30625
-0.535178,0.7875,0.241023,0.30625
-0.533836,0.21875,0.242229,0.35
-0.57,0.39375,0.244879,0.30625
-0.571275,0.35,0.247529,0.240625
-0.536353,0.7875,0.249307,0.39375
-0.57035,0.7,0.250512,0.30625
-0.516675,0.721875,0.251418,0.35
-0.502395,1.00625,0.223249,0.328125
-0.499745,0.678125,0.252357,0.284375
-0.526169,0.765625,0.25269,0.30625
-0.506075,0.6125,0.252723,0.328125
-0.442079,0.678125,0.255373,0.328125
-0.491762,0.39375,0.255707,0.30625
-0.50205,0.328125,0.256612,0.30625
-0.471634,0.240625,0.257818,0.328125
-0.453298,0.7,0.259623,0.503125
-0.468543,0.6125,0.260557,0.328125
-0.483787,0.809375,0.263234,0.328125
-0.482895,0.6125,0.26534,0.415625
-0.463251,0.65625,0.266273,0.328125
-0.443606,0.284375,0.267207,0.30625
-0.457543,0.56875,0.267568,0.328125
-0.437898,0.590625,0.268501,0.328125
-0.469279,0.39375,0.268562,0.328125
-0.450943,0.74375,0.27154,0.35
-0.447434,0.634375,0.271601,0.196875
-0.407729,0.415625,0.27079,0.35
-0.424281,0.35,0.272896,0.35
-0.422081,0.371875,0.273829,0.415625
-0.392116,0.6125,0.275934,0.35
-0.436434,0.56875,0.27774,0.328125
-0.430309,0.56875,0.276057,0.13125
-0.429418,0.7,0.278162,0.35
-0.424601,0.678125,0.277351,0.4375
-0.401031,0.721875,0.275968,0.415625
-0.417584,0.546875,0.277773,0.328125
-0.396631,0.634375,0.278134,0.35
-0.441808,0.30625,0.27994,0.35
-0.430595,0.459375,0.236971,0.371875
-0.412259,0.56875,0.285596,0.415625
-0.436517,0.503125,0.284784,0.35
-0.387798,0.590625,0.286018,0.39375
-0.403043,0.7,0.286951,0.371875
-0.467422,0.678125,0.289929,0.415625
-0.446469,0.7875,0.28999,0.35
-0.465639,0.65625,0.29384,0.39375
-0.448611,0.765625,0.296818,0.415625
-0.467331,0.875,0.300368,0.35
-0.43155,0.6125,0.302473,0.39375
-0.450719,0.459375,0.306023,0.4375
-0.469889,0.721875,0.309873,0.4375
-0.489058,0.48125,0.313423,0.415625
-0.454586,0.284375,0.316401,0.39375
-0.521582,0.48125,0.320823,0.39375
-0.475481,0.196875,0.323801,0.30625
-0.459761,0.328125,0.327651,0.39375
-0.478481,0.153125,0.331201,0.39375
-0.49765,0.56875,0.335051,0.4375
-0.499375,0.546875,0.338901,0.48125
-0.502408,0.371875,0.343323,0.459375
-0.469244,0.48125,0.347173,0.4375
-0.50455,0.678125,0.349851,0.415625
-0.469628,0.196875,0.352829,0.459375
-0.516563,0.546875,0.355807,0.56875
-0.507967,0.65625,0.360229,0.459375
-0.518255,0.765625,0.361434,0.240625
-0.471703,0.7,0.363212,0.415625
-0.518188,0.634375,0.36529,0.459375
-0.517705,0.7,0.367068,0.503125
-0.489906,0.765625,0.369718,0.459375
-0.468503,0.503125,0.368307,0.503125
-0.439395,0.546875,0.370084,0.503125
-0.450992,0.546875,0.372162,0.503125
-0.450508,0.56875,0.37424,0.503125
-0.502808,0.590625,0.376018,0.459375
-0.484022,0.4375,0.377223,0.503125
-0.501433,0.56875,0.379001,0.503125
-0.449067,0.7,0.381079,0.525
-0.418201,0.6125,0.381984,0.328125
-0.444625,0.7,0.382318,0.525
-0.460728,0.634375,0.383223,0.525
-0.458078,0.6125,0.383557,0.503125
-0.436225,0.590625,0.383018,0.525
-0.433575,0.590625,0.383051,0.56875
-0.419295,0.590625,0.383384,0.48125
-0.400509,0.546875,0.38429,0.503125
-0.398718,0.6125,0.385496,0.459375
-0.378623,0.546875,0.385829,0.48125
-0.409554,0.56875,0.38499,0.503125
-0.406904,0.590625,0.385323,0.503125
-0.402495,0.634375,0.384784,0.525
-0.382401,0.6125,0.384818,0.4375
-0.379751,0.56875,0.385151,0.525
-0.327966,0.56875,0.38374,0.503125
-0.324866,0.56875,0.383773,0.503125
-0.370043,0.590625,0.384979,0.56875
-0.366084,0.459375,0.38444,0.503125
-0.344681,0.546875,0.383601,0.56875
-0.341581,0.04375,0.383934,0.525
-0.335006,0.196875,0.381651,0.503125
-0.331048,0.546875,0.380812,0.546875
-0.32709,0.525,0.380273,0.503125
-0.340126,0.503125,0.379734,0.503125
-0.336168,0.459375,0.379196,0.503125
-0.361283,0.503125,0.378357,0.525
-0.345245,0.525,0.377818,0.459375
-0.325151,0.7,0.378151,0.503125
-0.319884,0.415625,0.37674,0.4375
-0.347167,0.525,0.377946,0.525
-0.347133,0.765625,0.379723,0.48125
-0.345792,0.48125,0.380929,0.56875
-0.360586,0.678125,0.381262,0.48125
-0.358794,0.503125,0.382468,0.459375
-0.374897,0.503125,0.383673,0.48125
-0.389692,0.525,0.383707,0.459375
-0.389208,0.503125,0.385784,0.503125
-0.369114,0.525,0.386118,0.590625
-0.385217,0.525,0.387323,0.503125
-0.415116,0.153125,0.389373,0.459375
-0.399355,0.4375,0.392596,0.459375
-0.418932,0.48125,0.395818,0.503125
-0.402313,0.590625,0.397868,0.525
-0.403138,0.590625,0.400218,0.459375
-0.469234,0.56875,0.40314,0.503125
-0.423541,0.546875,0.40549,0.30625
-0.460563,0.56875,0.408712,0.503125
-0.49177,0.546875,0.411634,0.415625
-0.46483,0.590625,0.414857,0.2625
-0.478593,0.590625,0.418079,0.503125
-0.499479,0.590625,0.421873,0.56875
-0.485476,0.634375,0.425968,0.503125
-0.488918,0.74375,0.430062,0.56875
-0.511112,0.525,0.434729,0.546875
-0.515862,0.809375,0.439696,0.546875
-0.520612,0.525,0.444662,0.6125
-0.49453,0.6125,0.448757,0.590625
-0.510909,0.590625,0.453423,0.6125
-0.533104,0.4375,0.512759,0.6125
-0.584372,0.6125,0.462484,0.634375
-0.574876,0.7875,0.465707,0.6125
-0.562181,0.7,0.498575,0.65625
-0.548179,0.634375,0.473596,0.65625
-0.552929,0.65625,0.47769,0.7
-0.527296,0.721875,0.480912,0.634375
-0.596009,0.6125,0.491394,0.65625
-0.582865,0.875,0.490546,0.65625
-0.57017,0.896875,0.555696,0.65625
-0.591056,0.875,0.498734,0.678125
-0.578362,0.809375,0.503701,0.678125
-0.583112,0.590625,0.568551,0.678125
-0.586554,0.678125,0.51159,0.74375
-0.573859,0.83125,0.515684,0.7
-0.629634,0.7875,0.519779,0.7
-0.599045,0.74375,0.578242,0.7
-0.602487,0.83125,0.527096,0.721875
-0.588484,0.896875,0.530018,0.7
-0.578988,0.7875,0.53324,0.7875
-0.595368,0.83125,0.543149,0.721875
-0.597501,0.7875,0.540557,0.721875
-0.589313,0.896875,0.543779,0.809375
-0.621379,0.546875,0.547873,0.721875
-0.595746,0.7875,0.551968,0.74375
-0.599188,0.91875,0.556062,0.7
-0.60263,0.83125,0.560157,0.7875
-0.616393,0.984375,0.568321,0.7
-0.619834,0.853125,0.566301,0.7875
-0.576757,0.721875,0.570396,0.7875
-0.661156,0.765625,0.57449,0.721875
-0.61808,0.875,0.578584,0.721875
-0.621521,1.05,0.619603,0.7875
-0.60621,0.6125,0.585029,0.853125
-0.592207,0.678125,0.589123,0.83125
-0.613094,0.678125,0.593246,0.809375
-0.615677,0.503125,0.597368,0.809375
-0.637013,0.765625,0.602062,0.7875
-0.604257,0.7,0.643109,0.809375
-0.624285,0.875,0.609434,0.809375
-0.593288,0.65625,0.614129,0.83125
-0.612866,0.809375,0.617379,0.83125
-0.596696,0.7,0.620629,0.83125
-0.613657,0.74375,0.622134,0.83125
-0.616241,0.896875,0.625957,0.875
-0.598763,0.7,0.627462,0.853125
-0.570514,0.809375,0.630712,0.853125
-0.571789,0.503125,0.633962,0.875
-0.555619,0.875,0.636912,0.853125
-0.555136,0.634375,0.675342,0.853125
-0.60293,0.284375,0.640796,0.875
-0.573372,0.875,0.643173,0.875
-0.53845,0.7875,0.644379,0.875
-0.5358,0.721875,0.645012,0.853125
-0.534008,0.678125,0.646518,0.6125
-0.532667,0.678125,0.647151,0.896875
-0.532183,0.765625,0.649529,0.83125
-0.545669,0.6125,0.709173,0.83125
-0.497809,0.853125,0.649623,0.9625
-0.496018,0.6125,0.651129,0.853125
-0.448157,0.896875,0.651762,0.875
-0.491576,0.7,0.652396,0.91875
-0.45142,0.765625,0.651284,0.896875
-0.447462,0.853125,0.651046,0.875
-0.498004,0.56875,0.652251,0.896875
-0.475293,0.6125,0.65114,0.83125
-0.452131,0.6125,0.650029,0.634375
-0.420407,0.74375,0.650662,0.875
-0.461209,0.546875,0.649551,0.875
-0.441115,0.546875,0.650184,0.896875
-0.438465,0.7,0.650818,0.91875
-0.413995,0.56875,0.648834,0.91875
-0.408729,0.65625,0.647723,0.875
-0.37263,0.634375,0.64574,1.05
-0.386116,0.525,0.645501,0.940625
-0.39072,0.503125,0.643518,0.91875
-0.420343,0.634375,0.642407,0.853125
-0.434687,0.525,0.64304,0.875
-0.430729,0.546875,0.642801,0.721875
-0.361049,0.56875,0.64169,0.875
-0.357091,0.56875,0.641451,1.05
-0.418404,0.6125,0.642084,0.634375
-0.351341,0.590625,0.642718,0.853125
-0.391284,0.48125,0.640734,0.91875
-0.41595,0.678125,0.640496,0.875
-0.400362,0.525,0.640257,0.853125
-0.395954,0.590625,0.640018,0.91875
-0.391995,0.74375,0.639779,0.875
-0.401833,0.56875,0.640984,0.875
-0.432764,0.721875,0.639873,0.875
-0.449725,0.525,0.642251,0.875
-0.447933,0.678125,0.643457,0.65625
-0.429147,0.56875,0.644962,0.83125
-0.411219,0.765625,0.64734,0.65625
-0.429939,0.503125,0.65059,0.6125
-0.409394,0.678125,0.687847,0.875
-0.425047,0.459375,0.650684,0.896875
-0.408878,0.546875,0.653934,0.875
-0.424531,0.546875,0.653696,0.875
-0.402678,0.809375,0.698231,0.875
-0.402644,0.590625,0.675305,0.853125
-0.402161,0.56875,0.714607,0.875
-0.44603,0.721875,0.688492,1.00625
-0.417781,0.7,0.658016,0.875
-0.433433,0.56875,0.719123,0.91875
-0.430783,0.65625,0.675264,0.91875
-0.440621,0.459375,0.690725,0.7875
-0.42765,0.56875,0.729446,0.984375
-0.374833,0.546875,0.701296,0.9625
-0.391794,0.525,0.708034,0.984375
-0.393069,0.48125,0.724368,0.91875
-0.455241,0.546875,0.726455,0.9625
-0.426992,0.56875,0.742788,1.00625
-0.392069,0.678125,0.747483,0.984375
-0.372833,0.39375,0.717588,0.9625
-0.362029,0.39375,0.740899,0.940625
-0.391069,0.459375,0.742114,0.940625
-0.408031,0.546875,0.738386,0.678125
-0.390103,0.30625,0.750359,0.9625
-0.373933,0.4375,0.756225,1.00625
-0.408339,0.48125,0.750753,0.9625
-0.435621,0.48125,0.743536,0.9625
-0.390378,0.4375,0.730214,0.9625
-0.371142,0.30625,0.763701,0.940625
-0.406856,0.459375,0.732934,1.15938
-0.370625,0.35,0.751012,0.9625
-0.358512,0.590625,0.74554,0.984375
-0.388411,0.546875,0.731346,1.00625
-0.387069,0.525,0.737794,0.984375
-0.385278,0.48125,0.714296,0.91875
-0.400931,0.678125,0.707079,0.91875
-0.366008,0.590625,0.709457,1.05
-0.362908,0.459375,0.705438,0.875
-0.379869,0.546875,0.675834,1.02812
-0.379836,0.56875,0.67734,1.00625
-0.423255,0.546875,0.676229,1.00625
-0.392389,0.590625,0.658546,0.853125
-0.391047,0.56875,0.673716,1.00625
-0.389256,0.56875,0.65109,0.91875
-0.353883,0.56875,0.65871,1.09375
-0.339604,0.6125,0.63434,0.875
-0.384331,0.525,0.629449,1.09375
-0.398675,0.56875,0.611757,0.9625
-0.360686,0.721875,0.601623,0.83125
-0.393783,0.678125,0.59149,0.83125
-0.375856,0.56875,0.59851,0.74375
-0.357928,0.65625,0.559584,0.809375
-0.358303,0.546875,0.594516,0.853125
-0.375264,0.240625,0.547168,0.7875
-0.376089,0.48125,0.54314,0.765625
-0.375606,0.525,0.553068,0.809375
-0.376431,0.48125,0.498742,0.765625
-0.375947,0.546875,0.49297,0.83125
-0.374156,0.175,0.495347,0.875
-0.373672,0.7,0.473003,0.74375
-0.353128,0.525,0.466359,0.678125
-0.400471,0.590625,0.439944,0.634375
-0.401296,0.48125,0.428938,0.459375
-0.417807,0.546875,0.442355,0.503125
-0.39988,0.503125,0.416812,0.590625
-0.386458,0.503125,0.427321,0.7
-0.333642,0.4375,0.415444,0.56875
-0.368047,0.48125,0.406473,0.634375
-0.3837,0.546875,0.403318,0.56875
-0.393538,0.48125,0.400162,0.56875
-0.410499,0.525,0.372584,0.39375
-0.380942,0.721875,0.379323,0.6125
-0.361256,0.525,0.393612,0.546875
-0.359464,0.48125,0.382607,0.503125
-0.322783,0.503125,0.380323,0.525
-0.374633,0.39375,0.323671,0.56875
-0.37415,0.48125,0.369651,0.546875
-0.357531,0.48125,0.345853,0.503125
-0.355739,0.2625,0.359279,0.56875
-0.335194,0.4375,0.351181,0.503125
-0.347781,0.48125,0.321859,0.459375
-0.328544,0.328125,0.346614,0.4375
-0.325444,0.48125,0.327759,0.35
-0.342406,0.6125,0.313855,0.546875
-0.307033,0.546875,0.290929,0.39375
-0.322686,0.39375,0.345631,0.503125
-0.304758,0.39375,0.32067,0.459375
-0.290029,0.371875,0.345725,0.48125
-0.28517,0.39375,0.289073,0.415625
-0.311144,0.39375,0.288534,0.35
-0.293217,0.371875,0.295555,0.4375
-0.278487,0.39375,0.327297,0.415625
-0.288325,0.0875,0.289834,0.30625
-0.273595,0.371875,0.290168,0.35
-0.271354,0.459375,0.290801,0.35
-0.296019,0.328125,0.290262,0.459375
-0.276783,0.4375,0.291468,0.525
-0.260745,0.459375,0.290929,0.35
-0.302856,0.371875,0.29069,0.371875
-0.255854,0.48125,0.291896,0.328125
-0.267,0.546875,0.355329,0.371875
-0.266067,0.525,0.296351,0.459375
-0.252645,0.56875,0.297557,0.4375
-0.263342,0.415625,0.299334,0.4375
-0.2611,0.35,0.29964,0.328125
-0.228476,0.4375,0.299073,0.240625
-0.272753,0.153125,0.299679,0.39375
-0.253067,0.39375,0.299984,0.240625
-0.248208,0.4375,0.298846,0.284375
-0.234337,0.39375,0.299151,0.415625
-0.243725,0.30625,0.299457,0.196875
-0.210651,0.415625,0.29919,0.503125
-0.224545,0.415625,0.298623,0.196875
-0.204859,0.284375,0.299229,0.328125
-0.229075,0.284375,0.29779,0.35
-0.224217,0.2625,0.296351,0.39375
-0.188976,0.2625,0.29434,0.415625
-0.185426,0.2625,0.293773,0.39375
-0.148295,0.284375,0.294379,0.196875
-0.197937,0.0875,0.294684,0.328125
-0.194387,0.196875,0.294418,0.415625
-0.15464,0.415625,0.292979,0.415625
-0.187287,0.240625,0.293584,0.39375
-0.179812,0.284375,0.290401,0.415625
-0.160126,0.328125,0.291007,0.48125
-0.137823,0.39375,0.289568,0.415625
-0.152576,0.196875,0.290173,0.35
-0.131581,0.328125,0.289607,0.328125
-0.128031,0.175,0.28934,0.35
-0.0940991,0.284375,0.287901,0.21875
-0.0853157,-0.021875,0.284146,0.48125
-0.11084,0.240625,0.283579,0.328125
-0.0898454,0,0.283312,0.284375
-0.122043,0.328125,0.283618,0.39375
-0.0836037,0.065625,0.283351,0.415625
-0.0961898,0.153125,0.281912,0.371875
-0.044813,0.0875,0.280773,0.503125
-0.0877815,0.196875,0.280507,0.415625
-0.0803065,0.13125,0.277323,0.328125
-0.0749981,-0.13125,0.276184,0.328125
-0.0875843,0.240625,0.274746,0.328125
-0.047837,0.109375,0.273607,0.35
-0.0313491,0.35,0.272468,0.371875
-0.091762,-0.0875,0.271901,0.4375
-0.0720759,0,0.272507,0.39375
-0.0506315,0.109375,0.27224,0.371875
-0.0470815,-0.109375,0.271673,0.4375
-0.0435315,0.109375,0.271407,0.39375
-0.0535009,0.240625,0.268523,0.415625
-0.0325065,0.021875,0.267957,0.371875
-0.0446426,0.13125,0.266818,0.284375
-0.0598454,-0.04375,0.267423,0.30625
-0.0576037,0.0875,0.267729,0.284375
-0.0844361,0.153125,0.268334,0.284375
-0.0795778,-0.13125,0.267196,0.328125
-0.047812,0.175,0.267501,0.39375
-0.0585083,0.13125,0.268979,0.30625
-0.0737111,0.30625,0.269584,0.503125
-0.106358,0.284375,0.27019,0.459375
-0.117055,0.153125,0.271968,0.35
-0.114813,0.13125,0.272573,0.30625
-0.10225,-0.175,0.274351,0.30625
-0.101317,0.30625,0.275829,0.39375
-0.130766,0.13125,0.278179,0.39375
-0.112388,0.175,0.279957,0.328125
-0.179343,0.175,0.284051,0.328125
-0.102817,0.415625,0.285829,0.415625
-0.132266,0.284375,0.288479,0.371875
-0.131332,0.240625,0.294899,0.4375
-0.149152,0.175,0.291734,0.4375
-0.166971,0.30625,0.331009,0.4375
-0.115013,0.21875,0.340636,0.35
-0.165105,0.415625,0.34822,0.415625
-0.179726,0.30625,0.334297,0.503125
-0.168471,0.30625,0.302049,0.415625
-0.135266,0.196875,0.353253,0.415625
-0.171838,0.48125,0.32712,0.48125
-0.138632,0,0.33732,0.415625
-0.186834,0.109375,0.346075,0.4375
-0.176888,0.2625,0.359473,0.35
-0.208954,0.196875,0.355436,0.459375
-0.181563,0.175,0.386579,0.4375
-0.213629,0.2625,0.361018,0.4375
-0.217929,0.196875,0.379368,0.56875
-0.173094,0.2625,0.369507,0.56875
-0.203851,0.2625,0.391055,0.65625
-0.193905,0.284375,0.406788,0.4375
-0.243415,0.371875,0.365818,0.503125
-0.19858,0.240625,0.403938,0.525
-0.201571,0.371875,0.403099,0.4375
-0.232329,0.240625,0.384516,0.459375
-0.219184,0.153125,0.384549,0.459375
-0.209238,0.13125,0.408133,0.459375
-0.210921,0.328125,0.388977,0.678125
-0.19516,0.35,0.403538,0.525
-0.225918,0.196875,0.392233,0.546875
-0.179774,0.328125,0.36639,0.503125
-0.226668,0.240625,0.363807,0.13125
-0.21758,0.2625,0.337373,0.459375
-0.229584,0.240625,0.360957,0.459375
-0.219638,0.284375,0.311564,0.503125
-0.22263,0.30625,0.322064,0.13125
-0.253387,0.284375,0.313947,0.65625
-0.20986,0.153125,0.33317,0.56875
-0.22768,0.240625,0.334075,0.503125
-0.230671,0.30625,0.282357,0.503125
-0.196157,0.328125,0.284134,0.459375
-0.215285,0.2625,0.324281,0.415625
-0.180771,0.240625,0.28739,0.39375
-0.216035,0.39375,0.29004,0.546875
-0.200274,0.371875,0.293562,0.4375
-0.236846,0.39375,0.297084,0.328125
-0.203641,0.240625,0.300607,0.721875
-0.222769,0.328125,0.303829,0.39375
-0.185638,0.39375,0.304734,-0.04375
-0.202149,0.284375,0.30564,0.415625
-0.155556,0.35,0.30829,0.415625
-0.155072,0.2625,0.310368,0.39375
-0.171583,0.328125,0.312746,0.48125
-0.18273,0.04375,0.315123,-0.04375
-0.134419,0.30625,0.316929,0.04375
-0.114733,0.2625,0.364081,0.503125
-0.130386,0.35,0.319068,0.371875
-0.147347,0.30625,0.321446,0.371875
-0.111525,0.30625,0.324123,0.525
-0.128486,0.175,0.326501,0.503125
-0.107492,0.371875,0.327134,0.459375
-0.0940704,0.415625,0.32864,0.415625
-0.0709093,0.459375,0.327829,0.39375
-0.0686676,0.371875,0.329334,0.415625
-0.113394,0.4375,0.33084,0.39375
-0.079912,0.175,0.330901,0.459375
0.0063537,0.21875,0.330662,0.56875
-0.0170037,0.13125,0.329551,0.415625
-0.0487926,0.175,0.330484,0.415625
-0.0413176,0.0875,0.328501,0.48125
-0.00202037,0.175,0.328262,0.525
-0.0320509,-0.196875,0.328323,0.459375
-0.0302593,-0.175,0.329829,0.39375
-0.00971481,0.153125,0.330762,0.371875
-0.00223981,0.13125,0.328779,0.459375
-0.0139676,-0.21875,0.327668,0.459375
0.056162,0.153125,0.326857,0.415625
0.0354213,0.13125,0.324001,0.30625
0.0223852,0.0875,0.324062,0.30625
-0.0554722,0.21875,0.324696,0.459375
0.0128991,0.30625,0.324757,0.546875
0.0334435,0.196875,0.32539,0.415625
0.054438,0.13125,0.326323,0.65625
0.0226491,0.0875,0.326957,0.546875
0.0126796,0.04375,0.325273,0.39375
0.00676667,0.0875,0.324162,0.459375
0.0576935,0.153125,0.324223,0.525
0.0437991,0.021875,0.324857,0.525
0.00299722,0.109375,0.324046,0.525
0.0239917,0.04375,0.324679,0.4375
0.0723019,0,0.326484,0.546875
0.040513,-0.328125,0.327118,0.459375
0.044063,0,0.328051,0.39375
-0.000663889,0.04375,0.329557,0.459375
0.0190222,0.04375,0.331362,0.459375
0.00467778,0.021875,0.331996,0.48125
-0.010975,0.109375,0.333801,0.525
0.0261556,-0.021875,0.335607,0.459375
0.0266389,-0.0875,0.337984,0.39375
0.0275722,0,0.340662,0.546875
-0.005525,0.284375,0.342168,0.415625
0.0311556,-0.371875,0.343973,0.459375
0.0307806,0.0875,0.347523,0.415625
-0.00493333,-0.13125,0.350773,0.590625
-0.00269167,0.21875,0.352579,0.459375
-0.0164546,0.109375,0.356401,0.459375
-0.0150713,0.04375,0.358179,0.39375
-0.0315824,-0.35,0.359957,0.56875
-0.001575,0.0875,0.360862,0.459375
-0.0135796,-0.459375,0.363512,0.459375
0.0155694,0.30625,0.366162,0.459375
-0.00225,0.109375,0.369112,0.56875
0.0148194,-0.39375,0.37089,0.503125
-0.0133213,-0.284375,0.372668,0.459375
-0.0150046,0.109375,0.374446,0.459375
0.0154528,0.2625,0.375351,0.56875
0.0325222,-0.39375,0.423647,0.415625
0.0321472,-0.415625,0.424553,0.459375
-0.0308824,0.35,0.401327,0.459375
-0.00173333,0.328125,0.378973,0.56875
0.0166444,0.065625,0.392671,0.35
0.0511583,-0.065625,0.417136,0.021875
0.0359556,0.196875,0.406703,0.546875
-0.0078713,-0.30625,0.436973,0.525
0.0221361,0.175,0.431192,0.74375
0.0230694,-0.284375,0.389649,0.6125
0.0575833,-0.196875,0.437073,0.6125
0.0615833,0.0875,0.396994,0.525
0.076763,-0.21875,0.371151,0.6125
0.0776963,0.240625,0.400259,0.48125
0.0986907,0.109375,0.370346,0.546875
0.071,-0.065625,0.409347,0.634375
0.0719333,-0.04375,0.409381,0.546875
0.104557,0.0875,0.370746,0.634375
0.077725,-0.2625,0.431834,0.546875
0.0791083,-0.196875,0.372857,0.525
0.08135,-0.196875,0.419409,0.371875
0.113974,-0.021875,0.372923,0.634375
0.101388,0.065625,0.372084,0.6125
0.0950667,-0.175,0.370673,0.503125
0.143827,0.175,0.371579,0.503125
0.11118,-0.153125,0.372484,0.48125
0.150927,-0.0875,0.371646,0.525
0.11873,-0.13125,0.372851,0.634375
0.15586,-0.0875,0.373757,0.371875
0.158102,-0.546875,0.374662,0.6125
0.144207,-0.0875,0.374996,0.525
0.149516,-0.21875,0.374157,0.546875
0.189263,-0.153125,0.373618,0.765625
0.143096,-0.065625,0.371907,0.809375
0.201596,-0.175,0.370196,0.503125
0.205596,-0.4375,0.369657,0.634375
0.195627,-0.021875,0.367073,0.6125
0.230868,0.021875,0.365362,0.39375
0.223238,-0.415625,0.365696,0.546875
0.241034,-0.13125,0.363984,0.4375
0.234263,-0.65625,0.363446,0.56875
0.237813,-0.459375,0.363479,0.459375
0.256059,-0.2625,0.361768,0.459375
0.23446,-0.546875,0.359484,0.503125
0.267084,-0.30625,0.358646,0.459375
0.224116,-0.21875,0.358979,0.48125
0.24511,-0.284375,0.359312,0.56875
0.213771,-0.30625,0.359946,0.7
0.236074,-0.284375,0.387909,0.56875
0.240932,-0.2625,0.358596,0.546875
0.261927,-0.21875,0.358357,0.503125
0.282921,-0.35,0.35899,0.590625
0.271644,-0.415625,0.362821,0.634375
0.293496,-0.284375,0.355596,0.525
0.282219,-0.35,0.354484,0.6125
0.288385,-0.328125,0.357444,0.0875
0.323626,-0.328125,0.349646,0.459375
0.300719,-0.30625,0.347662,0.35
0.321713,-0.546875,0.348296,0.459375
0.259992,-0.2625,0.363466,0.4375
0.327055,-0.240625,0.395209,0.48125
0.294407,-0.284375,0.36386,0.503125
0.315402,-0.2625,0.395603,0.503125
0.349334,-0.503125,0.402342,0.525
0.307674,-0.546875,0.34599,0.459375
0.312532,-0.65625,0.357671,0.415625
0.29733,-0.21875,0.398136,0.39375
0.301738,-0.678125,0.387431,0.415625
0.293658,-0.371875,0.368875,0.459375
0.294592,-0.525,0.395675,0.546875
0.309771,-0.153125,0.393692,0.74375
0.34821,-0.48125,0.383859,0.4375
0.353069,-0.4375,0.349894,0.503125
0.311408,-0.459375,0.361875,0.459375
0.327446,-0.39375,0.385186,0.525
0.303231,-0.525,0.365759,0.525
0.335855,-0.415625,0.382092,0.503125
0.355541,-0.240625,0.387668,0.6125
0.376535,-0.2625,0.326373,0.48125
0.333567,-0.459375,0.354336,0.503125
0.367499,-0.48125,0.322407,0.371875
0.321914,-0.04375,0.329727,0.459375
0.342458,-0.546875,0.378342,0.503125
0.329872,-0.48125,0.359786,0.459375
0.352175,-0.13125,0.366525,0.503125
0.354417,-0.56875,0.32064,0.546875
0.369596,-0.634375,0.320401,0.546875
0.324011,-0.35,0.322779,0.459375
0.372771,-0.503125,0.384768,0.503125
0.347247,-0.30625,0.377842,0.546875
0.38073,-0.240625,0.368009,0.459375
0.382971,-0.48125,0.322123,0.48125
0.405274,-0.590625,0.321312,0.503125
0.381058,-0.328125,0.357997,0.503125
0.384608,-0.525,0.334499,0.525
0.350653,-0.415625,0.376709,0.459375
0.399413,-0.2625,0.377642,0.503125
0.391333,-0.48125,0.322162,0.35
0.394883,-0.48125,0.321923,0.503125
0.427057,-0.525,0.321684,0.765625
0.400225,-0.48125,0.321746,0.415625
0.431541,-0.503125,0.323251,0.56875
0.369819,-0.546875,0.323884,0.371875
0.372061,-0.284375,0.323946,0.459375
0.374303,-0.525,0.325451,0.371875
0.411433,-0.525,0.363881,0.546875
0.425305,-0.21875,0.327018,0.546875
0.396714,-0.546875,0.329396,0.503125
0.398956,-0.525,0.391384,0.525
0.335926,-0.546875,0.331834,0.503125
0.384686,-0.546875,0.361542,0.39375
0.405681,-0.48125,0.369453,0.4375
0.425367,-0.503125,0.331418,0.56875
0.394028,-0.459375,0.38672,0.525
0.347134,-0.721875,0.332984,0.459375
0.328006,-0.721875,0.396418,0.415625
0.345934,-0.525,0.391536,0.56875
0.36562,-0.503125,0.390425,0.39375
0.349109,-0.415625,0.365192,0.678125
0.367487,-0.56875,0.373675,0.503125
0.317395,-0.503125,0.380714,0.4375
0.353218,-0.56875,0.362159,0.459375
0.403286,-0.459375,0.368325,0.48125
0.355084,-0.6125,0.386403,0.546875
0.339881,-0.634375,0.365531,0.371875
0.388192,-0.48125,0.403379,0.328125
0.32647,-0.525,0.382507,0.74375
0.360984,-0.48125,0.388373,0.503125
0.327029,-0.459375,0.403262,0.459375
0.316332,-0.590625,0.392557,0.415625
0.294588,-0.6125,0.403084,0.546875
0.338115,-0.4375,0.434255,0.48125
0.321604,-0.4375,0.422677,0.546875
0.334748,-0.4375,0.406166,0.765625
0.302682,-0.525,0.412905,0.546875
0.283105,-0.459375,0.434481,0.39375
0.278805,-0.459375,0.432797,0.546875
0.293257,-0.415625,0.429942,0.503125
0.255377,-0.6125,0.443959,0.525
0.234941,-0.415625,0.47134,0.546875
0.266838,-0.48125,0.46704,0.590625
0.246402,-0.35,0.48251,0.48125
0.178139,-0.35,0.48576,0.525
0.237802,-0.35,0.492509,0.525
0.23481,0.065625,0.532401,0.546875
0.182233,0.065625,0.52344,0.546875
0.224452,-0.30625,0.537166,0.56875
0.191078,-0.39375,0.56572,0.590625
0.195791,-0.328125,0.554442,0.525
0.11459,-0.35,0.581823,0.678125
0.108981,-0.328125,0.591188,0.634375
0.166028,-0.371875,0.600553,0.284375
0.160419,0.2625,0.601186,0.7
0.136058,-0.30625,0.59834,0.74375
0.129142,-0.175,0.577468,0.7875
0.106089,0.153125,0.547873,0.809375
0.0799694,0.196875,0.543273,0.809375
0.0904972,-0.415625,0.496525,0.7875
0.0997167,-0.284375,0.476525,0.809375
-0.0364343,0.175,0.43501,0.765625
0.0367481,0.109375,0.40309,0.809375
-0.084575,-0.021875,0.358086,0.7875
-0.0811704,0.196875,0.320933,0.721875
-0.102783,0,0.254714,0.721875
-0.020588,0.240625,0.224538,0.7
-0.0301213,0.196875,0.19379,0.590625
-0.13445,0.175,0.130179,0.590625
-0.1466,0.371875,0.106409,0.546875
-0.128368,0.30625,0.0753604,0.459375
-0.168283,0.2625,0.0716511,0.503125
-0.180883,0.021875,0.0830511,0.35
-0.145206,0.21875,0.0938789,0.35
-0.203875,0.30625,0.104407,0.13125
-0.102927,0.2625,0.11349,0.109375
-0.226008,0,0.12489,0.240625
-0.23685,0.284375,0.189214,0.240625
-0.172099,0.328125,0.143629,0.21875
-0.183391,0.284375,0.207081,0.240625
-0.268517,0.30625,0.220807,0.328125
-0.155939,0.371875,0.223203,0.2625
-0.165472,0.35,0.243907,0.2625
-0.203221,0.21875,0.259096,0.175
-0.275409,0.328125,0.255968,0.2625
-0.219671,0.503125,0.277834,0.284375
-0.197514,0.2625,0.295349,0.30625
-0.187436,0.328125,0.284362,0.30625
-0.176908,0.328125,0.324264,0.30625
-0.152134,0.35,0.332475,0.284375
-0.157743,0.21875,0.349981,0.30625
-0.192875,0.48125,0.34947,0.371875
-0.133212,0.2625,0.370473,0.328125
-0.137512,0.175,0.37664,0.371875
-0.142262,0.21875,0.365662,0.371875
-0.127809,0.2625,0.384049,0.35
-0.119171,0.0875,0.387599,0.30625
-0.133793,0.240625,0.404242,0.35
-0.124296,0.175,0.413325,0.415625
-0.124671,0.284375,0.408734,0.415625
-0.107602,0.175,0.447183,0.4375
-0.073088,0.04375,0.380092,0.503125
-0.0726046,0.21875,0.381907,0.48125
-0.070363,0.065625,0.35522,0.503125
-0.0591083,0.0875,0.353546,0.525
-0.0420389,0.13125,0.344312,0.721875
-0.0563833,0.13125,0.285071,0.503125
-0.0340806,0.065625,0.251707,0.4375
-0.0318389,-0.21875,0.212809,0.415625
0.00615,0.065625,0.18962,0.415625
-0.00905278,-0.196875,0.145788,0.48125
-0.00550278,0.065625,0.120273,0.4375
0.012875,-0.065625,0.107842,0.415625
0.0437407,0.065625,0.0535344,0.284375
0.028538,-0.175,0.05564,0.328125
0.0204583,-0.175,0.0577456,0.240625
0.0556991,0.065625,0.0572344,0.196875
0.0780019,-0.21875,0.0572956,0.196875
0.0854769,-0.109375,0.0553122,0.240625
0.0554463,-0.021875,0.0550733,0.196875
0.0755824,-0.109375,0.0565789,0.04375
0.0978852,-0.065625,0.05634,0.328125
0.122805,-0.065625,0.0543567,0
0.132038,-0.065625,-0.00868222,0.0875
0.135588,-0.13125,0.0530067,-0.153125
0.106866,0.065625,0.0518956,0.153125
0.12831,0,0.0525289,0
0.150613,-0.13125,0.05229,0.153125
0.169718,-0.109375,0.0511789,0.109375
0.195087,-0.175,0.0488956,-0.153125
0.186426,-0.21875,0.04604,-0.175
0.294061,-0.21875,0.0431844,-0.065625
0.220579,-0.48125,0.0412011,-0.153125
0.226745,-0.175,0.04009,0.2625
0.201221,0.021875,0.0410233,-0.196875
0.283431,-0.196875,0.0399122,-0.153125
0.290906,-0.590625,0.0379289,0
0.249695,-0.503125,0.03769,-0.153125
0.289443,-0.459375,0.0374511,-0.153125
0.26072,-0.48125,0.03634,-0.153125
0.300918,-0.634375,0.0361011,0
0.317406,-0.328125,0.0358622,0.109375
0.277054,-0.35,0.0347511,0.109375
0.299806,-0.30625,0.0345122,-0.196875
0.335047,-0.459375,0.0334011,-0.153125
0.332201,-0.371875,0.0305456,-0.13125
0.326606,-0.39375,0.0259456,0
0.338006,-0.4375,0.0216456,0
0.329345,-0.328125,0.01879,0.196875
0.374776,-0.503125,0.0150622,0.153125
0.382251,-0.4375,0.0130789,0
0.353529,-0.4375,0.0119678,0
0.361454,-0.634375,0.00998444,0.175
0.401201,-0.48125,0.0100456,0.13125
0.372929,-0.48125,0.00893444,0.196875
0.428231,-0.48125,0.00607889,-0.175
0.393112,-0.4375,0.00147889,-0.065625
0.417173,-0.525,0.000367778,-0.153125
0.405895,-0.525,-0.000443333,0.30625
0.450876,-0.765625,-0.00417111,0.153125
0.42522,-0.525,-0.00702667,-0.021875
0.484447,-0.56875,-0.0124989,0.13125
0.460231,-0.65625,-0.0124378,-0.21875
0.449404,-0.765625,-0.0135489,-0.04375
0.454262,-0.74375,-0.0137878,0.13125
0.479181,-0.6125,-0.0157711,0
0.487106,-0.56875,-0.0174544,-0.153125
0.522347,-0.678125,-0.0185656,-0.196875
0.464551,-0.634375,-0.0196767,-0.240625
0.471168,-0.634375,-0.0204878,-0.021875
0.497395,-0.634375,-0.0233433,-0.153125
0.504012,-0.634375,-0.0244544,-0.196875
0.495351,-0.853125,-0.02701,0.153125
0.535098,-0.6125,-0.0272489,-0.196875
0.525579,-0.74375,-0.0292322,-0.04375
0.578264,-0.634375,-0.0300433,0
0.471332,-0.678125,-0.02941,-0.04375
0.524468,-0.853125,-0.0305211,-0.109375
0.549387,-0.83125,-0.0322044,-0.196875
0.572998,-0.721875,-0.0333156,-0.175
0.595751,-0.875,-0.0332544,0.153125
0.549584,-0.634375,-0.0343656,0.153125
0.554443,-0.546875,-0.0346044,-0.196875
0.613393,-0.6125,-0.0354156,-0.196875
0.567226,-0.765625,-0.0365267,-0.196875
0.562213,-0.7,-0.0379378,-0.240625
0.577843,-0.809375,-0.0376044,-0.196875
0.581393,-0.7,-0.0369711,0.0875
0.573763,-0.83125,-0.0366378,-0.196875
0.542874,-0.809375,-0.0360044,0
0.611695,-0.7,-0.0365433,-0.153125
0.551732,-0.83125,-0.03591,-0.175
0.589313,-0.809375,-0.0347044,0.153125
0.556666,-0.83125,-0.0331989,0
0.530283,-0.74375,-0.0319933,0.175
0.562049,-0.9625,-0.0304878,0.13125
0.546846,-0.875,-0.0292822,-0.21875
0.537908,-0.83125,-0.0277767,-0.196875
0.539292,-0.7875,-0.0253989,0.109375
0.540225,-0.809375,-0.0233211,-0.175
0.542917,-0.7875,-0.0218156,0
0.5443,-0.678125,-0.0197378,0.109375
0.510344,-0.91875,-0.01736,-0.175
0.492975,-0.809375,-0.01441,-0.153125
0.463976,-0.7875,-0.01116,0.13125
0.531489,-0.765625,-0.0105267,0.153125
0.532872,-0.65625,-0.00844889,-0.175
0.486429,-0.721875,-0.00519889,0
0.551325,-0.65625,-0.00282111,0.0875
0.453856,-1.02812,-0.000743333,-0.175
0.501758,-0.634375,0.00163444,0.153125
0.489754,-0.634375,0.00458444,-0.175
0.48852,-0.7,0.00870667,0.196875
0.436262,-0.634375,0.0119567,0.240625
0.517294,-0.590625,0.0152067,-0.196875
0.486987,-0.809375,0.0190289,-0.196875
0.469618,-0.6125,0.0222789,0.109375
0.434354,-0.65625,0.0255289,0.13125
0.434429,-0.6125,0.0284789,-0.04375
0.433195,-0.6125,0.0317289,-0.175
0.421191,-0.940625,0.0349789,0.109375
0.430279,-0.56875,0.0399733,0.196875
0.462626,-0.546875,0.0446678,-0.153125
0.426054,-0.6125,0.04879,0.13125
0.411882,-0.765625,0.0537844,0.175
0.42097,-0.546875,0.0587789,0
0.354016,-0.590625,0.0634733,0
0.432881,-0.590625,0.0684678,-0.065625
0.399957,-0.7875,0.0743344,0.196875
0.427348,-0.74375,0.0784567,0.196875
0.407362,-0.525,0.0834511,0
0.393191,-0.525,0.0884456,0.13125
0.354002,-0.6125,0.0940122,0.13125
0.386349,-0.678125,0.0990067,0
0.383357,-0.546875,0.104001,0.153125
0.392445,-0.74375,0.108123,0.109375
0.36083,-0.721875,0.113118,0.175
0.385604,-0.546875,0.118984,0
0.38437,-0.546875,0.123107,0.175
0.372816,-0.7,0.126057,0.175
0.369824,-0.678125,0.131051,0.175
0.367282,-0.590625,0.136046,0.175
0.37637,-0.74375,0.14104,0.196875
0.308107,-0.721875,0.146907,0.196875
0.405726,-0.634375,0.151029,0.175
0.355357,-0.4375,0.156896,0.175
0.382748,-0.765625,0.161018,0.2625
0.349824,-0.503125,0.166884,0.196875
0.347282,-0.56875,0.171879,0.175
0.373365,-0.525,0.176873,0.196875
0.353379,-0.678125,0.181868,0.240625
0.368281,-0.503125,0.186862,0.21875
0.301327,-0.56875,0.191857,0.21875
0.345304,-0.590625,0.196851,0.240625
0.34407,-0.503125,0.200373,0.30625
0.36204,-0.459375,0.203023,0.30625
0.342054,-0.39375,0.207418,0.240625
0.394462,-0.4375,0.209768,0.2625
0.331024,-0.459375,0.212418,0.2625
0.358865,-0.459375,0.21594,0.30625
0.340187,-0.459375,0.219462,0.109375
0.391737,-0.48125,0.222984,0.240625
0.356923,-0.6125,0.225634,0.2625
0.38927,-0.48125,0.230029,0.35
0.389795,-0.525,0.232379,0.284375
0.38987,-0.525,0.235029,0.284375
0.389945,-0.546875,0.237679,0.2625
0.33552,-0.65625,0.242073,0.35
0.370484,-0.6125,0.244723,0.328125
0.369251,-0.721875,0.248246,0.328125
0.38722,-0.590625,0.250896,0.284375
0.433814,-0.525,0.253546,0.240625
0.369926,-0.65625,0.256196,0.35
0.387895,-0.525,0.258846,0.328125
0.369218,-0.459375,0.262368,0.39375
0.369293,-0.415625,0.265018,0.2625
0.387262,-0.4375,0.267668,0.328125
0.417719,-0.525,0.269446,0.328125
0.419103,-0.590625,0.271223,0.30625
0.419628,-0.634375,0.273873,0.328125
0.419703,-0.634375,0.276523,0.35
0.438531,-0.7875,0.278301,0.35
0.421611,-0.6125,0.280951,0.30625
0.392612,-0.590625,0.283601,0.35
0.440514,-0.634375,0.285379,0.459375
0.459792,-0.6125,0.287157,0.30625
0.461175,-0.65625,0.288934,0.328125
0.410675,-0.590625,0.290712,0.35
0.446947,-0.765625,0.29249,0.415625
0.429578,-0.6125,0.29514,0.39375
0.448856,-0.634375,0.296918,0.39375
0.499374,-0.765625,0.296951,0.35
0.454239,-0.634375,0.298729,0.065625
0.439936,-0.590625,0.298762,0.39375
0.460072,-0.6125,0.299668,0.35
0.481517,-0.590625,0.300001,0.371875
0.449769,-0.65625,0.300907,0.35
0.433708,-0.6125,0.302684,0.35
0.453844,-0.6125,0.30359,0.371875
0.426604,-0.634375,0.305368,0.30625
0.475814,-0.546875,0.306273,0.021875
0.477197,-0.634375,0.308051,0.39375
0.499092,-0.634375,0.308384,0.4375
0.500475,-0.83125,0.30929,0.35
0.466969,-0.634375,0.311068,0.415625
0.437112,-0.721875,0.31459,0.459375
0.437187,-0.65625,0.31724,0.415625
0.437262,-0.809375,0.342577,0.415625
0.466861,-0.634375,0.321968,0.240625
0.420418,-0.6125,0.323746,0.4375
0.467011,-0.459375,0.326396,0.415625
0.421018,-0.48125,0.328473,0.35
0.419784,-0.39375,0.346533,0.4375
0.401106,-0.459375,0.34831,0.48125
0.417768,-0.65625,0.337296,0.328125
0.400398,-0.634375,0.385892,0.35
0.445683,-0.721875,0.37982,0.35
0.462344,-0.590625,0.399914,0.328125
0.444975,-0.678125,0.360416,0.415625
0.379779,-0.6125,0.376731,0.459375
0.39644,-0.525,0.348562,0.503125
0.412651,-0.503125,0.396286,0.634375
0.411418,-0.546875,0.419579,0.525
0.430695,-0.590625,0.42659,0.39375
0.395881,-0.6125,0.414712,0.525
0.414709,-0.56875,0.429573,0.48125
0.377729,-0.546875,0.443271,0.56875
0.377804,-0.546875,0.447966,0.48125
0.364941,-0.546875,0.45992,0.56875
0.391923,-0.546875,0.457636,0.503125
0.373245,-0.56875,0.480347,0.525
0.370704,-0.503125,0.483007,0.634375
0.386915,-0.503125,0.486829,0.56875
0.353991,-0.6125,0.501118,0.48125
0.351449,-0.525,0.511055,0.6125
0.360537,-0.590625,0.520983,0.546875
0.346366,-0.6125,0.529747,0.48125
0.344274,-0.590625,0.523403,0.415625
0.32298,-0.546875,0.55659,0.7
0.337882,-0.678125,0.529884,0.56875
0.334032,-0.6125,0.547962,0.415625
0.360565,-0.525,0.553238,0.678125
0.292752,-0.65625,0.543977,0.74375
0.307655,-0.56875,0.550716,0.6125
0.321249,-0.48125,0.530988,0.6125
0.329029,-0.56875,0.543542,0.56875
0.27866,-0.459375,0.564518,0.721875
0.245736,-0.56875,0.569512,0.65625
0.253516,-0.459375,0.54019,0.56875
0.303307,-0.590625,0.534418,0.74375
0.282013,-0.415625,0.499581,0.678125
0.295607,-0.35,0.493518,0.65625
0.291757,-0.459375,0.47787,0.678125
0.235574,-0.415625,0.438953,0.65625
0.267921,-0.4375,0.384346,0.7
0.246627,-0.2625,0.355896,0.546875
0.290604,-0.459375,0.32542,0.65625
0.224549,-0.56875,0.29726,0.721875
0.220699,-0.39375,0.245851,0.6125
0.251738,-0.39375,0.208388,0.56875
0.212999,-0.459375,0.183727,0.503125
0.226594,-0.328125,0.140159,0.7
0.256324,-0.30625,0.154747,0.48125
0.217585,-0.328125,0.15102,0.4375
0.184661,-0.39375,0.110068,0.415625
0.209885,-0.35,0.115934,0.459375
0.22348,-0.56875,0.121501,0.371875
0.21963,-0.35,0.127368,0.2625
0.217088,0.04375,0.132362,0.284375
0.213238,-0.459375,0.137929,0.30625
0.228141,-0.48125,0.142923,0.284375
0.208155,-0.371875,0.147618,0.21875
0.25344,-0.021875,0.179942,0.284375
0.287095,-0.328125,0.15499,0.175
0.272343,-0.48125,0.184397,0.153125
0.276343,-0.35,0.209453,0.109375
0.309417,-0.415625,0.190897,0.284375
0.309492,-0.415625,0.216234,0.153125
0.309567,-0.459375,0.156684,0.240625
0.345839,-0.153125,0.203836,0.240625
0.376296,-0.525,0.157951,0.35
0.349914,-0.459375,0.194336,0.240625
0.384296,-0.153125,0.159499,0.240625
0.408807,-0.56875,0.180775,0.240625
0.39798,-0.56875,0.171233,0.30625
0.454313,-0.6125,0.161099,0.0875
0.458313,-0.74375,0.159116,0.21875
0.475251,-0.39375,0.141723,0.13125
0.458027,-0.39375,0.173175,0.13125
0.482088,-0.590625,0.132223,0.328125
0.51647,-0.284375,0.131112,0.284375
0.49663,-0.74375,0.164309,0.175
0.534937,-0.634375,0.123657,0.109375
0.526726,-0.7875,0.149003,0.196875
0.534651,-0.65625,0.117946,0.284375
0.562637,-0.721875,0.113918,0.0875
0.538871,-0.721875,0.113679,0.39375
0.573254,-0.7,0.11344,0.0875
0.581179,-0.678125,0.111457,0.065625
0.590412,-0.765625,0.108601,0.525
0.614473,-0.7875,0.10749,0.30625
0.622398,-0.809375,0.106379,0.21875
0.567669,-0.91875,0.103523,0.21875
0.604668,-0.7875,0.10124,0.21875
0.663618,-0.896875,0.100129,0.284375
0.635795,-0.853125,0.0443493,-0.196875
0.624559,-0.984375,0.0972511,0.04375
0.630768,-0.853125,0.0949122,0.021875
0.636976,-0.896875,0.0928733,0.04375
0.643184,-0.896875,0.0361659,0.284375
0.624244,-0.875,0.0864511,0.13125
0.611699,-0.7875,0.0852844,0.13125
0.599155,-0.765625,0.0838178,0.13125
0.592425,-0.83125,0.0823511,0.2625
0.607646,-0.7,0.0820567,0.13125
0.615163,-0.74375,0.0797178,0
0.607125,-0.765625,0.0791233,0.196875
0.577136,-0.7875,0.0779567,0.21875
0.598622,-0.984375,0.0773622,0.13125
0.582153,-0.83125,0.0788122,0.30625
0.600572,-0.765625,0.0799622,0.13125
0.602856,-0.83125,0.08024,0
0.539868,-0.765625,0.08169,0.0875
0.586053,-0.765625,0.0837122,0.13125
0.540509,-0.765625,0.0851622,0.13125
0.55762,-1.00625,0.0871844,0
0.570225,-1.00625,0.0883344,0.284375
0.540818,-0.721875,0.0906567,0.175
0.504287,-0.853125,0.0935511,0.13125
0.556287,-0.7875,0.0958733,0
0.491991,-0.940625,0.0978956,0.2625
0.538176,-0.765625,0.100218,0.175
0.520848,-0.74375,0.10224,0.240625
0.501762,-0.721875,0.105434,0.196875
0.518873,-0.7,0.107457,0.13125
0.469405,-0.809375,0.111523,0.196875
0.485207,-0.765625,0.114418,0.35
0.495195,-0.853125,0.117612,0.196875
0.493554,-0.853125,0.120507,0.13125
0.462838,-0.853125,0.123701,0.196875
0.459888,-0.853125,0.127468,0.30625
0.486012,-0.765625,0.131534,0.196875
0.48437,-0.875,0.134429,0.175
0.434902,-0.83125,0.138496,0.2625
0.479779,-0.809375,0.14169,0.065625
0.412866,-0.7875,0.145457,0.175
0.445255,-0.6125,0.149523,0.284375
0.443613,-0.6125,0.152418,0.0875
0.424527,-0.546875,0.155612,0.13125
0.459082,-0.546875,0.157934,0.240625
0.441305,-0.634375,0.159957,0.21875
0.440971,-0.65625,0.162279,0.35
0.404441,-0.56875,0.165173,0.0875
0.455132,-0.546875,0.168368,0.0875
0.452182,-0.634375,0.172434,0.21875
0.463479,-0.56875,0.174457,0.153125
0.463145,-0.590625,0.176779,0.109375
0.461504,-0.48125,0.179973,0.196875
0.449541,-0.6125,0.181996,0.196875
0.476973,-0.6125,0.18519,0.240625
0.449324,-0.65625,0.18664,0.2625
0.459312,-0.65625,0.189534,0.196875
0.475115,-0.634375,0.192729,0.240625
0.457337,-0.678125,0.195051,0.196875
0.426621,-0.634375,0.197946,0.13125
0.446349,-0.65625,0.198523,0.2625
0.477706,-0.65625,0.199101,0.284375
0.478681,-0.6125,0.200551,0.13125
0.462212,-0.65625,0.201701,0.153125
0.483248,-0.65625,0.201407,0.2625
0.548186,-0.7,0.202857,0.240625
0.533025,-0.721875,0.203434,0.175
0.506234,-0.74375,0.203712,0.240625
0.523345,-0.74375,0.206034,0.284375
0.52432,-0.74375,0.207484,0.175
0.538683,-0.74375,0.208062,0.284375
0.540967,-0.809375,0.20834,0.153125
0.578139,-0.634375,0.208918,0.21875
0.546842,-0.7875,0.208623,0.39375
0.569186,-0.65625,0.207457,0.153125
0.571469,-0.809375,0.208034,0.328125
0.557617,-0.7875,0.20744,0.39375
0.625171,-0.9625,0.207146,0.284375
0.628763,-0.83125,0.206851,0.284375
0.619417,-0.415625,0.207429,0.328125
0.634638,-0.721875,0.207134,0.459375
0.591711,-0.721875,0.20684,0.39375
0.595303,-0.875,0.206546,0.284375
0.620264,-0.896875,0.203334,0.39375
0.654688,-0.74375,0.202168,0.240625
0.71323,-0.875,0.199829,0.328125
0.652858,-0.875,0.199234,0.39375
0.65645,-0.83125,0.19894,0.240625
0.641739,-0.875,0.199218,0.30625
0.644022,-0.896875,0.199496,0.371875
0.630169,-0.940625,0.198901,0.240625
0.697724,-0.896875,0.198607,0.2625
0.653939,-0.91875,0.198884,0.21875
0.661456,-1.07187,0.195673,0.153125
0.647603,-0.875,0.195379,0.196875
0.63375,-0.91875,0.194784,0.153125
0.626162,-1.02812,0.19419,0.240625
0.673656,-0.91875,0.19564,0.371875
0.658494,-0.525,0.195918,0.13125
0.696975,-0.896875,0.195323,0.284375
0.646067,-0.91875,0.196773,0.153125
0.667103,-0.875,0.196179,0.415625
0.669386,-0.875,0.196757,0.328125
0.693039,-0.7875,0.194418,0.240625
0.658267,-0.91875,0.19644,0.21875
0.632784,-0.875,0.196146,0.153125
0.616315,-0.875,0.197296,0.21875
0.618598,-0.765625,0.197873,0.39375
0.636159,-0.83125,0.199023,0.284375
0.6649,-0.7875,0.256586,0.175
0.665875,-0.83125,0.202496,0.284375
0.589949,-0.853125,0.204518,0.284375
0.600387,-0.7875,0.20684,0.284375
0.569671,-0.896875,0.208862,0.153125
0.614548,-0.83125,0.212057,0.284375
0.586449,-0.809375,0.212334,0.175
0.585257,-0.6125,0.215529,0.175
0.595245,-0.809375,0.217551,0.39375
0.565838,-0.678125,0.219873,0.175
0.545444,-0.809375,0.278009,0.153125
0.54556,-0.721875,0.270736,0.284375
0.496092,-0.853125,0.227112,0.39375
0.574549,-0.875,0.230307,0.284375
0.520574,-0.809375,0.255588,0.371875
0.571716,-0.7875,0.294834,0.153125
0.55263,-0.74375,0.28232,0.371875
0.514791,-0.7,0.266325,0.284375
0.465322,-0.590625,0.268647,0.371875
0.349274,-0.74375,0.288986,0.284375
0.521219,-0.7,0.268049,0.284375
0.535713,-0.7,0.302053,0.4375
0.516627,-0.678125,0.308446,0.415625
0.496232,-0.721875,0.310768,0.56875
0.480794,-0.634375,0.298253,0.415625
0.461708,-0.74375,0.282259,0.39375
0.474894,-0.634375,0.310447,0.39375
0.455808,-0.721875,0.311025,0.48125
0.482382,-0.896875,0.327884,0.590625
0.51563,-0.590625,0.264199,0.39375
0.51268,-0.91875,0.315947,0.371875
0.50973,-0.678125,0.263029,0.48125
0.471032,-0.721875,0.28046,0.503125
0.439008,-0.678125,0.268246,0.415625
0.481269,-0.65625,0.327553,0.35
0.414356,-0.765625,0.298466,0.35
0.475819,-0.634375,0.333642,0.503125
0.490313,-0.634375,0.280723,0.39375
0.451166,-0.503125,0.285362,0.35
0.46566,-0.590625,0.335075,0.39375
0.480155,-0.721875,0.292623,0.39375
0.412383,-0.634375,0.29669,0.371875
0.45726,-0.65625,0.299584,0.371875
0.455619,-0.809375,0.302779,0.503125
0.452669,-0.7,0.361214,0.39375
0.467613,-0.83125,0.31004,0.39375
0.483416,-0.940625,0.312934,0.415625
0.446885,-0.678125,0.321071,0.503125
0.397417,-0.6125,0.319323,0.48125
0.426607,-0.678125,0.321646,0.65625
0.44241,-0.678125,0.323668,0.39375
0.50604,-0.634375,0.32599,0.415625
0.45788,-0.853125,0.329184,0.371875
0.420041,-0.678125,0.332379,0.39375
0.45243,-0.56875,0.336446,0.4375
0.469541,-0.7,0.338468,0.525
0.469207,-0.7,0.34079,0.48125
0.470182,-0.590625,0.364627,0.371875
0.451546,-0.590625,0.344262,0.503125
0.479429,-0.56875,0.346857,0.459375
0.477787,-0.7,0.354394,0.4375
0.495348,-0.6125,0.350301,0.65625
0.47802,-0.590625,0.352023,0.459375
0.465199,-0.634375,0.377005,0.459375
0.476945,-0.634375,0.355468,0.590625
0.475754,-0.6125,0.411559,0.35
0.511618,-0.590625,0.357168,0.65625
0.478154,-0.590625,0.38622,0.503125
0.497023,-0.6125,0.39492,0.503125
0.484929,-0.65625,0.354484,0.4375
0.521243,-0.74375,0.355334,0.56875
0.542279,-0.678125,0.353568,0.415625
0.545012,-0.634375,0.407914,0.459375
0.546437,-0.809375,0.353523,0.56875
0.551787,-0.74375,0.351757,0.65625
0.582286,-0.590625,0.351734,0.56875
0.568883,-0.65625,0.35084,0.503125
0.543401,-0.7,0.349946,0.48125
0.592653,-0.853125,0.349923,0.48125
0.612831,-0.7,0.349901,0.39375
0.6317,-0.984375,0.350751,0.459375
0.616989,-0.83125,0.350729,0.546875
0.581767,-0.875,0.352751,0.4375
0.600636,-0.7875,0.353601,0.503125
0.574295,-0.765625,0.353579,0.503125
0.606103,-0.765625,0.353557,0.503125
0.594008,-0.809375,0.35179,0.48125
0.616803,-0.7875,0.350023,0.678125
0.60295,-0.765625,0.349129,0.503125
0.623128,-0.7875,0.349107,0.459375
0.625861,-0.91875,0.349384,0.459375
0.628594,-0.83125,0.349362,0.525
0.613883,-0.83125,0.34934,0.415625
0.614858,-0.91875,0.35019,0.459375
0.636344,-0.91875,0.349296,0.503125
0.637769,-0.91875,0.350146,0.503125
0.623058,-0.83125,0.350423,0.459375
0.644544,-0.9625,0.349529,0.4375
0.629383,-0.91875,0.349507,0.39375
0.667006,-0.984375,0.349484,0.04375
0.633542,-0.984375,0.350334,0.4375
0.673781,-0.896875,0.348868,0.459375
0.676514,-0.9625,0.348846,0.39375
0.6426,-0.91875,0.349696,0.546875
0.631087,-0.875,0.365083,0.459375
0.635129,-1.02812,0.349951,0.525
0.652108,-0.896875,0.348184,0.56875
0.674903,-0.896875,0.383342,0.7
0.629359,-0.56875,0.345523,0.48125
0.632093,-0.875,0.345801,0.546875
0.662592,-1.00625,0.400147,0.503125
0.638868,-0.9625,0.388786,0.4375
0.705564,-0.83125,0.396914,0.459375
0.643884,-0.91875,0.355316,0.459375
0.691828,-0.853125,0.339884,0.415625
0.665487,-0.896875,0.393659,0.546875
0.66822,-0.896875,0.391892,0.459375
0.681275,-0.896875,0.390997,0.6125
0.653176,-0.853125,0.335162,0.503125
0.635848,-0.875,0.390381,0.328125
0.654718,-1.00625,0.395301,0.459375
0.673587,-0.83125,0.333651,0.56875
0.686642,-1.00625,0.332757,0.459375
0.675987,-0.940625,0.377509,0.56875
0.662584,-0.9625,0.376042,0.634375
0.680145,-0.940625,0.391429,0.109375
0.68157,-0.896875,0.329779,0.240625
0.693317,-1.02812,0.330629,0.459375
0.694292,-1.02812,0.330607,0.6125
0.682779,-0.91875,0.331757,0.459375
0.648006,-1.07187,0.332607,0.4375
0.630679,-0.940625,0.334629,0.459375
0.64824,-1.05,0.357866,0.56875
0.647906,-0.875,0.336629,0.459375
0.631887,-1.11563,0.337479,0.48125
0.64814,-0.875,0.400257,0.56875
0.648256,-0.875,0.341223,0.459375
0.667126,-0.896875,0.341201,0.48125
0.666793,-0.83125,0.343223,0.56875
0.666909,-0.940625,0.349888,0.459375
0.630829,-0.875,0.346968,0.4375
0.630945,-0.896875,0.347818,0.459375
0.682945,-0.83125,0.354783,0.590625
0.648173,-0.896875,0.35069,0.39375
0.667043,-0.853125,0.356783,0.459375
0.667159,-0.809375,0.35269,0.459375
0.6968,-0.896875,0.35264,0.415625
0.668293,-0.984375,0.353462,0.459375
0.685854,-0.896875,0.353412,0.56875
0.668976,-0.91875,0.354234,0.48125
0.670851,-0.896875,0.353612,0.4375
0.652665,-0.678125,0.355307,0.415625
0.690737,-0.91875,0.381714,0.678125
0.755267,-0.940625,0.353462,0.56875
0.706117,-0.940625,0.351668,0.459375
0.678918,-0.9625,0.350746,0.371875
0.679034,-0.984375,0.351568,0.525
0.682218,-0.984375,0.373033,0.634375
0.682784,-0.65625,0.350596,0.590625
0.749931,-1.00625,0.349673,0.459375
0.735669,-1.02812,0.349051,0.240625
0.691026,-1.15938,0.349001,0.56875
0.711654,-1.02812,0.348079,0.56875
0.714387,-1.02812,0.347157,0.415625
0.745336,-0.940625,0.347107,0.459375
0.732383,-1.05,0.345312,0.56875
0.754319,-1.05,0.343818,0.415625
0.776256,-1.07187,0.342023,0.56875
0.761994,-1.07187,0.341101,0.525
0.781314,-1.02812,0.341051,0.39375
0.784047,-1.09375,0.340129,0.459375
0.769786,-1.09375,0.339507,0.678125
0.772969,-1.11563,0.338584,0.56875
0.777461,-1.09375,0.33679,0.546875
0.828471,-1.09375,0.334996,0.56875
0.802581,-1.09375,0.334073,0.459375
0.805764,-1.3125,0.333451,0.371875
0.773608,-1.07187,0.332529,0.4375
0.830433,-1.15938,0.330734,0.371875
0.816172,-1.20312,0.329812,0.459375
0.801911,-1.20312,0.32919,0.525
0.823847,-1.09375,0.327396,0.415625
0.810894,-1.11563,0.325601,0.4375
0.815386,-1.07187,0.323807,0.371875
0.771601,-1.07187,0.323184,0.415625
0.8575,-1.11563,0.32139,0.415625
0.825794,-1.1375,0.320468,0.415625
0.847731,-1.09375,0.318973,0.56875
0.832161,-1.24687,0.318923,0.4375
0.816592,-1.20312,0.318873,0.415625
0.819775,-1.18125,0.318251,0.503125
0.839953,-1.15938,0.317329,0.39375
0.857964,-1.09375,0.318151,0.56875
0.845011,-1.1375,0.316657,0.4375
0.817812,-1.1375,0.316607,0.371875
0.819687,-1.09375,0.316557,0.415625
0.805426,-1.07187,0.315934,0.459375
0.824295,-1.07187,0.315884,0.459375
0.836492,-1.20312,0.316707,0.371875
0.826737,-1.1375,0.316957,0.415625
0.811168,-1.05,0.316907,0.2625
0.778154,-1.09375,0.316857,0.109375
0.814918,-1.18125,0.317107,0.415625
0.834237,-1.1375,0.317057,0.35
0.819526,-1.07187,0.316434,0.196875
0.783895,-1.00625,0.318129,0.39375
0.771524,-0.984375,0.319823,0.56875
0.78372,-1.07187,0.320946,0.415625
0.800423,-1.07187,0.32264,0.39375
0.769299,-1.00625,0.325507,0.371875
0.717082,-1.02812,0.326329,0.415625
0.768674,-1.07187,0.328323,0.415625
0.750488,-1.00625,0.330018,0.459375
0.780129,-1.02812,0.33114,0.328125
0.766449,-1.02812,0.333707,0.525
0.700436,-1.00625,0.336573,0.371875
0.72746,-1.02812,0.33914,0.35
0.706207,-1.00625,0.342879,0.56875
0.692528,-1.00625,0.345446,0.459375
0.718244,-0.9625,0.349184,0.415625
0.669675,-0.940625,0.351751,0.459375
0.714144,-0.634375,0.354618,0.459375
0.683019,-1.09375,0.357184,0.7875
0.661767,-0.940625,0.360923,0.459375
0.703619,-0.91875,0.365234,0.525
0.65505,-0.9625,0.368101,0.371875
0.634247,-0.940625,0.37154,0.56875
0.581754,-0.896875,0.377023,0.503125
0.672741,-0.91875,0.37959,0.371875
0.658611,-0.940625,0.382457,0.503125
0.655253,-0.896875,0.385896,0.459375
0.598703,-0.896875,0.389034,0.546875
0.547968,-0.853125,0.392446,0.48125
0.645219,-0.875,0.394112,0.48125
0.641861,-0.853125,0.396651,0.503125
0.6202,-0.91875,0.39949,0.503125
0.582403,-0.853125,0.402029,0.590625
0.566556,-0.809375,0.40544,0.48125
0.608858,-0.7875,0.469334,0.56875
0.60595,-0.809375,0.409946,0.56875
0.619178,-0.875,0.442431,0.503125
0.562178,-0.853125,0.416196,0.634375
0.546331,-0.809375,0.418734,0.56875
0.607386,-0.809375,0.420401,0.48125
0.614799,-0.7875,0.446499,0.525
0.600261,-0.7875,0.424907,0.634375
0.579908,-0.765625,0.427446,0.590625
0.494284,-0.83125,0.430284,0.525
0.588469,-0.853125,0.461897,0.590625
0.52029,-0.7875,0.436234,0.65625
0.581344,-0.721875,0.438201,0.546875
0.526103,-0.896875,0.439868,0.503125
0.604602,-0.875,0.442707,0.546875
0.489904,-0.809375,0.445246,0.6125
0.568403,-0.809375,0.447784,0.546875
0.566353,-0.875,0.449751,0.525
0.544692,-0.809375,0.458105,0.65625
0.559228,-0.721875,0.455129,0.634375
0.556319,-0.853125,0.457668,0.590625
0.565041,-0.83125,0.460207,0.590625
0.515614,-0.7875,0.462173,0.634375
0.577527,-0.7875,0.46384,0.590625
0.557174,-0.765625,0.466679,0.721875
0.573019,-0.83125,0.467473,0.634375
0.523592,-0.74375,0.470312,0.6125
0.520683,-0.853125,0.472851,0.721875
0.536528,-0.7,0.474818,0.590625
0.581446,-0.765625,0.529981,0.6125
0.596841,-0.721875,0.476707,0.634375
0.531278,-0.765625,0.477501,0.721875
0.542616,-0.74375,0.478596,0.721875
0.559769,-0.7875,0.507592,0.6125
0.575613,-0.765625,0.480484,0.634375
0.539124,-0.721875,0.482151,0.6125
0.602795,-0.765625,0.482373,0.634375
0.574288,-0.853125,0.482296,0.896875
0.620515,-0.74375,0.48339,0.634375
0.604087,-0.765625,0.483312,0.7
0.605104,-0.809375,0.483534,0.590625
0.603504,-0.809375,0.485201,0.721875
0.592891,-0.91875,0.485423,0.634375
0.605087,-0.83125,0.485346,0.634375
0.607412,-0.74375,0.484696,0.65625
0.627181,-0.7875,0.483746,0.6125
0.628198,-0.853125,0.529614,0.634375
0.647968,-0.984375,0.482446,0.6125
0.630231,-0.853125,0.48324,0.7
0.632106,-0.940625,0.48259,0.546875
0.66932,-0.853125,0.48164,0.7875
0.683275,-0.875,0.509192,0.721875
0.67397,-0.875,0.479468,0.634375
0.658851,-0.875,0.478518,0.721875
0.661176,-1.18125,0.477868,0.7875
0.712636,-0.940625,0.475173,0.6125
0.686745,-0.896875,0.473651,0.6125
0.736897,-0.896875,0.472129,0.7
0.704333,-0.91875,0.471179,0.65625
0.695029,-0.940625,0.470529,0.546875
0.743872,-0.896875,0.469879,0.6125
0.666098,-0.83125,0.468057,0.7
0.731936,-0.809375,0.467407,0.6125
0.734261,-0.984375,0.466757,0.6125
0.784413,-1.07187,0.464934,0.590625
0.740219,-1.00625,0.464284,0.678125
0.742544,-0.940625,0.463634,0.634375
0.746178,-0.940625,0.461812,0.65625
0.749361,-1.07187,0.46029,0.590625
0.786575,-1.00625,0.45964,0.7
0.755319,-0.91875,0.457818,0.590625
0.760261,-1.11563,0.455423,0.546875
0.762586,-0.984375,0.454773,0.65625
0.783664,-0.984375,0.453251,0.634375
0.75065,-1.1375,0.452301,0.590625
0.790481,-1.00625,0.449907,0.7
0.823188,-1.00625,0.448384,0.590625
0.76155,-1.11563,0.447734,0.525
0.798764,-1.1375,0.446784,0.546875
0.7662,-1.07187,0.445834,0.678125
0.805172,-1.02812,0.442812,0.7
0.77175,-1.07187,0.441834,0.546875
0.775833,-1.15938,0.438812,0.590625
0.779058,-1.09375,0.436962,0.65625
0.768895,-1.02812,0.435684,0.590625
0.7833,-1.15938,0.433834,0.546875
0.757001,-0.984375,0.431684,0.7
0.758468,-1.07187,0.430407,0.590625
0.759934,-1.1375,0.429429,0.546875
0.745715,-1.02812,0.427279,0.65625
0.7937,-1.00625,0.426301,0.590625
0.748648,-1.18125,0.425023,0.546875
0.768868,-1.02812,0.423173,0.678125
0.732829,-1.00625,0.42364,0.56875
0.753048,-1.00625,0.42179,0.525
0.724582,-1.15938,0.421384,0.590625
0.73637,-1.00625,0.421279,0.590625
0.755281,-1.02812,0.420001,0.546875
0.690169,-1.00625,0.420768,0.503125
0.75429,-0.984375,0.420362,0.503125
0.725374,-0.9625,0.420257,0.678125
0.70678,-0.896875,0.420723,0.546875
0.724832,-1.00625,0.420618,0.546875
0.688794,-0.9625,0.421384,0.503125
0.706396,-1.07187,0.420979,0.6125
0.73432,-0.875,0.421746,0.525
0.704096,-0.91875,0.450414,0.546875
0.702946,-1.11563,0.422107,0.546875
0.719691,-1.1375,0.422573,0.525
0.667516,-0.91875,0.422468,0.503125
0.68381,-0.940625,0.422362,0.590625
0.665216,-0.940625,0.422829,0.546875
0.652436,-0.9625,0.422723,0.459375
0.661607,-0.940625,0.424062,0.634375
0.678352,-0.91875,0.423957,0.525
0.630683,-0.83125,0.424423,0.634375
0.610781,-0.896875,0.447577,0.546875
0.627075,-0.940625,0.479453,0.546875
0.653691,-0.896875,0.424679,0.678125
0.604714,-0.853125,0.439983,0.546875
0.648774,-0.853125,0.432027,0.56875
0.665519,-0.896875,0.463603,0.546875
0.645616,-0.853125,0.481814,0.7
0.612775,-0.83125,0.456414,0.590625
0.592872,-0.83125,0.427807,0.56875
0.571661,-0.984375,0.429446,0.6125
0.604092,-0.853125,0.484281,0.678125
0.666046,-0.809375,0.428934,0.7
0.617069,-0.91875,0.484942,0.6125
0.579722,-0.875,0.485409,0.6125
0.5934,-0.83125,0.445471,0.546875
0.573497,-0.896875,0.431701,0.590625
0.604619,-0.853125,0.43334,0.721875
0.567272,-0.83125,0.488175,0.590625
0.598844,-0.7875,0.44911,0.56875
0.626769,-0.896875,0.433596,0.678125
0.605557,-0.765625,0.434934,0.6125
0.556581,-0.7875,0.435701,0.590625
0.535369,-0.853125,0.43734,0.590625
0.596874,-0.721875,0.438979,0.6125
0.594416,-0.765625,0.453983,0.590625
0.545889,-0.809375,0.441084,0.6125
0.578319,-0.765625,0.479647,0.634375
0.575861,-0.765625,0.44349,0.590625
0.573403,-0.765625,0.444829,0.65625
0.570944,-0.853125,0.446468,0.56875
0.59756,-0.765625,0.448107,0.678125
0.502065,-0.7875,0.448873,0.56875
0.564019,-0.74375,0.450212,0.590625
0.591944,-0.7875,0.450979,0.74375
0.608238,-0.765625,0.451746,0.590625
0.589644,-0.7875,0.452512,0.721875
0.588494,-0.809375,0.452979,0.6125
0.558269,-0.7875,0.453746,0.590625
0.621082,-0.809375,0.454512,0.590625
0.621691,-0.74375,0.454407,0.7
0.63217,-0.74375,0.455173,0.546875
0.603255,-0.853125,0.455068,0.6125
0.619549,-0.809375,0.455534,0.721875
0.631337,-0.853125,0.455429,0.503125
0.650248,-0.83125,0.454451,0.56875
0.621782,-0.875,0.454046,0.634375
0.653631,-0.853125,0.452196,0.6125
0.65379,-0.853125,0.45179,0.590625
0.637812,-0.896875,0.450512,0.546875
0.705,-0.853125,0.448662,0.721875
0.694837,-0.9625,0.447384,0.6125
0.709242,-0.940625,0.445234,0.590625
0.645887,-0.940625,0.445129,0.6125
0.700995,-0.984375,0.442979,0.7
0.686326,-0.984375,0.440829,0.590625
0.719933,-1.00625,0.438107,0.590625
0.741461,-0.9625,0.435084,0.546875
0.761681,-1.05,0.433234,0.634375
0.814899,-1.11563,0.428468,0.6125
0.771606,-1.11563,0.426318,0.546875
0.758244,-1.07187,0.423596,0.634375
0.744883,-1.07187,0.420573,0.546875
0.784306,-1.05,0.417851,0.546875
0.836216,-1.11563,0.413957,0.590625
0.86036,-1.11563,0.40919,0.503125
0.831313,-1.15938,0.405596,0.56875
0.836705,-1.18125,0.401701,0.56875
0.842096,-1.15938,0.398107,0.634375
0.864932,-1.15938,0.394212,0.56875
0.889527,-1.37813,0.389746,0.546875
0.877474,-1.20312,0.385851,0.525
0.929384,-1.26875,0.381957,0.503125
0.890016,-1.20312,0.37749,0.546875
0.912852,-1.18125,0.373596,0.4375
0.919552,-1.225,0.369129,0.525
0.924944,-1.225,0.365234,0.590625
0.913341,-1.225,0.36164,0.503125
0.920041,-1.20312,0.356873,0.4375
0.96163,-1.24687,0.291351,0.48125
0.933891,-1.29062,0.34764,0.634375
0.985801,-1.29062,0.344046,0.459375
0.928538,-1.3125,0.339279,0.459375
0.951374,-1.29062,0.335684,0.546875
0.957216,-1.33438,0.33179,0.4375
0.946471,-1.3125,0.327323,0.503125
0.953171,-1.33438,0.322557,0.371875
0.977766,-1.3125,0.31809,0.415625
0.983157,-1.35625,0.314196,0.546875
0.959475,-1.3125,0.310601,0.4375
0.964867,-1.29062,0.307579,0.4375
0.951956,-1.35625,0.26706,0.503125
0.986421,-1.29062,0.300962,0.284375
0.978875,-1.3125,0.29824,0.35
0.983408,-1.26875,0.295518,0.415625
0.952603,-1.29062,0.292496,0.371875
0.974131,-1.18125,0.289773,0.35
0.943325,-1.225,0.286751,0.4375
0.936229,-1.20312,0.284029,0.39375
0.968078,-1.29062,0.281879,0.371875
0.923026,-1.26875,0.280901,0.39375
0.954875,-1.225,0.279051,0.4375
0.94647,-1.26875,0.276901,0.371875
0.947937,-1.26875,0.275923,0.35
0.931959,-1.24687,0.274646,0.4375
0.952629,-1.26875,0.272796,0.415625
0.919206,-1.29062,0.271818,0.328125
0.890291,-1.26875,0.271412,0.48125
0.894374,-1.29062,0.26869,0.415625
0.90792,-1.225,0.267712,0.371875
0.910695,-1.26875,0.265562,0.371875
0.929606,-1.24687,0.264584,0.371875
0.930215,-1.35625,0.264479,0.39375
0.901299,-1.24687,0.264073,0.4375
0.884013,-1.24687,0.263968,0.371875
0.901616,-1.26875,0.263862,0.415625
0.88478,-1.26875,0.263457,0.284375
0.884938,-1.24687,0.263351,0.39375
0.883788,-1.24687,0.264118,0.284375
0.883946,-1.15938,0.263712,0.35
0.849666,-1.24687,0.263607,0.35
0.86596,-1.18125,0.264373,0.4375
0.834428,-1.20312,0.265712,0.39375
0.844907,-1.20312,0.266479,0.4375
0.833886,-1.18125,0.266373,0.328125
0.879255,-1.18125,0.26714,0.328125
0.841907,-1.11563,0.268479,0.35
0.829578,-1.20312,0.269246,0.4375
0.809675,-1.07187,0.270884,0.371875
0.855044,-1.18125,0.271351,0.30625
0.806067,-1.26875,0.27299,0.4375
0.86933,-1.09375,0.273157,0.35
0.803358,-1.1375,0.274196,0.30625
0.830424,-1.1375,0.274934,0.35
0.816786,-1.11563,0.275973,0.4375
0.827716,-1.02812,0.27614,0.371875
0.824399,-1.09375,0.277751,0.30625
0.775872,-1.225,0.27879,0.415625
0.820382,-1.1375,0.279829,0.39375
0.808053,-1.09375,0.279696,0.30625
0.834669,-1.24687,0.280734,0.415625
0.83266,-1.1375,0.281473,0.634375
0.814516,-1.02812,0.28164,0.371875
0.799569,-1.07187,0.283551,0.328125
0.798869,-1.15938,0.283418,0.371875
0.808491,-1.09375,0.284457,0.4375
0.807791,-1.07187,0.284623,0.371875
0.84198,-1.07187,0.28479,0.4375
0.806391,-1.05,0.284657,0.35
0.759172,-1.09375,0.284823,0.371875
0.793361,-1.09375,0.28499,0.328125
0.821285,-1.11563,0.284857,0.371875
0.820585,-1.07187,0.285023,0.39375
0.838638,-1.18125,0.284318,0.56875
0.821802,-1.11563,0.283312,0.371875
0.839855,-1.09375,0.282607,0.4375
0.792636,-1.1375,0.282773,0.371875
0.855899,-1.11563,0.28294,0.4375
0.837755,-1.1375,0.282807,0.525
0.838363,-1.225,0.282101,0.39375
0.838971,-1.09375,0.281396,0.35
0.83958,-1.1375,0.28069,0.196875
0.83843,-1.09375,0.280557,0.371875
0.820285,-1.18125,0.280723,0.546875
0.839646,-1.09375,0.279146,0.371875
0.870637,-1.15938,0.277568,0.590625
0.842171,-1.11563,0.276562,0.240625
0.871854,-1.20312,0.275857,0.30625
0.860832,-1.15938,0.275151,0.35
0.842688,-1.11563,0.275318,0.328125
0.841988,-1.26875,0.275184,0.415625
0.823844,-1.225,0.275351,-0.109375
0.824452,-1.11563,0.274646,0.525
0.843363,-1.18125,0.273068,0.371875
0.842663,-1.225,0.273234,0.30625
0.862024,-1.1375,0.271657,0.371875
0.829052,-1.33438,0.269779,0.39375
0.863241,-1.18125,0.269946,0.4375
0.865157,-1.09375,0.268368,0.328125
0.829569,-1.24687,0.268534,0.328125
0.828869,-1.1375,0.268701,0.4375
0.845613,-1.05,0.268868,0.546875
0.848838,-1.225,0.26699,0.35
0.847688,-1.09375,0.267157,0.35
0.87737,-1.1375,0.266451,0.328125
0.846288,-1.225,0.26749,0.415625
0.865649,-1.09375,0.265912,0.328125
0.847505,-1.09375,0.266079,0.371875
0.82936,-1.1375,0.266246,0.503125
0.811216,-1.09375,0.266112,0.35
0.862849,-1.07187,0.266279,0.4375
0.846013,-1.24687,0.265573,0.459375
0.829177,-1.09375,0.264868,0.39375
0.828027,-1.1375,0.265907,0.196875
0.862216,-1.15938,0.266073,0.35
0.809182,-1.1375,0.26624,0.4375
0.779408,-1.11563,0.266407,0.35
0.807782,-1.1375,0.266573,0.371875
0.824527,-1.11563,0.26674,0.39375
0.806382,-1.05,0.266907,0.328125
0.858016,-0.9625,0.267073,0.4375
0.842488,-1.1375,0.265196,0.284375
0.805141,-1.1375,0.266234,0.35
0.804441,-1.05,0.266401,0.328125
0.792111,-1.15938,0.266568,0.328125
0.83793,-1.11563,0.266734,0.459375
0.83723,-1.09375,0.266901,0.328125
0.788703,-1.11563,0.26794,0.30625
0.786694,-1.18125,0.268979,0.30625
0.785994,-1.11563,0.269146,0.415625
0.783986,-1.05,0.269884,0.415625
0.811502,-1.225,0.270023,0.240625
0.780419,-1.18125,0.270162,0.415625
0.778861,-1.09375,0.270301,0.503125
0.759858,-1.02812,0.27044,0.328125
0.806127,-1.02812,0.270007,0.328125
0.775044,-1.09375,0.270146,0.39375
0.80256,-1.02812,0.270284,0.35
0.707965,-1.07187,0.270423,0.35
0.734172,-1.09375,0.271434,0.328125
0.714719,-1.05,0.271573,0.415625
0.766803,-0.9625,0.27084,0.328125
0.794319,-1.02812,0.271279,0.30625
0.79276,-1.15938,0.271418,0.328125
0.742925,-1.02812,0.272429,0.459375
0.740058,-0.984375,0.27344,0.35
0.7385,-1.00625,0.273579,0.328125
0.699436,-1.02812,0.275462,0.4375
0.762699,-0.9625,0.275029,0.371875
0.732067,-1.1375,0.275168,0.328125
0.731817,-0.896875,0.274434,0.4375
0.72895,-0.940625,0.275446,0.328125
0.744386,-1.09375,0.275584,0.371875
0.725383,-0.9625,0.276023,0.371875
0.739961,-1.09375,0.277034,0.371875
0.684761,-0.984375,0.278046,0.459375
0.746716,-0.91875,0.278184,0.371875
0.745157,-1.1375,0.278623,0.35
0.679636,-1.00625,0.278762,0.459375
0.694214,-0.56875,0.279773,0.35
0.738724,-1.02812,0.279912,0.459375
0.690647,-1.02812,0.280051,0.459375
0.734299,-0.940625,0.281362,0.371875
0.732741,-0.984375,0.281501,0.328125
0.717794,-1.05,0.282512,0.371875
0.716236,-1.02812,0.282951,0.415625
0.713369,-0.940625,0.283962,0.328125
0.710503,-0.940625,0.284973,0.35
0.709803,-0.9625,0.28424,0.459375
0.672047,-0.896875,0.285551,0.39375
0.734452,-0.83125,0.28569,0.35
0.703819,-1.05,0.285829,0.39375
0.684367,-0.91875,0.286268,0.503125
0.711882,-1.05,0.286407,0.459375
0.665114,-0.940625,0.285673,0.459375
0.699753,-0.525,0.28494,0.35
0.682917,-0.875,0.283634,0.371875
0.682667,-0.9625,0.282901,0.371875
0.646219,-0.896875,0.28304,0.65625
0.696994,-0.765625,0.283479,0.35
0.694986,-0.9625,0.283618,0.546875
0.706366,-0.940625,0.282884,0.328125
0.693178,-0.940625,0.283323,0.39375
0.691169,-0.940625,0.283462,0.109375
0.690919,-0.940625,0.282729,0.459375
0.690669,-1.20312,0.282296,0.4375
0.689111,-1.09375,0.282434,0.328125
0.689719,-1.00625,0.280829,0.39375
0.635828,-0.940625,0.281268,0.4375
0.632961,-1.02812,0.282279,-0.021875
0.650156,-0.83125,0.281846,0.39375
0.695974,-0.896875,0.281112,0.459375
0.682786,-0.91875,0.281251,0.35
0.694166,-0.940625,0.280818,0.415625
0.680528,-0.9625,0.280957,0.371875
0.661525,-0.91875,0.281396,0.35
0.643831,-0.91875,0.280662,0.196875
0.659717,-0.984375,0.280801,0.371875
0.705535,-0.896875,0.280368,-0.0875
0.687841,-0.91875,0.279634,0.284375
0.677269,-0.984375,0.278329,0.590625
0.677019,-0.9625,0.277596,0.4375
0.675011,-1.11563,0.278034,0.525
0.621119,-0.984375,0.278173,0.459375
0.702277,-0.940625,0.27744,0.459375
0.72033,-0.9625,0.276134,0.48125
0.738832,-0.91875,0.274529,0.35
0.684941,-0.9625,0.274968,0.35
0.671753,-0.940625,0.275107,0.35
0.668436,-0.91875,0.276418,0.39375
0.669494,-0.91875,0.274812,0.39375
0.671861,-1.00625,0.272634,0.415625
0.718988,-0.940625,0.271029,0.459375
0.738799,-0.940625,0.269151,0.371875
0.685766,-0.9625,0.269318,0.39375
0.622411,-0.940625,0.268612,0.525
0.674044,-0.896875,0.268479,0.328125
0.721171,-0.91875,0.267773,0.459375
0.705644,-0.984375,0.266196,0.328125
0.741141,-0.9625,0.26519,0.371875
0.743057,-1.09375,0.263612,0.284375
0.742357,-0.9625,0.263779,0.35
0.689324,-0.940625,0.263646,0.2625
0.688624,-0.91875,0.263812,0.371875
0.741566,-0.83125,0.263107,-0.109375
0.755112,-1.02812,0.261229,0.415625
0.744541,-1.00625,0.260523,0.30625
0.747766,-1.05,0.258073,0.4375
0.796201,-1.02812,0.256196,0.371875
0.763229,-1.02812,0.254618,0.240625
0.752207,-1.07187,0.253912,0.503125
0.73668,-1.02812,0.252334,0.284375
0.754732,-1.07187,0.251329,0.371875
0.804476,-1.07187,0.248879,0.546875
0.791565,-1.07187,0.245557,0.4375
0.763099,-1.07187,0.244851,0.284375
0.746263,-1.07187,0.243846,0.328125
0.794698,-1.07187,0.242268,0.35
0.767541,-1.11563,0.24069,0.371875
0.817284,-1.07187,0.23824,0.284375
0.784312,-1.1375,0.236362,0.39375
0.848883,-1.09375,0.235657,0.328125
0.779132,-1.15938,0.231462,0.240625
0.809265,-1.1375,0.230757,0.4375
0.783416,-1.1375,0.228007,0.30625
0.796962,-1.07187,0.226429,0.196875
0.817631,-1.33438,0.223979,0.6125
0.802104,-1.11563,0.222401,0.328125
0.820156,-1.09375,0.221696,0.415625
0.804629,-1.11563,0.219818,0.284375
0.805237,-1.11563,0.219112,0.240625
0.794216,-1.09375,0.218407,0.35
0.77738,-1.1375,0.217701,0.284375
0.807062,-1.11563,0.216996,0.371875
0.826423,-1.1375,0.215418,0.240625
0.799266,-1.11563,0.21354,0.371875
0.799874,-1.09375,0.212834,0.35
0.76821,-1.09375,0.210384,0.21875
0.803707,-1.02812,0.209679,0.284375
0.803007,-1.05,0.209846,0.30625
0.803616,-1.07187,0.20914,0.240625
0.804224,-0.765625,0.208434,0.459375
0.788696,-1.11563,0.206557,0.415625
0.789755,-1.02812,0.205851,0.240625
0.772919,-1.11563,0.205146,0.30625
0.79228,-1.02812,0.203568,0.2625
0.809024,-1.09375,0.203734,0.328125
0.809632,-1.09375,0.203029,0.284375
0.756599,-1.07187,0.203196,0.39375
0.744269,-1.02812,0.203362,0.284375
0.772644,-1.07187,0.203529,0.240625
0.753191,-1.02812,0.204568,0.284375
0.752491,-1.15938,0.204734,0.371875
0.750482,-1.00625,0.205473,0.2625
0.767227,-1.02812,0.20564,0.21875
0.737453,-1.07187,0.205807,0.284375
0.718,-1.02812,0.206846,0.328125
0.745066,-1.00625,0.207884,0.284375
0.732736,-1.02812,0.208051,0.21875
0.759802,-1.05,0.20909,0.284375
0.711275,-1.05,0.210129,0.415625
0.755785,-1.00625,0.211168,0.284375
0.726011,-1.05,0.211334,0.196875
0.70525,-1.00625,0.213246,0.21875
0.703242,-1.00625,0.214284,0.371875
0.718678,-0.984375,0.215323,0.13125
0.726991,-0.9625,0.217234,0.284375
0.714661,-0.9625,0.217401,0.240625
0.676456,-0.9625,0.219312,0.328125
0.721416,-0.9625,0.219751,0.240625
0.655894,-1.00625,0.22019,0.240625
0.641398,-0.875,0.221201,0.371875
0.668914,-0.91875,0.22134,0.30625
0.648153,-0.91875,0.222651,0.284375
0.665347,-0.91875,0.221918,0.371875
0.633406,-0.896875,0.222929,0.30625
0.707441,-0.7875,0.223368,0.284375
0.628981,-0.91875,0.224379,0.284375
0.655189,-0.721875,0.22539,0.459375
0.605354,-0.875,0.226701,0.328125
0.649006,-0.875,0.227712,0.21875
0.664892,-0.853125,0.227851,0.328125
0.645889,-0.896875,0.22829,0.30625
0.625578,-0.896875,0.229301,0.284375
0.658908,-0.896875,0.22974,0.30625
0.620703,-0.875,0.230751,0.284375
0.571318,-0.875,0.231762,0.284375
0.667303,-0.875,0.233073,0.35
0.694819,-0.91875,0.233212,0.30625
0.675816,-0.896875,0.233651,0.371875
0.662178,-0.896875,0.23379,0.328125
0.641867,-0.896875,0.234801,0.415625
0.591173,-0.83125,0.236984,0.328125
0.601244,-0.7875,0.237123,0.13125
0.570612,-0.7875,0.237562,0.30625
0.69698,-0.765625,0.237701,0.371875
0.613564,-0.91875,0.23784,0.30625
0.658524,-0.91875,0.238279,0.240625
0.656966,-0.875,0.238418,0.240625
0.578506,-0.896875,0.239729,0.459375
0.587269,-0.83125,0.24074,0.30625
0.619292,-0.83125,0.242051,0.196875
0.617283,-0.875,0.24219,0.284375
0.680996,-0.809375,0.241757,0.415625
0.661994,-0.853125,0.241896,0.328125
0.661744,-0.940625,0.241462,0.21875
0.631111,-0.853125,0.241601,0.284375
0.61035,-0.853125,0.242912,0.328125
0.624928,-0.875,0.243923,0.284375
0.652444,-0.853125,0.244362,0.30625
0.652194,-0.875,0.243629,0.284375
0.66808,-0.91875,0.244068,0.415625
0.620003,-0.9625,0.244207,0.328125
0.648377,-0.809375,0.243773,0.35
0.630682,-0.896875,0.24304,0.39375
0.646569,-0.853125,0.243479,0.240625
0.551973,-0.940625,0.243618,0.30625
0.614378,-0.875,0.244057,0.284375
0.642752,-0.875,0.243323,0.371875
0.659946,-0.875,0.24289,0.30625
0.659696,-0.875,0.242157,0.30625
0.659446,-0.91875,0.241723,0.328125
0.641752,-0.896875,0.24099,0.415625
0.622299,-0.875,0.241429,0.30625
0.656938,-0.896875,0.240996,0.284375
0.674132,-0.91875,0.240262,0.30625
0.657746,-0.896875,0.238957,0.39375
0.64136,-1.00625,0.237351,0.328125
0.675549,-0.91875,0.236918,0.196875
0.688237,-0.9625,0.235312,0.328125
0.676357,-0.940625,0.234879,0.30625
0.690354,-0.7875,0.232701,0.30625
0.708856,-0.896875,0.231096,0.240625
0.679082,-1.09375,0.230662,0.284375
0.710523,-0.940625,0.228184,0.371875
0.682507,-0.984375,0.226879,0.415625
0.696504,-0.940625,0.224701,0.240625
0.733759,-1.05,0.222223,0.30625
0.735676,-1.00625,0.220046,0.39375
0.720598,-0.9625,0.217868,0.240625
0.759162,-1.07187,0.214518,0.240625
0.744084,-1.00625,0.21234,0.371875
0.765204,-0.9625,0.20899,0.284375
0.768429,-1.09375,0.20594,0.284375
0.754659,-1.02812,0.20289,0.39375
0.775779,-1.00625,0.19954,0.35
0.809836,-1.09375,0.195618,0.284375
0.861338,-1.07187,0.191696,0.371875
0.883316,-1.00625,0.187473,0.2625
0.824336,-1.11563,0.183551,0.328125
0.797629,-1.20312,0.181373,0.284375
0.812933,-1.1375,0.178023,0.35
0.852806,-1.09375,0.173501,0.284375
0.887313,-1.24687,0.169551,0.196875
0.893605,-1.15938,0.165029,0.196875
0.869514,-1.20312,0.160507,0.21875
0.856194,-1.29062,0.156857,0.196875
0.830795,-1.15938,0.153207,0.2625
0.863544,-1.11563,0.149557,0.196875
0.903867,-1.18125,0.145034,0.196875
0.90885,-1.26875,0.140512,0.196875
0.913833,-1.225,0.13599,0
0.901822,-1.18125,0.126525,0.196875
0.922942,-1.24687,0.12869,0.196875
0.863962,-1.15938,0.124168,-0.13125
0.898469,-1.1375,0.120518,0.196875
0.871762,-1.225,0.11774,0.196875
0.940708,-1.3125,0.113218,-0.109375
0.893358,-1.05,0.108696,0.196875
0.917544,-1.26875,0.103301,0.196875
0.905083,-1.18125,0.0987789,0.2625
0.908758,-1.1375,0.0951289,0
0.930328,-1.29062,0.0914789,0.175
0.904929,-1.20312,0.0878289,-0.0875
0.920233,-1.1375,0.0850511,0.196875
0.912729,-1.24687,0.0814011,0.153125
0.926725,-1.29062,0.0786233,0.196875
0.9304,-1.18125,0.0749733,0.2625
0.902834,-1.20312,0.0730678,0.196875
0.887756,-1.26875,0.07029,0.175
0.908876,-1.15938,0.06664,0.153125
0.928687,-1.29062,0.0638622,0.196875
0.880479,-1.225,0.0602122,0.284375
0.916426,-1.1375,0.0583067,0.196875
0.870966,-1.225,0.0564011,0.109375
0.872474,-1.24687,0.0544956,0.175
0.902606,-1.15938,0.05259,0.2625
0.903665,-1.15938,0.0506844,0.196875
0.88642,-1.15938,0.0496511,-0.0875
0.84096,-1.3125,0.0477456,0.196875
0.84071,-1.1375,0.0467122,-0.0875
0.857905,-1.1375,0.0456789,0.196875
0.858105,-1.15938,0.0446456,-0.109375
0.84041,-1.24687,0.0436122,0.196875
0.856296,-1.05,0.0434511,-0.13125
0.821607,-1.11563,0.0427178,-0.13125
0.820049,-1.11563,0.0425567,0.13125
0.754528,-1.26875,0.0423956,-0.109375
0.805753,-1.07187,0.0422344,-0.109375
0.833269,-1.07187,0.0420733,0.196875
0.785192,-1.00625,0.0419122,-0.153125
0.782325,-1.15938,0.0426233,-0.109375
0.781217,-1.02812,0.0424622,-0.109375
0.743461,-1.02812,0.0431733,-0.0875
0.791619,-1.00625,0.0450567,0.175
0.754314,-1.07187,0.0457678,-0.109375
0.704929,-1.07187,0.0464789,-0.0875
0.732444,-0.9625,0.0463178,-0.13125
0.729578,-1.09375,0.0470289,0.175
0.714223,-0.984375,0.0486122,-0.13125
0.756567,-1.00625,0.0504956,0.2625
0.736256,-0.9625,0.0512067,0.196875
0.651123,-0.984375,0.05279,0.175
0.727047,-1.00625,0.0552456,0.175
0.675045,-0.896875,0.0577011,0.196875
0.577833,-1.05,0.0592844,0.196875
0.696219,-0.83125,0.0611678,0.196875
0.680415,-0.91875,0.0627511,0.175
0.722758,-1.02812,0.0643344,0.196875
0.560725,-0.940625,0.06679,-0.0875
0.555242,-0.853125,0.0692456,0
0.642795,-0.7875,0.0720011,0.21875
0.666386,-0.853125,0.0744567,0.196875
0.632279,-0.9625,0.0769122,-0.0875
0.655869,-0.7875,0.0793678,0.196875
0.528275,-0.83125,0.0818233,0.196875
0.644044,-0.940625,0.0854511,0.196875
0.51645,-0.875,0.0879067,0.2625
0.522596,-0.74375,0.0903622,0.0875
0.563631,-0.7875,0.0928178,-0.0875
0.530832,-0.83125,0.0947011,0.2625
0.619694,-0.65625,0.0962844,-0.109375
0.614211,-0.7875,0.09874,0.153125
0.579654,-0.853125,0.101496,0.196875
0.480275,-0.74375,0.104823,0.2625
0.473483,-0.7,0.108451,0.196875
0.468,-0.74375,0.110907,0.196875
0.474146,-0.809375,0.113362,0.21875
0.599656,-0.721875,0.114373,0.2625
0.596789,-0.7,0.115084,0.328125
0.544787,-0.853125,0.11784,0.284375
0.492785,-0.678125,0.120296,0.196875
0.439475,-0.853125,0.123923,0.196875
0.527479,-0.678125,0.126379,-0.109375
0.551069,-0.74375,0.128834,0.13125
0.566956,-0.875,0.128973,0.21875
0.562781,-0.74375,0.130557,0.175
0.557747,-0.83125,0.133312,0.196875
0.425646,-0.74375,0.134896,0.2625
0.408533,-0.7,0.137651,0.196875
0.479951,-0.765625,0.139234,0.21875
0.45964,-0.7,0.140246,0
0.521186,-0.678125,0.140957,0.240625
0.518319,-0.7875,0.141968,0.196875
0.467626,-0.65625,0.143551,0.196875
0.482204,-0.65625,0.144262,0.21875
0.523689,-0.7,0.147018,0.35
0.502069,-0.678125,0.148601,0.196875
0.499203,-0.853125,0.149612,0.196875
0.512472,-0.678125,0.151196,0.240625
0.52705,-0.7,0.152207,0.196875
0.525942,-0.7,0.152046,0.328125
0.540519,-0.678125,0.153057,0.21875
0.437493,-0.765625,0.15494,0.30625
0.481144,-0.678125,0.155651,0.13125
0.496172,-0.634375,0.156662,0.196875
0.57733,-0.65625,0.155629,0.196875
0.478228,-0.83125,0.154896,-0.109375
0.527694,-0.634375,0.155607,0.30625
0.489939,-0.65625,0.156618,0.21875
0.504967,-0.721875,0.157329,0.196875
0.519544,-0.65625,0.15834,0.328125
0.500542,-0.65625,0.158179,0.240625
0.481539,-0.65625,0.158318,0.196875
0.497425,-0.721875,0.158457,0.13125
0.496317,-0.678125,0.158296,0.284375
0.512203,-0.634375,0.159307,0.21875
0.522274,-0.765625,0.159146,0.196875
0.539469,-0.678125,0.158412,0.35
0.53791,-0.721875,0.158251,0.240625
0.507728,-0.721875,0.15839,0.175
0.517799,-0.765625,0.158529,0.2625
0.507228,-0.721875,0.156623,0.175
0.517299,-0.721875,0.157634,0.196875
0.569832,-0.765625,0.156901,0.13125
0.552138,-0.7,0.155868,-0.0875
0.516999,-0.65625,0.155134,0.175
0.534194,-0.74375,0.154101,0.196875
0.551388,-0.765625,0.153368,0.196875
0.551588,-0.721875,0.152634,0.30625
0.551338,-0.74375,0.151601,0.196875
0.552396,-0.74375,0.149996,0.175
0.534702,-0.809375,0.149262,-0.0875
0.582279,-0.7,0.147357,0.35
0.554713,-0.721875,0.145751,-0.0875
0.60229,-0.74375,0.144146,0.196875
0.574274,-0.765625,0.14224,-0.153125
0.577949,-0.765625,0.13889,-0.13125
0.561563,-0.765625,0.137284,0.21875
0.610448,-0.853125,0.134507,0.196875
0.594512,-0.809375,0.132901,0.196875
0.598187,-0.7875,0.129551,0.196875
0.617998,-0.7875,0.126773,0.240625
0.620365,-0.896875,0.125168,0.21875
0.640176,-0.809375,0.12269,0.196875
0.62424,-0.7875,0.106547,0.2625
0.664112,-0.83125,0.116562,0
0.612837,-0.896875,0.114957,0.196875
0.668845,-0.83125,0.111607,0.371875
0.618879,-0.875,0.108829,0.175
0.704411,-0.83125,0.105479,0.175
0.690642,-0.91875,0.102129,0.21875
0.663934,-0.91875,0.0996511,0.21875
0.667609,-0.875,0.0960011,0.21875
0.717803,-0.896875,0.0926511,0.196875
0.704033,-0.9625,0.0893011,0.196875
0.680393,-0.940625,0.0850789,0.21875
0.748031,-0.74375,0.0814289,0.196875
0.754322,-1.00625,0.0763344,0.240625
0.757997,-1.02812,0.0729844,0.30625
0.745536,-0.984375,0.0687622,0.196875
0.749661,-1.00625,0.0654122,-0.0875
0.790842,-0.74375,0.0600178,0
0.760936,-1.02812,0.0557956,-0.065625
0.784672,-1.05,0.0507011,-0.0875
0.809717,-1.02812,0.0447344,-0.0875
0.781119,-1.3125,0.03934,-0.0875
0.769108,-1.11563,0.0351178,0.175
0.746326,-1.11563,0.0300233,-0.109375
0.832717,-0.678125,0.0258011,0.371875
0.805428,-1.1375,0.0198344,-0.0875
0.874374,-1.09375,0.0156122,0.175
0.833289,-1.1375,0.01109,-0.13125
0.803383,-1.1375,0.00686778,0.196875
0.807058,-1.1375,0.00351778,-0.109375
0.846931,-1.37813,-0.000704444,-0.109375
0.871975,-1.15938,-0.00667111,-0.109375
0.879575,-1.11563,-0.0175804,-0.13125
0.823662,-1.07187,-0.0180322,0.0875
0.828645,-1.24687,-0.0222544,-0.0875
0.865319,-1.20312,-0.0282211,-0.0875
0.870303,-1.1375,-0.0324433,-0.0875
0.892731,-1.11563,-0.0366656,-0.109375
0.864133,-1.18125,-0.04176,-0.175
0.859245,-1.24687,-0.0468544,-0.21875
0.844168,-1.20312,-0.0493322,-0.065625
0.849151,-1.11563,-0.0538544,-0.0875
0.915481,-1.15938,-0.0563322,-0.0875
0.872637,-1.225,-0.0596822,-0.0875
0.876312,-1.20312,-0.0630322,-0.109375
0.828104,-1.20312,-0.0663822,-0.13125
0.847915,-1.11563,-0.06886,-0.0875
0.850281,-1.15938,-0.0713378,-0.0875
0.823574,-1.15938,-0.0738156,-0.109375
0.872459,-1.1375,-0.0762933,-0.0875
0.829616,-1.11563,-0.0796433,-0.109375
0.81323,-1.15938,-0.0812489,-0.0875
0.832182,-1.1375,-0.0828544,-0.13125
0.798352,-1.20312,-0.08446,-0.13125
0.818163,-1.09375,-0.0869378,-0.109375
0.803085,-1.07187,-0.0897156,-0.0875
0.785391,-0.765625,-0.0904489,-0.109375
0.82003,-1.05,-0.0911822,-0.109375
0.82023,-1.1375,-0.0919156,-0.153125
0.738572,-0.721875,-0.0926489,-0.196875
0.773211,-1.1375,-0.0933822,-0.13125
0.754208,-1.07187,-0.0923711,-0.0875
0.770094,-1.05,-0.106769,-0.13125
0.716203,-1.00625,-0.0920933,-0.109375
0.748225,-1.00625,-0.0910822,-0.13125
0.776191,-1.05,-0.0909433,-0.13125
0.710669,-0.875,-0.0908044,-0.175
0.723939,-1.00625,-0.0889211,-0.175
0.719764,-1.00625,-0.0870378,-0.109375
0.698144,-1.00625,-0.0851544,-0.0875
0.695278,-0.9625,-0.0841433,-0.109375
0.662029,-0.853125,-0.08226,-0.2625
0.675748,-0.875,-0.0803767,-0.175
0.700647,-0.83125,-0.0784933,-0.13125
0.585991,-0.853125,-0.07631,0
0.64447,-0.875,-0.0735544,-0.109375
0.54595,-0.7,-0.0707989,-0.13125
0.652256,-0.7875,-0.0689156,-0.0875
0.646773,-0.875,-0.06616,-0.13125
0.670814,-0.83125,-0.0634044,-0.13125
0.525775,-0.83125,-0.0606489,-0.0875
0.577131,-0.7875,-0.0570211,-0.0875
0.57034,-0.809375,-0.0533933,-0.109375
0.599745,-0.721875,-0.0506378,-0.0875
0.576818,-0.83125,-0.0478822,-0.0875
0.58747,-0.7875,-0.0442544,-0.065625
0.563684,-0.765625,-0.0406267,-0.175
0.4813,-0.721875,-0.0366989,-0.153125
0.475817,-0.74375,-0.0339433,0.196875
0.469025,-0.7,-0.0300156,-0.0875
0.55527,-0.7,-0.0263878,-0.13125
0.532343,-0.721875,-0.0233322,-0.109375
0.561748,-0.765625,-0.0197044,-0.175
0.456105,-0.74375,-0.0157767,0.240625
0.437683,-0.7,-0.0121489,0.328125
0.430892,-0.65625,-0.00822111,-0.153125
0.53589,-0.65625,-0.00516556,-0.109375
0.419925,-0.65625,-0.00241,-0.13125
0.414442,-0.634375,0.000645556,-0.0875
0.408958,-0.56875,0.00340111,-0.153125
0.513956,-0.590625,0.00645667,-0.109375
0.508473,-0.7875,0.00921222,0.328125
0.392508,-0.678125,0.0122678,-0.0875
0.443865,-0.590625,0.0161956,0.371875
0.391863,-0.65625,0.0189511,0
0.469095,-0.590625,0.0211344,0.196875
0.370575,-0.65625,0.02389,0
0.488511,-0.590625,0.0269456,-0.0875
0.436509,-0.590625,0.0308733,-0.175
0.355433,-0.590625,0.0336289,-0.0875
0.379024,-0.56875,0.0366844,0.196875
0.467886,-0.56875,0.0385678,-0.0875
0.452081,-0.590625,0.0407511,0.196875
0.459536,-0.590625,0.00601037,0.175
0.455361,-0.590625,0.04569,-0.065625
0.403359,-0.590625,0.0487456,-0.13125
0.445703,-0.590625,0.0509289,0.21875
0.395009,-0.56875,0.0478696,-0.0875
0.437353,-0.56875,0.0558678,-0.109375
0.404104,-0.6125,0.0580511,0.2625
0.446447,-0.525,0.0599344,-0.0875
0.443581,-0.546875,0.0475807,0.175
0.375443,-0.6125,0.0643011,0.13125
0.471428,-0.6125,0.0653122,0.196875
0.416228,-0.6125,0.0666233,0.196875
0.429497,-0.6125,0.0688067,0.175
0.378804,-0.56875,0.07069,0.196875
0.4399,-0.56875,0.0728733,0.196875
0.402144,-0.6125,0.0741844,0.153125
0.452919,-0.634375,0.0743233,0.30625
0.38609,-0.590625,0.0756344,0.196875
0.445878,-0.56875,0.0778178,0.196875
0.444319,-0.634375,0.0782567,0.21875
0.37704,-0.634375,0.0792678,0.2625
0.422,-0.56875,0.0797067,0.196875
0.419133,-0.7,0.0810178,-0.0875
0.401439,-0.56875,0.0802844,0.30625
0.434769,-0.56875,0.0815956,-0.0875
0.433211,-0.634375,0.0820344,0.175
0.462035,-0.6125,0.0816011,0
0.415267,-0.6125,0.0808678,0.065625
0.444091,-0.590625,0.0804344,0.371875
0.443841,-0.56875,0.0800011,-0.0875
0.461035,-0.590625,0.0795678,-0.0875
0.479538,-0.6125,0.0782622,0.30625
0.50967,-0.56875,0.0766567,0.196875
0.46421,-0.634375,0.0753511,0.284375
0.511787,-0.6125,0.0740456,0.196875
0.465019,-0.634375,0.0736122,0.196875
0.464769,-0.7,0.0737511,-0.0875
0.52979,-0.6125,0.0724456,0.196875
0.532156,-0.678125,0.0702678,0.284375
0.486696,-0.634375,0.0689622,0.284375
0.516829,-0.7,0.0676567,0.153125
0.507566,-0.74375,0.0654789,0.196875
0.508624,-0.7875,0.0638733,0.240625
0.540065,-0.678125,0.0616956,0.175
0.542431,-0.721875,0.0595178,-0.153125
0.49828,-0.678125,0.05734,0.196875
0.582054,-0.56875,0.0551622,-0.0875
0.530779,-0.809375,0.0538567,-0.109375
0.568034,-0.7,0.0513789,-0.065625
0.602092,-0.678125,0.0471567,0.328125
0.540495,-0.83125,0.0446789,-0.13125
0.580818,-0.7,0.0410289,0.21875
0.584493,-0.7875,-0.00883963,0.328125
0.588168,-0.765625,0.0343289,-0.240625
0.591843,-0.6125,0.0309789,-0.240625
0.597276,-0.875,0.0267567,0.196875
0.619704,-0.91875,0.0225344,0.175
0.607243,-0.853125,0.0183122,-0.109375
0.627054,-0.853125,0.0158344,0.196875
0.613734,-0.875,0.0124844,0.196875
0.617409,-0.83125,0.00913444,-0.196875
0.651467,-0.940625,0.00491222,-0.0875
0.643512,-0.896875,0.00156222,-0.153125
0.693706,-0.875,-0.00178778,-0.109375
0.700447,-0.853125,-0.00688222,-0.065625
0.669233,-0.896875,-0.0102322,-0.0875
0.662587,-0.984375,-0.0147544,-0.109375
0.695336,-0.896875,-0.0181044,-0.0875
0.718214,-0.853125,-0.0223267,0.196875
0.723197,-0.896875,-0.0265489,0.175
0.728181,-1.00625,-0.0307711,-0.109375
0.715719,-0.91875,-0.0349933,-0.0875
0.703708,-0.765625,-0.0392156,-0.109375
0.761025,-0.984375,-0.0434378,-0.109375
0.766008,-0.940625,-0.04766,-0.0875
0.736103,-0.984375,-0.0518822,0
0.741086,-0.91875,-0.0561044,-0.109375
0.762656,-0.984375,-0.0585822,-0.0875
0.786392,-0.9625,-0.0779137,-0.065625
0.791375,-1.09375,-0.0675989,-0.0875
0.826741,-1.05,-0.0726933,-0.065625
0.8031,-1.02812,-0.0769156,-0.13125
0.806775,-1.07187,-0.0802656,-0.0875
0.81045,-1.11563,-0.0836156,-0.065625
0.828371,-1.05,-0.08871,-0.13125
0.821725,-1.07187,-0.0929322,-0.0875
0.808406,-1.1375,-0.0962822,-0.13125
0.795944,-1.11563,-0.0996322,-0.13125
0.773162,-1.11563,-0.104727,-0.109375
0.789775,-1.07187,-0.108949,-0.0875
0.847092,-1.225,-0.113171,-0.13125
0.833772,-1.09375,-0.138036,-0.13125
0.792237,-1.07187,-0.118999,-0.153125
0.806233,-1.15938,-0.135141,-0.0875
0.809908,-1.11563,-0.123654,-0.153125
0.801095,-1.11563,-0.12526,-0.13125
0.815092,-1.09375,-0.127738,-0.0875
0.818767,-1.20312,-0.13603,-0.153125
0.809504,-1.11563,-0.132693,-0.153125
0.795734,-1.09375,-0.135171,-0.153125
0.817304,-1.05,-0.138521,-0.153125
0.768645,-1.18125,-0.140999,-0.153125
0.789765,-1.05,-0.143177,-0.13125
0.761749,-1.15938,-0.191301,-0.153125
0.775745,-1.07187,-0.14726,-0.153125
0.796006,-1.09375,-0.195384,-0.196875
0.767991,-1.05,-0.150471,-0.284375
0.780679,-1.00625,-0.174464,-0.153125
0.771416,-1.11563,-0.208051,-0.284375
0.772474,-1.00625,-0.152371,-0.175
0.720341,-1.07187,-0.153104,-0.153125
0.738844,-0.9625,-0.153838,-0.21875
0.757796,-1.00625,-0.216227,-0.153125
0.758855,-1.02812,-0.194301,-0.240625
0.74161,-1.05,-0.157838,-0.196875
0.74181,-0.984375,-0.204817,-0.21875
0.712936,-1.07187,-0.205279,-0.21875
0.74221,-0.984375,-0.159793,-0.21875
0.759405,-0.9625,-0.206773,-0.175
0.723407,-1.02812,-0.159843,-0.196875
0.722299,-1.09375,-0.160304,-0.196875
0.757388,-0.9625,-0.161638,-0.021875
0.720941,-1.07187,-0.207745,-0.240625
0.721141,-0.984375,-0.16226,-0.2625
0.708403,-0.984375,-0.199645,-0.284375
0.718924,-1.05,-0.161438,-0.240625
0.717816,-0.9625,-0.161027,-0.240625
0.669739,-1.07187,-0.161488,-0.284375
0.687383,-0.940625,-0.161949,-0.2625
0.668831,-0.940625,-0.16211,-0.284375
0.732994,-0.896875,-0.162571,-0.240625
0.684917,-0.940625,-0.163032,-0.30625
0.701253,-0.940625,-0.18588,-0.2625
0.6827,-0.9625,-0.162782,-0.196875
0.681592,-0.984375,-0.163243,-0.30625
0.709557,-1.00625,-0.162832,-0.2625
0.709307,-0.984375,-0.164166,-0.196875
0.708199,-0.9625,-0.164627,-0.196875
0.695461,-0.984375,-0.16973,-0.284375
0.676908,-0.984375,-0.164377,-0.2625
0.704424,-0.875,-0.164838,-0.175
0.690378,-1.02812,-0.169369,-0.21875
0.654381,-0.9625,-0.163716,-0.196875
0.653272,-1.00625,-0.163304,-0.2625
0.698232,-0.7875,-0.163766,-0.240625
0.714569,-1.00625,-0.163054,-0.2625
0.650806,-0.984375,-0.164388,-0.2625
0.683278,-0.896875,-0.200901,-0.196875
0.682169,-1.00625,-0.162693,-0.2625
0.679303,-0.940625,-0.184369,-0.284375
0.66075,-1.02812,-0.175236,-0.284375
0.642197,-0.875,-0.160288,-0.175
0.687607,-0.91875,-0.160449,-0.2625
0.674419,-0.896875,-0.206556,-0.21875
0.686249,-0.9625,-0.160499,-0.284375
0.619869,-1.11563,-0.160088,-0.21875
0.636206,-0.940625,-0.159377,-0.0875
0.618511,-0.896875,-0.215079,-0.240625
0.652292,-0.896875,-0.160299,-0.284375
0.652492,-0.875,-0.189534,-0.284375
0.651383,-0.896875,-0.160049,0
0.668578,-0.853125,-0.161382,-0.2625
0.650025,-0.91875,-0.221727,-0.2625
0.648917,-0.853125,-0.161132,-0.196875
0.649117,-0.91875,-0.222349,-0.2625
0.694077,-0.721875,-0.160882,-0.240625
0.676832,-0.91875,-0.161343,-0.284375
0.665403,-0.91875,-0.190579,-0.196875
0.694227,-0.896875,-0.162838,-0.284375
0.694427,-0.896875,-0.162699,-0.328125
0.694177,-0.91875,-0.16286,-0.2625
0.711821,-0.940625,-0.163893,-0.328125
0.677991,-0.9625,-0.164927,-0.240625
0.695635,-0.91875,-0.16566,-0.2625
0.71283,-0.940625,-0.165821,0.065625
0.715646,-0.984375,-0.168599,-0.175
0.734149,-0.9625,-0.170204,-0.2625
0.700769,-1.00625,-0.171238,-0.175
0.736716,-0.984375,-0.173143,-0.328125
0.749854,-1.02812,-0.174177,-0.21875
0.721838,-1.05,-0.213579,-0.175
0.676828,-1.05,-0.177688,-0.21875
0.753479,-0.984375,-0.178721,-0.35
0.743357,-1.05,-0.180327,-0.153125
0.744416,-1.05,-0.18136,-0.175
0.793751,-1.05,-0.184138,-0.175
0.778673,-1.09375,-0.186616,-0.30625
0.762737,-1.11563,-0.233295,-0.30625
0.753474,-1.07187,-0.189554,-0.284375
0.737538,-1.09375,-0.190288,-0.30625
0.768979,-1.09375,-0.193066,-0.175
0.806684,-1.1375,-0.194971,-0.284375
0.809051,-1.11563,-0.257632,-0.284375
0.794423,-1.09375,-0.199354,-0.30625
0.766407,-1.1375,-0.199516,-0.30625
0.779545,-1.02812,-0.200249,-0.30625
0.78322,-1.15938,-0.203027,-0.284375
0.803481,-1.11563,-0.205804,-0.328125
0.80454,-1.09375,-0.253056,-0.2625
0.806906,-1.11563,-0.24624,-0.30625
0.809723,-1.09375,-0.232436,-0.328125
0.829534,-1.1375,-0.211082,-0.30625
0.813598,-1.1375,-0.212116,-0.328125
0.799829,-1.11563,-0.214593,-0.196875
0.801337,-1.11563,-0.215627,-0.196875
0.857345,-0.984375,-0.218104,-0.30625
0.860162,-1.11563,-0.220882,-0.30625
0.846393,-1.1375,-0.270179,-0.35
0.831765,-1.1375,-0.225266,-0.240625
0.815379,-1.11563,-0.227171,-0.35
0.819504,-1.11563,-0.276167,-0.284375
0.858068,-1.15938,-0.278945,-0.35
0.860884,-1.15938,-0.234032,-0.30625
