torque_1,torque_1_t,torque_2,torque_2_t
1.97461,-0.021875,-0.873027,0.065625
1.97461,-0.984375,-0.865527,-0.7
1.97154,-1.37813,-0.855982,-0.809375
1.71104,-1.59688,-0.841504,-0.503125
1.5799,-1.90312,-0.823238,-1.00625
1.47507,-1.925,-0.795677,-1.00625
1.49106,-2.03437,-0.824801,-0.984375
1.56839,-2.03437,-0.743743,-0.896875
1.63933,-2.12188,-0.728393,-1.20312
1.61228,-2.12188,-0.714488,-1.15938
1.52446,-2.0125,-0.736934,-1.07187
1.46035,-2.0125,-0.682616,-1.24687
1.39899,-1.99063,-0.665521,-1.00625
1.45118,-1.94687,-0.649871,-0.984375
1.43764,-2.0125,-0.633649,-1.11563
1.46162,-1.96875,-0.618871,-0.525
1.41364,-1.99063,-0.603521,-1.15938
1.38267,-1.90312,-0.586999,-0.984375
1.23859,-1.94687,-0.569032,-0.9625
1.17506,-1.8375,-0.544951,-0.83125
1.20543,-1.72812,-0.532799,-0.91875
1.24031,-1.72812,-0.51366,-0.896875
1.2563,-1.75,-0.49831,-0.984375
1.21238,-1.72812,-0.452714,-0.91875
1.20655,-1.70625,-0.462949,-0.809375
1.18008,-1.72812,-0.432762,-0.91875
1.14694,-1.70625,-0.430204,-0.765625
1.14954,-1.68437,-0.390423,-0.83125
1.18253,-1.59688,-0.36228,-0.83125
1.19937,-1.61875,-0.325116,-0.7
1.17466,-1.55313,-0.326047,-0.153125
1.16113,-1.61875,-0.273182,-0.503125
1.12623,-1.15938,-0.276149,-0.39375
1.09439,-1.4875,-0.232006,-0.721875
1.09568,-1.61875,-0.197758,-0.546875
1.09698,-1.50937,-0.170769,-0.459375
1.04594,-1.68437,-0.138266,-0.525
1.04854,-1.53125,-0.111277,-0.546875
1.03546,-1.44375,-0.0979619,-0.13125
1.051,-1.50937,-0.0512026,-0.2625
1.02584,-1.53125,-0.053297,-0.04375
1.02393,-1.42188,-0.0609063,-0.196875
1.0104,-1.44375,-0.0464285,0.04375
0.94949,-1.50937,-0.0464785,-0.459375
0.969537,-1.44375,-0.0389785,-0.175
0.956004,-1.44375,-0.048623,-0.175
0.94247,-1.37813,-0.06321,-0.175
0.891431,-1.29062,-0.0539656,-0.065625
0.85567,-1.20312,-0.0522711,-0.415625
0.836904,-1.24687,-0.0723915,0.153125
0.806507,-1.09375,-0.065173,0.153125
0.772913,-1.20312,-0.0611619,-0.021875
0.774207,-1.09375,-0.0402785,-0.175
0.759366,-1.07187,-0.0534119,0.13125
0.744974,-1.02812,-0.0464933,-0.175
0.759206,-1.05,-0.011073,-0.284375
0.761809,-1.07187,0.00951037,-0.284375
0.748726,-1.09375,0.00335481,-0.196875
0.668613,-0.984375,0.0396474,-0.240625
0.70029,-1.02812,0.0515085,0.065625
0.655066,-0.9625,0.058727,0.175
0.62323,-0.83125,0.0697159,0.196875
0.637462,-0.809375,0.0964141,0.328125
0.554732,-0.91875,0.100725,0.0875
0.573921,-0.83125,0.120436,0.284375
0.556463,-0.83125,0.124747,0.109375
0.604276,-0.546875,0.144759,0.30625
0.524163,-0.9625,0.15662,0.35
0.553673,-0.9625,0.160059,-0.065625
0.537523,-0.940625,0.17192,0.153125
0.538818,-0.91875,0.181464,0.503125
0.55305,-0.765625,0.200603,-0.2625
0.539517,-0.83125,0.228164,0.39375
0.527742,-0.7875,0.228114,0.153125
0.5129,-0.74375,0.246381,0.503125
0.534256,-0.853125,0.238181,0.459375
0.522031,-0.809375,0.255575,0.546875
0.511114,-0.765625,0.27704,0.525
0.499339,-0.721875,0.294134,0.546875
0.518805,-0.765625,0.30019,0.48125
0.49495,-0.809375,0.30799,0.48125
0.485342,-0.809375,0.330318,0.459375
0.522252,-0.721875,0.350038,0.4375
0.541718,-0.7875,0.332834,0.4375
0.551312,-0.7,0.337718,0.459375
0.51263,-0.940625,0.365288,0.35
0.514651,-0.83125,0.360877,0.459375
0.522487,-1.00625,0.362271,0.39375
0.53294,-0.765625,0.395947,0.415625
0.487134,-0.809375,0.405492,0.415625
0.512415,-0.7,0.414736,0.065625
0.504115,-0.7,0.429223,0.35
0.47882,-0.721875,0.430046,0.48125
0.471829,-0.590625,0.45529,0.39375
0.479665,-0.7,0.442729,0.2625
0.500439,-0.7,0.463321,0.48125
0.463065,-0.721875,0.481297,0.503125
0.434704,-0.678125,0.492286,0.503125
0.474231,-0.721875,0.494853,0.546875
0.519572,-0.765625,0.50149,0.546875
0.428556,-0.984375,0.513651,0.56875
0.437701,-0.590625,0.510394,0.809375
0.459783,-0.546875,0.500168,0.7
0.432731,-0.284375,0.491105,0.678125
0.441875,-0.30625,0.483205,0.74375
0.369612,-0.284375,0.476749,0.7
0.360004,-0.175,0.440357,0.7
0.385284,-0.809375,0.412686,0.74375
0.406058,-0.503125,0.37891,0.984375
0.352548,-0.459375,0.31547,0.6125
0.363001,-0.546875,0.309314,0.853125
0.319812,-0.503125,0.275829,0.91875
0.360647,-0.56875,0.240309,0.56875
0.342026,-0.546875,0.215827,0.153125
0.346664,-0.459375,0.200368,0.678125
0.357117,-0.48125,0.178803,0.634375
0.319743,-0.503125,0.134851,0.7
0.295306,-0.48125,0.146712,0.546875
0.334833,-0.196875,0.158001,0.30625
0.298768,-0.30625,0.170162,0.546875
0.3213,-0.459375,0.182323,0.6125
0.298172,-0.459375,0.207277,0.6125
0.346131,-0.459375,0.216521,-0.13125
0.305558,-0.525,0.267642,0.525
0.301633,-0.35,0.267592,0.56875
0.425184,-0.4375,0.230618,0.39375
0.329081,-0.4375,0.298601,0.546875
0.371674,-0.415625,0.252033,0.56875
0.351163,-0.415625,0.254018,0.525
0.349405,-0.459375,0.315014,0.021875
0.365091,-0.415625,0.327757,0.525
0.410301,-0.459375,0.342534,0.415625
0.438925,-0.546875,0.334053,0.590625
0.438475,-0.546875,0.340109,0.04375
0.438025,-0.546875,0.346164,0.634375
0.438025,-0.525,0.312388,0.6125
0.437575,-0.525,0.358847,0.021875
0.437125,-0.503125,0.310534,0.065625
0.436675,-0.678125,0.317462,-0.04375
0.436675,-0.590625,0.370909,0.678125
0.437533,-0.590625,0.330446,0.65625
0.45133,-0.590625,0.336501,0.678125
0.516151,-0.590625,0.343429,0.590625
0.442725,-0.546875,0.349484,0.065625
0.566144,-0.590625,0.356412,0.65625
0.492719,-0.634375,0.362168,0.65625
0.569169,-0.56875,0.369096,0.65625
0.450533,-0.634375,0.374279,0.721875
0.451392,-0.634375,0.381207,0.503125
0.574361,-0.590625,0.388134,0.721875
0.454867,-0.634375,0.39419,0.634375
0.486107,-0.6125,0.400246,0.721875
0.569681,-0.65625,0.406301,0.721875
0.460058,-0.65625,0.413229,0.546875
0.584336,-0.590625,0.419284,0.765625
0.493466,-0.65625,0.42534,0.459375
0.46525,-0.65625,0.432268,0.590625
0.466108,-0.65625,0.438896,0.678125
0.561762,-0.678125,0.444951,0.590625
0.481213,-0.65625,0.451879,0.83125
0.470442,-0.65625,0.458807,0.7875
0.581781,-0.634375,0.465734,0.74375
0.519985,-0.875,0.47179,0.678125
0.474325,-0.240625,0.478718,0.56875
0.475183,-0.65625,0.485646,0.39375
0.569079,-0.65625,0.492573,0.65625
0.475592,-0.590625,0.528575,0.721875
0.47645,-0.65625,0.506429,0.91875
0.599419,-0.634375,0.513357,0.896875
0.478167,-0.678125,0.520284,0.65625
0.477717,-0.678125,0.582453,0.7
0.477267,-0.65625,0.53414,0.853125
0.476817,-0.65625,0.541068,0.896875
0.476367,-0.634375,0.547996,0.7
0.475917,-0.590625,0.59272,0.896875
0.475467,-0.65625,0.61622,0.634375
0.475017,-0.634375,0.622275,0.875
0.474567,-0.65625,0.57309,0.9625
0.474117,-0.65625,0.638457,0.896875
0.473667,-0.590625,0.661957,0.875
0.473217,-0.6125,0.634286,0.809375
0.472767,-0.634375,0.670579,1.00625
0.472317,-0.48125,0.67489,1.02812
0.471867,-0.590625,0.686179,1.07187
0.471417,-0.6125,0.712877,0.765625
0.470967,-0.590625,0.707594,1.09375
0.470517,-0.65625,0.718883,1.00625
0.470067,-0.525,0.730171,1.07187
0.469617,-0.634375,0.744659,1.02812
0.469167,-0.65625,0.755075,1.09375
0.468717,-0.590625,0.755897,1.11563
0.468267,-0.56875,0.779979,1.00625
0.467817,-0.590625,0.75667,1.1375
0.467817,-0.590625,0.771157,0.875
0.467367,-0.65625,0.796401,0.984375
0.466917,-0.590625,0.810016,1.18125
0.342189,-0.525,0.802416,1.05
0.46385,-0.590625,0.832603,1.05
0.4634,-0.853125,0.817144,1.05
0.46295,-0.546875,0.823199,0.853125
0.46295,-0.56875,0.812683,0.853125
0.4625,-0.634375,0.855662,1.18125
0.460742,-0.590625,0.844564,1.24687
0.460292,-0.56875,0.855562,1.09375
0.336872,-0.546875,0.860173,1.24687
0.458533,-0.56875,0.861868,1.3125
0.381182,-0.590625,0.858329,1.20312
0.456325,-0.546875,0.884155,1.24687
0.455875,-0.590625,0.877127,1.33438
0.36153,-0.6125,0.883764,1.3125
0.452808,-0.4375,0.92529,1.4
0.452358,-0.634375,0.938033,1.15938
0.340119,-0.525,0.951947,1.37813
0.373249,-0.6125,0.971668,1.37813
0.448842,-0.525,1.00447,1.15938
0.435454,-0.546875,0.990175,1.18125
0.445325,-0.546875,0.971809,1.35625
0.443567,-0.546875,1.01333,1.37813
0.441808,-0.590625,0.98829,1.18125
0.438742,-0.525,1.01295,1.4
0.438292,-0.503125,1.03267,0.875
0.436983,-0.546875,1.02884,1.225
0.433917,-0.590625,1.01571,1.3125
0.339121,-0.546875,1.03311,1.20312
0.372252,-0.56875,0.994686,1.20312
0.334296,-0.503125,0.980681,1.42188
0.425575,-0.590625,0.953301,1.64062
0.312027,-0.48125,0.900336,1.61875
0.419442,-0.4375,0.863944,1.29062
0.307202,-0.48125,0.841516,1.64062
0.415067,-0.48125,0.759186,1.55313
0.318963,-0.48125,0.707094,1.4875
0.350785,-0.4375,0.58406,1.29062
0.404558,-0.4375,0.531686,0.721875
0.261936,-0.48125,0.461568,1.09375
0.275006,-0.48125,0.409475,1.00625
0.283569,-0.415625,0.334123,1.15938
0.268872,-0.4375,0.288427,1.07187
0.358843,-0.65625,0.249718,1.09375
0.338331,-0.415625,0.206638,0.809375
0.381783,-0.415625,0.163268,0.896875
0.365779,-0.415625,0.130364,0.74375
0.26386,-0.415625,0.164631,0.7
0.230411,-0.240625,0.157603,0.853125
0.273863,-0.415625,0.129351,0.765625
0.305685,-0.415625,0.138896,0.634375
0.362075,-0.39375,0.184792,0.590625
0.361625,-0.415625,0.153923,0.153125
0.284274,-0.109375,0.167538,0.30625
0.358108,-0.415625,0.19191,0.240625
0.357658,-0.415625,0.204081,0.4375
0.3559,-0.503125,0.187749,0.48125
0.354142,-0.284375,0.243231,0.48125
0.353692,-0.459375,0.221675,0.2625
0.353242,-0.415625,0.268434,0.48125
0.352792,-0.240625,0.250359,0.371875
0.352342,-0.546875,0.287523,0.2625
0.463231,-0.503125,0.281668,0.546875
0.475719,-0.415625,0.286851,0.39375
0.354467,-0.546875,0.291162,0.371875
0.355325,-0.503125,0.25507,0.525
0.356183,-0.503125,0.285547,0.546875
0.436559,-0.525,0.293057,0.634375
0.45617,-0.6125,0.283131,0.153125
0.524917,-0.503125,0.29442,0.6125
0.480565,-0.546875,0.250177,0.109375
0.495669,-0.546875,0.303042,0.39375
0.404349,-0.590625,0.259099,0.634375
0.407824,-0.525,0.258468,0.634375
0.521781,-0.525,0.300575,0.634375
0.561453,-0.590625,0.26739,0.678125
0.48352,-0.678125,0.272573,0.284375
0.550958,-0.590625,0.277757,0.6125
0.45689,-0.634375,0.282368,0.48125
0.541322,-0.6125,0.287551,0.546875
0.480834,-0.590625,0.293034,0.56875
0.485618,-0.91875,0.297346,0.678125
0.554364,-0.6125,0.301657,0.4375
0.541703,-0.634375,0.306268,0.459375
0.598819,-0.328125,0.310579,0.634375
0.586158,-0.7,0.31489,0.459375
0.573497,-0.7,0.319501,0.634375
0.611861,-0.7,0.324684,0.678125
0.597892,-0.721875,0.284521,0.634375
0.585231,-0.74375,0.335351,0.634375
0.526051,-0.678125,0.339662,0.6125
0.545662,-0.7875,0.346018,0.6125
0.516865,-0.678125,0.349457,0.678125
0.619192,-0.65625,0.317144,0.153125
0.623975,-0.74375,0.360123,0.546875
0.563487,-0.74375,0.365607,0.6125
0.547759,-0.853125,0.371662,0.765625
0.52216,-0.7,0.376846,0.721875
0.58829,-0.678125,0.369536,0.678125
0.527802,-0.678125,0.389257,0.371875
0.577795,-0.678125,0.39474,0.4375
0.532135,-0.91875,0.401668,0.721875
0.582129,-0.721875,0.407151,0.721875
0.520332,-0.721875,0.413207,0.284375
0.491667,-0.634375,0.420134,0.546875
0.492525,-0.678125,0.427362,0.546875
0.493383,-0.590625,0.43429,0.48125
0.494242,-0.634375,0.441518,0.7
0.493792,-0.546875,0.449318,0.74375
0.552798,-0.590625,0.456546,0.7875
0.49375,-0.634375,0.464346,0.83125
0.4933,-0.590625,0.472446,0.546875
0.49285,-0.590625,0.480246,0.6125
0.4924,-0.590625,0.488346,0.6125
0.49195,-0.590625,0.496146,0.459375
0.49105,-0.590625,0.504246,0.875
0.4906,-0.590625,0.512046,0.634375
0.49015,-0.590625,0.520146,0.590625
0.4897,-0.590625,0.550333,0.83125
0.4888,-0.590625,0.535173,0.853125
0.48835,-0.590625,0.58862,0.875
0.4879,-0.590625,0.563866,0.74375
0.48745,-0.590625,0.611497,0.91875
0.48655,-0.678125,0.562612,0.91875
0.426644,-0.590625,0.597742,0.39375
0.484342,-0.590625,0.611947,0.853125
0.482583,-0.678125,0.658707,0.7
0.481683,-0.590625,0.645001,0.91875
0.481233,-0.590625,0.657162,0.91875
0.368994,-0.590625,0.701605,0.940625
0.479025,-0.590625,0.712021,0.809375
0.478125,-0.590625,0.737275,0.984375
0.477675,-0.590625,0.751762,1.00625
0.477225,-0.634375,0.759862,0.853125
0.476325,-0.590625,0.780755,1.00625
0.475875,-0.590625,0.808325,0.721875
0.474117,-0.590625,0.83794,0.83125
0.396316,-0.590625,0.88121,1.02812
0.471458,-0.590625,0.898614,1.11563
0.471008,-0.590625,0.927057,1.11563
0.470108,-0.634375,0.962486,1.15938
0.469658,-0.590625,1.00837,1.07187
0.469208,-0.590625,1.00833,1.225
0.468308,-0.590625,1.02661,1.20312
0.46655,-0.83125,1.05825,1.3125
0.435268,-0.56875,1.07623,0.7875
0.463892,-0.678125,1.07793,1.24687
0.462133,-0.590625,1.08748,1.53125
0.459925,-0.590625,1.07959,1.44375
0.346377,-0.590625,1.03884,1.6625
0.44302,-0.546875,1.00856,1.70625
0.341102,-0.721875,0.95734,1.70625
0.448517,-0.56875,0.913397,1.68437
0.335827,-0.525,0.864221,1.59688
0.396723,-0.371875,0.768809,1.02812
0.439725,-0.546875,0.719051,1.05
0.406276,-0.503125,0.678297,1.33438
0.273525,-0.56875,0.591034,1.4
0.304039,-0.48125,0.524705,1.15938
0.328288,-0.328125,0.482207,1.1375
0.277394,-0.4375,0.384186,1.15938
0.319538,-0.4375,0.357688,1.00625
0.249442,-0.459375,0.284953,0.940625
0.279956,-0.39375,0.257873,0.875
0.285452,-0.2625,0.269162,0.74375
0.252003,-0.459375,0.279879,0.415625
0.245869,-0.35,0.253671,0.39375
0.22405,-0.328125,0.256238,0.634375
0.237119,-0.328125,0.313473,0.284375
0.296707,-0.30625,0.32419,0.590625
0.276646,-0.328125,0.334034,0.459375
0.244956,-0.415625,0.343007,0.525
0.25266,-0.371875,0.351979,0.415625
0.250902,-0.328125,0.420834,0.546875
0.358767,-0.328125,0.41527,0.4375
0.235347,-0.328125,0.376851,0.56875
0.280107,-0.48125,0.438447,0.56875
0.278799,-0.153125,0.445675,0.525
0.354392,-0.371875,0.457846,0.503125
0.353942,-0.39375,0.44792,0.721875
0.353942,-0.30625,0.467068,0.590625
0.353942,-0.39375,0.498718,0.56875
0.353492,-0.415625,0.485584,0.56875
0.353492,-0.415625,0.498046,0.371875
0.353492,-0.4375,0.511379,0.721875
0.353042,-0.4375,0.538377,0.7875
0.353042,-0.415625,0.525544,0.7875
0.35435,-0.4375,0.522596,0.678125
0.355208,-0.4375,0.515868,0.809375
0.469615,-0.503125,0.548971,0.765625
0.499547,-0.4375,0.518984,0.809375
0.474398,-0.546875,0.552088,0.853125
0.376855,-0.546875,0.54536,0.853125
0.442984,-0.48125,0.546483,0.896875
0.397774,-0.48125,0.566794,0.875
0.418694,-0.4375,0.549599,0.896875
0.42131,-0.525,0.559144,0.875
0.500378,-0.525,0.558521,0.91875
0.520439,-0.525,0.568366,0.9625
0.442506,-0.525,0.568616,0.91875
0.478704,-0.459375,0.561016,0.940625
0.463876,-0.590625,0.57086,0.853125
0.530006,-0.525,0.562388,0.91875
0.486104,-0.634375,0.578047,0.940625
0.393925,-0.590625,0.580042,0.940625
0.444369,-0.546875,0.57942,0.6125
0.539572,-0.896875,0.549433,0.896875
0.511806,-0.590625,0.561021,0.9625
0.403492,-0.56875,0.570866,0.940625
0.481701,-0.525,0.541751,0.940625
0.406967,-0.56875,0.528046,0.765625
0.408275,-0.590625,0.549229,0.984375
0.486034,-0.503125,0.545118,0.984375
0.521781,-0.546875,0.535192,1.02812
0.505645,-0.678125,0.541547,0.9625
0.535578,-0.634375,0.493534,0.4375
0.413467,-0.590625,0.500762,0.678125
0.413017,-0.56875,0.508862,0.91875
0.414325,-0.503125,0.51609,0.7
0.413875,-0.525,0.52419,0.7
0.413425,-0.503125,0.53229,0.74375
0.413425,-0.546875,0.54069,0.284375
0.412975,-0.809375,0.54879,0.940625
0.412975,-0.503125,0.55689,0.940625
0.412525,-0.525,0.56499,0.9625
0.412075,-0.503125,0.57309,0.91875
0.412075,-0.525,0.58119,0.765625
0.411625,-0.503125,0.58929,0.634375
0.411625,-0.503125,0.59739,0.9625
0.411175,-0.503125,0.60549,1.00625
0.410725,-0.678125,0.61359,0.809375
0.410725,-0.503125,0.62169,0.7875
0.410275,-0.503125,0.62979,1.00625
0.409825,-0.503125,0.63789,1.02812
0.409825,-0.503125,0.64599,1.00625
0.409375,-0.525,0.714573,0.91875
0.332024,-0.503125,0.661618,1.02812
0.407617,-0.459375,0.697047,1.00625
0.407167,-0.590625,0.703403,0.83125
0.406717,-0.459375,0.74959,1.05
0.404958,-0.459375,0.755946,0.9625
0.404958,-0.48125,0.778001,0.678125
0.404508,-0.503125,0.787555,1.1375
0.404058,-0.503125,0.807866,0.896875
0.404058,-0.65625,0.824697,0.590625
0.39067,-0.48125,0.844136,1.07187
0.40185,-0.525,0.868518,0.984375
0.4014,-0.503125,0.891155,1.02812
0.4014,-0.48125,0.875996,1.00625
0.40095,-0.503125,0.92102,1.18125
0.277081,-0.590625,0.936097,1.26875
0.398742,-0.48125,0.947696,1.33438
0.398292,-0.525,0.974694,1.26875
0.398292,-0.48125,1.00082,1.225
0.397842,-0.459375,1.04265,1.09375
0.397392,-0.371875,1.05569,1.1375
0.273522,-0.328125,1.07745,1.33438
0.395183,-0.459375,1.12016,1.11563
0.393875,-0.459375,1.13756,1.225
0.335277,-0.4375,1.15322,1.35625
0.392975,-0.4375,1.16714,1.37813
0.391217,-0.415625,1.17233,1.44375
0.379137,-0.459375,1.14788,1.18125
0.359934,-0.4375,1.14435,1.37813
0.3877,-0.459375,1.14285,1.3125
0.384633,-0.525,1.09949,1.575
0.384633,-0.459375,1.08958,1.64062
0.324727,-0.459375,1.04912,1.59688
0.380258,-0.459375,1.01913,1.55313
0.331981,-0.4375,0.963853,1.53125
0.253322,-0.415625,0.92806,1.4875
0.374125,-0.546875,0.888188,1.59688
0.260577,-0.503125,0.780283,1.55313
0.274096,-0.39375,0.711636,1.33438
0.254894,-0.371875,0.661879,1.35625
0.30416,-0.634375,0.612703,1.24687
0.348062,-0.371875,0.569923,1.15938
0.356625,-0.328125,0.510871,1.11563
0.294102,-0.371875,0.500655,1.02812
0.272732,-0.371875,0.455259,1.15938
0.285802,-0.328125,0.456681,1.07187
0.201328,-0.39375,0.437451,1.07187
0.216156,-0.39375,0.447296,0.765625
0.242163,-0.04375,0.45744,0.853125
0.221652,-0.371875,0.467284,0.328125
0.208714,-0.328125,0.476257,0.875
0.327758,-0.328125,0.539897,0.875
0.215519,-0.328125,0.491884,0.634375
0.231655,-0.328125,0.514521,0.65625
0.275106,-0.328125,0.56944,0.9625
0.321175,-0.371875,0.528405,0.9625
0.27159,-0.39375,0.590873,0.940625
0.318108,-0.371875,0.604507,0.9625
0.317658,-0.39375,0.616968,0.940625
0.317208,-0.371875,0.621007,0.809375
0.317208,-0.415625,0.639283,0.809375
0.316758,-0.39375,0.664536,1.02812
0.316308,-0.328125,0.675553,1.02812
0.315858,-0.39375,0.68627,1.05
0.315408,-0.39375,0.702229,1.09375
0.316717,-0.415625,0.727773,1.07187
0.428056,-0.371875,0.726279,1.11563
0.428915,-0.4375,0.739621,1.15938
0.412329,-0.4375,0.745977,1.1375
0.395743,-0.4375,0.766297,1.05
0.443569,-0.4375,0.763059,0.6125
0.383081,-0.546875,0.780462,0.7
0.354866,-0.459375,0.775779,1.00625
0.386106,-0.4375,0.79609,1.18125
0.440606,-0.4375,0.795477,1.1375
0.454853,-0.4375,0.788749,0.984375
0.34523,-0.525,0.809942,0.984375
0.395223,-0.56875,0.790421,0.809375
0.384452,-0.459375,0.795614,1.07187
0.460903,-0.459375,0.796164,1.00625
0.461761,-0.525,0.78682,1.11563
0.341817,-0.634375,0.808884,1.20312
0.342675,-0.459375,0.800412,1.07187
0.342675,-0.4375,0.768981,1.26875
0.401681,-0.4375,0.791618,1.1375
0.419984,-0.4375,0.755534,1.07187
0.358188,-0.546875,0.76189,1.225
0.346108,-0.56875,0.753718,1.24687
0.345658,-0.503125,0.767633,1.33438
0.358146,-0.415625,0.766438,1.26875
0.346067,-0.590625,0.725984,1.26875
0.345617,-0.459375,0.717812,1.29062
0.345167,-0.503125,0.686953,1.18125
0.344717,-0.459375,0.672675,1.225
0.344267,-0.4375,0.618266,1.35625
0.343817,-0.590625,0.569681,1.29062
0.343367,-0.415625,0.550742,1.225
0.342917,-0.371875,0.496051,0.9625
0.342467,-0.415625,0.466064,1.20312
0.340708,-0.39375,0.425329,0.91875
0.340258,-0.371875,0.399703,0.83125
0.339808,-0.39375,0.397636,0.65625
0.291531,-0.415625,0.36009,0.83125
0.336292,-0.721875,0.369362,0.940625
0.335842,-0.371875,0.377462,0.91875
0.211972,-0.371875,0.386734,0.6125
0.332325,-0.328125,0.396879,0.7875
0.330567,-0.415625,0.405851,0.83125
0.301043,-0.371875,0.413379,0.546875
0.329667,-0.39375,0.421479,0.6125
0.297526,-0.415625,0.445288,0.21875
0.32615,-0.2625,0.461238,0.83125
0.202281,-0.371875,0.492897,0.21875
0.323942,-0.371875,0.491703,0.56875
0.323492,-0.328125,0.474799,0.875
0.323042,-0.39375,0.46779,0.83125
0.322592,-0.39375,0.520664,0.809375
0.322142,-0.39375,0.486616,0.525
0.321692,-0.328125,0.487457,0.56875
0.320792,-0.04375,0.554868,0.875
0.320342,-0.39375,0.52867,0.91875
0.319892,-0.39375,0.543747,0.896875
0.319442,-0.39375,0.57279,0.875
0.318992,-0.39375,0.572759,0.853125
0.318542,-0.39375,0.560797,0.896875
0.318092,-0.459375,0.58984,0.7
0.317192,-0.39375,0.588936,0.875
0.317192,-0.415625,0.599362,0.875
0.316742,-0.39375,0.631312,0.74375
0.316292,-0.39375,0.604242,1.00625
0.3176,-0.371875,0.639962,0.9625
0.31715,-0.371875,0.644001,0.984375
0.3167,-0.328125,0.623618,1.02812
0.31625,-0.459375,0.637251,0.7875
0.393151,-0.415625,0.64884,1.02812
0.317108,-0.590625,0.645901,0.940625
0.316658,-0.415625,0.674071,1.00625
0.316208,-0.371875,0.672296,1.07187
0.316208,-0.39375,0.677207,1.07187
0.315758,-0.39375,0.663501,1.09375
0.316617,-0.371875,0.668412,1.11563
0.316167,-0.371875,0.69571,1.1375
0.316167,-0.328125,0.694807,1.09375
0.315717,-0.525,0.699718,1.05
0.315267,-0.371875,0.672347,1.07187
0.314817,-0.371875,0.70924,1.11563
0.314367,-0.371875,0.705429,1.15938
0.314367,-0.371875,0.719934,0.984375
0.315225,-0.328125,0.697807,1.00625
0.314775,-0.371875,0.719862,0.91875
0.314325,-0.459375,0.702386,0.9625
0.313875,-0.546875,0.707297,0.91875
0.313425,-0.371875,0.704359,0.721875
0.312975,-0.415625,0.710142,0.91875
0.312975,-0.415625,0.706331,0.91875
0.312525,-0.371875,0.735946,0.9625
0.312075,-0.459375,0.741729,0.9625
0.311625,-0.371875,0.741697,1.1375
0.311175,-0.371875,0.737886,1.15938
0.310725,-0.35,0.775651,0.91875
0.310275,-0.415625,0.795099,1.00625
0.309825,-0.328125,0.784601,1.225
0.309375,-0.4375,0.78049,1.00625
0.309375,-0.0875,0.81651,1.11563
0.308925,-0.371875,0.829271,1.05
0.308475,-0.328125,0.824588,1.20312
0.308025,-0.328125,0.828627,1.20312
0.307575,-0.371875,0.855053,1.02812
0.307125,-0.328125,0.865197,1.225
0.306675,-0.328125,0.859642,1.15938
0.306225,-0.371875,0.879381,1.07187
0.305775,-0.48125,0.880503,1.05
0.305325,-0.371875,0.889775,1.225
0.304875,-0.371875,0.89614,1.18125
0.304425,-0.371875,0.922857,1.15938
0.303975,-0.415625,0.937071,1.20312
0.303525,-0.328125,0.945471,1.29062
0.303075,-0.328125,0.966664,1.26875
0.302625,-0.328125,0.956747,1.3125
0.302175,-0.371875,0.961659,1.225
0.301725,-0.371875,0.990701,1.35625
0.301275,-0.328125,0.987762,1.4
0.300825,-0.459375,1.00052,1.46562
0.300375,-0.371875,1.0095,1.3125
0.299925,-0.371875,1.02634,1.26875
0.299475,-0.415625,1.04608,1.02812
0.299025,-0.328125,1.03878,1.26875
0.298575,-0.328125,1.06171,1.42188
0.298125,-0.371875,1.08959,1.4875
0.297225,-0.371875,1.0788,1.50937
0.296775,-0.371875,1.08459,1.3125
0.296325,-0.459375,1.08165,1.50937
0.295875,-0.328125,1.1011,1.50937
0.295425,-0.328125,1.0935,1.53125
0.294975,-0.328125,1.11121,1.59688
0.182735,-0.328125,1.09693,1.55313
0.292767,-0.35,1.1062,1.55313
0.292317,-0.35,1.1117,1.4
0.291417,-0.328125,1.14917,1.55313
0.289658,-0.371875,1.12181,1.24687
0.2879,-0.328125,1.11974,1.53125
0.28745,-0.328125,1.12262,1.33438
0.256618,-0.371875,1.10223,1.20312
0.285242,-0.371875,1.09552,1.575
0.283033,-0.21875,1.05275,1.64062
0.234756,-0.328125,1.04108,1.77188
0.280825,-0.371875,0.967205,1.77188
0.279067,-0.328125,0.963975,1.77188
0.23079,-0.328125,0.884862,1.75
0.152989,-0.284375,0.869712,1.70625
0.161552,-0.175,0.789146,1.68437
0.242509,-0.35,0.738525,1.55313
0.17548,-0.284375,0.677157,1.575
0.237684,-0.240625,0.60066,1.44375
0.263242,-0.284375,0.558762,1.42188
0.139372,-0.415625,0.495349,1.26875
0.166688,-0.240625,0.434553,1.29062
0.256658,-0.2625,0.407483,1.15938
0.25445,-0.284375,0.399601,1.09375
0.14221,-0.284375,0.389684,1.05
0.237995,-0.240625,0.329179,0.984375
0.136077,-0.2625,0.367525,0.896875
0.169207,-0.30625,0.348023,0.984375
0.241733,-0.2625,0.357296,0.896875
0.241283,-0.30625,0.365696,0.678125
0.238667,-0.240625,0.421486,0.809375
0.236908,-0.35,0.429314,0.7
0.23515,-0.2625,0.391196,0.765625
0.2347,-0.284375,0.42111,0.503125
0.110831,-0.328125,0.427194,0.459375
0.232942,-0.35,0.48909,0.196875
0.232492,-0.284375,0.476557,0.721875
0.232042,-0.35,0.506762,0.809375
0.231592,-0.328125,0.503251,0.503125
0.231142,-0.35,0.530549,0.503125
0.231142,-0.30625,0.533716,0.809375
0.230692,-0.35,0.529333,0.6125
0.230242,-0.30625,0.541221,0.74375
0.229792,-0.35,0.54526,0.6125
0.229342,-0.30625,0.566171,0.240625
0.228892,-0.371875,0.569338,0.9625
0.323237,-0.284375,0.577447,0.875
0.289206,-0.415625,0.580042,0.9625
0.326262,-0.328125,0.580592,0.940625
0.235392,-0.415625,0.576199,0.940625
0.23625,-0.30625,0.570071,0.9625
0.331454,-0.415625,0.580216,0.984375
0.287102,-0.371875,0.572916,0.91875
0.253071,-0.39375,0.590047,0.984375
0.319201,-0.328125,0.586527,0.984375
0.369194,-0.415625,0.56876,0.83125
0.325293,-0.503125,0.56961,0.83125
0.298385,-0.459375,0.539923,1.05
0.34707,-0.503125,0.559962,0.48125
0.30141,-0.415625,0.564873,1.00625
0.287441,-0.328125,0.559318,1.00625
0.35357,-0.371875,0.514231,1.07187
0.27433,-0.30625,0.513327,1.02812
0.311385,-0.328125,0.556907,1.00625
0.342626,-0.39375,0.516471,1.00625
0.363545,-0.415625,0.507718,0.940625
0.346959,-0.39375,0.515546,0.853125
0.273533,-0.415625,0.522201,1.00625
0.397811,-0.35,0.529157,0.875
0.388348,-0.4375,0.535812,0.91875
0.402144,-0.371875,0.542468,0.765625
0.340348,-0.415625,0.549423,0.875
0.294688,-0.415625,0.556951,0.91875
0.285225,-0.371875,0.563907,0.91875
0.37912,-0.48125,0.571434,0.875
0.29988,-0.30625,0.57839,0.765625
0.290417,-0.415625,0.585046,1.00625
0.320349,-0.65625,0.592873,0.83125
0.322516,-0.678125,0.599529,0.7875
0.404331,-0.371875,0.607357,1.05
0.341227,-0.48125,0.614884,0.984375
0.353715,-0.4375,0.622712,0.853125
0.418536,-0.39375,0.63024,0.765625
0.295975,-0.4375,0.63894,1.00625
0.295525,-0.459375,0.64734,0.503125
0.38942,-0.371875,0.655168,0.91875
0.297242,-0.415625,0.662696,1.09375
0.407273,-0.503125,0.671396,1.11563
0.295892,-0.39375,0.679796,0.896875
0.295442,-0.415625,0.688496,1.05
0.294992,-0.48125,0.696896,1.1375
0.294542,-0.371875,0.704723,1.15938
0.294092,-0.284375,0.767492,1.1375
0.293642,-0.371875,0.720079,1.15938
0.292742,-0.35,0.764531,1.11563
0.292292,-0.4375,0.734562,1.18125
0.291842,-0.35,0.762733,1.15938
0.291392,-0.35,0.816207,1.15938
0.290942,-0.371875,0.828968,1.15938
0.290492,-0.328125,0.847844,1.18125
0.289592,-0.371875,0.85131,1.15938
0.176044,-0.4375,0.881516,1.18125
0.286075,-0.328125,0.906497,1.225
0.285625,-0.35,0.91577,1.24687
0.284725,-0.35,0.939007,1.26875
0.284275,-0.371875,0.977944,1.225
0.282517,-0.415625,0.968027,1.20312
0.282067,-0.415625,1.01191,1.1375
0.281167,-0.328125,1.03165,1.3125
0.280717,-0.30625,1.0418,1.26875
0.279817,-0.4375,1.06474,1.37813
0.279367,-0.328125,1.10542,1.44375
0.278467,-0.371875,1.11121,1.3125
0.277567,-0.39375,1.14113,1.55313
0.276667,-0.328125,1.14343,1.42188
0.276217,-0.284375,1.18817,1.59688
0.275317,-0.39375,1.18699,1.68437
0.274417,-0.328125,1.16224,1.68437
0.273517,-0.328125,1.20263,1.68437
0.271758,-0.30625,1.18661,1.79375
0.270858,-0.503125,1.14763,1.70625
0.269958,-0.284375,1.10922,1.85938
0.26775,-0.328125,1.06995,1.59688
0.2673,-0.240625,1.04667,1.81563
0.253462,-0.30625,0.985579,1.75
0.264192,-0.240625,0.977707,1.72812
0.260675,-0.284375,0.919236,1.75
0.258467,-0.284375,0.880255,1.4
0.181116,-0.240625,0.825564,1.64062
0.160155,-0.13125,0.773499,1.55313
0.220601,-0.328125,0.708642,1.4875
0.136985,-0.240625,0.67721,1.42188
0.214876,-0.240625,0.643753,1.33438
0.147396,-0.240625,0.585873,1.24687
0.238225,-0.2625,0.575084,1.09375
0.142121,-0.240625,0.519821,1.1375
0.202568,-0.284375,0.546538,0.940625
0.181606,-0.240625,0.531979,0.83125
0.195534,-0.240625,0.542423,0.984375
0.128055,-0.21875,0.551696,0.83125
0.107094,-0.284375,0.561268,0.7875
0.104885,-0.240625,0.593227,0.875
0.198912,-0.2625,0.625759,0.809375
0.208333,-0.240625,0.647251,0.940625
0.206575,-0.284375,0.621353,0.896875
0.157848,-0.284375,0.684412,0.83125
0.15564,-0.240625,0.703288,0.896875
0.124357,-0.2625,0.707627,0.809375
0.197742,-0.13125,0.749753,0.9625
0.196842,-0.284375,0.766012,0.853125
0.195942,-0.2625,0.782562,0.940625
0.195042,-0.35,0.813349,1.07187
0.194142,-0.284375,0.820305,0.9625
0.193242,-0.284375,0.840925,1.1375
0.192342,-0.284375,0.851651,1.09375
0.191442,-0.284375,0.87169,1.20312
0.190542,-0.284375,0.889694,1.225
0.189642,-0.284375,0.89316,1.00625
0.188742,-0.284375,0.907375,1.3125
0.187842,-0.284375,0.914912,1.33438
0.186942,-0.284375,0.921868,1.35625
0.19898,-0.284375,0.924171,1.37813
0.189067,-0.065625,0.938677,0.91875
0.188167,-0.284375,0.92906,1.42188
0.188575,-0.284375,0.909849,1.4
0.264576,-0.284375,0.909536,1.46562
0.189392,-0.284375,0.892933,1.4875
0.188492,-0.284375,0.884188,0.9625
0.187592,-0.240625,0.847533,1.4875
0.188,-0.284375,0.864083,1.37813
0.1871,-0.284375,0.82044,1.44375
0.309619,-0.240625,0.81751,1.35625
0.186158,-0.459375,0.814871,0.7875
0.185258,-0.240625,0.78374,1.33438
0.184358,-0.328125,0.753481,1.225
0.183458,-0.284375,0.726992,1.20312
0.182558,-0.284375,0.713014,1.225
0.181658,-0.284375,0.677521,1.18125
0.180758,-0.284375,0.641157,1.18125
0.179858,-0.240625,0.607409,1.20312
0.178958,-0.284375,0.582083,1.20312
0.177608,-0.284375,0.560546,1.09375
0.176708,-0.284375,0.507899,0.875
0.175808,-0.284375,0.479384,0.9625
0.174908,-0.284375,0.475873,0.940625
0.174008,-0.284375,0.426716,0.984375
0.173108,-0.04375,0.410984,0.940625
0.171758,-0.21875,0.474053,0.678125
0.16955,-0.13125,0.428384,0.765625
0.16865,-0.109375,0.465286,0.678125
0.16775,-0.240625,0.444912,0.853125
0.165542,-0.328125,0.499259,0.83125
0.164642,-0.21875,0.530346,0.83125
0.163742,-0.328125,0.467523,0.765625
0.163292,-0.21875,0.488144,0.853125
0.162842,-0.13125,0.55819,0.7
0.161942,-0.240625,0.540142,0.765625
0.161492,-0.21875,0.55989,0.765625
0.160592,-0.196875,0.572951,0.74375
0.160142,-0.284375,0.592127,0.74375
0.159692,-0.065625,0.596466,0.83125
0.158792,-0.13125,0.607783,0.853125
0.158342,-0.153125,0.619971,0.875
0.157442,-0.13125,0.631288,0.875
0.156992,-0.21875,0.64057,0.896875
0.156092,-0.35,0.643164,1.09375
0.155642,-0.196875,0.645186,1.07187
0.154742,-0.109375,0.656503,1.05
0.154292,-0.065625,0.659097,1.00625
0.153392,-0.109375,0.669542,1.00625
0.152942,-0.153125,0.654692,1.20312
0.152492,-0.30625,0.674731,1.1375
0.151592,-0.21875,0.668031,1.1375
0.151142,-0.35,0.647366,1.1375
0.150242,-0.21875,0.672347,1.09375
0.149342,-0.21875,0.664475,1.15938
0.148892,-0.2625,0.667942,1.20312
0.147992,-0.240625,0.665894,0.875
0.147542,-0.2625,0.659766,1.00625
0.146642,-0.21875,0.645788,1.09375
0.146192,-0.240625,0.658849,1.11563
0.145292,-0.21875,0.67221,1.11563
0.144842,-0.240625,0.659105,1.225
0.143942,-0.240625,0.657629,1.225
0.143042,-0.371875,0.66284,1.15938
0.142592,-0.21875,0.668351,1.09375
0.141692,-0.240625,0.642453,1.15938
0.141242,-0.21875,0.649409,0.896875
0.140342,-0.04375,0.64677,1.09375
0.139442,-0.04375,0.607507,1.02812
0.138992,-0.240625,0.670575,1.02812
0.138092,-0.021875,0.646421,1.02812
0.137642,-0.371875,0.686231,0.853125
0.136742,0.2625,0.639118,0.984375
0.135842,-0.240625,0.647818,0.896875
0.1367,-0.21875,0.683847,1.07187
0.1358,0.04375,0.662901,1.07187
0.1349,-0.240625,0.670729,1.15938
0.13445,-0.21875,0.677684,1.225
0.13355,-0.04375,0.685812,0.853125
0.13265,-0.065625,0.69364,1.05
0.1322,-0.065625,0.756709,1.1375
0.1313,-0.04375,0.707851,1.24687
0.131708,-0.04375,0.719749,1.29062
0.131258,-0.328125,0.775259,0.83125
0.130358,-0.240625,0.77292,1.09375
0.129458,-0.04375,0.779003,1.15938
0.128558,-0.04375,0.806601,1.26875
0.128108,-0.065625,0.804262,1.15938
0.127208,-0.109375,0.840583,0.9625
0.126308,-0.240625,0.844049,1.15938
0.125408,-0.04375,0.85741,1.225
0.124958,-0.04375,0.859133,1.33438
0.124058,-0.196875,0.886159,1.4
0.123158,-0.109375,0.888753,1.29062
0.122258,-0.04375,0.90792,1.3125
0.121808,-0.04375,0.918664,1.33438
0.120908,-0.196875,0.919514,1.4875
0.120008,-0.04375,0.904092,1.46562
0.119108,-0.021875,0.914536,1.1375
0.118208,-0.196875,0.937773,1.42188
0.117308,0.021875,0.938923,1.37813
0.116858,-0.30625,0.956346,1.50937
0.115958,-0.328125,0.948773,1.55313
0.115058,-0.35,0.963288,1.35625
0.114158,-0.21875,0.963566,1.50937
0.113258,-0.30625,0.988838,1.53125
0.112358,-0.35,0.979521,1.4
0.111908,-0.109375,0.992292,1.3125
0.111008,-0.35,0.999547,1.50937
0.110558,-0.04375,1.0065,1.4875
0.110108,-0.109375,1.01783,1.50937
0.109208,-0.04375,1.03206,0.9625
0.108758,-0.109375,1.01896,1.50937
0.108308,0.021875,1.0547,1.46562
0.107408,-0.175,1.05847,1.46562
0.106958,0.13125,1.05641,1.42188
0.106508,-0.21875,1.07588,1.33438
0.105608,-0.175,1.07936,1.46562
0.105158,-0.065625,1.06276,1.44375
0.104708,0.0875,1.08281,1.44375
0.103808,-0.196875,1.1046,1.4875
0.103358,-0.13125,1.11156,1.4875
0.102908,0.021875,1.12812,1.59688
0.102008,0.13125,1.09787,1.61875
0.101558,-0.21875,1.14349,1.59688
0.100658,-0.415625,1.12807,1.64062
0.0989,-0.109375,1.14376,1.44375
0.09845,0,1.15101,1.70625
0.09755,-0.04375,1.13442,1.70625
0.0971,-0.196875,1.11812,1.70625
0.0962,-0.175,1.08438,1.70625
0.09575,0.04375,1.06896,1.79375
0.0935417,-0.175,1.00759,1.81563
0.0930917,-0.240625,0.94449,1.77188
0.0921917,-0.2625,0.98111,1.61875
-0.0026037,-0.04375,0.89562,1.70625
0.0895333,-0.021875,0.853149,1.50937
0.087775,0.04375,0.813596,1.55313
0.086875,-0.21875,0.767064,1.55313
0.0851167,-0.04375,0.718207,1.42188
0.0829083,-0.109375,0.675164,1.33438
0.0824583,-0.04375,0.642288,1.26875
0.08025,-0.175,0.625121,1.18125
0.0784917,-0.240625,0.595162,1.07187
0.065962,0,0.582647,1.05
0.0293148,-0.284375,0.585542,1.05
0.0619954,0,0.588136,0.9625
0.0718667,-0.04375,0.591031,0.9625
0.06835,-0.196875,0.59567,0.940625
0.0679,-0.04375,0.605542,0.7875
0.0656917,-0.175,0.599714,0.940625
-0.0469981,0.021875,0.64244,0.853125
0.0630333,0.153125,0.623529,0.940625
0.060825,-0.284375,0.640079,0.7875
0.060375,0.021875,0.667105,0.984375
0.0581667,-0.065625,0.679303,0.9625
0.0572667,-0.021875,0.700223,0.809375
0.0568167,-0.04375,0.704862,1.00625
0.0559167,-0.04375,0.710373,1.05
0.0550167,-0.240625,0.726933,1.07187
0.0545667,-0.196875,0.739421,1.11563
0.0536667,-0.04375,0.739409,0.875
0.0532167,-0.04375,0.770496,1.05
0.0523167,0.021875,0.749259,1.15938
0.0514167,-0.196875,0.762329,1.24687
0.0509667,-0.04375,0.762607,1.24687
0.0500667,-0.04375,0.755034,0.91875
0.050475,-0.065625,0.756766,1.1375
0.049575,-0.065625,0.725062,1.18125
0.049125,0.021875,0.736388,1.225
0.048225,-0.21875,0.719221,1.18125
0.106781,-0.021875,0.759331,0.590625
0.0481833,-0.196875,0.683434,1.15938
0.0472833,0.021875,0.706971,1.07187
0.0476917,-0.0875,0.665673,1.18125
0.0467917,0,0.640657,1.07187
0.0463417,-0.065625,0.620292,1.05
0.0454417,-0.04375,0.59702,1.05
0.0445417,0.04375,0.560083,1.02812
0.0436417,-0.153125,0.542334,0.875
0.0431917,0.021875,0.555405,0.984375
0.0422917,-0.04375,0.46846,1.02812
0.0413917,0.065625,0.436757,0.875
0.0404917,0.065625,0.408542,0.875
0.0395917,-0.021875,0.381199,0.765625
0.0391417,-0.196875,0.346879,0.853125
0.0382417,-0.065625,0.34832,0.83125
0.0373417,-0.021875,0.302079,0.7875
0.0364417,-0.065625,0.311079,0.546875
0.0359917,-0.13125,0.320079,0.6125
0.0350917,-0.0875,0.329079,0.590625
0.0341917,-0.065625,0.338079,0.590625
0.0332917,-0.04375,0.383131,0.546875
0.0323917,-0.065625,0.377021,0.525
0.0319417,-0.04375,0.417131,0.525
0.0310417,-0.0875,0.407814,0.74375
0.0301417,-0.021875,0.432514,0.721875
0.0292417,0,0.391216,0.56875
0.0283417,-0.065625,0.447897,0.634375
0.0278917,-0.04375,0.421427,0.590625
0.0269917,-0.04375,0.460664,0.6125
0.0260917,-0.065625,0.458625,0.56875
0.0251917,-0.109375,0.496118,0.503125
0.0242917,-0.175,0.469647,0.65625
0.0233917,-0.175,0.489696,0.634375
0.0229417,-0.065625,0.520501,0.74375
0.0220417,-0.065625,0.499846,0.7
0.0211417,-0.065625,0.530951,0.56875
0.0202417,-0.196875,0.53559,0.7875
0.0193417,0,0.554766,0.48125
0.0184417,0.13125,0.558533,0.765625
0.0175417,-0.21875,0.554449,0.7875
0.0760981,0.109375,0.558516,0.415625
0.01705,-0.196875,0.579727,0.91875
0.01615,-0.021875,0.584366,0.984375
0.01525,-0.021875,0.589005,0.853125
0.0148,-0.065625,0.575327,0.896875
0.0152083,-0.04375,0.579394,0.853125
0.0143083,0,0.584033,0.940625
0.0134083,-0.04375,0.566284,1.02812
0.0125083,0.021875,0.563073,1.02812
0.0116083,0.021875,0.586329,0.984375
0.0107083,0.0875,0.569453,1.02812
0.00980833,0.065625,0.575836,0.940625
0.00890833,0,0.596757,0.984375
0.00800833,0,0.535407,0.9625
0.00710833,-0.065625,0.566794,0.9625
0.00620833,-0.109375,0.551662,0.984375
0.00530833,-0.04375,0.560962,1.05
0.00440833,0,0.569962,1.00625
0.00350833,-0.021875,0.578962,1.05
0.00260833,-0.04375,0.587962,1.05
0.00170833,0.021875,0.597262,1.05
0.000808333,-0.04375,0.606262,0.940625
-0.000541667,-0.109375,0.615262,0.9625
-0.00144167,-0.065625,0.624562,0.809375
-0.00234167,-0.065625,0.633562,1.00625
-0.00324167,0.13125,0.64169,0.940625
-0.00414167,0,0.65099,0.984375
-0.00504167,0.021875,0.65999,0.9625
-0.00594167,-0.13125,0.667246,0.853125
-0.00684167,0.021875,0.675673,1.05
-0.00774167,-0.21875,0.683801,0.91875
-0.00864167,-0.04375,0.692229,1.00625
-0.00954167,-0.065625,0.721871,1.05
-0.0108917,0.021875,0.753259,0.9625
-0.0117917,-0.240625,0.783201,1.15938
-0.0126917,0,0.734344,1.09375
-0.0135917,-0.065625,0.80499,1.11563
-0.0144917,-0.04375,0.810501,1.20312
-0.0153917,-0.04375,0.816012,1.05
-0.0167417,0.021875,0.820951,1.15938
-0.0176417,0.021875,0.848849,1.20312
-0.0185417,-0.065625,0.869488,1.225
-0.0194417,0.065625,0.885175,1.07187
-0.0203417,0.021875,0.886325,1.33438
-0.0216917,-0.021875,0.879925,1.44375
-0.0225917,0.021875,0.908114,0.875
-0.0234917,-0.04375,0.908692,1.3125
-0.0243917,-0.04375,0.925251,1.44375
-0.0252917,-0.04375,0.912164,1.4
-0.0261917,-0.065625,0.913614,1.26875
-0.0270917,0.0875,0.906914,1.4
-0.0279917,0.021875,0.924646,1.4
-0.0288917,-0.04375,0.912131,1.42188
-0.0297917,-0.065625,0.915325,1.33438
-0.0306917,-0.04375,0.916475,1.61875
-0.0315917,0.021875,0.88856,1.575
-0.0324917,-0.021875,0.906292,1.50937
-0.0333917,0,0.904244,1.53125
-0.0342917,0.065625,0.90831,1.29062
-0.0351917,-0.04375,0.892016,1.53125
-0.0360917,-0.021875,0.919342,1.50937
-0.0369917,-0.021875,0.922536,1.50937
-0.0378917,-0.021875,0.934153,1.44375
-0.0392417,-0.04375,0.959734,1.15938
-0.0401417,0.021875,0.955942,1.44375
-0.0410417,-0.021875,1.00304,1.4
-0.0419417,-0.065625,1.01147,1.3125
-0.0428417,-0.109375,1.03326,1.4
-0.0437417,-0.021875,1.04779,1.44375
-0.0446417,0.065625,1.04895,1.50937
-0.0455417,0.021875,1.09865,1.46562
-0.0468917,0.21875,1.11551,1.50937
-0.0477917,0,1.13848,1.42188
-0.0486917,0.021875,1.19225,1.53125
-0.0495917,0.021875,1.17888,1.55313
-0.0504917,0.109375,1.20707,1.46562
-0.0513917,0,1.22568,1.4875
-0.0527417,0,1.2809,1.4875
-0.0536417,-0.04375,1.25037,1.53125
-0.0545417,-0.021875,1.24717,1.55313
-0.0554417,0.109375,1.27769,1.68437
-0.0567917,0.0875,1.29338,1.75
-0.0576917,0.153125,1.29745,1.79375
-0.0585917,0.021875,1.32012,1.79375
-0.0594917,0.196875,1.33494,1.8375
-0.0608417,0.0875,1.33697,1.81563
-0.0617417,-0.021875,1.31836,1.90312
-0.0626417,0,1.26922,1.99063
-0.0635417,0.04375,1.21048,1.925
-0.0648917,0,1.18576,1.88125
-0.0657917,0,1.12383,1.96875
-0.0666917,0.04375,1.07847,1.85938
-0.0689,0.065625,0.990662,1.81563
-0.07025,0.13125,0.93192,1.72812
-0.07115,0,0.852834,1.72812
-0.07205,0,0.803986,1.61875
-0.0734,0,0.730134,1.575
-0.0743,0.065625,0.65541,1.50937
-0.088138,0.13125,0.634173,1.44375
-0.0778583,0.13125,0.587942,1.29062
-0.0787583,0.109375,0.54171,1.225
-0.0801083,0.065625,0.516412,1.11563
-0.0823167,0.0875,0.530073,1.18125
-0.0832167,0.196875,0.50274,1.09375
-0.0845667,0.153125,0.499829,0.984375
-0.115849,0.065625,0.49749,1.00625
-0.087675,0.04375,0.512023,0.875
-0.0903333,0,0.506496,0.853125
-0.0912333,0.065625,0.533821,0.853125
-0.0925833,0.371875,0.537888,0.65625
-0.187829,0.065625,0.56347,0.875
-0.0961417,0.196875,0.589051,0.7875
-0.0970417,0.13125,0.59021,0.853125
-0.209731,0.196875,0.613175,0.896875
-0.1006,0.065625,0.633223,0.83125
-0.1015,0.13125,0.638162,0.83125
-0.10285,0.21875,0.678281,0.721875
-0.10375,0,0.702118,0.721875
-0.1051,0.153125,0.698916,0.74375
-0.106,0.109375,0.704436,0.7875
-0.1069,0.109375,0.703851,0.853125
-0.1078,0.109375,0.684668,0.984375
-0.1087,0.175,0.68699,0.9625
-0.10915,0.109375,0.657912,0.984375
-0.11005,0.196875,0.616914,1.09375
-0.11095,0.065625,0.559344,1.1375
-0.11185,0.021875,0.51254,1.11563
-0.11275,0.13125,0.458459,1.15938
-0.1132,0.21875,0.391584,1.1375
-0.1141,0.284375,0.320649,1.18125
-0.115,0.109375,0.218305,1.15938
-0.1159,0.109375,0.144453,0.984375
-0.1168,0.48125,0.0924067,0.896875
-0.1177,0.328125,-0.00614889,0.83125
-0.11815,0.196875,-0.0579044,0.7875
-0.11905,0.21875,-0.0486044,0.65625
-0.11995,0.13125,-0.0741841,0.721875
-0.12085,0.13125,-0.0805841,0.4375
-0.12175,0.240625,-0.0288359,0.4375
-0.12265,0.30625,-0.0174915,-0.04375
-0.12355,0.196875,-0.0375563,0.328125
-0.12445,0.065625,0.0200067,0.39375
-0.12535,0.284375,0.00721963,-0.153125
-0.1258,0.30625,0.0348363,0.35
-0.1267,0.284375,0.0499511,0.371875
-0.1276,0.196875,0.0595511,0.328125
-0.1285,0.065625,0.0688511,-0.13125
-0.1294,0.35,0.0781511,-0.065625
-0.1303,0.30625,0.0877511,-0.13125
-0.1312,0.35,0.0970511,-0.13125
-0.1321,0.065625,0.0842641,-0.109375
-0.133,0.175,0.116823,-0.13125
-0.1339,0.35,0.126123,-0.109375
-0.1348,0.2625,0.136596,0.30625
-0.1357,0.2625,0.145896,0.39375
-0.1366,0.065625,0.156368,0.39375
-0.1375,0.065625,0.165668,0.415625
-0.0266102,0.109375,0.137471,0.415625
-0.135375,0.13125,0.182823,0.415625
-0.136275,0.196875,0.146477,0.39375
-0.135867,0.175,0.188059,-0.021875
-0.136767,0.109375,0.190381,0.371875
-0.107284,0.109375,0.176721,0.065625
-0.134642,0.240625,0.194744,0.56875
-0.134683,0.240625,0.186899,0.459375
-0.135583,0.109375,0.197944,0.4375
-0.0246935,0.109375,0.23371,0.4375
-0.134767,0.196875,0.234288,0.4375
-0.135667,0.21875,0.269764,0.503125
-0.0422213,0.0875,0.293601,0.39375
-0.13485,0.13125,0.303201,0.503125
-0.0110222,0.328125,0.311629,0.39375
-0.134033,0.109375,0.321229,0.48125
-0.134075,0.0875,0.330529,0.546875
-0.0231852,0.065625,0.31687,0.546875
-0.133258,0.021875,0.349729,0.328125
-0.13285,0.196875,0.358157,0.634375
-0.13375,0.284375,0.368629,0.6125
-0.0112306,0.175,0.377929,0.525
-0.0752352,0.065625,0.386657,0.634375
-0.134283,0.153125,0.359033,0.65625
-0.040838,0.0875,0.406429,0.634375
-0.134775,0.13125,0.403236,0.634375
-0.134367,0.175,0.426201,0.7
-0.135717,0.175,0.375618,0.678125
-0.135308,0.21875,0.445101,0.634375
-0.107134,0.0875,0.454701,0.678125
-0.134492,0.175,0.462557,0.7
-0.135392,0.175,0.472157,0.7
-0.136292,0.196875,0.481457,0.721875
-0.135883,0.196875,0.490184,0.525
-0.136783,0.175,0.499784,0.721875
-0.138133,0.21875,0.509084,0.809375
-0.139033,0.0875,0.518684,0.765625
-0.139933,0.175,0.528284,0.875
-0.140833,0.109375,0.537884,0.875
-0.140425,0.0875,0.546312,0.765625
-0.141325,0.21875,0.592836,0.875
-0.142675,0.21875,0.56464,0.328125
-0.143575,0.109375,0.573368,0.74375
-0.144475,0.0875,0.581796,0.91875
-0.145375,0.109375,0.591396,0.940625
-0.146275,0.109375,0.655364,0.9625
-0.147625,0.0875,0.646647,0.984375
-0.148525,0.21875,0.655075,0.940625
-0.149425,0.240625,0.662931,0.984375
-0.150325,0.21875,0.63299,0.984375
-0.151675,0.21875,0.664105,1.02812
-0.152575,0.21875,0.703942,1.00625
-0.153475,0.0875,0.710625,0.83125
-0.213831,0.21875,0.733018,1.09375
-0.157033,0.153125,0.748723,1.00625
-0.157933,0.240625,0.754834,0.984375
-0.158833,0.109375,0.761818,1.11563
-0.160183,0.21875,0.758334,1.15938
-0.161083,0.109375,0.787705,1.15938
-0.161983,0.109375,0.778107,1.225
-0.163333,0.240625,0.797883,1.20312
-0.164233,0.175,0.819694,1.15938
-0.165133,0.21875,0.824933,1.24687
-0.166483,0.13125,0.838021,1.225
-0.167383,0.109375,0.841516,1.225
-0.168283,0.109375,0.876992,0.678125
-0.169633,0.2625,0.853447,1.29062
-0.170533,0.13125,0.905496,1.33438
-0.171433,0.196875,0.881942,1.18125
-0.172783,0.153125,0.912184,1.4
-0.173683,0.2625,0.949114,1.20312
-0.175033,0.2625,0.974414,1.42188
-0.175933,0.175,0.97849,1.46562
-0.177283,0.153125,1.00786,1.50937
-0.178183,0.175,1.00438,1.46562
-0.179083,0.196875,1.04858,1.4875
-0.180433,0.30625,1.0512,1.50937
-0.181333,0.153125,1.05091,1.44375
-0.182683,0.0875,1.06923,1.46562
-0.183583,0.30625,1.11576,1.4875
-0.184933,0.175,1.11489,1.46562
-0.185833,0.30625,1.11722,1.44375
-0.187183,0.30625,1.12915,1.35625
-0.188083,0.196875,1.14631,1.44375
-0.189433,0.30625,1.19545,1.46562
-0.190333,0.415625,1.19633,1.55313
-0.191683,-0.153125,1.20128,1.64062
-0.192583,0.328125,1.22774,1.64062
-0.193933,0.30625,1.2321,1.70625
-0.194833,0.175,1.24636,1.72812
-0.196183,0.240625,1.24811,1.72812
-0.197083,0.30625,1.23853,1.90312
-0.198433,0.30625,1.21324,1.8375
-0.199333,0.175,1.18882,1.90312
-0.200683,0.21875,1.14202,1.88125
-0.201583,0.30625,1.09609,1.85938
-0.202933,0.240625,1.04812,1.77188
-0.203833,0.240625,0.990268,1.79375
-0.204733,0.30625,0.941147,1.70625
-0.206083,0.175,0.86149,1.6625
-0.206983,0.30625,0.776599,1.61875
-0.208333,0.21875,0.726307,1.53125
-0.209233,0.30625,0.663521,1.46562
-0.26959,0.21875,0.596075,1.33438
-0.212792,0.39375,0.529501,1.37813
-0.213692,0.2625,0.51904,1.20312
-0.215042,0.415625,0.472827,1.09375
-0.215942,0.21875,0.451318,1.11563
-0.217292,0.2625,0.435623,0.9625
-0.218192,0.21875,0.430396,0.896875
-0.219542,0.109375,0.402209,0.9625
-0.220442,0.2625,0.405703,0.853125
-0.23473,0.35,0.41792,0.809375
-0.224,0.284375,0.420842,0.721875
-0.22535,0.328125,0.463296,0.809375
-0.285706,0.21875,0.479583,0.721875
-0.228908,0.39375,0.51157,0.765625
-0.277635,0.2625,0.50606,0.13125
-0.232467,0.240625,0.573227,0.765625
-0.327712,0.371875,0.579638,0.809375
-0.312926,0.2625,0.615114,0.7875
-0.239992,0.30625,0.640996,0.74375
-0.2422,0.2625,0.643046,0.91875
-0.244858,0.2625,0.671253,0.91875
-0.245758,0.2625,0.699751,0.91875
-0.248417,0.2625,0.742214,0.9625
-0.344112,0.284375,0.807927,0.875
-0.375394,0.328125,0.804453,1.02812
-0.254633,0.30625,0.885575,0.9625
-0.268471,0.284375,0.908549,0.984375
-0.258192,0.284375,0.953629,1.00625
-0.259542,0.30625,0.964683,1.02812
-0.260442,0.284375,0.94231,1.15938
-0.261792,0.39375,0.956562,1.3125
-0.386561,0.30625,0.925168,1.33438
-0.26535,0.4375,0.879536,1.46562
-0.2667,0.30625,0.83157,1.61875
-0.26805,0.39375,0.77111,1.61875
-0.26895,0.39375,0.667321,1.59688
-0.2703,0.328125,0.571392,1.44375
-0.27165,0.328125,0.49784,1.50937
-0.273,0.2625,0.401038,1.4
-0.2739,0.371875,0.320799,1.4
-0.27525,0.415625,0.198994,1.3125
-0.2766,0.459375,0.11701,1.15938
-0.2775,0.328125,0.0359085,1.05
-0.27885,0.2625,-0.0478193,0.9625
-0.2802,0.371875,-0.111477,0.853125
-0.28155,0.284375,-0.171654,0.56875
-0.2829,0.459375,-0.196934,0.678125
-0.2838,0.2625,-0.232971,0.546875
-0.28515,0.328125,-0.194588,0.56875
-0.2865,0.30625,-0.198643,0.021875
-0.28785,0.35,-0.123336,-0.328125
-0.28875,0.30625,-0.102969,-0.328125
-0.2901,0.30625,-0.141623,-0.30625
-0.385345,0.30625,-0.112534,-0.065625
-0.293208,0.328125,-0.0651378,-0.30625
-0.294558,0.328125,-0.0552378,-0.284375
-0.295458,0.371875,-0.0453378,-0.328125
-0.391154,0.371875,-0.0287507,-0.39375
-0.299017,0.328125,-0.02641,-0.39375
-0.300367,0.30625,-0.01681,-0.4375
-0.314205,0.371875,-0.00603778,-0.371875
-0.303475,0.328125,0.00386222,-0.35
-0.304825,0.328125,0.0594085,-0.2625
-0.429144,0.30625,0.0236622,0.39375
-0.308383,0.371875,0.0335622,0.021875
-0.309283,0.328125,0.0431622,0.328125
-0.310633,0.328125,0.0530622,0.30625
-0.311533,0.328125,0.0629622,0.284375
-0.312883,0.328125,0.0728622,0.48125
-0.313783,0.328125,0.0827622,0.30625
-0.315133,0.328125,0.0926622,0.021875
-0.316033,0.48125,0.102562,0
-0.317383,0.371875,0.112462,0
-0.318283,0.30625,0.122362,0.021875
-0.319633,0.328125,0.132262,0.021875
-0.320983,0.30625,0.142162,0.021875
-0.321883,0.328125,0.152062,0.459375
-0.323233,0.35,0.161662,0.021875
-0.324133,0.39375,0.171562,0.415625
-0.325483,0.48125,0.181462,0.328125
-0.326833,0.39375,0.191362,0.35
-0.327733,0.328125,0.201262,0.4375
-0.329083,0.328125,0.211162,0.48125
-0.329983,0.371875,0.221062,0.371875
-0.331333,0.328125,0.230962,0.48125
-0.331375,0.328125,0.23999,0.35
-0.303201,0.4375,0.24989,0.48125
-0.333625,0.328125,0.25979,0.459375
-0.334975,0.328125,0.26969,0.525
-0.335875,0.415625,0.27989,0.415625
-0.277769,0.415625,0.288918,0.4375
-0.337267,0.328125,0.298818,0.48125
-0.338167,0.35,0.308718,0.503125
-0.338208,0.328125,0.317746,0.546875
-0.339558,0.328125,0.327646,0.546875
-0.33915,0.284375,0.336673,0.546875
-0.339192,0.39375,0.345701,0.503125
-0.339233,0.35,0.354729,0.634375
-0.228794,0.371875,0.363757,0.6125
-0.292348,0.30625,0.35912,0.525
-0.338908,0.4375,0.382684,0.634375
-0.340258,0.459375,0.392884,0.634375
-0.3403,0.48125,0.401912,0.503125
-0.339892,0.35,0.41094,0.7
-0.339933,0.371875,0.419968,0.546875
-0.217864,0.459375,0.428996,0.7
-0.229535,0.4375,0.438023,0.721875
-0.247021,0.30625,0.447051,0.7875
-0.262749,0.4375,0.455507,0.809375
-0.339692,0.35,0.465407,0.7875
-0.264141,0.371875,0.474434,0.7875
-0.339325,0.35,0.483762,0.853125
-0.263324,0.35,0.491918,0.765625
-0.338508,0.328125,0.501246,0.853125
-0.291131,0.35,0.509701,0.875
-0.33855,0.39375,0.519901,0.853125
-0.291623,0.459375,0.528057,0.875
-0.338592,0.35,0.551921,0.940625
-0.339492,0.371875,0.54584,0.83125
-0.340392,0.35,0.610409,0.940625
-0.339533,0.35,0.600547,0.853125
-0.311359,0.371875,0.584871,0.940625
-0.341333,0.39375,0.647396,0.940625
-0.341783,0.39375,0.671551,1.02812
-0.342683,0.39375,0.67739,0.984375
-0.343583,0.35,0.675379,0.875
-0.344483,0.459375,0.712327,0.896875
-0.344933,0.459375,0.716421,0.984375
-0.345833,0.39375,0.751625,0.940625
-0.346733,0.459375,0.785957,0.984375
-0.347633,0.39375,0.809821,0.984375
-0.348533,0.371875,0.858681,0.91875
-0.348983,0.39375,0.862484,1.02812
-0.349883,0.39375,0.900305,1.05
-0.350783,0.39375,0.935509,0.9625
-0.351683,0.39375,0.961118,1.07187
-0.352583,0.39375,0.998647,1.11563
-0.353033,0.39375,1.03734,1.20312
-0.353933,0.459375,1.07051,1.29062
-0.354833,0.525,1.11443,1.225
-0.355733,0.459375,1.12085,1.42188
-0.356633,0.371875,1.15664,1.44375
-0.357533,0.415625,1.16829,1.4875
-0.358433,0.459375,1.19187,1.575
-0.359333,0.4375,1.19422,1.61875
-0.360233,0.4375,1.20238,1.6625
-0.360683,0.4375,1.1524,1.79375
-0.361583,0.39375,1.1062,1.81563
-0.362483,0.459375,1.06086,1.85938
-0.363383,0.4375,1.02222,1.79375
-0.364283,0.525,0.964105,1.575
-0.365183,0.459375,0.884175,1.61875
-0.366083,0.459375,0.822562,1.64062
-0.366983,0.4375,0.720246,1.44375
-0.367883,0.546875,0.628977,1.4
-0.368783,0.4375,0.569109,1.29062
-0.369683,0.56875,0.515927,1.3125
-0.370583,0.4375,0.451697,1.1375
-0.371483,0.415625,0.44736,1.09375
-0.372383,0.4375,0.410179,1.02812
-0.373283,0.415625,0.364847,0.9625
-0.374183,0.415625,0.355277,0.91875
-0.375083,0.4375,0.351521,0.83125
-0.375983,0.459375,0.35736,0.7875
-0.377333,0.503125,0.354777,0.65625
-0.378233,0.4375,0.360616,0.721875
-0.392071,0.4375,0.392621,0.678125
-0.381342,0.4375,0.402531,0.7
-0.38355,0.415625,0.424942,0.678125
-0.385758,0.4375,0.451723,0.546875
-0.386658,0.415625,0.454073,0.56875
-0.388867,0.525,0.47881,0.546875
-0.391525,0.459375,0.507909,0.74375
-0.392425,0.4375,0.555623,0.590625
-0.48767,0.546875,0.567277,0.721875
-0.395533,0.48125,0.604225,0.721875
-0.519853,0.4375,0.639429,0.109375
-0.398642,0.65625,0.655744,0.7875
-0.399992,0.48125,0.686586,0.74375
-0.400892,0.48125,0.722371,0.74375
-0.401792,0.503125,0.76747,0.809375
-0.402692,0.48125,0.789299,0.634375
-0.515831,0.48125,0.812292,0.765625
-0.40625,0.525,0.856227,0.809375
-0.40715,0.503125,0.879801,0.853125
-0.40805,0.546875,0.895816,0.765625
-0.410708,0.503125,0.910386,0.896875
-0.411608,0.48125,0.92204,1.00625
-0.413817,0.48125,0.926144,1.1375
-0.416475,0.546875,0.910759,1.1375
-0.418683,0.4375,0.881709,1.37813
-0.420892,0.590625,0.845109,1.44375
-0.470069,0.525,0.754712,0.91875
-0.42445,0.6125,0.698342,1.4875
-0.473177,0.48125,0.598642,1.46562
-0.428008,0.503125,0.500396,1.4
-0.430217,0.48125,0.417568,1.44375
-0.431117,0.546875,0.324555,1.3125
-0.432467,0.48125,0.247833,1.05
-0.492823,0.503125,0.172264,1.1375
-0.435575,0.56875,0.09089,1.00625
-0.436925,0.6125,-0.00764704,0.940625
-0.437825,0.503125,-0.0724489,0.678125
-0.439175,0.503125,-0.140749,0.765625
-0.440075,0.48125,-0.130249,0.590625
-0.441425,0.459375,-0.204654,0.503125
-0.554115,0.459375,-0.181071,0.13125
-0.444533,0.7,-0.129295,0.04375
-0.569303,0.503125,-0.092047,0.35
-0.448092,0.721875,-0.06701,-0.175
-0.45075,0.65625,-0.0608804,0.2625
-0.45165,0.546875,-0.0445656,-0.196875
-0.454308,0.546875,-0.0343656,-0.175
-0.456517,0.546875,-0.0238656,-0.328125
-0.457867,0.525,-0.0142378,-0.21875
-0.507902,0.65625,0.00352148,0.35
-0.46535,0.7,0.0148937,0.328125
-0.497082,0.65625,0.0201511,-0.2625
-0.470217,0.678125,0.0364659,-0.328125
-0.472875,0.525,0.0420233,0.35
-0.475083,0.525,0.0530956,-0.21875
-0.477742,0.6125,0.0644678,0.240625
-0.572987,0.48125,0.07584,-0.21875
-0.604719,0.7,0.0869122,0.30625
-0.531335,0.765625,0.0982844,-0.021875
-0.580512,0.765625,0.109657,-0.284375
-0.488825,0.853125,0.120157,-0.196875
-0.489725,0.74375,0.130357,0.328125
-0.491075,0.678125,0.140857,0.35
-0.491975,0.678125,0.151357,0.371875
-0.493325,0.678125,0.161857,0.39375
-0.494675,0.7,0.172057,0.39375
-0.525957,0.7,0.183429,0.39375
-0.499542,0.7,0.194801,0.371875
-0.500892,0.74375,0.205301,0.39375
-0.501792,0.83125,0.243703,0.30625
-0.503142,0.678125,0.225129,0.459375
-0.504492,0.7,0.235629,0.48125
-0.505392,0.74375,0.246129,0.459375
-0.506742,0.7,0.256629,0.48125
-0.508092,0.7,0.267129,0.48125
-0.508992,0.721875,0.277329,0.48125
-0.510342,0.721875,0.287829,0.546875
-0.511692,0.546875,0.298329,0.39375
-0.513042,0.765625,0.308829,0.525
-0.513942,0.65625,0.319329,0.503125
-0.515292,0.678125,0.329829,0.459375
-0.516642,0.721875,0.340329,0.503125
-0.516683,0.721875,0.349957,0.4375
-0.517583,0.721875,0.360457,0.56875
-0.518933,0.678125,0.370657,0.48125
-0.520283,0.328125,0.381157,0.415625
-0.520325,0.721875,0.390784,0.6125
-0.428638,0.678125,0.401284,0.48125
-0.523025,0.546875,0.411784,0.525
-0.523925,0.65625,0.422284,0.65625
-0.523967,0.634375,0.431912,0.6125
-0.496243,0.721875,0.442412,0.525
-0.46721,0.721875,0.45204,0.371875
-0.5254,0.284375,0.461668,0.525
-0.52675,0.56875,0.472168,0.7
-0.5281,0.765625,0.482668,0.590625
-0.434655,0.765625,0.492296,0.765625
-0.527733,0.48125,0.501923,0.765625
-0.527775,0.503125,0.511551,0.809375
-0.417335,0.634375,0.520307,0.65625
-0.529167,0.503125,0.531107,0.65625
-0.529208,0.371875,0.53899,0.853125
-0.453657,0.721875,0.548618,0.765625
-0.529292,0.525,0.586447,0.896875
-0.529333,0.678125,0.571944,0.875
-0.529375,0.590625,0.612681,0.7875
-0.530725,0.590625,0.58364,0.940625
-0.501693,0.590625,0.646764,0.875
-0.530808,0.590625,0.669184,0.7875
-0.439121,0.525,0.635792,0.853125
-0.533508,0.590625,0.700951,0.853125
-0.534858,0.590625,0.706218,0.896875
-0.536208,0.74375,0.726894,0.91875
-0.537558,0.590625,0.754547,0.984375
-0.461557,0.6125,0.797329,0.896875
-0.53805,0.590625,0.800279,0.9625
-0.53895,0.525,0.834338,1.00625
-0.53985,0.4375,0.875075,1.02812
-0.54075,0.590625,0.887329,1.02812
-0.54165,0.721875,0.917027,1.07187
-0.54255,0.590625,0.94091,1.07187
-0.54345,0.634375,0.990379,1.09375
-0.54435,0.590625,0.999144,1.1375
-0.54525,0.6125,1.0079,1.225
-0.54615,0.634375,1.05388,1.20312
-0.5475,0.56875,1.09724,1.35625
-0.5484,0.809375,1.08449,1.42188
-0.5493,0.634375,1.09616,1.42188
-0.5502,0.634375,1.14098,1.35625
-0.5511,0.590625,1.15585,1.55313
-0.552,0.634375,1.1681,1.50937
-0.55335,0.765625,1.16582,1.575
-0.55425,0.65625,1.14609,1.53125
-0.55515,0.48125,1.11764,1.72812
-0.55605,0.6125,1.08889,1.70625
-0.55695,0.721875,1.06422,1.70625
-0.5583,0.7875,1.04624,1.6625
-0.5592,0.634375,1.01953,1.70625
-0.5601,0.7875,0.962592,1.6625
-0.561,0.721875,0.910301,1.44375
-0.56235,0.65625,0.848125,1.53125
-0.56325,0.415625,0.805138,1.575
-0.56415,0.809375,0.750231,1.46562
-0.56505,0.7875,0.69446,1.33438
-0.5664,0.678125,0.656707,1.35625
-0.5673,0.65625,0.638142,1.225
-0.5682,0.7,0.594283,1.20312
-0.56955,0.765625,0.591999,1.11563
-0.57045,0.65625,0.580994,1.11563
-0.57135,0.39375,0.577838,1.00625
-0.5727,0.765625,0.566833,1.00625
-0.5736,0.7875,0.572399,0.91875
-0.57495,0.765625,0.586688,0.984375
-0.57585,0.634375,0.60592,0.83125
-0.57675,0.634375,0.631557,0.896875
-0.5781,0.678125,0.647299,0.896875
-0.579,0.809375,0.670892,0.875
-0.581658,0.896875,0.68489,0.875
-0.582558,0.765625,0.736103,0.678125
-0.583458,0.678125,0.75389,0.875
-0.586117,0.65625,0.792892,0.721875
-0.587017,0.809375,0.854571,0.6125
-0.589675,0.83125,0.88834,0.83125
-0.590575,0.83125,0.919492,0.7875
-0.593233,0.65625,0.93379,0.896875
-0.594133,0.83125,0.968431,0.940625
-0.595483,0.83125,0.977196,0.984375
-0.597692,0.765625,0.958049,1.05
-0.60035,0.875,0.919433,1.3125
-0.60125,0.83125,0.899414,1.29062
-0.6026,0.809375,0.860788,1.35625
-0.60395,0.809375,0.802983,1.33438
-0.60485,0.853125,0.727142,1.4
-0.6062,0.83125,0.650138,1.4875
-0.6071,0.765625,0.578959,1.46562
-0.60845,0.809375,0.491779,1.3125
-0.6098,0.875,0.41681,1.18125
-0.6107,0.83125,0.358423,1.07187
-0.61205,0.83125,0.279094,0.91875
-0.6134,0.83125,0.235234,0.896875
-0.6143,0.809375,0.137307,0.721875
-0.61565,0.809375,0.0969363,0.74375
-0.617,0.83125,0.0670326,0.721875
-0.61835,0.765625,0.0295789,0.678125
-0.61925,0.678125,-0.000615556,0.6125
-0.6206,0.809375,-0.0412674,0.525
-0.62195,0.765625,-0.052273,0.4375
-0.6233,0.83125,-0.0783878,0.415625
-0.625958,0.765625,-0.0876489,0.4375
-0.626858,0.896875,-0.0753952,0.284375
-0.629517,0.896875,-0.0901711,0.240625
-0.742656,0.7875,-0.107282,0.2625
-0.692981,0.940625,-0.107521,0.2625
-0.696948,0.940625,-0.11213,0.35
-0.65178,1.00625,-0.152201,-0.13125
-0.765778,0.91875,-0.133841,-0.175
-0.646325,1.02812,-0.146001,0.153125
-0.772403,0.9625,-0.164566,0.175
-0.654258,0.940625,-0.176143,-0.175
-0.767398,0.875,-0.194708,-0.21875
-0.782994,1.00625,-0.187969,-0.240625
-0.739134,1.02812,-0.205362,-0.21875
-0.760545,1.15938,-0.198051,-0.196875
-0.668858,1.1375,-0.200034,-0.240625
-0.793628,1.02812,-0.202317,-0.21875
-0.722002,1.15938,-0.202556,-0.196875
-0.788623,1.11563,-0.199888,-0.2625
-0.6808,1.29062,-0.209149,-0.284375
-0.684767,1.11563,-0.199793,-0.2625
-0.780462,1.1375,-0.182888,-0.21875
-0.801873,1.1375,-0.18051,-0.21875
-0.788395,1.18125,-0.179004,-0.196875
-0.698017,1.15938,-0.169077,-0.2625
-0.700675,1.02812,-0.191703,-0.2625
-0.703333,1.1375,-0.163158,-0.240625
-0.7073,1.35625,-0.198877,-0.153125
-0.769415,1.15938,-0.149108,-0.196875
-0.80827,1.02812,-0.113877,-0.240625
-0.748274,1.15938,-0.16296,-0.2625
-0.723167,1.11563,-0.150416,-0.196875
-0.725825,1.1375,-0.116056,-0.196875
-0.838965,1.05,-0.127343,-0.21875
-0.73245,1.18125,-0.114499,-0.30625
-0.783385,1.1375,-0.101954,-0.196875
-0.738217,1.18125,-0.0908544,-0.30625
-0.817776,1.225,-0.07801,-0.13125
-0.744842,1.20312,-0.0660378,-0.284375
-0.748808,1.1375,-0.0531933,-0.21875
-0.750158,1.1375,-0.0420933,-0.21875
-0.753267,1.15938,-0.0304211,-0.13125
-0.802444,1.1375,-0.0184489,-0.153125
-0.757275,1.1375,-0.00734889,-0.153125
-0.758625,1.1375,0.00375111,-0.13125
-0.759975,0.9625,0.0148511,-0.109375
-0.761775,1.05,0.0259511,-0.109375
-0.763125,1.1375,0.0370511,-0.04375
-0.764475,1.07187,0.0481511,0.415625
-0.765825,1.02812,0.0592511,-0.021875
-0.767175,1.05,0.0703511,-0.21875
-0.768525,1.15938,0.0814511,0.48125
-0.769875,1.18125,0.0925511,-0.109375
-0.771225,0.678125,0.103651,-0.196875
-0.772575,1.225,0.115051,0.284375
-0.773925,1.20312,0.127023,-0.109375
-0.744893,1.1375,0.137251,0.415625
-0.774867,1.225,0.148351,-0.109375
-0.774908,1.225,0.159751,0.21875
-0.776258,1.11563,0.171723,0.48125
-0.665819,1.07187,0.181951,0.415625
-0.764712,1.00625,0.192479,0.371875
-0.776383,1.15938,0.202707,0.328125
-0.777733,1.20312,0.213807,0.328125
-0.777775,1.1375,0.224334,0.30625
-0.667335,1.1375,0.234562,0.328125
-0.666069,0.678125,0.243918,0.459375
-0.718444,1.07187,0.254446,0.371875
-0.666152,1.1375,0.264673,0.153125
-0.777983,1.05,0.276073,0.39375
-0.720327,0.940625,0.286301,0.525
-0.778517,1.02812,0.296529,0.30625
-0.73204,1.02812,0.307057,0.56875
-0.668119,1.02812,0.317284,0.4375
-0.703049,0.984375,0.327812,0.6125
-0.703091,1.02812,0.33804,0.4375
-0.780033,0.984375,0.34944,0.415625
-0.781383,1.07187,0.36054,0.525
-0.781425,1.09375,0.371068,0.56875
-0.780608,1.07187,0.380423,0.525
-0.781958,1.07187,0.391823,0.48125
-0.706407,1.05,0.402051,0.48125
-0.67156,0.940625,0.440781,0.65625
-0.783392,1.00625,0.422807,0.721875
-0.726594,1.02812,0.434207,0.634375
-0.785233,1.07187,0.481359,0.6125
-0.786583,1.1375,0.45409,0.74375
-0.787933,1.07187,0.46549,0.328125
-0.789283,1.15938,0.512642,0.765625
-0.791083,1.11563,0.490316,0.74375
-0.792433,1.18125,0.54997,0.809375
-0.792475,1.1375,0.518049,0.7875
-0.793825,1.18125,0.598646,0.74375
-0.795625,1.24687,0.597534,0.7875
-0.796975,1.11563,0.596723,0.853125
-0.798325,1.18125,0.621207,0.590625
-0.800125,1.15938,0.66487,0.765625
-0.801475,1.1375,0.664349,0.853125
-0.802825,1.1375,0.692031,0.896875
-0.804625,1.1375,0.727262,0.809375
-0.805975,1.1375,0.761921,0.896875
-0.807325,1.07187,0.763727,0.91875
-0.809125,1.1375,0.773383,1.05
-0.810475,1.1375,0.805125,0.7
-0.811825,1.1375,0.819723,1.00625
-0.813625,1.15938,0.841299,1.11563
-0.814975,1.225,0.847466,1.05
-0.816775,1.15938,0.853633,1.09375
-0.818125,1.1375,0.860371,1.1375
-0.819925,1.18125,0.856944,1.20312
-0.821275,1.15938,0.860203,1.15938
-0.823075,1.18125,0.865497,0.984375
-0.824875,1.15938,0.879214,1.15938
-0.826675,1.1375,0.866192,1.225
-0.828025,1.18125,0.876429,1.20312
-0.829825,1.1375,0.871829,1.11563
-0.831625,1.15938,0.867529,1.24687
-0.833425,1.1375,0.871079,1.35625
-0.835225,1.15938,0.856884,1.35625
-0.837025,1.15938,0.870029,1.18125
-0.838825,1.225,0.864857,1.26875
-0.840175,1.18125,0.868107,1.26875
-0.841975,1.29062,0.867877,1.35625
-0.843775,1.35625,0.862705,1.42188
-0.845575,1.20312,0.85666,1.4
-0.847375,1.15938,0.850316,1.4
-0.849175,1.18125,0.852994,1.26875
-0.850975,1.20312,0.855671,0.765625
-0.852775,1.09375,0.840905,1.35625
-0.854575,1.20312,0.84271,1.24687
-0.856375,1.225,0.843344,1.24687
-0.858175,1.225,0.858814,1.33438
-0.859975,1.225,0.882134,1.3125
-0.861775,1.20312,0.872601,1.46562
-0.863575,1.20312,0.870046,1.35625
-0.865375,1.20312,0.895692,1.29062
-0.867175,1.24687,0.913779,1.225
-0.868975,1.20312,0.926051,1.24687
-0.870775,1.18125,0.939186,1.26875
-0.872575,1.225,0.940992,1.24687
-0.874375,1.24687,0.939018,1.3125
-0.876175,1.225,0.917564,1.37813
-0.831456,1.20312,0.883609,1.50937
-0.879775,1.07187,0.907801,1.37813
-0.881575,1.20312,0.872101,1.42188
-0.883375,1.24687,0.856462,1.44375
-0.885625,1.20312,0.808842,1.55313
-0.887425,1.15938,0.757151,1.50937
-0.889225,1.225,0.736279,1.35625
-0.891025,1.24687,0.629057,1.53125
-0.892825,1.225,0.605859,1.33438
-0.894625,1.26875,0.572775,1.35625
-0.896875,1.225,0.530679,1.18125
-0.898675,1.24687,0.500212,1.09375
-0.900475,1.26875,0.473825,1.09375
-0.902275,1.24687,0.44801,1.1375
-0.904075,1.24687,0.446327,1.02812
-0.906325,1.26875,0.452494,0.896875
-0.908125,1.24687,0.449938,0.9625
-0.909925,1.3125,0.447383,0.91875
-0.911725,1.24687,0.447153,0.6125
-0.913975,1.53125,0.447214,0.678125
-0.915775,1.3125,0.458914,0.74375
-0.917575,1.35625,0.468279,0.65625
-0.919375,1.42188,0.502066,0.65625
-0.921625,1.3125,0.502999,0.590625
-0.923425,1.24687,0.532134,0.65625
-0.925225,1.33438,0.55401,0.65625
-0.975302,1.33438,0.575586,0.634375
-0.931892,1.35625,0.570414,0.74375
-0.933692,1.33438,0.628333,0.65625
-1.03029,1.3125,0.644975,0.678125
-0.940358,1.4875,0.695625,0.678125
-0.942158,1.37813,0.66226,0.765625
-1.00341,1.3125,0.675114,0.853125
-0.948375,1.37813,0.663264,0.9625
-0.951483,1.35625,0.658101,0.984375
-0.953283,1.37813,0.61397,0.853125
-0.956392,1.3125,0.58642,1.07187
-0.9595,1.35625,0.545205,1.05
-0.9613,0.896875,0.479268,0.984375
-0.964408,1.35625,0.427877,0.940625
-0.967517,1.35625,0.335492,0.984375
-0.969317,1.37813,0.288162,0.896875
-0.971117,1.37813,0.222525,0.765625
-0.972917,1.37813,0.172007,0.765625
-0.974717,1.35625,0.0988104,0.721875
-0.976517,1.44375,0.0270585,0.6125
-0.978317,0.940625,0.00677704,0.56875
-0.980567,1.50937,-0.0507193,0.48125
-0.982367,1.24687,-0.0898989,0.415625
-0.984167,1.4,-0.0799433,0.4375
-0.985967,1.37813,-0.110991,0.415625
-0.987767,1.42188,-0.100164,0.39375
-0.989567,1.24687,-0.134982,0.284375
-0.991367,1.50937,-0.123282,0.328125
-0.993617,1.37813,-0.111582,0.109375
-0.995417,1.37813,-0.0998822,0.13125
-0.997217,1.55313,-0.0881822,0.196875
-0.999017,1.37813,-0.0764822,-0.371875
-1.00213,1.37813,-0.06391,0.153125
-1.00568,1.37813,-0.0234359,-0.415625
-1.00748,1.37813,-0.04081,0.153125
-1.0119,1.35625,0.00955852,0.196875
-1.06198,1.37813,-0.0156656,0.196875
-1.07671,1.37813,0.05709,-0.30625
-1.08113,1.44375,0.00947889,0.240625
-1.02609,1.44375,0.050253,0.13125
-1.02834,1.4,0.0328789,0.175
-1.1258,1.46562,0.0463233,-0.13125
-1.09532,1.4875,0.0597678,0.196875
-1.04073,1.44375,0.0714678,0.13125
-1.04253,1.4875,0.0831678,0.109375
-1.10379,1.4,0.09604,0.21875
-1.0492,1.46562,0.108612,0.175
-1.05231,1.4875,0.121184,0.109375
-1.08449,1.42188,0.133757,0.109375
-1.10419,1.4875,0.145457,-0.065625
-1.05947,1.46562,0.157157,0.175
-1.13862,1.4875,0.169729,0.175
-1.06483,1.575,0.181429,0.109375
-1.06708,1.42188,0.193429,0.21875
-1.06888,1.44375,0.205129,0.153125
-1.18246,1.50937,0.217701,0.175
-1.07423,1.4875,0.229401,0.21875
-1.07603,1.4875,0.241101,0
-1.07828,1.35625,0.253101,0.21875
-1.08008,1.42188,0.264801,0.30625
-1.08233,1.4875,0.276501,0.371875
-1.08413,1.4875,0.288201,0.371875
-1.08638,1.46562,0.300201,0.39375
-1.08863,1.4875,0.311901,0.415625
-1.09043,1.55313,0.323601,0.39375
-1.09268,1.61875,0.335301,0.196875
-1.09448,1.53125,0.347301,0.48125
-1.09673,1.50937,0.359001,0.35
-1.09853,1.6625,0.370701,0.371875
-1.10078,1.50937,0.382701,0.39375
-1.10258,1.4875,0.394401,0.39375
-1.02924,1.55313,0.406401,0.590625
-1.10663,1.42188,0.418401,0.590625
-1.10843,1.50937,0.430101,0.196875
-1.11023,1.4875,0.442101,0.459375
-0.989064,1.46562,0.453229,0.459375
-1.11167,1.4,0.464357,0.503125
-1.11347,1.50937,0.476357,0.503125
-1.11527,1.4875,0.488057,0.546875
-1.11752,1.50937,0.500057,0.6125
-1.11801,1.4875,0.511184,0.634375
-1.07067,1.50937,0.52144,0.525
-1.11944,1.4875,0.53344,0.765625
-1.11993,1.50937,0.544268,0.634375
-1.12173,1.50937,0.556268,0.809375
-1.12267,1.50937,0.566523,0.634375
-1.01269,1.4875,0.577651,0.74375
-1.12366,1.4875,0.587907,0.896875
-1.1246,1.53125,0.598162,0.7875
-1.1264,1.53125,0.622955,0.721875
-1.12734,1.55313,0.679729,0.853125
-1.12914,1.53125,0.652188,0.853125
-1.01915,1.61875,0.676109,0.83125
-1.13057,1.44375,0.717473,0.896875
-1.13237,1.37813,0.680338,0.984375
-1.13462,1.55313,0.74409,0.896875
-1.13642,1.46562,0.774988,1.05
-1.13737,1.575,0.781755,1.07187
-1.12754,1.55313,0.820503,1.02812
-1.14142,1.6625,0.834247,1.02812
-1.14322,1.53125,0.861657,1.07187
-1.11378,1.59688,0.885577,1.00625
-1.14465,1.61875,0.947584,0.984375
-1.1469,1.72812,0.981971,1.15938
-1.14915,1.72812,1.04049,1.225
-1.15095,1.55313,1.0836,1.33438
-1.1532,1.6625,1.11102,1.33438
-1.155,1.61875,1.16518,1.29062
-1.15725,1.61875,1.21584,1.29062
-1.15905,1.61875,1.19586,1.3125
-1.1613,1.61875,1.2099,1.46562
-1.16355,1.575,1.25126,1.55313
-1.16535,1.6625,1.25542,1.61875
-1.1676,1.64062,1.27585,1.61875
-1.16985,1.575,1.28582,1.4875
-1.17165,1.61875,1.3077,1.4875
-1.1739,1.61875,1.29994,1.59688
-1.17615,1.61875,1.30555,1.6625
-1.17795,1.6625,1.2937,1.6625
-1.1802,1.64062,1.28507,1.77188
-1.18245,1.64062,1.22671,1.88125
-1.13687,1.70625,1.20033,1.85938
-1.18388,1.6625,1.11698,1.94687
-1.18483,1.72812,1.09409,1.81563
-1.18708,1.61875,0.996192,1.85938
-1.18671,1.6625,0.905279,1.79375
-1.18765,1.68437,0.835871,1.68437
-1.07766,1.61875,0.751636,1.64062
-1.17615,1.55313,0.671481,1.50937
-1.12926,1.61875,0.645975,1.37813
-1.09531,1.61875,0.586462,1.29062
-1.07881,1.4875,0.519671,1.225
-1.07975,1.53125,0.509294,1.11563
-1.09769,1.59688,0.43727,1.11563
-1.19298,1.6625,0.417588,0.896875
-1.19523,1.72812,0.413316,0.853125
-1.08524,1.59688,0.416021,0.83125
-1.19666,1.75,0.39604,0.809375
-1.19715,1.72812,0.415318,0.678125
-1.14125,1.72812,0.434305,0.765625
-1.2012,1.81563,0.490507,0.634375
-1.20345,1.79375,0.50804,0.56875
-1.2057,1.77188,0.529644,0.546875
-1.2075,1.75,0.581484,0.56875
-1.20975,1.77188,0.624021,0.546875
-1.212,1.77188,0.679351,0.56875
-1.2138,1.77188,0.771896,0.590625
-1.21605,1.81563,0.786231,0.678125
-1.21961,1.79375,0.819173,0.7
-1.22141,1.81563,0.862292,0.765625
-1.30187,1.85938,0.896688,0.7875
-1.27635,1.8375,0.927596,1.00625
-1.23294,1.8375,0.959666,0.9625
-1.23519,1.8375,0.955103,1.07187
-1.31434,1.8375,0.940946,1.07187
-1.33535,1.85938,0.930568,1.11563
-1.33845,1.96875,0.884429,1.20312
-1.29549,2.03437,0.857479,1.20312
-1.25123,1.96875,0.80727,1.20312
-1.25348,1.90312,0.734973,1.29062
-1.25658,1.77188,0.684473,1.225
-1.26014,1.8375,0.639497,1.26875
-1.26239,1.85938,0.594521,1.15938
-1.34154,1.88125,0.533846,1.11563
-1.32896,1.94687,0.502253,1.15938
-1.27307,1.925,0.435471,1.11563
-1.3057,1.925,0.405323,0.91875
-1.27843,1.96875,0.349009,0.91875
-1.28068,1.96875,0.304333,0.875
-1.28293,1.99063,0.281744,0.678125
-1.31556,1.88125,0.262934,0.74375
-1.29135,1.94687,0.251984,0.721875
-1.29491,1.925,0.208753,0.503125
-1.29847,1.90312,0.197503,0.525
-1.30202,1.29062,0.206323,0.48125
-1.429,1.79375,0.131983,0.415625
-1.31176,1.90312,0.137886,0.459375
-1.31532,1.88125,0.0760567,0.415625
-1.36539,1.85938,0.0459085,0.371875
-1.41547,2.05625,0.0323419,0.35
-1.37513,1.925,-0.0100174,0.459375
-1.40776,1.88125,-0.0494693,0.30625
-1.44751,2.05625,-0.075247,0.153125
-1.40005,1.99063,-0.119932,0.284375
-1.39329,2.0125,-0.156758,0.0875
-1.35163,2.05625,-0.205804,0.35
-1.45085,2.0125,-0.198438,0.021875
-1.42344,1.53125,-0.251845,0.04375
-1.54636,1.99063,-0.257562,-0.021875
-1.48857,2.07812,-0.276071,-0.04375
-1.44241,2.1,-0.31029,-0.0875
-1.43696,2.12188,-0.30961,-0.30625
-1.5071,1.94687,-0.272306,-0.13125
-1.54366,1.99063,-0.279477,-0.153125
-1.53369,2.1,-0.26426,-0.30625
-1.59482,2.1875,-0.247299,-0.196875
-1.6023,2.275,-0.185564,-0.2625
-1.59234,2.25312,-0.161625,-0.21875
-1.61727,2.16562,-0.201649,-0.13125
-1.62344,2.20938,-0.132064,-0.153125
-1.64256,2.23125,-0.126441,-0.328125
-1.60438,2.23125,-0.102503,-0.30625
-1.64675,2.23125,-0.128862,-0.415625
-1.66587,2.20938,-0.114517,-0.328125
-1.67466,2.29688,-0.0847637,-0.2625
-1.63562,2.38437,-0.0529748,-0.240625
-1.66186,2.49375,-0.0610174,-0.109375
-1.68809,2.38437,-0.0135193,-0.0875
-1.68075,2.34063,-0.0526711,-0.0875
-1.70829,2.40625,-0.0365822,-0.0875
-1.68089,2.51562,-0.0213656,-0.35
-1.7362,2.3625,-0.00527667,-0.240625
-1.74499,2.3625,0.0119844,-0.021875
-1.7234,2.3625,0.0280733,0.21875
-1.73088,2.31875,0.0441622,-0.065625
-1.73882,2.45,0.0602511,0.175
-1.7463,2.45,0.07664,-0.04375
-1.77254,2.49375,0.0936011,0.284375
-1.79165,2.40625,0.10969,0.153125
-1.75261,2.40625,0.125779,0.04375
-1.74265,2.45,0.142168,0.175
-1.76758,2.55938,0.158257,0.153125
-1.79296,2.49375,0.174346,0.371875
-1.81658,2.38437,0.189862,0.109375
-1.80531,2.45,0.205079,0
-1.72877,2.55938,0.219723,0.2625
-1.67098,2.5375,0.23494,0.021875
-1.77515,2.45,0.249584,0.21875
-1.74643,2.47187,0.264801,0.39375
-1.78619,2.40625,0.279146,0.065625
-1.7723,2.55938,0.292918,0.503125
-1.68458,2.38437,0.307262,0.39375
-1.69977,2.40625,0.321034,0.284375
-1.6917,2.34063,0.334507,0.328125
-1.77085,2.38437,0.348279,0.371875
-1.69927,2.45,0.362051,0.546875
-1.70152,2.34063,0.374651,0.525
-1.70377,2.38437,0.387551,0.546875
-1.70647,2.3625,0.400151,0.546875
-1.70872,2.34063,0.413051,0.546875
-1.71142,2.16562,0.425651,0.503125
-1.71367,2.34063,0.438551,0.503125
-1.71592,2.34063,0.451451,0.56875
-1.71862,2.34063,0.464051,0.4375
-1.72087,2.3625,0.476951,0.525
-1.66411,2.40625,0.488979,0.459375
-1.7232,2.31875,0.501007,0.6125
-1.72545,2.38437,0.513907,0.546875
-1.72639,2.40625,0.525934,0.721875
-1.63475,2.45,0.574886,0.765625
-1.61824,2.34063,0.548246,0.546875
-1.63663,2.31875,0.60592,0.7
-1.73192,2.34063,0.625797,0.721875
-1.73417,2.3625,0.604971,0.721875
-1.73642,2.34063,0.630964,0.7
-1.70873,2.34063,0.671484,0.74375
-1.6806,2.45,0.688746,0.7875
-1.64665,2.51562,0.706007,0.83125
-1.62884,2.23125,0.727638,0.853125
-1.74203,2.38437,0.750133,0.83125
-1.74428,2.49375,0.780186,0.896875
-1.74653,2.3625,0.798901,0.9625
-1.74878,2.40625,0.821696,0.83125
-1.75017,2.38437,0.834596,0.984375
-1.75242,2.38437,0.844588,1.02812
-1.75467,2.45,0.865638,1.00625
-1.75737,2.47187,0.859349,1.1375
-1.75962,2.5375,0.872549,1.07187
-1.76187,2.0125,0.874983,1.18125
-1.76457,2.45,0.877416,1.18125
-1.76682,2.40625,0.894686,1.1375
-1.76821,2.5375,0.880838,1.225
-1.77046,2.58125,0.915553,1.20312
-1.77271,2.625,0.917986,1.225
-1.77541,2.5375,0.934384,1.24687
-1.77766,2.58125,0.944668,1.29062
-1.78036,2.55938,0.967171,1.3125
-1.78261,2.51562,0.96786,1.3125
-1.78531,2.45,0.967977,1.15938
-1.78756,2.47187,1.00531,1.20312
-1.79026,2.47187,1.01123,1.26875
-1.7912,2.45,1.02763,1.26875
-1.7939,2.625,1.05419,1.18125
-1.74832,2.75625,1.06216,1.02812
-1.79754,2.55938,1.09135,1.35625
-1.76986,2.5375,1.09727,1.33438
-1.80118,2.5375,1.13083,1.37813
-1.74443,2.55938,1.11786,1.37813
-1.80482,2.49375,1.17845,1.4
-1.7597,2.49375,1.20065,1.50937
-1.76109,2.47187,1.22112,1.4875
-1.80855,2.49375,1.21949,1.4875
-1.80863,2.55938,1.24345,1.4875
-1.80958,2.69062,1.25287,1.575
-1.68841,2.58125,1.23903,1.70625
-1.75245,2.45,1.22462,1.6625
-1.68943,2.45,1.19072,1.75
-1.76596,2.40625,1.16031,1.72812
-1.72084,2.3625,1.11566,1.59688
-1.76699,2.40625,1.06723,1.59688
-1.78276,2.38437,1.00658,1.64062
-1.73632,2.60312,0.933436,1.64062
-1.65324,2.49375,0.868427,1.59688
-1.75042,2.45,0.816792,1.4875
-1.68523,2.5375,0.777959,1.4875
-1.73138,2.47187,0.72109,1.35625
-1.69789,2.51562,0.713657,1.29062
-1.76017,2.49375,0.68092,1.225
-1.76026,2.47187,0.673486,1.11563
-1.66554,2.40625,0.645692,1.11563
-1.72697,2.34063,0.613255,1.00625
-1.64258,2.45,0.644481,1.11563
-1.64136,2.40625,0.618731,0.9625
-1.75147,2.3625,0.633384,0.940625
-1.68759,2.31875,0.623334,0.809375
-1.79902,2.31875,0.675503,0.678125
-1.70606,2.5375,0.694518,0.7875
-1.72359,2.3625,0.712088,0.74375
-1.79882,2.38437,0.750001,0.7
-1.80152,2.40625,0.75914,0.721875
-1.80246,2.47187,0.792992,0.65625
-1.68174,2.49375,0.812307,0.74375
-1.80655,2.40625,0.835392,0.7875
-1.74934,2.40625,0.842496,0.940625
-1.81019,2.40625,0.862392,0.896875
-1.81289,2.60312,0.837514,1.05
-1.81514,2.64688,0.80972,1.24687
-1.81784,2.7125,0.783097,1.26875
-1.82054,2.60312,0.726238,1.15938
-1.82324,2.64688,0.669951,0.65625
-1.82725,2.47187,0.613092,1.225
-1.82995,2.58125,0.568444,1.1375
-1.927,2.49375,0.51769,1.00625
-1.83666,2.64688,0.470125,0.91875
-1.83936,2.58125,0.433909,0.853125
-1.84206,2.75625,0.38926,0.7875
-1.84476,2.58125,0.350418,0.74375
-1.84746,2.75625,0.308968,0.74375
-1.9445,2.58125,0.289614,0.65625
-1.85417,2.69062,0.266481,0.634375
-1.85687,2.73438,0.241603,0.634375
-1.85957,2.7125,0.244636,0.56875
-1.86227,2.64688,0.229925,0.7
-1.86497,2.58125,0.206792,0.6125
-1.86767,2.625,0.168249,0.525
-1.92982,2.625,0.147733,0.503125
-1.87483,2.73438,0.122273,0.503125
-1.98931,2.7125,0.113096,0.459375
-1.95843,2.95312,0.0440252,0.48125
-1.88554,2.58125,0.00461037,0.56875
-1.88824,2.7125,-0.0580637,0.415625
-1.93877,2.84375,-0.0931174,0.35
-1.98975,2.8875,-0.136021,0.503125
-1.90333,3.0625,-0.189101,0.371875
-1.96549,2.66875,-0.25788,0.04375
-1.9695,2.23125,-0.290899,0.065625
-2,3.01875,-0.339608,0.153125
-2,2.84375,-0.365649,-0.04375
-1.92513,2.975,-0.411169,-0.21875
-2,2.69062,-0.388075,-0.415625
-2,2.75625,-0.410627,-0.35
-2,2.8,-0.372123,-0.525
-2,2.75625,-0.324025,-0.4375
-2,2.90937,-0.364021,-0.30625
-2,2.84375,-0.347032,-0.2625
-2,2.75625,-0.33266,-0.39375
-2,2.77813,-0.317416,-0.371875
-2,2.75625,-0.301871,-0.371875
-2,2.86563,-0.27994,-0.30625
-2,2.86563,-0.223119,-0.48125
-2,2.3625,-0.255266,-0.4375
-2,2.84375,-0.183908,-0.415625
-2,2.8,-0.184936,-0.459375
-2,2.77813,-0.206616,-0.2625
-2,2.77813,-0.175962,-0.2625
-2,2.90937,-0.103732,0.153125
-2,2.82187,-0.0951656,-0.0875
-2,2.8,-0.115101,-0.175
-2,2.84375,-0.107706,0
-2,2.75625,-0.0991396,-0.4375
-2,2.75625,-0.0870933,-0.415625
-2,2.82187,-0.0552674,0.04375
