torque_1,torque_1_t,torque_2,torque_2_t
2,-0.0875,-1.71456,-0.021875
2,-1.00625,-1.70581,-0.74375
2,-1.42188,-1.69366,-1.24687
1.95541,-1.70625,-1.75483,-1.4
1.57321,-2.03437,-1.82307,-1.64062
1.48045,-2.05625,-1.8386,-1.85938
1.8071,-2.20938,-1.90218,-1.99063
2,-2.38437,-1.9305,-2.12188
2,-2.47187,-1.94807,-2.23125
2,-2.45,-1.96964,-2.29688
1.59743,-2.5375,-1.95449,-2.42813
1.46151,-2.275,-1.95135,-2.38437
1.37137,-2.1875,-1.94856,-2.42813
1.70587,-2.07812,-1.87666,-2.42813
1.94208,-2.275,-1.83055,-2.40625
1.84263,-2.34063,-1.77319,-2.40625
1.47543,-2.34063,-1.67242,-2.60312
1.13423,-2.1875,-1.70562,-2.16562
1.11285,-1.88125,-1.66533,-2.05625
1.44342,-1.8375,-1.65259,-2.05625
1.6334,-2.0125,-1.6248,-1.94687
1.7084,-2.275,-1.56467,-2.20938
1.32535,-2.1,-1.51886,-1.96875
1.09783,-1.64062,-1.45524,-2.07812
1.02891,-1.79375,-1.3065,-2.07812
1.21497,-1.75,-1.16686,-2.16562
1.56401,-1.79375,-1.01579,-2.12188
1.75661,-2.14375,-0.850707,-2.0125
1.53956,-2.05625,-0.660099,-1.90312
1.27366,-1.96875,-0.43745,-1.75
1.06767,-1.81563,-0.227507,-1.72812
1.23919,-1.72812,0.0056087,-1.35625
1.51771,-1.85938,0.221221,-1.18125
1.82967,-1.96875,0.412179,-0.721875
1.77776,-2.23125,0.529811,-0.721875
1.56071,-2.07812,0.624389,-0.13125
1.17983,-2.03437,0.703935,0
1.04476,-1.94687,0.759408,0.0875
1.3938,-1.77188,0.76496,0.284375
1.778,-2.03437,0.773478,0.371875
1.85823,-2.12188,0.765074,0.48125
1.64379,-2.12188,0.749316,0.546875
1.07,-2.16562,0.70646,0.634375
0.727945,-1.70625,0.695208,0.328125
0.869086,-1.59688,0.635052,0.765625
1.33789,-1.55313,0.603158,0.809375
1.6811,-1.72812,0.565303,0.83125
1.67018,-1.81563,0.525354,0.809375
0.938241,-1.81563,0.500728,0.7875
0.265453,-1.46562,0.462524,0.765625
0.119923,-0.984375,0.479037,0.765625
0.768552,-0.9625,0.460022,0.765625
1.44349,-1.07187,0.407049,0.503125
1.43388,-1.61875,0.396814,0.678125
0.701944,-1.26875,0.385649,0.678125
-0.100369,-1.05,0.380211,0.678125
-0.294743,-0.503125,0.389979,0.590625
-0.00240278,-0.48125,0.387304,0.525
0.750602,-0.4375,0.392915,0.590625
0.964428,-0.65625,0.387419,0.809375
0.743451,-0.809375,0.420069,0.721875
0.237562,-0.721875,0.431436,0.525
-0.231707,-0.48125,0.445187,0.48125
-0.587297,-0.35,0.498771,0.525
-0.341185,-0.04375,0.500398,0.503125
0.11192,-0.240625,0.494234,0.39375
0.543802,-0.459375,0.518598,0.04375
0.522419,-0.30625,0.551479,0.48125
0.130209,-0.30625,0.546914,0.678125
-0.504201,-0.2625,0.542436,0.56875
-0.834642,-0.065625,0.560839,0.721875
-0.577059,0.021875,0.557728,0.634375
-0.00242407,0.328125,0.536386,0.940625
0.534283,0.284375,0.506236,0.83125
0.280307,-0.284375,0.480448,0.74375
-0.270951,-0.284375,0.458524,0.459375
-0.859133,0.021875,0.444947,0.546875
-1.02574,0.546875,0.40055,0.940625
-0.446586,0.678125,0.375865,0.678125
0.0857463,0.546875,0.352111,0.765625
0.316726,0.240625,0.367172,0.65625
-0.0257806,-0.021875,0.378248,0.503125
-0.624575,0.04375,0.378189,0.6125
-0.72911,0.525,0.378131,0.4375
-0.641597,0.4375,0.400836,0.153125
-0.344474,0.74375,0.415897,0.503125
-0.131956,0.56875,0.424851,0.459375
-0.109729,0.39375,0.441161,0.39375
-0.202489,0.35,0.468286,0.56875
-0.474927,0.48125,0.485963,0.503125
-0.61784,0.525,0.510995,0.240625
-0.644456,0.56875,0.525619,0.153125
-0.434106,0.525,0.513931,0.6125
-0.16344,0.56875,0.497882,0.65625
-0.0196824,0.4375,0.449792,0.678125
-0.0794435,0.153125,0.40307,0.7
-0.375722,0.415625,0.321749,0.65625
-0.64816,0.196875,0.256942,0.721875
-0.789765,0.525,0.196555,0.65625
-0.446414,0.546875,0.171929,0.6125
-0.0687556,0.503125,0.00382259,0.525
0.241451,0.21875,-0.0026913,0.546875
-0.004675,-0.065625,-0.0966589,0.415625
-0.434404,0.175,-0.12928,0.35
-0.659306,0.196875,-0.163646,0.30625
-0.551164,0.415625,-0.181789,0.2625
-0.0559009,0.415625,-0.221098,0.13125
0.344144,0.196875,-0.215051,0.0875
0.292233,0.13125,-0.237932,0
-0.115108,-0.196875,-0.229909,-0.021875
-0.262092,0.196875,-0.213686,-0.065625
-0.394538,0.21875,-0.228426,0
-0.159633,0.0875,-0.215256,-0.371875
0.151881,0.240625,-0.173507,-0.48125
0.421094,0.21875,-0.165425,-0.328125
0.533015,-0.371875,-0.14484,-0.0875
0.292122,-0.30625,-0.13574,-0.30625
0.0353843,-0.30625,-0.134695,0.065625
-0.0178352,-0.240625,-0.115855,0.04375
0.061087,-0.459375,-0.11446,-0.2625
0.289755,-0.240625,-0.145191,-0.415625
0.565508,-0.39375,-0.11792,-0.240625
0.565058,-0.459375,-0.135482,-0.284375
0.564608,-0.525,-0.138157,-0.2625
0.211794,-0.415625,-0.174558,0.109375
0.40963,-0.503125,-0.139146,-0.21875
0.36426,-0.56875,-0.154323,-0.371875
0.553242,-0.48125,-0.145223,-0.21875
0.5541,-0.546875,-0.13714,-0.21875
0.55365,-0.590625,-0.12839,-0.196875
0.5532,-0.65625,-0.11929,-0.21875
0.5532,-0.634375,-0.11019,-0.04375
0.55275,-0.240625,-0.10109,-0.21875
0.74259,-0.65625,-0.093008,-0.240625
0.553158,-0.875,-0.083908,-0.021875
0.859744,-0.721875,-0.0758256,-0.153125
0.554017,-0.940625,-0.0670756,-0.2625
0.553567,-0.875,-0.056958,0.13125
0.553117,-0.7875,-0.047858,-0.30625
0.555733,-0.809375,-0.0407931,0.153125
0.832795,-0.809375,-0.0327107,-0.2625
0.790043,-0.896875,-0.0381478,-0.21875
0.74729,-0.9625,-0.0155283,0.153125
0.557858,-0.940625,-0.00541074,0.021875
0.557858,-0.853125,0.00368926,0.13125
0.557408,-0.83125,0.0124393,0.175
0.556958,-0.809375,0.0225569,-0.21875
0.746798,-0.853125,0.0248244,0.153125
0.557367,-0.896875,0.0397393,0.153125
0.556917,-0.83125,0.0488393,0.109375
0.556917,-0.809375,0.0579393,0.021875
0.557775,-0.809375,0.0660217,0.175
0.557325,-0.809375,0.0761393,-0.196875
0.558183,-0.765625,0.0842217,-0.175
0.557733,-0.83125,0.0933217,0.13125
0.557283,-0.809375,0.102422,0.021875
0.556833,-0.765625,0.111522,0
0.556383,-0.634375,0.120272,0.021875
0.556383,-0.765625,0.129372,0.0875
0.555933,-0.765625,0.138472,0.240625
0.555483,-0.765625,0.147572,0.175
0.555033,-1.05,0.156672,0.153125
0.554583,-0.7875,0.165772,0.196875
0.554133,-0.765625,0.174872,0.175
0.553683,-0.765625,0.183972,0.065625
0.553233,-0.7875,0.193072,0.196875
0.552783,-0.7875,0.202172,0.0875
0.552333,-0.809375,0.211272,0.30625
0.551883,-0.765625,0.220372,0.196875
0.551433,-0.765625,0.229472,0.240625
0.549675,-0.765625,0.239589,0.35
0.549225,-0.765625,0.247672,0.2625
0.548775,-0.9625,0.256772,0.2625
0.548325,-0.765625,0.265872,0.30625
0.547875,-0.765625,0.274972,0.30625
0.239531,-0.765625,0.286107,0.328125
0.544358,-0.590625,0.308726,0.328125
0.543908,-0.74375,0.303289,0.39375
0.543458,-0.7,0.311372,0.371875
0.543008,-0.765625,0.320472,0.503125
0.542558,-0.74375,0.327536,0.371875
0.542108,-0.590625,0.336636,0.39375
0.541658,-0.74375,0.343701,0.371875
0.541208,-0.83125,0.38958,0.371875
0.540758,-0.765625,0.358849,0.328125
0.540308,-0.74375,0.365913,0.4375
0.539858,-0.721875,0.418479,0.4375
0.539408,-0.765625,0.439063,0.65625
0.538958,-0.546875,0.452815,0.48125
0.538508,-0.74375,0.411326,0.546875
0.538058,-0.853125,0.479301,0.590625
0.537608,-0.853125,0.465869,0.590625
0.537158,-0.7875,0.492123,0.503125
0.537158,-0.765625,0.495117,0.546875
0.536708,-0.765625,0.522243,0.525
0.536258,-0.634375,0.523202,0.546875
0.536258,-0.74375,0.546753,0.39375
0.535808,-0.765625,0.554399,0.634375
0.535358,-0.590625,0.559138,0.590625
0.534908,-0.65625,0.574489,0.65625
0.534908,-0.74375,0.563674,0.678125
0.534458,-0.809375,0.592544,0.678125
0.534008,-0.74375,0.59612,0.74375
0.533558,-0.74375,0.590974,0.7
0.533558,-0.7875,0.626881,0.809375
0.533108,-0.74375,0.596586,0.721875
0.532658,-0.765625,0.630108,0.853125
0.532208,-0.74375,0.615222,0.7
0.531758,-0.74375,0.634207,0.765625
0.531758,-0.765625,0.630805,0.765625
0.531308,-0.765625,0.616791,0.7875
0.530858,-0.765625,0.620076,0.284375
0.530408,-0.74375,0.632434,0.7
0.52865,-0.65625,0.621182,0.83125
0.527342,-0.74375,0.651651,0.7
0.409287,-0.678125,0.648104,0.74375
0.523825,-0.678125,0.635835,0.74375
0.522067,-0.721875,0.63127,0.875
0.520308,-0.765625,0.61935,0.765625
0.51855,-0.721875,0.588619,0.940625
0.282891,-0.765625,0.593794,0.765625
0.483793,-0.634375,0.57382,0.91875
0.277207,-0.634375,0.538291,0.65625
0.508042,-0.525,0.541926,0.809375
0.504975,-0.546875,0.487209,0.875
0.385612,-0.6125,0.451825,0.7875
0.192256,-0.503125,0.41368,0.765625
0.304177,-0.74375,0.397049,0.721875
0.213888,-0.525,0.340733,0.853125
0.487025,-0.459375,0.325615,0.459375
0.484408,-0.546875,0.273369,0.721875
0.174756,-0.503125,0.270694,0.634375
0.199455,-0.503125,0.224553,0.634375
0.354987,-0.546875,0.202022,0.525
0.469525,-0.503125,0.197602,0.503125
0.190255,-0.503125,0.20772,0.415625
0.18588,-0.4375,0.219873,0.39375
0.182813,-0.459375,0.231008,0.39375
0.458567,-0.021875,0.23944,0.371875
0.311438,-0.503125,0.302763,0.35
0.456358,-0.415625,0.277847,0.459375
0.4546,-0.48125,0.340152,0.35
0.423768,-0.546875,0.339862,0.39375
0.451083,-0.546875,0.34591,0.415625
0.450633,-0.459375,0.343235,0.35
0.450183,-0.56875,0.342449,0.459375
0.449733,-0.56875,0.32268,0.459375
0.449283,-0.525,0.322912,0.328125
0.448833,-0.525,0.366756,0.525
0.521069,-0.48125,0.359284,0.6125
0.449242,-0.590625,0.38894,0.48125
0.448792,-0.6125,0.327245,0.459375
0.596329,-0.634375,0.378793,0.459375
0.684409,-0.91875,0.377486,0.459375
0.452675,-0.74375,0.347772,0.503125
0.453533,-0.678125,0.354836,0.459375
0.759669,-0.590625,0.362919,0.459375
0.804997,-0.74375,0.370334,0.65625
0.486041,-0.875,0.378416,0.459375
0.456517,-0.7875,0.387516,0.415625
0.456067,-0.765625,0.396966,0.503125
0.458233,-0.74375,0.404031,0.48125
0.578005,-0.721875,0.410078,0.503125
0.695159,-0.74375,0.418511,0.459375
0.463425,-0.7,0.426593,0.525
0.464283,-0.765625,0.434675,0.503125
0.463833,-0.74375,0.443775,0.503125
0.464242,-0.65625,0.452208,0.56875
0.742612,-0.240625,0.459273,0.6125
0.467267,-0.940625,0.467355,0.65625
0.773403,-0.721875,0.475787,0.590625
0.467675,-0.83125,0.484887,0.590625
0.467225,-0.74375,0.493987,0.721875
0.466775,-0.74375,0.503437,0.65625
0.773769,-0.74375,0.510502,0.7
0.46935,-0.875,0.518935,0.525
0.4689,-0.7,0.528035,0.6125
0.46845,-0.74375,0.537135,0.6125
0.468,-0.721875,0.546585,0.525
0.614229,-0.7,0.554667,0.7
0.468408,-0.65625,0.563767,0.83125
0.467958,-0.371875,0.609996,0.74375
0.467508,-0.7,0.635523,0.240625
0.467058,-0.7,0.602234,0.74375
0.466608,-0.721875,0.623836,0.721875
0.466158,-0.65625,0.661864,0.765625
0.465708,-0.678125,0.685706,0.809375
0.465258,-0.7,0.657736,0.83125
0.464808,-0.678125,0.676636,0.83125
0.464358,-0.7,0.711611,0.74375
0.463908,-0.678125,0.691697,0.853125
0.463008,-0.678125,0.757636,0.9625
0.462558,-0.678125,0.750891,1.02812
0.462108,-0.65625,0.751183,0.896875
0.461658,-0.65625,0.767551,1.05
0.461208,-0.678125,0.776565,0.896875
0.45945,-0.634375,0.781304,1.00625
0.459,-0.65625,0.80471,1.07187
0.45855,-0.65625,0.802616,0.984375
0.45765,-0.6125,0.822764,1.09375
0.4572,-0.65625,0.827708,0.7875
0.45675,-0.65625,0.827359,1.02812
0.4563,-0.590625,0.837972,1.02812
0.45585,-0.634375,0.846345,1.11563
0.454092,-0.6125,0.870477,1.05
0.453192,-0.634375,0.877687,1.07187
0.452742,-0.634375,0.87449,1.07187
0.452292,-0.6125,0.897255,1.09375
0.450533,-0.678125,0.908595,1.09375
0.448775,-0.634375,0.893273,1.05
0.446567,-0.634375,0.910282,1.11563
0.446117,-0.634375,0.931593,1.05
0.444358,-0.6125,0.927087,1.07187
0.4426,-0.6125,0.959883,1.07187
0.439083,-0.678125,1.00844,1.09375
0.321029,-0.634375,1.00416,1.07187
0.246585,-0.525,1.00693,1.20312
0.4325,-0.525,1.0278,1.09375
0.4316,-0.503125,1.039,1.18125
0.429842,-0.56875,1.03327,1.20312
0.428083,-0.634375,1.03152,1.225
0.119739,-0.56875,1.00152,1.3125
0.0713028,-0.459375,0.968958,1.29062
0.113156,-0.35,0.937936,1.3125
0.416675,-0.546875,0.85304,1.29062
0.416225,-0.459375,0.797886,1.29062
0.268646,-0.503125,0.700635,1.29062
0.409642,-0.4375,0.625565,1.29062
0.0576861,-0.459375,0.567418,1.26875
0.125546,-0.30625,0.495897,1.1375
0.254621,-0.109375,0.411524,1.09375
0.399542,-0.175,0.33724,0.91875
0.397333,-0.459375,0.298659,0.9625
0.395575,-0.415625,0.217107,0.809375
0.3912,-0.415625,0.125756,1.07187
0.0824056,-0.4375,0.0920309,0.65625
0.150716,-0.109375,0.0126004,0.634375
0.104038,-0.415625,-0.0372607,0.48125
0.378033,-0.39375,-0.0551404,0.678125
0.230905,-0.4375,-0.0567978,0.328125
0.375375,-0.39375,-0.119161,0.48125
0.373617,-0.415625,-0.0635422,0.196875
0.226488,-0.328125,-0.0995931,0.175
0.252045,-0.04375,-0.0891256,0.2625
0.250287,-0.065625,-0.0519691,0.2625
0.365683,-0.0875,-0.0736283,-0.13125
0.365233,-0.459375,-0.0374894,0.109375
0.364783,-0.4375,-0.0310922,0.196875
0.363883,-0.459375,-0.0315274,-0.196875
0.363433,-0.4375,0.0200207,0.240625
0.362533,-0.4375,0.0341226,-0.175
0.362083,-0.459375,0.0458393,0.30625
0.361183,-0.4375,0.0637207,0.153125
0.360733,-0.678125,0.0670652,0.284375
0.361142,-0.590625,0.0593022,-0.175
0.362,-0.4375,0.0703513,0.109375
0.364167,-0.525,0.070643,0.153125
0.365883,-0.371875,0.0803244,0.0875
0.36805,-0.525,0.0641893,-0.13125
0.560056,-0.4375,0.0641309,0.153125
0.605834,-0.56875,0.0596254,0.153125
0.606243,-0.634375,0.0455254,0.13125
0.375817,-0.65625,0.0649467,-0.0875
0.565656,-0.678125,0.0693087,-0.04375
0.524212,-0.65625,0.0319494,-0.065625
0.499063,-0.83125,0.0585531,-0.04375
0.661587,-0.678125,0.0483781,-0.109375
0.461994,-0.7,0.0672772,-0.04375
0.66637,-0.56875,0.0587874,0.13125
0.392783,-0.74375,0.0380004,0.30625
0.466777,-0.875,0.0454152,0.503125
0.702844,-0.678125,0.0227383,0.153125
0.705461,-0.7875,0.0291356,-0.04375
0.476794,-0.83125,0.0355328,0.065625
0.403658,-0.74375,0.0449828,-0.065625
0.593948,-0.721875,0.0534152,-0.021875
0.640176,-0.7875,0.06083,0
0.685954,-0.940625,0.0678948,0.2625
0.411058,-0.74375,0.0763272,-0.021875
0.411058,-0.7,0.0857772,0.175
0.410608,-0.765625,0.0952272,-0.065625
0.413225,-0.678125,0.102642,0.13125
0.41715,-0.590625,0.109039,0.0875
0.419317,-0.634375,0.116454,-0.0875
0.420625,-0.678125,0.124886,0
0.421483,-0.634375,0.133319,0.284375
0.422792,-0.503125,0.141751,-0.04375
0.4241,-0.546875,0.150184,0.284375
0.42365,-0.590625,0.159634,0.04375
0.424958,-0.6125,0.168066,0
0.424508,-0.6125,0.177516,-0.021875
0.425817,-0.6125,0.185599,0.21875
0.425367,-0.6125,0.195049,0.04375
0.425367,-0.56875,0.204499,0.240625
0.424917,-0.546875,0.23619,0.328125
0.424917,-0.6125,0.276604,0.21875
0.424917,-0.546875,0.229796,0.546875
0.424467,-0.590625,0.283729,0.4375
0.424467,-0.459375,0.305681,0.328125
0.424017,-0.634375,0.305246,0.175
0.424017,-0.503125,0.333885,0.2625
0.423567,-0.6125,0.337229,0.240625
0.423567,-0.56875,0.355111,0.39375
0.423117,-0.30625,0.374882,0.30625
0.423117,-0.546875,0.385931,0.525
0.422667,-0.65625,0.39102,0.065625
0.422667,-0.6125,0.408756,0.6125
0.422217,-0.240625,0.416752,0.35
0.421767,-0.6125,0.429546,0.371875
0.421767,-0.21875,0.446264,0.4375
0.421317,-0.896875,0.435799,0.6125
0.421317,-0.65625,0.44176,0.415625
0.420867,-0.634375,0.438999,0.415625
0.420867,-0.56875,0.449757,0.459375
0.420417,-0.415625,0.446996,0.503125
0.419967,-0.6125,0.442199,0.525
0.419967,-0.546875,0.429031,0.56875
0.419517,-0.6125,0.433974,0.590625
0.419517,-0.590625,0.429178,0.65625
0.419067,-0.590625,0.417695,0.284375
0.418617,-0.6125,0.400397,0.546875
0.418617,-0.74375,0.389931,0.678125
0.418167,-0.525,0.39691,0.634375
0.184266,-0.634375,0.388479,0.634375
0.416408,-0.503125,0.365511,0.7
0.415958,-0.721875,0.342544,0.56875
0.415958,-0.546875,0.328444,0.2625
0.297904,-0.546875,0.324084,0.546875
0.41375,-0.13125,0.305186,0.546875
0.412442,-0.13125,0.310566,0.525
0.411992,-0.48125,0.293036,0.6125
0.411542,-0.590625,0.298416,0.503125
0.33624,-0.546875,0.267162,0.459375
0.408475,-0.240625,0.337523,0.4375
0.408025,-0.503125,0.298419,0.39375
0.407575,-0.546875,0.329093,0.459375
0.407575,-0.546875,0.34523,0.415625
0.407125,-0.546875,0.297404,0.415625
0.406675,-0.546875,0.310634,0.4375
0.406675,-0.503125,0.318399,0.590625
0.406225,-0.546875,0.334536,0.634375
0.405775,-0.546875,0.380619,0.415625
0.405325,-0.13125,0.370589,0.56875
0.405325,-0.525,0.353727,0.721875
0.404875,-0.546875,0.424087,0.678125
0.404425,-0.503125,0.412023,0.175
0.403975,-0.546875,0.435197,0.6125
0.404833,-0.546875,0.416299,0.65625
0.404833,-0.546875,0.421679,0.546875
0.405692,-0.634375,0.430838,0.459375
0.405242,-0.109375,0.452645,0.546875
0.404792,-0.65625,0.471544,0.678125
0.55102,-0.590625,0.461719,0.6125
0.40565,-0.546875,0.475821,0.503125
0.4052,-0.546875,0.471461,0.240625
0.406058,-0.525,0.475823,0.546875
0.405608,-0.65625,0.46274,0.9625
0.406467,-0.56875,0.452915,0.546875
0.406017,-0.809375,0.44085,0.678125
0.406017,-0.678125,0.464692,0.48125
0.406875,-0.546875,0.471089,0.65625
0.406875,-0.809375,0.469114,0.65625
0.406425,-0.809375,0.461992,0.74375
0.406425,-0.56875,0.470424,0.809375
0.553962,-0.56875,0.453562,0.65625
0.408142,-0.56875,0.462345,0.7
0.408142,-0.65625,0.499851,0.546875
0.407692,-0.65625,0.480227,0.65625
0.407692,-0.590625,0.490027,0.83125
0.407242,-0.56875,0.499477,0.765625
0.406792,-0.175,0.508927,0.6125
0.684304,-0.525,0.51736,0.7
0.40765,-0.896875,0.526142,0.590625
0.4072,-0.503125,0.535592,0.765625
0.4072,-0.56875,0.545042,0.984375
0.40675,-0.809375,0.568361,0.678125
0.4063,-0.546875,0.562257,0.65625
0.4063,-0.65625,0.571707,0.7875
0.40585,-0.546875,0.585286,0.721875
0.4054,-0.56875,0.586886,0.721875
0.4054,-0.546875,0.656374,0.875
0.40495,-0.56875,0.658324,0.765625
0.4045,-0.56875,0.609481,0.896875
0.4045,-0.56875,0.695396,0.74375
0.40405,-0.590625,0.669144,0.940625
0.4036,-0.590625,0.697783,0.809375
0.40315,-0.459375,0.711885,0.984375
0.40315,-0.809375,0.726336,0.853125
0.4027,-0.765625,0.713254,1.02812
0.40225,-0.546875,0.734393,0.853125
0.40225,-0.525,0.729015,0.9625
0.4018,-0.525,0.754601,0.91875
0.40135,-0.809375,0.766,0.91875
0.399592,-0.48125,0.760623,1.05
0.399142,-0.546875,0.786559,0.875
0.399142,-0.546875,0.787868,0.590625
0.398692,-0.56875,0.789177,0.940625
0.398242,-0.56875,0.790836,1.05
0.397792,-0.56875,0.82311,1.09375
0.397342,-0.6125,0.808197,1.05
0.397342,-0.56875,0.838435,1.05
0.396892,-0.525,0.836691,1.26875
0.396442,-0.546875,0.848817,1.02812
0.162091,-0.48125,0.871205,1.05
0.394233,-0.503125,0.871556,1.09375
0.394233,-0.525,0.896706,1.09375
0.393783,-0.503125,0.922206,1.15938
0.393333,-0.459375,0.928749,1.09375
0.392883,-0.546875,0.942124,1.15938
0.392433,-0.546875,0.977945,1.11563
0.391983,-0.525,0.97751,1.1375
0.391533,-0.525,0.997486,1.26875
0.200794,-0.546875,1.01987,1.09375
0.389775,-0.371875,1.02909,1.18125
0.389325,-0.546875,1.06791,1.20312
0.388875,-0.4375,1.06128,1.20312
0.387117,-0.35,1.07175,1.26875
0.385358,-0.546875,1.09972,1.07187
0.384908,-0.48125,1.10873,1.29062
0.0778722,-0.56875,1.10443,1.33438
0.381392,-0.546875,1.08248,1.33438
0.380942,-0.459375,1.02599,1.46562
0.379183,-0.503125,0.997356,1.68437
0.377425,-0.48125,0.929383,1.42188
0.374358,-0.503125,0.842452,1.33438
0.342218,-0.678125,0.744533,1.35625
0.0933296,-0.48125,0.652369,1.15938
0.366467,-0.371875,0.547181,1.225
0.132116,-0.459375,0.473915,1.09375
0.36295,-0.35,0.411757,1.07187
0.243587,-0.415625,0.349394,0.91875
0.356817,-0.415625,0.284619,0.853125
0.118541,-0.546875,0.247841,0.7
0.23177,-0.371875,0.212431,0.678125
0.0384139,-0.371875,0.204,0.678125
0.0657296,-0.35,0.155071,0.6125
0.340175,-0.525,0.154695,0.459375
0.337108,-0.39375,0.137542,0.4375
0.101449,-0.415625,0.138184,0.371875
0.0547713,0.04375,0.15592,0.415625
0.0503963,-0.065625,0.171099,0.328125
0.324842,0,0.169355,0.2625
0.323083,-0.371875,0.183371,0.21875
0.322633,-0.39375,0.183722,0.2625
0.322183,-0.39375,0.207854,-0.196875
0.319117,-0.39375,0.241059,0.21875
0.318667,-0.459375,0.231174,0.21875
0.318217,-0.459375,0.269031,0.13125
0.317767,-0.39375,0.255426,0.30625
0.316867,-0.175,0.286973,0.196875
0.316417,-0.415625,0.27235,0.284375
0.315967,-0.4375,0.280637,0.175
0.315517,-0.415625,0.280407,0.240625
0.315067,-0.4375,0.256045,0.2625
0.314617,-0.065625,0.237002,0.196875
0.504456,-0.39375,0.226014,0.175
0.315883,-0.525,0.218079,0.328125
0.315883,-0.39375,0.15935,0.240625
0.316742,-0.48125,0.126266,0.459375
0.316292,-0.4375,0.0796624,0.35
0.622878,-0.415625,0.00101796,0.328125
0.318458,-0.56875,-0.0451496,0.371875
0.59552,-0.634375,-0.102801,0.284375
0.318867,-0.546875,-0.164088,0.175
0.318867,-0.48125,-0.222671,0.240625
0.318417,-0.13125,-0.268112,0
0.319275,-0.459375,-0.259329,-0.21875
0.320133,-0.459375,-0.271771,-0.021875
0.320133,-0.503125,-0.237694,-0.240625
0.320992,-0.503125,-0.229262,-0.284375
0.320542,-0.74375,-0.219462,-0.2625
0.320092,-0.4375,-0.209662,-0.2625
0.320092,-0.415625,-0.199862,-0.328125
0.554851,-0.525,-0.192097,-0.284375
0.512098,-0.74375,-0.183664,-0.240625
0.469345,-0.590625,-0.174882,-0.0875
0.323525,-0.459375,-0.165082,-0.0875
0.323525,-0.590625,-0.155282,-0.065625
0.323075,-0.415625,-0.145482,-0.196875
0.325242,-0.503125,-0.138067,-0.48125
0.632686,-0.6125,-0.130302,-0.4375
0.560859,-0.590625,-0.12152,-0.04375
0.329125,-0.6125,-0.112738,-0.284375
0.44628,-0.56875,-0.103955,0.021875
0.3326,-0.590625,-0.0961904,-0.0875
0.640044,-0.56875,-0.0887756,-0.240625
0.483612,-0.678125,-0.0820283,-0.240625
0.456705,-0.590625,-0.0742635,-0.04375
0.341267,-0.634375,-0.0654811,0.175
0.342125,-0.56875,-0.0566987,0.04375
0.344292,-0.153125,-0.0489339,-0.04375
0.419144,-0.30625,-0.0411691,-0.04375
0.581218,-0.590625,-0.0337543,-0.021875
0.467538,-0.65625,-0.0259894,-0.240625
0.584693,-0.56875,-0.017207,0.13125
0.35165,-0.678125,-0.00740704,-0.21875
0.657786,-0.6125,0.00137537,-0.021875
0.353367,-0.7,0.0101578,0.109375
0.352917,-0.65625,0.0199578,-0.284375
0.629979,-0.503125,0.0287402,-0.021875
0.386324,-0.7,0.0354874,0.021875
0.54709,-0.634375,0.0439198,0.240625
0.357658,-0.678125,0.0537198,0.13125
0.358517,-0.721875,0.0625022,-0.21875
0.358067,-0.721875,0.0723022,0
0.357617,-0.590625,0.0821022,0.0875
0.47608,-0.56875,0.089867,0
0.506012,-0.56875,0.0986494,0.2625
0.3615,-0.546875,0.107432,0.35
0.36105,-0.503125,0.117232,0.021875
0.3606,-0.525,0.127032,0.284375
0.36015,-0.74375,0.136832,0.065625
0.361008,-0.525,0.145614,0.284375
0.360558,-0.74375,0.155414,0.0875
0.361417,-0.48125,0.164197,0.196875
0.360967,-0.590625,0.172979,0.065625
0.360517,-0.590625,0.182779,0.0875
0.360067,-0.48125,0.192579,0.13125
0.359617,-0.809375,0.239158,0.153125
0.361333,-0.4375,0.209126,0.328125
0.360883,-0.415625,0.217909,0.109375
0.360433,-0.546875,0.264487,-0.0875
0.359983,-0.503125,0.234456,0.4375
0.359533,-0.678125,0.243238,0.415625
0.360392,-0.56875,0.305226,0.284375
0.359942,-0.525,0.258768,0.39375
0.359492,-0.546875,0.265515,0.175
0.359042,-0.415625,0.279095,0.2625
0.358142,-0.503125,0.280027,0.371875
0.357692,-0.459375,0.348848,0.35
0.357242,-0.503125,0.355595,0.2625
0.356792,-0.503125,0.331378,0.39375
0.473946,-0.525,0.363274,0.48125
0.3572,-0.56875,0.343855,0.39375
0.3563,-0.546875,0.368047,0.39375
0.35585,-0.525,0.373776,0.678125
0.3554,-0.56875,0.371801,0.39375
0.35495,-0.503125,0.418235,0.459375
0.632012,-0.56875,0.399687,0.503125
0.354908,-0.6125,0.419954,0.459375
0.354458,-0.56875,0.433388,0.678125
0.354008,-0.590625,0.414841,0.525
0.353558,-0.56875,0.443162,0.48125
0.353108,-0.546875,0.424615,0.590625
0.352208,-0.590625,0.462326,0.459375
0.351758,-0.546875,0.480558,0.459375
0.351308,-0.503125,0.48527,0.721875
0.350858,-0.503125,0.456983,0.56875
0.349958,-0.525,0.493676,0.721875
0.349508,-0.525,0.464372,0.459375
0.349058,-0.503125,0.500048,0.721875
0.348608,-0.459375,0.490223,0.590625
0.348158,-0.503125,0.516509,0.634375
0.347708,-0.48125,0.519186,0.48125
0.347258,-0.13125,0.521862,0.503125
0.347258,-0.415625,0.524539,0.634375
0.346808,-0.590625,0.504307,0.9625
0.346358,-0.525,0.530243,0.6125
0.345908,-0.525,0.547457,0.678125
0.345458,-0.546875,0.541616,0.7
0.345458,-0.415625,0.54909,0.765625
0.345008,-0.39375,0.559472,0.721875
0.344558,-0.503125,0.568836,0.896875
0.344108,-0.48125,0.578549,0.6125
0.343658,0.065625,0.601433,0.678125
0.343658,-0.4375,0.600039,0.765625
0.343208,-0.48125,0.6067,0.74375
0.342758,-0.525,0.614756,0.65625
0.342308,-0.503125,0.641274,0.721875
0.341858,-0.546875,0.628455,0.83125
0.341408,-0.415625,0.652937,0.809375
0.341408,-0.56875,0.674367,0.765625
0.340958,-0.525,0.679574,0.48125
0.340508,-0.021875,0.689229,0.809375
0.340058,-0.48125,0.707606,0.7875
0.339608,-0.525,0.738689,0.91875
0.339158,-0.503125,0.748925,0.721875
0.338708,-0.48125,0.756109,0.853125
0.338258,-0.48125,0.810161,0.809375
0.337808,-0.459375,0.805569,0.91875
0.337358,-0.503125,0.819439,0.940625
0.337358,-0.503125,0.824501,0.940625
0.336908,-0.503125,0.823544,1.02812
0.336458,-0.48125,0.790955,0.65625
0.336008,-0.503125,0.760778,1.02812
0.335558,-0.459375,0.72406,1.07187
0.335108,-0.21875,0.665304,1.09375
0.217054,-0.503125,0.606489,1.11563
0.3329,-0.590625,0.542877,1.00625
0.33245,-0.459375,0.497205,1.00625
0.332,-0.415625,0.363088,0.765625
0.330242,-0.459375,0.294593,0.896875
0.183113,-0.525,0.197836,0.83125
0.326725,-0.328125,0.135592,0.7
0.326275,-0.4375,0.0644207,0.678125
0.324517,-0.4375,-0.00355241,0.590625
0.322758,-0.459375,-0.0516959,0.525
0.043488,-0.459375,-0.0496006,0.415625
0.317933,-0.371875,-0.0849515,0.35
0.314867,-0.4375,-0.0741339,0.240625
0.314417,-0.415625,-0.0639839,0.240625
0.167288,-0.415625,-0.0531663,0.13125
0.281826,-0.39375,-0.0294969,0.13125
0.163771,-0.415625,-0.0362691,0.109375
0.308242,0.04375,-0.0136172,0.109375
0.307792,-0.371875,0.0396485,0.065625
0.306033,-0.4375,0.055468,0.065625
0.305583,-0.546875,0.0699198,-0.021875
0.305133,-0.415625,0.0895189,0.065625
0.304683,-0.525,0.0932133,0.065625
0.304233,-0.4375,0.10598,0.065625
0.303783,-0.4375,0.117379,0.109375
0.303333,-0.415625,0.129128,0.065625
0.302433,-0.415625,0.136602,0.13125
0.301983,-0.4375,0.137594,0.13125
0.301533,-0.371875,0.15568,0.13125
0.302392,-0.4375,0.155654,0.0875
0.301942,-0.503125,0.156296,0.175
0.491781,-0.459375,0.164992,0.284375
0.535801,-0.48125,0.155894,0.175
0.304067,-0.525,0.139441,0.240625
0.333999,-0.415625,0.166249,0.196875
0.304475,-0.503125,0.142092,0.175
0.581537,-0.503125,0.129214,0.0875
0.423796,-0.56875,0.107964,0.240625
0.307908,-0.525,0.112009,0.240625
0.307458,-0.525,0.123553,0.175
0.58452,-0.546875,0.105356,0.328125
0.543076,-0.590625,0.064567,0.2625
0.310892,-0.590625,0.0494226,0.065625
0.31175,-0.590625,0.0575374,0.065625
0.3113,-0.590625,0.0673374,0.175
0.502448,-0.415625,0.0754522,0.415625
0.591387,-0.590625,0.083217,0.04375
0.461412,-0.590625,0.0923494,0.065625
0.505431,-0.6125,0.101132,0.175
0.316,-0.590625,0.111282,0.021875
0.3151,-0.590625,0.121432,0.175
0.59302,-0.56875,0.129197,0.04375
0.318533,-0.634375,0.137311,0.153125
0.3207,-0.590625,0.145076,0.04375
0.553701,-0.546875,0.154209,0.04375
0.599029,-0.590625,0.162991,0.175
0.323233,-0.65625,0.172124,0.065625
0.322783,-0.65625,0.181924,0.196875
0.323192,-0.56875,0.191056,0.196875
0.601112,-0.546875,0.198821,0.175
0.39931,-0.634375,0.206936,0.240625
0.517773,-0.6125,0.21505,0.284375
0.518181,-0.634375,0.223833,0.2625
0.562201,-0.65625,0.232965,0.2625
0.328708,-0.65625,0.242765,0.2625
0.327808,-0.56875,0.252915,0.284375
0.517648,-0.56875,0.261698,0.30625
0.40176,-0.634375,0.27083,0.30625
0.330792,-0.634375,0.278945,0.30625
0.329892,-0.56875,0.288745,0.30625
0.328992,-0.56875,0.298895,0.30625
0.328092,-0.503125,0.309045,0.371875
0.327192,-0.525,0.317827,0.35
0.326742,-0.56875,0.327977,0.39375
0.604662,-0.546875,0.372521,0.35
0.327558,-0.56875,0.343857,0.371875
0.326658,-0.459375,0.352989,0.4375
0.325758,-0.546875,0.415995,0.459375
0.324858,-0.48125,0.41437,0.459375
0.323958,-0.48125,0.401987,0.459375
0.323058,-0.48125,0.464848,0.48125
0.322158,-0.4375,0.475724,0.415625
0.321708,-0.48125,0.486456,0.634375
0.320808,-0.48125,0.512392,0.503125
0.319908,-0.48125,0.544348,0.6125
0.319008,-0.459375,0.560749,0.634375
0.464787,-0.48125,0.570839,0.525
0.318517,-0.415625,0.607447,0.634375
0.317617,-0.48125,0.656556,0.6125
0.316717,-0.48125,0.648039,0.7875
0.315817,-0.48125,0.676506,0.634375
0.314917,-0.48125,0.712677,0.678125
0.314017,-0.39375,0.735851,0.634375
0.313117,-0.39375,0.75923,0.765625
0.312217,-0.48125,0.794093,0.721875
0.311317,-0.48125,0.785054,0.721875
0.310417,-0.503125,0.836721,0.896875
0.309517,-0.4375,0.846871,0.9625
0.308617,-0.48125,0.844228,0.853125
0.307717,-0.39375,0.85307,0.984375
0.306817,-0.2625,0.826818,0.984375
0.305917,-0.39375,0.805568,1.05
0.305017,-0.459375,0.715412,1.1375
0.304117,-0.39375,0.691546,1.35625
0.303217,-0.109375,0.63433,1.1375
0.302317,-0.48125,0.520334,1.18125
0.301417,-0.459375,0.468556,1.11563
0.300517,-0.459375,0.32127,0.6125
0.109327,-0.48125,0.274666,1.05
0.297408,-0.415625,0.155,0.83125
0.296058,-0.39375,0.0684791,0.7875
0.295158,-0.415625,0.00449019,0.546875
0.29295,-0.56875,-0.0467061,0.503125
0.290742,-0.415625,-0.0719404,0.503125
0.0559407,-0.35,-0.112234,0.35
0.286325,-0.30625,-0.0846394,0.503125
0.285425,-0.39375,-0.06097,0.21875
0.284525,-0.4375,-0.111876,0.240625
0.0497241,-0.30625,-0.102076,0.13125
0.27835,0.065625,-0.090908,-0.153125
0.27745,-0.415625,-0.0838107,-0.065625
0.27655,-0.39375,0.000768889,-0.0875
0.27565,-0.328125,0.020368,-0.0875
0.27475,-0.39375,0.032117,0
0.27385,-0.4375,0.0424985,-0.0875
0.2725,-0.371875,0.0900087,0.196875
0.2716,-0.4375,0.098705,-0.0875
0.2707,-0.4375,0.137348,0.04375
0.2698,-0.4375,0.133251,-0.04375
0.2689,-0.39375,0.152414,0.04375
0.268,-0.4375,0.178264,0
0.2671,-0.39375,0.194374,0.04375
0.26665,-0.4375,0.193912,0.065625
0.2662,-0.503125,0.212639,0.13125
0.411979,-0.0875,0.228313,0.109375
0.267467,-0.4375,0.234248,-0.153125
0.266567,-0.415625,0.23742,0.196875
0.266117,-0.35,0.213758,0.35
0.543179,-0.56875,0.206173,0.21875
0.267383,-0.56875,0.170386,0.284375
0.266933,-0.13125,0.140559,0.30625
0.266033,-0.30625,0.118582,0.284375
0.266892,-0.39375,0.0666587,0.284375
0.265992,-0.4375,0.0227309,0.30625
0.384455,0.04375,-0.026807,0.35
0.267258,-0.48125,-0.0608496,0.328125
0.266808,-0.459375,-0.116116,0.328125
0.296291,-0.4375,-0.162515,0.196875
0.266767,-0.56875,-0.228103,-0.065625
0.266317,-0.30625,-0.247027,-0.065625
0.265417,-0.415625,-0.236527,-0.0875
0.264967,-0.35,-0.226377,-0.175
0.264067,-0.415625,-0.216227,-0.2625
0.263167,-0.56875,-0.206077,-0.175
0.262717,-0.371875,-0.195927,-0.2625
0.261817,0,-0.185427,-0.153125
0.261367,-0.021875,-0.175277,-0.2625
0.260467,-0.4375,-0.165127,-0.175
0.260017,-0.371875,-0.154977,-0.153125
0.259117,-0.371875,-0.144477,-0.35
0.258667,-0.4375,-0.134327,-0.21875
0.257767,-0.48125,-0.124177,-0.328125
0.256867,-0.371875,-0.114027,-0.328125
0.256417,-0.525,-0.103527,-0.175
0.255517,-0.39375,-0.0933774,-0.21875
0.255067,-0.39375,-0.0832274,0.065625
0.254167,-0.48125,-0.0730774,-0.109375
0.253267,-0.39375,-0.0625774,-0.328125
0.252817,-0.371875,-0.0524274,-0.0875
0.558503,-0.328125,-0.043295,-0.175
0.252775,-0.546875,-0.033145,-0.21875
0.251875,-0.4375,0.0315781,-0.0875
0.250975,-0.4375,-0.0145302,0.196875
0.250525,-0.371875,-0.00438019,-0.0875
0.249625,-0.6125,0.0418809,0.153125
0.248725,-0.371875,0.013217,0.2625
0.248275,-0.2625,0.0213319,0.284375
0.247375,-0.30625,0.0318319,0.153125
0.246475,-0.546875,0.096205,-0.065625
0.246025,-0.48125,0.0511143,0
0.245125,-0.415625,0.0605967,-0.021875
0.244225,-0.415625,0.0707467,0.196875
0.243775,-0.371875,0.0808967,-0.13125
0.242875,-0.39375,0.0913967,0.109375
0.241975,-0.39375,0.101547,-0.109375
0.241075,-0.371875,0.111697,0.153125
0.240625,-0.328125,0.122197,-0.13125
0.313719,-0.459375,0.130311,-0.04375
0.240133,-0.328125,0.140461,0.240625
0.239233,-0.371875,0.150961,0.240625
0.238783,-0.328125,0.161111,0.328125
0.239192,-0.371875,0.169576,0.2625
0.238292,-0.39375,0.240782,0.240625
0.471293,-0.371875,0.188859,0.2625
0.239558,-0.39375,0.226398,0.240625
0.238658,-0.30625,0.244252,0.30625
0.237758,-0.371875,0.269144,0.328125
0.236858,-0.39375,0.283074,0.328125
0.469859,-0.371875,0.290171,0.328125
0.542953,-0.525,0.273341,0.240625
0.514737,-0.721875,0.318089,0.328125
0.237633,-0.525,0.316814,0.2625
0.236733,-0.678125,0.345136,0.39375
0.235833,-0.371875,0.326271,0.284375
0.234933,-0.4375,0.362297,0.39375
0.469243,-0.415625,0.363638,0.48125
0.2362,-0.48125,0.38411,0.30625
0.381979,-0.4375,0.386469,0.39375
0.236158,-0.634375,0.389496,0.4375
0.235708,-0.459375,0.39767,0.153125
0.234808,-0.459375,0.417474,0.459375
0.235667,-0.459375,0.418465,0.7
0.235217,-0.35,0.397565,0.48125
0.235625,-0.590625,0.413444,-0.021875
0.35278,-0.459375,0.400916,0.525
0.236033,-0.04375,0.402258,0.546875
0.235133,-0.284375,0.394877,0.525
0.234683,-0.4375,0.404591,0.48125
0.234233,-0.65625,0.399246,0.7
0.234642,-0.371875,0.3939,0.74375
0.234192,-0.39375,0.414372,0.6125
0.23505,-0.30625,0.416731,0.525
0.23415,-0.371875,0.393941,0.525
0.2337,-0.284375,0.397986,0.6125
0.2328,-0.546875,0.433344,0.525
0.23235,0.0875,0.413461,0.590625
0.2319,-0.415625,0.424543,0.56875
0.231,-0.371875,0.435274,0.56875
0.23055,-0.371875,0.437634,0.525
0.22965,-0.371875,0.463252,0.56875
0.2292,-0.284375,0.464594,0.56875
0.2283,-0.371875,0.465586,0.525
0.22785,-0.371875,0.489169,0.503125
0.22695,0.021875,0.50592,0.459375
0.2265,-0.371875,0.503191,0.546875
0.2256,-0.415625,0.537909,0.6125
0.22515,-0.371875,0.53518,0.590625
0.22425,-0.328125,0.556583,0.590625
0.2238,-0.284375,0.582783,0.6125
0.2229,-0.371875,0.558539,0.65625
0.22245,-0.371875,0.560112,0.721875
0.22155,-0.371875,0.561018,0.7
0.2211,-0.30625,0.576461,0.525
0.2202,-0.48125,0.579111,0.7
0.221058,-0.371875,0.563444,0.634375
0.220158,-0.328125,0.582171,0.809375
0.219708,-0.371875,0.578134,0.678125
0.218808,-0.371875,0.583691,0.7875
0.218358,-0.415625,0.579509,0.678125
0.217458,-0.30625,0.587828,0.721875
0.216558,-0.415625,0.587425,0.91875
0.216108,-0.371875,0.58019,0.721875
0.215208,-0.30625,0.594847,0.7
0.214758,-0.30625,0.575836,0.678125
0.213858,-0.371875,0.610032,0.65625
0.212958,-0.175,0.586951,0.765625
0.212508,-0.328125,0.644261,0.6125
0.211608,-0.30625,0.619145,0.6125
0.210708,-0.30625,0.616271,0.65625
0.210258,-0.328125,0.597842,0.83125
0.209358,0.0875,0.572436,0.83125
0.208908,0.021875,0.543917,0.721875
0.208008,-0.328125,0.480714,0.9625
0.207108,-0.371875,0.39934,0.875
0.206658,-0.328125,0.345296,0.875
0.205758,-0.30625,0.289507,0.853125
0.204858,-0.328125,0.214384,0.7875
0.203958,0.04375,0.134754,0.56875
0.203508,-0.240625,0.063992,0.721875
0.202608,-0.39375,0.0340791,0.56875
0.201708,0,-0.0914876,0.634375
0.201258,-0.56875,-0.141316,0.415625
0.200358,-0.328125,-0.166868,0.35
-0.0780537,-0.30625,-0.187332,0.328125
0.19725,0.13125,-0.160405,-0.04375
0.1968,0,-0.173164,0.35
0.1959,0.065625,-0.162664,-0.109375
-0.0402093,-0.328125,-0.150129,-0.153125
0.191483,0.153125,-0.139629,0.021875
0.191033,0,-0.129129,-0.21875
0.190133,-0.328125,-0.0539394,-0.153125
0.189233,0.153125,-0.031083,-0.175
0.188333,-0.240625,-0.0364283,-0.175
0.187433,-0.21875,-0.0174969,-0.153125
0.186983,-0.240625,0.0110291,0.284375
0.186083,-0.35,0.0366476,-0.196875
0.185183,-0.328125,0.0369717,0.109375
0.184283,-0.30625,0.0480531,0.065625
0.183833,-0.371875,0.0618967,0.065625
0.182933,-0.30625,0.070943,0.065625
0.182033,0,0.0615272,0
0.181133,-0.328125,0.0695559,0.109375
0.180233,-0.30625,0.0615078,0.065625
0.181092,-0.30625,0.0531096,0.175
0.180192,0,0.0399143,0.0875
0.179292,0.021875,0.0258467,-0.0875
0.178392,-0.328125,0.0282059,0.065625
0.177492,0.021875,0.000618889,0.109375
0.32372,-0.30625,0.00399574,-0.04375
0.17745,-0.39375,-0.0360931,-0.175
0.17655,-0.328125,-0.0195737,-0.21875
0.17565,-0.328125,-0.0198311,0.2625
0.17475,-0.30625,-0.0190709,0.196875
0.175158,-0.415625,-0.0484024,-0.021875
0.407301,0.04375,-0.0379024,0.0875
0.173808,-0.39375,-0.0274024,0.13125
0.172908,-0.30625,-0.0165524,0.021875
0.172008,0.04375,-0.00605241,-0.175
0.172417,0.0875,0.00343,0.021875
0.172825,-0.04375,0.0129124,0.196875
0.171925,0.0875,0.0234124,0.13125
0.289938,-0.459375,0.0322272,0.240625
0.172742,-0.328125,0.0427272,-0.153125
0.17315,-0.371875,0.0522096,0.175
0.173558,-0.30625,0.061692,0.21875
0.319787,-0.021875,0.0711744,0
0.176133,-0.39375,0.0799893,0.04375
0.409134,-0.109375,0.0894717,0.196875
0.207332,-0.4375,0.0979365,-0.021875
0.367648,-0.459375,0.107419,-0.021875
0.484353,-0.4375,0.117251,0
0.487378,-0.459375,0.124699,0.196875
0.1812,-0.525,0.135199,0.021875
0.181608,-0.415625,0.144681,0.196875
0.370998,-0.415625,0.154513,0.065625
0.461245,-0.4375,0.161961,0.240625
0.418043,-0.503125,0.171443,0.021875
0.214932,-0.503125,0.181275,0.371875
0.184958,-0.503125,0.191775,0.2625
0.185367,-0.4375,0.201258,0.2625
0.187083,-0.415625,0.209723,0.30625
0.33417,-0.371875,0.218537,0.4375
0.465412,-0.328125,0.22802,0.35
0.305463,-0.415625,0.237502,0.284375
0.188267,-0.415625,0.248352,0.30625
0.187367,-0.328125,0.258852,0.240625
0.186467,-0.415625,0.269352,0.35
0.186875,-0.371875,0.279185,0.35
0.187283,-0.021875,0.288667,0.371875
0.186383,-0.35,0.299167,0.371875
0.462995,-0.35,0.331241,0.4375
0.1872,-0.415625,0.316447,0.371875
0.418893,-0.39375,0.325261,0.415625
0.1854,-0.415625,0.381262,0.328125
0.18405,-0.415625,0.343209,0.35
0.18315,-0.065625,0.351006,0.4375
0.416151,-0.13125,0.418491,0.371875
0.461479,-0.39375,0.431958,0.4375
0.184375,-0.459375,0.44711,0.415625
0.183475,-0.371875,0.452522,0.48125
0.182125,-0.39375,0.471803,0.4375
0.182533,-0.39375,0.490589,0.525
0.181633,-0.39375,0.517575,0.48125
0.298338,-0.39375,0.517899,0.590625
0.181142,-0.371875,0.541483,0.546875
0.179792,-0.0875,0.566288,0.546875
0.178892,-0.328125,0.586819,0.56875
0.177992,-0.284375,0.615404,0.590625
0.410993,-0.35,0.623142,0.65625
0.1775,-0.39375,0.647657,0.415625
0.1766,-0.35,0.665339,0.65625
0.1757,-0.35,0.692266,0.65625
0.1748,-0.2625,0.72812,0.721875
0.1739,-0.065625,0.743126,0.765625
0.173,-0.35,0.797878,0.765625
0.1721,-0.35,0.774798,0.83125
0.1712,-0.30625,0.812977,0.896875
0.1703,-0.30625,0.856826,0.853125
0.170708,-0.328125,0.864274,0.9625
0.169808,-0.328125,0.863349,0.984375
0.168908,-0.30625,0.829074,1.09375
0.168008,0,0.796168,1.09375
0.167108,-0.021875,0.732298,1.18125
0.166208,-0.04375,0.679561,1.18125
0.164858,-0.328125,0.588798,1.11563
0.163958,0,0.532718,1.11563
0.163058,-0.328125,0.449077,1.05
0.162158,-0.30625,0.338543,0.9625
0.161258,-0.065625,0.262693,0.896875
0.160358,0.021875,0.209725,0.7875
0.159458,-0.328125,0.120124,0.7
0.158558,0.021875,0.0487809,0.65625
0.1559,-0.04375,0.00511704,0.546875
0.155,-0.021875,-0.0423265,0.459375
0.1541,-0.30625,-0.0174348,0.459375
0.1532,-0.30625,-0.0395839,0.35
0.1523,0.065625,-0.0530107,0.21875
0.1514,-0.30625,-0.0431783,0.153125
-0.156536,0.021875,-0.00360426,0.109375
0.147842,0.021875,0.022655,0.0875
0.146942,0.021875,0.0460069,0.065625
0.146042,-0.021875,0.0291772,0.04375
0.144692,0.13125,0.0669207,0.04375
0.143792,0.021875,0.0891096,0.153125
0.142892,0.065625,0.108391,0.0875
0.141992,0.021875,0.118455,0.065625
0.139333,-0.04375,0.165648,-0.021875
0.138433,0.175,0.190453,0.109375
0.137533,-0.30625,0.224853,0.109375
0.136633,0.04375,0.251053,0.21875
0.135283,-0.30625,0.285308,0.0875
0.134383,-0.021875,0.324214,0.196875
0.133483,-0.56875,0.327214,0.175
0.132583,-0.021875,0.354346,0.30625
0.131233,0.0875,0.378074,0.196875
0.130333,0.04375,0.383691,0.35
0.129433,-0.021875,0.410532,0.240625
0.128083,-0.021875,0.386784,0.30625
0.127183,-0.328125,0.367106,0.415625
0.126283,-0.35,0.345043,0.284375
0.124933,0.0875,0.324348,0.4375
0.124033,-0.30625,0.303652,0.2625
0.122683,0.109375,0.282957,0.39375
0.121783,-0.021875,0.263279,0.459375
0.120883,0.021875,0.205805,0.35
0.119533,0.065625,0.149494,0.35
0.118633,0.0875,0.0918152,0.328125
0.117733,-0.30625,0.0570189,0.4375
0.116383,-0.021875,-0.00568852,0.35
0.115483,-0.328125,-0.0682506,0.459375
0.114133,0.175,-0.132557,0.30625
0.113233,0.109375,-0.216052,0.21875
0.111883,-0.2625,-0.279923,0.21875
0.110983,-0.21875,-0.298147,0.065625
0.110083,-0.284375,-0.285262,-0.196875
0.108733,-0.2625,-0.327967,-0.175
0.107833,-0.371875,-0.298655,-0.284375
0.106483,-0.35,-0.254806,-0.328125
0.105583,0.109375,-0.238141,-0.284375
0.104233,0.153125,-0.227291,-0.284375
0.103333,-0.30625,-0.216441,-0.525
0.102433,-0.021875,-0.205591,-0.371875
0.101533,0.109375,-0.194391,-0.240625
0.100633,-0.30625,-0.183541,-0.525
0.100183,0,-0.172691,-0.240625
0.0992833,-0.48125,-0.161841,-0.284375
0.0983833,0.04375,-0.150991,-0.35
0.0974833,-0.371875,-0.139791,-0.284375
0.0978917,0.13125,-0.130976,-0.04375
0.0974417,0.0875,-0.121144,-0.196875
0.0965417,-0.503125,-0.109944,0
0.0956417,0.175,-0.0710376,-0.21875
0.0947417,-0.021875,-0.0902793,-0.065625
0.0938417,-0.04375,-0.0794293,-0.240625
0.0929417,0.175,-0.0081913,0.021875
0.282781,0.021875,-0.045895,0.065625
0.0929,-0.04375,-0.0505996,-0.196875
0.092,-0.021875,-0.0404172,-0.30625
0.0911,-0.30625,-0.0305848,-0.04375
0.0902,-0.30625,-0.0197348,0.109375
0.0893,0.109375,0.0369661,-0.240625
0.0884,0.175,0.00129759,0.196875
0.0875,-0.30625,0.0121476,0.04375
0.0866,0.04375,0.0601263,0
0.08615,-0.30625,0.03318,-0.021875
0.08525,-0.021875,0.04403,0
0.08435,0.021875,0.05523,0
0.08345,-0.2625,0.06608,0
0.112932,0.065625,0.0759124,0
0.0829583,-0.175,0.0871124,0.109375
0.0820583,-0.30625,0.0979624,0.109375
0.0811583,-0.30625,0.109162,0.021875
0.110641,0.065625,0.118995,0
0.0806667,0.04375,0.129845,0.0875
0.081075,0.065625,0.140027,0.0875
0.0814833,-0.30625,0.14986,0.0875
0.109657,-0.021875,0.16106,0.175
0.0809917,0.021875,0.170892,0.284375
0.0814,-0.109375,0.181074,0.13125
0.0805,-0.328125,0.190907,0.503125
0.314809,-0.240625,0.199722,0.196875
0.198921,-0.35,0.209904,0.196875
0.0830333,-0.13125,0.240961,0.284375
0.0821333,-0.35,0.228901,0.21875
0.315134,-0.30625,0.284235,0.175
0.155185,-0.415625,0.284677,0.2625
0.0829083,-0.56875,0.293492,0.175
0.112391,-0.35,0.263843,0.2625
0.083725,-0.459375,0.326881,0.590625
0.0841333,-0.328125,0.340843,-0.065625
0.0845417,-0.30625,0.325381,0.371875
0.0862583,0.021875,0.340215,0.328125
0.0853583,-0.284375,0.357752,0.371875
0.087075,-0.39375,0.337698,0.371875
0.085725,-0.021875,0.32994,0.4375
0.275115,0.21875,0.351607,0.4375
0.159227,-0.328125,0.376181,0.415625
0.08695,0.109375,0.342257,0.39375
0.08605,-0.30625,0.398812,0.39375
0.0864583,-0.284375,0.379425,0.4375
0.275398,-0.328125,0.403999,0.48125
0.086825,-0.35,0.434038,0.459375
0.085925,-0.284375,0.442186,0.590625
0.0863333,0.196875,0.424021,0.109375
0.0854333,-0.065625,0.44432,0.459375
0.275681,0.153125,0.474563,0.546875
0.319701,-0.39375,0.453141,0.48125
0.0862083,-0.525,0.498939,0.415625
0.0853083,-0.065625,0.494294,0.503125
0.0844083,-0.04375,0.515815,0.678125
0.273798,0.0875,0.518524,0.6125
0.0839167,-0.0875,0.530306,0.56875
0.084325,-0.04375,0.555607,0.546875
0.082975,-0.021875,0.541889,0.721875
0.082075,-0.30625,0.561375,0.6125
0.081175,-0.2625,0.563417,0.7
0.0815833,-0.30625,0.572146,0.6125
0.0806833,-0.04375,0.596079,0.765625
0.0797833,-0.35,0.579659,0.7
0.0784333,-0.04375,0.596092,0.678125
0.0775333,-0.328125,0.587376,0.74375
0.0766333,-0.30625,0.60346,0.809375
0.0770417,-0.30625,0.632395,0.809375
0.0761417,-0.35,0.636181,0.74375
0.0747917,0.13125,0.633135,0.853125
0.0738917,-0.04375,0.6482,0.853125
0.0729917,0.13125,0.657656,0.853125
0.0720917,-0.021875,0.670019,0.809375
0.0707417,-0.328125,0.672642,0.896875
0.0698417,-0.328125,0.703322,0.853125
0.0689417,-0.021875,0.69382,0.83125
0.0680417,0.109375,0.713597,0.809375
0.0666917,0,0.724506,0.765625
0.0657917,-0.04375,0.748062,0.7875
0.0648917,-0.04375,0.754901,0.809375
0.0635417,-0.04375,0.767555,0.765625
0.0626417,-0.30625,0.823674,0.809375
0.0617417,0.21875,0.849061,0.896875
0.0603917,0.109375,0.870728,0.9625
0.0594917,0.109375,0.893267,0.9625
0.0585917,0.04375,0.901124,1.02812
0.0572417,-0.30625,0.875545,1.09375
0.0563417,-0.021875,0.851274,1.09375
0.0554417,0.065625,0.805489,1.20312
0.0540917,-0.30625,0.741533,1.20312
0.0531917,0.04375,0.675977,1.20312
0.0522917,0.021875,0.583905,1.35625
0.0509417,0.04375,0.485641,1.1375
0.0500417,-0.065625,0.382871,1.1375
0.0486917,-0.35,0.270651,0.940625
0.0477917,0.065625,0.172242,0.853125
0.0464417,-0.240625,0.109885,0.765625
0.0455417,-0.065625,0.0206337,0.83125
0.0446417,-0.48125,-0.0354728,0.525
0.0432917,-0.04375,-0.0856191,0.48125
0.0423917,-0.2625,-0.125008,0.284375
0.0397333,0.04375,-0.124565,0.30625
0.0388333,-0.04375,-0.107696,0.153125
0.0374833,-0.30625,-0.106236,0.153125
0.0365833,0.153125,-0.115533,0.0875
0.0352333,0.153125,-0.121923,0.021875
0.0343333,-0.30625,-0.0498126,0
0.031675,-0.04375,-0.0736469,-0.021875
0.030775,-0.04375,-0.0278487,0.196875
0.029425,-0.109375,0.00820963,0
0.028525,0.153125,0.0258059,-0.109375
-0.163115,-0.04375,0.0511069,0
0.0249667,0.153125,0.0820772,0
0.0236167,0.175,0.097493,0
0.0214083,0.196875,0.140298,0
0.0200583,0.109375,0.172867,0
0.01785,0.13125,0.183195,0.04375
0.0165,-0.021875,0.205007,0.0875
0.0156,-0.021875,0.216061,0.284375
-0.0597435,-0.04375,0.235838,0.0875
0.0120417,-0.021875,0.24384,0.175
0.0111417,0.153125,0.255826,0.30625
0.00979167,0.153125,0.255978,0
0.00889167,0.109375,0.23665,0.2625
0.00754167,-0.021875,0.254101,0.109375
0.00664167,0,0.233088,0.284375
0.00574167,-0.04375,0.243707,0.153125
0.00439167,0.153125,0.19138,0.30625
0.00349167,0.109375,0.172052,0.153125
0.00214167,0,0.139555,0.284375
0.00124167,0.109375,0.0670217,0.175
-0.000108333,0.109375,0.0255976,0.13125
-0.00100833,0.065625,-0.00114407,0.196875
-0.00235833,-0.109375,-0.0662043,0.240625
-0.00325833,-0.30625,-0.136266,0.21875
-0.00460833,0.04375,-0.195426,0.153125
-0.00550833,-0.021875,-0.258014,0.153125
-0.00685833,-0.04375,-0.352644,0.175
-0.00775833,0.065625,-0.396685,-0.13125
-0.00910833,-0.065625,-0.385485,-0.30625
-0.0100083,-0.021875,-0.43092,-0.240625
-0.0113583,0.175,-0.362444,-0.328125
-0.0122583,-0.021875,-0.39058,-0.56875
-0.0136083,0.240625,-0.332862,-0.415625
-0.0149583,0.065625,-0.320644,0
-0.0158583,0.153125,-0.309094,-0.39375
-0.0172083,0.240625,-0.297894,-0.415625
-0.0181083,0.196875,-0.286694,-0.39375
-0.0194583,0.196875,-0.275144,-0.371875
-0.0208083,-0.021875,-0.263944,-0.371875
-0.0217083,-0.021875,-0.252394,-0.371875
-0.0230583,-0.021875,-0.241194,-0.459375
-0.0239583,0.021875,-0.229994,-0.371875
-0.0253083,0.065625,-0.218444,-0.371875
0.163631,0.153125,-0.208262,-0.371875
-0.02625,-0.04375,-0.196712,-0.35
-0.0276,0.021875,-0.186529,-0.284375
-0.02895,0.240625,-0.175329,0.0875
-0.02985,0.240625,-0.163779,-0.0875
-0.0312,0.109375,-0.153597,-0.328125
-0.03255,0.04375,-0.142047,-0.021875
0.200451,-0.021875,-0.131864,-0.153125
-0.0334917,0,-0.0602765,-0.284375
-0.0348417,0.065625,-0.110132,-0.0875
-0.0361917,0.021875,-0.098582,0.021875
-0.0370917,0.175,-0.0593256,-0.0875
-0.0384417,-0.04375,-0.0768496,-0.2625
-0.0397917,0.109375,-0.0666672,-0.04375
-0.0406917,0.109375,-0.0551172,-0.065625
-0.0420417,0.0875,-0.0439172,0.065625
-0.0433917,0.109375,-0.0323672,0.109375
-0.0447417,0.240625,-0.0211672,0.196875
-0.0460917,0.21875,-0.00961722,0.0875
-0.0469917,0.240625,0.00193278,0.04375
-0.0483417,0.240625,0.0131328,-0.21875
-0.0193093,0.196875,0.0236652,0
-0.0497333,0.021875,0.0348652,0.065625
-0.0506333,0.04375,0.0464152,0
-0.0519833,-0.021875,0.0579652,-0.021875
-0.0528833,0.153125,0.0695152,0
-0.0537833,0.109375,0.0807152,-0.021875
-0.0551333,-0.021875,0.0922652,0.0875
-0.054725,0.21875,0.102798,0.021875
-0.056075,0.153125,0.114348,0.153125
-0.056975,0.21875,0.125898,0
-0.058325,-0.04375,0.137098,0.240625
0.131065,0.13125,0.146612,0.153125
-0.0588167,-0.109375,0.158162,0.04375
-0.0601667,0.2625,0.191954,0.4375
-0.0610667,0.196875,0.179227,0.109375
-0.0624167,0.153125,0.18976,0.196875
-0.0329343,-0.04375,0.197907,0.175
-0.0633583,0.021875,0.214254,0.196875
-0.0642583,0.065625,0.217954,0.240625
-0.0656083,0,0.28271,0.328125
-0.0652,0.021875,0.291207,0.240625
-0.06655,0.153125,0.290982,0.4375
-0.06745,0.240625,0.332478,0.284375
-0.0674917,-0.065625,0.331236,0.109375
-0.0683917,0.065625,0.331011,0.459375
-0.0697417,0.109375,0.347212,0.328125
-0.0710917,-0.021875,0.362397,0.328125
0.161909,0.153125,0.346617,0.13125
-0.0720333,-0.30625,0.374971,0.546875
-0.0729333,0.109375,0.365006,0.415625
-0.0742833,0.065625,0.38019,0.371875
0.0710454,0.0875,0.395374,0.240625
-0.075225,-0.04375,0.392097,0.415625
-0.076575,0.284375,0.414986,0.284375
-0.077475,0.153125,0.421448,0.39375
-0.078825,0.153125,0.432707,0.459375
-0.00487315,0.284375,0.430301,0.590625
-0.0784583,-0.240625,0.467727,0.459375
-0.0798083,0.153125,0.45471,0.371875
-0.0811583,0.065625,0.482396,0.175
-0.0820583,0.284375,0.48034,0.48125
-0.0834083,0,0.507009,0.634375
-0.0847583,0.153125,0.491956,0.6125
-0.0856583,-0.021875,0.502052,0.634375
-0.0870083,0.48125,0.505461,0.590625
-0.0883583,0.328125,0.507853,0.48125
-0.0892583,-0.21875,0.509227,0.65625
-0.0906083,0.109375,0.528046,0.546875
-0.0919583,0.021875,0.527385,0.65625
-0.0933083,0.13125,0.534574,0.896875
-0.0942083,0.109375,0.529115,0.678125
-0.0955583,0,0.521767,0.678125
-0.0969083,0.328125,0.537011,0.678125
-0.0982583,0,0.569349,0.678125
-0.0991583,-0.13125,0.569705,0.678125
-0.100508,0,0.563229,0.721875
-0.101858,0.109375,0.599347,0.6125
-0.103208,0,0.614095,0.7875
-0.104558,0.240625,0.611399,0.721875
-0.105458,0,0.621554,0.7875
-0.106808,0.328125,0.640954,0.634375
-0.108158,-0.065625,0.648724,0.765625
-0.109058,0.109375,0.680976,0.721875
-0.109958,0.153125,0.702121,0.7875
-0.110858,0.109375,0.712858,0.74375
-0.111308,0.021875,0.746709,0.7
-0.112208,0.04375,0.773582,0.74375
-0.113108,0.04375,0.774811,0.765625
-0.113558,0,0.812005,0.7875
-0.114458,0.0875,0.848182,0.853125
-0.115358,0,0.859064,0.91875
-0.115808,0.04375,0.892188,0.896875
-0.116708,0,0.884173,0.940625
-0.117608,0.109375,0.876824,1.00625
-0.118058,0.13125,0.815603,1.09375
-0.118958,0.109375,0.81442,1.1375
-0.119858,0,0.762938,1.20312
-0.0467648,0.284375,0.678603,1.15938
-0.1199,0,0.609968,1.1375
-0.1208,0.04375,0.498739,1.1375
-0.1217,0.196875,0.370211,1.07187
-0.121292,0.284375,0.285586,0.91875
-0.122192,0.021875,0.23201,0.853125
-0.122642,0.21875,0.141133,0.7875
0.110359,0.065625,0.0377541,0.6125
-0.123133,0.065625,-0.0111107,0.525
-0.124033,0.109375,-0.0588126,0.371875
-0.124933,0.196875,-0.101572,0.415625
-0.125383,0.284375,-0.0978126,0.328125
-0.126283,0.04375,-0.115277,0.2625
-0.127183,0.021875,-0.103668,0.175
-0.128083,0.196875,-0.0988913,0
-0.128983,0.13125,-0.0853922,0.13125
-0.129883,0.065625,-0.0806154,-0.065625
-0.130783,0.240625,-0.0671163,-0.13125
-0.131683,0.328125,-0.0334107,0.021875
-0.132583,0.065625,-0.0306691,0.04375
-0.133033,0.065625,-0.014408,0.021875
-0.133933,0.065625,0.0114476,-0.21875
-0.208827,0.065625,0.0343957,0
-0.137042,0.240625,0.0630133,0
-0.137942,0.240625,0.0842763,-0.04375
-0.14015,0.284375,0.117546,-0.04375
-0.14105,0.065625,0.142093,-0.13125
-0.419462,0.21875,0.171292,0.0875
-0.144158,0.328125,0.189734,-0.04375
-0.145058,0.415625,0.211955,0.04375
-0.145958,0.196875,0.207719,-0.328125
-0.146858,0.021875,0.234592,0.021875
-0.294437,0.240625,0.215964,0.196875
-0.149967,0.415625,0.215131,0.065625
-0.150867,0.240625,0.176006,0.04375
-0.151767,0.415625,0.150546,-0.153125
-0.152667,0.153125,0.0804569,0.13125
-0.153567,0.328125,0.0897402,0.153125
-0.154917,0.13125,0.0492207,0.065625
-0.155817,0.021875,-0.0236302,0.153125
-0.156717,0.0875,-0.0428394,0.284375
-0.157617,0.109375,-0.131681,0.196875
-0.158517,0.21875,-0.199008,0.284375
-0.159417,0.240625,-0.236765,0.153125
-0.160317,0.2625,-0.306709,0.04375
-0.161217,0.2625,-0.380287,-0.065625
-0.162567,0.2625,-0.407201,-0.021875
-0.163467,0.0875,-0.41821,-0.240625
-0.164367,0.196875,-0.405292,-0.30625
-0.165267,0.109375,-0.421449,-0.415625
-0.166167,0.284375,-0.380475,-0.4375
-0.167067,0.4375,-0.368225,-0.4375
-0.168417,0.13125,-0.356325,-0.415625
-0.169317,0.175,-0.344425,-0.04375
-0.170217,0.065625,-0.332175,-0.371875
-0.171117,0.21875,-0.320275,-0.39375
-0.172467,0.240625,-0.308375,-0.4375
-0.173367,0.196875,-0.296125,-0.4375
-0.174267,0.21875,-0.284225,-0.415625
-0.175167,0.328125,-0.272325,-0.459375
-0.176517,0.240625,-0.260075,-0.4375
-0.177417,0.240625,-0.248175,-0.415625
-0.178317,0.35,-0.235925,-0.4375
-0.179667,0.2625,-0.224025,-0.371875
-0.179258,0.371875,-0.213142,-0.371875
-0.180158,0.2625,-0.200892,-0.371875
-0.181508,0.240625,-0.188992,-0.30625
-0.1811,0.196875,-0.17776,-0.21875
-0.182,0.284375,-0.16586,-0.13125
-0.18335,0.13125,-0.15396,-0.153125
-0.18425,0.196875,-0.14171,-0.196875
-0.183842,0.13125,-0.130827,-0.0875
-0.185192,0.328125,-0.119595,-0.153125
0.00419815,0.13125,-0.108713,-0.13125
-0.185683,0.065625,-0.0964626,-0.2625
-0.187033,0.328125,-0.0845626,-0.109375
-0.187933,0.0875,-0.0723126,-0.0875
-0.187975,0.2625,-0.0614302,-0.13125
-0.188875,0.0875,-0.0491802,-0.284375
0.116361,0.21875,-0.0382978,-0.240625
-0.188508,0.284375,-0.0270654,0.021875
-0.189408,0.284375,-0.0151654,-0.04375
-0.190758,0.196875,-0.00291537,-0.21875
-0.191658,0.328125,0.00933463,0.0875
-0.190392,0.175,0.0191994,-0.065625
-0.189983,0.21875,0.0304319,0.153125
-0.191333,0.371875,0.0423319,-0.04375
0.114353,0.0875,0.0535643,0.21875
-0.044288,0.196875,0.0637791,0.13125
-0.18925,0.153125,0.0746615,0.021875
-0.1906,0.196875,0.0869115,-0.021875
-0.190642,0.109375,0.0977939,-0.021875
-0.00125185,0.13125,0.109026,-0.021875
-0.0726704,0.0875,0.119241,-0.021875
-0.072262,0,0.130124,0.04375
-0.0723037,0.30625,0.141356,0.04375
-0.1895,0,0.153606,0.0875
-0.189542,0.04375,0.164488,0.065625
-0.189133,0.065625,0.175721,0.0875
-0.115181,0.196875,0.185936,0.065625
-0.113915,0.284375,0.19615,0.13125
0.090012,0.21875,0.207033,0.175
0.119044,-0.021875,0.217248,0.284375
-0.187133,-0.065625,0.229498,0.240625
-0.188483,0.30625,0.241748,0.196875
-0.188525,0,0.274872,0.240625
-0.188117,0.065625,0.262845,0.240625
0.117119,0.065625,0.27306,0.30625
-0.0428296,0.153125,0.282257,0.30625
-0.0424213,0.2625,0.292122,0.284375
-0.189142,0.284375,0.357577,0.371875
-0.190492,0.065625,0.358052,0.35
-0.191392,0.240625,0.359545,0.284375
0.0860787,0.196875,0.384151,0.021875
-0.190167,0.39375,0.423295,0.503125
-0.189758,0.35,0.371959,0.503125
-0.1898,0.284375,0.427529,0.0875
-0.19115,0.04375,0.434691,0.39375
-0.1925,0.30625,0.440836,0.525
-0.192092,0.04375,0.469222,0.546875
-0.00315185,0.35,0.457776,0.503125
-0.192175,0.35,0.485145,0.678125
-0.0468463,0.04375,0.489254,0.546875
-0.193117,-0.021875,0.503103,0.525
-0.194467,0.065625,0.512677,0.721875
-0.195817,0.35,0.525509,0.7
-0.050488,0.175,0.527583,0.634375
-0.00561019,0.2625,0.528639,0.7875
-0.194633,-0.021875,0.548158,0.590625
-0.195533,0.21875,0.549214,0.7
-0.196883,0.04375,0.550271,0.721875
-0.198233,0.328125,0.566882,0.634375
-0.198275,0.0875,0.58233,0.721875
-0.0820204,0.240625,0.587166,0.634375
-0.198358,0.04375,0.587205,0.7875
-0.199708,0.04375,0.612393,0.74375
-0.200608,0.2625,0.633656,0.7
-0.201958,0.240625,0.643144,0.7
-0.202,0.240625,0.63606,0.765625
-0.202042,0.04375,0.655142,0.6125
-0.203392,0.0875,0.693909,0.809375
-0.174359,0.2625,0.715753,0.83125
-0.204783,0.065625,0.72684,0.853125
-0.206133,0.30625,0.770781,0.875
-0.0608046,0.240625,0.790299,0.765625
-0.207525,0.04375,0.801968,0.74375
-0.207567,0.065625,0.851287,0.809375
-0.208917,0.30625,0.865573,0.853125
-0.210267,0.30625,0.900064,0.940625
-0.210308,0.109375,0.894784,0.9625
-0.211658,0.240625,0.905725,1.00625
-0.210392,0.284375,0.933094,0.984375
-0.211742,0.39375,0.905222,1.05
-0.095487,0.240625,0.887816,1.1375
0.0212176,0.240625,0.811886,1.225
-0.212275,0.284375,0.777676,1.225
0.064337,0.2625,0.706688,1.42188
-0.212767,0.284375,0.638112,1.18125
0.0202343,0.04375,0.570323,1.18125
0.0933278,0.328125,0.423015,1.11563
-0.0952454,0.153125,0.322662,1.02812
0.0650704,0.284375,0.220565,0.984375
-0.210725,0.065625,0.163242,0.546875
-0.211625,0.021875,0.0855078,0.74375
-0.211217,-0.04375,0.0178633,0.74375
0.0226426,0.240625,-0.0380061,0.525
-0.180468,-0.04375,-0.0839904,0.4375
-0.209133,-0.13125,-0.0940681,0.415625
-0.210033,0.04375,-0.114758,0.48125
-0.210933,0.240625,-0.107246,0.39375
-0.0942287,0.35,-0.0930469,0.175
-0.211875,0.240625,-0.0788478,0
-0.212775,-0.109375,-0.0743885,-0.065625
-0.213675,0.021875,-0.0564098,-0.0875
-0.214575,0.2625,-0.0281691,0
-0.215475,0.240625,-0.0122256,-0.175
-0.216825,0.415625,-0.00311444,-0.196875
-0.217725,0.503125,0.0339078,-0.04375
-0.218625,0.0875,0.0447633,-0.04375
-0.219525,0.284375,0.101992,0
-0.222183,0.04375,0.111685,-0.109375
-0.223083,0.0875,0.127192,-0.04375
-0.225292,0.39375,0.167558,-0.13125
-0.300185,0.13125,0.199406,0.109375
-0.22885,-0.109375,0.234684,0
-0.260132,0.30625,0.267926,0
-0.231958,0.284375,0.258285,0.109375
-0.233308,0.415625,0.262308,-0.04375
-0.235517,0.0875,0.262406,0.065625
-0.236417,0.35,0.219911,0.153125
-0.237767,0.415625,0.212304,0.065625
-0.238667,0.30625,0.167774,0.30625
-0.240017,0.284375,0.101874,0.240625
-0.240917,-0.13125,0.0217272,0.371875
-0.241817,0.35,0.00211426,0.546875
-0.243167,0.0875,-0.0818117,0.30625
-0.244067,0.459375,-0.148875,0.153125
-0.245417,0.30625,-0.222625,0.196875
-0.480218,0.415625,-0.25727,0.0875
-0.248525,0.6125,-0.335031,0.240625
-0.249875,0.328125,-0.372293,-0.13125
-0.250775,0.48125,-0.447206,-0.13125
-0.252125,0.525,-0.443474,-0.284375
-0.253025,0.328125,-0.463873,-0.240625
-0.254375,0.35,-0.506164,-0.35
-0.255275,0.35,-0.493564,-0.371875
-0.256625,0.4375,-0.526464,-0.56875
-0.257525,0.39375,-0.503107,-0.503125
-0.258875,0.459375,-0.452361,-0.503125
-0.259775,0.35,-0.439761,-0.48125
-0.261125,0.4375,-0.426143,-0.546875
-0.262475,0.35,-0.413193,-0.546875
-0.263375,0.35,-0.400593,-0.4375
-0.264725,0.328125,-0.387993,-0.503125
-0.265625,0.284375,-0.375043,-0.546875
-0.266975,0.525,-0.362443,-0.590625
-0.268325,0.328125,-0.349843,-0.503125
-0.269225,0.415625,-0.336893,-0.48125
-0.270575,0.328125,-0.324293,-0.503125
-0.271925,0.39375,-0.311693,-0.4375
-0.272825,0.415625,-0.298743,-0.459375
-0.274175,0.39375,-0.286143,-0.4375
-0.275525,0.371875,-0.274561,-0.459375
-0.276875,0.459375,-0.261611,-0.503125
-0.277775,0.371875,-0.249011,-0.371875
-0.279125,0.30625,-0.236061,-0.415625
-0.135105,0.35,-0.223461,-0.328125
-0.281825,0.109375,-0.210511,-0.328125
-0.283175,0.35,-0.197911,-0.371875
-0.284075,0.30625,-0.185311,-0.328125
-0.285425,0.328125,-0.172361,-0.240625
-0.286775,0.39375,-0.159761,-0.328125
-0.288125,0.546875,-0.146811,-0.328125
-0.289475,0.35,-0.134211,-0.284375
-0.289517,0.35,-0.122278,-0.240625
-0.290417,0.546875,-0.109678,-0.240625
-0.291767,0.39375,-0.0967283,-0.196875
-0.2905,0.4375,-0.0861635,-0.196875
-0.29185,0.371875,-0.0732135,-0.175
-0.2932,0.39375,-0.0606135,-0.153125
-0.293242,0.39375,-0.0486811,-0.153125
-0.264209,0.39375,-0.0367487,-0.175
-0.294633,0.371875,-0.0241487,-0.13125
-0.294675,0.48125,-0.0122163,-0.13125
-0.0621241,0.35,-0.000633889,-0.175
-0.29345,0.415625,0.0102809,0.0875
-0.0608991,0.30625,0.0222133,-0.109375
-0.220848,0.2625,0.0337957,0.109375
-0.0609824,0.284375,0.0457281,0.175
-0.146938,0.065625,0.056293,-0.0875
-0.145671,0.065625,0.0672078,0.175
-0.173479,0.240625,0.0781226,-0.0875
-0.215823,0.35,0.0886874,0.240625
-0.170945,0.2625,0.0996022,-0.065625
-0.0097713,0,0.110517,0.13125
-0.139338,0.21875,0.121082,-0.109375
-0.283442,0.21875,0.131997,0.240625
0.0231028,0.240625,0.142911,0.175
-0.0483157,-0.065625,0.153826,0.2625
-0.28095,0,0.164391,0.196875
-0.279683,0.240625,0.175306,0.196875
0.0281694,0.284375,0.185203,0.196875
-0.000946296,-0.0875,0.197136,0.284375
-0.00012963,0.196875,0.2077,0.328125
-0.202381,-0.04375,0.217598,0.328125
-0.275108,0.30625,0.22953,0.21875
-0.27515,0.371875,0.241462,0.21875
0.0327028,0.30625,0.311398,0.21875
0.0326611,0.284375,0.262274,0.30625
0.0044037,0.175,0.309618,0.328125
-0.0828602,0.30625,0.311811,0.328125
-0.271883,-0.065625,0.34017,0.415625
-0.244159,0.196875,0.359807,0.415625
-0.273275,0.2625,0.369704,0.371875
-0.156162,0.39375,0.323343,0.371875
-0.199815,0.196875,0.378741,0.415625
-0.0822519,0.35,0.40114,0.371875
0.0340028,-0.065625,0.386761,0.48125
-0.272625,0.196875,0.40538,0.459375
-0.273975,0.35,0.397833,0.525
-0.274017,0.240625,0.436659,0.459375
-0.275367,0.415625,0.440741,0.459375
-0.2741,0.525,0.478899,0.503125
0.00206204,0.30625,0.477022,0.546875
-0.274183,0,0.492588,0.503125
-0.275083,0.328125,0.50045,0.503125
-0.276433,0.35,0.523199,0.56875
-0.277783,0.30625,0.519286,0.590625
-0.277825,0.459375,0.554042,0.678125
-0.277867,0.371875,0.558184,0.6125
-0.279217,0.415625,0.580437,0.634375
-0.279258,0.371875,0.590916,0.634375
-0.280608,0.371875,0.59404,0.678125
-0.281958,0.30625,0.634611,0.634375
-0.164395,0.459375,0.641019,0.7
-0.282042,0.371875,0.682811,0.896875
-0.165787,0.35,0.688202,0.7875
-0.282125,0.328125,0.690018,0.765625
-0.283925,0.415625,0.72332,0.809375
-0.285275,0.371875,0.741212,0.809375
-0.286625,0.415625,0.770794,0.7875
-0.010463,0.196875,0.814562,0.809375
-0.286708,0.21875,0.831351,0.83125
-0.288058,0.415625,0.879772,0.83125
-0.289408,0.328125,0.861526,0.896875
-0.290758,0.39375,0.893956,0.9625
-0.174504,0.4375,0.930661,1.00625
-0.291292,0.39375,0.960764,1.02812
-0.0151296,0.328125,0.979734,1.07187
-0.291375,0.2625,0.975821,1.07187
-0.292725,0.30625,0.978654,1.18125
0.0125111,0.459375,0.937962,1.24687
-0.175204,-0.109375,0.902127,1.29062
-0.0593991,0.30625,0.834251,1.33438
-0.0158296,0.35,0.77443,1.3125
-0.0581741,-0.109375,0.673324,1.26875
-0.290808,0.30625,0.588294,1.20312
-0.217306,0.2625,0.511755,1.15938
-0.290033,0.196875,0.420474,1.09375
-0.169854,0.371875,0.341319,1.00625
0.0203944,0.240625,0.24501,0.9625
-0.0501657,-0.13125,0.182367,0.83125
-0.0065963,-0.109375,0.139699,0.7875
-0.281533,-0.0875,0.0670856,0.678125
-0.135346,0.21875,0.0378781,0.525
-0.27945,0.30625,-0.0122033,0.459375
-0.00328796,0.30625,-0.0457126,0.459375
-0.0447741,-0.153125,-0.0457006,0.35
0.000103704,-0.109375,-0.0142293,0.328125
-0.276142,0.196875,-0.0467209,0.30625
-0.277942,0.240625,-0.0152496,0.04375
-0.132613,0.240625,0.0167439,0.021875
-0.276717,0.328125,0.027718,0.175
-0.278517,0.240625,0.0436346,0.175
-0.278558,0.30625,0.0710356,0
-0.280358,0.415625,0.108176,0.109375
-0.281708,0.328125,0.119673,0.04375
-0.283508,0.415625,0.145038,0.109375
-0.284858,0.328125,0.152814,0.196875
-0.286658,0.30625,0.201294,0.371875
-0.288458,0.371875,0.201742,-0.175
-0.290258,0.459375,0.246151,0.13125
-0.291608,0.371875,0.279803,0.196875
-0.599994,0.371875,0.30918,0.175
-0.297825,0.459375,0.346466,0.13125
-0.299625,0.371875,0.374012,0.2625
-0.301425,0.4375,0.404988,0.35
-0.377219,0.459375,0.429046,0.109375
-0.541543,0.48125,0.444526,0.175
-0.3103,0.546875,0.439014,0.175
-0.546001,0.459375,0.441848,0.240625
-0.315208,0.6125,0.436686,0.21875
-0.317008,0.48125,0.439228,0.2625
-0.318808,0.175,0.412492,0.371875
-0.554509,0.415625,0.363574,0.39375
-0.323717,0.503125,0.306224,0.56875
-0.560726,0.634375,0.259631,0.503125
-0.329933,0.525,0.17437,0.65625
-0.331733,0.56875,0.121758,0.503125
-0.333533,0.503125,0.0234133,0.590625
-0.335333,0.459375,-0.0806006,0.634375
-0.337133,0.48125,-0.173857,0.4375
-0.338933,0.590625,-0.243418,0.39375
-0.340733,0.56875,-0.316759,0.30625
-0.342533,0.459375,-0.347215,0.328125
-0.344333,0.503125,-0.384359,0.240625
-0.346133,0.328125,-0.400483,-0.175
-0.347933,0.4375,-0.385148,-0.196875
-0.349733,0.503125,-0.371848,-0.175
-0.351533,0.56875,-0.35753,-0.240625
-0.353333,0.4375,-0.34423,-0.30625
-0.355133,0.546875,-0.33093,-0.328125
-0.356933,0.39375,-0.31763,-0.328125
-0.358733,0.48125,-0.30433,-0.328125
-0.360983,0.48125,-0.29103,-0.328125
-0.362783,0.4375,-0.27773,-0.415625
-0.364583,0.371875,-0.26443,-0.459375
-0.366383,0.459375,-0.25113,-0.328125
-0.368183,0.546875,-0.238848,-0.328125
-0.369983,0.503125,-0.225548,-0.35
-0.372233,0.503125,-0.212248,-0.328125
-0.374033,0.415625,-0.176706,-0.30625
-0.375833,0.48125,-0.186315,-0.328125
-0.377633,0.503125,-0.173015,-0.284375
-0.379433,0.48125,-0.159715,-0.153125
-0.381683,0.48125,-0.147433,-0.284375
-0.383483,0.634375,-0.134133,-0.2625
-0.385283,0.459375,-0.120833,-0.240625
-0.387083,0.48125,-0.108551,-0.240625
-0.389333,0.503125,-0.0952506,-0.240625
-0.391133,0.546875,-0.0816006,-0.153125
-0.392933,0.459375,-0.0683006,-0.196875
-0.394733,0.634375,-0.0414811,-0.2625
-0.396983,0.503125,-0.0427181,-0.153125
-0.398783,0.634375,-0.0294181,-0.109375
-0.400583,0.546875,-0.0157681,-0.153125
-0.402833,0.39375,-0.00246815,-0.13125
-0.404633,0.7,0.0108319,-0.13125
-0.406433,0.546875,0.0241319,-0.109375
-0.408683,0.590625,0.0377819,0.196875
-0.410483,0.525,0.0510819,-0.065625
-0.412283,0.503125,0.0647319,0.175
-0.412775,0.503125,0.0770143,-0.153125
-0.414575,0.546875,0.0906643,0.2625
-0.416375,0.65625,0.104314,-0.0875
-0.227885,0.503125,0.116597,0.2625
-0.418667,0.503125,0.130247,-0.065625
-0.186566,0.503125,0.142879,0.196875
-0.41965,0.525,0.155161,0.21875
-0.42145,0.48125,0.168811,0.2625
-0.145738,0.503125,0.181444,0.21875
-0.233452,0.371875,0.193726,0.196875
-0.347623,0.48125,0.204324,0.196875
-0.422108,0.4375,0.217974,0.503125
-0.421292,0.459375,0.229588,0.240625
-0.115197,0.503125,0.240853,0.240625
-0.229369,0.459375,0.25145,0.240625
-0.0677861,0.39375,0.262048,0.284375
-0.30087,0.284375,0.27468,0.39375
-0.141455,0.371875,0.287312,0.240625
-0.345465,0.371875,0.299595,0.328125
-0.14113,0.459375,0.31121,0.284375
-0.227535,0.328125,0.322824,0.328125
-0.386626,0.30625,0.334439,0.415625
-0.414025,0.459375,0.345036,0.328125
-0.296912,0.415625,0.356651,0.371875
-0.338398,0.328125,0.367249,0.503125
-0.104989,0.415625,0.378863,0.371875
-0.176857,0.328125,0.403998,0.4375
-0.292787,0.371875,0.400725,0.503125
-0.220594,0.371875,0.41234,0.39375
-0.221085,0.2625,0.424973,0.459375
-0.337015,0.240625,0.43557,0.48125
-0.408883,0.525,0.446167,0.48125
-0.262696,0.415625,0.456764,0.503125
-0.405942,0.4375,0.465326,0.503125
-0.405575,0.371875,0.51372,0.503125
-0.129863,0.371875,0.492336,0.6125
-0.376176,0.284375,0.518342,0.546875
-0.288587,0.415625,0.573423,0.590625
-0.405375,0.459375,0.558725,0.546875
-0.0992806,0.415625,0.597584,0.590625
-0.0989139,0.4375,0.626352,0.6125
-0.259313,0.546875,0.655121,0.721875
-0.259805,0.371875,0.684761,0.7
-0.407425,0.459375,0.720217,0.7
-0.131713,0.371875,0.735175,0.7875
-0.131346,0.284375,0.765543,0.853125
-0.408042,0.30625,0.833561,0.7875
-0.408983,0.459375,0.840729,0.853125
-0.408167,0.371875,0.89014,0.896875
-0.408658,0.415625,0.910332,0.896875
-0.13078,0.415625,0.952329,0.896875
-0.173574,0.415625,0.97223,0.9625
-0.130905,0.35,0.985649,1.05
-0.175007,0.328125,1.00439,1.05
-0.408542,0.415625,1.05583,1.11563
-0.409033,0.371875,1.06745,1.1375
-0.103389,0.39375,1.09962,1.18125
-0.101714,0.415625,1.10876,1.225
-0.0546694,0.284375,1.10628,1.26875
-0.0979139,0.2625,1.11542,1.33438
-0.0957889,0.21875,1.09002,1.4
-0.124496,0.30625,1.0275,1.44375
-0.12368,0.175,0.984165,1.50937
-0.0480111,0.196875,0.899749,1.46562
-0.0445778,-0.109375,0.830538,1.4
0.0456278,0.13125,0.725044,1.37813
0.0794435,0.065625,0.624637,1.37813
0.0564194,0.21875,0.523881,1.29062
0.0611611,0.153125,0.416061,1.225
0.139446,0.153125,0.314927,1.1375
0.0728111,0.109375,0.236472,0.984375
0.0365583,0.13125,0.150311,0.853125
0.157596,0.13125,0.112646,0.65625
0.206807,-0.328125,0.068643,0.634375
0.212857,-0.109375,0.019843,0.590625
0.175296,-0.4375,0.00113463,0.48125
0.182205,0.0875,-0.0167015,0.371875
0.112953,-0.30625,-0.0152626,0.415625
0.149385,0.065625,0.00266241,0.21875
0.136378,0.109375,0.0223319,0.21875
0.215113,-0.328125,0.0527587,0.0875
0.0586389,-0.35,0.0850754,0.0875
0.179227,0.0875,0.0920976,0.04375
-0.00762963,-0.2625,0.128194,0.175
-0.0482574,-0.2625,0.123441,0.109375
-0.0884352,0,0.123486,0.0875
0.0286778,0.153125,0.158419,-0.04375
-0.0423324,0.13125,0.154393,0.21875
-0.130046,0.04375,0.200811,-0.021875
-0.0437657,0.196875,0.229638,0.065625
-0.000646296,0.196875,0.221542,0
-0.00158796,0.196875,0.228855,0.13125
-0.279592,0.175,0.227446,0.0875
-0.281842,0.240625,0.226909,0.196875
-0.283642,0.2625,0.214742,0.13125
-0.285892,0.328125,0.158092,0.30625
-0.287692,0.328125,0.124701,0.21875
-0.289942,0.35,0.0711041,0.371875
-0.292192,0.30625,-0.00269963,0.2625
-0.293992,0.371875,-0.0512089,0.371875
-0.296242,0.35,-0.141816,0.240625
-0.298042,0.371875,-0.160961,0.284375
-0.606878,0.35,-0.213831,0.109375
-0.304708,0.48125,-0.298538,0.21875
-0.306958,0.4375,-0.355042,0.0875
-0.309208,0.415625,-0.384217,0.13125
-0.312317,0.415625,-0.411007,-0.2625
-0.506165,0.4375,-0.457336,-0.196875
-0.596945,0.48125,-0.464851,-0.328125
-0.32385,0.546875,-0.509144,-0.4375
-0.3261,0.48125,-0.505551,-0.4375
-0.329658,0.48125,-0.530365,-0.503125
-0.449063,0.48125,-0.516365,-0.459375
-0.570226,0.546875,-0.49998,-0.590625
-0.371574,0.56875,-0.483945,-0.48125
-0.53504,0.546875,-0.468927,-0.6125
-0.495845,0.590625,-0.452542,-0.546875
-0.355342,0.6125,-0.436507,-0.6125
-0.547881,0.590625,-0.421489,-0.546875
-0.713964,0.634375,-0.404087,-0.678125
-0.675219,0.721875,-0.388051,-0.546875
-0.562031,0.721875,-0.373034,-0.590625
-0.3753,0.721875,-0.358684,-0.546875
-0.37755,0.678125,-0.344684,-0.634375
-0.527787,0.65625,-0.328299,-0.415625
-0.387283,0.65625,-0.312264,-0.546875
-0.39215,0.590625,-0.295878,-0.503125
-0.39395,0.6125,-0.281878,-0.590625
-0.397508,0.56875,-0.266511,-0.4375
-0.67727,0.590625,-0.251143,-0.459375
-0.680379,0.678125,-0.235776,-0.35
-0.406425,0.721875,-0.221776,-0.30625
-0.408225,0.634375,-0.207426,-0.4375
-0.410475,0.546875,-0.194093,-0.2625
-0.412275,0.6125,-0.179743,-0.35
-0.488519,0.546875,-0.164376,-0.21875
-0.418083,0.546875,-0.150026,-0.328125
-0.419883,0.590625,-0.135676,-0.175
-0.422133,0.590625,-0.121326,-0.175
-0.424383,0.590625,-0.106976,-0.175
-0.426183,0.546875,-0.0926256,-0.13125
-0.428433,0.56875,-0.0782756,-0.240625
-0.429375,0.56875,-0.0649431,-0.109375
-0.431175,0.590625,-0.0505931,-0.240625
-0.31582,0.590625,-0.0372607,-0.0875
-0.43175,0.546875,-0.0249459,-0.2625
-0.43355,0.590625,-0.0105959,-0.04375
-0.434492,0.546875,0.00273648,-0.04375
-0.157921,0.56875,0.0150513,-0.13125
-0.157555,0.4375,0.0273661,-0.04375
-0.43425,0.415625,0.0406985,0.153125
-0.129914,0.48125,0.0540309,0.30625
-0.434825,0.35,0.0663457,-0.153125
-0.158255,0.459375,0.0790106,0
-0.15613,0.35,0.0903078,0
-0.125381,0.35,0.101605,0.240625
-0.0814028,0.35,0.11392,-0.021875
-0.242252,0.30625,0.127252,0
-0.284188,0.30625,0.138899,0.196875
-0.152988,0.30625,0.151214,0
-0.194924,0.240625,0.162511,0.065625
-0.23641,0.328125,0.173809,0.30625
-0.0748278,0.284375,0.185456,0.21875
-0.42335,0.240625,0.197771,0.284375
-0.145471,0.35,0.209068,0.240625
-0.27463,0.2625,0.220715,0.284375
-0.142121,0.30625,0.232012,0.240625
-0.0677611,0.284375,0.24331,0.35
-0.225994,0.2625,0.254957,0.240625
-0.138405,0.240625,0.267272,0.35
-0.0640444,0.240625,0.278569,0.2625
-0.29627,0.284375,0.291234,0.35
-0.381818,0.30625,0.301513,0.35
-0.265155,0.284375,0.337437,0.4375
0.0272611,0.284375,0.325475,0.35
-0.101897,0.240625,0.336773,0.48125
-0.174216,0.21875,0.377494,0.35
-0.406442,0.2625,0.360735,0.459375
-0.407383,0.35,0.4189,0.415625
-0.174424,0.35,0.444735,0.48125
-0.129138,0.284375,0.394309,0.503125
-0.0547778,0.35,0.427848,0.525
-0.0971639,0.2625,0.4142,0.4375
-0.214402,0.240625,0.453904,0.546875
-0.375251,0.21875,0.482646,0.4375
-0.405267,0.30625,0.515517,0.525
-0.4049,0.35,0.532484,0.56875
-0.257855,0.371875,0.539043,0.6125
-0.125346,0.35,0.544585,0.65625
-0.255813,0.30625,0.574403,0.65625
-0.28452,0.35,0.619631,0.546875
-0.212777,0.35,0.638692,0.678125
-0.404008,0.30625,0.668365,0.546875
-0.374568,0.328125,0.699783,0.7
-0.127071,0.371875,0.733962,0.7
-0.284854,0.30625,0.759274,0.721875
-0.0928889,0.371875,0.8077,0.721875
-0.25243,0.284375,0.864703,0.74375
-0.282445,0.328125,0.880857,0.7875
-0.399683,0.328125,0.943384,0.83125
-0.166724,0.371875,1.0046,0.91875
-0.00645,0.284375,1.06108,0.984375
-0.00346667,0.240625,1.08014,1.02812
-0.000483333,0.21875,1.11258,1.07187
-0.116413,0.21875,1.12553,1.18125
-0.116046,0.196875,1.14038,1.26875
-0.0852972,0.175,1.09437,1.4
-0.199919,0.13125,1.05383,1.4
0.0515028,0.13125,0.991924,1.42188
0.172949,0.0875,0.912569,1.44375
0.0913269,0.04375,0.821208,1.44375
0.140538,0.065625,0.712198,1.44375
0.146138,0.021875,0.613073,1.42188
0.106819,-0.30625,0.493886,1.3125
0.113727,-0.39375,0.411974,1.11563
0.328079,-0.21875,0.378121,1.00625
0.379456,-0.415625,0.243816,0.91875
0.505278,-0.371875,0.147803,0.7875
0.353587,-0.546875,0.07688,0.7
0.289119,-0.35,0.0442485,0.590625
0.326409,-0.503125,-0.00995704,0.48125
0.377787,-0.328125,-0.073407,0.4375
0.430923,-0.4375,-0.0925783,0.39375
0.440448,-0.415625,-0.106952,0.30625
0.448665,-0.56875,-0.0927746,0.240625
0.501351,-0.4375,-0.114853,0.175
0.304741,-0.6125,-0.0881737,0.109375
0.26673,-0.371875,-0.0840857,0.065625
0.199644,-0.546875,-0.0438867,-0.04375
0.27748,-0.240625,-0.0347969,-0.04375
0.327999,-0.503125,-0.0135552,-0.13125
0.246377,-0.371875,0.0060013,-0.13125
0.176225,-0.30625,0.0387272,-0.13125
0.0919861,-0.35,0.0824152,-0.109375
0.135514,-0.371875,0.0811244,-0.109375
0.0208926,-0.153125,0.095593,-0.175
-0.065963,-0.35,0.0548207,-0.13125
0.0951694,-0.065625,0.0814411,-0.04375
0.0968444,-0.284375,0.0608754,0
-0.208517,-0.175,0.0820309,0.0875
-0.136773,-0.065625,0.0315189,0.021875
-0.211708,0.021875,0.0634319,0.0875
-0.21265,0.284375,-0.0112117,0.0875
-0.21535,0.30625,-0.0402089,-0.021875
-0.216292,0.30625,-0.107875,0.0875
-0.218542,0.328125,-0.149228,0.0875
-0.220792,0.284375,-0.188547,0.109375
-0.223042,0.328125,-0.234552,0.109375
-0.225292,0.328125,-0.300414,-0.240625
-0.2293,0.328125,-0.330575,0.04375
-0.23155,0.328125,-0.359717,-0.284375
-0.307794,0.35,-0.385807,-0.30625
-0.237358,0.35,-0.411547,-0.35
-0.51757,0.35,-0.412342,-0.371875
-0.521129,0.4375,-0.434362,-0.371875
-0.393854,0.48125,-0.439954,-0.48125
-0.250733,0.459375,-0.428625,-0.415625
-0.487334,0.4375,-0.443812,-0.39375
-0.40367,0.48125,-0.413352,-0.4375
-0.293549,0.48125,-0.406675,-0.525
-0.501076,0.48125,-0.392642,-0.459375
-0.548245,0.459375,-0.392797,-0.48125
-0.276908,0.546875,-0.43197,-0.503125
-0.280917,0.4375,-0.417938,-0.525
-0.284475,0.503125,-0.40152,-0.503125
-0.565995,0.459375,-0.384435,-0.459375
-0.570862,0.525,-0.368017,-0.459375
-0.299525,0.56875,-0.350932,-0.525
-0.302225,0.503125,-0.335532,-0.503125
-0.304475,0.503125,-0.320482,-0.459375
-0.497465,0.503125,-0.304064,-0.48125
-0.544634,0.56875,-0.287997,-0.48125
-0.314742,0.546875,-0.272597,-0.459375
-0.3183,0.503125,-0.256179,-0.459375
-0.321,0.459375,-0.241129,-0.39375
-0.32325,0.459375,-0.225729,-0.39375
-0.32595,0.503125,-0.210679,-0.328125
-0.3282,0.4375,-0.195279,-0.284375
-0.3309,0.48125,-0.179879,-0.371875
-0.3336,0.4375,-0.164829,-0.415625
-0.33585,0.4375,-0.149429,-0.35
-0.33855,0.415625,-0.134029,-0.284375
-0.3408,0.459375,-0.118629,-0.196875
-0.3435,0.4375,-0.103579,-0.21875
-0.344892,0.525,-0.0891969,-0.175
-0.347142,0.48125,-0.0737969,-0.175
-0.348533,0.503125,-0.0546172,-0.153125
-0.0732713,0.4375,-0.0460496,-0.13125
-0.117824,0.328125,-0.0316672,-0.109375
-0.0465306,0.109375,-0.0169348,-0.0875
-0.163769,0.328125,-0.00255241,-0.0875
-0.353692,0.371875,0.01183,-0.04375
-0.355083,0.39375,0.0265624,0.153125
-0.0481306,0.39375,0.0389096,0.196875
-0.076838,0.328125,0.0522744,-0.04375
-0.075613,0.109375,0.0649717,-0.175
-0.0461722,-0.021875,0.0783365,-0.065625
-0.119799,0.30625,0.0927189,-0.021875
-0.278481,-0.065625,0.105416,-0.021875
-0.00191111,0.284375,0.118781,-0.065625
0.000622222,0.21875,0.130461,0.21875
0.0921361,0.2625,0.140773,-0.021875
-0.0374722,0.240625,0.15347,0.196875
0.00912222,0.240625,0.164799,0.196875
0.0103472,0.2625,0.177497,0.196875
-0.190188,-0.13125,0.188826,0.21875
-0.100432,0.153125,0.200506,0.21875
-0.0260722,-0.04375,0.212853,0.284375
0.108603,0.284375,0.223515,0.30625
-0.0483213,-0.13125,0.235195,0.30625
-0.0154056,0.240625,0.245507,0.284375
-0.0855574,-0.0875,0.257186,0.30625
0.120944,0.240625,0.268516,0.30625
-0.00735556,-0.0875,0.280196,0.30625
0.0405472,-0.196875,0.290858,0.30625
0.0443889,-0.0875,0.30152,0.35
0.0905333,-0.175,0.312849,0.35
0.00629444,-0.0875,0.324529,0.35
-0.107469,0.2625,0.336209,0.371875
0.0549722,0.21875,0.347888,0.371875
-0.0134213,0.2625,0.3582,0.371875
-0.0121963,-0.0875,0.370898,0.4375
0.106633,-0.196875,0.382577,0.39375
0.109167,-0.109375,0.392889,0.459375
0.154003,-0.175,0.405586,0.459375
0.0257028,-0.0875,0.416249,0.459375
0.0269278,0.21875,0.483169,0.525
0.116683,-0.13125,0.45176,0.525
0.00292037,-0.2625,0.475941,0.503125
-0.0394657,-0.109375,0.511752,0.525
0.166586,-0.153125,0.526861,0.503125
0.0079037,-0.109375,0.552933,0.56875
-0.0780935,0.240625,0.55182,0.56875
-0.0768685,-0.04375,0.576874,0.6125
0.0842639,0.21875,0.614429,0.65625
-0.0308074,-0.109375,0.620003,0.6125
-0.116805,0.240625,0.655174,0.678125
-0.144654,0.2625,0.679936,0.7
0.0878556,0.2625,0.713422,0.7
0.0467778,-0.109375,0.724374,0.7875
0.133467,0.2625,0.793475,0.74375
-0.228734,-0.109375,0.804283,0.765625
0.0923056,0.21875,0.832389,0.74375
0.0948389,-0.13125,0.882592,0.809375
0.0960639,-0.13125,0.93076,0.809375
-0.0626185,-0.04375,0.942875,0.940625
-0.0182324,0.21875,0.977087,1.00625
-0.10423,0,1.03732,1.05
0.029137,0.21875,1.05278,1.09375
0.192886,-0.021875,1.07958,1.02812
0.035062,-0.30625,1.08245,1.1375
0.1552,-0.175,1.11186,1.225
0.041437,-0.240625,1.09287,1.37813
0.27873,-0.04375,1.02532,1.44375
0.28388,-0.39375,0.99659,1.44375
0.333949,-0.284375,0.890374,1.46562
0.383569,-0.175,0.810471,1.42188
0.419101,-0.35,0.711378,1.42188
0.352424,-0.503125,0.594114,1.4
0.594092,-0.371875,0.503162,1.33438
0.442809,-0.6125,0.401744,1.29062
0.611792,-0.459375,0.311578,1.09375
0.591343,-0.721875,0.195186,0.940625
0.673961,-0.6125,0.106997,0.83125
0.478209,-0.83125,0.0327624,0.74375
0.646742,-0.678125,-0.0219922,0.590625
0.494601,-0.875,-0.0713089,0.525
0.634059,-0.65625,-0.0919015,0.4375
0.554154,-0.809375,-0.113366,0.35
0.563229,-0.74375,-0.106775,0.0875
0.656459,-0.83125,-0.0977978,0.04375
0.372177,-0.74375,-0.0891709,0
0.538093,-0.721875,-0.0815617,-0.04375
0.470107,-0.7875,-0.0183617,-0.0875
0.431196,-0.74375,-0.01177,0.13125
0.391427,-0.6125,0.0184309,0.04375
