torque_1,torque_1_t,torque_2,torque_2_t
2,0.196875,0.53079,0.021875
2,-0.7875,0.52899,0.30625
2,-1.18125,0.529807,0.415625
1.89007,-1.42188,0.534984,0.459375
1.70598,-1.81563,0.542779,0.4375
1.52465,-1.61875,0.554934,0.48125
1.44798,-1.925,0.573486,0.678125
1.47598,-1.81563,0.577501,0.546875
1.51933,-1.77188,0.612916,0.546875
1.627,-1.90312,0.629723,0.6125
1.67274,-1.925,0.627923,0.65625
1.68358,-2.20938,0.641242,0.7875
1.59936,-2.42813,0.673468,0.6125
1.49667,-2.23125,0.686496,0.65625
1.42954,-2.34063,0.703594,0.678125
1.42571,-1.8375,0.715168,0.721875
1.43554,-1.85938,0.745349,0.7
1.43272,-1.94687,0.749073,0.7
1.36493,-1.59688,0.767044,0.74375
1.30739,-1.94687,0.780662,0.721875
1.27448,-1.44375,0.78991,0.765625
1.25117,-1.75,0.784621,0.74375
1.20939,-1.46562,0.795033,0.74375
1.13753,-1.85938,0.794396,0.809375
1.1204,-1.59688,0.804807,0.83125
1.08342,-1.50937,0.810866,0.896875
1.05401,-1.4875,0.802379,0.91875
1.00918,-1.44375,0.771796,1.02812
0.984495,-1.44375,0.738596,1.00625
0.958129,-1.05,0.696683,1.11563
0.91737,-1.26875,0.675694,1.09375
0.910483,-1.575,0.629992,1.00625
0.93232,-1.29062,0.589523,1.00625
0.926451,-1.50937,0.550799,0.9625
0.856301,-1.4,0.492568,1.00625
0.842931,-1.35625,0.443068,0.984375
0.790226,-1.29062,0.399955,0.940625
0.765227,-0.809375,0.360912,0.853125
0.759707,-0.7875,0.332927,0.809375
0.748723,-1.18125,0.317725,0.459375
0.758613,-0.74375,0.294101,0.525
0.700093,-0.765625,0.277155,0.634375
0.647037,-0.74375,0.275046,0.590625
0.642535,-0.83125,0.253738,0.590625
0.619921,-0.940625,0.261805,0.48125
0.623996,-0.7,0.254744,0.4375
0.637956,-0.6125,0.255251,0.415625
0.597898,-0.721875,0.247318,0.371875
0.607061,-0.56875,0.24957,0.48125
0.572468,-0.853125,0.268094,0.284375
0.595355,-0.634375,0.261623,0.30625
0.527907,-0.9625,0.244968,0.284375
0.504944,-0.56875,0.270479,0.240625
0.530533,-0.415625,0.270686,0.21875
0.527399,-0.74375,0.266833,0.175
0.517082,-0.4375,0.26297,0.30625
0.420561,-0.875,0.240509,0.35
0.38152,-0.328125,0.227633,0.175
0.425572,-0.284375,0.20866,0.240625
0.423106,-0.896875,0.175442,0.39375
0.429216,-0.678125,0.12884,0.39375
0.377528,-0.590625,0.078177,0.328125
0.337119,-0.459375,0.03739,0.525
0.278249,-0.459375,-0.00193407,0.240625
0.240603,-0.7,-0.04591,0.459375
0.248081,-0.74375,-0.0840804,0.39375
0.243579,-0.0875,-0.12166,0.2625
0.249689,-0.590625,-0.160403,0.175
0.222655,-0.503125,-0.178221,0.153125
0.236615,-0.503125,-0.200391,0.109375
0.197574,-0.35,-0.215003,0.0875
0.238573,-0.39375,-0.230204,0.2625
0.154699,-0.35,-0.245979,-0.175
0.181306,-0.109375,-0.245762,-0.175
0.179857,-0.415625,-0.238867,-0.0875
0.141484,-0.240625,-0.232254,-0.30625
0.121923,-0.13125,-0.230293,-0.21875
0.183419,-0.415625,-0.223971,-0.4375
0.182988,-0.13125,-0.222019,-0.39375
0.195204,-0.109375,-0.232269,-0.328125
0.167733,-0.196875,-0.240775,-0.39375
0.179281,-0.153125,-0.241158,-0.153125
0.147364,-0.175,-0.255788,-0.39375
0.149318,-0.30625,-0.274488,-0.109375
0.153306,-0.13125,-0.284756,-0.525
0.203814,-0.175,-0.302284,-0.4375
0.174949,-0.240625,-0.315169,-0.30625
0.272993,-0.13125,-0.329799,-0.39375
0.168535,-0.109375,-0.33716,-0.503125
0.157115,-0.13125,-0.346838,-0.30625
0.175786,-0.175,-0.379493,-0.4375
0.152736,-0.240625,-0.379004,-0.35
0.143351,-0.35,-0.37996,-0.30625
0.144578,-0.196875,-0.380343,-0.48125
0.217618,-0.415625,-0.382471,-0.634375
0.116213,-0.196875,-0.384599,-0.459375
0.228939,0.109375,-0.385554,-0.48125
0.220571,-0.13125,-0.38681,-0.459375
0.211854,-0.13125,-0.388938,-0.56875
0.204504,-0.35,-0.391638,-0.459375
0.074025,-0.30625,-0.393766,-0.459375
0.188786,-0.2625,-0.395593,-0.56875
0.181436,-0.284375,-0.398593,-0.48125
0.174086,-0.39375,-0.401593,-0.525
0.166736,-0.2625,-0.403421,-0.590625
0.159386,-0.284375,-0.420086,-0.56875
0.151686,-0.35,-0.419306,-0.546875
0.145354,-0.153125,-0.440904,-0.525
0.138004,-0.13125,-0.43053,-0.525
0.131671,-0.240625,-0.421601,-0.30625
0.124321,0.109375,-0.429253,-0.546875
0.117989,0.109375,-0.447071,-0.525
0.110289,0,-0.420706,-0.503125
0.103956,-0.065625,-0.426323,-0.634375
0.0976241,-0.2625,-0.42379,-0.590625
0.148422,0.065625,-0.448886,-0.525
0.0955713,-0.30625,-0.457982,-0.546875
0.0772593,-0.13125,-0.459238,-0.546875
0.0699093,-0.153125,-0.464554,-0.634375
0.175076,-0.196875,-0.445458,-0.546875
0.104781,-0.284375,-0.434784,-0.65625
0.0980981,-0.13125,-0.45203,-0.56875
0.0452472,-0.175,-0.447753,-0.809375
0.0389148,-0.13125,-0.443775,-0.65625
0.155711,-0.04375,-0.465082,-0.809375
0.0279352,0.065625,-0.445686,-0.546875
0.133102,0.04375,-0.472527,-0.546875
0.0173056,-0.240625,-0.441501,-0.65625
0.0109731,0.13125,-0.453514,-0.634375
0.00530833,0.459375,-0.47046,-0.634375
0.140567,-0.13125,-0.452236,-0.590625
0.107195,-0.04375,-0.462786,-0.590625
-0.00895093,-0.153125,-0.45938,-0.590625
0.0438824,-0.153125,-0.477499,-0.65625
-0.00693333,-0.109375,-0.488349,-0.634375
0.00621389,-0.04375,-0.470125,-0.6125
0.0836741,0.04375,-0.477786,-0.6125
0.124878,0.04375,-0.490671,-0.634375
-0.00836296,-0.21875,-0.496288,-0.74375
0.0677296,-0.109375,-0.489693,-0.634375
0.0624148,0.04375,-0.491249,-0.65625
0.0581176,0,-0.497738,-0.634375
0.000819444,0,-0.490271,-0.7
0.0139667,0,-0.501421,-0.65625
0.0551704,-0.175,-0.507038,-0.634375
0.0207815,-0.153125,-0.507421,-0.65625
0.0630028,0.04375,-0.509549,-0.65625
-0.0527935,-0.175,-0.50151,-0.74375
-0.0290343,0.196875,-0.513523,-0.634375
0.0299639,-0.0875,-0.510999,-0.678125
-0.004425,-0.021875,-0.511382,-0.7
-0.00872222,0.021875,-0.505088,-0.678125
-0.078,0.065625,-0.514193,-0.678125
-0.0532231,0.04375,-0.518356,-0.65625
-0.117704,-0.021875,-0.51496,-0.65625
-0.0765,-0.04375,-0.511854,-0.721875
-0.0517231,0.21875,-0.519506,-0.590625
-0.0105194,0.240625,-0.512049,-0.634375
-0.0623528,-0.04375,-0.522317,-0.7
-0.0201315,0,-0.540436,-0.65625
-0.13491,0.175,-0.518723,-0.634375
-0.151855,0.04375,-0.52434,-0.678125
-0.0795417,0.021875,-0.530247,-0.765625
-0.04895,0.21875,-0.529186,-0.65625
-0.164746,0.175,-0.531314,-0.678125
-0.170061,0.065625,-0.52123,-0.678125
-0.163746,0.196875,-0.522486,-0.678125
-0.179673,0.021875,-0.532754,-0.721875
-0.0444148,0.021875,-0.523253,-0.459375
-0.0312676,0.04375,-0.521891,-0.74375
-0.0704537,0.021875,-0.517041,-0.678125
-0.0873981,0.021875,-0.510447,-0.7
-0.125567,0,-0.51868,-0.7
-0.084363,-0.04375,-0.508597,-0.74375
-0.136196,0.30625,-0.507236,-0.74375
-0.075513,0.021875,-0.508491,-0.7
-0.0787926,0.065625,-0.505967,-0.7
-0.14807,0.04375,-0.495884,-0.721875
-0.087387,-0.04375,-0.505862,-0.74375
-0.0916843,-0.021875,-0.501012,-0.7
-0.125056,-0.065625,-0.508664,-0.7
-0.164592,-0.065625,-0.493056,-0.765625
-0.0874815,-0.109375,-0.50129,-0.721875
-0.0917787,0.109375,-0.502545,-0.74375
-0.130965,0.109375,-0.510197,-0.74375
-0.0993556,0.04375,-0.499823,-0.721875
-0.167616,-0.021875,-0.500206,-0.721875
-0.142839,0.0875,-0.504951,-0.721875
-0.112247,0.109375,-0.500973,-0.634375
-0.198302,0,-0.504845,-0.678125
-0.154045,0.240625,-0.50959,-0.875
-0.121419,0.109375,-0.512008,-0.875
-0.189679,0.13125,-0.506867,-0.74375
-0.209385,0.065625,-0.50289,-0.74375
-0.214032,0.240625,-0.502973,-0.678125
-0.151314,0.196875,-0.504229,-0.74375
-0.200094,0.196875,-0.49589,-0.721875
-0.140429,0.240625,-0.485516,-0.74375
-0.142691,0.196875,-0.496366,-0.678125
-0.147338,0.21875,-0.489771,-0.284375
-0.250137,0.240625,-0.49626,-0.65625
-0.235972,0.240625,-0.474847,-0.74375
-0.286788,0.175,-0.498499,-0.65625
-0.161124,0.30625,-0.49801,-0.765625
-0.197257,0.065625,-0.493169,-0.7
-0.165298,0.284375,-0.485712,-0.678125
-0.280077,0.2625,-0.497725,-0.721875
-0.191337,0.21875,-0.48736,-0.634375
-0.212061,0.04375,-0.507514,-0.74375
-0.260842,0.284375,-0.498893,-0.721875
-0.183731,0.328125,-0.503638,-0.721875
-0.203088,0.30625,-0.533686,-0.678125
-0.206368,0.153125,-0.534369,-0.721875
-0.303702,0.328125,-0.547836,-0.7875
-0.307999,0.30625,-0.539797,-0.634375
-0.248333,0.35,-0.530004,-0.65625
-0.305981,0.284375,-0.533304,-0.678125
-0.256928,0.39375,-0.561308,-0.765625
-0.278669,0.35,-0.543093,-0.765625
-0.252875,0.590625,-0.571097,-0.7875
-0.304708,0.13125,-0.55201,-0.809375
-0.385616,0.415625,-0.55501,-0.765625
-0.332782,0.371875,-0.559182,-0.503125
-0.382231,0.525,-0.564799,-0.74375
-0.323582,0.4375,-0.568671,-0.74375
-0.291973,0.371875,-0.574588,-0.7875
-0.268214,0.284375,-0.597358,-0.7875
-0.365548,0.415625,-0.611125,-0.83125
-0.388307,0.6125,-0.614125,-0.765625
-0.300585,0.503125,-0.597945,-0.765625
-0.288456,0.415625,-0.593677,-1.02812
-0.403234,0.240625,-0.620808,-0.896875
-0.408549,0.371875,-0.628469,-0.74375
-0.348883,0.48125,-0.62013,-0.678125
-0.324106,0.240625,-0.609766,-0.83125
-0.311977,0.634375,-0.619162,-0.83125
-0.345348,0.21875,-0.639025,-0.83125
-0.368457,0.109375,-0.653954,-0.853125
-0.420291,0.153125,-0.649686,-0.853125
-0.361643,0.503125,-0.655593,-0.875
-0.418273,0.634375,-0.658893,-0.896875
-0.386664,0.196875,-0.640379,-0.853125
-0.390961,0.13125,-0.659369,-0.984375
-0.366184,0.525,-0.662669,-0.875
-0.445056,0.415625,-0.657819,-0.525
-0.338872,0.525,-0.667797,-0.875
-0.359596,0.525,-0.670797,-0.875
-0.39195,0.503125,-0.674097,-0.853125
-0.413024,0.525,-0.692216,-0.809375
-0.416304,0.525,-0.699577,-0.940625
-0.354603,0.546875,-0.702577,-0.984375
-0.356865,0.2625,-0.712273,-0.9625
-0.406663,0.2625,-0.699282,-0.940625
-0.34598,0.284375,-0.706643,-0.940625
-0.384148,0.0875,-0.719529,-0.9625
-0.370333,0.21875,-0.714688,-0.940625
-0.39004,0.74375,-0.717688,-0.9625
-0.375875,0.503125,-0.729701,-0.9625
-0.376102,0.415625,-0.723106,-0.765625
-0.359902,0.153125,-0.733956,-0.984375
-0.351902,0.546875,-0.735512,-0.984375
-0.38222,0.04375,-0.73764,-0.940625
-0.36602,0.459375,-0.754886,-0.875
-0.403171,0.175,-0.744512,-1.00625
-0.34182,0.13125,-0.760014,-0.984375
-0.361527,0.546875,-0.752547,-1.1375
-0.30942,0.21875,-0.768049,-0.984375
-0.328109,0.35,-0.753614,-1.02812
-0.347148,0.065625,-0.777838,-1.02812
-0.365837,0.175,-0.777921,-0.984375
-0.349987,0.175,-0.767838,-0.984375
-0.368676,0.04375,-0.776943,-0.984375
-0.30529,0.35,-0.779062,-1.00625
-0.335608,0.196875,-0.787295,-0.984375
-0.337203,0.109375,-0.781273,-1.02812
-0.308356,0.13125,-0.788634,-0.984375
-0.291488,0.0875,-0.782612,-1.00625
-0.322156,0.39375,-0.796369,-1.02812
-0.309736,0.48125,-0.800232,-1.02812
-0.309295,0.04375,-0.797127,-1.02812
-0.256521,0.4375,-0.807095,-1.05
-0.27114,0.35,-0.801373,-1.00625
-0.251219,0.4375,-0.802329,-0.809375
-0.302094,0.525,-0.80998,-1.02812
-0.26438,0.371875,-0.806575,-1.02812
-0.260886,0.13125,-0.809566,-0.896875
-0.212909,-0.021875,-0.807332,-1.05
-0.227528,0.30625,-0.804799,-1.15938
-0.189145,0.328125,-0.802856,-1.07187
-0.185652,0.240625,-0.797706,-0.940625
-0.164364,0.30625,-0.782962,-1.02812
-0.159853,0.415625,-0.768517,-1.02812
-0.143712,0.371875,-0.770345,-1.00625
-0.151498,0.240625,-0.754156,-1.05
-0.117913,-0.065625,-0.755112,-1.09375
-0.096975,-0.2625,-0.740367,-1.05
-0.0750194,0.0875,-0.739006,-1.09375
-0.0876028,0,-0.739962,-1.07187
-0.116963,0.04375,-0.724345,-0.9625
-0.0950074,0,-0.71339,-1.05
-0.0545898,0.39375,-0.700971,-1.02812
-0.0681907,-0.196875,-0.696693,-0.9625
-0.0636796,0.0875,-0.683993,-0.940625
-0.0290769,0.30625,-0.673319,-1.05
-0.0361954,-0.065625,-0.662064,-0.940625
-0.0200546,-0.04375,-0.660403,-0.896875
-0.0442676,-0.0875,-0.656134,-1.00625
-0.0202769,0.0875,-0.670464,-0.875
-0.00413611,0.153125,-0.645834,-0.9625
0.0198546,0.021875,-0.659591,-0.853125
-0.0201176,0,-0.65793,-0.83125
0.0349824,0.021875,-0.666154,-0.875
0.0128046,0.065625,-0.654899,-0.896875
0.0330157,-0.0875,-0.656727,-0.896875
0.00743519,-0.21875,-0.646643,-0.896875
0.0410204,-0.04375,-0.638004,-0.9625
-0.000987037,-0.04375,-0.636343,-0.896875
0.0404481,-0.13125,-0.634973,-0.853125
0.0285324,-0.065625,-0.61296,-0.83125
0.0190019,-0.109375,-0.620321,-0.9625
0.0399398,-0.13125,-0.616334,-0.83125
0.0434333,0.109375,-0.615545,-0.875
0.0305,-0.175,-0.610395,-0.875
0.0350111,-0.196875,-0.607862,-0.83125
0.102468,-0.284375,-0.601258,-0.7875
0.0594426,-0.284375,-0.612971,-0.721875
0.0454917,-0.175,-0.61161,-0.721875
0.0664296,-0.240625,-0.617508,-0.765625
0.0534963,-0.065625,-0.598984,-0.721875
0.0754519,0.153125,-0.615349,-0.7
0.0635361,-0.2625,-0.597988,-0.74375
0.0670296,-0.065625,-0.591384,-0.721875
0.0725583,-0.04375,-0.577512,-0.74375
0.0934963,0,-0.565384,-0.809375
0.0969898,-0.4375,-0.539882,-0.91875
0.0840565,-0.328125,-0.528917,-0.853125
0.126509,0.109375,-0.487425,-0.896875
0.144685,-0.0875,-0.438954,-0.896875
0.171729,-0.371875,-0.415197,-0.875
0.18031,0.109375,-0.372541,-0.896875
0.204301,-0.04375,-0.342388,-0.875
0.227274,-0.196875,-0.306129,-0.83125
0.200967,-0.04375,-0.279464,-0.765625
0.206495,-0.04375,-0.273151,-0.765625
0.260578,-0.371875,-0.255208,-0.721875
0.205196,-0.371875,-0.256454,-0.634375
0.278758,-0.546875,-0.280379,-0.634375
0.239804,-0.48125,-0.288021,-0.765625
0.247368,-0.065625,-0.303232,-0.525
0.289153,-0.30625,-0.317571,-0.48125
0.278255,-0.065625,-0.349064,-0.415625
0.266689,0.153125,-0.350329,-0.48125
0.307456,-0.065625,-0.354782,-0.48125
0.259634,-0.371875,-0.393253,-0.48125
0.264495,-0.153125,-0.410499,-0.459375
0.204026,-0.175,-0.412336,-0.56875
0.225314,-0.21875,-0.423477,-0.459375
0.201769,-0.48125,-0.443349,-0.525
0.188168,-0.109375,-0.455071,-0.503125
0.210123,-0.109375,-0.455454,-0.546875
0.213967,0,-0.470666,-0.546875
0.198998,-0.4375,-0.481806,-0.503125
0.183362,-0.2625,-0.491784,-0.634375
0.167376,-0.065625,-0.491004,-0.56875
0.186629,-0.109375,-0.51204,-0.4375
0.190122,-0.459375,-0.513295,-0.590625
0.164892,-0.284375,-0.521529,-0.56875
0.167368,-0.39375,-0.526273,-0.65625
0.134287,-0.109375,-0.536541,-0.678125
0.118301,-0.328125,-0.547391,-0.546875
0.137204,-0.284375,-0.550391,-0.6125
0.136977,0.175,-0.558916,-0.7
0.138435,-0.546875,-0.565404,-0.65625
0.109134,-0.240625,-0.571021,-0.721875
0.110593,-0.04375,-0.565299,-0.721875
0.123013,-0.109375,-0.570043,-0.7
0.124471,-0.153125,-0.570427,-0.74375
0.143374,-0.175,-0.568193,-0.74375
0.144165,-0.153125,-0.558982,-0.74375
0.164085,-0.240625,-0.570704,-0.721875
0.146064,0.065625,-0.567599,-0.7875
0.12941,0.065625,-0.569727,-0.74375
0.129851,-0.196875,-0.563714,-0.765625
0.167566,-0.153125,-0.568458,-0.74375
0.186469,-0.415625,-0.567969,-0.809375
0.187927,-0.196875,-0.570969,-0.809375
0.175344,-0.196875,-0.572225,-0.809375
0.192211,0,-0.567956,-0.765625
0.176225,-0.021875,-0.575608,-0.765625
0.140759,-0.284375,-0.57134,-0.7875
0.194901,-0.284375,-0.576956,-0.83125
0.143008,-0.2625,-0.580829,-0.765625
0.197818,-0.109375,-0.592541,-0.525
0.162702,-0.30625,-0.592634,-0.74375
0.199049,-0.0875,-0.599414,-0.7875
0.146139,-0.328125,-0.609391,-0.7875
0.166059,-0.328125,-0.623149,-0.809375
0.137776,-0.21875,-0.624404,-0.74375
0.184735,0.153125,-0.634382,-0.7875
0.166714,-0.153125,-0.632721,-0.809375
0.148693,-0.30625,-0.654619,-0.7875
0.186407,0.0875,-0.647153,-0.7
0.187866,-0.328125,-0.658293,-0.74375
0.17188,-0.175,-0.659549,-0.9625
0.153858,0.13125,-0.666329,-0.853125
0.153281,-0.240625,-0.670773,-0.83125
0.142443,-0.065625,-0.667667,-1.00625
0.172975,0.0875,-0.661945,-0.7875
0.172398,-0.109375,-0.65913,-0.83125
0.191301,-0.065625,-0.65398,-0.853125
0.191742,-0.021875,-0.640117,-0.875
0.1932,0,-0.642536,-0.896875
0.241527,0.04375,-0.642047,-0.853125
0.215946,0.109375,-0.62614,-0.853125
0.229034,0.0875,-0.628558,-0.7875
0.264364,-0.4375,-0.61644,-0.9625
0.26684,0.109375,-0.608673,-0.91875
0.232392,0.0875,-0.609056,-0.9625
0.251294,0.0875,-0.597229,-0.853125
0.252753,0.109375,-0.594123,-0.7875
0.255579,-0.4375,-0.592462,-0.940625
0.228981,-0.13125,-0.582088,-0.809375
0.295419,-0.415625,-0.567643,-0.83125
0.297895,-0.065625,-0.559586,-0.809375
0.300371,-0.065625,-0.551247,-0.91875
0.267958,-0.13125,-0.552203,-0.7875
0.316953,0.04375,-0.553458,-0.74375
0.291372,-0.04375,-0.548317,-0.765625
0.294198,-0.065625,-0.546384,-0.853125
0.360637,0,-0.552873,-0.74375
0.31898,-0.503125,-0.545416,-0.765625
0.322473,-0.04375,-0.549579,-0.721875
0.336929,-0.634375,-0.549971,-0.765625
0.357867,-0.284375,-0.553843,-0.875
0.314174,-0.30625,-0.556271,-0.74375
0.365204,-0.39375,-0.552293,-0.74375
0.35227,-0.284375,-0.552104,-0.875
0.326022,-0.4375,-0.555104,-0.7875
0.34696,-0.109375,-0.558977,-0.7
0.379878,-0.634375,-0.564893,-0.83125
0.335835,-0.39375,-0.561497,-0.853125
0.355088,-0.546875,-0.57003,-0.765625
0.341137,-0.503125,-0.577682,-0.809375
0.326169,-0.39375,-0.581554,-0.853125
0.375513,-0.459375,-0.57933,-0.7875
0.367377,-0.39375,-0.591343,-0.74375
0.333946,-0.2625,-0.587375,-0.809375
0.354217,-0.2625,-0.595608,-0.875
0.339248,-0.328125,-0.606749,-0.83125
0.377631,-0.35,-0.604525,-0.7875
0.34455,-0.48125,-0.610432,-0.7875
0.36447,-0.175,-0.623027,-0.896875
0.349502,-0.65625,-0.617604,-0.853125
0.369772,-0.371875,-0.637467,-0.7875
0.354804,-0.30625,-0.628838,-0.7875
0.391151,-0.30625,-0.635627,-0.91875
0.359088,-0.371875,-0.642988,-0.7875
0.379008,-0.371875,-0.645116,-0.809375
0.36404,-0.175,-0.654512,-0.809375
0.382943,-0.721875,-0.656067,-0.896875
0.404231,-0.109375,-0.653834,-0.853125
0.371818,-0.371875,-0.664684,-0.853125
0.391738,-0.13125,-0.666812,-0.875
0.393196,-0.7875,-0.663134,-0.940625
0.396022,-0.30625,-0.676019,-0.896875
0.427572,-0.21875,-0.673495,-0.875
0.354456,-0.7875,-0.682019,-0.875
0.420894,-0.765625,-0.678341,-0.91875
0.42372,-0.153125,-0.682214,-0.91875
0.426196,-0.459375,-0.681725,-0.853125
0.411228,-0.6125,-0.705077,-0.984375
0.443795,-0.678125,-0.704006,-0.56875
0.419232,-0.546875,-0.707879,-0.875
0.423744,-0.56875,-0.71583,-0.853125
0.446049,-0.590625,-0.719993,-0.83125
0.480652,-0.7875,-0.718632,-0.853125
0.466701,-0.634375,-0.721632,-0.875
0.489674,-0.634375,-0.708932,-0.83125
0.464094,-0.91875,-0.712223,-0.809375
0.467587,-0.56875,-0.708245,-0.896875
0.501172,-0.65625,-0.70514,-0.984375
0.460532,-0.678125,-0.696219,-1.15938
0.51258,-0.634375,-0.682656,-1.18125
0.517091,-0.896875,-0.680714,-1.02812
0.540064,-0.503125,-0.661617,-1.09375
0.543557,-0.35,-0.640777,-1.05
0.499515,-0.2625,-0.628658,-1.02812
0.503008,-0.21875,-0.617703,-1.00625
0.534558,-0.371875,-0.588721,-1.05
0.520607,-0.853125,-0.581254,-1.05
0.512471,-0.35,-0.566519,-0.9625
0.479041,-0.35,-0.551493,-0.9625
0.563942,-0.503125,-0.540247,-0.896875
0.548973,-0.503125,-0.533653,-0.91875
0.534005,-0.4375,-0.528512,-0.9625
0.536481,-0.56875,-0.524243,-0.91875
0.49142,-0.56875,-0.531604,-0.809375
0.492879,-0.415625,-0.534604,-0.853125
0.512799,-0.721875,-0.535569,-0.809375
0.480386,-0.65625,-0.561829,-0.7875
0.499289,-0.503125,-0.56541,-0.74375
0.483303,-0.590625,-0.571899,-0.765625
0.484761,-0.721875,-0.589145,-0.853125
0.485202,-0.634375,-0.59359,-0.721875
0.457586,-0.503125,-0.609091,-0.765625
0.440582,-0.4375,-0.612091,-0.7875
0.424596,-0.546875,-0.624686,-0.765625
0.41239,-0.39375,-0.625941,-0.853125
0.459349,-0.35,-0.634466,-0.809375
0.441328,-0.6125,-0.628453,-0.83125
0.441769,-0.415625,-0.641338,-0.7875
0.441542,-0.6125,-0.648417,-0.853125
0.413926,-0.74375,-0.635727,-0.809375
0.396255,-0.678125,-0.639899,-0.91875
0.413122,-0.721875,-0.65164,-0.809375
0.395101,-0.459375,-0.640693,-0.875
0.412319,-0.48125,-0.637888,-0.875
0.423371,-0.30625,-0.63421,-0.896875
0.393053,-0.590625,-0.639254,-0.809375
0.392476,-0.240625,-0.630053,-0.896875
0.407658,-0.2625,-0.627247,-0.875
0.371175,-0.6125,-0.625314,-0.91875
0.388393,-0.590625,-0.620473,-0.875
0.371389,-0.503125,-0.613016,-0.853125
0.405701,-0.153125,-0.61806,-0.896875
0.38803,-0.525,-0.623977,-0.896875
0.386435,-0.2625,-0.620299,-0.853125
0.367746,-0.39375,-0.620982,-0.853125
0.33606,-0.503125,-0.614397,-0.853125
0.399446,-0.175,-0.640666,-0.765625
0.363313,-0.7,-0.636988,-0.940625
0.362736,-0.525,-0.643777,-0.809375
0.345732,-0.065625,-0.658116,-0.875
0.379377,-0.21875,-0.65153,-0.896875
0.395227,-0.48125,-0.663843,-0.83125
0.359761,-0.4375,-0.67761,-0.83125
0.374944,-0.809375,-0.682945,-0.853125
0.33846,-0.0875,-0.687117,-0.83125
0.336866,-0.39375,-0.693906,-0.853125
0.334254,-0.196875,-0.700695,-0.875
0.367898,-0.0875,-0.71388,-0.853125
0.366304,-0.459375,-0.710775,-0.896875
0.328803,-0.153125,-0.730938,-0.853125
0.362447,-0.2625,-0.739471,-0.896875
0.313317,-0.04375,-0.733177,-0.91875
0.322334,-0.35,-0.75363,-0.896875
0.355629,-0.21875,-0.74879,-0.940625
0.354384,0.04375,-0.748591,-0.940625
0.316883,-0.56875,-0.760032,-0.91875
0.36864,-0.459375,-0.758099,-0.984375
0.350619,-0.21875,-0.757038,-0.984375
0.349024,-0.7875,-0.762373,-1.05
0.365224,-0.175,-0.763629,-1.00625
0.347203,-0.56875,-0.758206,-1.00625
0.39518,-0.459375,-0.753947,-0.9625
0.365529,-0.0875,-0.752014,-0.984375
0.394026,-0.196875,-0.745419,-1.09375
0.376005,-0.175,-0.733891,-0.984375
0.39424,-0.6125,-0.727597,-1.11563
0.431605,-0.109375,-0.71984,-0.984375
0.443675,-0.546875,-0.721686,-1.05
0.446151,-0.48125,-0.705506,-0.896875
0.419553,-0.546875,-0.688745,-0.984375
0.4716,-0.4375,-0.694362,-0.9625
0.508965,-0.6125,-0.690684,-1.05
0.493996,-0.525,-0.682645,-0.853125
0.479028,-0.2625,-0.680412,-0.91875
0.499298,-0.590625,-0.67121,-1.05
0.530848,-0.634375,-0.671012,-0.91875
0.505268,-0.634375,-0.668206,-0.896875
0.509779,-0.634375,-0.662493,-0.83125
0.51429,-0.6125,-0.648921,-1.00625
0.517783,-0.525,-0.645825,-0.875
0.549333,-0.48125,-0.647671,-0.853125
0.522735,-0.721875,-0.64631,-0.875
0.555303,-0.415625,-0.646121,-0.875
0.546149,-0.4375,-0.639236,-0.853125
0.560255,-0.721875,-0.647188,-0.940625
0.516212,-0.765625,-0.646699,-0.7875
0.51767,-0.546875,-0.639241,-0.875
0.501684,-0.678125,-0.63033,-0.853125
0.522622,-0.7,-0.642925,-0.853125
0.508671,-0.56875,-0.634014,-0.940625
0.527574,-0.7875,-0.634397,-0.91875
0.54953,-0.634375,-0.638569,-0.809375
0.517117,-0.590625,-0.634591,-0.83125
0.505928,-0.459375,-0.626262,-0.896875
0.489942,-0.6125,-0.625773,-0.984375
0.494103,-0.48125,-0.623812,-0.896875
0.512306,-0.83125,-0.615173,-0.9625
0.542488,-0.678125,-0.614956,-0.721875
0.543596,-0.853125,-0.619401,-0.875
0.497169,-0.809375,-0.613951,-0.853125
0.479815,-0.590625,-0.607629,-0.9625
0.479906,-0.525,-0.606249,-0.853125
0.462552,-0.39375,-0.606332,-0.7875
0.513958,-0.7,-0.602627,-0.9625
0.451104,-0.83125,-0.603282,-0.853125
0.415288,-0.590625,-0.589119,-0.853125
0.477974,-0.74375,-0.590647,-0.91875
0.46062,-0.30625,-0.585197,-0.7875
0.477138,-0.35,-0.587597,-1.05
0.476211,-0.4375,-0.573143,-0.809375
0.410304,-0.525,-0.582812,-0.809375
0.425804,-0.415625,-0.578816,-0.83125
0.423859,-0.503125,-0.578599,-0.896875
0.40412,-0.590625,-0.572286,-0.7875
0.374119,-0.30625,-0.57643,-0.678125
0.400231,-0.240625,-0.583482,-0.940625
0.351769,-0.39375,-0.57338,-0.853125
0.376863,-0.415625,-0.562116,-0.765625
0.361921,-0.634375,-0.581969,-0.83125
0.371606,-0.13125,-0.60821,-0.853125
0.338553,-0.634375,-0.604214,-0.853125
0.352018,-0.2625,-0.60923,-0.875
0.283057,-0.2625,-0.602908,-0.83125
0.325246,-0.678125,-0.589027,-0.896875
0.303822,-0.35,-0.61643,-0.765625
0.298825,-0.371875,-0.61913,-0.83125
0.311272,-0.21875,-0.614553,-0.896875
0.259406,-0.196875,-0.603288,-0.853125
0.253392,-0.240625,-0.633308,-0.7875
0.195044,0.021875,-0.60896,-0.91875
0.24203,-0.48125,-0.647993,-0.91875
0.217553,-0.328125,-0.637891,-0.896875
0.228982,0.153125,-0.617032,-0.74375
0.124116,-0.4375,-0.631934,-0.809375
0.15264,-0.021875,-0.642475,-0.91875
0.0990889,-0.284375,-0.649236,-0.896875
0.203556,-0.04375,-0.647275,-0.91875
0.0867093,-0.065625,-0.631649,-0.83125
0.190158,0.021875,-0.634049,-0.91875
0.0726444,-0.30625,-0.658836,-0.83125
0.065262,-0.04375,-0.637104,-0.940625
0.0698593,-0.2625,-0.639504,-0.83125
0.161679,-0.35,-0.665164,-0.721875
0.165926,-0.525,-0.651573,-0.7875
0.0367824,0.153125,-0.665603,-0.91875
0.0875481,-0.284375,-0.66713,-0.853125
0.0223676,-0.04375,-0.666041,-0.853125
0.0153352,-0.21875,-0.665534,-0.83125
0.00795278,-0.13125,-0.675203,-0.940625
0.111402,-0.04375,-0.681091,-0.896875
0.104019,-0.021875,-0.666629,-0.853125
0.0620981,-0.240625,-0.684147,-0.940625
-0.0205269,0.04375,-0.685675,-0.875
-0.0289269,0.021875,-0.690391,-0.896875
-0.0243296,0.065625,-0.671567,-0.875
-0.0433417,0.13125,-0.689086,-0.984375
-0.0503741,-0.0875,-0.705732,-0.896875
-0.0577565,0.13125,-0.697666,-0.809375
-0.0658065,0.0875,-0.702682,-0.853125
-0.0263204,0.153125,-0.701593,-0.875
-0.00361111,0.04375,-0.701949,-1.00625
-0.028088,0.175,-0.711327,-0.875
-0.0180259,0.04375,-0.705877,-0.896875
-0.100651,0.240625,-0.712056,-0.984375
-0.0498852,0.0875,-0.714456,-0.9625
-0.102419,0.240625,-0.718301,-0.9625
-0.121431,0.21875,-0.710234,-1.11563
-0.0809269,0.13125,-0.716995,-1.11563
-0.0407731,0.153125,-0.715034,-0.853125
-0.139825,0.04375,-0.720341,-0.984375
-0.0890593,0.196875,-0.711975,-1.00625
-0.153572,0.175,-0.717864,-0.91875
-0.06655,0.04375,-0.71503,-0.940625
-0.0903593,0.109375,-0.718293,-1.15938
-0.077912,0.109375,-0.728843,-0.896875
-0.101371,0.065625,-0.709438,-0.853125
-0.0427556,0.153125,-0.713582,-0.896875
-0.111716,0.13125,-0.717445,-0.896875
-0.05275,0.13125,-0.701238,-0.896875
-0.139155,0.065625,-0.709462,-0.9625
-0.109613,0.0875,-0.703721,-0.984375
-0.0670741,-0.0875,-0.700016,-0.940625
-0.0536093,-0.065625,-0.693121,-0.896875
-0.104457,-0.175,-0.695521,-0.9625
-0.0968074,-0.04375,-0.683966,-0.91875
-0.0484537,0.0875,-0.696551,-0.940625
-0.0873222,-0.175,-0.681216,-0.91875
-0.0731898,-0.109375,-0.683616,-0.984375
-0.0576898,-0.021875,-0.687479,-0.940625
-0.0493722,-0.065625,-0.680284,-0.896875
-0.0639639,-0.04375,-0.685301,-0.896875
-0.0542787,-0.109375,-0.668221,-0.91875
-0.0391287,0,-0.67819,-0.91875
-0.0236287,-0.021875,-0.675356,-0.940625
-0.023538,0.04375,-0.677756,-0.940625
-0.0432769,0.196875,-0.667073,-0.940625
-0.0267593,-0.0875,-0.668029,-0.809375
-0.00753889,0.021875,-0.661416,-0.9625
0.0206083,0.065625,-0.662362,-0.9625
0.00223704,-0.13125,-0.660401,-0.896875
0.00299537,-0.459375,-0.65466,-0.940625
0.00206852,-0.21875,-0.650382,-0.940625
0.0366981,-0.153125,-0.655399,-0.896875
0.0378065,-0.175,-0.645297,-0.9625
0.0690065,-0.284375,-0.649732,-0.83125
0.0601704,0.284375,-0.658238,-0.896875
0.0739259,-0.196875,-0.653369,-0.984375
0.0921287,-0.284375,-0.648219,-0.91875
0.0768102,-0.109375,-0.645095,-0.875
0.0785861,-0.240625,-0.653019,-0.91875
0.132028,0,-0.654256,-0.896875
0.0989148,-0.328125,-0.666541,-0.940625
0.118485,-0.328125,-0.666325,-0.896875
0.120261,-0.2625,-0.669306,-0.91875
0.151461,-0.04375,-0.67723,-0.809375
0.14466,-0.0875,-0.682247,-1.09375
0.150856,-0.328125,-0.692497,-0.875
0.119779,-0.153125,-0.694325,-0.896875
0.169441,-0.109375,-0.712425,-0.91875
0.159587,-0.175,-0.718604,-0.91875
0.226694,-0.21875,-0.72711,-0.940625
0.194598,-0.371875,-0.731254,-0.896875
0.151891,-0.240625,-0.749645,-1.09375
0.203588,-0.065625,-0.752917,-0.940625
0.195043,-0.240625,-0.755317,-1.1375
0.217666,0.109375,-0.760334,-0.984375
0.20505,-0.4375,-0.768258,-0.91875
0.226656,-0.175,-0.778508,-0.875
0.213022,-0.2625,-0.770441,-1.00625
0.204186,-0.240625,-0.783308,-1.00625
0.20733,-0.240625,-0.785999,-1.00625
0.221753,-0.459375,-0.778214,-1.02812
0.260803,-0.39375,-0.782358,-1.00625
0.247169,-0.109375,-0.77778,-1.00625
0.268425,-0.7,-0.769714,-0.9625
0.23668,-0.04375,-0.778219,-1.00625
0.320881,-0.284375,-0.785271,-1.00625
0.277156,-0.284375,-0.792904,-1.05
0.311408,-0.109375,-0.798793,-1.02812
0.315219,-0.153125,-0.797704,-1.05
0.319031,-0.30625,-0.796616,-1.05
0.311562,-0.284375,-0.805984,-1.05
0.315373,-0.21875,-0.804023,-1.07187
0.349276,-0.21875,-0.802934,-1.07187
0.335993,-0.74375,-0.81173,-1.09375
0.374693,-0.35,-0.803664,-1.05
0.362077,-0.240625,-0.824671,-1.11563
0.349461,-0.328125,-0.803803,-1.07187
0.389179,-0.30625,-0.815216,-1.05
0.410784,-0.30625,-0.824584,-1.07187
0.364297,-0.328125,-0.822323,-0.9625
0.357496,-0.459375,-0.816873,-1.02812
0.408844,-0.328125,-0.821008,-1.09375
0.378783,-0.328125,-0.818175,-1.07187
0.418501,-0.415625,-0.798469,-0.984375
0.443827,-0.39375,-0.785169,-1.07187
0.434264,-0.525,-0.802388,-1.05
0.422666,-0.39375,-0.775414,-1.02812
0.426827,-0.459375,-0.774325,-1.07187
0.415229,-0.371875,-0.774099,-1.18125
0.420057,-0.56875,-0.758764,-1.05
0.479255,-0.56875,-0.753014,-1.02812
0.496731,-0.590625,-0.72604,-1.02812
0.556945,-0.590625,-0.718845,-1.00625
0.449548,-0.56875,-0.699721,-1.05
0.507728,-0.6125,-0.68583,-1.02812
0.49613,-0.74375,-0.661773,-1.1375
0.521456,-0.65625,-0.656023,-1.00625
0.539949,-0.7,-0.640388,-0.9625
0.537219,-0.7,-0.628541,-1.07187
0.557747,-0.74375,-0.632095,-1.09375
0.564611,-0.721875,-0.623729,-0.9625
0.589937,-0.7875,-0.63049,-0.984375
0.579356,-1.00625,-0.613691,-0.91875
0.587238,-0.7875,-0.632654,-0.984375
0.56401,-0.525,-0.638243,-0.853125
0.552412,-0.678125,-0.645004,-0.896875
0.558258,-0.7,-0.659316,-0.721875
0.545643,-0.7875,-0.664032,-1.00625
0.568933,-0.940625,-0.669621,-0.896875
0.609669,-0.74375,-0.673466,-0.7875
0.562164,-0.634375,-0.696508,-1.02812
0.584437,-1.15938,-0.69134,-1.15938
0.571471,-0.35,-0.698673,-0.7875
0.592727,-0.634375,-0.701936,-0.853125
0.597556,-0.721875,-0.731366,-0.875
0.602384,-0.590625,-0.732021,-1.07187
0.589769,-0.35,-0.723654,-1.00625
0.58195,-0.56875,-0.733895,-0.9625
0.585761,-0.525,-0.731634,-1.02812
0.573145,-0.371875,-0.730245,-0.940625
0.558494,-0.65625,-0.732345,-0.83125
0.532214,-0.371875,-0.737934,-0.91875
0.59862,-0.853125,-0.735673,-1.05
0.538469,-0.634375,-0.738364,-0.940625
0.552892,-0.546875,-0.72709,-0.940625
0.57313,-0.853125,-0.72948,-0.9625
0.593368,-0.678125,-0.736232,-1.00625
0.549643,-0.56875,-0.730482,-0.9625
0.563716,-0.6125,-0.721825,-0.9625
0.536418,-0.7875,-0.722471,-0.896875
0.520749,-0.74375,-0.715849,-0.9625
0.587506,-0.83125,-0.704866,-0.91875
0.572855,-0.65625,-0.688358,-0.91875
0.610537,-0.546875,-0.685225,-0.940625
0.578092,-0.91875,-0.673951,-0.91875
0.597312,-0.83125,-0.67983,-0.9625
0.582661,-0.65625,-0.671464,-0.896875
0.573825,-0.525,-0.66019,-0.9625
0.587898,-0.9625,-0.659091,-0.9625
0.625581,-0.546875,-0.659447,-0.984375
0.61093,-0.65625,-0.636834,-0.940625
0.631168,-0.6125,-0.635445,-1.05
0.59974,-0.984375,-0.61981,-1.00625
0.619978,-0.809375,-0.612897,-1.02812
0.640216,-0.56875,-0.590284,-0.984375
0.643009,-0.525,-0.590349,-0.9625
0.610564,-0.678125,-0.58111,-0.9625
0.601728,-0.896875,-0.568373,-0.91875
0.615133,-0.721875,-0.575997,-0.896875
0.606297,-0.91875,-0.549314,-0.91875
0.608741,-0.809375,-0.559554,-0.91875
0.611534,-0.415625,-0.561364,-0.83125
0.579439,-0.9625,-0.561719,-0.809375
0.580865,-0.371875,-0.558295,-0.83125
0.582641,-0.9625,-0.593821,-0.7875
0.618956,-0.7,-0.600854,-0.853125
0.603955,-0.809375,-0.59713,-0.7875
0.541768,-0.809375,-0.621027,-0.74375
0.558603,-0.940625,-0.633866,-0.83125
0.506678,-0.765625,-0.639154,-0.765625
0.570031,-0.459375,-0.645606,-0.809375
0.587884,-0.875,-0.658445,-0.809375
0.5052,-0.7875,-0.655884,-0.83125
0.491944,-0.678125,-0.669014,-0.853125
0.501946,-0.91875,-0.670814,-0.853125
0.452783,-0.91875,-0.665345,-0.875
0.515119,-0.853125,-0.682836,-0.875
0.495031,-0.678125,-0.667773,-0.896875
0.481774,-0.65625,-0.665784,-0.91875
0.444241,-0.7875,-0.675434,-0.853125
0.396445,-0.175,-0.670256,-0.896875
0.392783,-0.21875,-0.671756,-0.9625
0.454102,-0.678125,-0.66716,-1.11563
0.404939,-0.721875,-0.669532,-0.984375
0.413924,-0.590625,-0.648364,-0.9625
0.412297,-0.2625,-0.672832,-0.9625
0.395988,-0.35,-0.664747,-0.9625
0.392326,-0.153125,-0.670899,-0.896875
0.353775,-0.765625,-0.667175,-0.91875
0.385002,-0.196875,-0.67856,-0.940625
0.391952,-0.021875,-0.652449,-0.940625
0.324677,-0.21875,-0.684186,-0.875
0.402422,-0.503125,-0.688303,-0.9625
0.352242,-0.765625,-0.665099,-0.940625
0.377654,-0.721875,-0.697708,-0.940625
0.307994,-0.503125,-0.701253,-0.940625
0.33922,-0.35,-0.706241,-0.940625
0.317096,-0.0875,-0.683038,-1.18125
0.348323,-0.6125,-0.688027,-0.940625
0.343644,-0.546875,-0.692143,-0.83125
0.320502,-0.678125,-0.695688,-0.91875
0.269304,-0.371875,-0.707945,-0.9625
0.329605,-0.240625,-0.732414,-0.9625
0.259944,-0.459375,-0.722875,-0.984375
0.266894,-0.30625,-0.715362,-1.02812
0.296086,-0.503125,-0.715999,-1.15938
0.227444,-0.415625,-0.739014,-0.984375
0.239191,-0.30625,-0.753888,-1.00625
0.234511,-0.590625,-0.754525,-1.05
0.258906,-0.39375,-0.731021,-1.05
0.236781,-0.503125,-0.752291,-0.940625
0.248529,-0.35,-0.750303,-1.05
0.243849,-0.35,-0.73931,-1.07187
0.239169,-0.48125,-0.757091,-0.9625
0.215678,-0.35,-0.747834,-1.02812
0.181924,-0.4375,-0.747299,-0.9625
0.222745,-0.546875,-0.749971,-1.00625
0.234493,-0.525,-0.787232,-1.02812
0.212369,-0.175,-0.777975,-1.225
0.177597,-0.459375,-0.787616,-1.00625
0.119567,-0.284375,-0.789416,-1.05
0.114887,-0.0875,-0.789753,-1.05
0.173153,-0.240625,-0.793288,-1.15938
0.168473,0.04375,-0.78403,-0.984375
0.217144,-0.153125,-0.782041,-0.984375
0.159781,-0.109375,-0.808554,-1.09375
0.188973,-0.153125,-0.789703,-1.09375
0.137775,-0.21875,-0.799925,-1.11563
0.162169,-0.153125,-0.808693,-1.07187
0.110971,-0.240625,-0.82444,-1.09375
0.136383,-0.065625,-0.816054,-1.05
0.131704,-0.175,-0.816682,-1.11563
0.180375,-0.196875,-0.821971,-1.09375
0.158919,-0.153125,-0.823471,-1.05
0.155256,-0.0875,-0.827006,-1.11563
0.168021,-0.328125,-0.827634,-1.09375
0.175989,-0.240625,-0.832623,-1.11563
0.143253,-0.04375,-0.844008,-1.11563
0.158053,-0.240625,-0.842329,-1.09375
0.183815,-0.415625,-0.849953,-1.09375
0.163726,-0.2625,-0.846519,-1.11563
0.213415,-0.21875,-0.870716,-1.11563
0.212138,-0.21875,-0.856525,-1.09375
0.192049,-0.2625,-0.856008,-1.1375
0.208217,-0.371875,-0.861297,-1.11563
0.205572,-0.175,-0.87241,-1.1375
0.233019,-0.04375,-0.872466,-1.09375
0.185224,-0.0875,-0.861191,-1.1375
0.212671,-0.13125,-0.875493,-1.11563
0.212062,-0.065625,-0.877884,-1.09375
0.22823,-0.109375,-0.881429,-1.09375
0.226603,-0.13125,-0.890797,-1.11563
0.272512,-0.284375,-0.88998,-1.11563
0.291732,-0.2625,-0.899058,-1.07187
0.275714,-0.39375,-0.911616,-1.20312
0.295602,-0.39375,-0.898888,-1.18125
0.29636,-0.415625,-0.907956,-1.18125
0.297786,-0.415625,-0.919069,-1.18125
0.334101,-0.196875,-0.912147,-1.26875
0.337912,-0.284375,-0.92296,-1.225
0.36943,-0.35,-0.927967,-1.15938
0.389318,-0.48125,-0.920173,-1.18125
0.393129,-0.459375,-0.922273,-1.29062
0.39659,-0.525,-0.926108,-1.18125
0.399033,-0.590625,-0.922675,-1.20312
0.403512,-0.74375,-0.911691,-1.15938
0.436397,-0.371875,-0.897501,-1.1375
0.439858,-0.546875,-0.882729,-1.225
0.444337,-0.721875,-0.896458,-1.35625
0.502167,-0.503125,-0.864532,-1.11563
0.490569,-0.6125,-0.863134,-1.15938
0.496065,-0.853125,-0.858256,-1.15938
0.530635,-0.896875,-0.853079,-1.26875
0.525519,-0.809375,-0.861856,-1.09375
0.542645,-0.65625,-0.859014,-1.18125
0.566954,-0.91875,-0.838717,-1.11563
0.590912,-0.853125,-0.837901,-1.20312
0.61487,-0.7,-0.833595,-1.02812
0.605975,-0.875,-0.826101,-1.20312
0.640545,-0.7875,-0.821795,-1.11563
0.637815,-0.984375,-0.803243,-1.11563
0.660029,-0.83125,-0.805043,-1.26875
0.622059,-0.809375,-0.795514,-1.26875
0.632644,-0.4375,-0.789464,-1.1375
0.687711,-0.853125,-0.793008,-1.24687
0.667186,-0.74375,-0.782597,-1.24687
0.705827,-0.91875,-0.775384,-1.11563
0.668207,-0.91875,-0.780391,-1.07187
0.693183,-0.7,-0.763584,-1.09375
0.664808,-0.896875,-0.770617,-1.15938
0.673357,-0.91875,-0.763695,-1.11563
0.651815,-0.896875,-0.762879,-1.20312
0.689438,-0.91875,-0.759445,-1.11563
0.730841,-1.05,-0.760373,-1.00625
0.689819,-0.896875,-0.754332,-0.809375
0.676853,-0.984375,-0.756423,-1.1375
0.664237,-1.00625,-0.747466,-0.984375
0.651271,-1.00625,-0.746649,-0.9625
0.690639,-1.07187,-0.761823,-0.940625
0.677673,-1.15938,-0.751412,-1.09375
0.699596,-0.65625,-0.758445,-0.984375
0.640112,-0.48125,-0.767514,-0.9625
0.672647,-0.6125,-0.772803,-0.984375
0.665496,-0.74375,-0.776638,-0.9625
0.681605,-0.56875,-0.776984,-0.940625
0.672419,-0.590625,-0.782273,-0.940625
0.642008,-0.4375,-0.788725,-0.940625
0.645469,-0.590625,-0.790816,-0.896875
0.683819,-0.56875,-0.784766,-0.940625
0.716355,-0.678125,-0.769993,-0.9625
0.691759,-0.459375,-0.763943,-0.875
0.69522,-0.4375,-0.753532,-1.00625
0.710311,-0.91875,-0.73876,-1.05
0.748661,-1.15938,-0.72486,-1.09375
0.688159,-0.9625,-0.704564,-1.20312
0.757619,-0.678125,-0.679906,-1.1375
0.744653,-0.896875,-0.663971,-1.11563
0.749131,-1.02812,-0.640186,-1.1375
0.802164,-0.940625,-0.621334,-1.09375
0.780621,-1.18125,-0.614412,-1.05
0.767306,-1.00625,-0.588291,-1.00625
0.756375,-1.11563,-0.573229,-1.02812
0.795743,-1.05,-0.56776,-0.984375
0.804292,-0.853125,-0.552979,-0.940625
0.826215,-0.853125,-0.545766,-0.91875
0.831711,-0.83125,-0.555988,-0.896875
0.818395,-1.29062,-0.546158,-0.853125
0.775338,-1.24687,-0.567138,-0.83125
0.791446,-1.18125,-0.573299,-0.809375
0.765833,-1.18125,-0.58701,-0.7875
0.834275,-1.1375,-0.601021,-0.83125
0.802497,-1.02812,-0.600777,-0.7875
0.805958,-0.940625,-0.602286,-0.7875
0.781363,-0.9625,-0.621521,-0.525
0.766362,-0.984375,-0.639312,-0.83125
0.740399,-0.875,-0.654767,-0.91875
0.771917,-0.765625,-0.656567,-0.896875
0.725806,-0.940625,-0.668534,-0.7875
0.745694,-0.9625,-0.675858,-0.940625
0.711881,-1.05,-0.683464,-0.853125
0.665771,-0.7,-0.681775,-0.74375
0.630273,-1.02812,-0.687636,-0.896875
0.66557,-0.678125,-0.693497,-0.91875
0.628705,-0.765625,-0.698786,-0.940625
0.64554,-0.896875,-0.695925,-0.91875
0.626469,-0.765625,-0.692491,-1.00625
0.611844,-0.7875,-0.700097,-0.940625
0.6092,-0.91875,-0.707121,-0.9625
0.590129,-0.83125,-0.692058,-0.7
0.56969,-0.634375,-0.695303,-0.9625
0.549601,-0.7875,-0.689825,-0.9625
0.546956,-0.984375,-0.685519,-1.18125
0.561406,-0.7875,-0.687019,-0.984375
0.558762,-0.896875,-0.683867,-0.984375
0.526026,-0.809375,-0.684795,-1.02812
0.552106,-0.546875,-0.682806,-0.9625
0.519369,-0.91875,-0.679945,-1.00625
0.515707,-0.809375,-0.675049,-0.9625
0.511695,-0.853125,-0.66551,-0.9625
0.472127,-0.765625,-0.659741,-0.9625
0.504371,-0.503125,-0.669091,-0.9625
0.499342,-0.56875,-0.644716,-0.9625
0.49568,-0.896875,-0.677625,-0.9625
0.456779,-0.371875,-0.662262,-0.940625
0.51708,-0.721875,-0.660854,-1.02812
0.419363,-0.721875,-0.665843,-0.9625
0.416369,-0.74375,-0.672877,-0.9625
0.458207,-0.65625,-0.677866,-0.9625
0.453178,-0.6125,-0.682854,-0.9625
0.46696,-0.634375,-0.688716,-0.9625
0.444836,-0.74375,-0.693704,-0.875
0.440824,-0.678125,-0.699566,-1.05
0.389626,-0.56875,-0.704854,-0.9625
0.349707,-0.503125,-0.709843,-0.9625
0.444897,-0.634375,-0.715704,-0.940625
0.423441,-0.546875,-0.721566,-0.940625
0.383872,-0.634375,-0.726554,-0.984375
0.332674,-0.459375,-0.731543,-1.07187
0.344071,-0.6125,-0.734788,-1.02812
0.384893,-0.590625,-0.738904,-0.940625
0.361401,-0.6125,-0.743021,-1.00625
0.375183,-0.525,-0.755579,-1.20312
0.287729,-0.503125,-0.770453,-1.11563
0.364456,-0.525,-0.754799,-0.91875
0.341982,-0.39375,-0.769673,-1.02812
0.308229,-0.56875,-0.761288,-1.02812
0.349718,-0.634375,-0.778197,-1.02812
0.326576,-0.503125,-0.766032,-1.02812
0.337973,-0.546875,-0.790791,-1.09375
0.34972,-0.7,-0.804793,-1.05
0.262266,-0.525,-0.799025,-1.05
0.227494,-0.30625,-0.800825,-1.05
0.298057,-0.503125,-0.813954,-1.09375
0.310822,-0.371875,-0.803825,-1.09375
0.258606,-0.371875,-0.821616,-1.05
0.271021,-0.284375,-0.817882,-1.00625
0.31286,-0.35,-0.824043,-1.09375
0.290386,-0.525,-0.835429,-1.05
0.221744,-0.6125,-0.836056,-1.02812
0.298471,-0.4375,-0.83524,-1.00625
0.275997,-0.39375,-0.834995,-1.07187
0.308242,-0.4375,-0.835623,-1.00625
0.303212,-0.39375,-0.845264,-0.896875
0.282106,-0.459375,-0.844447,-1.1375
0.295538,-0.503125,-0.838097,-1.09375
0.274431,-0.503125,-0.849191,-1.09375
0.286846,-0.415625,-0.83848,-1.09375
0.313276,-0.6125,-0.846386,-1.11563
0.262745,-0.503125,-0.844397,-1.11563
0.325081,-0.525,-0.844153,-1.11563
0.303625,-0.525,-0.853793,-1.15938
0.335869,-0.0875,-0.856466,-1.11563
0.332875,-0.721875,-0.839358,-1.15938
0.330231,-0.2625,-0.85336,-1.1375
0.309792,-0.153125,-0.852243,-1.15938
0.308165,-0.4375,-0.850254,-1.15938
0.306188,-0.590625,-0.848566,-1.20312
0.322006,-0.503125,-0.861695,-1.20312
0.367565,-0.634375,-0.854473,-1.20312
0.3844,-0.459375,-0.868475,-1.09375
0.331107,-0.459375,-0.861253,-1.20312
0.364369,-0.371875,-0.868277,-1.1375
0.328521,-0.284375,-0.857275,-1.20312
0.380245,-0.459375,-0.860238,-1.09375
0.362859,-0.765625,-0.866099,-1.225
0.409436,-0.678125,-0.865854,-1.20312
0.3924,-0.546875,-0.85776,-1.11563
0.41092,-0.30625,-0.870017,-1.15938
0.413364,-0.415625,-0.845932,-1.11563
0.449329,-0.6125,-0.854701,-1.07187
0.434995,-0.39375,-0.85969,-1.15938
0.465495,-0.634375,-0.845199,-1.11563
0.437497,-0.48125,-0.845245,-1.1375
0.486459,-0.56875,-0.839477,-1.18125
0.459479,-0.4375,-0.836616,-1.15938
0.491664,-0.56875,-0.830266,-1.05
0.476663,-0.48125,-0.834673,-1.09375
0.562199,-0.6125,-0.837045,-1.225
0.547866,-0.4375,-0.842906,-1.1375
0.539697,-0.590625,-0.831323,-1.05
0.542808,-0.7,-0.829334,-1.11563
0.528825,-0.634375,-0.831706,-1.225
0.56101,-0.590625,-0.818088,-1.09375
0.61849,-0.853125,-0.821623,-1.05
0.622969,-0.65625,-0.818471,-1.15938
0.593226,-0.9625,-0.806888,-1.15938
0.662335,-0.875,-0.80548,-1.1375
0.650387,-0.940625,-0.808725,-1.07187
0.59157,-1.11563,-0.791617,-1.11563
0.66068,-0.896875,-0.806191,-1.09375
0.666844,-0.91875,-0.804203,-1.09375
0.690802,-0.7875,-0.815297,-1.18125
0.731855,-0.74375,-0.810691,-1.05
0.720574,-0.678125,-0.818297,-1.07187
0.690164,-0.853125,-0.812529,-1.11563
0.665219,-0.678125,-0.825658,-1.15938
0.687809,-0.7,-0.82773,-1.11563
0.704585,-0.721875,-0.836499,-1.07187
0.698452,-0.896875,-0.838871,-1.1375
0.750117,-0.83125,-0.828741,-1.15938
0.656411,-0.809375,-0.838964,-1.15938
0.713891,-0.83125,-0.836675,-1.11563
0.700925,-0.91875,-0.833814,-1.1375
0.670165,-0.896875,-0.831825,-1.20312
0.674294,-0.940625,-0.826929,-1.15938
0.696884,-0.896875,-0.834234,-1.1375
0.718807,-1.15938,-0.824395,-1.09375
0.688047,-0.83125,-0.828512,-1.225
0.70962,-1.09375,-0.820999,-1.07187
0.712731,-0.875,-0.824243,-1.11563
0.698748,-0.984375,-0.832721,-0.9625
0.655341,-0.91875,-0.832777,-1.20312
0.64034,-0.896875,-0.83166,-1.18125
0.67834,-1.09375,-0.840138,-1.07187
0.664006,-0.896875,-0.844554,-1.09375
0.702356,-0.809375,-0.847799,-1.09375
0.687006,-0.940625,-0.851043,-1.1375
0.641913,-0.853125,-0.864173,-1.07187
0.624527,-0.7,-0.861321,-1.05
0.609176,-0.809375,-0.87009,-1.20312
0.627029,-1.00625,-0.873334,-1.1375
0.645549,-0.940625,-0.884719,-1.1375
0.610719,-0.809375,-0.878669,-1.1375
0.647033,-0.74375,-0.892671,-1.29062
0.565684,-0.9625,-0.88603,-1.1375
0.583187,-0.91875,-0.898288,-1.09375
0.583595,-0.91875,-0.889621,-1.15938
0.582636,-0.765625,-0.887632,-1.225
0.595342,-0.9625,-0.890295,-1.15938
0.583103,-0.91875,-0.888306,-1.15938
0.630697,-0.65625,-0.883701,-1.1375
0.630756,-0.896875,-0.884619,-1.18125
0.583278,-0.940625,-0.880886,-1.1375
0.566242,-0.940625,-0.867567,-1.11563
0.613836,-1.00625,-0.865869,-1.1375
0.631339,-0.875,-0.856612,-1.18125
0.586246,-0.896875,-0.861019,-1.15938
0.633841,-0.7875,-0.836062,-1.18125
0.617472,-0.896875,-0.840179,-1.1375
0.683529,-0.91875,-0.836445,-1.18125
0.638436,-0.721875,-0.826606,-1.20312
0.639512,-0.6125,-0.818512,-1.20312
0.704551,-0.7875,-0.798788,-1.20312
0.642681,-1.05,-0.805521,-1.11563
0.691644,-0.9625,-0.791321,-1.18125
0.647219,-1.20312,-0.778875,-1.225
0.743367,-1.15938,-0.773979,-1.20312
0.734848,-0.875,-0.76036,-1.225
0.736942,-1.05,-0.763604,-1.18125
0.74142,-1.09375,-0.752603,-1.1375
0.755144,-1.24687,-0.75323,-1.1375
0.729181,-0.9625,-0.750369,-1.1375
0.732292,-0.678125,-0.754767,-1.15938
0.735403,-0.984375,-0.748417,-1.11563
0.756308,-1.26875,-0.761256,-1.09375
0.759419,-1.11563,-0.757232,-1.09375
0.775178,-0.875,-0.762221,-1.05
0.730753,-1.00625,-0.773316,-1.05
0.715402,-0.984375,-0.785282,-1.05
0.769829,-0.91875,-0.794923,-1.05
0.754828,-0.721875,-0.801656,-1.05
0.710403,-0.896875,-0.807517,-1.09375
0.693017,-1.11563,-0.820356,-1.11563
0.712555,-1.02812,-0.826217,-1.07187
0.713631,-1.11563,-0.833523,-1.07187
0.744798,-0.896875,-0.838512,-1.09375
0.698338,-1.20312,-0.842629,-1.05
0.680952,-1.1375,-0.84878,-1.07187
0.663916,-0.721875,-0.851153,-1.11563
0.651327,-1.07187,-0.854397,-1.18125
0.663015,-1.18125,-0.856469,-1.11563
0.650426,-0.7875,-0.864075,-1.1375
0.662114,-0.853125,-0.862086,-1.1375
0.632081,-1.02812,-0.864458,-1.20312
0.631121,-1.09375,-0.863923,-1.18125
0.646589,-0.896875,-0.865123,-1.15938
0.609723,-0.7,-0.86953,-1.05
0.626208,-0.984375,-0.868995,-1.1375
0.589343,-0.7875,-0.870495,-1.26875
0.60481,-0.678125,-0.871695,-1.15938
0.555297,-0.721875,-0.87523,-1.20312
0.583762,-0.91875,-0.882836,-1.18125
0.600247,-0.83125,-0.87824,-1.20312
0.551084,-0.721875,-0.881203,-1.18125
0.566552,-0.83125,-0.880967,-1.26875
0.564575,-0.721875,-0.882767,-1.18125
0.544486,-0.809375,-0.890964,-1.225
0.589028,-0.74375,-0.88723,-1.20312
0.604495,-0.678125,-0.897753,-1.225
0.538906,-0.853125,-0.899553,-1.11563
0.553356,-0.7875,-0.890886,-1.18125
0.532917,-0.65625,-0.904897,-1.20312
0.560364,-0.634375,-0.901164,-1.18125
0.546757,-0.91875,-0.902091,-1.18125
0.555393,-0.65625,-0.897786,-1.225
0.524692,-0.678125,-0.895225,-1.20312
0.521697,-0.765625,-0.895853,-1.20312
0.518703,-0.721875,-0.905503,-1.37813
0.53452,-0.853125,-0.895673,-1.15938
0.496637,-0.721875,-0.89194,-1.225
0.541179,-0.65625,-0.898101,-1.15938
0.527922,-0.984375,-0.88769,-1.20312
0.508501,-0.721875,-0.903445,-1.18125
0.523969,-0.721875,-0.900584,-1.33438
0.505565,-0.721875,-0.906745,-1.225
0.569936,-0.809375,-0.909417,-1.1375
0.522458,-0.896875,-0.913825,-1.225
0.503037,-0.896875,-0.919986,-1.20312
0.500393,-0.896875,-0.91538,-1.20312
0.498416,-0.809375,-0.923286,-1.1375
0.54601,-0.65625,-0.941077,-1.18125
0.527606,-0.65625,-0.93996,-1.24687
0.515018,-0.74375,-0.942632,-1.24687
0.543482,-0.91875,-0.938899,-1.225
0.49804,-0.7,-0.947967,-1.225
0.496063,-1.02812,-0.945406,-1.225
0.524178,-0.809375,-0.942545,-1.29062
0.558457,-0.74375,-0.951614,-1.33438
0.574943,-0.634375,-0.957475,-1.26875
0.520632,-0.853125,-0.955204,-1.33438
0.539153,-0.678125,-0.954088,-1.20312
0.520749,-0.284375,-0.955016,-1.3125
0.574158,-0.74375,-0.948666,-1.29062
0.510604,-0.721875,-0.949884,-1.29062
0.540754,-0.7,-0.944406,-1.42188
0.605793,-0.74375,-0.938356,-1.24687
0.605851,-0.7875,-0.940147,-1.24687
0.589482,-0.74375,-0.927701,-1.26875
0.577911,-1.07187,-0.917862,-1.53125
0.578319,-0.678125,-0.908323,-1.225
0.609487,-0.634375,-0.898193,-1.225
0.657081,-0.896875,-0.902901,-1.15938
0.64551,-0.875,-0.891027,-1.24687
0.676678,-0.74375,-0.893399,-1.24687
0.662344,-0.875,-0.886477,-1.18125
0.634346,-1.02812,-0.874893,-1.225
0.617978,-0.896875,-0.872332,-1.18125
0.656995,-0.74375,-0.871216,-1.15938
0.688513,-1.15938,-0.867191,-1.29062
0.690606,-0.984375,-0.866375,-1.20312
0.710144,-1.11563,-0.869038,-1.24687
0.778236,-0.853125,-0.858908,-1.15938
0.733811,-1.07187,-0.854603,-1.26875
0.701016,-0.91875,-0.85523,-1.1375
0.685665,-1.11563,-0.852951,-1.1375
0.723665,-1.11563,-0.846901,-1.09375
0.773294,-0.809375,-0.842877,-1.24687
0.776406,-0.7,-0.848156,-1.1375
0.732998,-0.721875,-0.839771,-1.07187
0.735092,-0.7875,-0.846804,-1.1375
0.738203,-0.853125,-0.850049,-1.225
0.740296,-0.984375,-0.85591,-1.11563
0.725963,-0.896875,-0.866723,-1.1375
0.77661,-0.91875,-0.862699,-1.11563
0.73422,-1.1375,-0.865943,-1.1375
0.754776,-0.940625,-0.868316,-1.24687
0.739425,-1.09375,-0.870688,-1.20312
0.777425,-1.05,-0.870743,-1.15938
0.764109,-1.09375,-0.873988,-1.18125
0.749776,-1.07187,-0.879849,-1.18125
0.775419,-1.07187,-0.876116,-1.29062
0.800045,-1.05,-0.868603,-1.225
0.7908,-1.11563,-0.881732,-1.225
0.74841,-1.1375,-0.87858,-1.20312
0.781613,-1.09375,-0.888503,-1.15938
0.799783,-1.11563,-0.883025,-1.225
0.786468,-1.09375,-0.892375,-0.853125
0.760505,-1.20312,-0.89213,-1.18125
0.729744,-1.07187,-0.889551,-1.42188
0.748265,-1.05,-0.89483,-1.07187
0.76882,-1.05,-0.903308,-1.15938
0.771581,-1.11563,-0.911786,-1.07187
0.737769,-1.00625,-0.913858,-1.09375
0.710788,-0.9625,-0.923499,-1.225
0.740938,-1.00625,-0.92936,-1.26875
0.743031,-1.00625,-0.926499,-1.18125
0.761202,-0.91875,-0.93206,-1.05
0.715759,-0.940625,-0.936177,-1.44375
0.716835,-0.984375,-0.935932,-1.55313
0.718929,-0.875,-0.933643,-1.225
0.731634,-0.984375,-0.933399,-1.18125
0.721748,-1.00625,-0.943621,-1.24687
0.77036,-1.11563,-0.938716,-1.24687
0.7239,-1.18125,-0.942832,-1.24687
0.771494,-0.940625,-0.945495,-1.18125
0.690813,-1.02812,-0.93681,-1.59688
0.727795,-1.02812,-0.940054,-1.26875
0.677556,-1.05,-0.940101,-1.225
0.743612,-1.09375,-0.937521,-1.24687
0.730673,-1.24687,-0.935532,-1.29062
0.713287,-1.15938,-0.945745,-1.26875
0.712328,-0.984375,-0.951025,-1.33438
0.712036,-1.05,-0.943212,-1.26875
0.713112,-0.984375,-0.955469,-1.15938
0.729597,-0.984375,-0.950854,-1.1375
0.730673,-1.1375,-0.947121,-1.33438
0.730381,-1.05,-0.956762,-1.18125
0.714013,-0.984375,-0.949821,-1.09375
0.715089,-0.984375,-0.948123,-1.225
0.69837,-1.07187,-0.941473,-1.225
0.74393,-1.11563,-0.935995,-1.225
0.743988,-1.20312,-0.932834,-1.225
0.762158,-0.984375,-0.928229,-1.15938
0.743755,-1.05,-0.92594,-1.44375
0.743813,-1.225,-0.907079,-1.29062
0.742504,-1.15938,-0.910323,-1.3125
0.74358,-1.18125,-0.89466,-1.3125
0.743638,-1.02812,-0.886566,-1.37813
0.761808,-0.9625,-0.875554,-1.33438
0.761867,-1.18125,-0.864553,-1.3125
0.798499,-1.15938,-0.84889,-1.33438
0.799575,-0.91875,-0.840495,-1.4
0.783206,-1.09375,-0.826004,-1.29062
0.766488,-0.9625,-0.83331,-1.26875
0.737472,-1.15938,-0.817075,-1.29062
0.76829,-1.05,-0.813623,-1.26875
0.788845,-1.11563,-0.815695,-1.225
0.795009,-1.09375,-0.809054,-1.24687
0.824809,-1.07187,-0.80473,-1.15938
0.816291,-1.18125,-0.818141,-1.1375
0.799572,-1.20312,-0.831271,-1.09375
0.802683,-1.11563,-0.835088,-1.15938
0.769888,-1.3125,-0.826403,-1.18125
0.770614,-1.09375,-0.857549,-1.05
0.788117,-1.24687,-0.858177,-1.18125
0.807305,-1.07187,-0.87246,-1.09375
0.789919,-1.07187,-0.877149,-1.1375
0.742091,-1.11563,-0.883301,-1.09375
0.759594,-1.05,-0.89584,-1.1375
0.739822,-1.09375,-0.902273,-1.15938
0.721419,-1.07187,-0.907253,-1.1375
0.754998,-1.11563,-0.909325,-1.20312
0.720168,-1.00625,-0.909662,-1.24687
0.688767,-0.9625,-0.914641,-1.15938
0.715864,-0.9625,-0.915841,-1.18125
0.696093,-0.91875,-0.911517,-1.225
0.71156,-1.15938,-0.904295,-1.15938
0.691789,-1.07187,-0.909856,-1.24687
0.6792,-0.853125,-0.921523,-1.225
0.705947,-1.09375,-0.906732,-1.29062
0.687544,-0.91875,-0.911712,-1.29062
0.739585,-0.459375,-0.912921,-1.07187
0.657219,-0.91875,-0.915866,-1.26875
0.654892,-0.940625,-0.901947,-1.29062
0.653932,-0.91875,-0.920882,-1.35625
0.682715,-0.9625,-0.920338,-1.50937
0.700218,-0.896875,-0.915432,-1.05
0.682481,-0.875,-0.932632,-1.3125
0.668875,-0.896875,-0.937612,-1.29062
0.649104,-0.896875,-0.937649,-1.18125
0.647127,-0.91875,-0.932743,-1.3125
0.6448,-1.11563,-0.939177,-1.24687
0.672565,-1.09375,-0.934271,-1.3125
0.660994,-1.02812,-0.93896,-1.3125
0.659684,-0.984375,-0.95586,-1.33438
0.641281,-1.00625,-0.955316,-1.24687
0.637936,-1.09375,-0.95826,-1.29062
0.635959,-0.940625,-0.968473,-1.3125
0.633632,-0.984375,-0.96851,-1.3125
0.632323,-0.875,-0.971454,-1.33438
0.649826,-0.853125,-0.96306,-1.50937
0.647499,-0.91875,-0.969493,-1.3125
0.657819,-0.853125,-0.99279,-1.26875
0.626769,-0.984375,-0.987012,-1.33438
0.653516,-0.91875,-0.986177,-1.35625
0.651539,-0.896875,-0.990284,-1.37813
0.6386,-0.896875,-0.996717,-1.37813
0.637291,-1.02812,-0.993556,-1.33438
0.620922,-0.984375,-1.00261,-1.29062
0.665114,-0.875,-1.0073,-1.33438
0.635748,-0.853125,-1.00588,-1.37813
0.662845,-0.853125,-1.01057,-1.3125
0.615018,-0.7875,-1.00828,-1.35625
0.630135,-0.7875,-1.01646,-1.37813
0.612749,-0.940625,-1.0194,-1.37813
0.610422,-0.765625,-1.02176,-1.35625
0.573206,-0.91875,-1.02092,-1.29062
0.607136,-0.765625,-1.02561,-1.29062
0.605827,-0.940625,-1.04018,-1.24687
0.619927,-0.7875,-1.04865,-1.35625
0.630597,-0.875,-1.04549,-1.37813
0.582769,-0.896875,-1.04058,-1.29062
0.580443,-0.7875,-1.05922,-1.33438
0.596578,-1.00625,-1.06245,-1.4
0.611028,-0.74375,-1.05493,-1.37813
0.637775,-0.7875,-1.06863,-1.35625
0.570468,-0.74375,-1.06896,-1.37813
0.60338,-0.853125,-1.06027,-1.44375
0.583608,-0.7,-1.05478,-1.37813
0.562819,-0.809375,-1.04813,-1.42188
0.624456,-0.56875,-1.05224,-1.42188
0.623496,-0.74375,-1.0418,-1.37813
0.603725,-0.984375,-1.03689,-1.44375
0.589769,-0.7875,-1.01512,-1.46562
0.599071,-0.765625,-1.00789,-1.37813
0.633001,-0.9625,-0.996291,-1.37813
0.649136,-0.875,-0.976558,-1.4
0.648844,-1.09375,-0.95479,-1.46562
0.647535,-0.940625,-0.953073,-1.35625
0.628781,-1.07187,-0.936538,-1.3125
0.657914,-0.9625,-0.921166,-1.29062
0.676084,-1.00625,-0.906075,-1.4
0.67681,-1.09375,-0.902041,-1.50937
0.631018,-0.940625,-0.904114,-1.46562
0.678262,-0.875,-0.906758,-1.46562
0.632819,-0.984375,-0.888479,-1.3125
0.697508,-0.984375,-0.885017,-1.225
0.683843,-0.91875,-0.884473,-1.18125
0.704048,-1.02812,-0.884801,-1.1375
0.707827,-1.05,-0.867966,-1.20312
0.691108,-0.91875,-0.867421,-1.18125
0.662093,-1.11563,-0.874717,-1.15938
0.673431,-1.05,-0.86894,-1.29062
0.691601,-0.91875,-0.862871,-1.15938
0.757307,-0.7875,-0.872212,-1.1375
0.728292,-1.09375,-0.866143,-1.1375
0.665055,-1.225,-0.868516,-1.20312
0.693837,-0.91875,-0.860993,-1.1375
0.677469,-1.1375,-0.860158,-1.11563
0.712066,-1.07187,-0.876477,-1.20312
0.677903,-1.1375,-0.859069,-1.18125
0.695056,-0.896875,-0.861141,-1.11563
0.695114,-1.24687,-0.858853,-1.18125
0.677378,-1.00625,-0.860925,-1.26875
0.678104,-1.07187,-0.86823,-1.1375
0.666182,-1.225,-0.86158,-1.26875
0.631002,-1.11563,-0.864525,-1.225
0.676561,-1.05,-0.86369,-1.1375
0.693714,-1.15938,-0.862273,-1.1375
0.67496,-0.984375,-0.869579,-1.225
0.610706,-0.875,-0.87543,-1.225
0.644635,-0.875,-0.866745,-1.18125
0.625881,-0.896875,-0.86969,-1.18125
0.645069,-0.875,-0.87844,-1.24687
0.626316,-0.875,-0.882256,-1.26875
0.643469,-0.7875,-0.877351,-1.18125
0.671583,-0.875,-0.884656,-1.3125
0.623756,-0.940625,-0.880332,-1.3125
0.606019,-0.875,-0.882404,-1.20312
0.594098,-0.83125,-0.889129,-1.4875
0.640325,-0.853125,-0.901667,-1.3125
0.593515,-0.853125,-0.89589,-1.29062
0.622647,-0.83125,-0.898534,-1.15938
0.576855,-0.853125,-0.911073,-1.29062
0.591972,-0.7875,-0.904423,-1.24687
0.590663,-0.875,-0.905623,-1.29062
0.619445,-0.809375,-0.91729,-1.24687
0.59008,-0.809375,-0.908304,-1.35625
0.58877,-0.7875,-0.914156,-1.24687
0.551555,-0.809375,-0.915356,-1.24687
0.598131,-0.74375,-0.919173,-1.20312
0.550304,-0.83125,-0.926479,-1.55313
0.595513,-0.83125,-0.924762,-1.20312
0.594204,-0.809375,-0.927706,-1.225
0.629819,-0.809375,-0.936756,-1.26875
0.630544,-0.809375,-0.926327,-1.24687
0.564255,-0.875,-0.933332,-1.29062
0.58039,-0.7875,-0.928427,-1.225
0.592745,-0.853125,-0.933116,-1.44375
0.591436,-0.875,-0.950588,-1.26875
0.626033,-0.875,-0.955277,-1.26875
0.643536,-0.83125,-0.962001,-1.09375
0.64528,-0.896875,-0.964354,-1.3125
0.628561,-0.91875,-0.968171,-1.4
0.630305,-0.896875,-0.980129,-0.765625
0.611551,-0.940625,-0.981901,-1.18125
0.647166,-1.02812,-0.997347,-1.29062
0.69441,-0.896875,-0.998256,-1.3125
0.675656,-0.9625,-0.994795,-1.29062
0.6774,-1.00625,-1.01809,-1.44375
0.63059,-0.940625,-1.01899,-1.35625
0.647743,-0.940625,-1.03531,-1.42188
0.660098,-0.875,-1.03477,-1.42188
0.661842,-0.91875,-1.03683,-1.37813
0.698474,-0.940625,-1.04326,-1.37813
0.700218,-0.940625,-1.05143,-1.46562
0.702979,-0.91875,-1.05001,-1.4
0.68626,-1.02812,-1.07068,-1.35625
0.669542,-0.940625,-1.0745,-1.35625
0.686694,-1.00625,-1.09866,-1.35625
0.669976,-0.896875,-1.09114,-1.3125
0.752109,-0.83125,-1.08884,-1.33438
0.736408,-1.00625,-1.09353,-1.33438
0.755596,-0.940625,-1.086,-1.4
0.692359,-1.225,-1.08022,-1.37813
0.739604,-1.07187,-1.07384,-1.37813
0.693461,-1.07187,-1.05381,-1.42188
0.760185,-0.940625,-1.04394,-1.4
0.780391,-1.37813,-1.04746,-1.46562
0.811876,-1.20312,-1.02974,-1.46562
0.814637,-1.24687,-1.01378,-1.46562
0.788324,-1.1375,-0.996934,-1.59688
0.790068,-1.09375,-0.983879,-1.50937
0.821553,-1.35625,-0.966743,-1.42188
0.79524,-1.15938,-0.954269,-1.4875
0.828093,-1.33438,-0.931029,-1.4875
0.86641,-1.18125,-0.910704,-1.46562
0.851727,-1.1375,-0.89008,-1.44375
0.891412,-1.18125,-0.872082,-1.44375
0.894841,-1.33438,-0.861053,-1.42188
0.863731,-1.33438,-0.848279,-1.37813
0.867509,-1.1375,-0.851795,-1.33438
0.824419,-1.33438,-0.85036,-1.3125
0.873699,-1.15938,-0.832062,-1.29062
0.860033,-1.11563,-0.839067,-1.24687
0.863462,-1.11563,-0.847227,-1.20312
0.867241,-1.11563,-0.881853,-1.20312
0.868984,-1.02812,-0.880708,-1.29062
0.842321,-1.1375,-0.906021,-1.18125
0.809176,-1.26875,-0.91826,-1.20312
0.810919,-1.1375,-0.930199,-1.15938
0.764777,-1.26875,-0.931671,-1.20312
0.782947,-1.07187,-0.936632,-1.20312
0.783673,-1.18125,-0.957884,-1.15938
0.813123,-1.09375,-0.966334,-1.24687
0.801202,-1.24687,-0.968679,-1.24687
0.736597,-1.20312,-0.967834,-1.225
0.735288,-1.00625,-0.984425,-1.24687
0.668998,-1.18125,-0.980664,-1.29062
0.678969,-1.18125,-0.986497,-1.29062
0.695104,-1.00625,-0.987097,-1.29062
0.728333,-1.07187,-0.987997,-1.3125
0.673673,-1.225,-0.984236,-1.3125
0.672364,-1.15938,-0.992686,-1.35625
0.639595,-0.91875,-0.980784,-1.33438
0.601362,-1.07187,-0.992141,-1.37813
0.61613,-1.07187,-0.987808,-1.4
0.660321,-1.1375,-0.988408,-1.37813
0.656627,-0.896875,-0.980867,-1.33438
0.655318,-1.15938,-0.981467,-1.3125
0.641361,-0.853125,-0.98294,-1.35625
0.62124,-0.875,-0.98354,-1.35625
0.636357,-0.678125,-0.987919,-1.37813
0.597774,-0.809375,-0.985912,-1.4
0.612892,-1.05,-0.983023,-1.33438
0.639289,-1.09375,-0.973738,-1.33438
0.625332,-1.09375,-0.971721,-1.26875
0.652747,-1.00625,-0.970577,-1.35625
0.632976,-1.09375,-0.972921,-1.35625
0.631317,-0.83125,-0.977882,-1.37813
0.62899,-0.7875,-0.976738,-1.33438
0.627331,-1.00625,-0.977919,-1.4
0.594912,-1.09375,-0.989277,-1.35625
0.623694,-1.11563,-0.998599,-1.33438
0.638462,-0.9625,-0.994838,-1.35625
0.637153,-1.11563,-0.980901,-1.3125
0.634476,-1.05,-1.01261,-1.33438
0.615722,-1.05,-0.992858,-1.33438
0.613045,-0.875,-1.0173,-1.33438
0.612754,-0.896875,-1.01703,-1.4
0.610077,-0.984375,-1.01297,-1.4
0.643306,-0.896875,-1.03305,-1.37813
0.64098,-0.896875,-1.03627,-1.37813
0.620858,-0.9625,-1.04588,-1.35625
0.602105,-0.875,-1.0491,-1.33438
0.634317,-0.765625,-1.05581,-1.35625
0.615563,-1.00625,-1.06804,-1.3125
0.595442,-0.74375,-1.0727,-1.37813
0.593115,-0.678125,-1.06894,-1.37813
0.643789,-0.809375,-1.08465,-1.35625
0.590146,-1.05,-1.08147,-1.37813
0.604914,-0.9625,-1.09545,-1.42188
0.621049,-0.678125,-1.08907,-1.42188
0.649481,-0.940625,-1.10392,-1.42188
0.583192,-1.11563,-1.11121,-1.4
0.617789,-0.83125,-1.10892,-1.42188
0.615112,-0.91875,-1.11274,-1.44375
0.632265,-0.940625,-1.1247,-1.20312
0.643603,-0.765625,-1.12619,-1.50937
0.643311,-0.721875,-1.11605,-1.53125
0.644037,-1.00625,-1.11638,-1.50937
0.613654,-0.765625,-1.11409,-1.55313
0.642436,-0.74375,-1.10395,-1.53125
0.677033,-0.853125,-1.10602,-1.46562
0.695204,-0.984375,-1.09501,-1.33438
0.678135,-1.09375,-1.0936,-1.55313
0.661417,-0.91875,-1.07997,-1.4875
0.679587,-1.07187,-1.07942,-1.575
0.699793,-0.984375,-1.07452,-1.44375
0.714183,-1.05,-1.05275,-1.46562
0.716944,-1.02812,-1.06122,-1.4
0.718688,-1.1375,-1.0534,-1.44375
0.75497,-1.05,-1.04384,-1.55313
0.721825,-1.09375,-1.03283,-1.4875
0.775902,-0.896875,-1.04362,-1.42188
0.743774,-1.00625,-1.02999,-1.42188
0.745518,-1.07187,-1.02567,-1.46562
0.765373,-1.00625,-1.02716,-1.37813
0.786596,-1.18125,-1.02545,-1.42188
0.800987,-1.29062,-1.01619,-1.55313
0.791101,-1.3125,-1.01447,-1.37813
0.7754,-1.02812,-1.02468,-1.35625
0.741905,-1.07187,-1.02414,-1.4
0.744666,-1.37813,-1.00557,-1.50937
0.798743,-1.24687,-1.02828,-1.35625
0.784059,-1.225,-1.00883,-1.3125
0.802897,-1.26875,-1.00916,-1.35625
0.788214,-1.29062,-1.00309,-1.46562
0.755069,-1.00625,-1.00429,-1.35625
0.727738,-1.05,-0.996467,-1.33438
0.776,-1.20312,-0.991271,-1.35625
0.759949,-1.24687,-0.982586,-1.44375
0.814026,-1.18125,-0.988438,-1.3125
0.780881,-1.20312,-0.984686,-1.29062
0.76483,-1.1375,-0.984141,-1.35625
0.754944,-0.984375,-0.987958,-1.46562
0.738225,-1.02812,-0.986541,-1.35625
0.757413,-1.225,-0.991803,-1.29062
0.785845,-1.00625,-0.994747,-1.35625
0.770144,-1.15938,-0.996529,-1.44375
0.740779,-1.09375,-0.99394,-1.37813
0.741155,-1.11563,-1.0059,-1.3125
0.740863,-1.18125,-1.00854,-1.35625
0.741589,-1.11563,-1.00596,-1.42188
0.694429,-0.984375,-1.01617,-1.37813
0.694137,-1.09375,-1.01591,-1.33438
0.693845,-1.15938,-1.02176,-1.35625
0.722278,-1.225,-1.01744,-1.46562
0.704542,-1.1375,-1.02096,-1.35625
0.756583,-1.05,-1.03117,-1.37813
0.690961,-1.18125,-1.03294,-1.37813
0.636301,-0.9625,-1.03414,-1.4875
0.669881,-1.11563,-1.03301,-1.4
0.632315,-0.91875,-1.03711,-1.37813
0.649468,-1.05,-1.03976,-1.50937
0.665603,-1.07187,-1.0427,-1.53125
0.663944,-0.875,-1.04157,-1.42188
0.709153,-0.875,-1.04451,-1.4
0.642513,-0.9625,-1.04541,-1.44375
0.641204,-0.875,-1.03963,-1.55313
0.591341,-0.9625,-1.0449,-1.44375
0.618756,-0.940625,-1.04784,-1.42188
0.634891,-0.853125,-1.05048,-1.44375
0.66812,-0.875,-1.05343,-1.64062
0.631922,-1.02812,-1.04822,-1.44375
0.676114,-1.02812,-1.05466,-1.37813
0.645381,-0.91875,-1.03782,-1.4
0.609182,-0.896875,-1.06082,-1.53125
0.62395,-0.896875,-1.04137,-1.35625
0.604179,-0.896875,-1.05971,-1.42188
0.654853,-0.940625,-1.0638,-1.44375
0.635749,-0.9625,-1.05829,-1.4875
0.617663,-1.02812,-1.07371,-1.42188
0.651243,-0.9625,-1.07402,-1.37813
0.614694,-0.91875,-1.07985,-1.42188
0.63048,-0.853125,-1.08306,-1.53125
0.657894,-0.91875,-1.08511,-1.4
0.627161,-0.896875,-1.09617,-1.4875
0.608407,-1.05,-1.09416,-1.44375
0.624193,-1.00625,-1.10143,-1.50937
0.605089,-0.940625,-1.11017,-1.29062
0.621892,-1.00625,-1.11222,-1.4
0.649306,-0.91875,-1.12241,-1.575
0.620608,-0.853125,-1.11922,-1.46562
0.637761,-1.00625,-1.12506,-1.42188
0.618657,-0.896875,-1.13175,-1.42188
0.63546,-1.02812,-1.14457,-1.575
0.616356,-1.07187,-1.14312,-1.46562
0.662233,-1.07187,-1.14458,-1.42188
0.644147,-0.896875,-1.15565,-1.68437
0.679762,-1.09375,-1.15799,-1.4875
0.633619,-1.00625,-1.15597,-1.61875
0.644607,-0.940625,-1.16179,-1.4875
0.632336,-1.02812,-1.17024,-1.4875
0.679231,-1.07187,-1.17956,-1.50937
0.662162,-1.1375,-1.1784,-1.50937
0.679982,-1.1375,-1.18278,-1.4875
0.680358,-0.503125,-1.2046,-1.55313
0.699546,-0.9625,-1.17583,-1.50937
0.712569,-0.984375,-1.16683,-1.46562
0.717016,-0.984375,-1.16538,-1.50937
0.754316,-1.225,-1.15988,-1.53125
0.710208,-1.02812,-1.13925,-1.55313
0.743729,-1.18125,-1.13518,-1.575
0.762567,-1.00625,-1.12445,-1.50937
0.797105,-1.05,-1.11515,-1.59688
0.801551,-1.24687,-1.09801,-1.59688
0.776256,-1.11563,-1.09133,-1.6625
0.797129,-1.07187,-1.07768,-1.64062
0.801575,-1.1375,-1.05589,-1.6625
0.836113,-1.225,-1.04746,-1.55313
0.856986,-1.15938,-1.02014,-1.26875
0.880912,-1.225,-1.0065,-1.59688
0.852505,-1.24687,-0.979467,-1.55313
0.838489,-1.225,-0.959997,-1.55313
0.878842,-1.18125,-0.955645,-1.55313
0.868896,-1.225,-0.953629,-1.46562
0.918844,-1.26875,-0.951893,-1.26875
0.847697,-1.18125,-0.941436,-1.44375
0.916106,-1.09375,-0.949295,-1.37813
0.867202,-1.26875,-0.95134,-1.35625
0.869613,-1.3125,-0.985947,-1.33438
0.84295,-1.15938,-0.966777,-1.33438
0.845361,-1.18125,-0.987429,-1.33438
0.847772,-1.11563,-1.01884,-1.26875
0.815294,-1.20312,-1.02612,-1.20312
0.851927,-1.1375,-1.02089,-1.3125
0.806802,-0.940625,-1.05317,-1.29062
0.789733,-1.18125,-1.0526,-1.33438
0.75522,-0.984375,-1.07151,-1.35625
0.753561,-0.984375,-1.08519,-1.4
0.74129,-1.1375,-1.082,-1.33438
0.752278,-0.91875,-1.08957,-1.42188
0.768063,-1.09375,-1.09249,-1.42188
0.719885,-1.05,-1.0954,-1.46562
0.718226,-1.02812,-1.09658,-1.4875
0.716567,-1.02812,-1.09513,-1.42188
0.696445,-0.7875,-1.09921,-1.4875
0.64725,-1.09375,-1.09602,-1.50937
0.673647,-1.225,-1.09807,-1.55313
0.658991,-1.02812,-1.08412,-1.1375
0.685388,-0.83125,-1.07308,-1.46562
0.665267,-1.05,-1.0635,-1.53125
0.633516,-0.765625,-1.06583,-1.53125
0.629821,-1.09375,-1.06148,-1.53125
0.657236,-0.7875,-1.05393,-1.4875
0.672004,-0.91875,-1.04987,-1.53125
0.651882,-0.721875,-1.03998,-1.44375
0.667668,-0.7875,-1.04726,-1.44375
0.647546,-0.765625,-1.03855,-1.42188
0.663331,-0.6125,-1.04321,-1.46562
0.661672,-0.7875,-1.03479,-1.46562
0.706531,-1.11563,-1.00949,-1.44375
0.676466,-0.809375,-1.04495,-1.4
0.639918,-1.15938,-1.04815,-1.46562
0.673147,-0.9625,-1.02577,-1.44375
0.654044,-0.896875,-1.04233,-1.4
0.670496,-0.940625,-1.0368,-1.4
0.668837,-1.05,-1.05337,-1.44375
0.668195,-0.809375,-1.04784,-1.44375
0.668221,-1.09375,-1.06209,-1.29062
0.666562,-0.590625,-1.08301,-1.4
0.684382,-0.7875,-1.09348,-1.4
0.665279,-1.00625,-1.09958,-1.44375
0.681731,-0.721875,-1.10394,-1.44375
0.645183,-0.853125,-1.10422,-1.44375
0.690043,-0.896875,-1.12283,-1.46562
0.641515,-1.00625,-1.11119,-1.46562
0.687392,-0.896875,-1.13765,-1.44375
0.677156,-1.00625,-1.14345,-1.46562
0.656684,-0.91875,-1.16584,-1.46562
0.638598,-1.05,-1.1699,-1.42188
0.654383,-0.83125,-1.15943,-1.46562
0.670836,-0.896875,-1.1696,-1.46562
0.67223,-1.00625,-1.17774,-1.50937
0.654144,-0.39375,-1.18035,-1.55313
0.684261,-1.02812,-1.18558,-1.55313
0.683619,-0.875,-1.19953,-1.575
0.70144,-0.940625,-1.19516,-1.55313
0.701466,-1.18125,-1.19603,-1.55313
0.738766,-1.02812,-1.19137,-1.61875
0.723732,-0.940625,-1.19689,-1.53125
0.706314,-0.853125,-1.19427,-1.50937
0.755244,-0.809375,-1.18786,-1.6625
0.747043,-0.940625,-1.18641,-1.61875
0.749104,-0.984375,-1.17012,-1.61875
0.829143,-0.984375,-1.15848,-1.59688
0.821959,-0.984375,-1.13464,-1.70625
0.836668,-1.18125,-1.11835,-1.61875
0.81204,-1.07187,-1.10496,-1.55313
0.796656,-1.225,-1.08635,-1.75
0.848639,-1.15938,-1.07442,-1.75
0.85512,-1.24687,-1.07412,-1.59688
0.879714,-1.11563,-1.0529,-1.53125
0.901605,-1.33438,-1.05871,-1.61875
0.887589,-1.3125,-1.05579,-1.53125
0.90913,-1.225,-1.05084,-1.4875
0.878687,-1.35625,-1.06072,-1.44375
0.934099,-1.35625,-1.06217,-1.42188
0.902639,-1.50937,-1.06274,-1.50937
0.907085,-1.44375,-1.07291,-1.4
0.945053,-1.24687,-1.0764,-1.42188
0.884519,-1.575,-1.07261,-1.46562
0.899227,-1.33438,-1.08394,-1.37813
0.890008,-1.35625,-1.08625,-1.35625
0.893437,-1.3125,-1.07723,-1.53125
0.879071,-1.37813,-1.10456,-1.42188
0.910556,-1.35625,-1.06792,-1.42188
0.900988,-1.33438,-1.07489,-1.46562
0.885955,-1.4,-1.07546,-1.53125
0.869904,-1.37813,-1.06353,-1.46562
0.889409,-1.225,-1.04811,-1.46562
0.9113,-1.26875,-1.06555,-1.42188
0.895917,-1.24687,-1.04751,-1.44375
0.865474,-1.33438,-1.05449,-1.55313
0.884312,-1.09375,-1.04954,-1.44375
0.868929,-1.4,-1.03877,-1.46562
0.840231,-1.18125,-1.04981,-1.46562
0.869331,-1.1375,-1.04776,-1.575
0.870724,-1.24687,-1.03932,-1.55313
0.85912,-1.15938,-1.04687,-1.44375
0.842052,-1.37813,-1.04134,-1.42188
0.842078,-1.37813,-1.03813,-1.46562
0.806547,-1.42188,-1.04859,-1.59688
0.805906,-1.29062,-1.04451,-1.44375
0.794302,-1.20312,-1.03985,-1.42188
0.822734,-1.11563,-1.05467,-1.42188
0.775224,-1.07187,-1.05582,-1.55313
0.791009,-1.18125,-1.04942,-1.44375
0.771556,-1.1375,-1.06336,-1.44375
0.768879,-1.1375,-1.04678,-1.44375
0.730963,-1.07187,-1.0517,-1.50937
0.746748,-0.9625,-1.0668,-1.44375
0.726277,-1.07187,-1.05253,-1.4
0.72325,-1.11563,-1.07227,-1.42188
0.721241,-1.09375,-1.05247,-1.53125
0.718564,-0.940625,-1.07658,-1.44375
0.70289,-0.896875,-1.07045,-1.4
0.699863,-1.09375,-1.06781,-1.46562
0.643485,-1.11563,-1.07302,-1.575
0.692124,-0.91875,-1.07386,-1.4875
0.654208,-0.91875,-1.07558,-1.46562
0.669644,-0.896875,-1.07293,-1.4875
0.648505,-0.896875,-1.05866,-1.55313
0.681384,-0.896875,-1.07027,-1.44375
0.642451,-0.853125,-1.07838,-1.44375
0.609332,-0.940625,-1.07283,-1.70625
0.634712,-0.7875,-1.05856,-1.55313
0.630668,-0.875,-1.06318,-1.44375
0.625606,-0.896875,-1.07711,-1.44375
0.657468,-0.875,-1.06022,-1.46562
0.636329,-0.875,-1.05845,-1.55313
0.61484,-0.875,-1.06976,-1.4875
0.609778,-0.83125,-1.05984,-1.4
0.604716,-0.9625,-1.08831,-1.4
0.571947,-0.984375,-1.09177,-1.575
0.614421,-0.83125,-1.07837,-1.42188
0.563858,-0.853125,-1.09695,-1.50937
0.572461,-0.853125,-1.09169,-1.55313
0.633397,-0.74375,-1.07538,-1.42188
0.584202,-0.875,-1.09686,-1.53125
0.580157,-0.9625,-1.10381,-1.46562
0.557651,-0.83125,-1.0814,-1.46562
0.524532,-0.83125,-1.12237,-1.44375
0.567356,-0.765625,-1.11245,-1.4875
0.56433,-0.809375,-1.11068,-1.4875
0.595174,-0.91875,-1.10804,-1.1375
0.574703,-0.984375,-1.11411,-1.42188
0.553564,-0.74375,-1.13095,-1.46562
0.584408,-0.940625,-1.12307,-1.20312
0.581381,-0.74375,-1.12158,-1.75
0.543466,-0.875,-1.12533,-1.4875
0.558901,-0.7875,-1.14304,-1.53125
0.574686,-0.83125,-1.13662,-1.4875
0.584306,-0.678125,-1.13833,-1.575
0.617186,-0.984375,-1.15081,-1.575
0.597732,-0.83125,-1.14729,-1.61875
0.549555,-0.83125,-1.15394,-1.64062
0.577637,-0.83125,-1.16118,-1.61875
0.59409,-0.83125,-1.1565,-1.42188
0.61156,-1.05,-1.16985,-1.44375
0.57568,-0.91875,-1.16807,-1.59688
0.626354,-0.809375,-1.1724,-1.46562
0.638009,-0.83125,-1.17935,-1.64062
0.638035,-0.853125,-1.1767,-1.64062
0.610005,-0.83125,-1.18482,-1.64062
0.611048,-0.809375,-1.18798,-1.64062
0.629886,-0.83125,-1.19784,-1.61875
0.631947,-0.875,-1.20333,-1.50937
0.662065,-0.91875,-1.20796,-1.575
0.643629,-0.875,-1.2149,-1.61875
0.697006,-0.9625,-1.21574,-1.55313
0.697381,-0.896875,-1.20815,-1.53125
0.697407,-0.91875,-1.21044,-1.46562
0.710081,-0.940625,-1.20722,-1.575
0.681032,-0.91875,-1.20457,-1.50937
0.71115,-0.91875,-1.19581,-1.50937
0.765894,-1.02812,-1.18532,-1.53125
0.749494,-1.07187,-1.16668,-1.55313
0.768999,-0.765625,-1.16752,-1.64062
0.753616,-1.18125,-1.14452,-1.575
0.784751,-1.15938,-1.12792,-1.575
0.778585,-1.09375,-1.11626,-1.64062
0.781664,-1.20312,-1.10024,-1.6625
0.849723,-1.07187,-1.07781,-1.72812
0.869519,-1.05,-1.06092,-1.64062
0.875651,-1.29062,-1.04607,-1.59688
0.815117,-1.02812,-1.02597,-1.59688
0.883176,-1.18125,-1.01722,-1.575
0.840754,-1.09375,-0.996249,-1.575
0.815776,-1.15938,-0.984591,-1.53125
0.865373,-1.15938,-0.969145,-1.53125
0.886914,-1.20312,-0.960977,-1.4875
0.901972,-1.26875,-0.968499,-1.4875
0.924531,-1.29062,-0.938816,-1.44375
0.910165,-1.20312,-0.96698,-1.26875
0.866725,-1.29062,-0.985269,-1.35625
0.787379,-1.18125,-0.98058,-1.33438
0.872215,-1.1375,-0.994508,-1.35625
0.857849,-1.29062,-0.995634,-1.29062
0.877355,-1.29062,-1.00549,-1.35625
0.926952,-1.33438,-1.00575,-1.35625
0.834958,-1.20312,-1.03508,-1.35625
0.790501,-1.24687,-1.04958,-1.35625
0.772415,-1.11563,-1.05944,-1.3125
0.772441,-1.26875,-1.05969,-1.37813
0.738595,-1.07187,-1.07042,-1.35625
0.772493,-1.1375,-1.07533,-1.42188
0.771501,-1.11563,-1.07587,-1.42188
0.736638,-1.20312,-1.08486,-1.4
0.706922,-1.09375,-1.08889,-1.50937
0.669006,-1.00625,-1.09497,-1.46562
0.668015,-0.896875,-1.0929,-1.225
0.664988,-0.875,-1.08646,-1.70625
0.661961,-0.896875,-1.09894,-1.4875
0.678414,-0.940625,-1.07739,-1.53125
0.65931,-0.896875,-1.0788,-1.50937
0.627209,-1.05,-1.06831,-1.50937
0.640609,-0.91875,-1.06972,-1.50937
0.61912,-1.00625,-1.0755,-1.50937
0.615076,-0.91875,-1.0685,-1.55313
0.612049,-0.9625,-1.06294,-1.50937
0.608355,-0.984375,-1.05563,-1.64062
0.586866,-0.56875,-1.04629,-1.4875
0.648819,-0.853125,-1.04626,-1.50937
0.58183,-1.05,-1.04157,-1.4875
0.560341,-1.05,-1.03601,-1.44375
0.592203,-1.02812,-1.03452,-1.575
0.570714,-0.7875,-1.031,-1.44375
0.549575,-0.853125,-1.02079,-1.44375
0.627956,-0.853125,-1.02948,-1.46562
0.594837,-0.896875,-1.03177,-1.46562
0.604457,-0.765625,-1.02709,-1.44375
0.572356,-0.83125,-1.00263,-1.44375
0.586774,-1.09375,-1.01218,-1.4
0.548191,-0.984375,-1.00808,-1.37813
0.561591,-0.9625,-1.04002,-1.4
0.574991,-0.853125,-1.01265,-1.59688
0.583594,-0.853125,-1.04664,-1.4
0.582602,-0.809375,-1.03556,-1.55313
0.533056,-0.809375,-1.02331,-1.33438
0.564919,-1.09375,-1.05613,-1.4
0.497929,-0.7,-1.04679,-1.4
0.523308,-0.7,-1.0482,-1.35625
0.537726,-0.7875,-1.05049,-1.37813
0.534699,-0.809375,-1.0679,-1.37813
0.549117,-0.74375,-1.06932,-1.46562
0.54609,-0.678125,-1.07858,-1.42188
0.491747,-0.74375,-1.0704,-1.42188
0.522592,-0.678125,-1.06514,-1.42188
0.520932,-0.74375,-1.0779,-1.53125
0.483017,-0.7,-1.09269,-1.44375
0.515896,-0.678125,-1.08713,-1.4875
0.513887,-0.83125,-1.09029,-1.44375
0.51086,-0.7875,-1.09025,-1.37813
0.536907,-0.7,-1.0969,-1.46562
0.4689,-0.56875,-1.08872,-1.44375
0.548298,-0.7875,-1.09915,-1.46562
0.498085,-0.590625,-1.09243,-1.46562
0.52515,-0.590625,-1.10024,-1.46562
0.492031,-0.9625,-1.09555,-1.4875
0.536541,-0.7,-1.09667,-1.4875
0.534531,-0.765625,-1.08937,-1.4875
0.515078,-0.74375,-1.08206,-1.4875
0.547957,-0.83125,-1.09423,-1.53125
0.527486,-0.875,-1.08955,-1.4875
0.573013,-0.65625,-1.09036,-1.4875
0.540912,-0.721875,-1.08014,-1.50937
0.505031,-0.809375,-1.08735,-1.59688
0.556373,-0.809375,-1.08642,-1.53125
0.555381,-0.721875,-1.0858,-1.46562
0.61937,-0.875,-1.08574,-1.44375
0.584507,-1.02812,-1.07377,-1.53125
0.583516,-0.853125,-1.07197,-1.44375
0.582524,-0.7875,-1.07047,-1.46562
0.58255,-0.853125,-1.05734,-1.46562
0.629094,-0.809375,-1.06368,-1.44375
0.602081,-0.91875,-1.05956,-1.42188
0.60109,-0.940625,-1.04177,-1.42188
0.683541,-0.91875,-1.03822,-1.4875
0.668157,-0.896875,-1.03585,-1.4
0.622682,-1.00625,-1.03754,-1.4
0.622708,-1.02812,-1.0215,-1.37813
0.67027,-0.91875,-1.01912,-1.42188
0.637443,-0.984375,-1.00773,-1.37813
0.691487,-0.9625,-1.01843,-1.44375
0.694566,-0.940625,-1.01402,-1.44375
0.678165,-1.00625,-1.01513,-1.33438
0.680226,-1.05,-1.0017,-1.37813
0.711361,-1.11563,-0.999901,-1.46562
0.684348,-1.00625,-0.999273,-1.46562
0.715483,-1.11563,-1.00707,-1.35625
0.717544,-1.1375,-1.00091,-1.35625
0.691549,-1.00625,-0.99649,-1.37813
0.722684,-1.05,-0.991501,-1.37813
0.74219,-1.05,-0.991445,-1.3125
0.727824,-1.05,-0.989354,-1.4875
0.701829,-1.11563,-0.984938,-1.35625
0.732964,-1.11563,-0.974425,-1.29062
0.687489,-0.91875,-0.975241,-1.3125
0.724439,-1.1375,-0.971697,-1.44375
0.755574,-1.07187,-0.973386,-1.3125
0.758653,-1.18125,-0.972458,-1.29062
0.695733,-1.02812,-0.966879,-1.26875
0.761757,-1.18125,-0.972647,-1.42188
0.698838,-1.1375,-0.971429,-1.3125
0.716976,-1.18125,-0.973117,-1.26875
0.736481,-1.07187,-0.97219,-1.37813
0.703654,-1.18125,-0.985508,-1.26875
0.739586,-1.00625,-0.983708,-1.26875
0.724203,-0.9625,-0.978129,-1.29062
0.68934,-1.05,-0.986214,-1.35625
0.690383,-0.9625,-0.995753,-1.29062
0.67878,-1.02812,-0.98494,-1.26875
0.691453,-0.91875,-0.996514,-1.26875
0.679849,-0.940625,-0.992397,-1.4
0.662431,-0.83125,-1.00746,-1.3125
0.679901,-0.91875,-1.00653,-1.3125
0.679927,-0.853125,-1.00473,-1.3125
0.678935,-0.896875,-0.998571,-1.46562
0.613981,-1.02812,-1.00985,-1.33438
0.612989,-0.875,-0.994971,-1.33438
0.623627,-0.853125,-1.00625,-1.33438
0.641097,-0.853125,-0.992243,-1.44375
0.641123,-0.984375,-0.996549,-1.37813
0.641149,-0.853125,-0.976141,-1.37813
0.640157,-0.896875,-0.983936,-1.4875
0.622739,-0.896875,-0.968462,-1.37813
0.609768,-0.9625,-0.975675,-1.35625
0.607758,-0.91875,-0.969223,-1.35625
0.589322,-1.05,-0.95056,-1.4875
0.634849,-1.02812,-0.957482,-1.3125
0.652319,-0.940625,-0.964404,-1.3125
0.652345,-0.875,-0.964349,-1.3125
0.669816,-1.05,-0.959932,-1.4
0.604861,-1.07187,-0.943867,-1.3125
0.586425,-1.00625,-0.966471,-1.26875
0.61349,-0.765625,-0.937904,-1.3125
0.665499,-0.940625,-0.970103,-1.42188
0.648081,-0.91875,-0.961597,-1.44375
0.613218,-0.940625,-0.970536,-1.37813
0.64915,-0.896875,-0.964356,-1.20312
0.611902,-0.809375,-0.993938,-1.29062
0.646817,-0.9625,-0.990375,-1.29062
0.645825,-1.00625,-0.977217,-1.37813
0.598315,-0.91875,-0.996041,-1.33438
0.626397,-0.9625,-1.00235,-1.3125
0.595981,-1.00625,-0.993558,-1.3125
0.577545,-1.05,-1.00715,-1.42188
0.640517,-0.7875,-1.02219,-1.33438
0.593006,-0.91875,-1.00467,-1.33438
0.655628,-0.83125,-1.00664,-1.35625
0.572211,-1.07187,-1.02372,-1.44375
0.571219,-0.91875,-1.02538,-1.35625
0.570228,-0.83125,-1.01774,-1.3125
0.615755,-0.853125,-1.0168,-1.33438
0.596969,-0.875,-1.02515,-1.46562
0.613421,-0.765625,-1.03875,-1.35625
0.594985,-0.7875,-1.03953,-1.35625
0.581346,-0.896875,-1.04411,-1.35625
0.561543,-0.875,-1.0327,-1.46562
0.579013,-0.7875,-1.04978,-1.42188
0.542115,-0.765625,-1.04476,-1.3125
0.587642,-0.809375,-1.04468,-1.4
0.58665,-0.875,-1.0449,-1.4875
0.60377,-0.7875,-1.04598,-1.44375
0.573705,-0.7875,-1.05375,-1.4875
0.555269,-0.74375,-1.04873,-1.53125
0.585386,-0.765625,-1.04546,-1.4875
0.584394,-0.809375,-1.05556,-1.05
0.58407,-0.809375,-1.04385,-1.42188
0.601541,-0.7875,-1.06442,-1.42188
0.584122,-0.809375,-1.05126,-1.50937
0.585166,-0.765625,-1.05321,-1.4875
0.573562,-0.7875,-1.05343,-1.53125
0.584868,-0.809375,-1.05714,-1.575
0.571229,-0.809375,-1.04717,-1.35625
0.555845,-0.7875,-1.05552,-1.37813
0.573316,-0.678125,-1.054,-1.4875
0.583954,-0.940625,-1.05217,-1.46562
0.553888,-0.7875,-1.03988,-1.4875
0.535102,-0.809375,-1.04445,-1.4875
0.552572,-0.678125,-1.04729,-1.55313
0.57106,-0.74375,-1.05448,-1.44375
0.518753,-0.7875,-1.03957,-1.44375
0.571112,-0.721875,-1.04676,-1.42188
0.56977,-0.765625,-1.04668,-1.44375
0.552352,-0.74375,-1.04515,-1.35625
0.552378,-0.721875,-1.04449,-1.44375
0.532924,-0.765625,-1.04907,-1.4
0.550394,-0.48125,-1.04113,-1.35625
0.580512,-0.765625,-1.03873,-1.33438
0.580188,-0.765625,-1.04214,-1.05
0.569602,-0.765625,-1.03799,-1.37813
0.551166,-0.7875,-1.03471,-1.24687
0.581283,-0.7875,-1.0297,-1.35625
0.580292,-0.853125,-1.02147,-1.37813
0.569356,-0.853125,-1.02342,-1.37813
0.600491,-0.853125,-1.02364,-1.35625
0.57246,-0.853125,-1.00757,-1.35625
0.573504,-0.83125,-1.0194,-1.35625
0.586177,-0.875,-0.999267,-1.35625
0.574573,-0.853125,-1.00267,-1.18125
0.575267,-0.721875,-1.0055,-1.33438
0.641291,-0.853125,-0.990595,-1.4
0.625907,-0.853125,-0.98179,-1.42188
0.627969,-0.74375,-0.977054,-1.42188
0.594123,-0.875,-0.965932,-1.4
0.612611,-0.7875,-0.959743,-1.42188
0.651246,-0.7875,-0.956753,-1.37813
0.664937,-0.83125,-0.956669,-1.4
0.655369,-0.853125,-0.948164,-1.4
0.688539,-0.91875,-0.934706,-1.37813
0.646117,-0.984375,-0.942473,-1.42188
0.694696,-0.83125,-0.939773,-1.33438
0.679313,-1.02812,-0.935338,-1.26875
0.670412,-1.00625,-0.941651,-1.37813
0.672473,-0.896875,-0.934299,-1.20312
0.673517,-0.940625,-0.945554,-1.3125
0.706687,-1.00625,-0.953612,-1.37813
0.708748,-0.875,-0.941327,-1.26875
0.682753,-0.984375,-0.949093,-1.09375
0.648557,-0.940625,-0.951627,-1.29062
0.68449,-0.896875,-0.957649,-1.26875
0.714607,-0.984375,-0.967451,-1.35625
0.685559,-0.984375,-0.972601,-1.37813
0.685585,-1.07187,-0.974562,-1.24687
0.685611,-1.05,-0.97099,-1.3125
0.650748,-0.875,-0.972651,-1.3125
0.667201,-0.809375,-0.976929,-1.26875
0.648415,-0.83125,-0.982079,-1.33438
0.629979,-0.984375,-0.974145,-1.3125
0.646431,-0.7,-0.974934,-1.3125
0.627995,-0.74375,-0.972816,-1.33438
0.614356,-0.7875,-0.96401,-1.33438
0.59592,-1.00625,-0.973521,-1.35625
0.610338,-0.9625,-0.980706,-1.37813
0.610014,-0.853125,-0.970738,-1.61875
0.591578,-1.05,-0.97706,-1.35625
0.571106,-0.634375,-0.957497,-1.33438
0.602969,-0.83125,-0.969916,-0.896875
0.58555,-0.765625,-0.972449,-1.33438
0.584558,-0.7875,-0.979343,-1.4
0.535013,-0.853125,-0.955419,-1.33438
0.533004,-0.7,-0.961441,-1.33438
0.530644,-0.678125,-0.955234,-1.3125
0.527618,-0.678125,-0.944366,-1.33438
0.474293,-0.678125,-0.960836,-1.37813
0.505805,-0.634375,-0.97468,-1.3125
0.520222,-0.721875,-0.948993,-1.29062
0.516178,-0.634375,-0.950917,-1.37813
0.4598,-0.7,-0.979599,-1.35625
0.445811,-0.65625,-0.951577,-1.37813
0.489303,-0.546875,-0.952638,-1.29062
0.450369,-0.678125,-0.953399,-1.33438
0.445975,-0.6125,-0.955032,-1.33438
0.430301,-0.634375,-0.956966,-1.35625
0.408812,-0.721875,-0.958599,-0.875
0.432824,-0.721875,-0.95966,-1.33438
0.445874,-0.590625,-0.961293,-1.33438
0.394294,-0.678125,-0.962354,-1.09375
0.326286,-0.546875,-0.963988,-1.35625
0.319856,-0.7,-0.963877,-1.3125
0.397219,-0.503125,-0.96581,-1.3125
0.392157,-0.503125,-0.966571,-1.3125
0.387095,-0.503125,-0.967632,-1.35625
0.363221,-0.7,-0.967521,-1.29062
0.311641,-0.6125,-0.968282,-1.35625
0.333618,-0.678125,-0.967599,-1.35625
0.311111,-0.65625,-0.96836,-1.3125
0.323144,-0.48125,-0.969121,-1.26875
0.334508,-0.4375,-0.96931,-1.575
0.346891,-0.65625,-0.970071,-1.29062
0.305922,-0.371875,-0.96996,-1.35625
0.252974,-0.459375,-0.970149,-1.37813
0.276986,-0.590625,-0.97091,-1.3125
0.270906,-0.21875,-0.970799,-1.24687
0.283289,-0.39375,-0.97156,-1.37813
0.248803,-0.503125,-0.972621,-1.33438
0.320351,-0.35,-0.974254,-1.33438
0.251326,-0.415625,-0.975016,-1.33438
0.298597,-0.503125,-0.975777,-1.33438
0.274723,-0.415625,-0.975966,-1.29062
0.268644,-0.39375,-0.975854,-1.20312
