8.900000000000000000e+01 1.200000000000000000e+01
8.700000000000000000e+01 1.400000000000000000e+01
8.600000000000000000e+01 1.500000000000000000e+01
8.300000000000000000e+01 1.900000000000000000e+01
8.200000000000000000e+01 2.000000000000000000e+01
8.100000000000000000e+01 2.200000000000000000e+01
8.000000000000000000e+01 2.200000000000000000e+01
7.800000000000000000e+01 2.500000000000000000e+01
7.700000000000000000e+01 2.600000000000000000e+01
7.600000000000000000e+01 2.700000000000000000e+01
7.500000000000000000e+01 2.800000000000000000e+01
7.500000000000000000e+01 3.000000000000000000e+01
