1.050000000000000000e+02 1.050000000000000000e+02
1.050000000000000000e+02 1.030000000000000000e+02
1.050000000000000000e+02 1.020000000000000000e+02
1.050000000000000000e+02 1.000000000000000000e+02
1.050000000000000000e+02 9.900000000000000000e+01
1.050000000000000000e+02 9.400000000000000000e+01
1.050000000000000000e+02 9.300000000000000000e+01
1.050000000000000000e+02 8.800000000000000000e+01
1.050000000000000000e+02 8.700000000000000000e+01
1.050000000000000000e+02 8.500000000000000000e+01
