1.040000000000000000e+02 6.100000000000000000e+01
1.020000000000000000e+02 6.000000000000000000e+01
1.010000000000000000e+02 6.000000000000000000e+01
9.700000000000000000e+01 5.900000000000000000e+01
9.600000000000000000e+01 5.900000000000000000e+01
9.200000000000000000e+01 6.000000000000000000e+01
9.100000000000000000e+01 6.000000000000000000e+01
8.700000000000000000e+01 6.000000000000000000e+01
8.600000000000000000e+01 6.000000000000000000e+01
8.200000000000000000e+01 6.100000000000000000e+01
8.100000000000000000e+01 6.100000000000000000e+01
7.700000000000000000e+01 6.100000000000000000e+01
7.600000000000000000e+01 6.200000000000000000e+01
7.200000000000000000e+01 6.200000000000000000e+01
7.100000000000000000e+01 6.200000000000000000e+01
7.000000000000000000e+01 6.100000000000000000e+01
