9.500000000000000000e+01 3.100000000000000000e+01
9.300000000000000000e+01 3.000000000000000000e+01
9.200000000000000000e+01 3.000000000000000000e+01
8.900000000000000000e+01 3.100000000000000000e+01
8.800000000000000000e+01 3.100000000000000000e+01
8.600000000000000000e+01 3.200000000000000000e+01
8.500000000000000000e+01 3.200000000000000000e+01
8.100000000000000000e+01 3.300000000000000000e+01
8.000000000000000000e+01 3.300000000000000000e+01
7.700000000000000000e+01 3.400000000000000000e+01
7.600000000000000000e+01 3.400000000000000000e+01
7.200000000000000000e+01 3.500000000000000000e+01
7.100000000000000000e+01 3.500000000000000000e+01
6.700000000000000000e+01 3.600000000000000000e+01
6.600000000000000000e+01 3.600000000000000000e+01
6.200000000000000000e+01 3.600000000000000000e+01
6.100000000000000000e+01 3.600000000000000000e+01
5.900000000000000000e+01 3.500000000000000000e+01
