1.000000000000000000e+02 3.300000000000000000e+01
9.800000000000000000e+01 3.200000000000000000e+01
9.700000000000000000e+01 3.200000000000000000e+01
9.400000000000000000e+01 3.300000000000000000e+01
9.300000000000000000e+01 3.300000000000000000e+01
9.000000000000000000e+01 3.500000000000000000e+01
8.900000000000000000e+01 3.500000000000000000e+01
8.600000000000000000e+01 3.600000000000000000e+01
8.500000000000000000e+01 3.600000000000000000e+01
8.200000000000000000e+01 3.700000000000000000e+01
8.100000000000000000e+01 3.700000000000000000e+01
7.800000000000000000e+01 3.800000000000000000e+01
7.700000000000000000e+01 3.800000000000000000e+01
7.400000000000000000e+01 3.800000000000000000e+01
7.300000000000000000e+01 3.800000000000000000e+01
7.200000000000000000e+01 3.800000000000000000e+01
