8.100000000000000000e+01 3.900000000000000000e+01
8.000000000000000000e+01 3.700000000000000000e+01
8.000000000000000000e+01 3.600000000000000000e+01
8.100000000000000000e+01 3.400000000000000000e+01
8.100000000000000000e+01 3.300000000000000000e+01
8.200000000000000000e+01 2.800000000000000000e+01
8.200000000000000000e+01 2.700000000000000000e+01
8.300000000000000000e+01 2.400000000000000000e+01
8.300000000000000000e+01 2.300000000000000000e+01
8.300000000000000000e+01 2.100000000000000000e+01
8.300000000000000000e+01 2.000000000000000000e+01
8.400000000000000000e+01 1.800000000000000000e+01
