torque_1,torque_1_t,torque_2,torque_2_t
-0.0118633,-0.021875,-0.187211,0.109375
-0.0137096,0.153125,-0.185065,-0.196875
-0.0067337,-0.021875,-0.183019,0.2625
-0.0172022,0.13125,-0.180973,-0.503125
0.00450148,0.13125,-0.179117,0.240625
-0.0056763,0.13125,-0.177361,0.153125
0.00119963,0.153125,-0.175215,-0.0875
-0.0322374,-0.021875,-0.17346,-0.21875
-0.0165393,-0.04375,-0.171313,-0.503125
-0.026817,0.153125,-0.169558,-0.4375
-0.0198411,-0.065625,-0.167411,-0.415625
0.00186259,-0.196875,-0.165656,-0.4375
0.000697778,-0.21875,-0.164091,-0.4375
-0.018493,0.196875,-0.162045,-0.415625
-0.00231333,-0.065625,-0.16048,-0.4375
-0.0273189,0.30625,-0.158434,-0.415625
-0.0143374,0.21875,-0.156578,-0.503125
0.00165148,-0.284375,-0.154823,-0.21875
-0.00794481,-0.109375,-0.153549,-0.065625
-0.0182226,0.175,-0.151793,-0.240625
-0.0284004,-0.0875,-0.149937,0.13125
-0.0298559,0.196875,-0.148082,-0.415625
-0.0226893,-0.0875,-0.146326,-0.30625
-0.0151319,0.196875,-0.144761,-0.4375
-0.0165874,-0.21875,-0.143006,-0.634375
-0.0262837,0.175,-0.141732,-0.459375
-0.0277393,0,-0.139876,-0.196875
-0.0114596,-0.2625,-0.138411,-0.371875
-0.0281337,-0.13125,-0.138882,-0.415625
-0.020867,0.2625,-0.137026,-0.503125
-0.0223226,0.109375,-0.135271,0.21875
-0.0410319,0.175,-0.133706,-0.459375
-0.0337652,-0.153125,-0.13185,0.35
-0.0177763,-0.109375,-0.129995,-0.415625
-0.0367763,0.175,-0.128139,-0.415625
-0.0204967,0.175,-0.126574,-0.459375
-0.0220522,-0.13125,-0.124619,-0.371875
-0.0406615,0.175,-0.123054,0.21875
-0.0508393,-0.196875,-0.121199,-0.415625
-0.0116911,-0.153125,-0.119343,-0.371875
-0.0364059,-0.0875,-0.117487,-0.371875
-0.0466837,0.21875,-0.115632,-0.021875
-0.039417,0.153125,-0.113776,-0.459375
-0.0260448,0.196875,-0.112211,0.153125
-0.0421374,-0.065625,-0.110356,0.21875
-0.0287652,0.153125,-0.108691,-0.21875
-0.0302207,0.153125,-0.106836,-0.284375
-0.0550356,-0.175,-0.10498,-0.371875
-0.0477689,0.13125,-0.103124,-0.39375
-0.0347874,0.13125,-0.101269,-0.021875
-0.05078,0.04375,-0.0993133,0.04375
-0.0519448,0.153125,-0.0977485,-0.39375
-0.0535004,0.13125,-0.095893,0.196875
-0.0314059,0.109375,-0.0943281,-0.371875
-0.0561207,0.13125,-0.0923726,-0.39375
-0.0486633,-0.021875,-0.0908078,-0.021875
-0.0440133,0.13125,-0.089243,-0.196875
-0.0687281,0.13125,-0.0873874,-0.48125
-0.0615615,-0.021875,-0.0854319,-0.196875
-0.0537133,-0.021875,-0.0841578,-0.021875
-0.0406319,-0.021875,-0.0823022,0
-0.0653467,0.21875,-0.0803467,-0.0875
-0.0753337,0.109375,-0.0787819,-0.371875
-0.068067,0.109375,-0.0769263,-0.196875
-0.0546948,0.153125,-0.0752615,-0.459375
-0.0559596,0.13125,-0.0736967,0.04375
-0.0716615,0.13125,-0.0721319,0.0875
-0.0582893,0.13125,-0.070467,-0.065625
-0.0833948,0.109375,-0.0683207,0.065625
-0.0525781,0.065625,-0.0667559,0.175
-0.06828,0.065625,-0.0650911,-0.240625
-0.0639207,0.021875,-0.0633356,-0.196875
-0.0650856,0.109375,-0.0617707,-0.153125
-0.0807874,0.04375,-0.0602059,-0.240625
-0.0735207,0.109375,-0.0583504,0.175
-0.0749763,0.0875,-0.0564948,0.109375
-0.0761411,0.0875,-0.05493,-0.196875
-0.0950411,0.0875,-0.0530744,0.109375
-0.0787615,0.109375,-0.0516096,0
-0.0886485,0.109375,-0.0500448,0.065625
-0.0813819,0.065625,-0.0481893,0.13125
-0.0915596,0.13125,-0.0463337,-0.021875
-0.0840022,0.065625,-0.0447689,0
-0.09418,0.0875,-0.0429133,-0.459375
-0.0956356,0.065625,-0.0410578,0.196875
-0.105523,0.153125,-0.039493,-0.284375
-0.0982559,0.175,-0.0376374,0.175
-0.0994207,0.13125,-0.0360726,-0.503125
-0.0921541,0.153125,-0.034217,0.0875
-0.102332,0.153125,-0.0323615,0
-0.0889596,0.13125,-0.0307967,-0.13125
-0.09623,0.04375,-0.0289411,-0.284375
-0.09158,0.196875,-0.0273763,0.196875
-0.130541,0.153125,-0.0258115,0.0875
-0.0942004,0,-0.0239559,-0.30625
-0.0953652,0.153125,-0.0223911,0.240625
-0.102636,0.153125,-0.0205356,0.109375
-0.0976948,0.153125,-0.0192615,0.196875
-0.104674,0.153125,-0.0176967,0.240625
-0.132297,0.196875,-0.0158411,-0.13125
-0.10148,0.196875,-0.0142763,0.109375
-0.102645,0.21875,-0.0127115,0.21875
-0.10381,0.175,-0.0110467,0.109375
-0.08753,0.175,-0.00948185,-0.021875
-0.111854,0.21875,-0.00791704,0
-0.107495,0.196875,-0.00606148,-0.153125
-0.10866,0.175,-0.00449667,-0.109375
-0.101102,0.175,-0.00293185,-0.021875
-0.116804,0.175,-0.00136704,-0.153125
-0.103432,0.175,0.000297778,0.328125
-0.118843,0.13125,0.00147185,-0.021875
-0.114093,0.196875,0.00303667,0.39375
-0.106536,0.196875,0.00460148,0.284375
-0.10741,0.153125,0.00587556,-0.065625
-0.117297,0.153125,0.00744037,0.240625
-0.124176,0.153125,0.00900519,-0.13125
-0.119526,0.240625,0.01057,-0.175
-0.111969,0.153125,0.0120348,0.2625
-0.112843,0.109375,0.0133089,-0.175
-0.104895,0.175,0.014583,-0.153125
-0.10606,0.175,0.0161478,-0.153125
-0.0982115,0.13125,0.0174219,-0.153125
-0.107808,0.065625,0.0186959,-0.153125
-0.126026,0.240625,0.01997,-0.065625
-0.1269,0.2625,0.0212441,-0.153125
-0.101317,0.13125,0.0222274,0.21875
-0.102091,0.153125,0.0235015,-0.153125
-0.102965,0.13125,0.0247756,0.21875
-0.121284,0.21875,0.0260496,-0.153125
-0.122158,0.13125,0.0273237,-0.153125
-0.113919,0.13125,0.028307,-0.021875
-0.114793,0.13125,0.0295811,0.0875
-0.115376,0.109375,0.0305644,0.153125
-0.107137,0.109375,0.0315478,0.0875
-0.116734,0.153125,0.0328219,-0.284375
-0.10278,-0.021875,0.0338052,0.153125
-0.103263,0.175,0.0347885,-0.021875
-0.109952,0.109375,0.0360626,0.21875
-0.10443,-0.021875,0.0367552,-0.153125
-0.0787467,0.021875,0.0378385,0.0875
-0.105497,0.153125,0.0388219,-0.109375
-0.0973578,0.109375,0.0398052,0.39375
-0.106563,0,0.0407885,0.240625
-0.0984244,0.21875,0.0417719,-0.153125
-0.0899948,0.021875,0.0424644,0.240625
-0.0992004,0.0875,0.0434478,-0.284375
-0.108215,0.153125,0.0442404,-0.021875
-0.100076,0.30625,0.0423163,-0.109375
-0.100269,0.196875,0.0459163,0.2625
-0.0918393,0.0875,0.0466089,-0.021875
-0.101045,0.0875,0.0475922,0.30625
-0.101337,0.196875,0.0482848,0.153125
-0.101921,0.0875,0.0493681,0.04375
-0.0933911,0.0875,0.0500607,-0.04375
-0.102406,0.0875,0.0507533,-0.175
-0.102889,0.21875,0.0517367,-0.13125
-0.103182,0.13125,0.0525293,-0.065625
-0.0947522,0.065625,0.0532219,0.30625
-0.0862226,0.13125,0.0539144,-0.153125
-0.0868059,0.109375,0.0548978,-0.065625
-0.104152,0.109375,0.0552996,0.2625
-0.0869004,0.04375,0.0559922,-0.240625
-0.0962059,0.109375,0.0568756,0.240625
-0.113843,0.240625,0.0575681,-0.153125
-0.105413,0,0.0582607,-0.153125
-0.105606,0.284375,0.0592441,-0.153125
-0.097367,0.153125,0.0601274,-0.021875
-0.106382,0.153125,0.06082,-0.109375
-0.0836059,0.153125,0.0618033,-0.13125
-0.107349,0.284375,0.0627867,0.153125
-0.122178,0.196875,0.0633793,0.04375
-0.122661,0.175,0.0643626,0.153125
-0.108608,0.2625,0.0653459,-0.153125
-0.100469,0.175,0.0663293,0
-0.123921,0.175,0.0670219,0.21875
-0.109867,0.2625,0.0680052,0.0875
-0.119173,0.196875,0.0689885,0.065625
-0.134193,0.175,0.0698719,0.065625
-0.102404,0.2625,0.0705644,-0.153125
-0.126247,0.21875,0.0715478,-0.109375
-0.126149,0.21875,0.0719496,-0.109375
-0.126632,0.21875,0.072933,0.109375
-0.135837,0.21875,0.0739163,0.0875
-0.103858,0.21875,0.0743181,-0.13125
-0.1276,0.175,0.0753015,-0.13125
-0.136515,0.153125,0.0759941,0.04375
-0.122852,0.175,0.0772681,0.196875
-0.137,0.240625,0.0773793,0.240625
-0.128471,0.196875,0.0780719,0.065625
-0.12353,0.153125,0.0793459,0.13125
-0.129828,0.196875,0.0803293,-0.13125
-0.148337,0.284375,0.0818941,0.240625
-0.140099,0.175,0.0828774,-0.109375
-0.140973,0.175,0.0841515,-0.109375
-0.133024,0.175,0.0854256,-0.04375
-0.133799,0.196875,0.0866996,-0.04375
-0.128467,0.153125,0.087683,0.065625
-0.143878,0.21875,0.088957,0.13125
-0.144361,0.240625,0.0899404,0.153125
-0.135832,0.175,0.090633,0.196875
-0.145328,0.196875,0.091907,-0.109375
-0.145911,0.175,0.0928904,0.13125
-0.137963,0.175,0.0941644,0.21875
-0.138447,0.065625,0.0951478,0.13125
-0.147652,0.175,0.0961311,-0.153125
-0.148236,0.21875,0.0972144,-0.153125
-0.134182,0.175,0.0981978,0.109375
-0.134665,0.153125,0.0991811,-0.109375
-0.126426,0.196875,0.100164,0.065625
-0.141156,0.196875,0.100857,0.240625
-0.11848,0.153125,0.10184,-0.04375
-0.141932,0.065625,0.102633,0.109375
-0.1366,0.153125,0.103616,0.196875
-0.128071,0.153125,0.104309,0.13125
-0.143091,0.109375,0.105292,0.175
-0.119834,0.13125,0.105694,0.153125
-0.129039,0.196875,0.106677,0.196875
-0.129232,0.153125,0.10737,0.109375
-0.105584,0.153125,0.107381,0.109375
-0.138049,0.175,0.108364,0.04375
-0.138532,0.13125,0.109348,-0.153125
-0.138624,0.175,0.10994,0.153125
-0.121663,0.196875,0.110924,0.109375
-0.130578,0.240625,0.111516,0.284375
-0.113326,0.196875,0.112209,0.196875
-0.130963,0.109375,0.112801,0.240625
-0.131447,0.13125,0.113785,0.21875
-0.140361,0.109375,0.114477,-0.04375
-0.132123,0.0875,0.115361,-0.021875
-0.123302,0.240625,0.115763,0.196875
-0.123786,0.240625,0.116646,-0.153125
-0.1326,0.240625,0.117339,0.109375
-0.132793,0.21875,0.118031,0
-0.141708,0.21875,0.118624,0.175
-0.133469,0.21875,0.119607,-0.109375
-0.133661,0.21875,0.1203,0.284375
-0.157404,0.021875,0.121183,0.175
-0.134628,0.240625,0.122166,0.328125
-0.134821,0.2625,0.122859,0.021875
-0.143926,0.21875,0.123842,0.2625
-0.149643,0.2625,0.124144,0.284375
-0.150417,0.21875,0.125418,0.328125
-0.159332,0.21875,0.126111,0.240625
-0.159815,0.2625,0.127094,0.153125
-0.13733,0.284375,0.128268,0.196875
-0.137713,0.2625,0.129251,0.196875
-0.153024,0.284375,0.130526,0.240625
-0.16223,0.2625,0.131509,0.021875
-0.163004,0.284375,0.132683,0.21875
-0.1725,0.240625,0.133957,0.284375
-0.164552,0.284375,0.135231,0.284375
-0.165226,0.240625,0.136505,0.109375
-0.166,0.30625,0.137779,0.175
-0.184219,0.2625,0.139053,0.021875
-0.167258,0.284375,0.139937,0.04375
-0.168032,0.2625,0.141211,0.328125
-0.177528,0.2625,0.142485,0.21875
-0.193321,0.21875,0.14434,0.328125
-0.188571,0.2625,0.145905,0.21875
-0.19545,0.2625,0.14747,0.21875
-0.172965,0.2625,0.148744,0.284375
-0.191474,0.284375,0.150309,0.328125
-0.215699,0.21875,0.151774,0.328125
-0.193504,0.30625,0.153339,0.240625
-0.194569,0.284375,0.154903,0.35
-0.195634,0.30625,0.156468,0.175
-0.196699,0.2625,0.158033,0.2625
-0.212491,0.2625,0.159889,0.284375
-0.199019,0.21875,0.161453,0
-0.205899,0.284375,0.163018,0.21875
-0.215976,0.30625,0.164874,0.30625
-0.202404,0.175,0.166439,0.13125
-0.250278,0.109375,0.168294,0.21875
-0.195811,0.153125,0.169568,0.065625
-0.220426,0.0875,0.171424,0.04375
-0.212669,0.13125,0.172989,0.04375
-0.231469,0.153125,0.174844,0.065625
-0.209274,0.175,0.176409,0.240625
-0.216445,0.109375,0.178264,0.35
-0.226132,0.196875,0.179929,0.328125
-0.21295,0.240625,0.181685,0.39375
-0.213915,0.240625,0.18315,0.21875
-0.247252,0.240625,0.184905,0.284375
-0.216236,0.21875,0.18647,0.328125
-0.223406,0.35,0.188226,0.328125
-0.233093,0.328125,0.18969,0.21875
-0.219811,0.284375,0.210053,0.065625
-0.235704,0.2625,0.193011,0.0875
-0.228237,0.284375,0.194766,0.328125
-0.238315,0.284375,0.196522,0.39375
-0.224743,0.284375,0.197987,0.240625
-0.240536,0.35,0.199842,0.153125
-0.259626,0.284375,0.201889,0.284375
-0.234424,0.30625,0.203353,0.2625
-0.252934,0.371875,0.204918,0.39375
-0.245467,0.30625,0.206674,0.284375
-0.246723,0.30625,0.208429,0.371875
-0.23325,0.35,0.209994,0.328125
-0.234506,0.284375,0.21175,0.2625
-0.267552,0.30625,0.213214,0.284375
-0.236826,0.196875,0.21507,0.109375
-0.243606,0.328125,0.216244,0.371875
-0.262406,0.328125,0.2181,0.0875
-0.240111,0.328125,0.219564,0.240625
-0.241367,0.371875,0.22142,0.2625
-0.247956,0.39375,0.222594,0.13125
-0.234384,0.4375,0.224059,0.30625
-0.249595,0.35,0.225333,0.284375
-0.25066,0.35,0.226798,0.39375
-0.251624,0.30625,0.228363,0.35
-0.22933,0.39375,0.229827,0.175
-0.262667,0.30625,0.231683,0.30625
-0.248804,0.35,0.232857,0.39375
-0.241147,0.39375,0.234422,0.4375
-0.256649,0.328125,0.235887,0.13125
-0.251799,0.35,0.237451,0.371875
-0.24385,0.35,0.238626,0.30625
-0.244815,0.371875,0.24019,0.35
-0.254211,0.371875,0.241364,0.415625
-0.255276,0.371875,0.242929,0.4375
-0.25595,0.284375,0.244103,0.153125
-0.230749,0.30625,0.245668,0.153125
-0.257589,0.371875,0.25392,0.2625
-0.249932,0.35,0.247826,0.415625
-0.241302,0.371875,0.248518,0.4375
-0.241976,0.328125,0.249692,0.175
-0.234028,0.30625,0.250966,0.13125
-0.234411,0.328125,0.25195,0.109375
-0.243808,0.39375,0.253124,0.415625
-0.23586,0.328125,0.254398,0.196875
-0.253687,0.284375,0.255381,0.284375
-0.230811,0.415625,0.256264,0.4375
-0.21385,0.30625,0.257248,0.153125
-0.222665,0.2625,0.25794,0.153125
-0.222758,0.328125,0.258533,0.175
-0.231863,0.284375,0.259516,0.175
-0.232347,0.2625,0.2605,0.13125
-0.214995,0.39375,0.261092,0.35
-0.206365,0.30625,0.261785,0.415625
-0.21528,0.21875,0.262477,0.175
-0.20665,0.2625,0.26317,0.328125
-0.224187,0.35,0.263763,0.196875
-0.192008,0.284375,0.264164,0.284375
-0.19191,0.240625,0.264566,0.35
-0.191711,0.240625,0.264968,0.13125
-0.215063,0.328125,0.265661,0.153125
-0.182884,0.240625,0.265963,0.109375
-0.205945,0.240625,0.266264,0.328125
-0.190919,0.240625,0.266276,0.459375
-0.19043,0.196875,0.266187,0.175
-0.157669,0.21875,0.265907,0.13125
-0.189452,0.13125,0.266209,0.153125
-0.189154,0.065625,0.266511,0.415625
-0.179652,0.21875,0.266131,0.109375
-0.187886,0.30625,0.266142,0.109375
-0.146402,0.21875,0.265863,0.35
-0.169173,0.109375,0.265874,0.328125
-0.162578,0.196875,0.265594,0.35
-0.176626,0.196875,0.265505,0.4375
-0.167024,0.196875,0.265226,0.415625
-0.166245,0.196875,0.264946,0.328125
-0.15936,0.196875,0.264376,0.0875
-0.150149,0.240625,0.264387,0.371875
-0.1578,0.196875,0.263816,0.35
-0.162836,0.30625,0.263537,0.13125
-0.147419,0.21875,0.263157,0.153125
-0.146639,0.240625,0.262877,0.4375
-0.169119,0.2625,0.262598,0.13125
-0.159617,0.196875,0.262318,0.35
-0.158837,0.240625,0.262039,0.328125
-0.152243,0.196875,0.261468,0.153125
-0.142641,0.35,0.261189,0.503125
-0.165121,0.240625,0.260909,0.328125
-0.141373,0.240625,0.26092,0.328125
-0.149024,0.2625,0.26035,0.371875
-0.15435,0.21875,0.26007,0.35
-0.147365,0.2625,0.2595,0.175
-0.170136,0.21875,0.25922,0.35
-0.151911,0.240625,0.25894,0.153125
-0.159563,0.175,0.272616,0.30625
-0.136106,0.175,0.28135,0.415625
-0.149182,0.21875,0.271476,0.459375
-0.142006,0.35,0.255496,0.4375
-0.132504,0.240625,0.254926,0.415625
-0.146552,0.196875,0.254355,0.30625
-0.154786,0.284375,0.284603,0.21875
-0.162919,0.21875,0.253796,0.196875
-0.144986,0.196875,0.253516,0.48125
-0.144206,0.175,0.252946,0.175
-0.137902,0.21875,0.252957,0.175
-0.137313,0.175,0.252677,0.459375
-0.151071,0.240625,0.271105,0.48125
-0.141278,0.21875,0.258614,0.39375
-0.140499,0.21875,0.250776,0.4375
-0.133804,0.196875,0.250205,0.39375
-0.133024,0.175,0.249926,0.371875
-0.0993911,0.21875,0.248192,0.4375
-0.136408,0.175,0.247622,0.4375
-0.1208,0.153125,0.274481,0.35
-0.128352,0.153125,0.264898,0.39375
-0.100824,0.153125,0.244848,0.48125
-0.11778,0.196875,0.244859,0.4375
-0.108278,0.0875,0.263187,0.2625
-0.124552,0.065625,0.243818,0.459375
-0.0915004,0.175,0.257494,0.109375
-0.09043,0.153125,0.242387,0.35
-0.063193,0.13125,0.264785,0.175
-0.102726,0.13125,0.241055,0.459375
-0.0874096,0.153125,0.240776,0.328125
-0.0688948,0.109375,0.240205,0.153125
-0.0764467,0.109375,0.239635,0.21875
-0.0896226,0.196875,0.238874,0.4375
-0.0885522,0.04375,0.238303,0.175
-0.081667,0.153125,0.237733,0.4375
-0.0626615,0.04375,0.236672,0.39375
-0.0786448,0.196875,0.235611,0.13125
-0.0687522,0.175,0.23484,0.30625
-0.0760133,0.153125,0.233879,0.4375
-0.074843,0.175,0.233109,0.4375
-0.0791967,0.240625,0.232048,0.371875
-0.0722115,0.196875,0.231277,0.415625
-0.0533059,0.175,0.230216,0.4375
-0.060567,0.109375,0.229155,0.39375
-0.0681189,0.153125,0.228485,0.4375
-0.0666578,0.153125,0.227424,0.196875
-0.0654874,0.109375,0.226653,0.13125
-0.064317,0.175,0.225883,0.21875
-0.0630467,0.153125,0.225113,0.39375
-0.0618763,0.109375,0.224442,0.371875
-0.0609967,0.109375,0.223963,0.4375
-0.0743633,0.175,0.223192,0.4375
-0.06418,0.109375,0.222131,0.30625
-0.089467,0.109375,0.221751,0.39375
-0.0624207,0.109375,0.221272,0.39375
-0.0789856,0.13125,0.220792,0.30625
-0.0868281,0.021875,0.220313,0.30625
-0.0861393,0.109375,0.220224,0.30625
-0.0855504,-0.04375,0.220035,0.35
-0.0759485,0.196875,0.219555,0.284375
-0.0986189,0.109375,0.219466,0.2625
-0.0747707,-0.021875,0.219277,0.13125
-0.0829041,0,0.219089,0.39375
-0.105574,-0.021875,0.219,0.39375
-0.0965541,-0.021875,0.219101,0.175
-0.0962559,0.04375,0.219203,0.21875
-0.119117,0.04375,0.219405,0.39375
-0.118528,0.13125,0.219216,0.175
-0.103693,0.153125,0.219418,0.371875
-0.103686,0.175,0.219811,0.13125
-0.117924,0.153125,0.219913,0.371875
-0.10338,0.13125,0.220405,0.39375
-0.126341,0.109375,0.220507,0.13125
-0.111987,0.065625,0.22129,0.328125
-0.111689,0.13125,0.221392,0.35
-0.117206,0.109375,0.221494,0.109375
-0.134643,0.13125,0.221987,0.39375
-0.134636,0.153125,0.222379,0.35
-0.116893,0.153125,0.222581,0.30625
-0.116886,0.196875,0.222974,0.371875
-0.134223,0.153125,0.223466,0.39375
-0.134215,0.21875,0.223859,0.328125
-0.148745,0.240625,0.224351,0.30625
-0.142923,0.196875,0.224744,0.35
-0.134193,0.153125,0.225237,0.175
-0.125463,0.196875,0.225629,0.240625
-0.143091,0.175,0.226413,0.415625
-0.125639,0.153125,0.226514,0.371875
-0.134645,0.175,0.227298,0.30625
-0.14365,0.175,0.228081,0.4375
-0.166902,0.175,0.24272,0.109375
-0.144217,0.284375,0.229257,0.415625
-0.126665,0.196875,0.243896,0.109375
-0.150308,0.175,0.230242,0.153125
-0.159313,0.175,0.242074,0.065625
-0.150584,0.196875,0.230937,0.35
-0.127608,0.175,0.23182,0.13125
-0.127891,0.30625,0.24685,0.415625
-0.136897,0.196875,0.233096,0.175
-0.145611,0.196875,0.233689,0.4375
-0.12845,0.2625,0.234472,0.4375
-0.137165,0.196875,0.234964,0.109375
-0.137158,0.175,0.235557,0.065625
-0.146163,0.2625,0.23634,0.153125
-0.146447,0.196875,0.237224,0.459375
-0.146149,0.328125,0.237426,0.065625
-0.152247,0.284375,0.238209,0.459375
-0.128399,0.21875,0.23822,0.30625
-0.137404,0.175,0.239003,0.30625
-0.137787,0.196875,0.239887,0.175
-0.146502,0.30625,0.240379,0.153125
-0.1526,0.21875,0.241263,0.21875
-0.147069,0.109375,0.242046,0.35
-0.129617,0.284375,0.242639,0.4375
-0.120887,0.153125,0.243131,0.4375
-0.138324,0.153125,0.243724,0.328125
-0.138608,0.109375,0.244507,0.175
-0.129878,0.153125,0.2451,0.459375
-0.147315,0.153125,0.245592,0.13125
-0.130154,0.153125,0.246476,0.30625
-0.130147,0.021875,0.246968,0.39375
-0.121126,0.13125,0.24727,0.39375
-0.138563,0.04375,0.247763,0.459375
-0.129834,0.021875,0.248355,0.48125
-0.129826,0.021875,0.248848,0.2625
-0.121097,0.0875,0.24944,0.153125
-0.138534,0.30625,0.250033,0.4375
-0.153063,0.0875,0.250526,0.35
-0.138519,0.0875,0.251118,0.4375
-0.162061,0.109375,0.251901,0.371875
-0.130363,0.175,0.252785,0.4375
-0.1478,0.153125,0.253377,0.35
-0.148084,0.21875,0.254161,0.415625
-0.148076,0.153125,0.254753,0.175
-0.130915,0.0875,0.255637,0.4375
-0.16318,0.2625,0.25642,0.415625
-0.148926,0.21875,0.257303,0.39375
-0.163747,0.175,0.258187,0.503125
-0.132049,0.175,0.25897,0.48125
-0.1553,0.0875,0.259563,0.109375
-0.164597,0.196875,0.260737,0.39375
-0.16488,0.21875,0.26162,0.153125
-0.156441,0.21875,0.262403,0.35
-0.166028,0.21875,0.263868,0.30625
-0.175324,0.196875,0.265042,0.21875
-0.175899,0.2625,0.266116,0.153125
-0.185486,0.240625,0.267581,0.35
-0.168615,0.2625,0.268755,0.371875
-0.160467,0.328125,0.269929,0.13125
-0.178776,0.240625,0.271394,0.48125
-0.193887,0.2625,0.272468,0.48125
-0.194752,0.35,0.273933,0.371875
-0.189802,0.284375,0.275398,0.503125
-0.205495,0.2625,0.277153,0.240625
-0.197347,0.35,0.278327,0.196875
-0.206934,0.39375,0.279692,0.21875
-0.193452,0.30625,0.281348,0.48125
-0.200132,0.240625,0.282713,0.503125
-0.209719,0.35,0.283977,0.21875
-0.219497,0.2625,0.285633,0.39375
-0.211639,0.35,0.286998,0.39375
-0.221126,0.196875,0.288363,0.39375
-0.19001,0.2625,0.289727,0.196875
-0.214134,0.35,0.291092,0.4375
-0.21548,0.240625,0.292748,0.546875
-0.216345,0.2625,0.293822,0.21875
-0.2175,0.415625,0.295477,0.39375
-0.218556,0.30625,0.320101,0.196875
-0.219711,0.2625,0.325827,0.39375
-0.229489,0.371875,0.31847,0.546875
-0.221632,0.2625,0.300355,0.56875
-0.222787,0.35,0.331666,0.503125
-0.21483,0.30625,0.32082,0.39375
-0.224708,0.35,0.333524,0.2625
-0.234486,0.328125,0.338959,0.459375
-0.226919,0.39375,0.328403,0.30625
-0.228074,0.30625,0.320174,0.371875
-0.237852,0.2625,0.34577,0.503125
-0.230286,0.459375,0.337831,0.56875
-0.231341,0.30625,0.335998,0.459375
-0.241219,0.240625,0.339398,0.459375
-0.233652,0.2625,0.3239,0.48125
-0.225695,0.39375,0.337476,0.590625
-0.258832,0.30625,0.349307,0.415625
-0.24535,0.39375,0.341368,0.65625
-0.246797,0.284375,0.346613,0.459375
-0.247661,0.284375,0.355537,0.6125
-0.249589,0.35,0.35254,0.634375
-0.242313,0.284375,0.337333,0.634375
-0.243078,0.459375,0.349455,0.590625
-0.261678,0.503125,0.349948,0.459375
-0.268939,0.35,0.339492,0.503125
-0.255458,0.39375,0.355685,0.634375
-0.265336,0.35,0.331755,0.240625
-0.289941,0.284375,0.345913,0.7
-0.273943,0.415625,0.346796,0.6125
-0.283821,0.284375,0.338857,0.678125
-0.27063,0.328125,0.339931,0.6125
-0.278182,0.39375,0.345657,0.7
-0.2647,0.328125,0.362531,0.7
-0.280684,0.371875,0.359244,0.6125
-0.28203,0.39375,0.337059,0.6125
-0.283476,0.30625,0.349763,0.65625
-0.284632,0.284375,0.354716,0.13125
-0.280163,0.371875,0.351429,0.65625
-0.287134,0.328125,0.34349,0.459375
-0.282665,0.30625,0.369377,0.153125
-0.284111,0.371875,0.3658,0.65625
-0.308717,0.35,0.354953,0.525
-0.277891,0.35,0.351476,0.459375
-0.287669,0.35,0.367959,0.175
-0.271671,0.39375,0.377464,0.56875
-0.272826,0.35,0.373987,0.678125
-0.282604,0.35,0.36285,0.7
-0.292482,0.2625,0.375363,0.56875
-0.276093,0.328125,0.367133,0.459375
-0.294693,0.35,0.376448,0.678125
-0.287126,0.35,0.365701,0.6125
-0.270447,0.35,0.377633,0.74375
-0.280034,0.35,0.353222,0.721875
-0.272467,0.2625,0.369805,0.459375
-0.282054,0.284375,0.37912,0.765625
-0.268282,0.30625,0.379422,0.678125
-0.274671,0.328125,0.375363,0.39375
-0.270011,0.30625,0.364616,0.721875
-0.261863,0.328125,0.372187,0.678125
-0.262337,0.328125,0.356498,0.7
-0.262911,0.328125,0.370174,0.721875
-0.272208,0.328125,0.345763,0.721875
-0.263769,0.328125,0.354787,0.721875
-0.25523,0.328125,0.370789,0.721875
-0.273249,0.35,0.344151,0.634375
-0.247365,0.30625,0.344744,0.721875
-0.256271,0.284375,0.372957,0.721875
-0.242017,0.30625,0.368898,0.74375
-0.233578,0.371875,0.36949,0.74375
-0.242584,0.240625,0.347114,0.503125
-0.248291,0.371875,0.350424,0.721875
-0.233747,0.39375,0.347818,0.721875
-0.242752,0.39375,0.348701,0.721875
-0.242454,0.35,0.349003,0.590625
-0.224902,0.35,0.349596,0.546875
-0.233617,0.328125,0.350289,0.74375
-0.233319,0.35,0.35059,0.721875
-0.224489,0.35,0.351183,0.678125
-0.224191,0.35,0.351485,0.634375
-0.215461,0.371875,0.352077,0.2625
-0.223886,0.30625,0.352479,0.48125
-0.200228,0.30625,0.352781,0.65625
-0.214758,0.30625,0.353374,0.503125
-0.1912,0.30625,0.353776,0.503125
-0.191093,0.30625,0.354368,0.721875
-0.213763,0.30625,0.354379,0.196875
-0.207941,0.2625,0.355072,0.678125
-0.207643,0.284375,0.355374,0.48125
-0.21306,0.328125,0.355676,0.56875
-0.206947,0.30625,0.356077,0.459375
-0.197926,0.2625,0.356379,0.65625
-0.20625,0.2625,0.356681,0.2625
-0.211767,0.2625,0.357083,0.153125
-0.205945,0.284375,0.357676,0.721875
-0.205256,0.284375,0.357687,0.590625
-0.219495,0.30625,0.358089,0.590625
-0.20495,0.240625,0.358681,0.721875
-0.210176,0.2625,0.358792,0.7
-0.203963,0.2625,0.359094,0.459375
-0.195234,0.240625,0.359687,0.74375
-0.194936,0.2625,0.360089,0.590625
-0.194537,0.2625,0.36039,0.765625
-0.209067,0.284375,0.361083,0.415625
-0.202954,0.175,0.361385,0.175
-0.208661,0.284375,0.362077,0.503125
-0.226099,0.284375,0.36267,0.678125
-0.226091,0.2625,0.363363,0.546875
-0.208539,0.2625,0.363955,0.196875
-0.217254,0.13125,0.364648,0.74375
-0.20271,0.175,0.36524,0.590625
-0.208517,0.240625,0.365933,0.65625
-0.202595,0.13125,0.366526,0.721875
-0.202878,0.240625,0.367509,0.65625
-0.22613,0.2625,0.368101,0.65625
-0.2173,0.2625,0.368794,0.196875
-0.202756,0.284375,0.369387,0.65625
-0.226199,0.240625,0.37027,0.590625
-0.2258,0.21875,0.370472,0.721875
-0.21678,0.284375,0.370774,0.721875
-0.2158,0.284375,0.370494,0.2625
-0.207361,0.284375,0.371377,0.721875
-0.224699,0.30625,0.37197,0.721875
-0.239519,0.284375,0.372853,0.678125
-0.239702,0.2625,0.373737,0.503125
-0.239695,0.328125,0.374329,0.765625
-0.225341,0.30625,0.375213,0.721875
-0.240061,0.30625,0.376096,0.721875
-0.216795,0.328125,0.376689,0.721875
-0.22541,0.30625,0.37699,0.765625
-0.21668,0.328125,0.377583,0.590625
-0.225586,0.21875,0.378466,0.65625
-0.240406,0.39375,0.379059,0.678125
-0.225761,0.284375,0.379651,0.721875
-0.249204,0.328125,0.380344,0.65625
-0.23495,0.30625,0.381227,0.65625
-0.240949,0.2625,0.38182,0.65625
-0.226404,0.35,0.382413,0.74375
-0.217865,0.371875,0.401903,0.721875
-0.241408,0.35,0.383889,0.74375
-0.241882,0.240625,0.384772,0.634375
-0.23625,0.328125,0.385655,0.546875
-0.22723,0.30625,0.385957,0.74375
-0.227413,0.30625,0.38665,0.30625
-0.227406,0.2625,0.386951,0.590625
-0.218867,0.371875,0.387835,0.721875
-0.236304,0.30625,0.388427,0.74375
-0.227474,0.415625,0.38902,0.74375
-0.227367,0.284375,0.416942,0.65625
-0.22736,0.39375,0.390014,0.721875
-0.236265,0.2625,0.390898,0.809375
-0.218813,0.371875,0.39149,0.634375
-0.23586,0.2625,0.391792,0.7875
-0.22703,0.39375,0.392485,0.65625
-0.2183,0.284375,0.392787,0.65625
-0.217902,0.30625,0.393089,0.765625
-0.226617,0.284375,0.393681,0.7875
-0.217787,0.284375,0.394374,0.74375
-0.208667,0.371875,0.394676,0.7875
-0.226104,0.371875,0.395268,0.546875
-0.216984,0.240625,0.39557,0.240625
-0.208254,0.284375,0.396263,0.721875
-0.22501,0.284375,0.396274,0.74375
-0.215599,0.328125,0.396285,0.809375
-0.206578,0.240625,0.396687,0.74375
-0.214902,0.240625,0.396989,0.83125
-0.191054,0.240625,0.397,0.809375
-0.190656,0.30625,0.397401,0.74375
-0.189967,0.240625,0.397413,0.503125
-0.204206,0.153125,0.397814,0.48125
-0.21253,0.21875,0.398116,0.765625
-0.17996,0.196875,0.398127,0.7875
-0.196715,0.153125,0.398239,0.7875
-0.196026,0.2625,0.39825,0.13125
-0.201543,0.196875,0.398651,0.809375
-0.177595,0.21875,0.398663,0.74375
-0.199974,0.175,0.398483,0.546875
-0.199576,0.2625,0.398785,0.765625
-0.193173,0.196875,0.398896,0.590625
-0.184343,0.371875,0.399489,0.634375
-0.19761,0.30625,0.399018,0.765625
-0.191206,0.2625,0.399129,0.503125
-0.190808,0.284375,0.399431,0.809375
-0.172774,0.240625,0.399542,0.809375
-0.204358,0.328125,0.399944,0.74375
-0.195047,0.2625,0.399955,0.74375
-0.203371,0.35,0.400357,0.83125
-0.202973,0.240625,0.400759,0.7875
-0.179706,0.371875,0.401351,0.74375
-0.187739,0.240625,0.401463,0.721875
-0.193256,0.35,0.401864,0.74375
-0.187043,0.240625,0.402166,0.809375
-0.19256,0.240625,0.402568,0.74375
-0.201465,0.35,0.403551,0.809375
-0.21008,0.30625,0.404144,0.2625
-0.192628,0.284375,0.404837,0.175
-0.200661,0.30625,0.404948,0.765625
-0.209376,0.2625,0.40564,0.21875
-0.200256,0.240625,0.405942,0.74375
-0.217984,0.2625,0.406926,0.65625
-0.200723,0.35,0.407909,0.809375
-0.232597,0.30625,0.408601,0.809375
-0.224158,0.35,0.436914,0.7875
-0.209513,0.30625,0.409887,0.7875
-0.224334,0.30625,0.410579,0.7875
-0.218411,0.240625,0.411272,0.74375
-0.233423,0.4375,0.439876,0.65625
-0.233415,0.284375,0.435916,0.809375
-0.233599,0.39375,0.436609,0.65625
-0.210623,0.2625,0.416559,0.7875
-0.219528,0.39375,0.441383,0.74375
-0.225526,0.30625,0.444692,0.7875
-0.211563,0.30625,0.442477,0.875
-0.244019,0.30625,0.422527,0.83125
-0.226567,0.30625,0.454329,0.7
-0.22675,0.35,0.450079,0.74375
-0.212497,0.30625,0.4499,0.83125
-0.244952,0.30625,0.454663,0.74375
-0.236413,0.284375,0.450413,0.809375
-0.24571,0.30625,0.450524,0.7
-0.245893,0.328125,0.450635,0.634375
-0.229313,0.371875,0.430976,0.415625
-0.255954,0.240625,0.435739,0.875
-0.238693,0.328125,0.431489,0.896875
-0.256711,0.328125,0.448172,0.721875
-0.239741,0.328125,0.425314,0.875
-0.231593,0.30625,0.418739,0.809375
-0.240499,0.371875,0.433677,0.765625
-0.241263,0.30625,0.423031,0.7875
-0.265097,0.371875,0.420816,0.7875
-0.242311,0.328125,0.452037,0.83125
-0.26033,0.35,0.445461,0.83125
-0.24336,0.328125,0.442083,0.415625
-0.252847,0.284375,0.424168,0.04375
-0.262143,0.240625,0.425151,0.765625
-0.262617,0.35,0.449103,0.83125
-0.25476,0.2625,0.427118,0.83125
-0.237499,0.35,0.427811,0.7875
-0.264139,0.328125,0.428603,0.590625
-0.270819,0.284375,0.430168,0.809375
-0.256756,0.35,0.431151,0.74375
-0.266343,0.30625,0.451324,0.7875
-0.258095,0.30625,0.452307,0.83125
-0.258569,0.30625,0.434683,0.503125
-0.267865,0.328125,0.463387,0.765625
-0.259617,0.328125,0.43694,0.74375
-0.260091,0.30625,0.440731,0.83125
-0.275393,0.328125,0.439098,0.83125
-0.252608,0.39375,0.440272,0.853125
-0.253082,0.30625,0.441155,0.875
-0.261987,0.30625,0.442039,0.853125
-0.262171,0.371875,0.46589,0.809375
-0.262936,0.30625,0.443805,0.765625
-0.254397,0.371875,0.444789,0.721875
-0.263302,0.371875,0.445381,0.7875
-0.246332,0.39375,0.469524,0.7875
-0.255237,0.39375,0.447148,0.7875
-0.255421,0.39375,0.448031,0.7
-0.264326,0.39375,0.471983,0.83125
-0.24125,0.39375,0.449607,0.83125
-0.256261,0.39375,0.450781,0.74375
-0.247723,0.415625,0.451664,0.853125
-0.2418,0.371875,0.452357,0.809375
-0.256521,0.39375,0.45324,0.83125
-0.256704,0.371875,0.454124,0.9625
-0.224615,0.4375,0.454816,0.809375
-0.257071,0.371875,0.45599,0.809375
-0.225273,0.415625,0.456874,0.875
-0.216443,0.35,0.457566,0.853125
-0.242793,0.371875,0.45845,0.7875
-0.242686,0.415625,0.459042,0.678125
-0.225134,0.35,0.459735,0.74375
-0.233749,0.2625,0.460327,0.415625
-0.248469,0.35,0.461211,0.765625
-0.225102,0.371875,0.461903,0.74375
-0.248254,0.371875,0.462496,0.590625
-0.224887,0.284375,0.463189,0.765625
-0.22478,0.35,0.463781,0.74375
-0.224673,0.35,0.464374,0.853125
-0.215843,0.30625,0.465066,0.875
-0.242193,0.284375,0.46595,0.765625
-0.224641,0.35,0.466642,0.7875
-0.233256,0.328125,0.467235,0.7875
-0.215704,0.30625,0.467927,0.83125
-0.241763,0.30625,0.46852,0.853125
-0.224211,0.30625,0.469213,0.875
-0.247654,0.30625,0.470096,0.721875
-0.232719,0.371875,0.470498,0.875
-0.247439,0.2625,0.471381,0.6125
-0.224073,0.328125,0.472074,0.875
-0.223965,0.30625,0.472666,0.853125
-0.232871,0.284375,0.47365,0.896875
-0.241486,0.284375,0.474242,0.83125
-0.209397,0.328125,0.474935,0.7875
-0.241271,0.2625,0.475527,0.940625
-0.232732,0.30625,0.476511,0.809375
-0.241637,0.284375,0.477394,0.74375
-0.224086,0.196875,0.478087,0.940625
-0.2327,0.153125,0.478779,0.634375
-0.224161,0.175,0.479663,0.853125
-0.232776,0.21875,0.480355,0.875
-0.232378,0.240625,0.480657,0.875
-0.223549,0.2625,0.48135,0.809375
-0.264145,0.2625,0.482042,0.590625
-0.241069,0.284375,0.482926,0.371875
-0.214795,0.328125,0.483618,0.590625
-0.241145,0.30625,0.484601,0.853125
-0.223593,0.30625,0.485194,0.56875
-0.208949,0.328125,0.485887,0.809375
-0.2321,0.30625,0.486579,0.875
-0.214258,0.30625,0.486981,0.525
-0.246132,0.2625,0.487574,0.809375
-0.2405,0.328125,0.488557,0.634375
-0.231671,0.30625,0.48925,0.91875
-0.231563,0.328125,0.489842,0.875
-0.214011,0.328125,0.490535,0.853125
-0.213904,0.371875,0.498205,0.853125
-0.246069,0.35,0.49192,0.940625
-0.240147,0.39375,0.492613,0.853125
-0.245854,0.328125,0.493205,0.765625
-0.239932,0.2625,0.493798,0.678125
-0.221989,0.30625,0.505439,0.83125
-0.222173,0.415625,0.494592,0.91875
-0.213052,0.371875,0.494603,0.896875
-0.230289,0.328125,0.495196,0.590625
-0.239195,0.328125,0.523309,0.875
-0.230265,0.30625,0.496281,0.940625
-0.230158,0.328125,0.496583,0.809375
-0.212315,0.2625,0.496494,0.984375
-0.211817,0.39375,0.496796,0.940625
-0.196882,0.328125,0.496807,0.875
-0.211211,0.30625,0.520268,0.853125
-0.211104,0.328125,0.497311,0.721875
-0.211187,0.4375,0.498194,0.853125
-0.243061,0.30625,0.498396,0.896875
-0.228417,0.30625,0.498698,0.896875
-0.210474,0.39375,0.517607,0.875
-0.210367,0.284375,0.499301,0.284375
-0.2183,0.328125,0.52945,0.459375
-0.20918,0.328125,0.499224,0.721875
-0.217404,0.30625,0.502142,0.853125
-0.202469,0.21875,0.499537,0.765625
-0.217189,0.415625,0.511759,0.875
-0.207969,0.30625,0.500331,0.284375
-0.202047,0.240625,0.500924,0.7875
-0.201549,0.30625,0.501226,0.721875
-0.20086,0.240625,0.512576,0.875
-0.206176,0.2625,0.501248,0.896875
-0.2145,0.240625,0.50155,0.984375
-0.18183,0.240625,0.501461,0.940625
-0.198195,0.240625,0.501181,0.634375
-0.180061,0.240625,0.501192,0.875
-0.202532,0.240625,0.501203,0.853125
-0.196319,0.328125,0.501505,0.9625
-0.186808,0.21875,0.501516,0.875
-0.177397,0.153125,0.501527,0.875
-0.167595,0.0875,0.501248,0.875
-0.175628,0.30625,0.501259,0.940625
-0.174649,0.21875,0.500879,0.765625
-0.159613,0.153125,0.501181,0.83125
-0.181893,0.175,0.500901,0.896875
-0.189826,0.196875,0.500913,0.91875
-0.180415,0.196875,0.500924,0.721875
-0.179336,0.175,0.500644,0.875
-0.169924,0.196875,0.500655,0.853125
-0.160223,0.196875,0.500376,0.875
-0.176587,0.240625,0.500096,0.875
-0.167176,0.21875,0.500107,0.503125
-0.157374,0.21875,0.499827,0.91875
-0.173839,0.196875,0.499548,0.721875
-0.172178,0.196875,0.498687,0.83125
-0.162767,0.415625,0.498698,0.7875
-0.14725,0.240625,0.498518,0.896875
-0.16943,0.35,0.498239,0.721875
-0.136469,0.196875,0.497959,0.83125
-0.167661,0.2625,0.49797,0.809375
-0.166973,0.2625,0.497981,0.678125
-0.189443,0.2625,0.497992,0.875
-0.14805,0.2625,0.498003,0.74375
-0.14678,0.2625,0.497433,0.896875
-0.177973,0.21875,0.497444,0.809375
-0.139487,0.2625,0.497455,0.875
-0.185217,0.240625,0.497566,0.896875
-0.152547,0.240625,0.497577,0.765625
-0.175308,0.284375,0.497879,0.6125
-0.159791,0.35,0.4976,0.875
-0.174121,0.21875,0.498192,0.853125
-0.158895,0.35,0.498303,0.896875
-0.172743,0.240625,0.498314,0.875
-0.189689,0.35,0.498616,0.875
-0.189291,0.240625,0.498918,0.875
-0.180071,0.35,0.49922,0.853125
-0.17066,0.240625,0.499331,0.940625
-0.187606,0.328125,0.499633,0.765625
-0.163949,0.21875,0.499935,0.678125
-0.169365,0.30625,0.500237,0.940625
-0.177589,0.284375,0.500639,0.896875
-0.185623,0.21875,0.500359,0.940625
-0.185124,0.21875,0.500661,0.678125
-0.175713,0.196875,0.500672,0.896875
-0.175506,0.30625,0.512603,0.853125
-0.165804,0.2625,0.500503,0.678125
-0.191763,0.21875,0.500805,0.896875
-0.173921,0.21875,0.501107,0.875
-0.191449,0.21875,0.515946,0.896875
-0.173897,0.284375,0.516348,1.02812
-0.182121,0.2625,0.52072,0.678125
-0.182013,0.196875,0.502124,0.7875
-0.172793,0.153125,0.502135,0.896875
-0.172686,0.21875,0.502537,0.875
-0.15765,0.175,0.502839,0.940625
-0.180511,0.21875,0.505757,0.634375
-0.162569,0.240625,0.517398,0.91875
-0.162171,0.240625,0.52187,0.91875
-0.161382,0.2625,0.502692,1.00625
-0.161274,0.196875,0.503285,0.853125
-0.169599,0.21875,0.514735,0.809375
-0.160378,0.21875,0.503116,0.546875
-0.169284,0.2625,0.504,0.91875
-0.177508,0.21875,0.518648,0.896875
-0.1774,0.175,0.504703,0.91875
-0.176902,0.196875,0.505105,0.940625
-0.15935,0.153125,0.505407,0.940625
-0.167574,0.175,0.505709,0.984375
-0.175899,0.175,0.51745,0.940625
-0.16726,0.284375,0.506703,0.940625
-0.166861,0.284375,0.507105,0.940625
-0.157641,0.284375,0.507407,0.940625
-0.157534,0.284375,0.508,0.91875
-0.165758,0.2625,0.508401,0.853125
-0.174373,0.2625,0.508994,0.896875
-0.156721,0.30625,0.509687,0.678125
-0.150508,0.2625,0.509989,0.940625
-0.17356,0.2625,0.510681,0.940625
-0.173452,0.415625,0.510983,0.91875
-0.164523,0.2625,0.511676,0.940625
-0.155402,0.30625,0.511977,0.853125
-0.14938,0.2625,0.51267,0.853125
-0.172532,0.2625,0.513263,0.9625
-0.154399,0.328125,0.513374,0.896875
-0.194895,0.2625,0.541396,0.896875
-0.171819,0.240625,0.514659,0.91875
-0.154167,0.2625,0.515061,0.875
-0.162491,0.284375,0.515363,0.30625
-0.185543,0.2625,0.516055,0.9625
-0.194449,0.21875,0.544268,0.91875
-0.194241,0.2625,0.51734,0.9625
-0.170874,0.284375,0.518033,0.74375
-0.162236,0.2625,0.521533,1.00625
-0.162128,0.2625,0.519318,0.91875
-0.185761,0.240625,0.520592,0.853125
-0.185945,0.284375,0.532524,0.875
-0.19475,0.196875,0.521877,0.940625
-0.171384,0.175,0.52257,0.896875
-0.195017,0.21875,0.542351,0.91875
-0.154497,0.2625,0.524437,0.875
-0.171734,0.21875,0.525129,0.940625
-0.195467,0.2625,0.526303,0.896875
-0.204273,0.284375,0.526996,1.00625
-0.172765,0.240625,0.52827,0.91875
-0.18138,0.240625,0.528963,0.91875
-0.187569,0.2625,0.529846,0.9625
-0.187461,0.0875,0.530539,0.940625
-0.187836,0.2625,0.55042,0.91875
-0.196741,0.109375,0.532214,0.896875
-0.173274,0.240625,0.532516,0.91875
-0.196717,0.284375,0.533209,0.74375
-0.1968,0.13125,0.533901,0.940625
-0.173434,0.175,0.545933,0.9625
-0.205789,0.2625,0.558255,0.9625
-0.188528,0.196875,0.563209,0.940625
-0.21536,0.2625,0.54384,1.05
-0.215834,0.175,0.540463,0.875
-0.216208,0.240625,0.565768,0.875
-0.216582,0.21875,0.539031,0.91875
-0.222871,0.240625,0.567344,1.00625
-0.21743,0.284375,0.547585,0.91875
-0.22391,0.2625,0.564559,0.83125
-0.218569,0.2625,0.57242,0.940625
-0.233771,0.2625,0.566035,1.00625
-0.219708,0.30625,0.573996,0.9625
-0.21165,0.30625,0.574589,0.984375
-0.235574,0.2625,0.572664,0.896875
-0.221511,0.328125,0.552905,0.9625
-0.228282,0.284375,0.581509,0.9625
-0.237669,0.328125,0.56175,0.765625
-0.238143,0.30625,0.554883,0.940625
-0.238808,0.2625,0.578444,0.7
-0.256917,0.328125,0.579427,0.91875
-0.24896,0.328125,0.563739,1.02812
-0.23218,0.328125,0.564431,0.853125
-0.250389,0.328125,0.565024,0.984375
-0.251345,0.415625,0.590429,0.9625
-0.261023,0.328125,0.591313,1.00625
-0.253065,0.35,0.575724,0.940625
-0.245299,0.39375,0.572246,0.984375
-0.263408,0.328125,0.572648,0.7875
-0.263882,0.39375,0.572759,1.00625
-0.264837,0.35,0.578003,0.9625
-0.271608,0.39375,0.574335,0.875
-0.249404,0.284375,0.587139,0.875
-0.267513,0.503125,0.58754,0.9625
-0.259847,0.371875,0.592885,1.07187
-0.260802,0.4375,0.593768,0.875
-0.285017,0.371875,0.5901,0.896875
-0.262813,0.371875,0.599514,0.56875
-0.278306,0.39375,0.591676,0.984375
-0.264724,0.371875,0.60109,0.940625
-0.241939,0.371875,0.59277,0.984375
-0.257141,0.39375,0.590164,0.940625
-0.258197,0.371875,0.586496,0.9625
-0.259152,0.328125,0.598818,0.896875
-0.300811,0.371875,0.592142,0.896875
-0.261163,0.371875,0.580042,0.896875
-0.270841,0.371875,0.585387,0.984375
-0.254061,0.328125,0.57852,0.940625
-0.272271,0.328125,0.595103,0.9625
-0.273226,0.415625,0.603355,0.984375
-0.265169,0.328125,0.596779,0.853125
-0.257502,0.503125,0.577701,0.940625
-0.284334,0.2625,0.594385,0.809375
-0.276667,0.459375,0.591198,0.503125
-0.277332,0.30625,0.5759,0.984375
-0.269274,0.503125,0.601596,0.896875
-0.255502,0.328125,0.598218,0.940625
-0.261982,0.459375,0.590479,0.91875
-0.280091,0.371875,0.576926,0.91875
-0.263411,0.4375,0.580716,0.809375
-0.264076,0.284375,0.606122,0.853125
-0.250013,0.415625,0.607105,0.809375
-0.250678,0.328125,0.592098,0.853125
-0.260065,0.153125,0.581742,0.853125
-0.266645,0.35,0.605985,0.7875
-0.267019,0.328125,0.583709,0.853125
-0.244134,0.35,0.596322,0.875
-0.25333,0.371875,0.592653,0.83125
-0.253704,0.35,0.613989,0.875
-0.26261,0.240625,0.605959,0.853125
-0.263274,0.525,0.611594,0.91875
-0.245913,0.30625,0.612287,0.83125
-0.23156,0.415625,0.61734,0.896875
-0.24618,0.196875,0.613672,0.91875
-0.246073,0.371875,0.593722,0.83125
-0.222897,0.2625,0.621744,0.91875
-0.237226,0.2625,0.591909,0.809375
-0.23741,0.284375,0.6115,0.853125
-0.237493,0.328125,0.593003,0.896875
-0.222749,0.284375,0.593596,0.853125
-0.237178,0.196875,0.594289,0.853125
-0.204699,0.196875,0.59469,0.896875
-0.221936,0.35,0.595283,0.940625
-0.19876,0.196875,0.596266,0.896875
-0.221521,0.371875,0.596568,0.940625
-0.198154,0.196875,0.597261,0.896875
-0.203471,0.30625,0.597663,0.896875
-0.203263,0.21875,0.598255,0.853125
-0.202474,0.2625,0.598366,0.896875
-0.210799,0.196875,0.598768,0.896875
-0.201578,0.240625,0.59917,0.809375
-0.218524,0.240625,0.599472,0.896875
-0.195058,0.284375,0.600164,0.678125
-0.217628,0.2625,0.600276,0.91875
-0.199686,0.284375,0.600577,0.896875
-0.20791,0.2625,0.600979,0.896875
-0.215843,0.2625,0.60109,0.91875
-0.215445,0.39375,0.601492,0.91875
-0.197502,0.284375,0.601794,0.896875
-0.196713,0.48125,0.601905,0.940625
-0.196215,0.284375,0.602307,0.875
-0.18118,0.39375,0.602709,0.940625
-0.195028,0.2625,0.60282,0.896875
-0.19453,0.4375,0.603122,0.875
-0.194032,0.2625,0.603524,0.9625
-0.187428,0.328125,0.603635,0.83125
-0.210289,0.2625,0.604037,0.940625
-0.192347,0.2625,0.604439,0.896875
-0.200571,0.2625,0.60484,0.9625
-0.19135,0.284375,0.605242,0.940625
-0.190952,0.284375,0.605644,0.853125
-0.184349,0.30625,0.605655,0.896875
-0.189665,0.284375,0.606057,0.83125
-0.183643,0.30625,0.60675,0.83125
-0.206504,0.2625,0.607151,0.91875
-0.188852,0.35,0.607844,0.896875
-0.205799,0.2625,0.608246,0.9625
-0.182332,0.2625,0.608939,0.809375
-0.205484,0.175,0.609631,0.83125
-0.205276,0.2625,0.610324,0.875
-0.204778,0.39375,0.610435,1.00625
-0.187417,0.2625,0.611418,0.9625
-0.204754,0.240625,0.612111,0.984375
-0.187393,0.371875,0.613094,0.875
-0.20463,0.284375,0.613787,0.940625
-0.204423,0.30625,0.614479,0.896875
-0.219143,0.328125,0.615463,0.875
-0.213121,0.284375,0.616155,0.853125
-0.204482,0.240625,0.635746,0.940625
-0.218811,0.35,0.61754,0.984375
-0.203876,0.328125,0.617651,0.9625
-0.212391,0.2625,0.618053,0.896875
-0.203461,0.284375,0.618746,0.896875
-0.194532,0.328125,0.619248,0.984375
-0.203437,0.240625,0.6432,0.896875
-0.20323,0.30625,0.643601,0.984375
-0.203023,0.284375,0.644003,0.984375
-0.202524,0.284375,0.643533,0.853125
-0.211139,0.240625,0.620676,0.984375
-0.201919,0.175,0.651024,0.853125
-0.201711,0.284375,0.648327,0.875
-0.201313,0.21875,0.643787,0.940625
-0.192093,0.284375,0.639246,0.984375
-0.191886,0.240625,0.632089,1.02812
-0.2004,0.21875,0.643829,0.984375
-0.19128,0.240625,0.63212,1.00625
-0.18206,0.21875,0.651129,0.9625
-0.199006,0.2625,0.623329,0.984375
-0.180773,0.30625,0.620242,0.9625
-0.197719,0.240625,0.643613,0.9625
-0.212049,0.240625,0.643624,0.940625
-0.188291,0.21875,0.620476,0.984375
-0.196515,0.196875,0.620777,0.9625
-0.196017,0.30625,0.620889,0.984375
-0.178365,0.328125,0.621481,1.00625
-0.177867,0.30625,0.621883,0.940625
-0.177369,0.30625,0.622185,0.91875
-0.17658,0.109375,0.622296,0.940625
-0.185095,0.30625,0.622889,0.940625
-0.17006,0.328125,0.62329,0.875
-0.175086,0.328125,0.623111,0.9625
-0.16005,0.284375,0.623413,0.940625
-0.173799,0.30625,0.623524,0.940625
-0.1733,0.284375,0.623826,0.940625
-0.166987,0.30625,0.624227,0.875
-0.172013,0.30625,0.624239,0.940625
-0.1657,0.30625,0.62464,0.940625
-0.179158,0.2625,0.624461,0.9625
-0.1554,0.21875,0.624763,0.875
-0.169439,0.2625,0.625164,0.896875
-0.168941,0.284375,0.625566,0.83125
-0.167861,0.284375,0.625287,0.9625
-0.167363,0.2625,0.625689,0.91875
-0.175687,0.284375,0.62609,0.9625
-0.166467,0.284375,0.626392,0.896875
-0.183704,0.2625,0.627085,0.896875
-0.166052,0.2625,0.642024,0.896875
-0.165554,0.284375,0.627789,0.940625
-0.15895,0.21875,0.6279,0.83125
-0.182002,0.240625,0.628592,0.853125
-0.181795,0.284375,0.629285,0.9625
-0.181297,0.284375,0.629587,0.853125
-0.181089,0.2625,0.630279,0.940625
-0.17245,0.284375,0.631263,1.00625
-0.189687,0.284375,0.631955,0.896875
-0.189771,0.284375,0.632839,0.896875
-0.180841,0.240625,0.633531,0.984375
-0.204184,0.284375,0.634224,0.896875
-0.195545,0.284375,0.635207,0.853125
-0.20435,0.21875,0.63619,0.940625
-0.190187,0.284375,0.637464,0.853125
-0.204808,0.284375,0.638348,0.940625
-0.19646,0.284375,0.639331,0.896875
-0.205265,0.13125,0.640314,0.940625
-0.182089,0.175,0.641007,1.00625
-0.19671,0.13125,0.64199,0.91875
-0.229356,0.196875,0.666524,0.91875
-0.206471,0.175,0.644248,0.896875
-0.198123,0.240625,0.652209,0.940625
-0.215941,0.175,0.664822,0.896875
-0.230561,0.284375,0.646326,0.940625
-0.239949,0.240625,0.677737,0.91875
-0.217063,0.284375,0.662439,1.02812
-0.240987,0.284375,0.649176,1.05
-0.226824,0.415625,0.664114,1.00625
-0.233304,0.30625,0.67382,0.875
-0.233969,0.371875,0.679164,0.9625
-0.202361,0.30625,0.682764,0.984375
-0.252452,0.30625,0.660198,1.05
-0.220845,0.30625,0.680951,1.05
-0.24506,0.30625,0.677864,1.05
-0.26346,0.328125,0.686116,1.07187
-0.238058,0.35,0.684292,1.05
-0.256167,0.328125,0.687892,1.09375
-0.27166,0.371875,0.661546,1.09375
-0.234528,0.21875,0.689859,1.05
-0.267465,0.328125,0.683864,1.09375
-0.268421,0.371875,0.676126,1.09375
-0.283913,0.328125,0.68147,1.07187
-0.276147,0.371875,0.682453,1.07187
-0.253843,0.4375,0.671807,0.984375
-0.271661,0.371875,0.695177,1.07187
-0.272908,0.39375,0.696842,0.9625
-0.247697,0.35,0.706257,1.05
-0.280634,0.39375,0.698227,0.9625
-0.267052,0.065625,0.707642,1.1375
-0.27673,0.328125,0.703974,1.05
-0.269254,0.39375,0.697789,0.940625
-0.278932,0.371875,0.709529,1.09375
-0.285993,0.39375,0.714483,1.07187
-0.304393,0.459375,0.710233,1.1375
-0.305639,0.48125,0.722264,1.11563
-0.289441,0.459375,0.726737,0.984375
-0.284582,0.371875,0.730918,1.15938
-0.300365,0.4375,0.730929,1.07187
-0.287074,0.35,0.742089,1.05
-0.270876,0.590625,0.741618,1.09375
-0.295673,0.525,0.7458,1.09375
-0.305541,0.459375,0.745039,1.15938
-0.306787,0.415625,0.755616,1.05
-0.299311,0.415625,0.750203,1.1375
-0.309571,0.4375,0.765724,1.1375
-0.301804,0.415625,0.76399,0.634375
-0.303341,0.35,0.767009,1.15938
-0.330754,0.503125,0.761014,0.809375
-0.346828,0.39375,0.768685,1.07187
-0.316093,0.503125,0.76269,1.18125
-0.326352,0.39375,0.777048,1.20312
-0.319167,0.415625,0.766983,1.15938
-0.311982,0.4375,0.774363,1.24687
-0.339686,0.371875,0.768368,1.24687
-0.340832,0.48125,0.762374,1.15938
-0.34266,0.415625,0.765101,1.09375
-0.326752,0.459375,0.763177,1.09375
-0.368993,0.4375,0.765614,1.09375
-0.321104,0.48125,0.770668,1.02812
-0.380789,0.459375,0.768453,1.1375
-0.341623,0.459375,0.779322,1.1375
-0.366419,0.459375,0.779433,1.225
-0.336265,0.415625,0.777218,1.20312
-0.393043,0.371875,0.783435,1.15938
-0.362889,0.35,0.772307,1.1375
-0.349889,0.503125,0.778233,1.15938
-0.374395,0.459375,0.770494,1.07187
-0.376513,0.634375,0.768861,1.29062
-0.354791,0.459375,0.762285,0.896875
-0.36505,0.459375,0.743207,1.07187
-0.349043,0.546875,0.741283,1.26875
-0.368315,0.459375,0.736451,1.15938
-0.38468,0.525,0.730848,1.225
-0.403952,0.48125,0.733866,0.9625
-0.420026,0.590625,0.707811,1.225
-0.357891,0.48125,0.727111,1.11563
-0.36815,0.56875,0.698729,1.29062
-0.369978,0.503125,0.693998,1.15938
-0.380237,0.56875,0.689166,1.225
-0.405324,0.48125,0.684626,1.02812
-0.389708,0.6125,0.681829,1.26875
-0.40898,0.525,0.68204,1.02812
-0.392782,0.590625,0.668777,1.09375
-0.380073,0.48125,0.669179,0.984375
-0.372597,0.56875,0.666383,1.09375
-0.415128,0.590625,0.666885,1.02812
-0.366949,0.6125,0.669903,1.11563
-0.40948,0.459375,0.663327,0.940625
-0.396189,0.6125,0.667609,1.09375
-0.40325,0.503125,0.66772,0.634375
-0.381237,0.6125,0.670448,1.09375
-0.373761,0.48125,0.670659,0.984375
-0.351458,0.56875,0.65914,1.1375
-0.370149,0.459375,0.675051,1.02812
-0.362382,0.546875,0.65859,1.05
-0.37206,0.459375,0.674111,0.940625
-0.373015,0.546875,0.662401,1.09375
-0.364858,0.48125,0.668909,0.91875
-0.3568,0.678125,0.6729,1.18125
-0.334206,0.39375,0.672139,0.940625
-0.343302,0.56875,0.659748,1.07187
-0.349782,0.4375,0.666355,0.91875
-0.350447,0.503125,0.658616,1.11563
-0.345006,0.4375,0.653594,1.18125
-0.336658,0.503125,0.648763,1.07187
-0.32831,0.39375,0.648392,1.05
-0.337115,0.525,0.64734,1.11563
-0.320045,0.39375,0.651622,0.9625
-0.320128,0.415625,0.639522,1.09375
-0.320502,0.415625,0.639342,0.9625
-0.329308,0.328125,0.638772,0.9625
-0.320278,0.39375,0.626963,1.09375
-0.320361,0.328125,0.6136,0.940625
-0.320054,0.459375,0.626694,1.00625
-0.320137,0.35,0.599476,1.1375
-0.314306,0.525,0.611698,1.00625
-0.314099,0.371875,0.619268,0.91875
-0.345873,0.4375,0.601063,1.05
-0.313584,0.371875,0.601655,0.940625
-0.313667,0.459375,0.602539,1.07187
-0.319174,0.371875,0.603231,0.896875
-0.318967,0.48125,0.603824,0.940625
-0.312845,0.39375,0.604516,0.875
-0.286471,0.48125,0.605109,0.765625
-0.326967,0.39375,0.605801,0.875
-0.294678,0.4375,0.606394,0.91875
-0.311915,0.39375,0.606987,1.00625
-0.311899,0.503125,0.60797,1.09375
-0.317506,0.415625,0.608563,1.09375
-0.294039,0.503125,0.609255,1.09375
-0.293732,0.415625,0.609848,0.83125
-0.310969,0.546875,0.61054,0.940625
-0.325489,0.4375,0.611424,0.940625
-0.302023,0.546875,0.612116,1.1375
-0.301815,0.415625,0.612809,0.896875
-0.316336,0.546875,0.613692,1.00625
-0.301591,0.39375,0.614385,1.00625
-0.301284,0.525,0.614977,1.00625
-0.333349,0.39375,0.615961,1.00625
-0.309882,0.546875,0.616553,1.00625
-0.324402,0.415625,0.617537,0.940625
-0.309949,0.525,0.61852,0.9625
-0.309932,0.4375,0.619403,1.05
-0.315539,0.503125,0.620096,0.91875
-0.315623,0.74375,0.620979,0.896875
-0.33305,0.459375,0.621963,0.940625
-0.341856,0.525,0.622946,0.459375
-0.324395,0.459375,0.623829,0.91875
-0.324478,0.4375,0.624813,0.896875
-0.324561,0.4375,0.625796,0.984375
-0.315823,0.459375,0.626679,1.00625
-0.324919,0.39375,0.627953,0.9625
-0.342737,0.35,0.629227,1.00625
-0.333999,0.48125,0.630211,1.11563
-0.316637,0.459375,0.631094,0.896875
-0.343078,0.525,0.632368,1.00625
-0.302458,0.4375,0.633351,0.940625
-0.326091,0.525,0.634626,0.984375
-0.335087,0.4375,0.6358,0.91875
-0.335171,0.503125,0.636783,1.00625
-0.344267,0.39375,0.638057,0.896875
-0.335528,0.48125,0.63904,0.984375
-0.32718,0.4375,0.640214,0.896875
-0.335886,0.48125,0.641198,0.940625
-0.327247,0.328125,0.642181,0.984375
-0.32733,0.4375,0.643164,0.9625
-0.318591,0.503125,0.644148,1.07187
-0.318384,0.39375,0.64484,0.9625
-0.318758,0.48125,0.646114,1.00625
-0.318741,0.459375,0.646998,0.940625
-0.318824,0.459375,0.647981,1.18125
-0.336352,0.39375,0.648964,1.07187
-0.304063,0.459375,0.649657,0.9625
-0.312869,0.415625,0.65064,0.984375
-0.318667,0.39375,0.651624,1.02812
-0.303923,0.39375,0.652316,1.00625
-0.312437,0.284375,0.653009,1.15938
-0.318236,0.39375,0.653992,0.896875
-0.312213,0.35,0.654685,1.00625
-0.311715,0.39375,0.655087,1.07187
-0.293963,0.415625,0.655779,1.11563
-0.293465,0.4375,0.656181,0.940625
-0.293258,0.415625,0.656874,1.18125
-0.29295,0.39375,0.657566,0.9625
-0.277915,0.39375,0.657968,1.07187
-0.277417,0.371875,0.65837,0.984375
-0.282634,0.371875,0.658772,1.1375
-0.290858,0.459375,0.659174,1.02812
-0.275823,0.415625,0.659676,1.09375
-0.281139,0.4375,0.660077,1.02812
-0.274826,0.459375,0.660579,1.07187
-0.265315,0.4375,0.66079,1.02812
-0.264717,0.39375,0.661292,1.18125
-0.27236,0.459375,0.661113,0.896875
-0.254417,0.39375,0.661614,0.940625
-0.252756,0.415625,0.660953,0.9625
-0.26098,0.415625,0.661455,0.7
-0.25961,0.415625,0.660985,1.00625
-0.250099,0.39375,0.661196,1.02812
-0.234773,0.459375,0.661407,0.984375
-0.248521,0.39375,0.661618,1.02812
-0.265076,-0.04375,0.661829,1.00625
-0.264287,0.415625,0.66194,1.00625
-0.246054,0.4375,0.662151,1.11563
-0.244974,0.39375,0.662072,0.984375
-0.244186,0.39375,0.662283,0.7
-0.252119,0.35,0.662494,1.05
-0.242608,0.39375,0.662705,1.07187
-0.265078,0.371875,0.662916,0.984375
-0.249752,0.371875,0.663127,1.00625
-0.248963,0.39375,0.663339,1.07187
-0.256797,0.39375,0.66345,0.940625
-0.247286,0.371875,0.663661,0.940625
-0.237484,0.371875,0.663581,1.00625
-0.236986,0.35,0.664083,1.00625
-0.236197,0.35,0.664294,0.896875
-0.24413,0.328125,0.664505,1.11563
-0.252063,0.30625,0.664716,0.7
-0.257089,0.35,0.664927,1.05
-0.250776,0.30625,0.665429,1.1375
-0.241265,0.35,0.66564,1.07187
-0.240767,0.328125,0.666142,1.225
-0.254515,0.30625,0.666353,0.91875
-0.254017,0.35,0.666855,1.07187
-0.262432,0.328125,0.667748,1.11563
-0.253211,0.35,0.66825,1.18125
-0.261436,0.2625,0.668751,0.91875
-0.26966,0.240625,0.669253,1.1375
-0.269452,0.284375,0.670046,0.83125
-0.268954,0.328125,0.670548,1.07187
-0.251302,0.30625,0.67134,1.05
-0.291508,0.328125,0.671842,1.09375
-0.291591,0.328125,0.672926,0.91875
-0.276847,0.35,0.673818,1.07187
-0.282454,0.39375,0.674611,1.05
-0.276432,0.35,0.675403,1.1375
-0.267793,0.35,0.676487,0.984375
-0.276308,0.328125,0.677279,1.225
-0.276391,0.35,0.678463,1.00625
-0.276184,0.30625,0.679255,1.09375
-0.267545,0.371875,0.680339,0.984375
-0.281584,0.371875,0.68084,1.11563
-0.26713,0.371875,0.682024,1.00625
-0.275645,0.371875,0.710146,1.1375
-0.275728,0.371875,0.683609,1.15938
-0.289958,0.39375,0.684401,1.1375
-0.25806,0.371875,0.685585,0.9625
-0.281111,0.371875,0.693064,0.9625
-0.27538,0.415625,0.686879,0.984375
-0.281278,0.415625,0.688063,0.984375
-0.290084,0.371875,0.689146,0.984375
-0.27563,0.371875,0.690229,1.00625
-0.275423,0.39375,0.691122,1.07187
-0.281611,0.39375,0.692496,1.05
-0.266867,0.39375,0.692998,1.07187
-0.281778,0.415625,0.694472,1.07187
-0.290193,0.415625,0.694864,1.00625
-0.266817,0.4375,0.702426,1.05
-0.275713,0.415625,0.696131,1.07187
-0.266684,0.371875,0.696233,0.984375
-0.281104,0.371875,0.696816,1.07187
-0.275273,0.371875,0.724829,1.07187
-0.298124,0.328125,0.697311,1.05
-0.280563,0.284375,0.697894,1.07187
-0.280547,0.39375,0.709916,1.11563
-0.265602,0.415625,0.726009,1.00625
-0.265195,0.30625,0.69849,1.05
-0.279424,0.371875,0.721751,1.05
-0.279599,0.240625,0.722144,1.02812
-0.273476,0.39375,0.722246,0.940625
-0.255624,0.35,0.717696,1.07187
-0.272952,0.35,0.713727,1.20312
-0.27846,0.328125,0.698901,1.02812
-0.272237,0.35,0.72924,1.02812
-0.263208,0.371875,0.698814,1.05
-0.263091,0.4375,0.717524,0.9625
-0.262684,0.4375,0.717626,0.6125
-0.253363,0.284375,0.728776,1.15938
-0.252956,0.415625,0.728487,0.7
-0.261371,0.35,0.69777,1.05
-0.260673,0.328125,0.70485,1.15938
-0.250961,0.30625,0.69652,1.05
-0.259376,0.415625,0.696331,1.07187
-0.258969,0.284375,0.719401,1.07187
-0.267093,0.415625,0.719213,1.11563
-0.257963,0.30625,0.723385,1.20312
-0.248543,0.39375,0.714474,1.11563
-0.239223,0.2625,0.706435,1.15938
-0.247247,0.30625,0.694326,1.24687
-0.238217,0.21875,0.701405,1.02812
-0.24595,0.30625,0.712264,1.15938
-0.263087,0.240625,0.712366,1.11563
-0.244654,0.35,0.692307,1.07187
-0.235234,0.284375,0.715187,1.1375
-0.234636,0.35,0.719359,1.1375
-0.2194,0.2625,0.690968,1.11563
-0.233339,0.35,0.721016,1.11563
-0.226826,0.2625,0.708326,1.18125
-0.232043,0.284375,0.700287,1.02812
-0.230763,0.415625,0.722194,1.00625
-0.24751,0.30625,0.721424,1.1375
-0.229467,0.4375,0.713094,1.15938
-0.237491,0.328125,0.711742,1.07187
-0.237184,0.48125,0.71824,1.02812
-0.245499,0.328125,0.709911,0.940625
-0.253623,0.415625,0.724259,0.634375
-0.267752,0.30625,0.723489,1.02812
-0.252808,0.459375,0.722137,1.09375
-0.25221,0.328125,0.727863,1.02812
-0.24308,0.30625,0.72622,1.09375
-0.242482,0.35,0.724577,0.9625
-0.256611,0.459375,0.734274,1.07187
-0.25078,0.30625,0.730014,1.05
-0.26491,0.4375,0.730698,1.1375
-0.25588,0.371875,0.741657,1.00625
-0.264195,0.48125,0.746701,1.05
-0.2728,0.35,0.748839,0.984375
-0.264061,0.459375,0.757663,1.00625
-0.263654,0.371875,0.758737,1.07187
-0.240378,0.459375,0.76727,0.9625
-0.263521,0.35,0.759231,0.984375
-0.272226,0.459375,0.771544,0.721875
-0.281123,0.35,0.787737,1.00625
-0.263661,0.503125,0.787548,1.07187
-0.263836,0.415625,0.798698,1.07187
-0.296091,0.459375,0.798218,1.11563
-0.281728,0.371875,0.792896,1.1375
-0.264649,0.459375,0.803455,1.09375
-0.287982,0.35,0.797242,1.26875
-0.288347,0.415625,0.79142,1.15938
-0.314878,0.39375,0.801298,1.15938
-0.306811,0.503125,0.786753,1.15938
-0.283626,0.39375,0.776279,1.15938
-0.307541,0.39375,0.758827,1.15938
-0.331456,0.35,0.753877,1.18125
-0.30013,0.48125,0.728866,1.225
-0.324336,0.39375,0.722172,1.225
-0.342726,0.39375,0.689892,1.26875
-0.326228,0.65625,0.675929,1.18125
-0.336187,0.459375,0.673596,1.18125
-0.354578,0.525,0.644224,1.26875
-0.355815,0.503125,0.643344,1.18125
-0.339608,0.48125,0.617751,1.1375
-0.364395,0.48125,0.621814,1.05
-0.383076,0.503125,0.614639,1.02812
-0.416586,0.525,0.598931,1.1375
-0.394854,0.525,0.590783,1.11563
-0.396382,0.525,0.595427,0.940625
-0.365928,0.525,0.596001,1.05
-0.381702,0.546875,0.595994,1.09375
-0.415502,0.546875,0.592207,0.984375
-0.361789,0.503125,0.603829,0.896875
-0.404311,0.525,0.608764,0.9625
-0.373858,0.56875,0.617479,0.940625
-0.422195,0.546875,0.620479,0.875
-0.39145,0.503125,0.623961,0.896875
-0.4017,0.546875,0.627733,0.875
-0.371247,0.48125,0.631214,0.853125
-0.372484,0.48125,0.636731,0.83125
-0.405702,0.525,0.63527,0.83125
-0.415952,0.56875,0.654261,0.940625
-0.400036,0.546875,0.648439,0.853125
-0.409995,0.525,0.646687,0.809375
-0.393787,0.546875,0.652785,0.853125
-0.372056,0.503125,0.65394,0.809375
-0.390156,0.546875,0.647637,0.875
-0.406221,0.525,0.656933,0.809375
-0.375186,0.546875,0.649948,0.984375
-0.408695,0.546875,0.652266,0.984375
-0.386673,0.546875,0.641311,0.984375
-0.370174,0.546875,0.638687,0.940625
-0.380134,0.7,0.629376,0.984375
-0.372649,0.503125,0.634411,0.940625
-0.39133,0.546875,0.629461,1.00625
-0.406813,0.503125,0.618696,0.984375
-0.434217,0.48125,0.610066,1.20312
-0.386028,0.546875,0.599883,1.05
-0.387265,0.590625,0.603074,1.00625
-0.364952,0.546875,0.601713,0.896875
-0.406602,0.48125,0.580481,0.875
-0.407549,0.503125,0.575531,1.00625
-0.409076,0.546875,0.568646,1.00625
-0.392578,0.48125,0.548287,1.09375
-0.384902,0.546875,0.544209,1.05
-0.386139,0.459375,0.542557,0.940625
-0.395808,0.56875,0.530339,0.875
-0.414199,0.503125,0.540316,0.940625
-0.415145,0.525,0.518503,0.853125
-0.390215,0.525,0.52024,0.875
-0.399884,0.546875,0.521787,0.678125
-0.40083,0.546875,0.523233,0.91875
-0.387239,0.546875,0.524779,0.765625
-0.411345,0.546875,0.526026,0.896875
-0.389032,0.546875,0.527372,0.765625
-0.380865,0.56875,0.528427,0.678125
-0.390243,0.546875,0.529383,0.853125
-0.373645,0.546875,0.530729,0.765625
-0.39746,0.48125,0.531785,0.853125
-0.392591,0.525,0.533031,0.7875
-0.375702,0.56875,0.534087,0.940625
-0.408339,0.590625,0.535142,0.765625
-0.385636,0.56875,0.536098,0.765625
-0.377278,0.634375,0.536863,0.809375
-0.377834,0.546875,0.537918,0.875
-0.378199,0.546875,0.538683,0.765625
-0.387476,0.546875,0.539639,0.853125
-0.370297,0.546875,0.540403,0.7875
-0.370952,0.546875,0.541459,0.83125
-0.379939,0.546875,0.542224,0.74375
-0.380013,0.546875,0.542698,0.765625
-0.397723,0.546875,0.543363,0.765625
-0.371921,0.56875,0.544127,0.853125
-0.380908,0.590625,0.544892,0.765625
-0.37255,0.56875,0.545657,0.853125
-0.36671,0.56875,0.546131,0.875
-0.367074,0.546875,0.546796,0.83125
-0.381586,0.56875,0.54727,0.7875
-0.373128,0.56875,0.548035,0.7875
-0.373493,0.546875,0.5488,0.853125
-0.367652,0.546875,0.549274,0.678125
-0.382554,0.546875,0.550039,1.00625
-0.373806,0.590625,0.550513,0.765625
-0.368065,0.546875,0.550987,0.9625
-0.368039,0.56875,0.551361,0.9625
-0.374219,0.48125,0.552126,0.984375
-0.374193,0.56875,0.5526,0.9625
-0.368452,0.525,0.553074,0.9625
-0.359704,0.525,0.553548,0.83125
-0.351056,0.525,0.554022,0.940625
-0.359752,0.546875,0.554496,0.809375
-0.374363,0.56875,0.55497,0.853125
-0.373756,0.56875,0.554863,0.875
-0.367915,0.56875,0.555337,0.853125
-0.341823,0.525,0.555811,0.853125
-0.367673,0.6125,0.555994,0.83125
-0.359024,0.503125,0.556468,0.83125
-0.36743,0.525,0.556651,0.809375
-0.335523,0.503125,0.557126,0.853125
-0.335206,0.503125,0.557309,0.83125
-0.349817,0.503125,0.557783,0.83125
-0.349791,0.525,0.558257,0.83125
-0.349574,0.503125,0.55844,0.83125
-0.349258,0.503125,0.558624,0.853125
-0.334795,0.525,0.559098,0.503125
-0.325465,0.503125,0.55899,0.853125
-0.333971,0.503125,0.559174,0.678125
-0.348482,0.459375,0.559648,0.875
-0.36571,0.48125,0.559831,0.74375
-0.356961,0.459375,0.560305,0.896875
-0.3393,0.525,0.560589,0.875
-0.333169,0.48125,0.560772,0.896875
-0.347489,0.459375,0.560955,0.7875
-0.323913,0.371875,0.584107,0.940625
-0.338524,0.459375,0.561322,0.809375
-0.34693,0.4375,0.561214,0.896875
-0.346713,0.4375,0.561398,1.02812
-0.346106,0.4375,0.5611,0.809375
-0.331352,0.48125,0.560992,0.83125
-0.33685,0.48125,0.560885,0.7
-0.330528,0.459375,0.567755,0.7875
-0.344749,0.371875,0.560379,0.83125
-0.33581,0.371875,0.5908,0.74375
-0.329678,0.415625,0.583233,0.83125
-0.343999,0.39375,0.559576,0.875
-0.352404,0.415625,0.578366,0.896875
-0.334452,0.48125,0.577677,0.83125
-0.328321,0.459375,0.56604,0.853125
-0.328104,0.4375,0.570003,0.809375
-0.342034,0.4375,0.588213,0.853125
-0.32718,0.4375,0.587614,0.765625
-0.332678,0.4375,0.556489,0.940625
-0.340502,0.415625,0.562287,0.984375
-0.325358,0.459375,0.577389,0.721875
-0.339478,0.415625,0.58852,0.83125
-0.347884,0.48125,0.583561,0.765625
-0.330123,0.153125,0.579764,0.91875
-0.338237,0.48125,0.581783,0.940625
-0.329099,0.634375,0.562287,0.39375
-0.328491,0.48125,0.568376,0.7875
-0.328174,0.48125,0.579116,0.678125
-0.322043,0.525,0.562237,0.984375
-0.321336,0.4375,0.553789,0.83125
-0.321019,0.503125,0.56889,0.875
-0.326517,0.4375,0.57527,0.896875
-0.3262,0.35,0.578551,0.83125
-0.311056,0.48125,0.577663,0.83125
-0.301917,0.459375,0.553224,0.721875
-0.318463,0.546875,0.570651,0.896875
-0.332684,0.459375,0.573833,0.39375
-0.331786,0.48125,0.556081,0.875
-0.323037,0.48125,0.566922,0.940625
-0.316224,0.546875,0.553531,0.9625
-0.298173,0.4375,0.556422,0.7875
-0.289134,0.56875,0.571233,0.896875
-0.306261,0.4375,0.569763,0.7875
-0.305554,0.546875,0.572753,0.9625
-0.313669,0.4375,0.5582,0.74375
-0.319167,0.546875,0.565451,0.7
-0.31856,0.415625,0.567761,0.809375
-0.311847,0.415625,0.561348,0.284375
-0.311139,0.503125,0.555035,0.896875
-0.293087,0.459375,0.577696,0.809375
-0.300911,0.459375,0.561979,0.853125
-0.309026,0.415625,0.559637,0.7875
-0.281961,0.525,0.565244,0.896875
-0.298117,0.371875,0.573659,0.765625
-0.280065,0.415625,0.571316,0.765625
-0.296611,0.503125,0.572272,0.984375
-0.2867,0.35,0.569057,0.83125
-0.285802,0.48125,0.570203,0.875
-0.276082,0.35,0.562727,0.875
-0.292919,0.459375,0.555733,1.07187
-0.283008,0.328125,0.552227,0.896875
-0.273387,0.459375,0.549113,0.940625
-0.257952,0.328125,0.546189,0.896875
-0.265386,0.4375,0.547335,1.00625
-0.264197,0.175,0.539859,0.853125
-0.263299,0.4375,0.529666,0.9625
-0.267924,0.30625,0.52965,0.809375
-0.267026,0.30625,0.515777,0.896875
-0.251491,0.240625,0.509074,0.83125
-0.264839,0.371875,0.503924,0.853125
-0.257836,0.284375,0.488498,0.6125
-0.248215,0.4375,0.479568,0.896875
-0.261854,0.284375,0.482459,0.809375
-0.260665,0.415625,0.453077,0.83125
-0.24513,0.284375,0.486887,0.590625
-0.252373,0.284375,0.477857,0.6125
-0.257289,0.328125,0.452064,0.678125
-0.240982,0.284375,0.458735,0.74375
-0.254621,0.459375,0.469285,0.74375
-0.247908,0.459375,0.445137,0.853125
-0.251852,0.371875,0.470805,0.634375
-0.250954,0.30625,0.469335,0.65625
-0.24366,0.371875,0.463313,0.65625
-0.242761,0.371875,0.473763,0.546875
-0.233141,0.371875,0.449133,0.590625
-0.246489,0.35,0.449989,0.56875
-0.221941,0.503125,0.44542,0.65625
-0.244011,0.35,0.470989,0.56875
-0.237008,0.459375,0.457407,0.678125
-0.241634,0.30625,0.451285,0.590625
-0.240736,0.503125,0.453594,0.65625
-0.248069,0.35,0.462872,0.415625
-0.215089,0.35,0.44889,0.6125
-0.236669,0.459375,0.457587,0.74375
-0.229565,0.2625,0.454844,0.65625
-0.228758,0.459375,0.464413,0.7
-0.219037,0.35,0.439092,0.6125
-0.241199,0.4375,0.452731,0.721875
-0.2402,0.35,0.450379,0.634375
-0.23048,0.415625,0.443566,0.721875
-0.229673,0.371875,0.445866,0.590625
-0.237397,0.4375,0.439153,0.74375
-0.254324,0.4375,0.437674,0.590625
-0.244604,0.4375,0.42689,0.721875
-0.258624,0.30625,0.429772,0.6125
-0.257626,0.39375,0.427901,0.7
-0.242282,0.35,0.430783,0.590625
-0.232852,0.415625,0.420581,0.678125
-0.223423,0.328125,0.416485,0.6125
-0.248782,0.415625,0.387385,0.65625
-0.253889,0.35,0.409455,0.2625
-0.253663,0.39375,0.392857,0.65625
-0.261678,0.328125,0.407559,0.546875
-0.252439,0.39375,0.406951,0.678125
-0.246208,0.35,0.382794,0.48125
-0.237069,0.459375,0.382187,0.65625
-0.259811,0.35,0.381289,0.525
-0.245149,0.415625,0.381263,0.634375
-0.267891,0.35,0.380655,0.48125
-0.267765,0.415625,0.380339,0.6125
-0.258526,0.30625,0.379731,0.48125
-0.267123,0.415625,0.379705,0.590625
-0.266997,0.328125,0.382296,0.48125
-0.249326,0.371875,0.379363,0.634375
-0.281182,0.35,0.397944,0.525
-0.275141,0.35,0.37902,0.590625
-0.289843,0.35,0.379285,0.240625
-0.289617,0.39375,0.378968,0.65625
-0.266232,0.39375,0.378942,0.546875
-0.289656,0.371875,0.379207,0.546875
-0.257449,0.371875,0.379181,0.48125
-0.275058,0.35,0.379446,0.503125
-0.280647,0.371875,0.379129,0.525
-0.265984,0.39375,0.379103,0.525
-0.289699,0.371875,0.379659,0.4375
-0.289473,0.415625,0.379633,0.48125
-0.280624,0.371875,0.379607,0.546875
-0.280689,0.39375,0.379872,0.503125
-0.275039,0.371875,0.380137,0.525
-0.281019,0.371875,0.380401,0.590625
-0.298528,0.39375,0.380666,0.48125
-0.281249,0.39375,0.380931,0.48125
-0.290036,0.39375,0.381196,0.503125
-0.2902,0.371875,0.381461,0.56875
-0.281643,0.459375,0.381726,0.503125
-0.281708,0.459375,0.38209,0.48125
-0.267336,0.4375,0.382355,0.48125
-0.281937,0.30625,0.38262,0.634375
-0.290824,0.4375,0.382885,0.525
-0.299711,0.459375,0.38315,0.48125
-0.276808,0.459375,0.383705,0.525
-0.29151,0.4375,0.38397,0.503125
-0.276747,0.4375,0.383944,0.48125
-0.291449,0.48125,0.384309,0.525
-0.291904,0.4375,0.384864,0.525
-0.291678,0.459375,0.384839,0.48125
-0.277306,0.415625,0.385103,0.56875
-0.300921,0.459375,0.385659,0.525
-0.315913,0.503125,0.386314,0.590625
-0.278282,0.415625,0.386579,0.590625
-0.284161,0.415625,0.386844,0.590625
-0.293049,0.415625,0.387109,0.546875
-0.301936,0.35,0.387374,0.48125
-0.316828,0.4375,0.388029,0.503125
-0.285011,0.459375,0.388294,0.503125
-0.293799,0.459375,0.388559,0.65625
-0.293963,0.415625,0.388824,0.48125
-0.279591,0.459375,0.389189,0.546875
-0.294484,0.459375,0.389744,0.503125
-0.285636,0.459375,0.389718,0.546875
-0.294523,0.4375,0.389983,0.48125
-0.312323,0.459375,0.390639,0.525
-0.295043,0.459375,0.390903,0.503125
-0.280571,0.4375,0.391168,0.48125
-0.312617,0.4375,0.391233,0.590625
-0.271587,0.39375,0.390807,0.590625
-0.303924,0.415625,0.390963,0.6125
-0.303599,0.4375,0.390537,0.525
-0.295132,0.371875,0.390692,0.590625
-0.28056,0.459375,0.390557,0.4375
-0.295061,0.4375,0.390422,0.590625
-0.295126,0.284375,0.390287,0.634375
-0.295091,0.371875,0.390251,0.590625
-0.295056,0.39375,0.390116,0.525
-0.286589,0.39375,0.390272,0.678125
-0.280739,0.39375,0.390137,0.4375
-0.295341,0.4375,0.390001,0.590625
-0.295597,0.459375,0.389866,0.48125
-0.327543,0.371875,0.389731,0.590625
-0.313261,0.415625,0.389887,0.48125
-0.304504,0.459375,0.389751,0.590625
-0.295847,0.459375,0.412685,0.503125
-0.313547,0.39375,0.389581,0.678125
-0.30508,0.459375,0.389446,0.56875
-0.328304,0.39375,0.38902,0.525
-0.287856,0.459375,0.388885,0.56875
-0.296643,0.39375,0.38875,0.48125
-0.305621,0.459375,0.388714,0.56875
-0.306167,0.459375,0.389161,0.48125
-0.338404,0.4375,0.389316,0.74375
-0.31521,0.459375,0.38889,0.4375
-0.307034,0.4375,0.389337,0.56875
-0.316011,0.4375,0.400931,0.503125
-0.307545,0.415625,0.389457,0.56875
-0.308091,0.459375,0.412872,0.590625
-0.340428,0.503125,0.389768,0.590625
-0.332252,0.4375,0.389924,0.6125
-0.333089,0.4375,0.390761,0.525
-0.324623,0.4375,0.421153,0.240625
-0.325269,0.371875,0.391072,0.590625
-0.326106,0.4375,0.391518,0.525
-0.352528,0.4375,0.391774,0.6125
-0.326908,0.48125,0.39222,0.678125
-0.327554,0.415625,0.406913,0.48125
-0.337113,0.371875,0.393213,0.590625
-0.346673,0.503125,0.393659,0.48125
-0.329774,0.39375,0.394105,0.48125
-0.324506,0.546875,0.394551,0.415625
-0.357134,0.4375,0.394807,0.525
-0.390243,0.415625,0.395544,0.678125
-0.332641,0.459375,0.39599,0.56875
-0.36546,0.4375,0.396827,0.48125
-0.343137,0.459375,0.397564,0.546875
-0.366943,0.4375,0.42534,0.678125
-0.385515,0.56875,0.398848,0.546875
-0.345649,0.503125,0.399294,0.6125
-0.387289,0.48125,0.400031,0.56875
-0.347713,0.459375,0.401159,0.503125
-0.357273,0.459375,0.413235,0.765625
-0.404628,0.503125,0.402442,0.525
-0.391319,0.525,0.40347,0.678125
-0.415706,0.525,0.404207,0.56875
-0.35258,0.525,0.405044,0.7
-0.353708,0.525,0.405781,0.6125
-0.377904,0.525,0.406518,0.678125
-0.373217,0.503125,0.407646,0.525
-0.374345,0.503125,0.408674,0.7
-0.41356,0.525,0.410092,0.56875
-0.367978,0.525,0.441066,0.678125
-0.377828,0.525,0.411666,0.56875
-0.378956,0.546875,0.412694,0.678125
-0.371071,0.525,0.413431,0.590625
-0.404571,0.503125,0.414559,0.56875
-0.420236,0.6125,0.415587,0.56875
-0.374845,0.525,0.416714,0.678125
-0.375973,0.525,0.417742,0.6125
-0.392028,0.503125,0.419161,0.678125
-0.442582,0.590625,0.420189,0.56875
-0.420741,0.6125,0.421607,0.678125
-0.389987,0.590625,0.422635,0.590625
-0.423097,0.590625,0.423763,0.6125
-0.392243,0.590625,0.447759,0.590625
-0.454717,0.590625,0.425918,0.503125
-0.456236,0.590625,0.427237,0.39375
-0.387586,0.590625,0.428264,0.6125
-0.435523,0.590625,0.429583,0.525
-0.445373,0.6125,0.430611,0.634375
-0.400273,0.590625,0.431929,0.590625
-0.407215,0.590625,0.432957,0.590625
-0.417356,0.546875,0.436892,0.634375
-0.404237,0.328125,0.435303,0.65625
-0.41118,0.56875,0.436331,0.765625
-0.430043,0.6125,0.43765,0.721875
-0.413726,0.590625,0.438677,0.634375
-0.415245,0.6125,0.439414,0.634375
-0.433817,0.65625,0.440442,0.634375
-0.426513,0.6125,0.441761,0.65625
-0.47445,0.6125,0.443079,0.634375
-0.475869,0.6125,0.444398,0.6125
-0.471473,0.6125,0.445716,0.6125
-0.455156,0.6125,0.446744,0.6125
-0.418487,0.6125,0.447772,0.65625
-0.466134,0.678125,0.4488,0.590625
-0.45883,0.678125,0.450118,0.6125
-0.445711,0.634375,0.451146,0.6125
-0.438408,0.7,0.452464,0.590625
-0.431204,0.634375,0.453783,0.65625
-0.426517,0.634375,0.454811,0.634375
-0.459917,0.721875,0.455839,0.2625
-0.429063,0.634375,0.456866,0.6125
-0.430482,0.65625,0.458185,0.765625
-0.487141,0.6125,0.459213,0.634375
-0.447565,0.634375,0.474487,0.634375
-0.434447,0.6125,0.461077,0.459375
-0.441099,0.65625,0.461814,0.74375
-0.42798,0.634375,0.462842,0.6125
-0.469811,0.678125,0.46387,0.74375
-0.445163,0.634375,0.464898,0.6125
-0.446291,0.65625,0.465926,0.6125
-0.488123,0.65625,0.466953,0.328125
-0.45756,0.634375,0.495601,0.65625
-0.490669,0.634375,0.469009,0.65625
-0.451093,0.65625,0.493105,0.678125
-0.446406,0.65625,0.470874,0.678125
-0.453349,0.678125,0.478589,0.678125
-0.448952,0.678125,0.472639,0.765625
-0.496599,0.634375,0.496635,0.634375
-0.433863,0.74375,0.474403,0.765625
-0.490232,0.65625,0.475531,0.65625
-0.4681,0.74375,0.476268,0.765625
-0.436956,0.634375,0.477005,0.6125
-0.446806,0.678125,0.477742,0.7875
-0.471193,0.65625,0.47877,0.678125
-0.504302,0.721875,0.479798,0.853125
-0.458911,0.65625,0.480926,0.7
-0.459849,0.74375,0.481663,0.809375
-0.483945,0.7,0.4824,0.65625
-0.444369,0.7,0.483427,0.7875
-0.46265,0.634375,0.484264,0.634375
-0.486747,0.65625,0.485001,0.678125
-0.455893,0.634375,0.486029,0.678125
-0.471267,0.634375,0.486766,0.7
-0.439832,0.65625,0.487313,0.74375
-0.449391,0.525,0.487759,0.65625
-0.450328,0.765625,0.488496,0.7
-0.450874,0.65625,0.488942,0.634375
-0.451711,0.678125,0.489779,0.765625
-0.469702,0.634375,0.490226,0.65625
-0.444373,0.65625,0.490963,0.7
-0.44521,0.6125,0.4918,0.65625
-0.46291,0.678125,0.491955,0.678125
-0.446111,0.65625,0.492401,0.7
-0.446658,0.56875,0.492948,0.7
-0.479186,0.634375,0.493394,0.7
-0.441645,0.634375,0.49355,0.634375
-0.442191,0.6125,0.494096,0.765625
-0.442156,0.6125,0.493961,0.678125
-0.448226,0.6125,0.494116,0.678125
-0.442767,0.634375,0.494372,0.7875
-0.443023,0.590625,0.494527,0.765625
-0.425543,0.56875,0.494392,0.74375
-0.434521,0.56875,0.494648,0.74375
-0.425763,0.459375,0.494513,0.721875
-0.411191,0.56875,0.494377,0.678125
-0.425693,0.56875,0.494342,0.7
-0.425467,0.56875,0.493916,0.74375
-0.39345,0.590625,0.493881,0.74375
-0.410569,0.525,0.493455,0.765625
-0.401521,0.56875,0.493029,0.678125
-0.401195,0.503125,0.492703,0.74375
-0.383424,0.56875,0.492277,0.678125
-0.382808,0.546875,0.491661,0.7
-0.391013,0.56875,0.490944,0.7
-0.381674,0.56875,0.490327,0.634375
-0.374952,0.503125,0.48932,0.678125
-0.388582,0.525,0.488413,0.765625
-0.364124,0.503125,0.487114,0.678125
-0.371939,0.56875,0.486107,0.809375
-0.353687,0.48125,0.4852,0.7
-0.361211,0.56875,0.483901,0.809375
-0.342469,0.4375,0.482603,0.7
-0.341271,0.546875,0.481205,0.809375
-0.325536,0.459375,0.479807,0.525
-0.332769,0.546875,0.478118,0.809375
-0.346008,0.415625,0.47672,0.590625
-0.335797,0.459375,0.475031,0.875
-0.319771,0.328125,0.473342,0.65625
-0.317891,0.4375,0.471363,0.7875
-0.325124,0.39375,0.469674,0.525
-0.297469,0.503125,0.467985,0.765625
-0.313324,0.371875,0.466296,0.65625
-0.287995,0.459375,0.464126,0.809375
-0.286215,0.371875,0.462146,0.634375
-0.298873,0.48125,0.460166,0.7875
-0.282265,0.39375,0.457896,0.590625
-0.280486,0.503125,0.455916,0.678125
-0.260971,0.48125,0.453646,0.56875
-0.28206,0.415625,0.451376,0.525
-0.265452,0.415625,0.449105,0.65625
-0.272104,0.371875,0.446935,0.678125
-0.23708,0.39375,0.443792,0.590625
-0.266991,0.30625,0.441522,0.65625
-0.232939,0.35,0.439251,0.65625
-0.245306,0.39375,0.436981,0.65625
-0.260971,0.39375,0.435001,0.7
-0.250178,0.371875,0.432831,0.65625
-0.25683,0.35,0.430561,0.65625
-0.254078,0.415625,0.427709,0.6125
-0.234563,0.35,0.425439,0.525
-0.223771,0.371875,0.423168,0.65625
-0.239045,0.39375,0.420998,0.634375
-0.251511,0.371875,0.418727,0.74375
-0.243917,0.35,0.416748,0.65625
-0.233124,0.415625,0.414477,0.6125
-0.239967,0.39375,0.412498,0.678125
-0.237606,0.35,0.410037,0.525
-0.235536,0.328125,0.407766,0.590625
-0.215921,0.35,0.405496,0.6125
-0.222573,0.371875,0.403226,0.6125
-0.229224,0.35,0.401055,0.65625
-0.23326,0.328125,0.399076,0.590625
-0.225274,0.371875,0.396805,0.48125
-0.214482,0.328125,0.394635,0.590625
-0.221134,0.328125,0.392364,0.590625
-0.193087,0.328125,0.390385,0.721875
-0.23143,0.30625,0.387824,0.546875
-0.2061,0.328125,0.385653,0.7
-0.218858,0.30625,0.383674,0.503125
-0.210873,0.328125,0.381403,0.2625
-0.214617,0.30625,0.379233,0.56875
-0.189287,0.30625,0.376963,0.56875
-0.210476,0.2625,0.374692,0.4375
-0.193769,0.284375,0.372522,0.4375
-0.182976,0.284375,0.370251,0.56875
-0.204165,0.2625,0.367981,0.590625
-0.19628,0.284375,0.365811,0.56875
-0.19411,0.2625,0.36354,0.65625
-0.192039,0.328125,0.36137,0.546875
-0.163511,0.30625,0.358809,0.56875
-0.193613,0.328125,0.356829,0.546875
-0.185728,0.35,0.354659,0.525
-0.157491,0.30625,0.352389,0.525
-0.164434,0.30625,0.350509,0.56875
-0.170986,0.328125,0.348239,0.525
-0.192174,0.328125,0.345968,0.590625
-0.1494,0.30625,0.343798,0.56875
-0.132502,0.39375,0.341237,0.459375
-0.185863,0.35,0.339357,0.525
-0.175071,0.2625,0.337087,0.525
-0.141019,0.2625,0.334916,0.6125
-0.165115,0.2625,0.332646,0.503125
-0.162945,0.21875,0.330376,0.7875
-0.143139,0.284375,0.327914,0.415625
-0.150082,0.240625,0.325935,0.7875
-0.171271,0.35,0.323764,0.525
-0.154954,0.284375,0.321785,0.503125
-0.158889,0.21875,0.319905,0.525
-0.151586,0.2625,0.318216,0.525
-0.132071,0.240625,0.316046,0.4375
-0.161982,0.2625,0.314066,0.590625
-0.168824,0.153125,0.312187,0.4375
-0.167336,0.2625,0.310498,0.56875
-0.165847,0.284375,0.308909,0.48125
-0.17308,0.21875,0.30722,0.56875
-0.154047,0.2625,0.305631,0.48125
-0.170002,0.240625,0.303942,0.546875
-0.159791,0.21875,0.302353,0.415625
-0.172839,0.2625,0.300764,0.415625
-0.147991,0.21875,0.299076,0.415625
-0.178484,0.0875,0.297487,0.39375
-0.153736,0.109375,0.295798,0.525
-0.16126,0.13125,0.2945,0.56875
-0.183321,0.13125,0.293101,0.48125
-0.158473,0.175,0.291513,0.48125
-0.157274,0.2625,0.290214,0.546875
-0.194163,0.196875,0.289107,0.48125
-0.169706,0.240625,0.287809,0.4375
-0.168408,0.21875,0.286411,0.371875
-0.152673,0.21875,0.284913,0.4375
-0.174924,0.21875,0.283705,0.4375
-0.173917,0.21875,0.282398,0.415625
-0.17291,0.240625,0.28119,0.328125
-0.180624,0.196875,0.279983,0.48125
-0.170895,0.196875,0.278676,0.525
-0.169406,0.21875,0.276887,0.415625
-0.168689,0.2625,0.27597,0.4375
-0.199373,0.2625,0.274472,0.39375
-0.175397,0.2625,0.273455,0.4375
-0.165667,0.21875,0.272248,0.371875
-0.18821,0.2625,0.271331,0.328125
-0.196215,0.2625,0.270414,0.4375
-0.178154,0.30625,0.269398,0.30625
-0.18645,0.2625,0.268772,0.4375
-0.171197,0.2625,0.267855,0.39375
-0.170189,0.21875,0.266648,0.415625
-0.193023,0.2625,0.265922,0.35
-0.183874,0.30625,0.265296,0.4375
-0.200993,0.284375,0.26467,0.415625
-0.182832,0.284375,0.263753,0
-0.191128,0.284375,0.263127,0.459375
-0.199424,-0.175,0.262401,0.2625
-0.198708,0.328125,0.261485,0.6125
-0.16601,0.284375,0.260568,0.48125
-0.197665,0.328125,0.259942,0.284375
-0.188517,0.39375,0.259316,0.415625
-0.188382,0.065625,0.258881,0.284375
-0.202493,0.35,0.258255,0.35
-0.196543,0.2625,0.25792,0.39375
-0.210654,0.371875,0.257294,0.35
-0.196082,0.30625,0.256959,0.328125
-0.201471,0.371875,0.256333,0.371875
-0.210058,0.284375,0.255998,0.39375
-0.201491,0.284375,0.256144,0.525
-0.210078,0.284375,0.255809,0.284375
-0.186393,0.415625,0.255183,0.35
-0.200895,0.2625,0.254848,0.328125
-0.241754,0.240625,0.254803,0.371875
-0.200624,0.240625,0.254177,0.39375
-0.209211,0.371875,0.253842,0.30625
-0.209076,0.21875,0.253507,0.2625
-0.200319,0.415625,0.253172,0.415625
-0.208906,0.2625,0.252737,0.371875
-0.200049,0.371875,0.252401,0.415625
-0.217358,0.2625,0.252066,0.2625
-0.200069,0.415625,0.252022,0.35
-0.199743,0.196875,0.251396,0.240625
-0.199608,0.415625,0.251061,0.328125
-0.208195,0.2625,0.250726,0.240625
-0.20806,0.35,0.25039,0.284375
-0.198911,0.196875,0.249764,0.328125
-0.198876,0.35,0.249429,0.415625
-0.192926,0.196875,0.249094,0.371875
-0.183778,0.415625,0.248468,0.328125
-0.19818,0.240625,0.248424,0.240625
-0.206767,0.371875,0.248089,0.30625
-0.19801,0.284375,0.247753,0.39375
-0.206597,0.371875,0.247418,0.4375
-0.191924,0.328125,0.247083,0.30625
-0.205745,0.284375,0.246166,0.240625
-0.196887,0.196875,0.245831,0.328125
-0.214006,0.240625,0.245205,0.30625
-0.196426,0.284375,0.24487,0.021875
-0.205013,0.196875,0.244535,0.39375
-0.204878,0.2625,0.2442,0.240625
-0.19573,0.240625,0.243574,0.328125
-0.195695,0.13125,0.243239,0.328125
-0.204282,0.2625,0.242903,0.30625
-0.195715,0.175,0.242859,0.240625
-0.204011,0.30625,0.242233,0.35
-0.195154,0.196875,0.211761,0.30625
-0.221576,0.371875,0.242244,0.4375
-0.221441,0.240625,0.241909,0.2625
-0.204152,0.35,0.241864,0.328125
-0.203726,0.21875,0.241239,0.240625
-0.19526,0.371875,0.241194,0.39375
-0.203847,0.240625,0.240859,0.35
-0.227261,0.35,0.240814,0.35
-0.204158,0.2625,0.24077,0.240625
-0.204123,0.284375,0.240535,0.35
-0.203987,0.21875,0.2402,0.459375
-0.212865,0.35,0.240155,0.328125
-0.204008,0.153125,0.23982,0.2625
-0.212886,0.35,0.239776,0.30625
-0.221863,0.21875,0.239731,0.240625
-0.213297,0.39375,0.239687,0.30625
-0.222174,0.284375,0.239742,0.35
-0.204595,0.30625,0.239407,0.328125
-0.213573,0.30625,0.239363,0.240625
-0.228265,0.415625,0.239318,0.30625
-0.228421,0.284375,0.239274,0.35
-0.223052,0.39375,0.23962,0.30625
-0.214586,0.30625,0.225329,0.240625
-0.223463,0.39375,0.239822,0.30625
-0.214897,0.30625,0.239777,0.2625
-0.22988,0.415625,0.240024,0.30625
-0.206876,0.284375,0.240079,0.2625
-0.230291,0.459375,0.240035,0.30625
-0.230737,0.30625,0.240281,0.35
-0.239906,0.415625,0.240527,0.415625
-0.208471,0.35,0.240874,0.240625
-0.226071,0.503125,0.240829,0.30625
-0.249776,0.284375,0.241076,0.2625
-0.232778,0.4375,0.241322,0.328125
-0.265206,0.328125,0.241468,0.35
-0.233671,0.4375,0.241614,0.35
-0.251561,0.328125,0.241761,0.415625
-0.243576,0.415625,0.242198,0.39375
-0.229386,0.30625,0.242344,0.48125
-0.235647,0.415625,0.24249,0.371875
-0.236093,0.30625,0.242637,0.4375
-0.253984,0.39375,0.242783,0.546875
-0.263443,0.30625,0.24322,0.240625
-0.269895,0.415625,0.243657,0.328125
-0.264526,0.30625,0.243803,0.459375
-0.247528,0.459375,0.24385,0.30625
-0.239252,0.328125,0.243996,0.39375
-0.248711,0.48125,0.244433,0.35
-0.272608,0.30625,0.24487,0.240625
-0.241073,0.48125,0.245016,0.4375
-0.267976,0.35,0.245453,0.284375
-0.2597,0.459375,0.2456,0.415625
-0.242993,0.371875,0.246037,0.459375
-0.260884,0.525,0.246183,0.590625
-0.252799,0.415625,0.24662,0.328125
-0.261676,0.39375,0.246476,0.240625
-0.244678,0.503125,0.246622,0.328125
-0.253847,0.35,0.246768,0.284375
-0.245861,0.415625,0.247205,0.284375
-0.255321,0.35,0.247642,0.2625
-0.264389,0.35,0.247789,0.2625
-0.256113,0.35,0.247935,0.2625
-0.274295,0.35,0.248372,0.2625
-0.266019,0.35,0.248518,0.284375
-0.257743,0.35,0.248764,0.2625
-0.25838,0.371875,0.249201,0.284375
-0.276271,0.39375,0.249348,0.2625
-0.282532,0.371875,0.249494,0.2625
-0.251287,0.39375,0.249931,0.284375
-0.2779,0.39375,0.250077,0.284375
-0.278347,0.39375,0.250224,0.2625
-0.261349,0.35,0.25037,0.2625
-0.279139,0.39375,0.250516,0.415625
-0.253419,0.328125,0.250663,0.2625
-0.253865,0.371875,0.250809,0.284375
-0.263034,0.39375,0.250955,0.284375
-0.254758,0.35,0.251201,0.30625
-0.249389,0.35,0.251348,0.35
-0.25526,0.35,0.244226,0.30625
-0.241169,0.175,0.25164,0.284375
-0.255861,0.35,0.251496,0.371875
-0.282474,0.35,0.251642,0.39375
-0.256463,0.35,0.251498,0.328125
-0.265632,0.35,0.251744,0.35
-0.242528,0.39375,0.2516,0.328125
-0.233861,0.371875,0.224126,0.2625
-0.251752,0.35,0.251892,0.30625
-0.243186,0.371875,0.251748,0.35
-0.234619,0.371875,0.251603,0.2625
-0.258034,0.35,0.25185,0.2625
-0.252374,0.35,0.251705,0.35
-0.235086,0.35,0.251561,0.2625
-0.252295,0.35,0.251126,0.39375
-0.234715,0.35,0.25069,0.2625
-0.226149,0.328125,0.250646,0.459375
-0.252471,0.328125,0.250501,0.328125
-0.243613,0.240625,0.250357,0.328125
-0.234756,0.328125,0.219394,0.4375
-0.234621,0.30625,0.249587,0.2625
-0.219949,0.30625,0.249151,0.328125
-0.2107,0.328125,0.248426,0.415625
-0.225102,0.35,0.24799,0.2625
-0.219152,0.30625,0.247655,0.39375
-0.218436,0.30625,0.246639,0.39375
-0.2183,0.30625,0.246203,0.415625
-0.223689,0.30625,0.245577,0.4375
-0.199713,0.284375,0.244561,0.503125
-0.20801,0.30625,0.241218,0.065625
-0.198471,0.2625,0.243109,0.39375
-0.183217,0.240625,0.242192,0.35
-0.1825,0.21875,0.241176,0.39375
-0.205043,0.2625,0.240159,0.30625
-0.172345,0.284375,0.239242,0.35
-0.18035,0.2625,0.238226,0.35
-0.19388,0.2625,0.236918,0.328125
-0.178626,0.30625,0.236001,0.35
-0.183724,0.2625,0.234985,0.328125
-0.176802,0.21875,0.233677,0.4375
-0.175795,0.2625,0.23247,0.35
-0.166356,0.196875,0.231453,0.4375
-0.179886,0.2625,0.230146,0.39375
-0.146897,0.284375,0.228939,0.4375
-0.163334,0.284375,0.197685,0.04375
-0.162326,0.284375,0.227005,0.35
-0.175856,0.284375,0.225698,0.2625
-0.142867,0.30625,0.22439,0.328125
-0.150291,0.2625,0.222892,0.30625
-0.166628,0.30625,0.221876,0.4375
-0.156608,0.328125,0.220377,0.21875
-0.137865,0.284375,0.218779,0.30625
-0.131043,0.21875,0.217472,0.21875
-0.153004,0.175,0.216264,0.35
-0.119724,0.21875,0.214666,0.240625
-0.141976,0.2625,0.213459,0.30625
-0.126141,0.2625,0.200522,0.284375
-0.130658,0.2625,0.210653,0.30625
-0.138373,0.196875,0.209346,0.21875
-0.154519,0.2625,0.207848,0.30625
-0.121239,0.284375,0.20654,0.109375
-0.125947,0.196875,0.205333,0.30625
-0.165352,0.240625,0.203926,0.21875
-0.132554,0.175,0.202809,0.30625
-0.148991,0.196875,0.201401,0.175
-0.115611,0.30625,0.199994,0.30625
-0.129141,0.21875,0.198687,0.284375
-0.128034,0.2625,0.197279,0.30625
-0.136039,0.196875,0.196453,0.21875
-0.135223,0.240625,0.195337,0.30625
-0.125493,0.153125,0.19422,0.196875
-0.124386,0.196875,0.192913,0.2625
-0.141113,0.196875,0.191796,0.175
-0.154834,0.21875,0.183701,0.2625
-0.139289,0.240625,0.189563,0.371875
-0.1533,0.21875,0.177689,0.30625
-0.143861,0.21875,0.188301,0.39375
-0.151767,0.21875,0.187476,0.459375
-0.160063,0.196875,0.18665,0.196875
-0.159637,0.240625,0.185824,0.284375
-0.158821,0.30625,0.185098,0.196875
-0.149673,0.284375,0.184272,0.35
-0.1663,0.240625,0.183446,0.284375
-0.165874,0.175,0.18272,0.39375
-0.147904,0.2625,0.181894,0.284375
-0.1562,0.109375,0.178451,0.021875
-0.196669,0.109375,0.180824,0.30625
-0.179089,0.153125,0.180389,0.175
-0.164317,0.13125,0.179853,0.284375
-0.187441,0.2625,0.17234,0.196875
-0.178193,0.13125,0.178883,0.284375
-0.169626,0.2625,0.178639,0.175
-0.195558,0.2625,0.178103,0.284375
-0.178269,0.196875,0.17825,0.175
-0.195769,0.2625,0.150385,0.30625
-0.195924,0.240625,0.177761,0.153125
-0.202086,0.284375,0.177907,0.35
-0.196426,0.2625,0.177663,0.175
-0.18776,0.35,0.177418,0.2625
-0.220187,0.196875,0.177564,0.175
-0.211811,0.30625,0.154642,0.284375
-0.203536,0.284375,0.177948,0.153125
-0.203982,0.284375,0.178094,0.284375
-0.221773,0.284375,0.17814,0.175
-0.213497,0.284375,0.178287,0.284375
-0.199597,0.30625,0.178624,0.196875
-0.264006,0.30625,0.17867,0.35
-0.223939,0.30625,0.179107,0.175
-0.215954,0.30625,0.179444,0.328125
-0.202054,0.30625,0.179881,0.35
-0.22576,0.35,0.179927,0.328125
-0.226397,0.30625,0.180364,0.175
-0.227424,0.284375,0.180992,0.35
-0.228161,0.284375,0.181329,0.175
-0.211354,0.35,0.181766,0.240625
-0.252795,0.4375,0.182103,0.21875
-0.230173,0.328125,0.18254,0.196875
-0.25446,0.328125,0.183168,0.109375
-0.255097,0.328125,0.183605,0.240625
-0.279384,0.328125,0.184233,0.2625
-0.265774,0.35,0.184961,0.240625
-0.23453,0.328125,0.185298,0.196875
-0.226836,0.35,0.186026,0.196875
-0.236195,0.35,0.186363,0.196875
-0.260482,0.35,0.18709,0.240625
-0.269841,0.371875,0.187427,0.065625
-0.279591,0.328125,0.188155,0.21875
-0.271797,0.284375,0.188783,0.0875
-0.263811,0.4375,0.18922,0.284375
-0.232858,0.35,0.189848,0.240625
-0.265476,0.371875,0.190285,-0.109375
-0.306917,0.328125,0.190622,0.196875
-0.275863,0.371875,0.19135,0.21875
-0.276891,0.371875,0.192077,0.175
-0.25456,0.371875,0.192705,0.415625
-0.237561,0.371875,0.192851,0.371875
-0.279293,0.35,0.193479,-0.065625
-0.294758,0.39375,0.194207,0.021875
-0.280958,0.415625,0.194544,0.35
-0.281595,0.39375,0.194981,0.21875
-0.282623,0.39375,0.195709,0.415625
-0.242265,0.415625,0.195755,0.39375
-0.283997,0.4375,0.196483,0.284375
-0.252461,0.328125,0.196529,0.196875
-0.285371,0.4375,0.197257,0.328125
-0.236682,0.371875,0.197694,0.196875
-0.286745,0.4375,0.198031,0.35
-0.255791,0.371875,0.198759,0.175
-0.256819,0.4375,0.199487,0.30625
-0.248734,0.35,0.199824,0.175
-0.258193,0.4375,0.200261,0.30625
-0.249817,0.371875,0.200307,0.175
-0.242123,0.371875,0.201035,0.30625
-0.269026,0.328125,0.201472,0.175
-0.252219,0.371875,0.201809,0.328125
-0.276215,0.328125,0.202246,0.21875
-0.285574,0.371875,0.202683,0.328125
-0.25433,0.371875,0.20312,0.175
-0.272511,0.415625,0.203457,0.30625
-0.272858,0.35,0.203603,0.240625
-0.256441,0.459375,0.204331,0.30625
-0.256787,0.35,0.204377,0.21875
-0.30695,0.459375,0.204814,0.30625
-0.249539,0.371875,0.205251,0.196875
-0.258899,0.4375,0.205689,0.30625
-0.282604,0.328125,0.205735,0.21875
-0.259982,0.459375,0.206172,0.240625
-0.277873,0.328125,0.206318,0.240625
-0.252152,0.328125,0.206464,0.21875
-0.261511,0.30625,0.206801,0.2625
-0.261858,0.328125,0.206848,0.240625
-0.285854,0.328125,0.207085,0.21875
-0.262941,0.328125,0.207131,0.284375
-0.240128,0.328125,0.207177,0.240625
-0.254721,0.35,0.206933,0.240625
-0.287049,0.328125,0.206979,0.240625
-0.249699,0.39375,0.207026,0.21875
-0.255569,0.459375,0.206781,0.371875
-0.2501,0.415625,0.206827,0.21875
-0.250256,0.371875,0.206583,0.196875
-0.241589,0.4375,0.206339,0.30625
-0.241645,0.328125,0.206094,0.196875
-0.256337,0.328125,0.20585,0.2625
-0.241856,0.30625,0.205605,0.415625
-0.250734,0.328125,0.205361,0.240625
-0.218517,0.328125,0.204826,0.153125
-0.241541,0.371875,0.20439,0.240625
-0.250419,0.415625,0.204146,0.30625
-0.232739,0.371875,0.203611,0.196875
-0.250239,0.415625,0.203366,0.30625
-0.241382,0.39375,0.202831,0.39375
-0.217306,0.284375,0.201714,0.21875
-0.217171,0.39375,0.201179,0.30625
-0.231182,0.284375,0.200353,0.21875
-0.222224,0.4375,0.199818,0.30625
-0.216274,0.240625,0.199283,0.196875
-0.221563,0.415625,0.198457,0.30625
-0.215613,0.30625,0.197922,0.153125
-0.215087,0.415625,0.197096,0.30625
-0.214561,0.30625,0.19637,0.240625
-0.205413,0.415625,0.195544,0.240625
-0.213319,0.21875,0.194427,0.21875
-0.204461,0.415625,0.193892,0.328125
-0.203645,0.240625,0.192776,0.196875
-0.194397,0.196875,0.19195,0.284375
-0.217521,0.284375,0.191705,0.175
-0.178617,0.35,0.190298,0.284375
-0.210173,0.240625,0.189572,0.284375
-0.183189,0.2625,0.188455,0.30625
-0.191095,0.153125,0.187339,0.196875
-0.190378,0.284375,0.186222,0.39375
-0.180839,0.175,0.185105,0.21875
-0.188845,0.284375,0.184089,0.284375
-0.188028,0.175,0.182972,0.21875
-0.187211,0.328125,0.181855,0.30625
-0.163236,0.21875,0.180739,0.196875
-0.176956,0.328125,0.179622,0.284375
-0.184671,0.21875,0.178314,0.175
-0.183854,0.328125,0.177198,0.328125
-0.174315,0.240625,0.176081,0.175
-0.150049,0.2625,0.174674,0.284375
-0.172491,0.196875,0.173557,0.21875
-0.180497,0.240625,0.17254,0.39375
-0.17968,0.240625,0.171424,0.21875
-0.164717,0.2625,0.170598,0.284375
-0.18716,0.196875,0.169481,0.196875
-0.168899,0.39375,0.168464,0.30625
-0.185626,0.21875,0.167348,0.21875
-0.1851,0.371875,0.166522,0.39375
-0.175661,0.21875,0.165505,0.21875
-0.183567,0.30625,0.164389,0.328125
-0.174419,0.240625,0.163563,0.153125
-0.173602,0.35,0.162446,0.284375
-0.172786,0.2625,0.161429,0.196875
-0.181082,0.39375,0.160603,0.30625
-0.171834,0.30625,0.159777,0.13125
-0.188561,0.35,0.158761,0.30625
-0.188036,0.240625,0.157935,0.175
-0.178887,0.35,0.157109,0.21875
-0.178361,0.2625,0.156383,0.13125
-0.186558,0.35,0.155557,0.284375
-0.168687,0.240625,0.154731,0.13125
-0.167871,0.35,0.153714,0.35
-0.190995,0.2625,0.153179,0.240625
-0.16721,0.35,0.152353,0.21875
-0.190334,0.2625,0.151918,0.13125
-0.198821,0.39375,0.151383,0.2625
-0.183858,0.2625,0.150657,0.13125
-0.19816,0.39375,0.150122,0.240625
-0.198024,0.175,0.149587,0.175
-0.189067,0.371875,0.149151,0.35
-0.197554,0.240625,0.148616,0.109375
-0.17416,0.30625,0.148181,0.35
-0.197184,0.240625,0.147646,0.175
-0.205771,0.39375,0.147111,0.2625
-0.214839,0.2625,0.147257,0.109375
-0.205982,0.39375,0.146722,0.35
-0.197024,0.2625,0.146287,0.13125
-0.19718,0.35,0.146042,0.371875
-0.21468,0.2625,0.145898,0.13125
-0.206113,0.39375,0.145653,0.30625
-0.206169,0.2625,0.145409,0.175
-0.206615,0.35,0.145555,0.21875
-0.206671,0.284375,0.145311,0.13125
-0.230086,0.371875,0.145166,0.2625
-0.207173,0.328125,0.145213,0.175
-0.21595,0.371875,0.145068,0.196875
-0.216106,0.30625,0.144824,0.13125
-0.20773,0.371875,0.14497,0.240625
-0.24888,0.284375,0.144916,0.13125
-0.217245,0.371875,0.144963,0.21875
-0.217591,0.30625,0.145009,0.153125
-0.240906,0.35,0.144764,0.21875
-0.241352,0.30625,0.144811,0.153125
-0.233267,0.4375,0.145148,0.4375
-0.224891,0.328125,0.145094,0.109375
-0.23396,0.371875,0.14514,0.2625
-0.234406,0.328125,0.145187,0.240625
-0.243474,0.39375,0.145233,0.240625
-0.252543,0.2625,0.145279,0.175
-0.227013,0.39375,0.145616,0.21875
-0.22775,0.284375,0.145953,0.13125
-0.245541,0.35,0.1459,0.30625
-0.25461,0.328125,0.145946,0.13125
-0.246334,0.371875,0.145992,0.240625
-0.229526,0.328125,0.146329,0.153125
-0.224349,0.35,0.146666,0.35
-0.239232,0.30625,0.146713,0.175
-0.2484,0.39375,0.146759,0.2625
-0.25776,0.30625,0.147096,0.196875
-0.258106,0.35,0.147142,0.284375
-0.241108,0.35,0.147189,0.21875
-0.250467,0.328125,0.147526,0.175
-0.227554,0.30625,0.147572,0.109375
-0.242437,0.35,0.147518,0.175
-0.251606,0.35,0.147564,0.21875
-0.275502,0.35,0.147901,0.175
-0.252589,0.35,0.147948,0.153125
-0.244313,0.35,0.147994,0.175
-0.236228,0.284375,0.148331,0.065625
-0.262741,0.35,0.148377,0.175
-0.236921,0.284375,0.148424,0.2625
-0.255102,0.328125,0.148761,0.13125
-0.246726,0.35,0.148807,0.284375
-0.23835,0.328125,0.148853,0.175
-0.256532,0.30625,0.14919,0.35
-0.248156,0.328125,0.149237,0.175
-0.257515,0.35,0.149574,0.284375
-0.240517,0.30625,0.14962,0.153125
-0.240863,0.328125,0.149666,0.284375
-0.226382,0.328125,0.149422,0.175
-0.241656,0.39375,0.149759,0.240625
-0.242293,0.30625,0.150096,0.109375
-0.251361,0.328125,0.150242,0.35
-0.26043,0.328125,0.150289,0.175
-0.237617,0.35,0.150335,0.284375
-0.269654,0.328125,0.15009,0.13125
-0.270291,0.30625,0.150427,0.240625
-0.238756,0.35,0.150474,0.153125
-0.262361,0.35,0.15052,0.21875
-0.244973,0.30625,0.150276,0.175
-0.263154,0.35,0.150613,0.175
-0.246056,0.371875,0.150659,0.13125
-0.272569,0.2625,0.150705,0.175
-0.25528,0.328125,0.150561,0.240625
-0.246904,0.30625,0.150607,0.175
-0.232423,0.30625,0.150363,0.240625
-0.232869,0.30625,0.150409,0.175
-0.232924,0.371875,0.150164,0.21875
-0.241993,0.284375,0.150211,0.196875
-0.256976,0.4375,0.150257,0.13125
-0.24831,0.371875,0.150113,0.175
-0.233828,0.39375,0.149868,0.153125
-0.234274,0.35,0.149914,0.153125
-0.23433,0.39375,0.14967,0.21875
-0.243108,0.39375,0.149426,0.175
-0.243263,0.39375,0.149181,0.35
-0.243319,0.39375,0.148746,0.175
-0.234361,0.371875,0.155479,0.2625
-0.234517,0.39375,0.147966,0.175
-0.234573,0.39375,0.147722,0.4375
-0.225615,0.328125,0.147187,0.13125
-0.234493,0.39375,0.147042,0.21875
-0.234258,0.35,0.146507,0.21875
-0.2253,0.35,0.145972,0.240625
-0.225165,0.371875,0.145437,0.13125
-0.216208,0.4375,0.145001,0.175
-0.224795,0.371875,0.151444,0.175
-0.209732,0.30625,0.14335,0.153125
-0.224034,0.371875,0.142814,0.175
-0.215176,0.35,0.142379,0.153125
-0.241108,0.35,0.141844,0.175
-0.223137,0.371875,0.141018,0.196875
-0.21428,0.35,0.140483,0.13125
-0.190495,0.2625,0.139757,0.196875
-0.222241,0.35,0.139222,0.153125
-0.222106,0.35,0.157294,0.13125
-0.207043,0.35,0.13767,0.175
-0.230167,0.284375,0.137135,0.240625
-0.19766,0.35,0.136309,0.021875
-0.188411,0.284375,0.135583,0.13125
-0.196999,0.284375,0.135048,0.30625
-0.204904,0.284375,0.133931,0.109375
-0.204669,0.284375,0.133396,0.13125
-0.203952,0.30625,0.132379,0.109375
-0.203426,0.30625,0.131553,0.153125
-0.203291,0.30625,0.131018,0.109375
-0.20858,0.30625,0.130292,0.13125
-0.208054,0.30625,0.129466,0.21875
-0.201813,0.30625,0.12864,0.109375
-0.192565,0.328125,0.127914,0.13125
-0.215008,0.30625,0.126798,0.065625
-0.20586,0.328125,0.128589,0.13125
-0.191087,0.30625,0.124955,0.13125
-0.199284,0.35,0.124129,0.153125
-0.199149,0.30625,0.123594,0.13125
-0.204728,0.30625,0.123159,0.109375
-0.198487,0.30625,0.122333,0.13125
-0.204067,0.30625,0.121798,0.13125
-0.203541,0.284375,0.121072,0.109375
-0.212128,0.2625,0.120537,0.109375
-0.188343,0.2625,0.119811,0.13125
-0.220189,0.2625,0.119276,0.065625
-0.210941,0.2625,0.11845,0.065625
-0.210706,0.175,0.118014,0.196875
-0.187311,0.2625,0.117479,0.0875
-0.201323,0.175,0.116753,0.0875
-0.20991,0.21875,0.116218,0.0875
-0.200952,0.21875,0.115783,0.0875
-0.209439,0.175,0.114957,0.109375
-0.209304,0.328125,0.114422,0.13125
-0.209069,0.328125,0.113987,0.109375
-0.208934,0.415625,0.113451,0.109375
-0.208989,0.328125,0.113307,0.13125
-0.208463,0.2625,0.115098,0.0875
-0.193791,0.2625,0.111755,0.13125
-0.217106,0.284375,0.111511,0.175
-0.208249,0.284375,0.110785,0.175
-0.208013,0.196875,0.11025,0.04375
-0.208069,0.284375,0.110105,0.153125
-0.225669,0.284375,0.109861,0.13125
-0.225434,0.21875,0.109426,0.0875
-0.216867,0.30625,0.10889,0.0875
-0.216632,0.30625,0.108455,0.0875
-0.22541,0.2625,0.108211,0.04375
-0.208121,0.30625,0.107776,0.109375
-0.216899,0.4375,0.107531,0.065625
-0.217054,0.30625,0.107387,0.0875
-0.21711,0.30625,0.130111,0.065625
-0.240524,0.328125,0.106707,-0.065625
-0.226043,0.328125,0.106563,0.0875
-0.226099,0.328125,0.133648,0.153125
-0.226254,0.328125,0.105883,0.153125
-0.232124,0.284375,0.124246,0.0875
-0.217743,0.328125,0.105203,0.0875
-0.241349,0.328125,0.116589,0.065625
-0.218245,0.35,0.104814,0.04375
-0.200856,0.371875,0.118626,0.109375
-0.250337,0.35,0.103553,0.153125
-0.227524,0.328125,0.1037,0.0875
-0.22758,0.30625,0.114794,0.13125
-0.233841,0.39375,0.103311,0.153125
-0.21936,0.328125,0.102876,0.0875
-0.234343,0.328125,0.133159,0.065625
-0.234399,0.30625,0.125455,0.153125
-0.252289,0.328125,0.102051,0.109375
-0.220654,0.371875,0.101807,0.0875
-0.229432,0.328125,0.101372,0.13125
-0.229878,0.284375,0.101227,0.04375
-0.244761,0.328125,0.101274,0.153125
-0.245208,0.35,0.100839,0.0875
-0.236832,0.35,0.128314,0.0875
-0.236987,0.328125,0.127779,0.21875
-0.2635,0.35,0.127635,0.13125
-0.232256,0.35,0.127781,0.109375
-0.247139,0.371875,0.118814,0.109375
-0.256017,0.39375,0.114018,0.109375
-0.238919,0.30625,0.122305,0.0875
-0.25681,0.35,0.0989015,0.0875
-0.257156,0.371875,0.0983663,0.153125
-0.240158,0.459375,0.0983219,0.109375
-0.257949,0.328125,0.117076,0.13125
-0.24066,0.30625,0.121001,0.0875
-0.226569,0.328125,0.112235,0.13125
-0.250174,0.328125,0.0975533,0.0875
-0.241608,0.328125,0.127355,0.109375
-0.250776,0.328125,0.096783,0.109375
-0.236586,0.328125,0.0966385,0.0875
-0.251278,0.328125,0.0959126,0.0875
-0.237187,0.30625,0.119127,0.175
-0.237534,0.328125,0.110261,0.0875
-0.237689,0.328125,0.102657,0.065625
-0.237845,0.284375,0.0949533,0.240625
-0.229178,0.30625,0.0945181,0.065625
-0.238056,0.284375,0.0944737,0.04375
-0.212045,0.328125,0.0969459,0.065625
-0.220823,0.328125,0.0936033,0.0875
-0.238423,0.240625,0.0935589,0.328125
-0.238578,0.721875,0.0934144,0.109375
-0.212176,0.240625,0.0927885,0.153125
-0.229486,0.415625,0.0923533,0.109375
-0.211906,0.284375,0.103357,0.065625
-0.238128,0.415625,0.091583,0.196875
-0.229271,0.284375,0.0911478,0.021875
-0.205876,0.415625,0.0908126,0.240625
-0.220178,0.2625,0.0903774,0.04375
-0.220043,0.459375,0.0900422,0.240625
-0.219908,0.2625,0.089607,0.04375
-0.204845,0.39375,0.0889811,0.13125
-0.20471,0.2625,0.0879644,0.021875
-0.195561,0.415625,0.0873385,0.109375
-0.209673,0.240625,0.0866126,0.065625
-0.203623,0.35,0.0862774,0.21875
-0.202906,0.240625,0.0852607,0.04375
-0.208586,0.415625,0.0849256,0.196875
-0.1848,0.240625,0.0841996,0.04375
-0.184084,0.328125,0.083283,0.0875
-0.19238,0.240625,0.082557,0.021875
-0.191854,0.240625,0.0819311,0.153125
-0.182415,0.21875,0.0809144,0.021875
-0.181408,0.240625,0.079707,0.109375
-0.189413,0.13125,0.0786904,0.153125
-0.147602,0.175,0.077483,0.0875
-0.170145,0.109375,0.0764663,0.021875
-0.169428,0.196875,0.0755496,0.153125
-0.186056,0.175,0.074633,0.065625
-0.16208,0.175,0.0736163,0.04375
-0.160782,0.196875,0.0721181,0.13125
-0.159965,0.175,0.0711015,0.13125
-0.164773,0.175,0.0698941,0.065625
-0.158241,0.21875,0.0689774,0.109375
-0.157234,0.175,0.06767,0.13125
-0.156126,0.196875,0.0664626,0.065625
-0.146397,0.196875,0.0651552,0.065625
-0.159926,0.240625,0.0639478,0.065625
-0.144382,0.175,0.0627404,0.065625
-0.151997,0.21875,0.061433,0
-0.133545,0.196875,0.0602256,0.065625
-0.14155,0.284375,0.0593089,0
-0.140443,0.196875,0.0580015,0
-0.148158,0.21875,0.0567941,0.065625
-0.14715,0.2625,0.0555867,0.021875
-0.146434,0.240625,0.05457,0.065625
-0.136604,0.240625,0.0533626,0.021875
-0.126874,0.21875,0.0521552,0.021875
-0.125867,0.240625,0.0507478,0.065625
-0.14831,0.240625,0.0497311,0
-0.141387,0.175,0.0483237,0.04375
-0.146386,0.240625,0.047207,0.021875
-0.154391,0.196875,0.0460904,0.04375
-0.130024,0.2625,0.044683,-0.021875
-0.143454,0.284375,0.0433756,-0.04375
-0.15136,0.2625,0.0422589,-0.021875
-0.141921,0.21875,0.0411422,0
-0.149826,0.240625,0.0400256,0
-0.166454,0.175,0.0389089,-0.021875
-0.148293,0.240625,0.0378922,-0.021875
-0.156199,0.2625,0.0367756,0.13125
-0.155673,0.35,0.0359496,0
-0.154856,0.21875,0.034833,0.04375
-0.136986,0.2625,0.034107,-0.021875
-0.153904,0.39375,0.0332811,0.109375
-0.176637,0.21875,0.0324552,-0.021875
-0.143939,0.35,0.0313385,0.21875
-0.161149,0.21875,0.0309033,-0.04375
-0.166728,0.30625,0.0303681,0.196875
-0.160678,0.21875,0.029833,-0.04375
-0.166067,0.328125,0.029107,0.21875
-0.174554,0.2625,0.0285719,-0.021875
-0.191763,0.35,0.0280367,0.196875
-0.165461,0.21875,0.0275015,0.109375
-0.182961,0.35,0.027357,0.2625
-0.191449,0.21875,0.0268219,0.0875
-0.165337,0.371875,0.0265774,0.021875
-0.197474,0.240625,0.026433,0.04375
-0.19753,0.240625,0.0261885,0.021875
-0.205726,0.48125,0.0253626,0.021875
-0.159073,0.284375,0.0249274,-0.021875
-0.21466,0.284375,0.0249737,-0.065625
-0.205993,0.39375,0.0248293,0.021875
-0.191902,0.284375,0.0248756,-0.2625
-0.22423,0.371875,0.0249219,0.109375
-0.216145,0.328125,0.0253589,-0.021875
-0.216491,0.2625,0.0254052,-0.04375
-0.199493,0.284375,0.0254515,0.0875
-0.208852,0.371875,0.0258885,-0.13125
-0.209199,0.328125,0.0259348,-0.021875
-0.22738,0.328125,0.0263719,-0.04375
-0.20185,0.30625,0.0267089,-0.021875
-0.21121,0.2625,0.0270459,-0.0875
-0.235206,0.371875,0.027483,0
-0.212584,0.284375,0.02782,0.109375
