torque_1,torque_1_t,torque_2,torque_2_t
0.576014,-0.240625,-0.541624,-0.0875
0.556724,-0.39375,-0.539478,-0.546875
0.54015,-0.415625,-0.537141,-0.56875
0.538113,-0.35,-0.534804,-0.634375
0.544989,-0.459375,-0.532658,-0.6125
0.566792,-0.546875,-0.530902,-0.56875
0.573959,-0.48125,-0.528756,-0.7
0.572503,-0.74375,-0.52671,-0.7
0.571339,-0.721875,-0.525145,-0.39375
0.56077,-0.74375,-0.534437,-0.590625
0.550301,-0.65625,-0.520371,-0.721875
0.516183,-0.6125,-0.518034,-0.7875
0.522577,-0.65625,-0.533913,-0.7
0.503387,-0.678125,-0.540008,-0.7
0.533231,-0.678125,-0.516928,-0.634375
0.557942,-0.546875,-0.52186,-0.74375
0.547374,-0.74375,-0.515934,-0.7
0.528183,-0.65625,-0.524936,-0.65625
0.520331,-0.7,-0.525697,-0.74375
0.50075,-0.65625,-0.534117,-0.875
0.475453,-0.634375,-0.510165,-0.678125
0.51412,-0.65625,-0.499587,-0.65625
0.494539,-0.678125,-0.503356,-0.503125
0.445983,-0.48125,-0.511386,-0.678125
0.457901,-0.721875,-0.496256,-0.678125
0.487746,-0.4375,-0.481317,-0.721875
0.471172,-0.56875,-0.494289,-0.721875
0.413313,-0.678125,-0.495441,-0.7875
0.480953,-0.634375,-0.488061,-0.7
0.487639,-0.7875,-0.462074,-0.721875
0.476589,-0.6125,-0.478054,-0.853125
0.418629,-0.56875,-0.456137,-0.634375
0.462529,-0.590625,-0.453119,-0.6125
0.404379,-0.590625,-0.44981,-0.83125
0.433642,-0.590625,-0.446791,-0.721875
0.431314,-0.56875,-0.444063,-0.7875
0.451855,-0.765625,-0.440945,-0.721875
0.443131,-0.56875,-0.437636,-0.721875
0.423068,-0.503125,-0.434617,-0.678125
0.428781,-0.503125,-0.431308,-0.56875
0.434594,-0.590625,-0.427999,-0.678125
0.391463,-0.459375,-0.425271,-0.678125
0.411813,-0.503125,-0.421961,-0.74375
0.377213,-0.48125,-0.418943,-0.56875
0.438457,-0.6125,-0.415924,-0.634375
0.403566,-0.546875,-0.412515,-0.65625
0.377689,-0.546875,-0.409497,-0.65625
0.406951,-0.4375,-0.406478,-0.65625
0.372061,-0.6125,-0.403169,-0.6125
0.354514,-0.371875,-0.39986,-0.634375
0.351896,-0.503125,-0.396741,-0.634375
0.348987,-0.503125,-0.393432,-0.65625
0.345977,-0.503125,-0.390123,-0.546875
0.343068,-0.48125,-0.386813,-0.634375
0.3954,-0.525,-0.383404,-0.634375
0.383668,-0.525,-0.380095,-0.56875
0.389481,-0.503125,-0.376786,-0.6125
0.360696,-0.371875,-0.373767,-0.634375
0.328613,-0.39375,-0.370358,-0.678125
0.325413,-0.459375,-0.366758,-0.6125
0.322503,-0.65625,-0.363449,-0.590625
0.334131,-0.459375,-0.360039,-0.39375
0.345659,-0.459375,-0.35673,-0.590625
0.360194,-0.48125,-0.353421,-0.6125
0.334026,-0.415625,-0.350011,-0.546875
0.307466,-0.6125,-0.346411,-0.525
0.304266,-0.371875,-0.342811,-0.525
0.301357,-0.415625,-0.339402,-0.6125
0.298057,-0.4375,-0.335802,-0.4375
0.294857,-0.30625,-0.332202,-0.459375
0.291948,-0.30625,-0.328793,-0.590625
0.289039,-0.6125,-0.325584,-0.7
0.309098,-0.284375,-0.321984,-0.4375
0.282639,-0.328125,-0.318384,-0.459375
0.279439,-0.328125,-0.315074,-0.48125
0.276239,-0.371875,-0.311474,-0.48125
0.273329,-0.590625,-0.308165,-0.4375
0.276235,-0.48125,-0.304856,-0.546875
0.26722,-0.328125,-0.301356,-0.525
0.26402,-0.328125,-0.297756,-0.678125
0.26082,-0.4375,-0.294156,-0.546875
0.25762,-0.2625,-0.290556,-0.48125
0.25442,-0.30625,-0.286956,-0.284375
0.251511,-0.48125,-0.283647,-0.48125
0.248311,-0.35,-0.280047,-0.153125
0.245111,-0.328125,-0.276447,-0.328125
0.256739,-0.21875,-0.273137,-0.328125
0.239001,-0.328125,-0.269537,-0.328125
0.235801,-0.328125,-0.265937,-0.459375
0.232601,-0.35,-0.262337,-0.328125
0.235507,-0.30625,-0.259028,-0.525
0.226492,-0.30625,-0.255428,-0.328125
0.223292,-0.196875,-0.251828,-0.2625
0.281439,-0.328125,-0.248519,-0.459375
0.217183,-0.284375,-0.244919,-0.284375
0.213983,-0.2625,-0.241319,-0.284375
0.210783,-0.284375,-0.237719,-0.48125
0.207874,-0.30625,-0.23441,-0.240625
0.204964,-0.175,-0.2311,-0.284375
0.201764,-0.2625,-0.2275,-0.240625
0.236651,-0.2625,-0.224191,-0.2625
0.195946,-0.153125,-0.220882,-0.2625
0.192746,-0.284375,-0.217182,-0.240625
0.189837,-0.2625,-0.213873,-0.240625
0.186737,-0.284375,-0.210273,-0.56875
0.183827,-0.2625,-0.206963,-0.240625
0.218714,-0.284375,-0.203654,-0.240625
0.177718,-0.284375,-0.200054,-0.21875
0.198068,-0.13125,-0.196745,-0.240625
0.171609,-0.2625,-0.193045,-0.39375
0.206496,-0.13125,-0.189836,-0.21875
0.1656,-0.2625,-0.186236,-0.196875
0.191764,-0.2625,-0.182926,-0.196875
0.159781,-0.2625,-0.179617,-0.196875
0.156581,-0.240625,-0.176017,-0.240625
0.214827,-0.21875,-0.172999,-0.175
0.150863,-0.21875,-0.169689,-0.21875
0.147663,-0.2625,-0.166189,-0.2625
0.199994,-0.0875,-0.16288,-0.153125
0.141653,-0.21875,-0.15928,-0.153125
0.167818,-0.21875,-0.155971,-0.39375
0.135835,-0.153125,-0.152661,-0.196875
0.155894,-0.0875,-0.149061,-0.13125
0.130116,-0.175,-0.146043,-0.39375
0.126916,-0.109375,-0.142443,-0.13125
0.124007,-0.0875,-0.139134,-0.284375
0.121198,-0.0875,-0.135824,-0.175
0.118289,-0.04375,-0.132515,-0.284375
0.115379,-0.30625,-0.129206,-0.2625
0.112761,-0.065625,-0.126187,-0.21875
0.109951,-0.04375,-0.122878,-0.13125
0.162283,-0.196875,-0.119569,-0.4375
0.104424,-0.065625,-0.11655,-0.21875
0.101905,-0.175,-0.113532,-0.21875
0.160051,-0.065625,-0.110223,-0.13125
0.142605,-0.284375,-0.0883059,-0.21875
0.0935681,-0.175,-0.104186,-0.21875
0.128455,-0.35,-0.100876,-0.371875
0.1113,-0.196875,-0.0978578,-0.04375
0.114596,-0.04375,-0.0947393,0.065625
0.138144,-0.04375,-0.0917207,-0.0875
0.0802848,-0.240625,-0.0887022,-0.21875
0.0923033,-0.56875,-0.0856837,-0.196875
0.130389,-0.0875,-0.0826652,-0.0875
0.142307,-0.35,-0.0796467,-0.2625
0.09327,-0.021875,-0.0766281,-0.21875
0.0673922,-0.153125,-0.0738004,-0.2625
0.0647737,-0.196875,-0.0707819,0.13125
0.132033,-0.196875,-0.0677633,0.13125
0.120692,-0.065625,-0.0647448,-0.2625
0.112359,-0.21875,-0.0617263,-0.2625
0.10974,-0.021875,-0.0587078,0.0875
0.0896774,0,-0.0555893,-0.196875
0.0726219,-0.153125,-0.0525707,-0.2625
0.0612811,-0.35,-0.0495522,-0.328125
0.0677756,-0.371875,-0.0468244,-0.0875
0.0654478,-0.284375,-0.0439967,0.13125
0.0453848,0,-0.0409781,-0.0875
0.0515885,-0.415625,-0.0379596,0.0875
0.0637978,0.153125,-0.0352319,-0.21875
0.0790144,-0.21875,-0.0325041,0.109375
0.0445144,-0.284375,-0.0294856,-0.21875
0.0825996,0.284375,-0.026567,-0.021875
0.0806626,-0.371875,-0.02413,-0.0875
0.101594,0.021875,-0.0214022,-0.04375
0.0205756,0.021875,-0.0183837,0.2625
0.0648663,0.021875,-0.0157559,0.153125
0.0857978,-0.2625,-0.0130281,0
0.0373422,-0.0875,-0.0105911,0
0.0261015,0.04375,-0.00757259,0.284375
0.0322052,0.04375,-0.00465407,-0.065625
0.0209644,0.04375,-0.00163556,0.284375
0.0100144,0.04375,0.00109222,-0.065625
0.0629274,-0.153125,0.00382,-0.065625
0.0458719,-0.13125,0.00683852,0
0.0578904,0.065625,0.00985704,0.21875
0.0639941,-0.13125,0.0128756,0.240625
0.0614756,0.065625,0.0157941,-0.04375
-0.00471519,-0.21875,0.0185219,0.04375
0.047907,-0.153125,0.0215404,-0.0875
0.0398644,0.0875,0.0242681,-0.0875
0.0431607,0.021875,0.0272867,-0.0875
0.0348274,0.0875,0.0303052,-0.109375
0.0470367,0.021875,0.033033,-0.0875
0.0212589,0.04375,0.0360515,0.196875
0.0274626,0.021875,0.03907,0.284375
0.0393811,-0.240625,0.0420885,0.13125
0.0226163,-0.284375,0.0448163,0.196875
0.0259126,0.021875,0.0478348,-0.04375
0.0174793,-0.021875,0.0508533,0.175
0.00623852,0.13125,0.0538719,0.196875
-0.0369837,0.04375,0.0568904,0.2625
-0.0159522,0.109375,0.0596181,0.0875
-0.0476448,0.0875,0.0626367,0.13125
-0.0443485,0.065625,0.0656552,0.13125
-0.0236078,0.065625,0.0686737,-0.04375
0.0232996,0.021875,0.0716922,-0.04375
0.00352741,0.0875,0.07442,-0.04375
-0.0455096,0.04375,0.0774385,0
-0.0070337,0.0875,0.0801663,0
-0.0354281,0.196875,0.0828941,-0.021875
-0.0610152,-0.328125,0.0856219,-0.04375
-0.013817,0.109375,0.0883496,-0.021875
-0.024767,-0.04375,0.0907867,0.0875
-0.0354263,0.021875,0.0932237,0.196875
-0.0142041,0.13125,0.0957607,0.021875
-0.0394004,0.109375,0.0981978,0.2625
-0.0648874,-0.284375,0.100926,0.04375
-0.0525781,0.065625,0.110631,0.065625
-0.0463744,-0.240625,0.106381,0.021875
-0.025443,-0.04375,0.109109,0.04375
-0.00993556,-0.109375,0.111646,0.021875
-0.0441448,-0.21875,0.114374,0.021875
-0.0143911,0.065625,0.117101,0
-0.0660448,-0.175,0.119829,0.021875
-0.0599411,-0.021875,0.122848,0.021875
-0.0301874,0.065625,0.125576,0.021875
-0.0469522,0,0.128303,0.04375
-0.04918,-0.175,0.130931,0.284375
-0.0368707,0,0.133659,0.065625
-0.0478207,0.13125,0.136387,0.240625
-0.0557633,0.13125,0.139014,0.021875
-0.0260096,0,0.141742,0.021875
-0.0776633,0.0875,0.144079,0.065625
-0.0479096,0.0875,0.146807,0.196875
-0.0588596,0.0875,0.149435,0.065625
-0.0607967,0.0875,0.151872,0.04375
-0.04558,0.0875,0.1546,0.35
-0.071067,0.13125,0.157227,0.065625
-0.0732948,0,0.159955,0.153125
-0.0752319,0.175,0.162292,0.065625
-0.0860819,0.175,0.16502,0.065625
-0.0795874,-0.021875,0.167748,0.065625
-0.0582652,0.175,0.170085,0.065625
-0.05148,0.065625,0.172522,-0.04375
-0.0708615,0.065625,0.174959,0.415625
-0.0870448,0.175,0.177005,0.065625
-0.0567096,0.0875,0.178861,0.0875
-0.0670781,0.065625,0.204266,0.4375
-0.0773467,-0.284375,0.183153,0.21875
-0.0792837,-0.065625,0.18549,0.39375
-0.0634856,-0.153125,0.187637,0.21875
-0.0648411,-0.04375,0.189492,0.21875
-0.0984689,0.175,0.191639,0.30625
-0.0768559,0.0875,0.193685,0.13125
-0.0635744,0.328125,0.19554,0.240625
-0.0707448,-0.196875,0.197396,0.240625
-0.0811133,-0.0875,0.199542,0.240625
-0.0740374,0.284375,0.201589,0.35
-0.0695781,0.153125,0.203444,0.459375
-0.0709337,0.196875,0.205009,0.525
-0.0864356,0.109375,0.217913,0.240625
-0.0735448,0.109375,0.208429,0.371875
-0.0751911,0.0875,0.210576,0.4375
-0.0768374,0.021875,0.212622,0.35
-0.0784837,0.0875,0.214768,0.240625
-0.0798393,0.0875,0.216624,0.240625
-0.0723726,-0.13125,0.218479,0.153125
-0.0885559,0.109375,0.220626,0.525
-0.0840967,-0.021875,0.222481,0.240625
-0.091267,0.35,0.224337,0.30625
-0.0690726,0.153125,0.225901,0.459375
-0.0787596,-0.021875,0.227366,-0.13125
-0.112097,0.175,0.229222,0.30625
-0.08118,0.153125,0.249394,0.30625
-0.0648004,0.328125,0.232061,0.525
-0.0745874,0.13125,0.233626,0.153125
-0.0610152,0.065625,0.23519,0.30625
-0.0771985,0.065625,0.237337,0.30625
-0.0698319,0.065625,0.239192,0.153125
-0.0708967,0.153125,0.240757,0.415625
-0.0657559,0.196875,0.242031,0.30625
-0.0578078,0.109375,0.243305,0.459375
-0.0580004,0.0875,0.243998,0.35
-0.0494707,-0.196875,0.274927,0.328125
-0.0672985,-0.153125,0.245383,0.503125
-0.0497559,0.30625,0.245785,0.30625
-0.0412263,-0.196875,0.246477,0.35
-0.0178689,0.065625,0.246879,0.525
-0.0412207,0.0875,0.247672,0.30625
-0.0353078,0.065625,0.275594,0.35
-0.0260967,-0.153125,0.247694,0.459375
-0.0492578,-0.109375,0.247996,0.328125
-0.00835593,0.04375,0.248398,0.459375
-0.00825778,0.196875,0.2487,0.459375
-0.00224481,-0.065625,0.249001,0.196875
-0.0255967,-0.109375,0.249594,0.39375
-0.0336393,-0.065625,0.249414,0.415625
-0.0159967,0.21875,0.249716,0.35
-0.0156078,-0.065625,0.249727,0.30625
-0.00639667,-0.04375,0.249739,0.459375
-0.00619852,-0.04375,0.25014,0.35
-0.00610037,0,0.250442,0.35
-0.00532074,-0.0875,0.250163,0.546875
-0.0136541,0.109375,0.250274,0.35
0.00137185,-0.065625,0.250285,0.503125
0.00186074,0.04375,0.250296,0.35
-0.00414667,0.065625,0.250989,0.415625
0.01902,-0.065625,0.251581,0.35
-0.00385037,-0.021875,0.251592,0.30625
-0.0123744,0.04375,0.251994,0.525
0.011083,0.04375,0.252296,0.35
-0.0208004,-0.04375,0.252698,0.459375
0.0113793,-0.109375,0.253,0.459375
-0.0113911,-0.109375,0.253111,0.459375
-0.00228,-0.0875,0.253122,0.39375
-0.00208185,-0.065625,0.253424,0.35
-0.0283411,-0.065625,0.254116,0.30625
0.00402926,-0.0875,0.254127,0.35
-0.0425819,-0.065625,0.25482,0.503125
-0.0104022,0.0875,0.255122,0.525
-0.02833,0.065625,0.256105,0.35
-0.0194096,0.109375,0.256407,0.546875
-0.0428615,-0.04375,0.2571,0.459375
-0.0281263,-0.0875,0.257401,0.35
-0.0343244,0.13125,0.258385,0.30625
-0.0284115,0.175,0.258687,0.371875
-0.0349004,0.13125,0.259961,0.35
-0.0355744,0.21875,0.261135,0.35
-0.035767,0.0875,0.261827,0.39375
-0.0364411,0.065625,0.263001,0.371875
-0.0548504,0.0875,0.264566,0.371875
-0.0383707,-0.04375,0.266131,0.35
-0.0391448,0.21875,0.267305,0.4375
-0.0395281,-0.021875,0.268289,0.30625
-0.0402022,0.30625,0.269463,0.30625
-0.049117,0.30625,0.269864,0.328125
-0.0492096,0.35,0.270557,0.153125
-0.049593,0.109375,0.27144,0.371875
-0.050367,-0.065625,0.284053,0.35
-0.0684856,-0.04375,0.273698,0.48125
-0.042993,-0.021875,0.289118,0.39375
-0.05278,0.2625,0.275855,0.39375
-0.0767133,0.109375,0.277129,0.284375
-0.0544189,0.109375,0.28092,0.525
-0.055093,0.109375,0.279287,0.56875
-0.06488,0.04375,0.2919,0.525
-0.0571226,0.109375,0.309064,0.56875
-0.0752411,0.04375,0.282718,0.48125
-0.0675837,-0.021875,0.298529,0.39375
-0.0592448,0,0.284685,0.35
-0.0509059,0,0.285568,0.590625
-0.0597207,0.109375,0.28597,0.39375
-0.0695078,0.021875,0.301781,0.415625
-0.0614596,0.065625,0.288227,0.21875
-0.0621337,-0.0875,0.289501,0.48125
-0.0628078,-0.0875,0.290385,0.503125
-0.0489448,0.109375,0.291559,0.328125
-0.0554337,-0.065625,0.292442,0.0875
-0.0561078,0.109375,0.293516,0.459375
-0.0657948,-0.065625,0.294981,0.415625
-0.0516411,0.13125,0.310111,0.525
-0.05803,0.109375,0.296748,0.4375
-0.0764393,0.0875,0.298113,0.415625
-0.0593781,0,0.298996,0.4375
-0.0597615,0.0875,0.318196,0.39375
-0.0546207,0.0875,0.300472,0.4375
-0.0552948,-0.021875,0.301646,0.546875
-0.0617837,0.0875,0.30272,0.4375
-0.0623578,0.04375,0.303894,0.4375
-0.0711726,0.13125,0.304487,0.6125
-0.0485874,0.04375,0.305661,0.65625
-0.0492615,0.021875,0.306835,0.74375
-0.0322004,0.04375,0.307718,0.6125
-0.0500281,0.04375,0.308601,0.7
-0.0738615,0.021875,0.309676,0.7
-0.0422633,0.065625,0.310559,0.7
-0.0659059,0.065625,0.311442,0.6125
-0.0517522,0.04375,0.312326,0.371875
-0.0608578,0.04375,0.313209,0.525
-0.0525189,0.109375,0.314092,0.371875
-0.029543,0.04375,0.314976,0.525
-0.0531856,0,0.315859,0.525
-0.0448467,0.021875,0.316742,0.525
-0.0365078,0,0.317626,0.525
-0.0456133,0,0.318509,0.56875
-0.0546189,0.284375,0.319392,0.371875
-0.05413,-0.065625,0.319403,0.109375
-0.0356152,0.153125,0.318833,0.590625
-0.0284393,-0.021875,0.317972,0.39375
-0.0189374,-0.04375,0.317692,0.525
-0.017767,-0.0875,0.317122,0.39375
-0.0312337,-0.065625,0.316551,0.4375
-0.0298726,-0.175,0.31569,0.4375
-0.0136837,-0.153125,0.314539,0.371875
-0.0129041,0.0875,0.314259,0.39375
-0.0204559,0.021875,0.313689,0.525
-0.0257819,-0.2625,0.3137,0.546875
-0.025293,0.328125,0.313711,0.525
-0.0184078,-0.39375,0.31314,0.525
-0.0236337,0.0875,0.313151,0.109375
-0.0228541,0.04375,0.312972,0.4375
-0.0165504,-0.21875,0.312983,0.371875
-0.00704852,0.021875,0.312703,0.525
-0.0157633,0.109375,0.313296,0.590625
-0.0158559,0.0875,0.313889,0.546875
-0.00751704,0.065625,0.314772,0.590625
-0.0224374,0.04375,0.315655,0.525
-0.0309615,0.065625,0.316057,0.6125
-0.0167078,0.065625,0.31694,0.678125
-0.0406411,0.04375,0.318114,0.678125
-0.0407337,-0.13125,0.318707,0.6125
-0.041117,0.04375,0.31959,0.6125
-0.0399467,-0.0875,0.31912,0.39375
-0.0394578,-0.0875,0.319131,0.4375
-0.0299559,0.04375,0.318851,0.4375
-0.0300485,-0.021875,0.319444,0.65625
-0.0381819,0.021875,0.319555,0.503125
-0.0469967,0.284375,0.320148,0.4375
-0.0465078,0,0.320159,0.4375
-0.0462096,-0.021875,0.320461,0.35
-0.046593,0.04375,0.321444,0.4375
-0.0522096,0.021875,0.321746,0.4375
-0.0520115,0.021875,0.322048,0.590625
-0.0521948,0.153125,0.322731,0.4375
-0.0696319,0.109375,0.323124,0.4375
-0.0693337,0.109375,0.323226,0.525
-0.0606041,0.021875,0.323718,0.590625
-0.0608874,-0.13125,0.324401,0.35
-0.06088,0.04375,0.324794,0.525
-0.0524411,0.065625,0.348446,0.4375
-0.0701689,0.0875,0.32587,0.4375
-0.0701615,0.021875,0.326263,0.525
-0.0707356,0.04375,0.327046,0.503125
-0.0794504,0.021875,0.327439,0.56875
-0.079443,0.04375,0.32754,0.525
-0.0710041,0.021875,0.328224,0.4375
-0.0624652,0.13125,0.356237,0.196875
-0.0624578,0.065625,0.328818,0.4375
-0.0717541,0.109375,0.329792,0.4375
-0.0636059,-0.04375,0.342105,0.4375
-0.0633078,-0.021875,0.357907,0.4375
-0.0548689,0.13125,0.354039,0.6125
-0.0725967,-0.065625,0.331172,0.634375
-0.07288,-0.065625,0.331564,0.371875
-0.0644411,0.21875,0.346494,0.39375
-0.0820689,-0.065625,0.33274,0.56875
-0.0817707,0.196875,0.332551,0.04375
-0.0733319,-0.109375,0.333235,0.525
-0.05588,0.109375,0.333727,0.6125
-0.0738985,0.2625,0.334701,0.415625
-0.0654596,0.30625,0.335385,0.721875
-0.0573115,0.196875,0.336459,0.4375
-0.05178,-0.153125,0.337142,0.459375
-0.0666004,-0.2625,0.337826,0.459375
-0.0519559,0.284375,0.338318,0.4375
-0.0580541,0.04375,0.339001,0.39375
-0.0667689,0.0875,0.339494,0.48125
-0.0577485,0.109375,0.339596,0.6125
-0.0664633,0.39375,0.339989,0.48125
-0.0525004,0.065625,0.341063,0.39375
-0.0522022,0.13125,0.341164,0.6125
-0.0584911,0.13125,0.342239,0.525
-0.0590652,0.13125,0.343213,0.546875
-0.0451022,0.109375,0.344187,0.525
-0.0456763,0.153125,0.345261,0.503125
-0.0459596,0.109375,0.345944,0.525
-0.0610707,0.109375,0.347018,0.56875
-0.0700763,0.109375,0.347701,0.459375
-0.0618281,0.153125,0.348776,0.503125
-0.0562967,-0.13125,0.349459,0.39375
-0.0481485,0.153125,0.350533,0.48125
-0.0397096,0.153125,0.351216,0.284375
-0.0402837,0.284375,0.35229,0.39375
-0.0489985,0.13125,0.352683,0.39375
-0.0727319,-0.0875,0.353757,0.459375
-0.0323115,0.153125,0.35444,0.525
-0.0410263,-0.065625,0.354933,0.525
-0.0491596,-0.0875,0.354844,0.525
-0.0398485,-0.065625,0.354655,0.590625
-0.0296652,0.0875,0.353694,0.634375
-0.05398,-0.0875,0.352342,0.48125
-0.0270337,-0.109375,0.352063,0.4375
-0.0348763,0.109375,0.351683,0.56875
-0.0252744,0.0875,0.351303,0.7
-0.0249763,0,0.351605,0.721875
-0.0328189,-0.109375,0.351226,0.65625
-0.0319393,-0.109375,0.350846,0.503125
-0.0310596,0.065625,0.350566,0.721875
-0.0220393,0.04375,0.350768,0.459375
-0.0301726,0.021875,0.350679,0.525
-0.0388874,-0.0875,0.351272,0.546875
-0.0304485,-0.065625,0.352055,0.525
-0.0481763,-0.0875,0.352939,0.459375
-0.0481689,-0.04375,0.353431,0.525
-0.0312985,0.04375,0.354505,0.525
-0.0312911,-0.196875,0.355098,0.459375
-0.0225615,0.021875,0.35559,0.503125
-0.031667,0.021875,0.356474,0.4375
-0.0406726,-0.109375,0.357257,0.525
-0.0636337,-0.065625,0.357559,0.546875
-0.0496707,0.021875,0.358633,0.35
-0.0325096,-0.065625,0.359516,0.721875
-0.0234893,0.065625,0.359718,0.525
-0.00923556,-0.04375,0.360601,0.525
-0.0327781,-0.04375,0.361385,0.415625
-0.0505059,-0.0875,0.362268,0.503125
-0.0568948,-0.04375,0.363342,0.525
-0.0342096,-0.04375,0.364516,0.48125
-0.02548,-0.153125,0.365009,0.39375
-0.0333226,0.065625,0.364729,0.590625
-0.0336059,-0.153125,0.365513,0.48125
-0.0327263,0.328125,0.365233,0.459375
-0.0411504,0.109375,0.365435,0.48125
-0.017593,0.0875,0.365737,0.240625
-0.0489856,0.0875,0.365748,0.39375
-0.0489781,0.13125,0.36624,0.284375
-0.0402485,-0.04375,0.38544,0.328125
-0.0164004,-0.04375,0.366453,0.525
-0.03878,0.0875,0.366174,0.6125
-0.0533096,0.04375,0.366766,0.39375
-0.0469059,0.0875,0.366677,0.48125
-0.0466078,0.0875,0.366979,0.74375
-0.0524152,-0.2625,0.367281,0.459375
-0.0524078,0.109375,0.367774,0.65625
-0.0701356,0.109375,0.368657,0.6125
-0.0204115,-0.065625,0.368959,0.503125
-0.0201133,-0.021875,0.36887,0.525
-0.0459819,0.04375,0.369172,0.546875
-0.0456837,-0.021875,0.37209,0.525
-0.0456763,0.065625,0.369776,0.48125
-0.0369467,-0.065625,0.370268,0.525
-0.0366485,-0.109375,0.393539,0.503125
-0.0273374,-0.109375,0.37029,0.459375
-0.0130837,-0.109375,0.38532,0.590625
-0.0124948,-0.13125,0.370794,0.48125
-0.0267337,-0.109375,0.371096,0.503125
-0.0168411,-0.284375,0.370235,0.35
-0.0424189,0.109375,0.370246,0.525
-0.00955778,0.04375,0.369866,0.503125
-0.014493,-0.196875,0.369587,0.503125
0.000923704,-0.021875,0.369307,0.525
-0.00691889,-0.021875,0.369027,0.546875
-0.00662074,-0.021875,0.369329,0.39375
0.0198441,0.04375,0.369531,0.48125
0.00308852,-0.196875,0.369442,0.525
-0.00446333,0.04375,0.368772,0.6125
0.00455704,0.04375,0.368874,0.56875
0.0139681,0.04375,0.368785,0.65625
0.0238607,0,0.368114,0.503125
0.0306552,-0.21875,0.367735,0.48125
0.0396756,-0.065625,0.367937,0.503125
0.0254367,-0.0875,0.368139,0.39375
0.0171126,0,0.36834,0.48125
0.0319478,-0.021875,0.368542,0.48125
0.0412589,-0.021875,0.368453,0.525
0.02712,0.04375,0.368655,0.503125
0.0335237,-0.021875,0.368566,0.459375
0.0513663,0.240625,0.368768,0.48125
0.043233,-0.021875,0.368679,0.48125
0.0348089,0.065625,0.368881,0.590625
0.0354978,-0.153125,0.368792,0.48125
0.0299811,-0.153125,0.368994,0.4375
0.0364848,0.021875,0.368905,0.39375
0.0457959,0,0.368816,0.371875
0.0463848,0.04375,0.368727,0.39375
0.0325367,-0.21875,0.368739,0.459375
0.0575478,0.065625,0.367487,0.503125
0.0596904,-0.328125,0.365944,0.48125
0.043707,-0.109375,0.364983,0.459375
0.0547626,-0.35,0.36315,0.459375
0.0478922,0.04375,0.361898,0.6125
0.04412,-0.21875,0.360355,0.525
0.050333,-0.21875,0.360557,0.6125
0.0596441,0.021875,0.360568,0.6125
0.036683,0.0875,0.36077,0.525
0.0521996,0.065625,0.36039,0.39375
0.0481367,0.175,0.359139,0.459375
0.0555126,-0.153125,0.358177,0.48125
0.0508681,0.04375,0.357507,0.525
0.0520385,-0.153125,0.356937,0.6125
0.0440052,-0.13125,0.356848,0.634375
0.0210441,-0.153125,0.35705,0.4375
0.0447015,-0.109375,0.357251,0.6125
0.0447089,0,0.357844,0.6125
0.0362848,0.065625,0.358046,0.459375
0.0372644,-0.04375,0.357666,0.503125
0.0372719,0.153125,0.358159,0.48125
0.028657,-0.0875,0.358751,0.6125
0.0231404,0.065625,0.358953,0.39375
0.0470885,0,0.358864,0.65625
0.0159867,-0.30625,0.358485,0.56875
0.0398348,-0.021875,0.358496,0.56875
0.0411052,-0.021875,0.357826,0.56875
0.050707,-0.240625,0.357446,0.546875
0.0281367,-0.04375,0.357457,0.459375
0.0354126,-0.065625,0.356496,0.6125
0.0302867,-0.109375,0.356407,0.546875
0.0366904,0.065625,0.356418,0.48125
0.0315644,-0.04375,0.356329,0.525
0.0463996,-0.0875,0.356531,0.459375
0.0327422,0.04375,0.356251,0.48125
0.0159867,0.065625,0.356163,0.39375
0.0255885,-0.13125,0.355883,0.4375
0.0175552,-0.175,0.355794,0.56875
0.0178533,-0.13125,0.356096,0.48125
0.042283,-0.35,0.355526,0.39375
0.0519848,0.196875,0.355246,0.459375
0.0374552,0.109375,0.355839,0.328125
0.0435681,0.021875,0.35614,0.525
0.0438663,0.021875,0.356442,0.6125
0.0445552,0.21875,0.356453,0.39375
0.0303163,-0.284375,0.356755,0.546875
0.0541644,0.04375,0.356766,0.48125
0.0466126,-0.175,0.356196,0.765625
0.0473015,-0.2625,0.356207,0.459375
0.0569033,-0.0875,0.355927,0.503125
0.0438274,-0.065625,0.355066,0.7
0.0502311,-0.30625,0.355077,0.56875
0.0512107,0.284375,0.354798,0.546875
0.0608126,-0.240625,0.354618,0.48125
0.0614015,0.153125,0.354629,0.590625
0.0708126,-0.240625,0.35464,0.459375
0.0716922,0.109375,0.354361,0.371875
0.0635589,-0.240625,0.354372,0.459375
0.06502,-0.175,0.353511,0.35
0.0575681,-0.240625,0.35304,0.39375
0.0854867,-0.196875,0.351889,0.459375
0.0686311,-0.196875,0.3519,0.678125
0.0866644,-0.153125,0.351911,0.546875
0.0937496,-0.021875,0.35134,0.65625
0.0952107,0.240625,0.350579,0.56875
0.090857,-0.021875,0.349718,0.546875
0.098233,-0.021875,0.348857,0.39375
0.0991126,-0.371875,0.348577,0.590625
0.0854552,-0.0875,0.348298,0.109375
0.0953478,-0.196875,0.347827,0.503125
0.0957459,-0.153125,0.348129,0.39375
0.0873219,-0.109375,0.348431,0.503125
0.0963422,0.0875,0.348833,0.196875
0.0883089,0.04375,0.348844,0.39375
0.0979107,-0.04375,0.348564,0.459375
0.0903589,-0.109375,0.348094,0.39375
0.0825163,-0.0875,0.347814,0.503125
0.0834959,-0.021875,0.347535,0.56875
0.069257,-0.04375,0.347937,0.48125
0.0928144,-0.153125,0.324979,0.240625
0.0612311,0.0875,0.34854,0.546875
0.0940922,-0.175,0.348361,0.56875
0.0772367,-0.196875,0.348372,0.4375
0.0779256,0.175,0.348383,0.415625
0.0735719,-0.175,0.347622,0.459375
0.07387,-0.196875,0.347924,0.48125
0.0805644,-0.328125,0.347744,0.503125
0.0664256,-0.21875,0.348046,0.21875
0.0757367,0.240625,0.348057,0.503125
0.0673126,-0.21875,0.348459,0.546875
0.06742,0.175,0.349051,0.39375
0.0767311,0.021875,0.349163,0.525
0.0592941,-0.13125,0.349755,0.459375
0.0596922,0.2625,0.350157,0.6125
0.0454533,0.30625,0.350459,0.56875
0.0599978,0.065625,0.351151,0.525
0.0519644,0.39375,0.351163,0.4375
0.0458663,0.153125,0.352146,0.546875
0.0371515,-0.30625,0.352739,0.590625
0.0371589,0.13125,0.353431,0.6125
0.0456978,0.04375,0.354314,0.39375
0.0364015,-0.35,0.355589,0.590625
0.0361181,0.13125,0.356472,0.590625
0.044657,0.240625,0.357455,0.590625
0.0356515,-0.2625,0.358339,0.525
0.0267459,-0.284375,0.359222,0.459375
0.0262719,-0.2625,0.360296,0.48125
0.0347107,-0.021875,0.361179,0.503125
0.00196444,0.109375,0.362644,0.546875
0.0243589,0.21875,0.364109,0.48125
0.00905704,-0.284375,0.365574,0.590625
-0.000820741,0,0.367329,0.371875
0.0132422,0.021875,0.368503,0.590625
0.0208089,0.065625,0.370259,0.459375
0.00550704,-0.065625,0.371724,0.56875
0.0373052,-0.284375,0.372607,0.48125
-0.00397259,0.153125,0.373781,0.56875
0.0103811,0.109375,0.374664,0.525
0.0045737,0.04375,0.375257,0.590625
0.0509089,0,0.37614,0.48125
0.00992185,-0.30625,0.404644,0.503125
0.0190422,0.065625,0.377326,0.6125
0.00984593,0.0875,0.3786,0.459375
0.03602,-0.04375,0.379192,0.503125
0.00269222,-0.021875,0.381239,0.503125
0.0169459,0.065625,0.382122,0.721875
0.00135333,-0.240625,0.383877,0.56875
-0.0082337,-0.13125,0.385342,0.48125
0.0142607,0.0875,0.386807,0.0875
-0.00104111,-0.39375,0.388272,0.525
0.00419963,0.065625,0.389446,0.56875
0.00372556,-0.021875,0.39072,0.6125
-0.00237259,0.021875,0.391603,0.546875
0.0201219,-0.021875,0.393068,0.153125
-0.0124337,0.109375,0.394242,0.590625
0.0193644,0.021875,0.395126,0.74375
-0.0133819,-0.021875,0.39659,0.6125
-0.00552444,-0.021875,0.398155,0.56875
-0.000765185,-0.021875,0.399911,0.678125
0.00709222,0.0875,0.401376,0.48125
-0.00210407,0.13125,0.40255,0.546875
0.00643481,0.065625,0.403533,0.721875
-0.0086763,0.065625,0.404707,0.503125
0.00596815,0.065625,0.4053,0.48125
0.00539407,-0.109375,0.406474,0.65625
0.00521074,-0.04375,0.407457,0.546875
-0.00456704,-0.04375,0.409213,0.503125
-0.0109559,0.021875,0.410387,0.525
0.0115385,0,0.411851,0.415625
0.0106737,0.021875,0.413416,0.525
0.00990889,0.04375,0.414881,0.546875
0.00943481,-0.04375,0.416055,0.503125
0.00857,0.021875,0.41762,0.590625
0.00809593,0.021875,0.418794,0.7
-0.00992259,0.021875,0.419968,0.7
0.030307,0.04375,0.421242,0.7
0.0065737,-0.0875,0.422416,0.65625
0.0202459,-0.0875,0.423981,0.7
-0.00348741,0.04375,0.425155,0.634375
0.00466074,0.065625,0.426329,0.65625
0.0134904,0.0875,0.427022,0.65625
0.00429407,0.065625,0.428196,0.30625
-0.013143,-0.39375,0.428889,0.525
0.0134219,-0.109375,0.42919,0.74375
0.0276756,0.328125,0.430174,0.678125
0.0193515,-0.109375,0.430476,0.7
0.0283719,-0.196875,0.430877,0.74375
0.0194663,0.328125,0.431761,0.7
0.0370181,-0.109375,0.432453,0.56875
0.0192904,-0.175,0.433437,0.7
0.05167,0.13125,0.433739,0.6125
0.0287089,-0.109375,0.43414,0.459375
0.0517848,-0.109375,0.435124,0.371875
0.0198107,-0.21875,0.435716,0.7
0.0373626,0.13125,0.436409,0.6125
0.0203163,-0.21875,0.436811,0.678125
0.0613181,-0.35,0.437113,0.56875
0.0210126,0.196875,0.437514,0.875
0.0620144,-0.021875,0.437916,0.678125
0.0298496,0.021875,0.4388,0.56875
0.029857,-0.0875,0.439492,0.6125
0.052933,-0.0875,0.440476,0.6125
0.0469348,-0.109375,0.441359,0.590625
0.03822,-0.109375,0.442051,0.371875
0.0612959,-0.021875,0.443035,0.6125
0.0467663,0,0.443727,0.6125
0.0378607,0,0.444611,0.6125
0.0462996,0.0875,0.445594,0.56875
0.0289626,0,0.446287,0.634375
0.0375015,-0.196875,0.44727,0.546875
0.0459404,-0.0875,0.448253,0.6125
0.0460478,-0.021875,0.448846,0.546875
0.0370422,0,0.449829,0.6125
0.0368589,-0.04375,0.450813,0.590625
0.0456885,0,0.451505,0.6125
0.0454052,-0.21875,0.452489,0.6125
0.0190552,-0.04375,0.453472,0.634375
0.0510441,-0.04375,0.454064,0.634375
0.0369052,0,0.454466,0.765625
0.0373033,-0.021875,0.454868,0.7875
0.0602793,-0.065625,0.455851,0.634375
0.0371274,-0.021875,0.456544,0.525
0.0606848,-0.04375,0.456946,0.525
0.0459644,-0.240625,0.457929,0.525
0.0369589,-0.021875,0.458913,0.765625
0.0603256,-0.0875,0.459605,0.6125
0.0694459,-0.2625,0.460007,0.503125
0.0374719,-0.2625,0.4607,0.634375
0.0463015,-0.065625,0.461392,0.6125
0.0460181,-0.065625,0.462376,0.590625
0.0283904,-0.0875,0.463359,0.590625
0.051757,-0.0875,0.464051,0.634375
0.0456589,-0.30625,0.465035,0.678125
0.0603033,0,0.465727,0.590625
0.0603107,-0.021875,0.46642,0.590625
0.0458811,-0.065625,0.467113,0.546875
0.0602348,-0.04375,0.468096,0.56875
0.0692552,-0.065625,0.468498,0.678125
0.0606404,-0.240625,0.46919,0.546875
0.0606478,0,0.469883,0.65625
0.0462181,-0.021875,0.470576,0.721875
0.0518496,-0.021875,0.471268,0.546875
0.0605793,-0.240625,0.471961,0.6125
0.0606867,-0.021875,0.472653,0.590625
0.0606941,-0.065625,0.473346,0.634375
0.0610922,-0.0875,0.473748,0.459375
0.0609089,0,0.47454,0.590625
0.0524848,-0.0875,0.474942,0.56875
0.0613144,-0.0875,0.475635,0.678125
0.0703348,-0.065625,0.476037,0.56875
0.06172,-0.0875,0.476148,0.546875
0.0472904,-0.0875,0.47684,0.65625
0.0708478,-0.0875,0.477342,0.7
0.0802589,-0.30625,0.477353,0.678125
0.0725163,-0.328125,0.477074,0.634375
0.0653552,0,0.49492,0.7875
0.0991885,0.0875,0.47487,0.74375
0.0769089,-0.04375,0.47459,0.56875
0.0787607,0.21875,0.473148,0.65625
0.0794496,0,0.473159,0.2625
0.0804293,-0.284375,0.472879,0.7
0.0959459,-0.240625,0.4727,0.6125
0.106229,-0.175,0.474455,0.7875
0.0929626,-0.0875,0.470977,0.65625
0.099757,-0.153125,0.470698,0.56875
0.10975,-0.109375,0.470127,0.56875
0.102298,-0.21875,0.469657,0.65625
0.120431,-0.153125,0.469668,0.6125
0.121411,-0.153125,0.469389,0.503125
0.1221,-0.153125,0.4694,0.65625
0.12337,-0.13125,0.468929,0.503125
0.107196,-0.04375,0.468359,0.7875
0.140739,-0.065625,0.467498,0.809375
0.110609,-0.065625,0.466446,0.678125
0.145314,-0.065625,0.464422,0.765625
0.114894,-0.0875,0.463561,0.65625
0.1339,-0.175,0.4628,0.328125
0.149998,-0.109375,0.461939,0.65625
0.15999,-0.153125,0.461368,0.525
0.152248,-0.39375,0.461189,0.634375
0.147122,-0.153125,0.4612,0.56875
0.130657,-0.109375,0.46092,0.590625
0.149663,-0.371875,0.460159,0.6125
0.156166,-0.240625,0.46017,0.6125
0.134759,-0.371875,0.459118,0.65625
0.14417,-0.175,0.459129,0.634375
0.144859,0,0.45914,0.65625
0.145548,-0.240625,0.459251,0.525
0.129083,-0.21875,0.458972,0.546875
0.138494,-0.30625,0.459083,0.7
0.157209,-0.35,0.458513,0.765625
0.150339,-0.30625,0.457461,0.6125
0.143468,-0.04375,0.456309,0.284375
0.16887,-0.284375,0.454966,0.7
0.155603,-0.371875,0.454396,0.721875
0.166468,0.240625,0.453053,0.590625
0.150585,-0.4375,0.452192,0.6125
0.143424,-0.35,0.451431,0.503125
0.163011,-0.503125,0.449989,0.328125
0.15585,-0.48125,0.449227,0.590625
0.175146,-0.065625,0.448076,0.6125
0.159553,-0.0875,0.447024,0.7875
0.161114,-0.196875,0.446163,0.6125
0.185935,-0.525,0.445401,0.525
0.163946,-0.065625,0.444831,0.678125
0.142248,-0.021875,0.44407,0.6125
0.158637,0.153125,0.443018,0.7
0.168629,-0.35,0.442448,0.6125
0.169609,0.0875,0.442268,0.546875
0.162448,-0.39375,0.441407,0.7
0.17215,-0.065625,0.441227,0.74375
0.172839,-0.04375,0.441339,0.765625
0.181959,0.04375,0.44164,0.6125
0.166076,-0.04375,0.440879,0.7875
0.167637,-0.065625,0.440118,0.525
0.169198,-0.21875,0.439257,0.56875
0.170759,-0.546875,0.438496,0.634375
0.180751,-0.065625,0.438026,0.83125
0.190744,-0.328125,0.437555,0.6125
0.173989,-0.30625,0.437566,0.546875
0.192122,-0.2625,0.437677,0.546875
0.183798,-0.065625,0.438079,0.525
0.176055,-0.0875,0.4378,0.7
0.186048,-0.284375,0.437329,0.546875
0.1722,-0.240625,0.43744,0.503125
0.187426,-0.109375,0.437551,0.65625
0.187824,-0.240625,0.437953,0.525
0.197526,-0.284375,0.437674,0.525
0.198214,-0.153125,0.437685,0.546875
0.181268,-0.196875,0.437987,0.503125
0.190679,-0.153125,0.437898,0.525
0.214918,-0.240625,0.437618,0.525
0.183726,-0.284375,0.437629,0.634375
0.184414,-0.175,0.43754,0.56875
0.193926,-0.153125,0.437551,0.590625
0.194614,-0.240625,0.437563,0.525
0.195303,-0.175,0.437474,0.525
0.196383,-0.21875,0.437194,0.525
0.220622,-0.21875,0.436914,0.56875
0.189429,-0.196875,0.436826,0.56875
0.207563,-0.196875,0.436837,0.459375
0.199629,-0.196875,0.436848,0.459375
0.217763,-0.284375,0.436759,0.6125
0.21002,-0.21875,0.436479,0.525
0.202087,-0.240625,0.43649,0.525
0.211498,-0.175,0.436501,0.6125
0.226824,-0.240625,0.436413,0.634375
0.204253,-0.240625,0.436424,0.503125
0.213764,-0.284375,0.436435,0.590625
0.22899,-0.2625,0.436446,0.590625
0.197698,-0.35,0.436457,0.590625
0.230468,-0.284375,0.436368,0.65625
0.225633,-0.284375,0.436089,0.590625
0.19444,-0.328125,0.4361,0.6125
0.200944,-0.30625,0.436111,0.65625
0.219177,-0.240625,0.436122,0.6125
0.220157,-0.30625,0.435842,0.525
0.220846,-0.30625,0.435753,0.525
0.221635,-0.371875,0.435764,0.634375
0.237151,-0.284375,0.435485,0.6125
0.199853,-0.284375,0.435787,0.525
0.215079,-0.065625,0.435798,0.546875
0.201622,-0.065625,0.435518,0.6125
0.209289,-0.39375,0.434366,0.765625
0.21909,-0.21875,0.434087,0.678125
0.211929,-0.56875,0.433226,0.6125
0.198081,-0.240625,0.433137,0.634375
0.213698,-0.284375,0.432857,0.6125
0.191127,-0.415625,0.432868,0.74375
0.20907,-0.328125,0.43317,0.7
0.209759,-0.35,0.433181,0.65625
0.201535,-0.35,0.433483,0.590625
0.178383,-0.30625,0.434076,0.6125
0.216577,-0.065625,0.434377,0.7
0.217076,-0.153125,0.434679,0.765625
0.217183,-0.328125,0.435272,0.6125
0.217681,-0.175,0.435574,0.590625
0.218661,-0.48125,0.435294,0.7
0.187759,-0.196875,0.435014,0.634375
0.188448,-0.196875,0.435026,0.459375
0.18274,-0.35,0.435718,0.7
0.189053,-0.21875,0.43602,0.546875
0.206896,-0.21875,0.436322,0.525
0.216407,-0.284375,0.436333,0.525
0.19907,-0.21875,0.436926,0.525
0.217013,-0.21875,0.437227,0.503125
0.191244,-0.35,0.437529,0.634375
0.209087,-0.328125,0.437831,0.7
0.200863,-0.240625,0.438133,0.6125
0.209692,-0.2625,0.438726,0.634375
0.218913,-0.2625,0.439127,0.634375
0.21902,-0.240625,0.43972,0.590625
0.211668,-0.284375,0.43915,0.459375
0.220789,-0.35,0.439451,0.6125
0.212564,-0.284375,0.439753,0.525
0.20424,-0.30625,0.440155,0.546875
0.227898,-0.284375,0.440457,0.503125
0.222581,-0.35,0.440759,0.459375
0.222979,-0.35,0.441061,0.65625
0.223477,-0.240625,0.441363,0.48125
0.215444,-0.2625,0.441474,0.48125
0.239201,-0.21875,0.441776,0.284375
0.225644,-0.2625,0.441496,0.56875
0.241451,-0.240625,0.440926,0.6125
0.235263,-0.4375,0.439292,0.6125
0.253977,-0.13125,0.438722,0.590625
0.246626,-0.153125,0.438151,0.6125
0.239755,-0.525,0.437,0.546875
0.249557,-0.371875,0.43672,0.546875
0.242977,-0.13125,0.435377,0.525
0.253651,-0.39375,0.434226,0.459375
0.25434,-0.0875,0.434237,0.48125
0.263851,-0.0875,0.434248,0.6125
0.247387,-0.415625,0.434068,0.634375
0.247885,-0.415625,0.43437,0.765625
0.257587,-0.7,0.43409,0.7
0.258376,-0.196875,0.434101,0.7
0.250342,-0.371875,0.434213,0.7
0.283403,-0.39375,0.433933,0.74375
0.252692,-0.13125,0.433363,0.7
0.254063,-0.459375,0.432792,0.678125
0.25039,-0.4375,0.43145,0.678125
0.258157,-0.21875,0.430298,0.590625
0.269313,-0.240625,0.428564,0.6125
0.28105,-0.2625,0.42635,0.74375
0.274861,-0.459375,0.424616,0.678125
0.267409,-0.30625,0.424046,0.459375
0.253661,-0.284375,0.424157,0.546875
0.2779,-0.30625,0.423877,0.48125
0.269676,-0.30625,0.424279,0.48125
0.270364,-0.328125,0.42429,0.546875
0.279876,-0.328125,0.424301,0.459375
0.289577,-0.328125,0.424122,0.6125
0.299089,-0.328125,0.424133,0.6125
0.273611,-0.328125,0.424244,0.6125
0.291553,-0.35,0.424546,0.546875
0.268983,-0.328125,0.424557,0.525
0.275296,-0.328125,0.424959,0.459375
0.261157,-0.328125,0.425261,0.6125
0.276483,-0.30625,0.425372,0.56875
0.276881,-0.328125,0.425674,0.6125
0.27767,-0.39375,0.425785,0.56875
0.287953,-0.30625,0.424924,0.56875
0.274787,-0.30625,0.424453,0.590625
0.290594,-0.503125,0.423883,0.56875
0.283242,-0.2625,0.423413,0.678125
0.279279,-0.4375,0.422261,0.371875
0.286655,-0.525,0.4215,0.48125
0.296748,-0.4375,0.421029,0.6125
0.289005,-0.284375,0.42075,0.56875
0.307239,-0.371875,0.420861,0.48125
0.275655,-0.371875,0.421163,0.459375
0.276444,-0.371875,0.421274,0.371875
0.29167,0,0.421285,0.6125
0.301472,-0.48125,0.421105,0.590625
0.319605,-0.35,0.421216,0.634375
0.30295,-0.415625,0.421227,0.678125
0.312361,-0.35,0.421339,0.634375
0.304427,-0.415625,0.42145,0.6125
0.305116,-0.35,0.421461,0.56875
0.305905,-0.240625,0.421572,0.56875
0.306885,-0.371875,0.421392,0.678125
0.307674,-0.4375,0.421403,0.6125
0.317085,-0.39375,0.421514,0.7
0.332411,-0.48125,0.421626,0.678125
0.318563,-0.39375,0.421637,0.721875
0.319642,-0.4375,0.421457,0.678125
0.302887,-0.415625,0.421568,0.721875
0.312298,-0.4375,0.421679,0.65625
0.321809,-0.4375,0.42169,0.56875
0.322498,-0.525,0.421801,0.590625
0.314564,-0.39375,0.421913,0.74375
0.324266,-0.525,0.421733,0.56875
0.316333,-0.415625,0.421744,0.721875
0.317022,-0.328125,0.421855,0.546875
0.342233,-0.39375,0.420803,0.503125
0.319663,-0.415625,0.420914,0.459375
0.337896,-0.371875,0.421026,0.459375
0.306603,-0.415625,0.421037,0.74375
0.32222,-0.48125,0.420857,0.6125
0.322909,-0.4375,0.420968,0.6125
0.33242,-0.503125,0.420979,0.6125
0.347746,-0.459375,0.42099,0.503125
0.333898,-0.459375,0.421101,0.546875
0.311427,-0.459375,0.421113,0.6125
0.326753,-0.48125,0.421224,0.546875
0.335874,-0.459375,0.421526,0.240625
0.336663,-0.48125,0.421537,0.459375
0.313801,-0.503125,0.421939,0.546875
0.352677,-0.48125,0.421659,0.525
0.306657,-0.503125,0.422061,0.6125
0.321301,-0.415625,0.422653,0.56875
0.289818,-0.525,0.423055,0.65625
0.322589,-0.4375,0.423066,0.7
0.308159,-0.371875,0.423759,0.7
0.308657,-0.4375,0.424061,0.634375
0.309155,-0.4375,0.424463,0.459375
0.318566,-0.48125,0.424474,0.525
0.287083,-0.35,0.424876,0.459375
0.302309,-0.4375,0.424887,0.546875
0.28827,-0.415625,0.425289,0.525
0.303596,-0.328125,0.4253,0.56875
0.294981,-0.371875,0.425992,0.503125
0.280651,-0.48125,0.426585,0.503125
0.295105,-0.21875,0.427568,0.6125
0.289689,-0.4375,0.42797,0.503125
0.305305,-0.30625,0.42769,0.6125
0.2651,-0.634375,0.428092,0.678125
0.283233,-0.503125,0.428103,0.74375
0.292744,-0.30625,0.428214,0.56875
0.266976,-0.459375,0.428616,0.546875
0.298874,-0.4375,0.4295,0.503125
0.275822,-0.35,0.430192,0.6125
0.267498,-0.415625,0.430594,0.7
0.276427,-0.48125,0.431187,0.634375
0.293498,-0.328125,0.432461,0.590625
0.267148,-0.30625,0.433444,0.678125
0.299046,-0.415625,0.434327,0.546875
0.261648,-0.415625,0.434729,0.65625
0.261564,-0.503125,0.435713,0.634375
0.276309,-0.39375,0.436305,0.74375
0.276126,-0.415625,0.437289,0.56875
0.261214,-0.328125,0.438563,0.503125
0.266655,-0.39375,0.439837,0.83125
0.266472,-0.153125,0.44072,0.65625
0.26697,-0.415625,0.441122,0.30625
0.27619,-0.196875,0.441524,0.678125
0.261761,-0.30625,0.442216,0.546875
0.267783,-0.56875,0.442909,0.546875
0.276322,-0.30625,0.443792,0.546875
0.244548,-0.2625,0.444485,0.7
0.253187,-0.39375,0.445468,0.56875
0.253003,-0.284375,0.446451,0.7
0.25292,-0.4375,0.447435,0.56875
0.267664,-0.328125,0.448127,0.6125
0.261957,-0.328125,0.44872,0.678125
0.252861,-0.30625,0.449994,0.284375
0.267505,-0.30625,0.450687,0.4375
0.252594,-0.328125,0.451961,0.634375
0.235066,-0.30625,0.452944,0.65625
0.267155,-0.13125,0.453637,0.503125
0.243813,-0.30625,0.45462,0.634375
0.252742,-0.4375,0.455313,0.74375
0.252559,-0.30625,0.456296,0.65625
0.252185,-0.328125,0.45757,0.634375
0.27497,-0.35,0.458844,0.65625
0.251337,-0.30625,0.460118,0.65625
0.259685,-0.328125,0.461392,0.65625
0.291192,-0.30625,0.462666,0.634375
0.264651,-0.328125,0.46394,0.65625
0.281622,-0.30625,0.465214,0.328125
0.263803,-0.30625,0.466489,0.525
0.26372,-0.39375,0.467472,0.546875
0.28069,-0.371875,0.468746,0.525
0.263163,-0.39375,0.469729,0.546875
0.280233,-0.371875,0.470903,0.56875
0.262605,-0.415625,0.471887,0.56875
0.270953,-0.2625,0.473161,0.546875
0.27087,-0.2625,0.474044,0.65625
0.288231,-0.415625,0.475027,0.56875
0.279426,-0.415625,0.475911,0.525
0.279242,-0.4375,0.476894,0.525
0.270437,-0.459375,0.477877,0.74375
0.256979,-0.196875,0.477598,0.765625
0.28975,-0.459375,0.477709,0.74375
0.272994,-0.39375,0.47782,0.590625
0.290937,-0.415625,0.478222,0.56875
0.2737,-0.328125,0.478814,0.546875
0.282339,-0.39375,0.479798,0.590625
0.296692,-0.546875,0.480781,0.371875
0.27335,-0.415625,0.481664,0.590625
0.281989,-0.56875,0.482648,0.678125
0.283359,-0.39375,0.482177,0.7875
0.266313,-0.415625,0.482579,0.65625
0.284546,-0.39375,0.48259,0.525
0.267309,-0.4375,0.483283,0.7
0.285833,-0.35,0.483103,0.765625
0.277027,-0.39375,0.484087,0.809375
0.267831,-0.328125,0.485361,0.809375
0.27647,-0.13125,0.486244,0.809375
0.261559,-0.35,0.487518,0.678125
0.285026,-0.371875,0.488211,0.809375
0.267107,-0.35,0.489485,0.896875
0.29319,-0.35,0.490468,0.7875
0.275372,-0.4375,0.491742,0.7
0.275289,-0.196875,0.492726,0.65625
0.26115,-0.21875,0.493127,0.765625
0.261066,-0.21875,0.494011,0.678125
0.252842,-0.678125,0.494413,0.678125
0.261481,-0.503125,0.495396,0.6125
0.261298,-0.459375,0.496379,0.74375
0.285055,-0.240625,0.496781,0.328125
0.235255,-0.21875,0.498055,0.83125
0.261339,-0.2625,0.499039,0.503125
0.260864,-0.284375,0.500313,0.7
0.251768,-0.284375,0.501587,0.56875
0.251685,-0.2625,0.50257,0.678125
0.242589,-0.30625,0.503844,0.809375
0.250837,-0.21875,0.505118,0.4375
0.233309,-0.30625,0.506101,0.678125
0.241657,-0.065625,0.507376,0.809375
0.226746,-0.2625,0.50865,0.678125
0.226563,-0.153125,0.509633,0.7
0.226479,-0.328125,0.510616,0.7
0.231629,-0.371875,0.512181,0.328125
0.263237,-0.0875,0.513455,0.678125
0.231072,-0.30625,0.514439,0.83125
0.239711,-0.459375,0.515422,0.7
0.216077,-0.328125,0.516405,0.678125
0.239253,-0.30625,0.517489,0.765625
0.239361,-0.30625,0.518181,0.415625
0.215727,-0.35,0.519455,0.678125
0.22989,-0.328125,0.520729,0.853125
0.214979,-0.415625,0.533342,0.809375
0.229042,-0.503125,0.522987,0.7875
0.223144,-0.240625,0.538216,0.765625
0.222189,-0.328125,0.525635,0.7
0.226948,-0.284375,0.530107,0.7
0.243727,-0.240625,0.528764,0.6125
0.225618,-0.153125,0.553298,0.83125
0.218848,-0.240625,0.531894,0.721875
0.217792,-0.240625,0.552457,0.74375
0.199392,-0.328125,0.534833,0.678125
0.221696,-0.240625,0.536689,0.634375
0.22074,-0.240625,0.568781,0.634375
0.205248,-0.196875,0.563077,0.678125
0.213305,-0.240625,0.541283,0.678125
0.218455,-0.240625,0.545464,0.7
0.211685,-0.240625,0.558559,0.65625
0.216544,-0.240625,0.545877,0.65625
0.224601,-0.21875,0.558681,0.765625
0.2094,-0.175,0.548616,0.875
0.223272,-0.35,0.56142,0.853125
0.215048,-0.153125,0.549901,0.74375
0.214964,-0.109375,0.550785,0.91875
0.232907,-0.415625,0.550896,0.875
0.209855,-0.284375,0.578918,0.678125
0.223727,0.065625,0.566718,0.853125
0.214631,-0.459375,0.553455,0.74375
0.222689,-0.328125,0.554629,0.984375
0.222605,0.0875,0.555613,0.853125
0.231244,-0.109375,0.556496,0.765625
0.222729,-0.328125,0.556898,0.7
0.240672,-0.546875,0.5573,0.809375
0.240879,-0.4375,0.557892,0.765625
0.240796,-0.284375,0.558876,0.809375
0.2317,-0.30625,0.56015,0.590625
0.231326,-0.39375,0.561324,0.875
0.231533,-0.328125,0.562016,0.984375
0.254609,-0.2625,0.563,0.83125
0.239698,-0.284375,0.564174,0.809375
0.239324,-0.35,0.565448,0.91875
0.244764,-0.240625,0.566722,0.765625
0.230144,-0.21875,0.567605,0.896875
0.244016,-0.0875,0.56917,0.896875
0.252655,-0.13125,0.570153,0.765625
0.238035,0.04375,0.571137,0.74375
0.244057,-0.525,0.571729,0.853125
0.270431,-0.196875,0.572422,0.875
0.238948,-0.39375,0.572824,0.765625
0.239737,-0.13125,0.572935,0.765625
0.272507,-0.39375,0.572946,0.4375
0.241314,-0.196875,0.573057,0.765625
0.265072,-0.415625,0.573459,0.7875
0.256848,-0.546875,0.573861,0.6125
0.257637,-0.196875,0.573972,0.7
0.258135,-0.48125,0.574374,0.896875
0.258924,-0.371875,0.574385,0.765625
0.259422,-0.634375,0.574787,0.853125
0.250907,-0.109375,0.575479,0.765625
0.278153,-0.35,0.5753,0.765625
0.278651,-0.328125,0.575701,0.765625
0.252692,-0.56875,0.576394,0.91875
0.270926,-0.415625,0.576505,0.91875
0.25427,-0.284375,0.576616,0.48125
0.26349,-0.196875,0.577018,0.590625
0.272711,-0.109375,0.57742,0.765625
0.2735,-0.175,0.577431,0.91875
0.264985,-0.371875,0.578124,0.853125
0.250655,-0.328125,0.578816,0.896875
0.256677,-0.30625,0.579509,0.940625
0.265898,-0.30625,0.579911,0.875
0.275118,-0.371875,0.580313,0.809375
0.258463,-0.284375,0.580424,0.896875
0.252855,-0.35,0.581116,0.91875
0.259168,-0.371875,0.581518,0.896875
0.259666,-0.284375,0.58192,0.6125
0.259874,-0.39375,0.582613,0.940625
0.253876,-0.371875,0.583696,0.765625
0.259607,-0.371875,0.584679,0.940625
0.245277,-0.590625,0.585372,0.634375
0.245194,-0.2625,0.586355,0.83125
0.245692,-0.371875,0.586757,0.765625
0.254913,-0.153125,0.587159,1.05
0.269366,-0.371875,0.588142,0.809375
0.246314,-0.459375,0.588835,0.7
0.254953,-0.13125,0.589818,0.721875
0.237135,-0.525,0.591092,0.809375
0.228039,-0.459375,0.592466,0.459375
0.236677,-0.065625,0.59345,0.853125
0.221766,-0.546875,0.594724,1.07187
0.227498,-0.371875,0.595707,0.809375
0.227124,-0.590625,0.596981,0.9625
0.226459,-0.04375,0.598646,0.765625
0.211257,-0.35,0.600211,0.940625
0.211174,-0.021875,0.601094,0.7875
0.201787,0.0875,0.605276,0.896875
0.209844,-0.35,0.603933,0.940625
0.200457,-0.371875,0.605498,0.765625
0.208805,-0.459375,0.606772,0.765625
0.208431,-0.415625,0.607946,0.7875
0.184216,-0.328125,0.609801,0.853125
0.197798,-0.284375,0.611657,0.83125
0.18812,0.04375,0.613222,0.875
0.187555,0.065625,0.614787,0.9625
0.18689,0.021875,0.616351,0.590625
0.194948,-0.328125,0.617626,0.809375
0.193992,-0.4375,0.619481,0.984375
0.193037,-0.240625,0.621237,0.853125
0.177544,-0.30625,0.623092,1.07187
0.200139,-0.328125,0.624366,1.07187
0.167201,-0.240625,0.626222,0.83125
0.174968,-0.175,0.628077,0.9625
0.147264,-0.240625,0.630514,1.07187
0.186722,0.13125,0.63237,0.940625
0.161926,-0.35,0.634807,0.896875
0.175216,-0.240625,0.636953,0.940625
0.168255,-0.196875,0.6391,0.940625
0.149274,-0.328125,0.641246,0.940625
0.165181,-0.21875,0.643683,1.00625
0.163935,-0.240625,0.645829,0.91875
0.162398,-0.196875,0.648266,0.91875
0.166676,-0.240625,0.657681,0.896875
0.165139,-0.21875,0.652559,0.809375
0.140342,-0.240625,0.654705,0.809375
0.139096,-0.196875,0.656561,0.809375
0.128837,-0.13125,0.658998,0.83125
0.144453,-0.21875,0.676072,0.809375
0.151929,-0.109375,0.663681,1.1375
0.124516,-0.30625,0.665246,0.83125
0.140714,0.109375,0.667101,1.00625
0.14819,-0.065625,0.687855,0.65625
0.12979,-0.13125,0.700759,0.940625
0.105676,-0.284375,0.671796,0.809375
0.127689,-0.13125,0.673651,1.00625
0.111614,-0.13125,0.675898,0.9625
0.14264,-0.284375,0.677172,0.9625
0.115227,-0.459375,0.679027,1.02812
0.11369,0.2625,0.681174,0.875
0.106339,-0.196875,0.683611,0.91875
0.119629,-0.2625,0.700103,0.940625
0.118674,-0.175,0.687422,0.91875
0.135163,-0.35,0.688987,0.9625
0.0929219,-0.065625,0.691424,0.765625
0.106213,0.0875,0.693379,0.875
0.130842,-0.196875,0.695526,0.875
0.0888922,-0.30625,0.697672,0.940625
0.110614,-0.21875,0.714355,0.984375
0.0858181,-0.13125,0.702355,1.00625
0.115972,-0.240625,0.732122,1.07187
0.114726,-0.240625,0.706357,0.9625
0.0960348,-0.240625,0.708313,0.940625
0.0625163,-0.35,0.710459,1.02812
0.125233,0.21875,0.712314,1.02812
0.0864811,-0.328125,0.737239,0.984375
0.0852348,0.04375,0.730372,0.984375
0.107248,-0.30625,0.71779,0.984375
0.106001,-0.0875,0.719646,1.00625
0.096033,-0.04375,0.721501,0.9625
0.0860644,0.2625,0.723748,1.02812
0.111376,0.109375,0.727929,0.984375
0.115944,-0.196875,0.726977,0.91875
0.109174,-0.240625,0.728833,0.9625
0.090483,0.109375,0.730689,0.984375
0.0805144,-0.21875,0.732644,1.02812
0.119972,0.30625,0.73479,1.05
0.0951756,0.04375,0.767564,1.02812
0.102651,-0.13125,0.739183,1.07187
0.0923922,0.04375,0.741429,1.05
0.114114,-0.196875,0.743576,0.984375
0.0989126,-0.13125,0.74495,1.00625
0.0976663,0.109375,0.747096,0.984375
0.0967107,0.196875,0.76029,1.09375
0.0954644,-0.153125,0.764953,0.9625
0.100133,-0.175,0.752272,0.9625
0.0756274,-0.065625,0.753737,0.984375
0.106463,-0.153125,0.755783,0.984375
0.0964941,0,0.757639,1.05
0.0633663,-0.04375,0.782653,0.984375
0.0879959,-0.04375,0.775977,1.00625
0.110009,-0.175,0.763587,0.9625
0.0856033,-0.04375,0.76825,0.984375
0.0988941,-0.153125,0.767098,1.00625
0.0977478,-0.175,0.768953,1.00625
0.0967922,-0.284375,0.770418,1.20312
0.0872144,-0.503125,0.772274,0.984375
0.0862589,-0.153125,0.788276,1.02812
0.0943163,-0.175,0.798272,0.984375
0.0937515,-0.328125,0.799155,1.02812
0.0782589,-0.109375,0.791898,1.05
0.0922311,-0.13125,0.793172,1.02812
0.114535,-0.021875,0.779809,1.11563
0.0821793,-0.109375,0.792131,1.02812
0.0819052,-0.0875,0.800283,1.09375
0.0899626,-0.021875,0.813187,1.07187
0.0893978,-0.021875,0.79837,1.18125
0.0800107,0.13125,0.803714,1.18125
0.105513,-0.546875,0.7858,1.1375
0.0965163,-0.284375,0.786683,0.9625
0.078407,-0.04375,0.795226,1.05
0.104009,-0.065625,0.803668,1.225
0.103344,-0.371875,0.818026,1.1375
0.0942478,-0.109375,0.814548,1.15938
0.0765293,-0.065625,0.803901,1.29062
0.102031,0.0875,0.821166,1.18125
0.0755904,-0.065625,0.808676,1.09375
0.083357,-0.065625,0.795703,1.09375
0.0681552,0.04375,0.796877,1.07187
0.0824181,-0.065625,0.797861,1.05
0.0817533,-0.065625,0.799135,1.05
0.104739,-0.39375,0.800309,1.07187
0.0656959,0.04375,0.813794,1.15938
0.0885811,-0.0875,0.803439,1.02812
0.0705719,0.021875,0.804903,1.07187
0.0783385,0.0875,0.813737,1.07187
0.0628459,-0.04375,0.808324,1.09375
0.0680959,-0.196875,0.809889,1.07187
0.0761533,-0.021875,0.822692,1.05
0.0665756,-0.04375,0.812918,1.1375
0.0830644,-0.04375,0.814483,1.09375
0.0733867,-0.328125,0.816339,1.09375
0.0492719,-0.13125,0.848331,1.11563
0.0631441,0.0875,0.819077,1.15938
0.0386385,0.175,0.820933,1.07187
0.0549367,0.065625,0.850409,1.09375
0.0592144,-0.065625,0.855363,1.09375
0.0667904,0,0.82669,1.18125
0.051007,-0.109375,0.847444,1.09375
0.0497607,-0.328125,0.85337,1.11563
0.0398922,0,0.831966,0.9625
0.0473681,0.13125,0.85679,1.09375
0.0202459,-0.13125,0.834805,1.1375
0.0132848,0.175,0.83627,1.09375
0.0355885,-0.153125,0.837544,1.1375
0.0340515,-0.109375,0.850739,1.09375
0.0154607,0.153125,0.868294,1.1375
0.0142144,0.284375,0.869568,1.15938
0.0127774,-0.153125,0.871424,1.1375
0.0376978,0.328125,0.879676,1.3125
0.0274385,0.13125,0.87717,1.29062
0.0405385,0.153125,0.887457,1.24687
-0.00809852,0.13125,0.885242,1.29062
0.0223459,-0.13125,0.875468,1.20312
0.0293404,0.21875,0.868601,1.3125
-0.0219133,0.153125,0.890518,1.3125
0.0172533,-0.13125,0.880453,1.3125
0.00680333,0.13125,0.889577,1.3125
0.0136978,-0.021875,0.895794,1.24687
-0.0375559,-0.021875,0.88602,1.3125
-0.013117,-0.021875,0.883514,1.3125
-0.0323893,0.04375,0.889731,1.26875
-0.0254948,-0.021875,0.903316,1.24687
-0.0276133,0.021875,0.905463,1.24687
-0.0149041,0.328125,0.902766,1.37813
-0.0222559,0.021875,0.90385,1.20312
-0.0181689,-0.175,0.905514,1.15938
-0.0258115,0.196875,0.906498,1.26875
-0.044793,0.153125,0.896242,1.24687
-0.0288856,-0.175,0.901687,1.33438
-0.071417,0,0.91469,1.33438
-0.0180041,-0.109375,0.911603,1.4
-0.0285541,-0.196875,0.913559,1.18125
-0.0771911,-0.13125,0.924237,1.33438
-0.0386059,-0.13125,0.910201,1.29062
-0.0900504,-0.021875,0.916809,1.1375
-0.0747244,-0.175,0.926224,1.1375
-0.0390467,-0.13125,0.932831,1.18125
-0.102221,-0.175,0.914726,1.18125
-0.0493893,0.065625,0.921624,1.18125
-0.106749,-0.021875,0.940151,1.18125
-0.0623485,-0.021875,0.922046,1.29062
-0.105461,0.065625,0.905976,1.4
-0.113686,-0.13125,0.92334,1.20312
-0.0870207,0.4375,0.939251,1.225
-0.117823,-0.196875,0.921046,1.225
-0.0649911,0.196875,0.939283,1.26875
-0.12235,0.065625,0.946181,1.26875
-0.124469,-0.153125,0.920807,1.18125
-0.0978041,0.109375,0.942533,1.18125
-0.100213,0.175,0.949431,1.18125
-0.125591,0.196875,0.959237,1.20312
-0.118987,0.175,0.961774,1.225
-0.135934,0.2625,0.964601,1.24687
-0.100547,0.196875,0.964231,1.24687
-0.102956,0.196875,0.969966,1.18125
-0.137056,-0.153125,0.972503,1.20312
-0.107484,0.13125,0.963701,1.1375
-0.109502,0.175,0.958779,1.225
-0.149708,0.175,0.968585,1.20312
-0.105308,0.0875,0.991474,1.225
-0.116149,0.240625,0.985289,1.37813
-0.150539,0.13125,0.987826,1.35625
-0.103523,0.109375,0.995014,1.33438
-0.137332,0.0875,0.98127,1.46562
-0.163,0.153125,0.979737,1.35625
-0.127323,0.240625,1.00233,1.4
-0.111997,-0.04375,0.969792,1.35625
-0.146097,0.196875,1.00257,1.44375
-0.110128,0.328125,1.00888,1.50937
-0.173302,0.196875,0.995139,1.53125
-0.137334,0.196875,1.00872,1.4
-0.122008,0.21875,0.980833,1.29062
-0.123836,0.153125,0.982789,1.35625
-0.143399,0.284375,0.985616,1.44375
-0.136795,0.175,0.988153,1.64062
-0.147345,0.196875,1.02103,1.37813
-0.18726,-0.0875,0.996235,1.46562
-0.151582,0.30625,0.996155,1.46562
-0.191106,0.2625,0.998692,1.50937
-0.187119,0.39375,1.00133,1.575
-0.165978,0.21875,1.03468,1.20312
-0.197171,0.240625,1.00698,1.11563
-0.199289,0.30625,1.0102,1.4875
-0.177858,0.21875,1.02437,1.24687
-0.19713,0.30625,1.02691,1.55313
-0.199249,0.21875,1.01821,1.37813
-0.160663,0.196875,1.02103,1.37813
-0.15406,0.328125,1.02677,1.44375
-0.16461,0.525,1.0454,1.4
-0.152091,0.284375,1.05655,1.42188
-0.215065,0.175,1.03125,1.35625
-0.18791,0.39375,1.03397,1.44375
-0.149224,0.13125,1.0364,1.33438
-0.159865,0.109375,1.05326,1.33438
-0.176421,0.153125,1.06878,1.33438
-0.186771,0.30625,1.04329,1.33438
-0.165721,0.175,1.04882,1.33438
-0.181986,0.175,1.07131,1.35625
-0.230713,0.30625,1.06211,1.3125
-0.185823,0.39375,1.05261,1.35625
-0.155569,0.13125,1.05756,1.35625
-0.206913,0.175,1.07598,1.4
-0.208932,0.415625,1.05921,1.4
-0.210269,0.2625,1.06106,1.53125
-0.171193,0.21875,1.07018,1.46562
-0.195889,0.30625,1.08733,1.00625
-0.165536,0.284375,1.09383,1.46562
-0.190232,0.13125,1.06776,1.3125
-0.19186,0.175,1.0888,1.46562
-0.17895,0.240625,1.07175,1.37813
-0.163234,0.13125,1.10151,1.35625
-0.182306,0.328125,1.09889,1.4875
-0.19828,0.240625,1.07719,1.4
-0.18508,0.48125,1.10956,1.53125
-0.218399,0.284375,1.08059,1.68437
-0.164304,0.328125,1.08156,1.44375
-0.203437,0.21875,1.08632,1.35625
-0.181324,0.2625,1.11229,1.42188
-0.182952,0.328125,1.08681,1.44375
-0.184289,0.2625,1.11889,1.24687
-0.171189,0.21875,1.10155,1.35625
-0.204508,0.175,1.11939,1.44375
-0.1885,0.2625,1.11222,1.44375
-0.198269,0.2625,1.12541,1.575
-0.181971,0.415625,1.10777,1.44375
-0.183017,0.328125,1.12028,1.42188
-0.183773,0.240625,1.13269,1.53125
-0.161369,0.284375,1.09848,1.44375
-0.170847,0.415625,1.12679,1.4875
-0.186239,0.39375,1.13038,1.72812
-0.154723,0.240625,1.13484,1.4875
-0.172732,0.240625,1.11895,1.53125
-0.181628,0.30625,1.1301,1.4875
-0.182384,0.240625,1.1305,1.46562
-0.165213,0.21875,1.13438,1.50937
-0.156665,0.240625,1.12954,1.59688
-0.142111,0.196875,1.1372,1.575
-0.151008,0.21875,1.14399,1.55313
-0.157097,0.175,1.14322,1.70625
-0.151747,0.21875,1.13954,1.55313
-0.151921,0.196875,1.12976,1.4875
-0.13446,0.240625,1.14856,1.81563
-0.152078,0.21875,1.1475,1.55313
-0.143049,0.240625,1.14528,1.72812
-0.13421,0.21875,1.148,1.575
-0.134484,0.175,1.14926,1.6625
-0.134076,0.153125,1.15605,1.77188
-0.13435,0,1.15451,1.37813
-0.133943,0.240625,1.15897,1.75
-0.124813,0.196875,1.15355,1.70625
-0.124215,0.13125,1.15103,1.75
-0.117993,0.065625,1.14833,1.55313
-0.131932,0.0875,1.13709,1.61875
-0.116987,0.13125,1.14359,1.55313
-0.108249,0.415625,1.12857,1.77188
-0.0985374,0.240625,1.11889,1.3125
-0.0979393,0.284375,1.11696,1.50937
-0.0972411,0.240625,1.11938,1.4875
-0.105947,0.240625,1.10931,1.4875
-0.0875133,0.415625,1.11155,1.44375
-0.10416,0.21875,1.09856,1.44375
-0.103943,0.175,1.10456,1.44375
-0.104017,0.109375,1.09641,1.44375
-0.0860652,0.109375,1.09495,1.42188
-0.0858485,0.109375,1.09668,1.42188
-0.103076,0.153125,1.0929,1.50937
-0.0935559,0.175,1.09347,1.53125
-0.0837448,0.175,1.08852,1.4875
-0.0684096,0.415625,1.08909,1.46562
-0.0993022,-0.153125,1.09054,1.42188
-0.0746633,0.153125,1.09896,1.4875
-0.0735744,0.13125,1.09314,1.50937
-0.0867319,0.0875,1.09255,1.225
-0.085643,0.328125,1.094,1.46562
-0.0615856,-0.240625,1.09108,1.55313
-0.0602059,0.30625,1.09864,1.53125
-0.0736541,0.371875,1.08816,1.4875
-0.0580281,0.109375,1.10483,1.4875
-0.0653707,0.021875,1.09639,1.225
-0.0465467,-0.109375,1.10336,1.4875
-0.045167,0.13125,1.09463,1.46562
-0.0528004,-0.109375,1.09898,1.46562
-0.0517115,-0.109375,1.10159,1.50937
-0.0416096,-0.04375,1.10943,1.61875
-0.049243,0.109375,1.10681,1.4875
-0.0565856,0.0875,1.10971,1.50937
-0.0613115,0.0875,1.10447,1.50937
-0.0366726,0.153125,1.10514,1.64062
-0.0527374,0.0875,1.097,1.50937
-0.0342041,0.065625,1.09873,1.70625
-0.0334059,0.065625,1.07401,1.53125
-0.0320263,0.21875,1.06761,1.77188
-0.0306467,0.021875,1.04725,1.4
-0.047293,0.04375,1.03222,1.575
-0.0142226,0.0875,1.0203,1.75
-0.0270893,0.04375,0.996448,1.46562
-0.0434448,-0.284375,0.988881,1.53125
-0.04788,-0.109375,0.966196,1.26875
-0.0409763,0.065625,0.945646,1.18125
-0.0401781,0,0.952035,1.46562
-0.0300763,-0.109375,0.915976,1.46562
-0.0374189,0.284375,0.915096,1.55313
-0.0421448,0.0875,0.914607,1.42188
-0.0352411,-0.0875,0.914018,1.35625
-0.0402578,-0.21875,0.91372,1.3125
-0.0563226,0.021875,0.91294,1.18125
-0.0374985,-0.04375,0.912061,1.26875
-0.0364096,-0.13125,0.911472,1.24687
-0.036193,0.109375,0.911855,1.15938
-0.0359763,-0.109375,0.912139,1.33438
-0.0296541,-0.153125,0.912131,1.26875
-0.0297281,-0.13125,0.912805,1.24687
-0.0350356,-0.175,0.912798,1.18125
-0.0609856,0.13125,0.913081,1.24687
-0.0346022,-0.175,0.913464,1.225
-0.0340948,0.109375,0.913457,1.33438
-0.0339781,-0.04375,0.91374,1.225
-0.0189337,-0.04375,0.913833,1.20312
-0.0271485,-0.065625,0.913826,1.18125
-0.0266411,-0.0875,0.913918,1.18125
-0.0406707,-0.0875,0.913911,1.225
-0.0169041,-0.109375,0.913903,1.18125
-0.0248281,-0.04375,0.913705,1.24687
0.00184593,-0.065625,0.913698,1.26875
-0.00607815,-0.04375,0.9135,1.225
0.00935704,-0.065625,0.913001,1.26875
0.00434037,-0.065625,0.912603,1.24687
-0.0034837,-0.065625,0.912205,1.29062
0.0205737,-0.065625,0.911707,1.225
0.0133311,-0.065625,0.910727,1.225
0.0142293,-0.065625,0.910329,1.18125
0.0150274,-0.065625,0.909831,1.20312
0.0162163,-0.153125,0.909142,1.29062
0.0510311,-0.196875,0.906709,1.00625
0.0478589,-0.021875,0.904466,1.37813
0.0242348,-0.196875,0.902324,1.15938
0.0585681,-0.065625,0.900472,1.29062
0.0622737,-0.021875,0.897166,0.853125
0.065207,0.04375,0.894633,1.26875
0.0524404,-0.0875,0.893363,1.11563
0.068357,-0.065625,0.892383,1.26875
0.0474496,-0.065625,0.890531,1.11563
0.0398163,0.04375,0.889842,1.225
0.0732774,0.04375,0.888763,1.29062
0.0743663,0.04375,0.888074,1.20312
0.0848589,-0.065625,0.886803,1.20312
0.0717015,-0.0875,0.885824,1.11563
0.0554459,-0.04375,0.885135,1.15938
0.0800848,-0.109375,0.884055,1.11563
0.0815644,-0.109375,0.883076,1.18125
0.0830441,-0.175,0.882096,1.1375
0.0844237,-0.13125,0.881116,1.15938
0.0797978,-0.0875,0.880427,1.15938
0.0869922,0.153125,0.879448,1.15938
0.0736441,-0.0875,0.878759,1.20312
0.0895607,-0.065625,0.863533,1.1375
0.0910404,-0.04375,0.87699,1.11563
0.0691607,-0.0875,0.876011,1.18125
0.0938996,-0.109375,0.875031,1.3125
0.0723107,-0.371875,0.873761,1.225
0.0985033,-0.240625,0.871327,1.20312
0.0870904,-0.2625,0.868894,1.11563
0.0894422,-0.240625,0.867042,1.46562
0.0823904,0.35,0.865772,1.15938
0.085033,0.065625,0.863629,1.20312
0.0786626,-0.371875,0.861777,1.26875
0.0989404,-0.04375,0.859344,1.11563
0.0838478,-0.04375,0.857492,0.853125
0.0863904,-0.371875,0.85535,1.15938
0.0887422,0.109375,0.853498,1.20312
0.108148,-0.371875,0.851937,1.26875
0.119222,0,0.850085,1.225
0.0944348,-0.459375,0.849105,0.896875
0.104637,-0.328125,0.848126,1.29062
0.0978756,-0.284375,0.846564,1.26875
0.0999367,-0.503125,0.845003,1.20312
0.0783478,0,0.843733,1.15938
0.0891311,-0.175,0.842172,1.11563
0.0986515,0.109375,0.841774,1.09375
0.0823959,-0.021875,0.841085,1.15938
0.0747626,0.04375,0.840396,1.29062
0.0939774,-0.109375,0.839126,1.07187
0.10437,-0.328125,0.837955,1.20312
0.106431,0,0.836394,1.37813
0.0900756,-0.30625,0.835705,1.35625
0.0918459,-0.04375,0.834435,0.765625
0.125498,-0.021875,0.833164,1.26875
0.0947052,-0.021875,0.832476,0.7875
0.0960848,-0.415625,0.831496,1.1375
0.106868,0.13125,0.830035,1.18125
0.108539,-0.371875,0.828764,1.24687
0.0867589,-0.35,0.827785,1.18125
0.119829,-0.021875,0.827096,1.07187
0.112877,-0.065625,0.825826,1.15938
0.12327,-0.13125,0.824555,0.896875
0.0924774,-0.175,0.823966,1.35625
0.140957,-0.13125,0.822405,0.875
0.127609,-0.153125,0.821716,1.24687
0.120266,-0.284375,0.820737,1.11563
0.104592,-0.13125,0.819566,1.20312
0.114694,-0.153125,0.818587,1.18125
0.133909,-0.30625,0.817316,0.875
0.135098,-0.175,0.816427,1.11563
0.119714,0.109375,0.814666,1.37813
0.122066,-0.2625,0.812614,1.09375
0.13314,-0.04375,0.810563,0.83125
0.135011,0.065625,0.809192,1.09375
0.151318,0.065625,0.807722,1.35625
0.153089,-0.240625,0.806251,1.225
0.154568,-0.459375,0.805072,1.3125
0.141611,-0.240625,0.803892,1.15938
0.14309,-0.30625,0.802713,1.05
0.153583,-0.240625,0.801242,1.15938
0.155935,-0.240625,0.79919,1.15938
0.164201,-0.065625,0.797139,0.765625
0.160157,-0.328125,0.795668,1.09375
0.152914,-0.153125,0.794489,1.33438
0.163116,-0.30625,0.793409,1.07187
0.170992,-0.48125,0.791648,1.11563
0.149313,-0.30625,0.790468,1.11563
0.150501,-0.35,0.789579,1.18125
0.175531,-0.35,0.788109,1.24687
0.153751,-0.0875,0.786929,0.678125
0.163953,-0.0875,0.78585,1.09375
0.148089,-0.39375,0.78467,1.09375
0.167013,-0.065625,0.78349,1.07187
0.145233,-0.21875,0.782311,1.09375
0.152527,-0.415625,0.781131,0.65625
0.154398,-0.48125,0.779761,1.29062
0.155005,-0.021875,0.779744,1.07187
0.164916,0,0.778855,1.11563
0.173955,-0.04375,0.778839,1.02812
0.133859,-0.328125,0.778531,1.09375
0.157535,-0.4375,0.778614,1.05
0.152327,-0.2625,0.778307,1.00625
0.176194,-0.371875,0.778,1.09375
0.136679,-0.240625,0.777111,1.00625
0.136996,-0.0875,0.777194,0.896875
0.146135,0,0.777177,0.984375
0.146451,-0.065625,0.777161,0.984375
0.146768,0,0.777244,1.26875
0.138653,-0.371875,0.776937,1.09375
0.139551,0.04375,0.776339,1.07187
0.14055,-0.2625,0.77584,1.00625
0.126039,-0.415625,0.776114,1.00625
0.126064,-0.13125,0.776389,0.984375
0.14935,-0.328125,0.776763,0.984375
0.132222,-0.459375,0.776746,0.984375
0.132348,-0.240625,0.77702,0.984375
0.140805,-0.371875,0.777685,0.984375
0.126294,-0.371875,0.777959,1.3125
0.12632,-0.35,0.778233,1.15938
0.118496,-0.35,0.777735,1.225
0.127926,-0.328125,0.777427,1.225
0.128533,0.04375,0.77722,1.07187
0.12914,-0.30625,0.776913,0.7
0.135272,-0.39375,0.776996,1.09375
0.121633,-0.35,0.776398,1.33438
0.130963,-0.13125,0.77609,1.02812
0.13167,-0.284375,0.775883,1.3125
0.132277,-0.39375,0.775576,1.05
0.132885,-0.0875,0.775368,0.9625
0.12477,-0.21875,0.775061,1.15938
0.139914,0.109375,0.774853,1.09375
0.134707,-0.2625,0.774546,0.721875
0.140939,-0.2625,0.774629,1.33438
0.1273,-0.240625,0.774031,1.33438
0.151457,-0.284375,0.773533,1.24687
0.137527,-0.04375,0.773226,1.18125
0.161685,-0.35,0.772727,1.00625
0.144848,-0.065625,0.77242,1.18125
0.172013,-0.21875,0.771922,0.984375
0.155176,-0.21875,0.771614,0.91875
0.147642,-0.21875,0.770826,1.20312
0.157553,-0.240625,0.769937,1.09375
0.158451,-0.459375,0.769339,0.590625
0.177285,0,0.76815,1.26875
0.169851,-0.021875,0.766961,1.225
0.179963,-0.35,0.765772,1.09375
0.196079,-0.4375,0.764192,0.984375
0.189037,-0.0875,0.762713,1.07187
0.184511,-0.175,0.761524,1.24687
0.200727,-0.021875,0.760044,0.678125
0.202016,-0.328125,0.758855,1.07187
0.221913,-0.4375,0.756403,1.05
0.215161,-0.153125,0.754633,1.05
0.199587,-0.175,0.752863,0.940625
0.232957,-0.503125,0.751674,0.9625
0.219127,-0.175,0.751066,0.91875
0.220516,-0.39375,0.749877,0.984375
0.236051,-0.21875,0.748879,0.984375
0.222613,-0.175,0.747981,0.984375
0.24687,-0.48125,0.747083,0.984375
0.2249,-0.35,0.745894,1.1375
0.23472,-0.2625,0.744996,0.984375
0.235718,-0.2625,0.744098,0.984375
0.242922,-0.240625,0.742909,1.02812
0.252642,-0.35,0.741911,1.00625
0.245018,-0.240625,0.741013,0.984375
0.240492,-0.371875,0.739824,1.00625
0.232768,-0.284375,0.738926,0.91875
0.280966,-0.35,0.737446,1.07187
0.250274,-0.240625,0.724918,0.984375
0.246139,-0.328125,0.735068,0.984375
0.229692,-0.21875,0.73417,1.00625
0.263063,-0.30625,0.732981,0.984375
0.249524,-0.35,0.732083,1.00625
0.250522,-0.30625,0.731476,1.00625
0.242898,-0.284375,0.730577,0.56875
0.28489,-0.415625,0.729389,0.91875
0.260985,-0.371875,0.727327,1.09375
0.248318,-0.371875,0.725557,0.940625
0.259301,-0.371875,0.723496,0.9625
0.275709,-0.35,0.721726,1.24687
0.263624,-0.328125,0.719374,0.984375
0.256872,-0.35,0.717894,1.07187
0.267464,-0.48125,0.716124,0.984375
0.260713,-0.175,0.714353,0.896875
0.270433,-0.371875,0.713455,0.809375
0.262709,-0.459375,0.712557,0.853125
0.255085,-0.371875,0.711659,0.896875
0.255792,-0.328125,0.711051,0.875
0.265613,-0.284375,0.710153,0.896875
0.275042,-0.21875,0.709546,0.525
0.258596,-0.371875,0.708648,0.940625
0.250681,-0.35,0.70804,0.91875
0.269414,-0.284375,0.706851,0.765625
0.26179,-0.284375,0.705953,1.00625
0.253776,-0.328125,0.705346,0.875
0.248959,-0.21875,0.704448,0.940625
0.255872,-0.21875,0.70365,0.940625
0.282746,-0.284375,0.703042,0.940625
0.2664,-0.284375,0.702144,0.896875
0.284842,-0.284375,0.701246,0.853125
0.267814,-0.284375,0.700929,0.896875
0.277635,-0.284375,0.700031,0.875
0.278342,-0.284375,0.699424,0.853125
0.270718,-0.284375,0.698526,0.875
0.256889,-0.35,0.698018,0.853125
0.272424,-0.284375,0.69712,0.853125
0.281953,-0.35,0.696513,0.940625
0.274229,-0.065625,0.695614,0.853125
0.28405,-0.065625,0.694716,0.853125
0.275744,-0.284375,0.6945,1.02812
0.294187,-0.328125,0.693601,0.875
0.27755,-0.240625,0.692994,0.853125
0.295992,-0.109375,0.692096,0.853125
0.265009,-0.240625,0.691198,0.853125
0.280353,-0.30625,0.69069,0.853125
0.272629,-0.30625,0.689792,0.853125
0.29059,-0.284375,0.689476,0.853125
0.274144,-0.30625,0.688577,0.875
0.283864,-0.175,0.687779,0.875
0.293394,-0.284375,0.687172,0.853125
0.28567,-0.21875,0.686274,0.875
0.286668,-0.240625,0.685376,0.875
0.288057,-0.240625,0.684287,0.853125
0.297777,-0.284375,0.683389,0.875
0.323007,-0.39375,0.681618,1.02812
0.277587,-0.546875,0.68052,0.853125
0.302044,-0.503125,0.679222,0.853125
0.293839,-0.503125,0.678505,0.875
0.30405,-0.525,0.676916,0.875
0.304957,-0.415625,0.675909,0.853125
0.306155,-0.525,0.674611,0.853125
0.298631,-0.4375,0.673313,0.875
0.322989,-0.415625,0.672014,0.940625
0.291914,-0.4375,0.671107,0.940625
0.319279,-0.4375,0.669809,1.05
0.320187,-0.4375,0.668801,0.896875
0.30394,-0.459375,0.667503,0.83125
0.305039,-0.4375,0.666205,0.853125
0.296933,-0.48125,0.665489,0.853125
0.298131,-0.4375,0.66419,0.853125
0.293224,-0.48125,0.663183,0.853125
0.308668,-0.459375,0.662176,0.809375
0.309476,-0.459375,0.661268,0.853125
0.327827,-0.503125,0.660261,0.853125
0.296753,-0.459375,0.659253,0.83125
0.303476,-0.48125,0.658246,0.853125
0.289846,-0.13125,0.657239,0.853125
0.313913,-0.503125,0.633263,0.83125
0.291561,-0.48125,0.655614,0.853125
0.30119,-0.371875,0.654607,0.83125
0.316344,-0.371875,0.65389,0.853125
0.302905,-0.39375,0.652592,0.809375
0.303813,-0.35,0.651585,0.809375
0.304429,-0.4375,0.650968,0.809375
0.305046,-0.48125,0.650251,0.853125
0.306244,-0.328125,0.648953,0.853125
0.306761,-0.371875,0.648237,0.83125
0.307668,-0.371875,0.647229,0.83125
0.29084,-0.21875,0.646613,0.853125
0.308611,-0.371875,0.646187,0.853125
0.292264,-0.459375,0.644889,0.896875
0.311198,-0.415625,0.6433,0.940625
0.295533,-0.525,0.64152,1.02812
0.297313,-0.678125,0.63964,0.984375
0.298411,-0.328125,0.638342,0.875
0.30775,-0.328125,0.637726,0.83125
0.290631,-0.546875,0.6373,0.875
0.291829,-0.415625,0.636001,0.83125
0.287213,-0.6125,0.634703,0.896875
0.302557,-0.590625,0.633796,0.896875
0.303755,-0.4375,0.632498,0.91875
0.290126,-0.678125,0.63149,0.809375
0.290742,-0.459375,0.630874,0.984375
0.29155,-0.503125,0.629866,0.875
0.292748,-0.546875,0.628568,0.809375
0.293364,-0.39375,0.627951,0.875
0.294563,-0.328125,0.626653,0.809375
0.286066,-0.48125,0.626227,0.83125
0.295405,-0.371875,0.625611,0.83125
0.310268,-0.459375,0.625185,0.7875
0.287044,-0.415625,0.62515,0.853125
0.287561,-0.240625,0.624433,0.809375
0.270151,-0.459375,0.624298,0.7875
0.296644,-0.371875,0.623972,0.83125
0.279235,-0.35,0.623837,0.809375
0.287892,-0.35,0.623701,0.853125
0.302755,-0.371875,0.623376,0.809375
0.303081,-0.503125,0.62295,0.875
0.280439,-0.30625,0.622333,0.896875
0.272524,-0.48125,0.621326,0.875
0.290585,-0.371875,0.620709,0.853125
0.300505,-0.39375,0.619411,0.853125
0.301413,-0.371875,0.618403,0.896875
0.293789,-0.13125,0.617205,0.91875
0.308651,-0.39375,0.616779,0.6125
0.271763,-0.4375,0.615872,0.940625
0.278485,-0.48125,0.614864,0.83125
0.287724,-0.371875,0.614248,0.853125
0.297353,-0.415625,0.61324,0.83125
0.29012,-0.459375,0.611751,1.07187
0.299359,-0.48125,0.611035,0.875
0.283113,-0.415625,0.609837,0.853125
0.283729,-0.35,0.60912,0.875
0.293068,-0.4375,0.608503,0.896875
0.293294,-0.4375,0.608077,0.896875
0.302924,-0.4375,0.60707,0.853125
0.286096,-0.2625,0.606353,0.896875
0.295726,-0.371875,0.605346,0.853125
0.288201,-0.459375,0.604048,0.91875
0.306553,-0.48125,0.60304,0.91875
0.290016,-0.56875,0.602033,0.83125
0.3168,-0.2625,0.601316,0.83125
0.308694,-0.6125,0.6006,1.02812
0.318033,-0.4375,0.599883,0.83125
0.310218,-0.109375,0.598876,0.7
0.319457,-0.7,0.598159,0.896875
0.302629,-0.7,0.597442,0.91875
0.294814,-0.459375,0.596435,0.896875
0.312876,-0.678125,0.595718,1.02812
0.313492,-0.04375,0.595001,1.1375
0.296664,-0.48125,0.594576,0.809375
0.314726,-0.415625,0.593859,0.83125
0.314761,-0.6125,0.593724,0.7875
0.306074,-0.459375,0.593589,0.74375
0.314831,-0.48125,0.593453,0.896875
0.306435,-0.546875,0.593027,0.765625
0.297748,-0.39375,0.592892,0.83125
0.292159,-0.459375,0.592466,0.74375
0.307022,-0.503125,0.59204,0.765625
0.298335,-0.371875,0.591905,0.7875
0.292555,-0.35,0.59177,0.74375
0.298114,-0.39375,0.591926,0.809375
0.29815,-0.415625,0.59179,0.765625
0.298185,-0.04375,0.591655,0.74375
0.283392,-0.48125,0.561674,0.678125
0.297964,-0.48125,0.592066,0.74375
0.291894,-0.525,0.592222,0.721875
0.291929,-0.328125,0.592087,0.7875
0.291574,-0.328125,0.592242,0.765625
0.305855,-0.415625,0.592398,0.7875
0.28234,-0.48125,0.592553,0.809375
0.296622,-0.7,0.592709,0.765625
0.290551,-0.39375,0.592864,0.809375
0.281864,-0.48125,0.592829,0.875
0.281318,-0.503125,0.593276,0.809375
0.281353,-0.503125,0.59314,0.809375
0.280807,-0.371875,0.593587,0.765625
0.289564,-0.196875,0.593451,0.896875
0.263914,-0.4375,0.592735,0.765625
0.272963,-0.415625,0.592409,1.02812
0.264566,-0.4375,0.591983,0.896875
0.282046,-0.21875,0.591848,0.765625
0.27365,-0.415625,0.591422,0.765625
0.273394,-0.56875,0.591577,0.83125
0.258892,-0.284375,0.591442,0.875
0.232761,-0.415625,0.591407,0.940625
0.264968,0.021875,0.590981,0.984375
0.264713,-0.240625,0.591137,0.35
0.258351,-0.415625,0.591583,0.765625
0.263329,-0.4375,0.59242,0.74375
0.262783,-0.48125,0.592866,0.546875
0.247409,-0.30625,0.593603,0.809375
0.229418,-0.371875,0.59405,0.7875
0.237594,-0.39375,0.594596,0.634375
0.245479,-0.371875,0.595333,0.74375
0.23582,-0.6125,0.59607,0.765625
0.252718,-0.415625,0.596516,0.634375
0.252172,-0.371875,0.597063,0.83125
0.23389,-0.4375,0.5978,0.7875
0.224622,-0.4375,0.598246,0.984375
0.249951,-0.30625,0.599083,0.809375
0.240392,-0.371875,0.59982,0.9625
0.231314,-0.371875,0.599976,0.875
0.254318,-0.284375,0.600231,0.765625
0.239526,-0.35,0.600387,0.809375
0.238979,-0.35,0.600833,0.875
0.253261,-0.30625,0.601089,0.48125
0.252714,-0.371875,0.601535,0.853125
0.246935,-0.30625,0.6014,0.83125
0.229135,-0.35,0.601655,1.07187
0.228298,-0.328125,0.602392,0.83125
0.237055,-0.13125,0.602257,0.809375
0.251337,-0.328125,0.602513,0.875
0.227822,-0.371875,0.602668,0.853125
0.244429,-0.328125,0.603405,0.809375
0.23487,-0.328125,0.604242,0.809375
0.242946,-0.35,0.604689,0.7875
0.224664,-0.30625,0.605526,0.721875
0.23284,-0.328125,0.605972,0.765625
0.24654,-0.328125,0.606709,0.765625
0.231166,-0.30625,0.607546,0.765625
0.239342,-0.284375,0.607992,0.765625
0.230655,-0.415625,0.607957,0.896875
0.230009,-0.284375,0.608403,0.91875
0.253013,-0.35,0.608659,0.875
0.244035,0.021875,0.608814,0.83125
0.252792,-0.39375,0.608779,0.896875
0.244105,-0.371875,0.608644,0.853125
0.24414,-0.2625,0.608509,0.853125
0.243494,-0.240625,0.609055,0.48125
0.243239,-0.371875,0.609211,0.7875
0.260818,-0.04375,0.609076,0.853125
0.252131,-0.590625,0.60884,0.56875
0.252166,-0.371875,0.608605,0.83125
0.260924,-0.240625,0.60837,0.809375
0.26949,-0.415625,0.608426,0.7875
0.2515,-0.35,0.608772,0.809375
0.259966,-0.21875,0.608827,0.7875
0.251089,-0.459375,0.608883,0.765625
0.274092,-0.196875,0.608939,0.7875
0.250868,-0.196875,0.608703,0.809375
0.259435,-0.546875,0.608759,0.875
0.267901,-0.415625,0.608914,0.678125
0.274042,-0.65625,0.608389,0.721875
0.28319,-0.371875,0.607863,0.940625
0.283807,-0.153125,0.607046,0.765625
0.274829,-0.48125,0.607101,0.809375
0.275155,-0.13125,0.606576,0.809375
0.292735,-0.503125,0.60634,0.765625
0.284048,-0.459375,0.606105,0.809375
0.316646,-0.4375,0.605389,0.765625
0.302244,-0.459375,0.605153,0.896875
0.308676,-0.109375,0.604337,0.83125
0.304059,-0.371875,0.602939,1.09375
0.304776,-0.6125,0.602122,1.00625
0.32022,-0.39375,0.601014,0.765625
0.312696,-0.4375,0.599716,0.48125
0.331048,-0.175,0.598609,1.07187
0.314611,-0.459375,0.597501,0.984375
0.341976,-0.525,0.596103,0.83125
0.311483,-0.459375,0.594414,0.896875
0.327318,-0.240625,0.593116,1.11563
0.319794,-0.525,0.591718,0.415625
0.353264,-0.48125,0.590029,1.07187
0.331203,-0.459375,0.588631,0.809375
0.350527,-0.459375,0.586651,0.48125
0.352307,-0.503125,0.584772,0.896875
0.359901,-0.65625,0.582792,0.721875
0.355094,-0.721875,0.581685,0.83125
0.356583,-0.328125,0.579996,0.91875
0.364177,-0.48125,0.578116,0.590625
0.365376,-0.35,0.576718,1.00625
0.366964,-0.546875,0.575029,0.875
0.345194,-0.371875,0.57344,1.07187
0.346392,-0.546875,0.572042,0.721875
0.37095,-0.546875,0.570644,0.765625
0.366042,-0.525,0.569537,0.74375
0.372764,-0.415625,0.56882,0.83125
0.382685,-0.503125,0.567422,0.74375
0.374679,-0.39375,0.566605,0.7
0.369481,-0.415625,0.565889,0.765625
0.370389,-0.48125,0.564781,0.765625
0.362283,-0.39375,0.563964,0.765625
0.371722,-0.459375,0.563248,0.721875
0.378444,-0.459375,0.56214,0.765625
0.373246,-0.4375,0.561324,0.83125
0.379677,-0.4375,0.537929,0.74375
0.366148,-0.415625,0.560081,0.74375
0.381301,-0.6125,0.559364,0.765625
0.35895,-0.525,0.558257,0.74375
0.400661,-0.6125,0.55715,0.7
0.369587,-0.546875,0.556142,0.721875
0.36119,-0.678125,0.555616,0.7875
0.352794,-0.48125,0.55519,0.765625
0.370955,-0.6125,0.554374,0.7
0.36285,-0.65625,0.553557,0.721875
0.354453,-0.6125,0.553131,0.7875
0.363501,-0.590625,0.552605,0.678125
0.364218,-0.415625,0.551889,0.7
0.355822,-0.525,0.551363,0.678125
0.350624,-0.65625,0.550646,0.809375
0.356764,-0.525,0.55012,0.74375
0.35719,-0.525,0.549594,0.721875
0.342979,-0.65625,0.549168,0.721875
0.357842,-0.525,0.548642,0.590625
0.326187,-0.56875,0.548216,0.765625
0.358203,-0.415625,0.547981,0.7
0.344383,-0.525,0.547264,0.721875
0.358955,-0.459375,0.547029,0.678125
0.353176,-0.503125,0.546894,0.721875
0.336057,-0.525,0.546368,0.65625
0.353637,-0.503125,0.546233,0.74375
0.353963,-0.503125,0.545707,0.678125
0.336553,-0.503125,0.545572,0.765625
0.336589,-0.39375,0.545337,0.721875
0.336724,-0.328125,0.545201,0.83125
0.321931,-0.371875,0.545257,0.678125
0.336503,-0.371875,0.545122,0.765625
0.327816,-0.371875,0.544987,0.721875
0.327661,-0.371875,0.545042,0.74375
0.336418,-0.525,0.544907,0.765625
0.321626,-0.415625,0.544963,0.765625
0.32137,-0.35,0.545118,0.765625
0.312392,-0.503125,0.545174,0.765625
0.32125,-0.525,0.545039,0.721875
0.312272,-0.503125,0.545194,0.765625
0.320739,-0.328125,0.54525,0.765625
0.326298,-0.39375,0.545405,0.7875
0.294161,-0.415625,0.545461,0.940625
0.31135,-0.39375,0.545416,0.896875
0.311194,-0.35,0.545372,0.721875
0.31947,-0.546875,0.545518,0.765625
0.32542,-0.4375,0.545183,0.809375
0.31945,-0.35,0.545139,0.721875
0.310572,-0.35,0.544994,0.765625
0.310607,-0.74375,0.544659,0.765625
0.31365,-0.48125,0.541416,0.371875
0.313203,-0.459375,0.541663,0.853125
0.322351,-0.503125,0.540937,0.83125
0.304751,-0.525,0.540892,0.765625
0.304596,-0.240625,0.540848,0.7875
0.313744,-0.415625,0.540222,0.678125
0.304766,-0.065625,0.540077,0.590625
0.304611,-0.678125,0.540033,0.809375
0.3219,-0.503125,0.539989,0.678125
0.3043,-0.48125,0.539944,0.56875
0.295131,-0.525,0.54009,0.56875
0.31242,-0.6125,0.540046,0.590625
0.294429,-0.39375,0.540292,0.678125
0.294274,-0.459375,0.540248,0.7
0.311563,-0.371875,0.540203,0.721875
0.311116,-0.371875,0.54035,0.678125
0.319683,-0.35,0.540305,0.74375
0.319237,-0.4375,0.540551,0.809375
0.301827,-0.371875,0.540216,0.74375
0.301381,-0.39375,0.540463,0.590625
0.300935,-0.39375,0.540609,0.721875
0.309501,-0.328125,0.540564,0.56875
0.291901,-0.48125,0.54052,0.765625
0.309772,-0.459375,0.539894,0.765625
0.301957,-0.48125,0.538687,0.678125
0.311105,-0.4375,0.538061,0.765625
0.3031,-0.415625,0.537144,0.74375
0.326785,-0.503125,0.536418,0.74375
0.312674,-0.4375,0.535792,0.678125
0.322113,-0.240625,0.534876,0.7875
0.327963,-0.459375,0.53454,0.83125
0.32897,-0.48125,0.533333,0.7
0.324163,-0.56875,0.532126,0.765625
0.324589,-0.459375,0.5315,0.940625
0.348564,-0.415625,0.530583,0.74375
0.34889,-0.48125,0.529957,0.678125
0.340885,-0.525,0.52894,0.7
0.34102,-0.4375,0.528605,0.74375
0.332433,-0.39375,0.52827,0.7
0.350303,-0.546875,0.527644,0.65625
0.318357,-0.415625,0.527309,0.896875
0.341461,-0.415625,0.527264,0.678125
0.359331,-0.371875,0.526639,0.678125
0.3333,-0.371875,0.526303,0.590625
0.350879,-0.371875,0.525968,0.65625
0.350914,-0.35,0.525633,0.678125
0.342618,-0.721875,0.525007,0.74375
0.343335,-0.525,0.52409,0.634375
0.329805,-0.525,0.522883,0.74375
0.362213,-0.7,0.522257,0.7
0.354398,-0.459375,0.52105,0.940625
0.347264,-0.6125,0.519261,0.765625
0.347981,-0.65625,0.518344,0.765625
0.348989,-0.634375,0.517137,0.765625
0.373255,-0.6125,0.515929,0.74375
0.350613,-0.525,0.515013,0.940625
0.374589,-0.459375,0.514096,0.765625
0.351755,-0.590625,0.51347,0.721875
0.360903,-0.56875,0.512844,0.678125
0.337489,-0.6125,0.5128,0.721875
0.361074,-0.503125,0.512174,0.634375
0.370222,-0.56875,0.511548,0.634375
0.376172,-0.590625,0.511213,0.590625
0.338511,-0.590625,0.510877,0.940625
0.371209,-0.415625,0.510061,0.678125
0.371244,-0.590625,0.509726,0.678125
0.377485,-0.678125,0.486131,0.634375
0.363374,-0.525,0.508764,0.678125
0.372522,-0.590625,0.508139,0.721875
0.355113,-0.48125,0.507803,0.678125
0.355248,-0.6125,0.507468,0.65625
0.364396,-0.525,0.506842,0.65625
0.373253,-0.590625,0.506507,0.678125
0.373579,-0.459375,0.505981,0.590625
0.364992,-0.6125,0.505646,0.590625
0.333146,-0.39375,0.505311,0.590625
0.3798,-0.590625,0.504976,0.634375
0.356676,-0.525,0.50464,0.678125
0.365433,-0.525,0.504305,0.590625
0.356846,-0.56875,0.50397,0.721875
0.35669,-0.39375,0.504026,0.678125
0.342289,-0.56875,0.50369,0.65625
0.365583,-0.546875,0.503355,0.634375
0.342168,-0.284375,0.503311,0.678125
0.342303,-0.284375,0.502976,0.7
0.342148,-0.284375,0.503031,0.6125
0.347998,-0.546875,0.502696,0.634375
0.347842,-0.328125,0.502651,0.721875
0.341872,-0.30625,0.502607,0.678125
0.347531,-0.30625,0.502563,0.590625
0.324016,-0.30625,0.502618,0.6125
0.341305,-0.328125,0.502574,0.65625
0.34115,-0.35,0.502529,0.65625
0.323259,-0.4375,0.502776,0.590625
0.31399,-0.35,0.503122,0.678125
0.322557,-0.35,0.503077,0.765625
0.322111,-0.415625,0.503324,0.634375
0.312942,-0.371875,0.50357,0.590625
0.306681,-0.371875,0.503716,0.590625
0.329785,-0.35,0.503572,0.765625
0.311894,-0.328125,0.503718,0.678125
0.328892,-0.48125,0.503864,0.590625
0.305287,-0.415625,0.504011,0.590625
0.295827,-0.503125,0.504448,0.74375
0.295381,-0.525,0.504594,0.634375
0.294644,-0.39375,0.505031,0.678125
0.285185,-0.39375,0.505468,0.634375
0.302283,-0.328125,0.505614,0.590625
0.301546,-0.415625,0.506051,0.6125
0.306624,-0.4375,0.506389,0.678125
0.29164,-0.371875,0.506535,0.65625
0.28189,-0.4375,0.507263,0.765625
0.298698,-0.4375,0.5077,0.590625
0.248535,-0.35,0.508137,0.7
0.271057,-0.4375,0.508574,0.634375
0.296196,-0.415625,0.509301,0.590625
0.269292,-0.35,0.509739,0.590625
0.268264,-0.415625,0.510466,0.765625
0.293794,-0.503125,0.510903,0.74375
0.252353,-0.415625,0.51134,0.721875
0.266153,-0.371875,0.511777,0.503125
0.273848,-0.371875,0.512505,0.328125
0.249851,-0.371875,0.512942,0.371875
0.225855,-0.4375,0.513379,0.765625
0.248187,-0.371875,0.514107,0.74375
0.230005,-0.371875,0.514544,0.83125
0.278694,-0.39375,0.514981,0.721875
0.222426,-0.328125,0.515709,0.940625
0.221689,-0.415625,0.516246,0.4375
0.235007,-0.30625,0.517264,0.721875
0.21072,-0.328125,0.517992,0.765625
0.250396,-0.328125,0.51872,0.74375
0.249368,-0.371875,0.519448,0.503125
0.239327,-0.415625,0.520466,0.765625
0.247022,-0.35,0.521194,0.678125
0.219537,-0.371875,0.522213,0.853125
0.218609,-0.371875,0.52294,0.721875
0.249272,-0.35,0.523959,0.721875
0.233416,-0.35,0.524977,0.765625
0.246926,-0.459375,0.525705,0.65625
0.239792,-0.328125,0.526824,0.940625
0.244579,-0.240625,0.527551,0.678125
0.228533,-0.39375,0.528861,0.284375
0.235937,-0.284375,0.529879,0.896875
0.179377,-0.284375,0.530898,0.39375
0.224577,-0.39375,0.531916,0.721875
0.205814,-0.48125,0.532935,0.74375
0.175422,-0.2625,0.534053,0.678125
0.234868,-0.240625,0.535363,0.7
0.172594,-0.2625,0.536381,0.765625
0.217794,-0.240625,0.5374,0.721875
0.169666,-0.35,0.538709,0.765625
0.229403,-0.240625,0.539727,0.7
0.166739,-0.240625,0.541137,0.7
0.220951,-0.21875,0.541864,0.74375
0.201898,-0.503125,0.543174,0.328125
0.223648,-0.328125,0.544483,0.459375
0.167089,-0.196875,0.545501,0.765625
0.159955,-0.13125,0.54662,0.590625
0.158637,-0.30625,0.547639,0.853125
0.21314,-0.2625,0.548076,0.7875
0.211531,-0.0875,0.549385,0.940625
0.22504,-0.2625,0.550213,0.74375
0.200172,0,0.551522,0.30625
0.181509,-0.459375,0.55254,0.83125
0.151407,-0.284375,0.553268,0.721875
0.164626,-0.503125,0.554387,0.765625
0.17232,-0.284375,0.555114,0.765625
0.208798,-0.328125,0.556133,0.7875
0.201955,-0.328125,0.556961,0.459375
0.200927,-0.284375,0.557689,0.765625
0.173151,-0.153125,0.558998,0.7875
0.166409,-0.13125,0.559726,0.590625
0.141831,-0.13125,0.560844,0.765625
0.219303,-0.13125,0.561572,0.853125
0.139485,-0.13125,0.56259,0.765625
0.176253,-0.153125,0.563418,0.7
0.19267,-0.30625,0.564146,1.09375
0.142216,-0.04375,0.564874,0.7
0.190614,-0.109375,0.565701,0.721875
0.203833,-0.109375,0.56672,0.721875
0.162201,-0.13125,0.567448,0.74375
0.155068,-0.109375,0.568566,0.721875
0.191837,-0.109375,0.569294,0.74375
0.158827,-0.0875,0.570022,0.765625
0.198213,-0.284375,0.57114,0.74375
0.196894,-0.0875,0.572159,0.74375
0.187435,-0.0875,0.572696,0.765625
0.163148,-0.0875,0.573424,0.721875
0.179564,-0.0875,0.574151,0.7875
0.201796,-0.065625,0.574979,0.74375
0.160164,-0.0875,0.575707,0.678125
0.159137,-0.065625,0.576535,0.765625
0.175553,-0.065625,0.577263,0.721875
0.206507,-0.284375,0.57799,0.765625
0.179603,-0.240625,0.578527,0.809375
0.178576,-0.04375,0.579255,0.765625
0.186561,-0.04375,0.579792,0.7875
0.162274,-0.30625,0.58052,0.809375
0.20224,-0.240625,0.581057,0.7875
0.169522,-0.04375,0.581494,0.765625
0.159772,-0.04375,0.582322,0.765625
0.205553,-0.240625,0.582759,0.83125
0.173226,-0.109375,0.583005,0.721875
0.17307,-0.240625,0.582761,0.83125
0.190459,0.065625,0.582516,0.809375
0.181581,0.0875,0.582272,0.875
0.190829,-0.0875,0.581446,0.74375
0.198814,0.0875,0.581883,0.765625
0.198177,-0.30625,0.58222,0.74375
0.203546,0.0875,0.582266,0.765625
0.17994,-0.35,0.582313,0.721875
0.196648,0.0875,0.58265,0.74375
0.196011,0.0875,0.583087,0.678125
0.20167,-0.35,0.582842,0.721875
0.201033,0.13125,0.583179,0.765625
0.209309,-0.30625,0.583226,0.721875
0.209253,0.04375,0.582981,0.809375
0.185548,0.021875,0.583127,0.74375
0.208461,0.04375,0.583174,0.765625
0.225459,-0.21875,0.58322,0.765625
0.198846,-0.30625,0.583266,0.83125
0.19879,-0.2625,0.583122,0.83125
0.198344,-0.590625,0.583168,0.39375
0.207011,-0.284375,0.582924,0.853125
0.197842,-0.371875,0.58307,0.809375
0.206509,-0.240625,0.582826,0.875
0.215076,-0.04375,0.582581,0.809375
0.223451,-0.240625,0.582627,0.809375
0.214864,-0.065625,0.582192,1.02812
0.224113,-0.328125,0.581366,0.74375
0.224539,-0.634375,0.58054,0.83125
0.224774,-0.065625,0.580105,0.809375
0.230724,-0.415625,0.57957,0.7875
0.230959,-0.109375,0.579035,0.853125
0.231094,-0.39375,0.5786,0.765625
0.231039,-0.13125,0.578355,0.765625
0.239896,-0.2625,0.57782,0.7875
0.231409,-0.196875,0.577385,0.765625
0.22602,-0.153125,0.576559,0.809375
0.249805,-0.153125,0.575733,0.896875
0.233077,-0.196875,0.574716,0.7875
0.233022,-0.175,0.574472,0.765625
0.250892,-0.415625,0.573646,0.7875
0.233583,-0.196875,0.573211,0.765625
0.26609,-0.196875,0.572385,0.809375
0.260411,-0.240625,0.57195,0.91875
0.252505,-0.30625,0.570833,0.721875
0.253513,-0.240625,0.569426,0.415625
0.254911,-0.35,0.567827,0.765625
0.255627,-0.328125,0.566711,0.940625
0.265748,-0.328125,0.565113,0.809375
0.272861,-0.328125,0.563414,0.809375
0.269026,-0.35,0.561235,0.7875
0.270324,-0.459375,0.559537,0.721875
0.276855,-0.30625,0.55842,0.7875
0.278544,-0.328125,0.556531,0.765625
0.289146,-0.39375,0.554251,0.74375
0.281822,-0.371875,0.552653,0.984375
0.292133,-0.35,0.550664,0.721875
0.2851,-0.35,0.548776,0.721875
0.294829,-0.328125,0.547368,0.35
0.287505,-0.328125,0.54577,0.765625
0.28357,-0.175,0.54349,0.83125
0.299696,-0.30625,0.541601,0.39375
0.286266,-0.48125,0.540194,0.678125
0.287855,-0.13125,0.538305,0.721875
0.294777,-0.4375,0.536898,0.765625
0.304798,-0.39375,0.5353,0.765625
0.297764,-0.56875,0.533311,0.765625
0.299353,-0.35,0.531422,0.284375
0.318096,-0.56875,0.529724,0.678125
0.30205,-0.284375,0.528126,0.328125
0.311779,-0.6125,0.526718,0.634375
0.29864,-0.371875,0.52512,0.7
0.314476,-0.30625,0.523522,0.765625
0.301046,-0.415625,0.522114,0.765625
0.2849,-0.4375,0.520516,0.721875
0.303351,-0.721875,0.519109,0.765625
0.318996,-0.4375,0.517801,0.74375
0.305757,-0.240625,0.516103,0.7875
0.306864,-0.765625,0.514796,0.7875
0.308163,0.13125,0.513198,0.328125
0.30927,-0.459375,0.51179,0.721875
0.300974,-0.459375,0.511064,0.896875
0.310703,0.0875,0.509657,0.940625
0.303089,-0.48125,0.50835,0.940625
0.295083,-0.634375,0.507333,0.875
0.327881,-0.4375,0.506216,0.678125
0.328889,-0.4375,0.504909,0.525
0.315068,-0.48125,0.503892,0.940625
0.315885,-0.503125,0.502776,0.678125
0.290435,-0.503125,0.501759,0.459375
0.308987,-0.415625,0.500351,0.765625
0.309703,-0.590625,0.499335,0.6125
0.310129,-0.503125,0.498609,0.590625
0.310655,-0.503125,0.497783,0.590625
0.319803,-0.459375,0.497057,0.590625
0.320039,-0.525,0.496622,0.678125
0.311742,-0.21875,0.495896,0.634375
0.294433,-0.415625,0.495361,0.7
0.320835,-0.21875,0.494926,0.678125
0.312539,-0.459375,0.4942,0.590625
0.295329,-0.678125,0.493664,0.678125
0.327737,-0.39375,0.492939,0.721875
0.305485,-0.30625,0.491631,0.7
0.30572,-0.546875,0.491196,0.678125
0.3233,-0.30625,0.490661,0.678125
0.306381,-0.30625,0.489935,0.6125
0.306516,-0.109375,0.4895,0.678125
0.29822,-0.459375,0.488774,0.678125
0.307759,-0.328125,0.487657,0.765625
0.317007,-0.415625,0.486831,0.678125
0.309001,-0.371875,0.485614,0.240625
0.327263,-0.371875,0.484498,0.678125
0.310535,-0.459375,0.483381,0.721875
0.329377,-0.415625,0.481683,0.328125
0.336009,-0.415625,0.480566,0.678125
0.331201,-0.4375,0.479159,0.678125
0.346846,-0.525,0.477751,0.83125
0.333126,-0.459375,0.476635,0.74375
0.339657,-0.4375,0.475518,0.678125
0.318087,-0.4375,0.473529,0.65625
0.336929,-0.546875,0.471831,0.634375
0.337937,-0.4375,0.470424,0.875
0.353581,-0.48125,0.469016,0.56875
0.346157,-0.4375,0.467318,0.415625
0.347555,-0.503125,0.46562,0.39375
0.342848,-0.546875,0.464313,0.7
0.335424,-0.721875,0.462614,0.721875
0.345544,-0.30625,0.460916,0.853125
0.361479,-0.2625,0.459218,0.74375
0.362487,-0.590625,0.457811,0.284375
0.355453,-0.525,0.455822,0.525
0.356461,-0.371875,0.454414,0.56875
0.374431,-0.634375,0.453589,0.56875
0.343266,-0.678125,0.452472,0.590625
0.366951,-0.48125,0.451646,0.590625
0.37649,-0.459375,0.450529,0.634375
0.368194,-0.74375,0.449703,0.7
0.369011,-0.590625,0.448587,0.65625
0.37884,-0.546875,0.447279,0.634375
0.370544,-0.590625,0.446453,0.678125
0.388805,-0.4375,0.445337,0.721875
0.372077,-0.503125,0.44422,0.634375
0.372894,-0.546875,0.443103,0.83125
0.392027,-0.546875,0.441114,0.590625
0.384894,-0.56875,0.439416,0.56875
0.37757,-0.590625,0.437718,0.590625
0.38759,-0.546875,0.43612,0.590625
0.371253,-0.6125,0.434713,0.634375
0.37207,-0.74375,0.433596,0.546875
0.398953,-0.634375,0.432479,0.546875
0.391048,-0.590625,0.431363,0.678125
0.359492,-0.7,0.430637,0.678125
0.392581,-0.56875,0.429229,0.590625
0.370429,-0.546875,0.427822,0.7875
0.385974,-0.503125,0.426414,0.634375
0.37865,-0.30625,0.425007,0.240625
0.388379,-0.65625,0.4237,0.48125
0.374659,-0.74375,0.422583,0.765625
0.38129,-0.546875,0.421757,0.6125
0.382589,-0.30625,0.420059,0.2625
0.383114,-0.56875,0.419233,0.590625
0.378307,-0.503125,0.410948,0.546875
0.379705,-0.525,0.416518,0.56875
0.354255,-0.459375,0.415401,0.7
0.372226,-0.35,0.384339,0.590625
0.355889,-0.39375,0.413559,0.546875
0.373468,-0.371875,0.413024,0.48125
0.36469,-0.415625,0.412779,0.525
0.356103,-0.4375,0.412635,0.525
0.365061,-0.328125,0.397563,0.546875
0.350659,-0.4375,0.411564,0.503125
0.356709,-0.590625,0.411029,0.371875
0.350839,-0.459375,0.410885,0.546875
0.333239,-0.459375,0.41064,0.590625
0.356442,-0.4375,0.410687,0.525
0.3653,-0.48125,0.407344,0.546875
0.32425,-0.459375,0.410298,0.546875
0.350261,-0.503125,0.410053,0.546875
0.341483,-0.48125,0.409909,0.546875
0.323401,-0.415625,0.410246,0.590625
0.332259,-0.503125,0.409711,0.546875
0.308944,-0.56875,0.409566,0.56875
0.308789,-0.4375,0.409322,0.56875
0.317746,-0.415625,0.408787,0.56875
0.323696,-0.415625,0.408351,0.546875
0.317244,-0.415625,0.408689,0.546875
0.308076,-0.39375,0.408835,0.546875
0.299007,-0.415625,0.409172,0.56875
0.306992,-0.459375,0.409509,0.590625
0.288911,-0.415625,0.409946,0.678125
0.282459,-0.39375,0.410283,0.74375
0.282013,-0.503125,0.410429,0.678125
0.272653,-0.39375,0.410766,0.546875
0.294885,-0.371875,0.411394,0.546875
0.279711,-0.525,0.411831,0.48125
0.278392,-0.48125,0.41275,0.459375
0.236761,-0.371875,0.413477,0.525
0.244455,-0.35,0.414105,0.525
0.281033,-0.328125,0.415124,0.503125
0.288437,-0.35,0.416042,0.74375
0.21715,-0.35,0.417251,0.56875
0.262059,-0.459375,0.418561,0.546875
0.243687,-0.328125,0.419189,0.525
0.213003,-0.503125,0.420498,0.525
0.240568,-0.371875,0.421707,0.175
0.2158,-0.30625,0.423016,0.546875
0.208376,-0.328125,0.424226,0.65625
0.206576,-0.240625,0.425826,0.546875
0.251485,-0.284375,0.426935,0.546875
0.203457,-0.30625,0.428144,0.48125
0.201657,-0.328125,0.429644,0.56875
0.200148,-0.240625,0.430853,0.6125
0.236044,-0.240625,0.432353,0.4375
0.196448,-0.240625,0.433853,0.634375
0.194939,-0.240625,0.434963,0.590625
0.263789,-0.240625,0.43559,0.56875
0.192111,-0.240625,0.43709,0.546875
0.190311,-0.35,0.43859,0.546875
0.188511,-0.240625,0.44009,0.634375
0.186711,-0.2625,0.44159,0.56875
0.184811,-0.240625,0.44309,0.56875
0.183011,-0.240625,0.44449,0.56875
0.181211,-0.4375,0.44599,0.459375
0.179311,-0.240625,0.44749,0.809375
0.177511,-0.39375,0.44899,0.853125
0.175711,-0.284375,0.45049,0.459375
0.173911,-0.175,0.45199,0.35
0.172011,-0.13125,0.45349,0.525
0.170211,-0.328125,0.45499,0.35
0.168411,-0.284375,0.45649,0.634375
0.166511,-0.21875,0.45799,0.875
0.164711,-0.240625,0.45949,0.30625
0.162911,-0.39375,0.46099,0.634375
0.161111,-0.328125,0.46239,0.853125
0.159211,-0.196875,0.46389,0.56875
0.157411,-0.196875,0.46539,0.525
0.155611,-0.30625,0.46689,0.56875
0.153711,-0.21875,0.46839,0.590625
0.151911,-0.175,0.46989,0.48125
0.150111,-0.21875,0.47139,0.678125
0.148311,-0.21875,0.47289,0.590625
0.146411,-0.30625,0.47439,0.590625
0.144901,-0.284375,0.4756,0.634375
0.143101,-0.175,0.4771,0.56875
0.141201,-0.196875,0.4786,0.56875
0.139401,-0.153125,0.4801,0.634375
0.137601,-0.240625,0.4816,0.56875
0.135701,-0.153125,0.4831,0.546875
0.133901,-0.35,0.4846,0.7875
0.132101,-0.30625,0.4861,0.65625
0.185733,-0.284375,0.487309,0.634375
0.128692,-0.2625,0.488809,0.590625
0.126892,-0.284375,0.490409,0.634375
0.125092,-0.30625,0.491909,0.65625
0.123192,-0.175,0.493409,0.6125
0.121392,-0.153125,0.494909,0.634375
0.119592,-0.153125,0.496409,0.634375
0.117692,-0.13125,0.497909,0.634375
0.116183,-0.109375,0.499118,0.65625
0.114383,-0.109375,0.500618,0.678125
0.112483,-0.175,0.502118,0.65625
0.110683,-0.13125,0.503618,0.634375
0.108883,-0.13125,0.505118,0.634375
0.106983,-0.13125,0.506718,0.65625
0.105183,-0.13125,0.508218,0.634375
0.103383,-0.240625,0.509718,0.721875
0.101774,-0.13125,0.510927,0.634375
0.0999737,-0.109375,0.512427,0.56875
0.0981737,-0.240625,0.513927,0.7
0.0962737,-0.109375,0.515427,0.74375
0.0944737,-0.109375,0.517027,0.721875
0.0926737,-0.13125,0.518527,0.65625
0.0910644,-0.021875,0.519737,0.634375
0.0892644,0.21875,0.521237,0.634375
0.0874644,-0.2625,0.522737,0.721875
0.0855644,-0.30625,0.524237,0.65625
0.0837644,-0.13125,0.525837,0.65625
0.0822552,0.196875,0.527046,0.56875
0.0803552,-0.240625,0.528546,0.721875
0.0785552,-0.175,0.530046,0.765625
0.0767552,-0.021875,0.531546,0.765625
0.0748552,-0.13125,0.533146,0.721875
0.0791607,-0.196875,0.534355,0.74375
0.118064,-0.21875,0.535855,0.765625
0.0696459,-0.109375,0.537355,0.65625
0.0678459,-0.13125,0.538955,0.7
0.0659459,-0.240625,0.540455,0.721875
0.0641459,-0.196875,0.541955,0.74375
0.0623459,-0.175,0.543455,0.74375
0.115977,-0.21875,0.544764,0.74375
0.0589367,-0.196875,0.546264,0.721875
0.0571367,-0.2625,0.547764,0.765625
0.0552367,-0.2625,0.549264,0.721875
0.0534367,-0.196875,0.550864,0.721875
0.0516367,-0.21875,0.552364,0.809375
0.0497367,-0.2625,0.553864,0.7875
0.0479367,-0.284375,0.555464,0.7875
0.0463274,-0.109375,0.556674,0.74375
0.0448181,-0.0875,0.557883,0.721875
0.0430181,-0.240625,0.559483,0.7875
0.0411181,-0.21875,0.560983,0.74375
0.0393181,-0.240625,0.562483,0.7875
0.0375181,-0.240625,0.563983,0.809375
0.0356181,-0.240625,0.565583,0.74375
0.0338181,-0.39375,0.567083,0.74375
0.0319181,-0.284375,0.568583,0.721875
0.0301181,-0.109375,0.570183,0.678125
0.0283181,-0.21875,0.571683,0.809375
0.0264181,-0.21875,0.573183,0.74375
0.0246181,0.415625,0.574783,0.896875
0.0228181,0.415625,0.576283,0.721875
0.0209181,-0.2625,0.577783,0.74375
0.0191181,-0.284375,0.579383,0.765625
0.0173181,-0.2625,0.580883,0.765625
0.0302459,-0.109375,0.582092,0.74375
0.0139089,0.21875,0.583692,0.765625
0.0120089,0.30625,0.585192,0.721875
0.0102089,0.13125,0.586692,0.765625
0.00840889,-0.21875,0.588292,0.765625
0.00650889,-0.240625,0.589792,0.83125
0.00470889,-0.240625,0.591392,0.809375
0.00280889,-0.240625,0.592892,0.875
0.00100889,-0.175,0.594392,0.83125
-0.000791111,-0.175,0.595992,0.853125
-0.00269111,0.21875,0.597492,0.74375
-0.00449111,-0.30625,0.599092,0.7875
-0.00639111,0.2625,0.600592,0.853125
-0.00819111,-0.240625,0.602192,0.875
-0.00999111,0.30625,0.603692,0.83125
-0.0118911,0.284375,0.605192,0.83125
-0.0136911,-0.0875,0.606792,1.05
0.0224959,-0.153125,0.608001,0.809375
-0.0171004,0.0875,0.609601,0.7875
-0.0189004,0.196875,0.611101,0.853125
-0.0208004,0.240625,0.612701,0.83125
-0.0226004,0.284375,0.644439,0.74375
-0.0245004,-0.0875,0.615511,0.83125
-0.0263004,0.240625,0.617011,0.809375
-0.0281004,0.30625,0.64187,0.765625
-0.0300004,0.240625,0.620111,0.809375
-0.0318004,0.240625,0.621711,0.853125
-0.0337004,-0.175,0.623211,0.853125
-0.0355004,0.21875,0.624811,0.853125
-0.0373004,0.21875,0.626311,0.83125
-0.0156504,-0.196875,0.62762,0.853125
-0.0407096,0.175,0.62912,0.721875
-0.0426096,0.21875,0.63072,0.853125
-0.0444096,-0.175,0.63222,0.853125
-0.0463096,0.2625,0.63382,0.875
-0.0481096,-0.196875,0.63542,0.91875
-0.0499096,-0.175,0.63692,0.809375
-0.0518096,0.13125,0.63852,0.7875
-0.0536096,-0.196875,0.64002,0.896875
-0.0555096,0.04375,0.64162,0.853125
-0.0573096,-0.175,0.64312,0.875
-0.0592096,-0.175,0.64472,0.91875
-0.0610096,-0.175,0.64632,0.984375
-0.0628096,0.153125,0.64782,0.809375
-0.0644189,0.0875,0.649129,0.91875
-0.0662189,-0.175,0.650629,0.896875
-0.0681189,-0.175,0.652229,0.940625
-0.0699189,-0.175,0.653829,0.875
-0.0718189,-0.175,0.655329,0.940625
-0.0736189,-0.175,0.656929,0.853125
-0.0755189,-0.175,0.658529,0.940625
-0.0773189,-0.175,0.660029,0.940625
-0.0791189,-0.196875,0.661629,0.896875
-0.0254874,-0.196875,0.665555,0.940625
-0.0825281,-0.240625,0.664148,0.940625
-0.0844281,-0.175,0.665748,0.940625
-0.0862281,-0.175,0.667348,0.940625
-0.0881281,-0.0875,0.668848,0.875
-0.0899281,-0.021875,0.670448,0.91875
-0.0918281,-0.196875,0.672048,0.896875
-0.0936281,-0.0875,0.673548,0.940625
-0.0955281,0.371875,0.675148,0.896875
-0.0973281,-0.0875,0.676748,0.875
-0.0992281,0.240625,0.678348,0.853125
-0.101028,-0.021875,0.679848,0.940625
-0.102637,-0.0875,0.681257,0.940625
-0.104437,-0.153125,0.682857,0.74375
-0.106337,0.21875,0.684457,0.853125
-0.108237,-0.065625,0.686157,0.896875
-0.110037,0.153125,0.687757,0.940625
-0.111937,-0.0875,0.689357,0.940625
-0.113837,-0.109375,0.691057,0.940625
-0.115637,-0.240625,0.692657,0.940625
-0.117537,-0.021875,0.694257,0.896875
-0.119437,0.240625,0.695957,0.91875
-0.121237,-0.0875,0.697557,0.984375
-0.123137,-0.196875,0.699257,1.05
-0.125037,-0.021875,0.700857,0.853125
-0.126837,-0.065625,0.702457,0.940625
-0.128737,-0.04375,0.704157,0.940625
-0.130637,-0.0875,0.705757,0.940625
-0.0769059,0.21875,0.707066,0.91875
-0.134047,0.175,0.708766,1.07187
-0.135947,0.30625,0.710366,0.940625
-0.137747,0.175,0.712066,0.940625
-0.139647,0.2625,0.713666,0.940625
-0.141547,0.196875,0.715076,0.940625
-0.143347,-0.04375,0.716676,0.940625
-0.145247,0.30625,0.718276,1.09375
-0.147147,-0.021875,0.719976,0.940625
-0.148947,-0.065625,0.721576,0.940625
-0.150847,0.240625,0.723276,0.940625
-0.152747,0.240625,0.724876,1.00625
-0.154547,0.284375,0.726576,0.940625
-0.156447,0.21875,0.728176,0.940625
-0.158347,0.21875,0.729876,1.05
-0.160247,0.21875,0.733801,1.00625
-0.161756,0.284375,0.732303,1.00625
-0.117137,0.415625,0.733903,0.940625
-0.165556,0.175,0.735603,0.984375
-0.167356,0.21875,0.737203,1.07187
-0.169256,0.284375,0.738903,1.05
-0.171156,0.175,0.740503,1.07187
-0.172956,0.21875,0.741913,1.05
-0.174856,0.21875,0.743513,1.07187
-0.176756,0.21875,0.745213,1.00625
-0.178656,0.284375,0.746813,1.02812
-0.151091,0.328125,0.748222,1.07187
-0.182065,0.284375,0.749822,1.00625
-0.183965,0.284375,0.751522,1.02812
-0.185765,0.284375,0.753222,1.02812
-0.187665,0.284375,0.754822,1.09375
-0.189565,0.284375,0.756522,1.07187
-0.190784,0.284375,0.75754,1.09375
-0.192684,0.30625,0.75924,1.02812
-0.194584,0.30625,0.76094,1.00625
-0.196484,0.30625,0.76254,1.00625
-0.198284,0.30625,0.778487,1.00625
-0.200184,0.35,0.76555,1.00625
-0.172719,0.30625,0.766959,1.07187
-0.203693,0.328125,0.768659,0.984375
-0.205493,0.35,0.770259,1.02812
-0.207393,0.328125,0.771959,1.02812
-0.209293,0.328125,0.773659,0.984375
-0.211093,0.328125,0.775259,1.00625
-0.212993,0.284375,0.776959,1.02812
-0.214893,0.30625,0.778659,0.940625
-0.193243,0.328125,0.779968,1.02812
-0.218302,0.328125,0.781668,0.91875
-0.220202,0.328125,0.783077,1.00625
-0.222102,0.35,0.784577,1.15938
-0.223902,0.328125,0.786177,1.11563
-0.225702,0.35,0.787677,1.15938
-0.171971,0.371875,0.788887,1.07187
-0.229111,0.371875,0.790387,1.1375
-0.230911,0.328125,0.791887,1.07187
-0.232711,0.503125,0.793487,1.02812
-0.234511,0.371875,0.794696,1.02812
-0.236411,0.4375,0.796196,1.02812
-0.237921,0.4375,0.797405,1.02812
-0.239721,0.39375,0.798905,1.02812
-0.241621,0.39375,0.800505,1.05
-0.243421,0.48125,0.802005,1.07187
-0.245221,0.371875,0.803505,1.09375
-0.247021,0.415625,0.805005,1.02812
-0.248921,0.328125,0.806605,1.05
-0.250721,0.415625,0.808105,1.09375
-0.237693,0.525,0.809314,1.00625
-0.25413,0.503125,0.810814,0.91875
-0.25593,0.371875,0.812414,1.05
-0.25773,0.415625,0.813914,1.05
-0.25953,0.459375,0.815414,1.07187
-0.26143,0.371875,0.817014,1.00625
-0.26323,0.328125,0.818514,1.05
-0.26503,0.459375,0.820014,1.02812
-0.266639,0.459375,0.821224,1.09375
-0.268439,0.39375,0.822824,1.11563
-0.270239,0.39375,0.824033,1.1375
-0.272039,0.39375,0.825533,1.05
-0.273939,0.48125,0.827133,1.15938
-0.275739,0.021875,0.828633,1.07187
-0.277249,0.56875,0.829842,1.18125
-0.279149,0.4375,0.831442,1.07187
-0.280949,0.459375,0.832942,1.09375
-0.282749,0.459375,0.834542,1.11563
-0.284649,0.371875,0.836042,1.11563
-0.230917,0.415625,0.836961,1.20312
-0.287958,0.371875,0.845829,1.09375
-0.289758,0.4375,0.840061,1.18125
-0.291658,0.459375,0.841561,1.15938
-0.293458,0.4375,0.843161,1.07187
-0.294967,0.503125,0.84437,1.20312
-0.291052,0.634375,0.848587,1.09375
-0.298667,0.328125,0.847179,1.07187
-0.300467,0.525,0.848679,1.20312
-0.302367,0.39375,0.850279,1.18125
-0.303876,0.503125,0.851198,1.15938
