4.200000000000000000e+01 1.050000000000000000e+02
4.300000000000000000e+01 1.030000000000000000e+02
4.300000000000000000e+01 1.020000000000000000e+02
4.300000000000000000e+01 1.000000000000000000e+02
4.300000000000000000e+01 9.900000000000000000e+01
4.300000000000000000e+01 9.400000000000000000e+01
4.300000000000000000e+01 9.300000000000000000e+01
4.300000000000000000e+01 9.000000000000000000e+01
4.400000000000000000e+01 8.900000000000000000e+01
4.400000000000000000e+01 8.700000000000000000e+01
4.400000000000000000e+01 8.600000000000000000e+01
4.300000000000000000e+01 8.400000000000000000e+01
4.200000000000000000e+01 8.300000000000000000e+01
4.100000000000000000e+01 8.400000000000000000e+01
