7.000000000000000000e+01 1.900000000000000000e+01
7.100000000000000000e+01 2.000000000000000000e+01
7.200000000000000000e+01 2.000000000000000000e+01
7.500000000000000000e+01 2.000000000000000000e+01
7.600000000000000000e+01 2.000000000000000000e+01
7.900000000000000000e+01 1.900000000000000000e+01
8.000000000000000000e+01 1.900000000000000000e+01
8.300000000000000000e+01 1.800000000000000000e+01
8.400000000000000000e+01 1.800000000000000000e+01
8.600000000000000000e+01 1.800000000000000000e+01
8.700000000000000000e+01 1.800000000000000000e+01
9.000000000000000000e+01 1.800000000000000000e+01
9.100000000000000000e+01 1.800000000000000000e+01
9.400000000000000000e+01 1.800000000000000000e+01
9.500000000000000000e+01 1.800000000000000000e+01
9.700000000000000000e+01 1.800000000000000000e+01
