torque_1,torque_1_t,torque_2,torque_2_t
0.890944,0.04375,-0.98149,0.065625
0.845966,-0.56875,-0.976616,-0.503125
0.818051,-0.56875,-0.970779,-0.590625
0.797114,-0.765625,-1.0007,-0.765625
0.82017,-0.809375,-0.980129,-0.853125
0.832377,-0.91875,-0.997841,-0.940625
0.82694,-0.9625,-0.992677,-1.02812
0.775184,-1.07187,-0.988293,-1.07187
0.769947,-0.984375,-0.996212,-1.1375
0.811029,-1.05,-1.00666,-1.1375
0.805792,-1.05,-1.00004,-1.18125
0.753836,-1.11563,-1.00467,-1.18125
0.754414,-1.05,-1.00415,-1.18125
0.748596,-1.02812,-0.990177,-1.225
0.792584,-1.07187,-0.966404,-1.225
0.761762,-1.07187,-0.96173,-1.24687
0.782492,-1.02812,-0.941447,-1.26875
0.769114,-1.05,-0.921654,-1.26875
0.787136,-1.11563,-0.911838,-1.20312
0.767162,-1.09375,-0.880125,-1.24687
0.76774,-1.05,-0.872343,-1.26875
0.763084,-1.02812,-0.84828,-1.24687
0.697173,-1.07187,-0.820347,-1.26875
0.739036,-0.896875,-0.821579,-1.4
0.734381,-1.07187,-0.795971,-1.225
0.745225,-1.15938,-0.774816,-1.20312
0.749873,-1.00625,-0.74581,-1.24687
0.763825,-1.05,-0.728634,-1.11563
0.766529,-0.984375,-0.72376,-1.15938
0.764199,-1.02812,-0.682253,-1.1375
0.769429,-1.18125,-0.672927,-1.05
0.775621,-1.02812,-0.649154,-1.09375
0.77271,-1.15938,-0.632651,-0.984375
0.745959,-1.15938,-0.60946,-0.984375
0.766107,-1.05,-0.599934,-0.940625
0.755055,-1.02812,-0.586338,-0.91875
0.76997,-1.07187,-0.573995,-0.896875
0.758918,-1.05,-0.548769,-0.896875
0.770544,-1.05,-0.543895,-0.83125
0.754059,-1.00625,-0.540184,-0.875
0.741844,-1.24687,-0.555662,-0.74375
0.763155,-0.896875,-0.531599,-0.765625
0.75501,-1.00625,-0.547077,-0.721875
0.752681,-1.02812,-0.542784,-0.721875
0.755966,-0.984375,-0.538491,-0.721875
0.730377,-1.09375,-0.540104,-0.56875
0.736188,-0.940625,-0.518077,-0.7875
0.724355,-1.29062,-0.532391,-0.721875
0.706907,-0.940625,-0.526354,-0.7
0.726473,-0.91875,-0.503745,-0.7875
0.723562,-0.940625,-0.512917,-0.7875
0.69681,-0.940625,-0.505717,-0.634375
0.676255,-0.875,-0.510147,-0.765625
0.689625,-0.9625,-0.498004,-0.678125
0.67741,-0.940625,-0.487697,-0.7
0.673718,-0.875,-0.479916,-0.634375
0.670225,-0.875,-0.463993,-0.74375
0.648125,-0.896875,-0.460573,-0.678125
0.638036,-0.875,-0.441543,-0.765625
0.639777,-1.00625,-0.429982,-0.678125
0.635703,-0.809375,-0.430632,-0.634375
0.599066,-0.809375,-0.420325,-0.721875
0.602933,-0.896875,-0.405566,-0.590625
0.616303,-0.83125,-0.404471,-0.590625
0.626184,-0.896875,-0.377882,-0.634375
0.597488,-0.809375,-0.368938,-0.678125
0.583529,-0.896875,-0.362901,-0.546875
0.541077,-0.809375,-0.357245,-0.678125
0.564714,-0.765625,-0.351208,-0.546875
0.577503,-0.765625,-0.345753,-0.590625
0.580988,-0.875,-0.339516,-0.546875
0.535629,-0.7875,-0.33426,-0.503125
0.544929,-0.74375,-0.328223,-0.48125
0.53911,-0.83125,-0.321604,-0.503125
0.504799,-0.74375,-0.315567,-0.459375
0.528055,-0.678125,-0.308949,-0.546875
0.554799,-0.7875,-0.302912,-0.4375
0.526303,-0.7,-0.296875,-0.525
0.48327,-0.809375,-0.291038,-0.459375
0.52397,-0.634375,-0.284419,-0.590625
0.471633,-0.7875,-0.277801,-0.39375
0.480933,-0.65625,-0.271764,-0.525
0.521633,-0.74375,-0.265145,-0.371875
0.509999,-0.65625,-0.258527,-0.503125
0.478596,-0.415625,-0.25249,-0.503125
0.444284,-0.6125,-0.246453,-0.415625
0.493707,-0.74375,-0.239834,-0.21875
0.433229,-0.590625,-0.233797,-0.459375
0.465207,-0.65625,-0.227179,-0.371875
0.427988,-0.6125,-0.221141,-0.4375
0.462873,-0.678125,-0.215104,-0.284375
0.411118,-0.56875,-0.209067,-0.328125
0.434955,-0.590625,-0.20303,-0.371875
0.429136,-0.634375,-0.196412,-0.284375
0.450066,-0.546875,-0.190375,-0.284375
0.427384,-0.56875,-0.184338,-0.284375
0.43087,-0.525,-0.178301,-0.2625
0.378533,-0.6125,-0.171682,-0.4375
0.373877,-0.503125,-0.143549,-0.21875
0.383177,-0.590625,-0.160771,-0.2625
0.409921,-0.48125,-0.154734,-0.2625
0.419803,-0.590625,-0.149279,-0.240625
0.408751,-0.503125,-0.143041,-0.35
0.404096,-0.56875,-0.137586,-0.2625
0.390336,-0.74375,-0.131549,-0.415625
0.352536,-0.7,-0.12493,-0.240625
0.394399,-0.65625,-0.119475,-0.153125
0.342644,-0.546875,-0.113438,-0.109375
0.379273,-0.48125,-0.108564,-0.284375
0.348451,-0.56875,-0.102908,-0.371875
0.337981,-0.503125,-0.0976526,-0.30625
0.324221,-0.721875,-0.0916156,-0.153125
0.36027,-0.503125,-0.08616,-0.153125
0.355033,-0.525,-0.080123,0
0.356192,-0.525,-0.0746674,-0.153125
0.328477,-0.503125,-0.0692119,-0.153125
0.341266,-0.503125,-0.0637563,0
0.327888,-0.525,-0.0585007,0
0.31451,-0.459375,-0.0530452,-0.153125
0.333314,-0.48125,-0.0475896,-0.153125
0.337381,-0.48125,-0.0427156,-0.284375
0.324003,-0.48125,-0.03726,0.065625
0.287366,-0.328125,-0.0318044,-0.196875
0.324196,-0.4375,-0.0269304,0.065625
0.273021,-0.4375,-0.0214748,-0.196875
0.291625,-0.4375,-0.0160193,-0.39375
0.270307,-0.525,-0.0111452,0.065625
0.297633,-0.371875,-0.00568963,-0.240625
0.302281,-0.4375,-0.000815556,0.0875
0.298207,-0.56875,0.00405852,0.0875
0.262351,-0.328125,0.00893259,0.065625
0.248973,-0.21875,0.0143881,0.0875
0.244318,-0.2625,0.0198437,0.196875
0.290451,-0.328125,0.0241363,-0.04375
0.295099,-0.35,0.0290104,0.0875
0.264859,-0.4375,0.0338844,0.153125
0.254588,-0.328125,0.03934,0.0875
0.23307,-0.371875,0.0442141,-0.153125
0.247021,-0.503125,0.0485067,0.0875
0.266988,-0.4375,0.0529993,0.109375
0.254773,-0.175,0.0572919,-0.175
0.22744,-0.371875,0.0621659,0.109375
0.247407,-0.48125,0.0664585,0.021875
0.243914,-0.371875,0.0707511,0.109375
0.249144,-0.109375,0.0750437,0.109375
0.228407,-0.371875,0.0793363,0
0.242359,-0.35,0.0838289,-0.04375
0.239447,-0.371875,0.08754,0.0875
0.236155,-0.284375,0.0918326,0.175
0.215218,-0.284375,0.0961252,0.109375
0.22937,-0.328125,0.100418,0.109375
0.235181,-0.415625,0.104129,0.109375
0.23227,-0.35,0.10804,0.13125
0.228977,-0.56875,0.112333,0.196875
0.217344,-0.30625,0.116044,0.13125
0.22917,-0.525,0.119755,0.153125
0.220444,-0.546875,0.123666,0.13125
0.222766,-0.240625,0.127959,0.21875
0.196796,-0.284375,0.13167,0.13125
0.21191,-0.328125,0.134799,0.153125
0.208618,-0.35,0.139092,0.196875
0.205907,-0.328125,0.142803,0.153125
0.202996,-0.371875,0.146314,0.196875
0.200284,-0.284375,0.150025,0.175
0.203188,-0.65625,0.153736,0.196875
0.201059,-0.328125,0.156866,0.21875
0.198929,-0.284375,0.159796,0.196875
0.196018,-0.284375,0.163507,0.196875
0.19447,-0.284375,0.166055,0.30625
0.201062,-0.371875,0.169184,0.175
0.207455,-0.30625,0.172114,0.175
0.204744,-0.04375,0.175825,0.175
0.211336,-0.30625,0.178955,0.196875
0.215403,-0.39375,0.181503,0.175
0.198155,-0.328125,0.185214,0.240625
0.210562,-0.0875,0.188344,0.196875
0.208233,-0.2625,0.191473,0.196875
0.20087,-0.109375,0.193821,0.21875
0.190018,-0.371875,0.196951,0.240625
0.178966,-0.13125,0.200081,0.240625
0.200677,-0.328125,0.202629,0.240625
0.193314,-0.196875,0.205177,0.240625
0.197581,-0.175,0.207725,0.21875
0.195833,-0.153125,0.210273,0.240625
0.187307,-0.328125,0.213984,0.240625
0.192155,-0.175,0.215951,0.2625
0.190407,-0.35,0.218499,0.2625
0.198162,-0.196875,0.220466,0.30625
0.196614,-0.196875,0.223014,0.2625
0.172188,-0.35,0.224981,0.240625
0.211925,-0.328125,0.226947,0.39375
0.202818,-0.30625,0.228333,0.30625
0.202433,-0.21875,0.229718,0.2625
0.201847,-0.415625,0.231103,0.284375
0.210766,-0.371875,0.231907,0.30625
0.215614,-0.371875,0.233873,0.2625
0.201273,-0.284375,0.234677,0.2625
0.191966,-0.30625,0.236062,0.109375
0.209607,-0.2625,0.236866,0.30625
0.215618,-0.284375,0.23767,0.30625
0.232677,-0.30625,0.239055,0.35
0.215229,-0.2625,0.239859,0.30625
0.25671,-0.30625,0.240081,0.328125
0.24237,-0.35,0.240884,0.30625
0.265825,-0.415625,0.241688,0.284375
0.243144,-0.35,0.24211,0.30625
0.226477,-0.30625,0.242333,0.30625
0.260399,-0.2625,0.241392,0.30625
0.253036,-0.2625,0.241033,0.30625
0.272421,-0.415625,0.240092,0.30625
0.264859,-0.459375,0.239733,0.30625
0.275521,-0.21875,0.238992,0.30625
0.291999,-0.284375,0.238051,0.30625
0.260796,-0.48125,0.238273,0.328125
0.280762,-0.240625,0.236751,0.284375
0.290644,-0.459375,0.236392,0.30625
0.27514,-0.21875,0.235451,0.35
0.293944,-0.503125,0.235092,0.30625
0.277277,-0.48125,0.235114,0.30625
0.296081,-0.48125,0.234755,0.30625
0.271273,-0.48125,0.234396,0.2625
0.312955,0.04375,0.234418,0.284375
0.267214,-0.459375,0.23464,0.30625
0.316255,-0.39375,0.232918,0.30625
0.286214,-0.371875,0.231977,0.30625
0.296296,-0.415625,0.231418,0.30625
0.297655,-0.196875,0.231059,0.30625
0.299014,-0.21875,0.230699,0.328125
0.299792,-0.48125,0.230721,0.240625
0.301151,-0.2625,0.230362,0.328125
0.292625,-0.175,0.230966,0.284375
0.302907,-0.2625,0.230607,0.30625
0.285659,-0.48125,0.23141,0.30625
0.286436,-0.48125,0.231433,0.30625
0.286633,-0.21875,0.205197,0.30625
0.281596,-0.30625,0.23304,0.30625
0.281792,-0.2625,0.233644,0.2625
0.305829,-0.328125,0.233866,0.2625
0.288581,-0.459375,0.23467,0.284375
0.288977,-0.30625,0.235473,0.30625
0.289755,-0.4375,0.235496,0.30625
0.283555,-0.4375,0.236881,0.2625
0.283751,-0.371875,0.237684,0.30625
0.283947,-0.415625,0.238488,0.4375
0.276003,-0.35,0.23851,0.30625
0.285121,-0.35,0.239314,0.39375
0.276014,-0.39375,0.240699,0.30625
0.276792,-0.371875,0.240921,0.39375
0.259544,-0.371875,0.241525,0.30625
0.292303,-0.371875,0.241747,0.328125
0.254121,-0.415625,0.243133,0.35
0.291733,-0.328125,0.244518,0.35
0.291929,-0.459375,0.245321,0.328125
0.277588,-0.30625,0.246125,0.30625
0.286507,-0.39375,0.246729,0.328125
0.286703,-0.415625,0.247533,0.30625
0.278177,-0.4375,0.248336,0.30625
0.287877,-0.39375,0.248559,0.328125
0.293307,-0.240625,0.249944,0.328125
0.294084,-0.2625,0.250166,0.35
0.303584,-0.4375,0.250388,0.328125
0.304362,-0.4375,0.25061,0.30625
0.297199,-0.4375,0.250051,0.35
0.292162,-0.196875,0.250273,0.39375
0.307477,-0.371875,0.250496,0.328125
0.332096,-0.48125,0.250136,0.30625
0.318918,-0.4375,0.249777,0.35
0.329199,-0.459375,0.249418,0.35
0.322418,-0.459375,0.248477,0.21875
0.305751,-0.459375,0.248699,0.328125
0.333277,-0.546875,0.24834,0.35
0.349373,-0.459375,0.247981,0.30625
0.351896,-0.48125,0.246459,0.35
0.338718,-0.56875,0.246099,0.35
0.345892,-0.459375,0.24574,0.328125
0.341636,-0.48125,0.245381,0.35
0.34474,-0.525,0.243277,0.30625
0.346099,-0.21875,0.242918,0.30625
0.354436,-0.459375,0.241396,0.35
0.351344,-0.2625,0.240073,0.328125
0.368984,-0.503125,0.23777,0.30625
0.362403,-0.503125,0.236629,0.35
0.373066,-0.525,0.235488,0.328125
0.366484,-0.415625,0.234547,0.328125
0.377729,-0.35,0.232825,0.2625
0.37987,-0.39375,0.231684,0.35
0.391314,-0.30625,0.229962,0.459375
0.371159,-0.765625,0.227859,0.2625
0.395977,-0.503125,0.227299,0.30625
0.375821,-0.56875,0.224996,0.35
0.378544,-0.4375,0.223273,0.328125
0.39464,-0.459375,0.222914,0.13125
0.380881,-0.459375,0.222936,0.2625
0.39814,-0.503125,0.221214,0.30625
0.384381,-0.48125,0.221436,0.328125
0.376636,-0.48125,0.221459,0.39375
0.369473,-0.6125,0.220899,0.30625
0.379555,-0.590625,0.22054,0.30625
0.37181,-0.56875,0.220562,0.2625
0.372588,-0.415625,0.220584,0.284375
0.382288,-0.48125,0.220807,0.30625
0.383847,-0.39375,0.220247,0.30625
0.367762,-0.525,0.219888,0.284375
0.353621,-0.459375,0.220492,0.284375
0.368555,-0.56875,0.221296,0.2625
0.363518,-0.721875,0.221318,0.284375
0.363914,-0.546875,0.221921,0.2625
0.355588,-0.546875,0.222725,0.284375
0.347062,-0.48125,0.223329,0.39375
0.355599,-0.74375,0.224714,0.240625
0.355996,-0.4375,0.225318,0.30625
0.35561,-0.525,0.226703,0.328125
0.338562,-0.525,0.227307,0.30625
0.356203,-0.503125,0.242066,0.240625
0.337992,-0.371875,0.229296,0.30625
0.332573,-0.525,0.230099,0.30625
0.347307,-0.328125,0.230703,0.30625
0.355844,-0.459375,0.232088,0.30625
0.347518,-0.48125,0.232692,0.284375
0.355273,-0.678125,0.234659,0.284375
0.337644,-0.65625,0.235262,0.2625
0.32234,-0.765625,0.237229,0.240625
0.330877,-0.328125,0.238614,0.30625
0.330492,-0.48125,0.239799,0.30625
0.336121,-0.721875,0.247871,0.30625
0.330121,-0.459375,0.241788,0.30625
0.344273,-0.7875,0.242592,0.30625
0.320829,-0.56875,0.243977,0.30625
0.321225,-0.546875,0.244581,0.284375
0.335377,-0.546875,0.245384,0.30625
0.343333,-0.48125,0.247351,0.30625
0.329773,-0.525,0.246792,0.4375
0.345088,-0.546875,0.247014,0.39375
0.353625,-0.7,0.248399,0.35
0.344718,-0.415625,0.249584,0.35
0.354418,-0.459375,0.249807,0.30625
0.345892,-0.48125,0.25061,0.48125
0.34687,-0.48125,0.250633,0.30625
0.347266,-0.48125,0.251436,0.371875
0.357347,-0.590625,0.251077,0.30625
0.358325,-0.459375,0.250718,0.35
0.373259,-0.459375,0.251321,0.35
0.368421,-0.503125,0.251544,0.328125
0.376177,-0.459375,0.250603,0.39375
0.362618,-0.525,0.250825,0.35
0.371736,-0.459375,0.251629,0.35
0.37911,-0.503125,0.25107,0.328125
0.389973,-0.525,0.249929,0.35
0.399673,-0.590625,0.249951,0.35
0.393673,-0.525,0.248029,0.35
0.403373,-0.503125,0.248051,0.284375
0.404351,-0.503125,0.248073,0.35
0.388084,-0.590625,0.248096,0.35
0.406507,-0.459375,0.247918,0.35
0.407484,-0.634375,0.24794,0.35
0.409044,-0.6125,0.247381,0.35
0.419325,-0.678125,0.246821,0.35
0.412162,-0.546875,0.246262,0.328125
0.422444,-0.6125,0.245503,0.35
0.415481,-0.678125,0.244944,0.153125
0.41704,-0.721875,0.244384,0.4375
0.428484,-0.590625,0.242662,0.459375
0.445744,-0.590625,0.24094,0.30625
0.424625,-0.56875,0.239799,0.39375
0.426184,-0.546875,0.23924,0.4375
0.428525,-0.634375,0.237899,0.35
0.431829,-0.6125,0.235596,0.30625
0.443273,-0.21875,0.233873,0.39375
0.435529,-0.590625,0.233896,0.35
0.446973,-0.56875,0.232173,0.328125
0.440973,-0.6125,0.230451,0.30625
0.43401,-0.6125,0.229892,0.35
0.436733,-0.6125,0.22817,0.35
0.456318,-0.546875,0.227029,0.30625
0.441014,-0.525,0.225888,0.4375
0.433851,-0.634375,0.225329,0.30625
0.443751,-0.634375,0.225351,0.328125
0.444729,-0.678125,0.225373,0.30625
0.436984,-0.65625,0.225396,0.30625
0.414121,-0.65625,0.225999,0.371875
0.437777,-0.56875,0.226603,0.30625
0.415114,-0.6125,0.227207,0.30625
0.434118,-0.525,0.226647,0.30625
0.449051,-0.4375,0.227251,0.153125
0.425607,-0.4375,0.228436,0.328125
0.417862,-0.48125,0.228459,0.2625
0.442299,-0.6125,0.228481,0.30625
0.418855,-0.6125,0.229666,0.328125
0.436696,-0.6125,0.23027,0.30625
0.420229,-0.590625,0.230292,0.328125
0.412684,-0.503125,0.230314,0.284375
0.438666,-0.525,0.231699,0.30625
0.421618,-0.590625,0.232303,0.35
0.44004,-0.6125,0.232325,0.328125
0.408073,-0.56875,0.23351,0.328125
0.431729,-0.546875,0.234114,0.328125
0.44201,-0.546875,0.233555,0.35
0.41624,-0.56875,0.234159,0.30625
0.402099,-0.525,0.234962,0.30625
0.416651,-0.48125,0.236147,0.328125
0.417629,-0.503125,0.23617,0.328125
0.43547,-0.590625,0.236773,0.30625
0.418421,-0.6125,0.237377,0.2625
0.42774,-0.525,0.238181,0.328125
0.436859,-0.6125,0.238784,0.175
0.428533,-0.65625,0.239388,0.4375
0.438233,-0.371875,0.23941,0.284375
0.462088,-0.546875,0.240214,0.30625
0.462484,-0.721875,0.240818,0.328125
0.45474,-0.6125,0.24084,0.30625
0.449521,-0.809375,0.241444,0.328125
0.465618,-0.634375,0.241084,0.371875
0.457873,-0.634375,0.241107,0.328125
0.467573,-0.809375,0.241129,0.35
0.485814,-0.546875,0.241333,0.328125
0.470129,-0.7,0.240373,0.35
0.481192,-0.678125,0.238833,0.48125
0.473647,-0.56875,0.238655,0.30625
0.492851,-0.65625,0.237696,0.328125
0.494029,-0.65625,0.237318,0.30625
0.487066,-0.56875,0.236359,0.284375
0.49871,-0.56875,0.234236,0.30625
0.508029,-0.984375,0.231533,0.30625
0.509788,-0.765625,0.230773,0.328125
0.507477,-0.56875,0.22807,0.328125
0.523773,-0.65625,0.22711,0.328125
0.518555,-0.634375,0.224407,0.4375
0.539121,-0.896875,0.222284,0.2625
0.509481,-0.678125,0.220944,0.30625
0.512403,-0.7,0.218821,0.30625
0.529862,-0.65625,0.216699,0.30625
0.540925,-0.7875,0.215159,0.30625
0.535125,-0.525,0.213236,0.2625
0.531651,-0.65625,0.211696,0.2625
0.55667,-0.56875,0.210736,0.30625
0.541566,-0.765625,0.209196,0.30625
0.520847,-0.74375,0.207855,0.30625
0.540633,-0.56875,0.206314,0.35
0.542392,-0.65625,0.205355,0.30625
0.536592,-0.721875,0.203433,0.2625
0.538351,-0.634375,0.202473,0.2625
0.548833,-0.765625,0.201514,0.371875
0.54187,-0.853125,0.200755,0.284375
0.543629,-0.74375,0.199796,0.2625
0.527362,-0.65625,0.199418,0.2625
0.546766,-0.853125,0.198659,0.2625
0.563062,-0.7,0.197699,0.2625
0.550866,-0.74375,0.196359,0.2625
0.534018,-0.721875,0.196562,0.2625
0.536359,-0.809375,0.195021,0.2625
0.531721,-0.65625,0.194844,0.2625
0.546855,-0.74375,0.195047,0.2625
0.541255,-0.74375,0.193125,0.2625
0.527314,-0.83125,0.193329,0.240625
0.537214,-0.74375,0.192951,0.284375
0.543625,-0.809375,0.193355,0.2625
0.553525,-0.721875,0.192977,0.30625
0.540166,-0.74375,0.192799,0.2625
0.53204,-0.7,0.193003,0.175
0.547373,-0.721875,0.193407,0.284375
0.533433,-0.7875,0.19361,0.240625
0.524725,-0.721875,0.194596,0.2625
0.534044,-0.809375,0.194799,0.284375
0.53464,-0.875,0.195203,0.284375
0.527096,-0.721875,0.194825,0.2625
0.536614,-0.678125,0.195229,0.2625
0.53721,-0.721875,0.195433,0.2625
0.537807,-0.634375,0.195836,0.284375
0.538403,-0.809375,0.19624,0.2625
0.529696,-0.7,0.197025,0.2625
0.530292,-0.83125,0.197429,0.284375
0.53981,-0.678125,0.197633,0.240625
0.539625,-0.809375,0.198818,0.2625
0.548944,-0.7,0.199221,0.284375
0.54954,-0.721875,0.199625,0.2625
0.549555,-0.7,0.20081,0.2625
0.540847,-0.678125,0.201796,0.2625
0.550166,-0.7875,0.201036,0.2625
0.532155,-0.721875,0.202803,0.2625
0.550196,-0.7875,0.203207,0.2625
0.509507,-0.7,0.204192,0.175
0.541503,-0.65625,0.205377,0.2625
0.542099,-0.7,0.205781,0.21875
0.535136,-0.7,0.205221,0.284375
0.552596,-0.7,0.206207,0.2625
0.545051,-0.678125,0.206029,0.2625
0.545066,-0.7,0.207214,0.2625
0.546244,-0.7,0.207036,0.30625
0.537336,-0.65625,0.208221,0.13125
0.547818,-0.74375,0.207462,0.2625
0.548414,-0.678125,0.208066,0.284375
0.54901,-0.765625,0.20847,0.35
0.541466,-0.74375,0.208492,0.284375
0.542644,-0.74375,0.208314,0.328125
0.560684,-0.7,0.208918,0.284375
0.567096,-0.721875,0.209321,0.284375
0.553736,-0.765625,0.209344,0.30625
0.563055,-0.7,0.209747,0.2625
0.554347,-0.940625,0.210933,0.30625
0.564247,-0.74375,0.210755,0.30625
0.547399,-0.7875,0.211359,0.30625
0.56544,-0.7875,0.211762,0.30625
0.540451,-0.940625,0.211784,0.30625
0.559073,-0.590625,0.211607,0.065625
0.55967,-0.7875,0.21221,0.284375
0.560847,-0.7875,0.212233,0.284375
0.575981,-0.7875,0.212636,0.30625
0.563203,-0.39375,0.212077,0.30625
0.578918,-0.83125,0.211899,0.30625
0.556836,-0.875,0.211921,0.284375
0.580692,-0.809375,0.212525,0.284375
0.566751,-0.940625,0.212929,0.30625
0.581884,-0.765625,0.213533,0.2625
0.567944,-0.853125,0.214136,0.30625
0.583659,-0.809375,0.213959,0.30625
0.57844,-0.984375,0.214562,0.328125
0.570314,-0.7875,0.215166,0.30625
0.57091,-0.7875,0.21557,0.30625
0.586625,-0.678125,0.215592,0.30625
0.563381,-0.7875,0.216777,0.2625
0.587236,-0.83125,0.217381,0.30625
0.564573,-0.4375,0.217784,0.2625
0.573892,-0.721875,0.218388,0.30625
0.551229,-0.7,0.218992,0.30625
0.574503,-0.809375,0.219977,0.30625
0.557073,-0.853125,0.221162,0.39375
0.543133,-0.83125,0.221766,0
0.57571,-0.765625,0.22237,0.30625
0.585029,-0.7875,0.222973,0.284375
0.560621,-0.7875,0.222214,0.284375
0.560055,-0.809375,0.223981,0.284375
0.553673,-0.7875,0.225747,0.30625
0.576947,-0.74375,0.226933,0.30625
0.553121,-0.7875,0.228699,0.35
0.575814,-0.721875,0.230266,0.30625
0.552188,-0.7875,0.231833,0.328125
0.551621,-0.83125,0.233399,0.30625
0.551055,-0.721875,0.234766,0.30625
0.541966,-0.765625,0.236333,0.30625
0.532096,-0.74375,0.238481,0.328125
0.540451,-0.634375,0.240047,0.35
0.539303,-0.721875,0.242196,0.328125
0.538155,-0.721875,0.244344,0.35
0.520344,-0.634375,0.24591,0.30625
0.518614,-0.65625,0.24864,0.39375
0.517466,-0.634375,0.250788,0.35
0.515936,-0.678125,0.253518,0.30625
0.508973,-0.678125,0.255666,0.328125
0.499303,-0.634375,0.257814,0.35
0.498155,-0.678125,0.259962,0.35
0.497007,-0.678125,0.26211,0.415625
0.487336,-0.65625,0.282575,0.21875
0.495492,-0.65625,0.265244,0.415625
0.493962,-0.678125,0.29792,0.35
0.501536,-0.65625,0.268959,0.30625
0.466662,-0.678125,0.272851,0.30625
0.470947,-0.678125,0.275199,0.35
0.495384,-0.65625,0.296246,0.35
0.475829,-0.590625,0.280077,0.459375
0.482821,-0.634375,0.285133,0.328125
0.481092,-0.6125,0.284373,0.328125
0.446999,-0.65625,0.287103,0.371875
0.468529,-0.546875,0.289833,0.459375
0.457696,-0.7,0.292562,0.35
0.473992,-0.634375,0.312646,0.35
0.462959,-0.6125,0.315375,0.39375
0.478873,-0.678125,0.317523,0.39375
0.427136,-0.6125,0.315892,0.39375
0.457588,-0.721875,0.330542,0.39375
0.440159,-0.83125,0.306233,0.415625
0.443662,-0.546875,0.309162,0.415625
0.450855,-0.634375,0.338931,0.415625
0.448544,-0.634375,0.332938,0.240625
0.422592,-0.56875,0.347297,0.459375
0.429003,-0.6125,0.34732,0.415625
0.426692,-0.56875,0.336966,0.4375
0.429814,-0.56875,0.33737,0.4375
0.389707,-0.590625,0.340099,0.39375
0.42481,-0.48125,0.331981,0.459375
0.407962,-0.7,0.33471,0.459375
0.387825,-0.634375,0.338603,0.48125
0.402377,-0.590625,0.372442,0.503125
0.423325,-0.590625,0.345425,0.459375
0.379929,-0.56875,0.371996,0.459375
0.385759,-0.6125,0.352629,0.503125
0.424933,-0.546875,0.382597,0.48125
0.398781,-0.56875,0.35887,0.503125
0.387366,-0.634375,0.361599,0.196875
0.375751,-0.459375,0.365692,0.48125
0.381781,-0.7875,0.369584,0.48125
0.387029,-0.590625,0.373477,0.503125
0.375414,-0.56875,0.37757,0.546875
0.381444,-0.503125,0.381462,0.459375
0.361107,-0.503125,0.385555,0.65625
0.334573,-0.503125,0.397297,0.503125
0.354359,-0.48125,0.394121,0.525
0.368329,-0.525,0.398796,0.503125
0.357496,-0.590625,0.402307,0.525
0.345299,-0.459375,0.406981,0.546875
0.309844,-0.48125,0.411655,0.546875
0.33021,-0.546875,0.415747,0.7
0.321121,-0.525,0.420421,0.39375
0.317647,-0.48125,0.425096,0.678125
0.314173,-0.525,0.42977,0.546875
0.317096,-0.459375,0.433862,0.590625
0.308588,-0.4375,0.467901,0.546875
0.337096,-0.48125,0.442047,0.56875
0.307455,-0.4375,0.446721,0.503125
0.330147,-0.196875,0.451396,0.56875
0.28617,-0.415625,0.45607,0.6125
0.314677,-0.546875,0.460944,0.590625
0.302481,-0.39375,0.472305,0.6125
0.30851,-0.415625,0.469129,0.6125
0.272473,-0.4375,0.474384,0.6125
0.283536,-0.415625,0.479059,0.6125
0.289366,-0.415625,0.48257,0.503125
0.27737,-0.415625,0.487444,0.65625
0.282618,-0.4375,0.492118,0.634375
0.287866,-0.39375,0.496792,0.678125
0.27567,-0.721875,0.503792,0.371875
0.264255,-0.371875,0.504977,0.7
0.286947,-0.48125,0.50927,0.634375
0.24277,-0.48125,0.528481,0.65625
0.280781,-0.371875,0.517455,0.7
0.227881,-0.371875,0.522129,0.65625
0.274414,-0.4375,0.55326,0.7
0.253496,-0.503125,0.529351,0.7
0.236266,-0.39375,0.532862,0.7
0.27117,-0.30625,0.536373,0.7
0.276999,-0.284375,0.563344,0.721875
0.25977,-0.284375,0.571216,0.765625
0.262692,-0.109375,0.570366,0.765625
0.245262,-0.371875,0.550236,0.721875
0.251092,-0.415625,0.553166,0.765625
0.222814,-0.371875,0.573831,0.7
0.246088,-0.39375,0.581321,0.7
0.22517,-0.30625,0.589775,0.7875
0.245736,-0.35,0.567992,0.765625
0.219584,-0.39375,0.598742,0.765625
0.234718,-0.13125,0.577249,0.853125
0.232607,-0.371875,0.603438,0.765625
0.244251,-0.13125,0.60366,0.765625
0.227403,-0.30625,0.596705,0.765625
0.215788,-0.196875,0.610883,0.83125
0.204955,-0.240625,0.61701,0.809375
0.225903,-0.35,0.583888,0.83125
0.209636,-0.196875,0.604171,0.7875
0.215084,-0.30625,0.616405,0.853125
0.212773,-0.196875,0.61401,0.853125
0.225581,-0.21875,0.606473,0.765625
0.22347,-0.175,0.617162,0.83125
0.197318,-0.196875,0.60352,0.83125
0.203729,-0.48125,0.628746,0.7875
0.207433,-0.284375,0.629931,0.853125
0.223147,-0.30625,0.624047,0.875
0.203392,-0.2625,0.637444,0.875
0.195266,-0.35,0.63156,0.853125
0.217577,-0.13125,0.638851,0.7875
0.205962,-0.153125,0.644597,0.984375
0.189696,-0.284375,0.649562,0.896875
0.210844,-0.415625,0.646005,0.896875
0.19167,-0.30625,0.658238,0.9625
0.216307,-0.328125,0.646049,0.853125
0.220592,-0.35,0.65314,0.83125
0.204907,-0.284375,0.650836,0.896875
0.203377,-0.284375,0.650859,0.853125
0.192925,-0.2625,0.654079,0.91875
0.232099,-0.30625,0.652938,0.875
0.189666,-0.240625,0.656159,0.875
0.220699,-0.196875,0.642807,0.83125
0.186988,-0.328125,0.657657,0.875
0.202903,-0.35,0.652736,0.853125
0.207188,-0.2625,0.657701,0.91875
0.200225,-0.39375,0.659177,0.83125
0.181833,-0.240625,0.656873,0.940625
0.203362,-0.30625,0.658931,0.853125
0.187296,-0.30625,0.660407,0.853125
0.19487,-0.153125,0.660429,0.83125
0.184618,-0.153125,0.661323,1.1375
0.198207,-0.6125,0.662418,0.896875
0.196477,-0.35,0.654009,0.809375
0.171107,-0.153125,0.655484,0.7875
0.187403,-0.2625,0.657542,0.853125
0.159707,-0.328125,0.660471,0.91875
0.158559,-0.109375,0.66311,0.940625
0.16517,0.175,0.662842,0.721875
0.181084,-0.0875,0.66141,0.83125
0.153188,-0.328125,0.662305,0.984375
0.169103,-0.0875,0.66747,0.91875
0.143533,-0.65625,0.664584,0.74375
0.147236,-0.065625,0.657047,0.9625
0.162951,-0.065625,0.646603,0.83125
0.137581,-0.0875,0.662325,0.809375
0.141866,-0.065625,0.634436,0.875
0.165721,-0.021875,0.640183,0.853125
0.16361,-0.021875,0.614038,0.83125
0.129318,-0.021875,0.60592,0.9625
0.133603,-0.39375,0.584136,0.875
0.13091,0,0.58087,0.9625
0.104759,0.021875,0.557051,0.853125
0.102066,0.021875,0.547479,0.853125
0.108477,-0.2625,0.535871,0.83125
0.120903,0.021875,0.51894,0.83125
0.11821,0.021875,0.503553,0.74375
0.109503,0.021875,0.493109,0.7875
0.056803,0.065625,0.491096,0.74375
0.0858919,-0.2625,0.477071,0.853125
0.09134,-0.240625,0.461684,0.721875
0.0653881,-0.2625,0.464614,0.678125
0.0624956,-0.2625,0.467162,0.678125
0.091203,0.04375,0.48521,0.721875
0.0470252,0.04375,0.505294,0.678125
0.0670104,0.065625,0.506097,0.7
0.0643178,-0.284375,0.493036,0.7
0.052703,0.04375,0.510994,0.678125
0.076177,0.0875,0.497933,0.678125
0.05584,0.065625,0.52732,0.6125
0.0857104,0,0.508934,0.765625
0.0742956,0.021875,0.515062,0.328125
0.0568659,-0.503125,0.512668,0.74375
0.0628956,0.065625,0.534205,0.7
0.0663993,-0.2625,0.53937,0.7
0.0823141,-0.284375,0.520203,0.7
0.04744,-0.2625,0.54194,0.74375
0.0540511,-0.328125,0.523355,0.74375
0.0432178,-0.48125,0.540731,0.984375
0.0409067,0.109375,0.510134,0.678125
0.0626363,0.021875,0.51917,0.634375
0.0463696,0.153125,0.506599,0.74375
0.0587956,0.0875,0.528046,0.74375
0.0652067,0.0875,0.512659,0.74375
0.0462326,-0.30625,0.515207,0.74375
0.0383067,-0.2625,0.546538,0.83125
0.0418104,-0.30625,0.522429,0.74375
0.0664474,-0.0875,0.525559,0.65625
0.0559956,-0.0875,0.528688,0.678125
0.0538844,-0.2625,0.532199,0.678125
0.0515733,-0.30625,0.53591,0.7
0.0325993,-0.240625,0.53904,0.459375
0.0397919,-0.0875,0.54197,0.634375
0.0287585,-0.284375,0.545681,0.7875
0.0446733,0.21875,0.54881,0.678125
0.03364,0.153125,0.552521,0.7875
0.0233881,0.04375,0.555451,0.634375
0.0297993,0.153125,0.559162,0.678125
0.0381548,-0.153125,0.561129,0.7875
0.0453474,0.13125,0.564259,0.83125
0.0174511,0.13125,0.567388,0.83125
0.0426696,-0.153125,0.569736,0.65625
0.0322178,-0.240625,0.572866,0.83125
0.0213844,-0.2625,0.576577,0.7
0.0111326,0.328125,0.579707,0.74375
0.0268474,-0.2625,0.582836,0.853125
0.0165956,0.0875,0.567068,0.74375
0.0334733,0.021875,0.587733,0.678125
-0.000619259,0.196875,0.591444,0.74375
0.0298326,0,0.594573,0.415625
0.0286844,-0.328125,0.597121,0.896875
0.000406667,0.21875,0.600833,0.765625
0.00739926,-0.04375,0.603962,0.896875
-0.0179711,0.21875,0.607673,0.7875
0.0122807,-0.284375,0.610803,0.896875
0.0101696,-0.153125,0.614514,0.83125
-8.22222e-05,0.153125,0.617644,0.91875
0.00632889,-0.2625,0.621355,0.91875
-0.00450444,-0.021875,0.625066,0.7875
0.00248815,-0.196875,0.628196,0.7875
-0.0316044,0.21875,0.631907,0.7875
-0.018597,-0.109375,0.635036,0.721875
-0.026723,0.240625,0.638747,0.984375
-0.0230193,-0.109375,0.642459,0.7875
-0.0166081,0.13125,0.64617,0.853125
-0.0274415,-0.13125,0.649881,0.896875
-0.0353674,-0.175,0.653592,0.896875
-0.0144193,-0.04375,0.657303,0.896875
-0.0392081,0.065625,0.660433,0.7875
-0.050823,-0.065625,0.664725,0.83125
-0.0442119,0.2625,0.668436,0.74375
-0.0224822,0.0875,0.671566,1.07187
-0.0154896,0.13125,0.674696,0.896875
-0.0437674,-0.109375,0.678407,0.853125
-0.04666,0.04375,0.682699,0.984375
-0.0394674,-0.065625,0.685829,0.984375
-0.0497193,-0.04375,0.689159,0.9625
-0.0572637,0.13125,0.692288,0.940625
-0.0361156,-0.0875,0.695999,0.896875
-0.0384267,0.459375,0.69971,0.940625
-0.0486785,-0.109375,0.70284,1.02812
-0.0327637,0,0.70597,0.896875
-0.0432156,0.175,0.709299,0.74375
-0.036023,-0.021875,0.712229,1.09375
-0.0230156,0,0.715159,0.940625
-0.047223,0.153125,0.717707,1.09375
-0.0493341,0.153125,0.721218,0.940625
-0.0421415,-0.065625,0.724147,1.15938
-0.0430896,-0.109375,0.726496,0.91875
-0.0533415,0.021875,0.729425,1.09375
-0.0455674,-0.021875,0.731773,1.1375
-0.0407007,0.0875,0.734321,0.984375
-0.0416489,0.109375,0.73667,0.940625
-0.0478304,0.065625,0.738436,1.09375
-0.0580822,0,0.741366,0.984375
-0.0444933,0.04375,0.743714,0.984375
-0.0454415,-0.153125,0.746262,1.05
-0.0463896,0,0.74861,0.9625
-0.0386156,0.021875,0.750959,0.984375
-0.0477044,0,0.752725,1.20312
-0.0393489,0.021875,0.754692,1.18125
-0.0397156,0.065625,0.756459,0.984375
-0.0493859,0.04375,0.758807,0.984375
-0.0404489,-0.021875,0.760192,0.984375
-0.0326748,0.04375,0.76254,0.984375
-0.0417637,0.2625,0.764307,1.02812
-0.0427119,0.04375,0.766855,0.9625
-0.0349378,-0.04375,0.769203,1.02812
-0.0353044,0.04375,0.77097,1.02812
-0.0449748,-0.04375,0.773518,0.984375
-0.0372007,0.065625,0.775866,1.09375
-0.0608267,0.13125,0.777633,1.02812
-0.0286304,0.13125,0.779018,0.984375
-0.0551637,-0.109375,0.780784,0.9625
-0.0473896,0.0875,0.783333,1.00625
-0.05706,-0.0875,0.785681,0.984375
-0.0574267,-0.0875,0.787447,1.15938
-0.0409304,-0.04375,0.789996,1.09375
-0.07386,0.0875,0.792344,1.09375
-0.0748081,-0.0875,0.794892,1.02812
-0.0513341,-0.328125,0.796077,1.1375
-0.0674007,-0.13125,0.799207,1.07187
-0.0538119,0.240625,0.801555,1.20312
-0.0541785,-0.065625,0.803521,1.02812
-0.0702452,0.153125,0.806451,1.09375
-0.0799156,0.196875,0.808999,1.07187
-0.0988896,0.175,0.811929,1.09375
-0.0911156,0.21875,0.814477,1.09375
-0.0746193,0.35,0.816825,0.91875
-0.102316,0.175,0.819955,1.11563
-0.0858193,0.13125,0.822303,1.18125
-0.0966526,-0.065625,0.826014,1.18125
-0.0981822,-0.196875,0.828944,1.07187
-0.0915711,0.35,0.832655,1.18125
-0.101823,0.175,0.835584,1.1375
-0.103934,0.153125,0.839296,1.09375
-0.129304,0.35,0.843007,1.05
-0.11746,0.2625,0.847099,1.1375
-0.142249,0.109375,0.850229,1.1375
-0.126916,0.0875,0.85374,1.15938
-0.146471,0.240625,0.857451,1.1375
-0.116601,0.30625,0.861162,1.09375
-0.142553,0.39375,0.865255,1.11563
-0.145245,0.2625,0.868966,1.11563
-0.147356,0.35,0.895355,0.875
-0.159353,0.240625,0.87677,1.24687
-0.170767,0.30625,0.881062,1.18125
-0.147293,0.284375,0.884773,1.18125
-0.176153,0.240625,0.889066,1.18125
-0.185241,0.0875,0.923686,1.18125
-0.182119,0.21875,0.897451,1.24687
-0.16853,0.21875,0.902325,1.24687
-0.188667,0.21875,0.906418,1.18125
-0.197756,0.240625,0.91071,1.4875
-0.209171,0.04375,0.915003,1.18125
-0.189767,0.39375,0.919877,1.18125
-0.215719,0.2625,0.923588,1.18125
-0.227716,0.284375,0.928262,1.24687
-0.199008,0.284375,0.955614,1.24687
-0.22476,0.175,0.938773,1.24687
-0.196634,0.35,0.94034,1.24687
-0.208049,0.2625,0.943851,1.35625
-0.234382,0.284375,0.947944,1.24687
-0.214397,0.2625,0.951836,1.37813
-0.241312,0.328125,0.971047,1.24687
-0.212604,0.284375,0.961184,1.37813
-0.224601,0.35,0.965077,1.26875
-0.260238,0.240625,0.981381,1.37813
-0.254208,0.371875,0.973262,1.35625
-0.257282,0.30625,0.977736,1.18125
-0.278582,0.240625,1.00567,1.37813
-0.231649,0.328125,1.00046,1.42188
-0.243645,0.240625,0.989814,1.42188
-0.246919,0.30625,0.993907,1.42188
-0.249412,0.503125,0.997418,1.35625
-0.275945,0.328125,1.00209,1.4875
-0.247038,0.415625,1.0243,1.33438
-0.299738,0.35,1.03275,1.4
-0.244664,0.4375,1.01359,1.42188
-0.264801,0.284375,1.0171,1.50937
-0.268075,0.35,1.0241,1.53125
-0.261845,0.35,1.03177,1.42188
-0.320941,0.284375,1.02918,1.4
-0.268775,0.39375,1.03327,1.24687
-0.32729,0.35,1.03794,1.42188
-0.274541,0.415625,1.04145,1.35625
-0.301075,0.328125,1.04613,1.33438
-0.28109,0.39375,1.0506,1.4
-0.292304,0.30625,1.05411,1.53125
-0.286856,0.371875,1.05879,1.37813
-0.321912,0.328125,1.06346,1.55313
-0.293204,0.284375,1.06814,1.42188
-0.32826,0.371875,1.07281,1.575
-0.316416,0.35,1.0769,1.42188
-0.301464,0.4375,1.08274,1.42188
-0.336719,0.39375,1.08451,1.46562
-0.324875,0.56875,1.09073,1.46562
-0.327367,0.39375,1.09191,1.44375
-0.336456,0.56875,1.09658,1.46562
-0.306967,0.4375,1.1001,1.46562
-0.327686,0.39375,1.10419,1.50937
-0.321456,0.4375,1.10828,1.50937
-0.315427,0.459375,1.11237,1.50937
-0.336145,0.4375,1.1281,1.59688
-0.346779,0.415625,1.11998,1.55313
-0.323304,0.56875,1.13076,1.50937
-0.302538,0.415625,1.127,1.53125
-0.32849,0.415625,1.13109,1.59688
-0.339123,0.39375,1.13402,1.53125
-0.327279,0.4375,1.13811,1.55313
-0.343927,0.39375,1.14183,1.53125
-0.331882,0.48125,1.17586,1.53125
-0.357253,0.371875,1.14885,1.59688
-0.327182,0.503125,1.15178,1.55313
-0.34383,0.6125,1.15529,1.575
-0.354464,0.525,1.1588,1.61875
-0.333316,0.525,1.16173,1.59688
-0.349964,0.525,1.16466,1.55313
-0.328616,0.371875,1.16817,1.59688
-0.34759,0.525,1.1711,1.68437
-0.331475,0.525,1.17423,1.61875
-0.333004,0.48125,1.17716,1.61875
-0.334334,0.525,1.18009,1.61875
-0.353308,0.459375,1.18302,1.70625
-0.345916,0.48125,1.18595,1.61875
-0.347445,0.525,1.18908,1.68437
-0.325134,0.65625,1.19143,1.59688
-0.358445,0.415625,1.19435,1.77188
-0.351253,0.525,1.19728,1.8375
-0.319438,0.48125,1.19905,1.6625
-0.352367,0.459375,1.2016,1.64062
-0.331019,0.503125,1.20511,1.59688
-0.36453,0.459375,1.20804,1.75
-0.339312,0.4375,1.21039,1.61875
-0.341223,0.503125,1.2141,1.75
-0.360197,0.48125,1.21703,1.61875
-0.360945,0.48125,1.21938,1.59688
-0.361893,0.48125,1.22173,1.79375
-0.345779,0.525,1.22465,1.6625
-0.340912,0.56875,1.2272,1.77188
-0.348638,0.525,1.23071,1.64062
-0.335049,0.525,1.23306,1.77188
-0.360219,0.48125,1.23657,1.6625
-0.361167,0.503125,1.23912,1.77188
-0.371219,0.503125,1.24205,1.64062
-0.364027,0.525,1.26766,1.77188
-0.365938,0.459375,1.24791,1.64062
-0.352349,0.48125,1.25046,1.85938
-0.353097,0.590625,1.25281,1.70625
-0.360441,0.503125,1.25574,1.61875
-0.379216,0.525,1.25867,1.68437
-0.363301,0.546875,1.2618,1.68437
-0.34079,0.48125,1.26414,1.925
-0.383023,0.4375,1.26707,1.68437
-0.360712,0.503125,1.26962,1.59688
-0.385301,0.48125,1.27255,1.81563
-0.38683,0.459375,1.27548,1.68437
-0.370134,0.525,1.27803,1.68437
-0.365267,0.56875,1.28038,1.925
-0.389856,0.546875,1.28351,1.68437
-0.373941,0.503125,1.28644,1.77188
-0.392716,0.546875,1.28937,1.68437
-0.394827,0.503125,1.29308,1.68437
-0.35429,0.590625,1.29484,1.77188
-0.379079,0.48125,1.29797,1.72812
-0.388549,0.48125,1.31922,1.85938
-0.399382,0.153125,1.30325,1.64062
-0.400712,0.503125,1.30638,1.72812
-0.384797,0.525,1.33199,1.90312
-0.394267,0.546875,1.3107,1.99063
-0.386493,0.546875,1.31304,1.8375
-0.395964,0.6125,1.32228,1.79375
-0.397493,0.525,1.31794,1.88125
-0.398823,0.525,1.3234,1.925
-0.400353,0.4375,1.32342,1.85938
-0.409823,0.7,1.32538,1.94687
-0.410771,0.4375,1.32773,1.925
-0.402997,0.6125,1.33028,1.81563
-0.404327,0.48125,1.33341,1.77188
-0.405856,0.503125,1.33576,1.79375
-0.406604,0.56875,1.33831,1.75
-0.424997,0.546875,1.34065,1.94687
-0.418186,0.590625,1.34437,1.96875
-0.419716,0.590625,1.3473,1.94687
-0.403019,0.590625,1.34984,1.94687
-0.41269,0.56875,1.35181,1.94687
-0.42216,0.546875,1.35416,1.94687
-0.432412,0.634375,1.35729,1.72812
-0.425019,0.590625,1.36042,1.94687
-0.418408,0.590625,1.36393,1.8375
-0.411016,0.590625,1.36706,1.85938
-0.438712,0.546875,1.37019,1.99063
-0.414456,0.590625,1.39143,1.94687
-0.441571,0.546875,1.37508,1.925
-0.434179,0.503125,1.37821,1.8375
-0.435708,0.546875,1.38056,1.925
-0.428316,0.590625,1.38369,2.1
-0.430427,0.6125,1.3874,1.96875
-0.455797,0.525,1.39053,2.07812
-0.433867,0.6125,1.39346,1.90312
-0.452841,0.6125,1.39601,1.99063
-0.436727,0.74375,1.42909,2.07812
-0.446979,0.65625,1.40169,1.90312
-0.448308,0.634375,1.4113,1.94687
-0.441116,0.634375,1.41821,1.90312
-0.442445,0.721875,1.42367,1.925
-0.435253,0.6125,1.4393,1.88125
-0.454608,0.678125,1.41481,2.07812
-0.456138,0.6125,1.41658,1.99063
-0.457467,0.678125,1.41971,1.925
-0.458997,0.65625,1.42225,1.88125
-0.452186,0.65625,1.43972,1.96875
-0.453516,0.65625,1.42811,1.94687
-0.455045,0.65625,1.43066,1.94687
-0.442419,0.6125,1.45685,1.88125
-0.458286,0.678125,1.4594,1.94687
-0.449349,0.6125,1.46378,1.99063
-0.459982,0.6125,1.43909,2.07812
-0.446975,0.678125,1.45211,2.07812
-0.46226,0.6125,1.4655,2.05625
-0.454867,0.721875,1.44421,1.99063
-0.483145,0.678125,1.47709,2.07812
-0.458308,0.7,1.47178,1.99063
-0.453241,0.678125,1.45029,2.1
-0.446049,0.7,1.45168,2.16562
-0.470056,0.590625,1.48339,2.12188
-0.462664,0.371875,1.47431,2.31875
-0.448493,0.7,1.45601,1.925
-0.463779,0.65625,1.47194,2.1
-0.458912,0.65625,1.46643,2.1
-0.459079,0.678125,1.47945,2.12188
-0.458664,0.678125,1.48878,2.07812
-0.459612,0.678125,1.47708,2.1
-0.441753,0.678125,1.46605,2.03437
-0.440175,0.546875,1.46278,1.99063
-0.440541,0.634375,1.46359,1.99063
-0.431986,0.65625,1.46477,1.96875
-0.431571,0.6125,1.46616,2.12188
-0.416819,0.6125,1.46676,1.99063
-0.425708,0.525,1.46873,2.1
-0.416771,0.7,1.48407,1.925
-0.398912,0.56875,1.47072,2.12188
-0.406638,0.65625,1.47094,2.03437
-0.406423,0.546875,1.47233,2.14375
-0.414149,0.65625,1.47293,1.99063
-0.40443,0.525,1.47373,2.07812
-0.394912,0.678125,1.48558,2.03437
-0.403219,0.503125,1.47514,2.12188
-0.378582,0.65625,1.47536,2.03437
-0.386308,0.525,1.47617,2.05625
-0.390545,0.590625,1.47619,2.03437
-0.39789,0.459375,1.47641,2.1
-0.382356,0.525,1.47721,2.03437
-0.372056,0.4375,1.47744,2.12188
-0.379401,0.74375,1.47746,2.03437
-0.351656,0.35,1.47768,2.07812
-0.366941,0.65625,1.47732,1.96875
-0.356841,0.459375,1.47754,2.1
-0.355264,0.525,1.47777,2.07812
-0.353304,0.590625,1.47721,2.25312
-0.343004,0.48125,1.47743,2.0125
-0.348986,0.48125,1.47649,2.07812
-0.354586,0.503125,1.47497,2.0125
-0.334401,0.590625,1.47403,1.96875
-0.357827,0.7,1.47308,2.07812
-0.337841,0.678125,1.47194,1.96875
-0.313004,0.415625,1.47217,1.99063
-0.325582,0.415625,1.47181,2.07812
-0.340867,0.546875,1.47145,2.0125
-0.328823,0.525,1.46993,2.0125
-0.326282,0.48125,1.46898,2.03437
-0.314819,0.48125,1.46804,1.96875
-0.306845,0.48125,1.46768,2.0125
-0.309538,0.39375,1.46616,1.96875
-0.315519,0.48125,1.46522,1.99063
-0.304838,0.4375,1.46486,2.07812
-0.28756,0.48125,1.46392,2.0125
-0.294704,0.4375,1.46414,2.07812
-0.324145,0.48125,1.4632,1.99063
-0.304541,0.56875,1.46284,2.03437
-0.302582,0.39375,1.46248,2.07812
-0.309727,0.415625,1.46271,1.99063
-0.308149,0.39375,1.46293,2.31875
-0.298049,0.7,1.46315,1.85938
-0.296471,0.459375,1.46337,2.0125
-0.317571,0.39375,1.46281,1.96875
-0.315612,0.328125,1.46245,1.90312
-0.299497,0.48125,1.46268,2.03437
-0.32176,0.0875,1.46328,1.94687
-0.305645,0.4375,1.4635,1.96875
-0.309882,0.634375,1.46353,1.96875
-0.301527,0.328125,1.46258,2.14375
-0.282504,0.35,1.46281,2.1
-0.279764,0.35,1.46167,2.03437
-0.300864,0.459375,1.46131,1.94687
-0.267504,0.39375,1.48857,2.0125
-0.297908,0.35,1.46117,2.03437
-0.281793,0.48125,1.46119,1.96875
-0.288938,0.503125,1.46141,1.96875
-0.286979,0.328125,1.46105,1.99063
-0.285401,0.525,1.46108,2.03437
-0.275101,0.328125,1.46072,1.99063
-0.256079,0.328125,1.46094,1.77188
-0.271564,0.371875,1.46058,1.96875
-0.25196,0.175,1.46002,2.16562
-0.267827,0.328125,1.46024,2.07812
-0.255782,0.35,1.45872,2.0125
-0.262345,0.371875,1.45836,1.96875
-0.260967,0.4375,1.45858,1.64062
-0.250086,0.415625,1.45803,2.0125
-0.256067,0.30625,1.45708,1.99063
-0.261467,0.39375,1.45556,1.90312
-0.26009,0.39375,1.45578,1.96875
-0.24979,0.39375,1.45601,1.925
-0.248212,0.39375,1.45623,1.925
-0.246634,0.415625,1.45645,1.96875
-0.245256,0.415625,1.45667,1.99063
-0.234375,0.371875,1.45611,1.925
-0.241519,0.39375,1.45634,1.96875
-0.222497,0.371875,1.45656,2.03437
-0.247286,0.39375,1.45678,2.0125
-0.236986,0.39375,1.457,2.03437
-0.249945,0.35,1.45723,1.96875
-0.225108,0.39375,1.45745,1.90312
-0.241175,0.39375,1.45767,1.85938
-0.245412,0.39375,1.45789,2.03437
-0.238601,0.371875,1.4587,1.96875
-0.237604,0.4375,1.4595,1.96875
-0.236227,0.371875,1.45972,1.96875
-0.249767,0.371875,1.46053,2.0125
-0.234234,0.415625,1.46133,1.925
-0.248356,0.284375,1.46271,1.96875
-0.24756,0.39375,1.46352,1.99063
-0.205279,0.371875,1.46374,1.96875
-0.263012,0.35,1.46513,1.96875
-0.245734,0.35,1.46709,1.96875
-0.254823,0.35,1.46906,1.96875
-0.245686,0.35,1.47044,1.94687
-0.263297,0.371875,1.47241,1.96875
-0.268697,0.35,1.474,1.96875
-0.254527,0.4375,1.47596,2.03437
-0.278534,0.35,1.47851,1.99063
-0.278701,0.35,1.48048,2.03437
-0.270145,0.35,1.48244,2.0125
-0.279816,0.371875,1.48499,2.03437
-0.280564,0.371875,1.48754,2.0125
-0.28073,0.371875,1.48971,2.03437
-0.290982,0.39375,1.49284,2.07812
-0.29173,0.371875,1.49538,2.03437
-0.307016,0.415625,1.49793,2.03437
-0.316486,0.39375,1.50048,2.07812
-0.326738,0.328125,1.50381,2.07812
-0.304227,0.39375,1.50636,2.03437
-0.297416,0.35,1.51007,2.03437
-0.298164,0.35,1.51262,2.0125
-0.322171,0.371875,1.51517,2.03437
-0.331641,0.196875,1.51751,2.0125
-0.324249,0.459375,1.52064,2.07812
-0.325579,0.371875,1.52357,2.16562
-0.312371,0.503125,1.5267,2.16562
-0.327656,0.459375,1.52905,2.03437
-0.347012,0.4375,1.53276,2.07812
-0.322175,0.4375,1.53569,2.07812
-0.34153,0.459375,1.5394,2.07812
-0.34286,0.503125,1.54233,2.03437
-0.335467,0.4375,1.54546,2.07812
-0.346101,0.4375,1.54917,2.07812
-0.356734,0.48125,1.55268,2.12188
-0.326664,0.503125,1.5564,2.07812
-0.343112,0.525,1.55991,2.12188
-0.345023,0.459375,1.56362,2.12188
-0.355075,0.503125,1.56655,2.12188
-0.357567,0.503125,1.57084,2.07812
-0.359479,0.503125,1.57455,2.16562
-0.360808,0.48125,1.57748,2.12188
-0.362719,0.48125,1.58119,2.12188
-0.365212,0.525,1.58548,2.12188
-0.38166,0.525,1.589,2.16562
-0.383571,0.525,1.59271,2.16562
-0.380449,0.525,1.597,2.16562
-0.396897,0.525,1.60051,2.1
-0.384853,0.525,1.6048,2.20938
-0.360016,0.525,1.60793,2.16562
-0.379953,0.503125,1.61203,2.16562
-0.396982,0.503125,1.61632,2.12188
-0.398893,0.525,1.62003,2.20938
-0.386267,0.6125,1.62374,2.16562
-0.397482,0.503125,1.62783,2.16562
-0.399975,0.56875,1.63213,2.23125
-0.401886,0.546875,1.63584,2.23125
-0.404379,0.590625,1.64013,2.20938
-0.413267,0.196875,1.6448,2.20938
-0.400641,0.6125,1.64851,2.16562
-0.425812,0.56875,1.65223,2.34063
-0.428886,0.6125,1.6571,2.20938
-0.430797,0.546875,1.66081,2.29688
-0.424567,0.65625,1.6651,2.23125
-0.444504,0.634375,1.6692,2.3625
-0.429553,0.678125,1.67349,2.16562
-0.432045,0.6125,1.67778,2.34063
-0.466519,0.678125,1.68207,2.23125
-0.431216,0.590625,1.68637,2.29688
-0.448245,0.678125,1.69066,2.275
-0.436201,0.6125,1.69495,2.42813
-0.470675,0.7875,1.70593,2.29688
-0.432464,0.65625,1.70295,2.42813
-0.443679,0.7,1.70725,2.23125
-0.451986,0.590625,1.71134,2.42813
-0.454479,0.678125,1.71563,2.31875
-0.456971,0.6125,1.71993,2.47187
-0.459464,0.809375,1.72422,2.31875
-0.488123,0.6125,1.72851,2.47187
-0.490616,0.65625,1.7328,2.34063
-0.460545,0.721875,1.73593,2.31875
-0.478156,0.7875,1.74081,2.34063
-0.471345,0.634375,1.74452,2.31875
-0.483141,0.65625,1.74939,2.31875
-0.493775,0.634375,1.7531,2.34063
-0.479023,0.634375,1.7576,2.38437
-0.475701,0.678125,1.76189,2.3625
-0.477612,0.65625,1.7656,2.40625
-0.46266,0.634375,1.76989,2.34063
-0.497134,0.65625,1.77418,2.3625
-0.484508,0.678125,1.7779,2.42813
-0.478279,0.65625,1.78219,2.40625
-0.494727,0.590625,1.7859,2.38437
-0.482101,0.634375,1.81229,2.42813
-0.484012,0.634375,1.79274,2.45
-0.485923,0.634375,1.79607,2.40625
-0.487834,0.634375,1.7992,2.45
-0.504282,0.525,1.80233,2.45
-0.500379,0.678125,1.80604,2.47187
-0.492986,0.7,1.82749,2.45
-0.476871,0.6125,1.81134,2.51562
-0.478782,0.6125,1.81447,2.45
-0.488834,0.56875,1.81623,2.45
-0.507608,0.678125,1.81878,2.49375
-0.491493,0.65625,1.82133,2.47187
-0.484101,0.65625,1.83841,2.49375
-0.479616,0.65625,1.82643,2.45
-0.494901,0.65625,1.82819,2.47187
-0.495649,0.634375,1.83016,2.55938
-0.472556,0.678125,1.83154,2.42813
-0.482608,0.634375,1.83467,2.47187
-0.483156,0.65625,1.83664,2.47187
-0.46646,0.65625,1.83861,2.51562
-0.49919,0.634375,1.84115,2.47187
-0.476679,0.65625,1.85708,2.51562
-0.486149,0.634375,1.84431,2.51562
-0.460149,0.6125,1.84569,2.51562
-0.487064,0.634375,1.86656,2.51562
-0.478508,0.65625,1.8723,2.45
-0.48856,0.65625,1.87427,2.51562
-0.488727,0.590625,1.88234,2.55938
-0.462727,0.590625,1.86657,2.5375
-0.471616,0.590625,1.85284,2.51562
-0.472364,0.590625,1.88853,2.55938
-0.457793,0.634375,1.8684,2.55938
-0.481219,0.590625,1.86078,2.5375
-0.458127,0.590625,1.88426,2.51562
-0.44899,0.634375,1.87227,2.55938
-0.472416,0.590625,1.87191,2.5375
-0.472582,0.634375,1.87213,2.51562
-0.464027,0.634375,1.89212,2.55938
-0.463612,0.65625,1.87141,2.5375
-0.472501,0.634375,1.89518,2.55938
-0.463945,0.678125,1.87883,2.55938
-0.46353,0.590625,1.87809,2.51562
-0.458464,0.65625,1.88936,2.55938
-0.458049,0.634375,1.88842,2.5375
-0.490197,0.634375,1.88196,2.58125
-0.464197,0.65625,1.89701,2.49375
-0.473086,0.65625,1.8949,2.5375
-0.449212,0.65625,1.88553,2.49375
-0.473219,0.634375,1.9,2.5375
-0.464664,0.678125,1.9042,2.58125
-0.459016,0.678125,1.90152,2.47187
-0.473719,0.65625,1.90988,2.55938
-0.48319,0.65625,1.91039,2.64688
-0.483356,0.765625,1.91469,2.58125
-0.474801,0.56875,1.91714,2.69062
-0.475549,0.74375,1.91271,2.58125
-0.49316,0.634375,1.91817,2.69062
-0.485186,0.7875,1.92508,2.58125
-0.49989,0.634375,1.9098,2.7125
-0.486101,0.765625,1.91235,2.58125
-0.496153,0.634375,1.9024,2.64688
-0.478875,0.83125,1.90349,2.58125
-0.488345,0.65625,1.89083,2.625
-0.497816,0.74375,1.88088,2.60312
-0.50496,0.65625,1.86104,2.60312
-0.499893,0.809375,1.85739,2.60312
-0.491919,0.7,1.83755,2.625
-0.507786,0.765625,1.83864,2.5375
-0.52656,0.678125,1.82453,2.5375
-0.519167,0.853125,1.82243,2.47187
-0.511775,0.65625,1.82052,2.5375
-0.513104,0.7875,1.81406,2.49375
-0.523738,0.7,1.81253,2.51562
-0.53379,0.853125,1.80249,2.51562
-0.526197,0.65625,1.80097,2.5375
-0.53683,0.765625,1.80023,2.42813
-0.53816,0.7,1.79144,2.49375
-0.540071,0.765625,1.79776,2.47187
-0.555938,0.721875,1.79644,2.45
-0.552034,0.809375,1.79492,2.55938
-0.544641,0.678125,1.80174,2.47187
-0.537249,0.896875,1.81068,2.47187
-0.562419,0.721875,1.80878,2.49375
-0.54863,0.809375,1.80493,2.47187
-0.559264,0.765625,1.81059,2.42813
-0.534427,0.7875,1.80965,2.47187
-0.561923,0.853125,1.81394,2.49375
-0.545808,0.7875,1.81541,2.47187
-0.546938,0.765625,1.81098,2.49375
-0.538964,0.678125,1.80577,2.49375
-0.525556,0.74375,1.79824,2.47187
-0.535027,0.721875,1.78508,2.51562
-0.536156,0.7,1.77726,2.51562
-0.528764,0.765625,1.75169,2.42813
-0.529512,0.765625,1.74901,2.49375
-0.544597,0.765625,1.73188,2.51562
-0.530227,0.721875,1.71853,2.49375
-0.531356,0.765625,1.71497,2.51562
-0.508264,0.7,1.699,2.47187
-0.514627,0.7,1.6966,2.45
-0.547356,0.7,1.70709,2.42813
-0.515541,0.678125,1.68144,2.45
-0.524812,0.7875,1.68379,2.38437
-0.524979,0.678125,1.68555,2.29688
-0.501686,0.678125,1.68752,2.3625
-0.509993,0.634375,1.68871,2.34063
-0.492716,0.678125,1.69067,2.29688
-0.509545,0.65625,1.69186,2.42813
-0.50913,0.678125,1.69324,2.3625
-0.523053,0.678125,1.69443,2.3625
-0.481934,0.7,1.69523,2.34063
-0.475123,0.7,1.69604,2.34063
-0.489045,0.65625,1.69722,2.3625
-0.478745,0.74375,1.69744,2.29688
-0.494993,0.7,1.69747,2.38437
-0.477134,0.7,1.69885,2.34063
-0.469741,0.678125,1.72155,2.3625
-0.449938,0.678125,1.69793,2.38437
-0.480923,0.65625,1.69874,2.40625
-0.43786,0.7,1.6976,2.40625
-0.429886,0.678125,1.69724,2.31875
-0.433541,0.634375,1.69668,2.3625
-0.439904,0.6125,1.69632,2.38437
-0.437745,0.634375,1.69596,2.34063
-0.420849,0.634375,1.6954,2.275
-0.424504,0.634375,1.69504,2.3625
-0.407808,0.6125,1.69468,2.31875
-0.419404,0.6125,1.69354,2.31875
-0.416664,0.634375,1.6926,2.34063
-0.40869,0.634375,1.69224,2.29688
-0.405749,0.7,1.6913,2.3625
-0.418708,0.65625,1.69132,2.34063
-0.392508,0.634375,1.69038,2.3625
-0.399071,0.6125,1.69002,2.34063
-0.410867,0.56875,1.68908,2.29688
-0.399786,0.546875,1.68852,2.31875
-0.391812,0.6125,1.68816,2.34063
-0.394304,0.56875,1.68664,2.40625
-0.384967,0.6125,1.68512,2.34063
-0.381645,0.525,1.6834,2.40625
-0.39266,0.459375,1.68187,2.3625
-0.375964,0.503125,1.68151,2.34063
-0.379038,0.590625,1.68057,2.34063
-0.376679,0.74375,1.68021,2.29688
-0.374519,0.590625,1.67985,2.275
-0.372941,0.503125,1.68008,2.25312
-0.370582,0.503125,1.67952,2.31875
-0.399823,0.48125,1.67858,2.29688
-0.391849,0.525,1.67822,2.29688
-0.372627,0.196875,1.67844,2.275
-0.393727,0.503125,1.67808,2.3625
-0.39253,0.459375,1.67888,2.25312
-0.385719,0.2625,1.67969,2.275
-0.389956,0.590625,1.67991,2.25312
-0.38876,0.48125,1.68071,2.275
-0.397067,0.525,1.6821,2.25312
-0.405375,0.525,1.68348,2.29688
-0.404179,0.56875,1.68429,2.29688
-0.412486,0.525,1.68567,2.3625
-0.412071,0.56875,1.68706,2.3625
-0.412038,0.590625,1.68903,2.29688
-0.411041,0.546875,1.68983,2.34063
-0.425745,0.56875,1.6918,2.275
-0.410593,0.6125,1.69318,2.275
-0.416575,0.546875,1.69515,2.42813
-0.401623,0.6125,1.69673,2.34063
-0.416327,0.590625,1.6987,2.3625
-0.425216,0.6125,1.70087,2.34063
-0.425382,0.6125,1.70303,2.34063
-0.41023,0.590625,1.70462,2.34063
-0.425516,0.590625,1.70717,2.25312
-0.425682,0.6125,1.70933,2.38437
-0.425849,0.6125,1.7115,2.38437
-0.426016,0.590625,1.71367,2.29688
-0.418041,0.6125,1.71621,2.47187
-0.435653,0.240625,1.71838,2.275
-0.418375,0.590625,1.72055,2.3625
-0.435986,0.65625,1.72271,2.3625
-0.42723,0.153125,1.72488,2.51562
-0.419256,0.525,1.72743,2.38437
-0.428145,0.590625,1.7296,2.34063
-0.419008,0.7875,1.73118,2.25312
-0.419175,0.590625,1.73335,2.29688
-0.426901,0.56875,1.73435,2.40625
-0.418345,0.503125,1.73652,2.3625
-0.435956,0.634375,1.73868,2.3625
-0.418097,0.590625,1.74027,2.34063
-0.403145,0.7,1.74185,2.38437
-0.425208,0.634375,1.74266,2.38437
-0.409675,0.503125,1.74366,2.38437
-0.424379,0.65625,1.74583,2.40625
-0.400704,0.765625,1.74741,2.42813
-0.409012,0.678125,1.749,2.38437
-0.408597,0.415625,1.75058,2.40625
-0.408764,0.678125,1.75275,2.38437
-0.407767,0.503125,1.75375,2.3625
-0.399212,0.503125,1.75592,2.38437
-0.389493,0.503125,1.75693,2.47187
-0.406523,0.65625,1.75851,2.40625
-0.406108,0.503125,1.7601,2.3625
-0.39639,0.503125,1.7611,2.42813
-0.395775,0.525,1.76288,2.38437
-0.377334,0.634375,1.76389,2.40625
-0.38506,0.503125,1.76489,2.40625
-0.375341,0.503125,1.7659,2.38437
-0.374927,0.503125,1.76748,2.42813
-0.368116,0.503125,1.76848,2.42813
-0.372934,0.48125,1.76949,2.40625
-0.365541,0.525,1.76991,2.40625
-0.37036,0.48125,1.77091,2.42813
-0.378086,0.459375,1.77212,2.45
-0.368367,0.459375,1.77312,2.42813
-0.36679,0.546875,1.77354,2.42813
-0.373934,0.284375,1.77397,2.42813
-0.363053,0.459375,1.77381,2.34063
-0.355079,0.4375,1.77385,2.42813
-0.352919,0.590625,1.77369,2.40625
-0.365879,0.459375,1.77411,2.42813
-0.350345,0.459375,1.77511,2.47187
-0.340627,0.48125,1.77632,2.42813
-0.353586,0.48125,1.77674,2.42813
-0.370616,0.48125,1.77833,2.625
-0.360697,0.546875,1.77933,2.7125
-0.336441,0.503125,1.78053,1.99063
-0.349982,0.503125,1.78154,2.40625
-0.356545,0.503125,1.78138,2.60312
-0.364853,0.503125,1.78316,2.40625
-0.355716,0.48125,1.78475,2.42813
-0.355301,0.39375,1.78633,2.42813
-0.345582,0.525,1.78754,2.45
-0.362612,0.546875,1.78912,2.42813
-0.362197,0.459375,1.79071,2.51562
-0.369923,0.525,1.79191,2.45
-0.360586,0.415625,1.7927,2.42813
-0.38303,0.503125,1.79328,2.31875
-0.36826,0.503125,1.79465,2.42813
-0.367645,0.525,1.79543,2.42813
-0.358108,0.525,1.79602,2.47187
-0.366797,0.56875,1.79738,2.45
-0.357841,0.7,1.79875,2.64688
-0.356445,0.48125,1.79875,2.47187
-0.386649,0.678125,1.79838,2.34063
-0.385253,0.2625,1.79858,2.55938
-0.375716,0.56875,1.79937,2.51562
-0.384404,0.721875,1.80053,2.3625
-0.392893,0.634375,1.8019,2.45
-0.367275,0.56875,1.80385,2.42813
-0.385067,0.6125,1.8058,2.47187
-0.399371,0.525,1.80716,2.45
-0.385382,0.546875,1.80891,2.47187
-0.394453,0.546875,1.81086,2.45
-0.386279,0.525,1.82734,2.45
-0.395349,0.56875,1.81475,2.49375
-0.395697,0.525,1.8167,2.47187
-0.387523,0.590625,1.81865,2.51562
-0.38729,0.4375,1.84976,2.5375
-0.397141,0.525,1.82177,2.55938
-0.403304,0.525,1.83767,2.5375
-0.397838,0.56875,1.82741,2.58125
-0.413504,0.525,1.84913,2.51562
-0.399316,0.546875,1.82723,2.51562
-0.382419,0.721875,1.8286,2.58125
-0.406027,0.48125,1.82997,2.40625
-0.40056,0.4375,1.83133,2.40625
-0.401108,0.546875,1.8327,2.5375
-0.393316,0.546875,1.83465,2.77813
-0.402586,0.546875,1.83601,2.5375
-0.426775,0.459375,1.83796,2.58125
-0.409879,0.525,1.83991,2.5375
-0.41953,0.590625,1.86056,2.49375
-0.405923,0.56875,1.84323,2.5375
-0.406471,0.56875,1.86785,2.58125
-0.413216,0.546875,1.86108,2.55938
-0.407949,0.546875,1.84791,2.625
-0.408879,0.546875,1.87311,2.49375
-0.433267,0.56875,1.86634,2.58125
-0.410356,0.546875,1.86771,2.55938
-0.402564,0.590625,1.85512,2.69062
-0.426371,0.525,1.85648,2.58125
-0.418579,0.546875,1.85843,2.625
-0.413312,0.590625,1.86038,2.5375
-0.419475,0.56875,1.86233,2.58125
-0.414208,0.590625,1.88201,2.55938
-0.420953,0.590625,1.86564,2.69062
-0.421301,0.590625,1.86759,2.5375
-0.416034,0.56875,1.86974,2.60312
-0.416382,0.590625,1.87111,2.5375
-0.408208,0.678125,1.87305,2.51562
-0.408556,0.590625,1.875,2.58125
-0.408523,0.590625,1.87637,2.625
-0.408871,0.6125,1.87832,2.60312
-0.409419,0.590625,1.88047,2.625
-0.401045,0.634375,1.89346,2.55938
-0.408953,0.634375,1.88262,2.58125
-0.400779,0.6125,1.88457,2.60312
-0.408686,0.590625,1.88555,2.625
-0.385393,0.546875,1.88692,2.5375
-0.399697,0.56875,1.88828,2.5375
-0.399664,0.590625,1.88965,2.66875
-0.417456,0.56875,1.8918,2.58125
-0.408119,0.6125,1.89258,2.625
-0.399164,0.590625,1.89395,2.66875
-0.384012,0.6125,1.90578,2.64688
-0.389593,0.56875,1.89572,2.625
-0.397882,0.546875,1.89649,2.66875
-0.396867,0.56875,1.89627,2.23125
-0.387712,0.4375,1.89684,2.69062
-0.37216,0.371875,1.89683,2.23125
-0.386264,0.459375,1.89739,2.625
-0.371293,0.48125,1.89796,2.625
-0.369697,0.525,1.89736,2.64688
-0.382638,0.6125,1.89677,2.60312
-0.382204,0.546875,1.92001,2.86563
-0.388749,0.525,1.89557,2.55938
-0.364475,0.56875,1.89556,2.60312
-0.345434,0.765625,1.89496,2.60312
-0.369423,0.503125,1.89378,2.69062
-0.373641,0.503125,1.89319,2.64688
-0.35809,0.546875,1.89317,2.625
-0.371612,0.503125,1.89316,2.60312
-0.364782,0.525,1.89314,2.64688
-0.346323,0.634375,1.89333,2.625
-0.336004,0.48125,1.89273,2.75625
-0.352434,0.459375,1.89272,2.60312
-0.351419,0.590625,1.8927,2.69062
-0.358545,0.546875,1.89211,2.60312
-0.35753,0.65625,1.89209,2.64688
-0.347212,0.35,1.8915,2.625
-0.337475,0.503125,1.89148,2.69062
-0.345182,0.65625,1.89147,2.64688
-0.35289,0.196875,1.89145,2.82187
-0.366993,0.634375,1.89222,2.84375
-0.342719,0.4375,1.8922,2.60312
-0.332982,0.4375,1.89219,2.60312
-0.34069,0.4375,1.89217,2.60312
-0.348979,0.48125,1.89274,2.69062
-0.353779,0.48125,1.89273,2.625
-0.346949,0.39375,1.89291,2.625
-0.337212,0.48125,1.8929,2.625
-0.344919,0.415625,1.89288,2.64688
-0.335764,0.39375,1.89345,2.625
-0.343471,0.48125,1.89343,2.64688
-0.342456,0.48125,1.89362,2.60312
-0.35656,0.4375,1.89418,2.66875
-0.341008,0.459375,1.89417,2.625
-0.35453,0.48125,1.89415,2.625
-0.345375,0.48125,1.89492,2.55938
-0.330404,0.4375,1.89549,2.64688
-0.343927,0.459375,1.89547,2.625
-0.360356,0.4375,1.89566,2.60312
-0.336664,0.459375,1.89623,2.64688
-0.350767,0.48125,1.89679,2.64688
-0.335216,0.503125,1.89698,2.20938
-0.326641,0.503125,1.89813,2.64688
-0.348886,0.48125,1.89811,2.60312
-0.365897,0.48125,1.89888,2.625
-0.348019,0.503125,1.89944,2.64688
-0.356308,0.48125,1.89943,2.47187
-0.347153,0.4375,1.9002,2.66875
-0.346719,0.48125,1.90018,2.60312
-0.354627,0.415625,1.90017,2.60312
-0.346053,0.590625,1.90151,2.86563
-0.344456,0.503125,1.90034,2.55938
-0.31146,0.503125,1.90052,2.55938
-0.334286,0.459375,1.92377,2.60312
-0.334434,0.48125,1.90165,2.75625
-0.342723,0.765625,1.92074,2.64688
-0.351012,0.459375,1.90241,2.625
-0.333134,0.371875,1.93254,2.625
-0.349364,0.56875,1.9016,2.45
-0.31753,0.328125,1.90196,2.49375
-0.325619,0.39375,1.90233,2.64688
-0.348445,0.459375,1.90191,2.60312
-0.33909,0.35,1.90228,2.51562
-0.338456,0.328125,1.90265,2.60312
-0.338604,0.459375,1.90281,2.69062
-0.33739,0.546875,1.9026,2.625
-0.313116,0.415625,1.90238,2.55938
-0.327019,0.590625,1.90255,2.66875
-0.334727,0.04375,1.9096,2.58125
-0.318975,0.590625,1.91608,2.58125
-0.333079,0.4375,1.90191,2.66875
-0.309186,0.04375,1.90207,2.58125
-0.331812,0.546875,1.90244,2.64688
-0.31626,0.415625,1.90223,2.51562
-0.315627,0.415625,1.90259,2.60312
-0.337871,0.39375,1.90238,2.60312
-0.327353,0.525,1.90138,2.625
-0.303079,0.39375,1.90117,2.60312
-0.301864,0.459375,1.90095,2.60312
-0.292127,0.35,1.90074,2.64688
-0.28219,0.35,1.90052,2.51562
-0.289316,0.13125,1.89953,2.12188
-0.296241,0.4375,1.89873,2.625
-0.294445,0.328125,1.89793,2.64688
-0.292849,0.13125,1.89714,2.51562
-0.28233,0.35,1.89634,2.64688
-0.280734,0.371875,1.89554,2.58125
-0.270216,0.503125,1.89475,2.64688
-0.277341,0.2625,1.89395,2.55938
-0.251704,0.30625,1.89237,2.51562
-0.290812,0.2625,1.89158,2.55938
-0.280875,0.284375,1.89136,2.77813
-0.261253,0.30625,1.88998,2.60312
-0.276319,0.30625,1.88861,2.51562
-0.250882,0.35,1.88723,2.64688
-0.281067,0.13125,1.88643,2.51562
-0.270749,0.328125,1.88564,2.60312
-0.251508,0.371875,1.88484,2.625
-0.249712,0.4375,1.88404,2.69062
-0.241719,0.415625,1.88267,2.58125
-0.231201,0.459375,1.88187,2.5375
-0.237745,0.48125,1.88049,2.55938
-0.23653,0.04375,1.88028,2.51562
-0.249471,0.328125,1.87948,2.625
-0.256397,0.30625,1.87868,2.55938
-0.24666,0.328125,1.87847,2.5375
-0.262308,0.590625,1.87767,2.64688
-0.25199,0.328125,1.87688,2.625
-0.250775,0.4375,1.87666,2.66875
-0.240456,0.56875,1.87587,2.58125
-0.239241,0.30625,1.87565,2.64688
-0.237064,0.30625,1.87427,2.55938
-0.253875,0.35,1.87464,2.60312
-0.226693,0.48125,1.87443,2.625
-0.242923,0.30625,1.87421,2.60312
-0.241908,0.459375,1.8742,2.64688
-0.249416,0.48125,1.87398,2.58125
-0.254216,0.39375,1.87377,2.60312
-0.253582,0.525,1.87413,2.625
-0.270593,-0.153125,1.8745,2.60312
-0.261238,0.175,1.87487,2.5375
-0.252082,0.4375,1.87523,2.60312
-0.245053,0.35,1.87522,2.60312
-0.277182,-0.0875,1.87617,2.51562
-0.250964,0.415625,1.87711,2.5375
-0.276697,0.30625,1.87748,2.625
-0.275482,0.371875,1.87727,2.51562
-0.282027,0.503125,1.8788,2.55938
-0.258134,0.4375,1.87936,2.75625
-0.281541,0.240625,1.88031,2.58125
-0.28149,0.39375,1.88126,2.55938
-0.282219,0.35,1.88279,2.69062
-0.276934,0.35,1.88452,2.60312
-0.283479,0.39375,1.88605,2.64688
-0.284008,0.39375,1.88758,2.51562
-0.29326,0.39375,1.88871,2.66875
-0.302512,0.4375,1.88984,2.69062
-0.31816,0.39375,1.89155,2.55938
-0.313456,0.39375,1.89326,2.60312
-0.287619,0.4375,1.89459,2.64688
-0.314897,0.4375,1.8963,2.64688
-0.315427,0.4375,1.89743,2.64688
-0.307816,0.39375,1.89914,2.55938
-0.31803,0.39375,1.90143,2.51562
-0.310419,0.459375,1.90314,2.66875
-0.302808,0.39375,1.90485,2.60312
-0.321364,0.371875,1.90657,2.64688
-0.328671,0.459375,1.90886,2.625
-0.306523,0.4375,1.91057,2.64688
-0.348919,0.4375,1.91286,2.55938
-0.332586,0.459375,1.91477,2.66875
-0.328464,0.459375,1.91707,2.58125
-0.33519,0.525,1.91878,2.64688
-0.336882,0.459375,1.92107,2.66875
-0.33276,0.503125,1.92336,2.69062
-0.333871,0.6125,1.92507,2.64688
-0.350101,0.48125,1.92698,2.73438
-0.374853,0.4375,1.92928,2.66875
-0.338167,0.48125,1.93099,2.60312
-0.345675,0.48125,1.93328,2.625
-0.347367,0.525,1.93557,2.66875
-0.333741,0.503125,1.93748,2.82187
-0.358693,0.196875,1.93978,2.77813
-0.351082,0.503125,1.94149,2.69062
-0.370219,0.415625,1.9432,2.73438
-0.339349,0.48125,1.94491,2.66875
-0.350145,0.48125,1.94798,2.69062
-0.35649,0.4375,1.94911,2.75625
-0.343645,0.459375,1.95141,2.66875
-0.359293,0.4375,1.95312,2.69062
-0.379012,0.459375,1.95619,2.7125
-0.36306,0.503125,1.95848,2.73438
-0.349634,0.48125,1.9602,2.7125
-0.360049,0.459375,1.96269,2.66875
-0.36116,0.48125,1.96382,2.69062
-0.353549,0.415625,1.96553,2.625
-0.378301,0.503125,1.96802,2.75625
-0.388134,0.284375,1.96973,2.73438
-0.348541,0.590625,1.97144,2.86563
-0.358956,0.590625,1.97394,2.73438
-0.36879,0.546875,1.97565,2.7125
-0.375516,0.48125,1.97736,2.7125
-0.362671,0.525,1.97985,2.69062
-0.377738,0.590625,1.98098,2.7125
-0.373616,0.546875,1.98327,2.75625
-0.380541,0.48125,1.98518,2.64688
-0.382034,0.546875,1.98748,2.77813
-0.359304,0.546875,1.98881,2.77813
-0.369138,0.48125,1.99052,2.77813
-0.393508,0.56875,2,2.75625
-0.380082,0.546875,1.99356,2.77813
-0.381193,0.546875,1.99527,2.77813
-0.349541,0.721875,1.9966,2.75625
-0.373912,0.525,1.99831,2.75625
-0.365138,0.525,1.99906,2.73438
-0.37439,0.525,2,2.77813
-0.390038,0.678125,2,2.8875
-0.36789,0.525,2,2.975
-0.37636,0.7,2,2.75625
-0.37689,0.21875,2,2.75625
-0.378001,0.56875,2,2.77813
-0.393649,0.56875,2,2.77813
-0.356382,0.56875,2,2.75625
-0.394708,0.525,2,2.77813
-0.371779,0.525,2,2.77813
-0.363586,0.546875,2,2.77813
-0.390864,0.546875,2,2.77813
-0.364645,0.525,2,2.77813
-0.365175,0.503125,2,2.75625
-0.35949,0.546875,2,2.77813
-0.365634,0.525,2,2.77813
-0.365182,0.525,2,2.77813
-0.350393,0.503125,2,2.75625
-0.358664,0.525,2,2.73438
-0.364808,0.546875,2,2.77813
-0.349819,0.56875,2,2.77813
-0.372827,0.525,2,2.77813
-0.349316,0.6125,2,2.77813
-0.357586,0.503125,2,2.75625
-0.357334,0.503125,2,2.77813
-0.34816,0.459375,2,2.77813
-0.330464,0.525,2,2.77813
-0.370716,0.503125,2,2.77813
-0.346041,0.56875,2,2.75625
-0.360127,0.546875,2,2.77813
-0.353479,0.48125,2,2.8
-0.353227,0.48125,2,2.7125
-0.352775,0.459375,2,2.77813
-0.342638,0.7,2,2.8
-0.32416,0.546875,2,2.73438
-0.349493,0.459375,2,2.75625
-0.331016,0.7,2,2.66875
-0.348208,0.634375,2,2.75625
-0.339234,0.48125,2,2.73438
-0.338782,0.503125,2,2.77813
-0.346671,0.503125,2,2.69062
-0.328193,0.48125,2,2.75625
-0.351201,0.48125,2,2.73438
-0.350749,0.48125,2,2.77813
-0.33596,0.525,2,2.75625
-0.34443,0.503125,2,2.90937
-0.335838,0.48125,2,2.77813
-0.350123,0.459375,2,2.64688
-0.367116,0.415625,2,2.84375
-0.358723,0.415625,2,2.82187
-0.358853,0.4375,2,2.77813
-0.359182,0.459375,2,2.73438
-0.336253,0.39375,2,2.77813
-0.335801,0.39375,2,2.82187
-0.368693,0.503125,2,2.69062
-0.351379,0.4375,2,2.8
-0.35229,0.459375,2,2.73438
-0.370064,0.503125,2,2.7125
-0.385312,0.48125,2,2.73438
-0.35366,0.590625,2,2.75625
-0.35379,0.459375,2,2.77813
-0.380867,0.525,2,2.75625
-0.381779,0.546875,2,2.82187
-0.388304,0.503125,2,2.77813
-0.383401,0.525,2,2.75625
-0.384112,0.525,2,2.73438
-0.366997,0.525,2,2.8
-0.367327,0.503125,2,2.8
-0.377341,0.503125,2,2.84375
-0.418956,0.525,2,2.8
-0.402223,0.503125,2,2.8
-0.388597,0.56875,2,2.975
-0.389508,0.546875,2,2.69062
-0.390219,0.328125,2,2.7125
-0.406249,0.590625,2,2.7125
-0.392423,0.590625,2,2.7125
-0.393334,0.525,2,2.7125
-0.426808,0.56875,2,2.7125
-0.396119,0.6125,2,2.82187
-0.403427,0.7,2,2.77813
-0.398323,0.590625,2,2.8
-0.414353,0.634375,2,2.77813
-0.401308,0.546875,2,2.69062
-0.402601,0.546875,2,2.77813
-0.436656,0.875,2,2.40625
-0.406167,0.590625,2,2.75625
-0.40746,0.30625,2,2.8
-0.432212,0.678125,2,2.77813
-0.442227,0.525,2,2.77813
-0.418134,0.7,2,2.58125
-0.445212,0.503125,2,2.8
-0.420338,0.634375,2,2.75625
-0.463116,0.65625,2,2.8
-0.44193,0.546875,2,2.75625
-0.433919,0.56875,2,2.8
-0.42669,0.74375,2,2.8
-0.454149,0.590625,2,2.75625
-0.437997,0.6125,2,2.73438
-0.447812,0.546875,2,2.47187
-0.43166,0.6125,2,2.75625
-0.432753,0.56875,2,2.75625
-0.433264,0.6125,2,2.625
-0.42796,0.678125,2,2.73438
-0.428471,0.459375,2,2.66875
-0.412319,0.175,2,2.84375
-0.444812,0.721875,2,2.8
-0.422645,0.6125,2,2.7125
-0.445834,0.590625,2,2.8
-0.422504,0.546875,2,2.8
-0.41333,0.809375,2,2.75625
-0.421982,0.634375,2,2.77813
-0.430634,0.678125,2,2.77813
-0.413119,0.765625,2,2.77813
-0.430493,0.56875,2,2.8
-0.412597,0.678125,2,2.86563
-0.411945,0.240625,2,2.8
-0.396756,0.56875,2,2.7125
-0.396686,0.56875,2,2.7125
-0.395453,0.590625,2,2.77813
-0.394419,0.503125,2,2.86563
-0.393767,0.546875,2,2.73438
-0.392534,0.48125,2,2.75625
-0.358738,0.35,2,2.7125
-0.380964,0.415625,2,2.77813
-0.37973,0.546875,2,2.7125
-0.377916,0.678125,2,2.51562
-0.359238,0.48125,2,2.7125
-0.38359,0.503125,2,2.86563
-0.373834,0.525,2,2.7125
-0.348179,0.546875,2,2.7125
-0.346364,0.503125,2,2.77813
-0.333501,0.415625,2,2.82187
-0.355145,0.415625,2,2.47187
-0.328327,0.459375,2,2.7125
-0.325349,0.503125,2,2.99688
-0.290971,0.459375,2,2.8
-0.296334,0.4375,2,2.8
-0.298008,0.48125,1.99998,2.8
-0.289797,0.48125,1.99738,2.95312
-0.292053,0.371875,1.99362,2.7125
-0.272212,0.415625,1.98812,2.7125
-0.278738,0.371875,1.98572,2.7125
-0.27576,0.284375,1.98254,2.8
-0.255338,0.371875,1.97937,2.7125
-0.25236,0.35,1.97639,2.7125
-0.249001,0.328125,1.97263,2.69062
-0.262886,0.065625,1.96887,2.73438
-0.23316,0.459375,1.96531,2.7125
-0.215064,0.328125,1.96155,2.84375
-0.234382,0.503125,1.95721,2.69062
-0.221519,0.39375,1.95307,2.7125
-0.212145,-0.04375,1.94931,2.8
-0.208586,0.415625,1.94575,2.69062
-0.204645,0.4375,1.94141,2.7125
-0.213879,0.30625,1.93591,2.69062
-0.202179,0.459375,1.93293,2.69062
-0.192804,0.30625,1.92917,2.58125
-0.188864,0.30625,1.92483,2.66875
-0.19926,0.2625,1.92069,2.64688
-0.186979,0.328125,1.91693,2.69062
-0.184001,0.30625,1.91395,2.66875
-0.174827,-0.021875,1.91019,2.69062
-0.177664,0.328125,1.90721,2.58125
-0.173523,0.328125,1.90287,2.66875
-0.18799,0.2625,1.8997,2.58125
-0.17649,0.284375,1.89672,2.64688
-0.196771,0.35,1.89354,2.64688
-0.155416,0.30625,1.88998,2.66875
-0.175697,0.2625,1.8868,2.625
-0.181641,0.2625,1.88383,2.64688
-0.169941,0.2625,1.88065,2.58125
-0.175686,0.240625,1.87767,2.625
-0.172908,0.240625,1.87449,2.625
-0.143182,0.21875,1.87093,2.58125
-0.18149,0.284375,1.86834,2.625
-0.155253,0.0875,1.86536,2.58125
-0.161779,0.2625,1.86276,2.58125
-0.158801,0.284375,1.85958,2.64688
-0.161638,0.284375,1.85641,2.58125
-0.144123,0.21875,1.85323,2.55938
-0.155101,0.284375,1.84947,2.58125
-0.129445,0.328125,1.84687,2.55938
-0.149727,0.21875,1.8437,2.58125
-0.141516,0.2625,1.8411,2.58125
-0.139119,0.196875,1.8385,2.58125
-0.142538,0.196875,1.83591,2.5375
-0.157586,0.196875,1.83331,2.5375
-0.146667,0.153125,1.83071,2.55938
-0.144853,0.21875,1.8287,2.58125
-0.127919,0.196875,1.8261,2.5375
-0.125523,0.196875,1.82351,2.49375
-0.128941,0.196875,1.82091,2.5375
-0.14399,0.153125,1.81831,2.42813
-0.118334,0.175,1.81572,2.5375
-0.130475,0.21875,1.81312,2.49375
-0.119356,0.21875,1.81053,2.5375
-0.125682,0.240625,1.80793,2.49375
-0.13259,0.2625,1.80591,2.47187
-0.112749,0.153125,1.80332,2.51562
-0.142534,0.109375,1.80072,2.49375
-0.125601,0.109375,1.79813,2.5375
-0.115064,0.21875,1.79611,2.49375
-0.135927,0.284375,1.79351,2.49375
-0.118993,0.196875,1.79092,2.49375
-0.0939193,0.240625,1.7889,2.49375
-0.0979193,0.240625,1.78689,2.49375
-0.104245,0,1.78449,2.49375
-0.10243,0.21875,1.78248,2.49375
-0.109338,-0.021875,1.78046,2.42813
-0.0982193,0.240625,1.77787,2.34063
-0.0873007,0.196875,1.77527,2.42813
-0.0802526,0.196875,1.77384,2.47187
-0.0784378,0.175,1.77182,2.3625
-0.108023,0.175,1.76923,2.49375
-0.0974859,0.21875,1.76721,2.45
-0.0956711,0.196875,1.7654,2.45
-0.10316,0.175,1.76396,2.47187
-0.092623,0.2625,1.76195,2.45
-0.0995304,0.175,1.75993,2.49375
-0.0977156,0.175,1.75792,2.40625
-0.102497,0.196875,1.75648,2.45
-0.100682,0.196875,1.75467,2.42813
-0.0843304,0.21875,1.75265,2.42813
-0.106938,0.196875,1.7518,2.40625
-0.113845,0.175,1.74979,2.45
-0.0893526,0.196875,1.74835,2.45
-0.102656,0.175,1.74692,2.45
-0.0927007,0.196875,1.74569,2.49375
-0.0992267,-0.30625,1.74077,2.625
-0.0979933,0.415625,1.74224,2.42813
-0.0886193,0.175,1.74139,2.38437
-0.0961081,0.371875,1.74015,2.42813
-0.0954563,0.196875,1.7393,2.38437
-0.111086,0.109375,1.73729,2.49375
-0.101712,-0.04375,1.73644,2.40625
-0.0923378,0.39375,1.73578,2.38437
-0.10913,-0.021875,1.73493,2.40625
-0.108097,0.196875,1.7335,2.42813
-0.113841,0.0875,1.73323,2.40625
-0.139938,-0.065625,1.73316,2.3625
-0.107304,0.065625,1.73231,2.45
-0.107234,0.21875,1.73204,2.40625
-0.0885563,0.021875,1.7308,2.42813
-0.119886,0.196875,1.72995,2.42813
-0.120597,0.196875,1.73026,2.29688
-0.119945,0.196875,1.72961,2.3625
-0.119875,0.21875,1.72934,2.45
-0.110501,0.0875,1.72849,2.12188
-0.127293,0.0875,1.72784,2.38437
-0.142341,0.153125,1.72815,2.42813
-0.119593,0.153125,1.72846,2.3625
-0.137167,0.13125,1.72839,2.31875
-0.152797,0.2625,1.72928,2.40625
-0.129467,0.153125,1.72901,2.49375
-0.138701,0.0875,1.72952,2.34063
-0.145027,0.284375,1.72983,2.40625
-0.172286,0.175,1.73073,2.45
-0.140816,0.175,1.73124,2.3625
-0.141527,0.196875,1.73155,2.3625
-0.133316,0.21875,1.73206,2.3625
-0.165808,0.21875,1.73237,2.38437
-0.190741,0.153125,1.73384,2.38437
-0.168575,0.21875,1.73494,2.31875
-0.152223,0.240625,1.73583,2.3625
-0.153316,0.240625,1.73692,2.45
-0.18659,0.04375,1.73781,2.55938
-0.188264,0.240625,1.73949,2.42813
-0.166097,0.196875,1.74038,2.47187
-0.167771,0.196875,1.74205,2.45
-0.193286,0.196875,1.74411,2.45
-0.179841,0.175,1.745,2.45
-0.205556,0.21875,1.74726,2.42813
-0.175249,0.196875,1.74873,2.45
-0.208704,0.21875,1.75021,2.45
-0.234219,0.21875,1.75206,2.45
-0.23066,0.21875,1.75392,2.45
-0.232916,0.35,1.75577,2.45
-0.225667,0.284375,1.75705,2.45
-0.19536,0.328125,1.75832,2.42813
-0.197616,0.30625,1.76018,2.49375
-0.208393,0.371875,1.76203,2.3625
-0.243212,0.30625,1.76447,2.47187
-0.219301,0.30625,1.76633,2.47187
-0.206819,0.284375,1.76818,2.47187
-0.255012,0.35,1.76965,2.47187
-0.257849,0.30625,1.77209,2.49375
-0.222108,0.371875,1.77395,2.47187
-0.261579,0.30625,1.77522,2.47187
-0.264416,0.39375,1.77766,2.45
-0.210849,0.328125,1.77893,2.47187
-0.222208,0.065625,1.78137,2.31875
-0.256445,0.30625,1.78323,2.49375
-0.235441,0.39375,1.78528,2.49375
-0.260756,0.328125,1.78714,2.49375
-0.254871,0.415625,1.78957,2.58125
-0.288527,0.328125,1.79085,2.47187
-0.244645,0.39375,1.79328,2.49375
-0.246319,0.35,1.79456,2.47187
-0.240434,0.2625,1.7972,2.49375
-0.282812,0.39375,1.79847,2.49375
-0.276145,0.371875,1.80033,2.58125
-0.30166,0.35,1.80218,2.47187
-0.271353,0.371875,1.80345,2.51562
-0.281549,0.48125,1.80493,2.5375
-0.292527,0.39375,1.80678,2.49375
-0.300016,0.240625,1.80806,2.58125
-0.287153,0.2625,1.80933,2.5375
-0.29793,0.65625,1.81119,2.69062
-0.290882,-0.065625,1.81266,2.49375
-0.251853,0.459375,1.81394,2.49375
-0.270771,0.2625,1.81521,2.64688
-0.286982,0.196875,1.81648,2.49375
-0.265979,0.415625,1.81854,2.55938
-0.249627,0.415625,1.81923,2.49375
-0.259241,0.415625,1.81993,2.47187
-0.269638,0.415625,1.8214,2.49375
-0.280034,0.415625,1.82267,2.49375
-0.272204,0.415625,1.82337,2.51562
-0.282601,0.415625,1.82464,2.40625
-0.266249,0.196875,1.82553,2.5375
-0.259201,0,1.82681,2.75625
-0.268816,0.328125,1.8275,2.49375
-0.261186,0.503125,1.82839,2.49375
-0.256464,0.459375,1.82908,2.45
-0.271512,0.328125,1.8292,2.5375
-0.264264,0.48125,1.83067,2.55938
-0.265356,0.56875,1.83136,2.49375
-0.260634,0.328125,1.83205,2.55938
-0.26696,0.503125,1.83237,2.49375
-0.267853,0.4375,1.83306,2.5375
-0.268945,0.415625,1.83395,2.5375
-0.26306,0.328125,1.8329,2.55938
-0.27849,0.39375,1.83359,2.69062
-0.270279,0.678125,1.8339,2.55938
-0.24753,0.35,1.83401,2.55938
-0.280023,0.415625,1.83433,2.5375
-0.279753,0.328125,1.83385,2.49375
-0.265727,0.371875,1.83397,2.7125
-0.265656,0.284375,1.8337,2.55938
-0.248141,0.371875,1.83323,2.45
-0.265897,0.371875,1.83354,2.5375
-0.247801,0.35,1.83248,2.5375
-0.256453,0.284375,1.83221,2.5375
-0.265686,0.35,1.83233,2.55938
-0.238086,0.240625,1.83069,2.5375
-0.237434,0.35,1.82984,2.55938
-0.222827,0.240625,1.82937,2.5375
-0.23613,0.35,1.82794,2.5375
-0.228501,0.35,1.82572,2.55938
-0.210204,0.30625,1.82487,2.5375
-0.217693,0.30625,1.82324,2.49375
-0.230416,0.240625,1.82122,2.49375
-0.205923,0.415625,1.81959,2.58125
-0.212049,0.21875,1.81699,2.12188
-0.210816,0.240625,1.81536,2.5375
-0.200279,0.4375,1.81334,2.55938
-0.183927,0.2625,1.81113,2.60312
-0.187727,0.13125,1.80911,2.49375
-0.194634,0.13125,1.8069,2.49375
-0.192819,0.109375,1.80488,2.49375
-0.182864,0.240625,1.80345,2.49375
-0.197712,0.2625,1.80065,2.45
-0.172638,0.240625,1.79864,2.47187
-0.162101,0.2625,1.79643,2.5375
-0.175404,0.240625,1.79499,2.47187
-0.159634,0.21875,1.79336,2.51562
-0.180879,0.175,1.79134,2.47187
-0.156386,0.21875,1.78991,2.47187
-0.163875,0.196875,1.78828,2.45
-0.153338,0.13125,1.78626,2.47187
-0.16586,0.196875,1.78405,2.47187
-0.158812,0.196875,1.78221,2.49375
-0.156797,0.196875,1.7798,2.47187
-0.14606,0.153125,1.77718,2.49375
-0.167886,0.240625,1.77535,2.45
-0.151916,0.2625,1.77352,2.40625
-0.141179,0.21875,1.7709,2.45
-0.139364,0.21875,1.76849,2.45
-0.152467,0.196875,1.76665,2.45
-0.145219,0.240625,1.76482,2.47187
-0.149019,0.21875,1.76221,2.42813
-0.147586,0.240625,1.76037,2.45
-0.146153,0.196875,1.75854,2.45
-0.15286,0.240625,1.75613,2.45
-0.142904,0.2625,1.75409,2.45
-0.150193,0.2625,1.75226,2.47187
-0.14876,0.240625,1.75043,2.42813
-0.138604,0.196875,1.74859,2.3625
-0.145893,0.13125,1.74656,2.40625
-0.121201,0.21875,1.74473,2.40625
-0.143227,0.196875,1.74289,2.42813
-0.127256,0.21875,1.74106,2.40625
-0.148501,0.196875,1.73864,2.3625
-0.138927,0.284375,1.73719,2.40625
-0.113653,0.21875,1.73478,2.40625
-0.13606,0.175,1.73353,2.42813
-0.119708,0.175,1.73111,2.42813
-0.0996674,0.175,1.72811,2.31875
-0.130216,0.284375,1.72608,2.3625
-0.127619,0.30625,1.72308,2.3625
-0.111649,0.328125,1.72125,2.38437
-0.110216,0.196875,1.71942,2.3625
-0.122938,0.21875,1.717,2.23125
-0.112201,0.109375,1.71459,2.40625
-0.104953,0.196875,1.71275,2.38437
-0.117475,0.0875,1.71014,2.3625
-0.116041,0.175,1.70831,2.20938
-0.12333,0.175,1.70647,2.34063
-0.112793,0.284375,1.70406,2.38437
-0.102638,0.175,1.70223,2.3625
-0.101204,0.196875,1.70039,2.3625
-0.116634,0.415625,1.69798,2.3625
-0.09136,0.196875,1.69556,2.31875
-0.0901267,0.196875,1.69373,2.3625
-0.0782267,0.175,1.68995,2.31875
-0.0907489,0.153125,1.68754,2.34063
-0.0829193,0.153125,1.68512,2.3625
-0.0716007,-0.21875,1.68213,2.3625
-0.0692044,0.153125,1.67913,1.90312
-0.0439304,0.13125,1.67671,2.34063
-0.0628489,0.0875,1.67197,2.34063
-0.0521119,0.021875,1.66956,2.3625
-0.0495156,0.021875,1.66656,2.3625
-0.0558415,0,1.66357,2.3625
-0.0520822,0,1.65941,2.29688
-0.016923,0.21875,1.65583,2.3625
-0.0375859,0.04375,1.65283,2.31875
-0.0198711,0.065625,1.62222,2.38437
-0.0232896,0.065625,1.64684,2.31875
0.00372889,0.021875,1.64268,2.3625
-0.0111193,0.109375,1.63968,2.31875
-0.0143378,0.0875,1.63669,2.20938
-0.01116,0.065625,1.63311,2.23125
-0.0174859,0.065625,1.63011,2.25312
-0.00558593,0,1.62654,2.34063
0.0132919,-0.021875,1.6218,2.0125
0.0176326,0.21875,1.61705,2.25312
0.0295326,0.240625,1.61348,2.25312
0.0249511,-0.0875,1.60874,2.23125
0.0374326,-0.065625,1.60458,2.25312
0.0493326,0.240625,1.601,2.20938
0.0118067,-0.0875,1.598,2.25312
0.0574326,0.109375,1.59288,2.20938
0.0522696,0.04375,1.58872,2.20938
0.0560289,0.284375,1.58456,2.20938
0.0685104,-0.109375,1.5804,2.20938
0.0548252,-0.21875,1.57624,2.20938
0.0752474,0.065625,1.57267,2.25312
0.0708659,0.109375,1.56793,2.40625
0.0897437,0.065625,1.56318,2.1875
0.0783844,0.065625,1.55961,2.1875
0.0813622,0.04375,1.55623,2.1875
0.067677,0.04375,1.55207,2.16562
0.0882993,-0.175,1.54849,2.1875
0.0827548,0.175,1.54491,2.16562
0.0772104,-0.284375,1.54134,2.12188
0.0976326,0.0875,1.53776,2.16562
0.0775511,-0.153125,1.53418,2.12188
0.0946844,0.021875,1.53138,2.07812
0.122284,-0.175,1.52664,2.12188
0.0926993,0.13125,1.52423,2.12188
0.0807585,-0.153125,1.52123,2.1
0.107196,0.0875,1.51765,2.1
0.0952548,-0.13125,1.51486,2.12188
0.0889289,0,1.51186,2.12188
0.106062,-0.284375,1.50887,2.03437
0.0941215,0.065625,1.50587,2.20938
0.10544,-0.0875,1.50287,2.07812
0.114233,0.0875,1.4995,2.1
0.0924067,-0.30625,1.49766,2.05625
0.0944215,-0.0875,1.49525,2.07812
0.105159,-0.065625,1.49283,2.03437
0.107555,-0.021875,1.49004,2.05625
0.100847,-0.04375,1.48762,2.25312
0.102862,-0.065625,1.48521,2.07812
0.113018,0,1.48337,1.96875
0.0981696,-0.04375,1.48018,2.05625
0.100184,0.021875,1.47756,2.05625
0.0783585,-0.2625,1.47553,2.05625
0.0885141,0,1.4735,2.05625
0.0814252,-0.2625,1.47146,2.0125
0.132284,0,1.46943,2.07812
0.0837104,-0.328125,1.46798,2.05625
0.0938659,-0.021875,1.46594,2.0125
0.086577,0,1.46391,2.0125
0.0975141,0.04375,1.4613,1.99063
0.0809215,-0.240625,1.45984,1.96875
0.091077,-0.13125,1.45761,2.03437
0.0919289,-0.30625,1.45616,2.03437
0.0695215,0.04375,1.45471,2.0125
0.103718,0.21875,1.45209,2.03437
0.10457,0.175,1.45064,1.96875
0.0873956,0.04375,1.44977,2.1
0.0888289,0.065625,1.44774,2.0125
0.0832844,0.109375,1.44687,1.94687
0.0905326,0.065625,1.44483,2.0125
0.0851881,-0.0875,1.44396,1.99063
0.0854585,-0.2625,1.44309,2.0125
0.0921252,-0.109375,1.44164,1.99063
0.0865807,-0.2625,1.44077,2.0125
0.0868511,-0.13125,1.4399,2.0125
0.0935178,-0.284375,1.43845,1.99063
0.0881733,-0.109375,1.43758,1.99063
0.0942585,0.0875,1.43671,1.99063
0.0892956,-0.13125,1.43525,2.0125
0.0895659,0.0875,1.43438,2.0125
0.0962326,-0.153125,1.43313,1.99063
0.0908881,-0.30625,1.43226,1.99063
0.0824363,-0.196875,1.43139,1.99063
0.0914289,0.109375,1.43052,1.96875
0.0835585,-0.284375,1.42907,1.94687
0.0989474,-0.240625,1.42762,1.94687
0.0992178,-0.175,1.42675,1.96875
0.0849511,0.021875,1.42588,2.0125
0.10054,-0.284375,1.42443,1.99063
0.0874363,0.0875,1.42239,1.99063
0.110966,-0.065625,1.42152,1.99063
0.103096,-0.021875,1.42007,1.94687
0.103947,-0.21875,1.41882,1.99063
0.121662,0.04375,1.41795,1.925
0.100036,-0.021875,1.41591,1.99063
0.100307,-0.371875,1.41504,1.96875
0.106392,-0.21875,1.41417,1.96875
0.107825,-0.240625,1.41214,2.07812
0.108096,-0.153125,1.41127,2.1
0.126973,0.021875,1.40944,2.0125
0.119103,-0.153125,1.40798,1.90312
0.105618,-0.30625,1.40653,1.94687
0.121007,-0.196875,1.40508,1.94687
0.121859,-0.2625,1.40363,1.94687
0.123292,-0.30625,1.4016,1.99063
0.133447,-0.196875,1.39976,1.96875
0.116855,-0.175,1.39831,1.94687
0.135733,0.196875,1.39628,1.94687
0.137366,-0.153125,1.39483,1.94687
0.139381,-0.196875,1.39221,1.90312
0.132092,-0.196875,1.39038,1.68437
0.142247,-0.021875,1.38834,1.72812
0.13554,-0.175,1.38573,1.925
0.160233,-0.021875,1.3837,1.90312
0.137825,-0.371875,1.38244,1.85938
0.147981,-0.021875,1.38041,1.85938
0.140892,-0.153125,1.37838,1.925
0.151047,-0.371875,1.37634,1.90312
0.143177,-0.153125,1.37509,1.99063
0.162055,-0.371875,1.37306,1.90312
0.154766,-0.065625,1.37103,1.90312
0.156199,-0.39375,1.36919,1.85938
0.166355,-0.39375,1.36716,1.90312
0.149762,-0.328125,1.36571,1.88125
0.159536,0.04375,1.36425,1.99063
0.151666,-0.4375,1.363,1.90312
0.170544,-0.30625,1.36097,1.90312
0.15337,-0.4375,1.3601,1.90312
0.178062,-0.415625,1.35827,1.85938
0.164377,-0.109375,1.35681,1.85938
0.156507,-0.39375,1.35536,1.85938
0.167244,-0.415625,1.35295,1.575
0.159955,-0.065625,1.35091,1.90312
0.161588,-0.109375,1.34946,1.88125
0.154299,-0.35,1.34763,1.90312
0.165036,-0.35,1.34501,1.75
0.151933,-0.109375,1.34298,1.85938
0.159181,-0.56875,1.34115,1.88125
0.146077,-0.065625,1.33911,1.68437
0.170188,-0.021875,1.33786,1.90312
0.162899,-0.0875,1.33583,1.90312
0.157355,-0.371875,1.33496,1.85938
0.165184,-0.35,1.33254,1.8375
0.151118,-0.30625,1.33167,1.88125
0.161273,-0.13125,1.32984,1.85938
0.152821,-0.371875,1.32897,1.81563
0.143788,-0.30625,1.32868,1.90312
0.134755,-0.13125,1.32859,1.85938
0.153051,-0.35,1.32714,1.8375
0.144018,-0.196875,1.32705,1.90312
0.15301,-0.153125,1.32618,1.81563
0.143396,-0.35,1.32667,1.77188
0.128547,-0.35,1.32638,1.8375
0.118933,-0.153125,1.32688,1.8375
0.119203,-0.48125,1.32601,1.85938
0.127233,0,1.3265,1.81563
0.132155,-0.284375,1.32659,1.81563
0.126229,-0.2625,1.3261,1.8375
0.116614,-0.415625,1.3262,1.85938
0.124062,-0.175,1.32687,1.88125
0.113866,-0.196875,1.32774,1.8375
0.121896,-0.328125,1.32784,1.85938
0.102977,-0.13125,1.32851,1.88125
0.101703,-0.175,1.32918,1.85938
0.0769696,-0.175,1.32986,1.8375
0.107677,-0.196875,1.33073,1.81563
0.0509622,-0.2625,1.33141,1.96875
0.0723659,-0.2625,1.33266,1.90312
0.0941511,0,1.33334,1.88125
0.092877,0.021875,1.33401,1.79375
0.0908215,-0.175,1.33547,1.85938
0.0808252,-0.175,1.33614,1.85938
0.0409733,-0.153125,1.3374,1.81563
0.062177,0.328125,1.33865,1.90312
0.0690437,-0.065625,1.34011,1.8375
0.0408215,-0.196875,1.34136,1.88125
0.0802511,-0.35,1.34204,2.0125
0.0078363,-0.175,1.34407,1.88125
0.0205178,0.175,1.34533,1.88125
0.0271844,-0.153125,1.34658,1.88125
0.0311437,-0.109375,1.34784,1.90312
0.0546733,-0.175,1.34988,1.90312
0.0202548,-0.175,1.35171,1.88125
-0.00506,-0.175,1.35297,1.88125
-0.00749704,-0.153125,1.35501,1.90312
0.00440296,0.13125,1.35684,1.85938
0.00196593,0.13125,1.35868,1.90312
-0.0152081,-0.175,1.36072,1.90312
-0.0176452,-0.153125,1.36255,1.90312
-0.00574519,-0.153125,1.36439,1.90312
0.0325215,0.153125,1.36643,1.90312
-0.0195415,0.21875,1.37059,1.88125
0.0326807,0.175,1.3701,1.85938
-0.0310119,-0.153125,1.37214,1.88125
0.0276067,-0.2625,1.37398,1.90312
0.0185733,-0.175,1.3764,1.925
0.00721407,-0.196875,1.37843,1.90312
-0.0417415,-0.153125,1.38027,1.94687
0.00155852,-0.153125,1.38289,1.85938
-0.0101822,0.175,1.38531,1.96875
-0.0506156,0.153125,1.38714,1.925
-0.00711556,0.196875,1.38976,1.925
-0.0330119,0.21875,1.3916,2.12188
-0.00404889,0.109375,1.39422,1.88125
-0.0154081,0.48125,1.39605,1.85938
-0.00388963,0.153125,1.39867,1.94687
-0.0303674,0.0875,1.40109,1.94687
-0.0103267,0.13125,1.40351,1.85938
-0.0744007,0,1.40613,1.88125
-0.0770378,0.30625,1.40797,1.99063
-0.0800563,0.153125,1.41058,1.94687
-0.0832748,0.196875,1.413,2.14375
-0.0862933,0.196875,1.41562,1.96875
-0.0889304,-0.0875,1.41746,1.94687
-0.0919489,0.175,1.42008,1.99063
-0.0957489,0.021875,1.42308,1.96875
-0.0844304,0.196875,1.4257,1.96875
-0.0467452,-0.2625,1.42811,2.0125
-0.0819452,0,1.43073,1.96875
-0.108223,-0.0875,1.43315,1.96875
-0.112023,0.2625,1.43635,1.99063
-0.0917822,-0.2625,1.43877,1.925
-0.0630193,0.175,1.44139,1.99063
-0.115664,-0.175,1.44381,1.99063
-0.125079,0.30625,1.44701,2.23125
-0.0817785,-0.13125,1.44943,1.94687
-0.130734,-0.109375,1.45146,2.03437
-0.133953,-0.240625,1.45408,2.03437
-0.137553,0.371875,1.45708,2.0125
-0.102975,0.39375,1.4597,2.03437
-0.0887489,0.153125,1.46212,2.03437
-0.14759,-0.153125,1.46532,2.05625
-0.150808,0.39375,1.46774,2.0125
-0.153827,0.2625,1.47035,2.03437
-0.157045,0.525,1.47297,2.05625
-0.160645,-0.284375,1.47597,2.03437
-0.163282,0.153125,1.47801,2.03437
-0.167082,0.2625,1.48043,2.07812
-0.169519,0.39375,1.48247,2.03437
-0.173319,0.21875,1.48567,2.07812
-0.161219,0.35,1.4875,2.1
-0.141179,0.175,1.49012,2.05625
-0.182193,0.109375,1.49274,2.12188
-0.185212,-0.065625,1.49516,2.05625
-0.18843,0.240625,1.49778,2.25312
-0.191449,0.196875,1.5002,2.12188
-0.188853,0.459375,1.50281,2.05625
-0.142645,0.240625,1.50543,1.96875
-0.145664,0.175,1.50785,2.05625
-0.20296,-0.21875,1.50931,2.07812
-0.205979,0.284375,1.51193,2.05625
-0.209197,0.196875,1.51454,2.07812
-0.18276,0.371875,1.51638,2.1
-0.209038,0.13125,1.519,2.05625
-0.179693,0.2625,1.52104,2.07812
-0.173408,0.21875,1.52287,2.16562
-0.19349,0.35,1.52491,2.12188
-0.225201,0.30625,1.52695,2.03437
-0.190423,0.328125,1.52957,2.20938
-0.169801,-0.021875,1.5314,2.12188
-0.195497,0.525,1.53344,2.12188
-0.235349,0.35,1.5349,2.25312
-0.20833,0.48125,1.53635,2.12188
-0.193904,0.4375,1.53877,2.14375
-0.181223,0.48125,1.54003,2.3625
-0.206538,0.371875,1.54835,2.12188
-0.185134,0.284375,1.54234,2.12188
-0.193586,0.328125,1.54417,2.1875
-0.236145,0.284375,1.54485,2.16562
-0.253701,0.30625,1.54727,2.12188
-0.199934,0.30625,1.54794,2.03437
-0.227956,0.35,1.5492,2.12188
-0.212367,0.30625,1.55045,2.16562
-0.206282,0.30625,1.55229,2.12188
-0.216279,0.21875,1.55296,2.16562
-0.226856,0.35,1.55422,2.1875
-0.243449,0.21875,1.55547,2.1875
-0.262167,0.21875,1.55615,2.12188
-0.214797,0.30625,1.5574,2.1
-0.210256,0.240625,1.55808,2.14375
-0.202808,0.30625,1.55895,2.1875
-0.204864,0.30625,1.56021,2.16562
-0.206138,0.35,1.56088,2.16562
-0.239393,0.240625,1.56155,2.1875
-0.200164,0.35,1.56223,2.16562
-0.192716,0.30625,1.5629,2.1875
-0.22559,0.35,1.563,2.23125
-0.203604,0.284375,1.56367,2.1875
-0.204879,0.30625,1.56434,2.12188
-0.197049,0.328125,1.56444,2.07812
-0.223908,0.30625,1.56453,2.1875
-0.207356,0.30625,1.56462,2.1875
-0.216771,0.30625,1.56471,2.1875
-0.208741,0.284375,1.56501,2.1875
-0.185793,0.30625,1.56452,2.03437
-0.200441,0.328125,1.56403,2.1875
-0.186797,0.284375,1.56412,2.23125
-0.19563,0.21875,1.56363,2.1875
-0.21086,0.240625,1.56373,2.1875
-0.211171,0.284375,1.56324,2.1875
-0.20256,0.30625,1.56275,2.1875
-0.188334,0.284375,1.56246,2.16562
-0.170419,0.284375,1.56139,2.1875
-0.196697,0.240625,1.5609,2.14375
-0.196427,0.21875,1.55983,2.12188
-0.179093,0.2625,1.55934,2.1875
-0.187545,0.240625,1.55847,2.1875
-0.16963,0.284375,1.5574,2.1875
-0.154623,0.2625,1.55633,2.1875
-0.16889,0.21875,1.55526,2.16562
-0.177723,0.240625,1.55477,2.1875
-0.153612,0.2625,1.55332,2.14375
-0.16826,0.2625,1.55283,2.1875
-0.152671,0.2625,1.55118,2.1875
-0.160541,0.240625,1.54953,2.12188
-0.165304,0.240625,1.5595,2.16562
-0.141193,0.30625,1.54642,2.1875
-0.140141,0.328125,1.54477,2.16562
-0.14743,0.13125,1.55649,2.12188
-0.145797,0.2625,1.53972,2.1875
-0.144745,0.0875,1.53827,2.12188
-0.152034,0.109375,1.53604,2.16562
-0.141679,0.0875,1.5338,2.1875
-0.116986,-0.13125,1.53177,2.12188
-0.120586,-0.21875,1.52895,2.12188
-0.104034,0.065625,1.52614,2.1
-0.111123,0.04375,1.52391,1.99063
-0.100186,0.21875,1.52129,2.16562
-0.0981711,-0.021875,1.51848,2.07812
-0.0872341,-0.065625,1.51566,2.12188
-0.09336,-0.04375,1.51247,2.03437
-0.0905637,0.21875,1.50907,2.1
-0.0798267,0.196875,1.50625,2.12188
-0.0776119,0.153125,1.50364,2.05625
-0.0829563,0.175,1.49966,2.03437
-0.0623341,0.175,1.49568,2.07812
-0.0688415,0.153125,1.49307,2.12188
-0.0749674,0.0875,1.48967,2.03437
-0.0721711,0.153125,1.48628,2.07812
-0.0591081,0.109375,1.48134,2.07812
-0.0650341,0.196875,1.47794,2.0125
-0.0391785,0.109375,1.47474,2.07812
-0.0363822,0.196875,1.47135,2.12188
-0.048323,0.109375,1.46795,2.0125
-0.0368044,-0.13125,1.46475,2.07812
-0.0340081,0.153125,1.46136,1.99063
-0.0308304,-0.109375,1.45758,2.03437
-0.0280341,0.13125,1.45418,2.03437
-0.0103193,-0.153125,1.45021,2.03437
-0.0214785,0.109375,1.44643,1.99063
-0.0037637,-0.153125,1.44245,1.99063
-0.0248081,-0.0875,1.43984,1.94687
-0.0309341,-0.13125,1.43644,1.94687
0.00442519,-0.065625,1.43266,1.99063
-0.00170074,-0.109375,1.42927,1.96875
-0.00471926,-0.021875,1.42587,1.99063
-0.0195674,0.0875,1.42267,2.1
0.00125481,0.284375,1.4187,1.99063
0.00326963,0.21875,1.41608,2.16562
-0.0026563,-0.0875,1.41268,1.94687
-0.00858222,0.0875,1.40949,2.0125
0.0172733,0.065625,1.40609,1.99063
0.0154178,0.021875,1.40173,1.94687
-1.18519e-05,0.065625,1.39872,1.94687
-0.0053563,0,1.39474,1.99063
0.0148844,0.04375,1.39134,1.925
0.0403585,0.021875,1.38853,1.96875
-0.0035637,-0.04375,1.38513,2.16562
0.0137696,0.04375,1.38174,1.925
0.0252881,-0.021875,1.37814,1.94687
0.027503,-0.065625,1.37533,1.85938
0.0219585,-0.04375,1.37135,1.925
0.0427807,-0.153125,1.36737,2.0125
0.0281326,-0.21875,1.36397,1.90312
0.0489548,-0.0875,1.36,1.90312
0.0428289,0.175,1.3566,2.07812
0.0287622,0.21875,1.35242,1.94687
0.0402807,0.175,1.34903,1.96875
0.0434585,-0.13125,1.34505,1.90312
0.0456733,0.13125,1.34223,2.05625
0.0333511,-0.21875,1.33942,1.8375
0.0413807,0.021875,1.3366,1.85938
0.043977,-0.13125,1.33321,1.85938
0.0461919,-0.04375,1.33039,1.85938
0.0571289,0.153125,1.32758,1.85938
0.0591437,-0.2625,1.32476,1.88125
0.0613585,-0.415625,1.32195,1.85938
0.0554326,-0.0875,1.31855,1.85938
0.0663696,-0.21875,1.31554,1.85938
0.0701289,0.04375,1.31098,1.85938
0.0583881,-0.2625,1.30758,1.925
0.07514,0.0875,1.30477,1.8375
0.0777363,0.04375,1.30195,1.81563
0.103792,-0.2625,1.29855,1.8375
0.0920511,-0.04375,1.29516,1.8375
0.10357,0.13125,1.29176,1.81563
0.106166,-0.240625,1.28837,1.81563
0.0909363,-0.04375,1.28555,1.81563
0.111759,-0.04375,1.28157,1.81563
0.0963289,-0.04375,1.27876,1.81563
0.117151,0.109375,1.27478,1.75
0.125762,-0.065625,1.27138,1.72812
0.128359,0.109375,1.26799,1.77188
0.131155,-0.04375,1.26459,1.79375
0.133951,-0.39375,1.2612,1.72812
0.136547,-0.04375,1.2578,1.75
0.133529,-0.415625,1.2544,1.72812
0.151444,-0.21875,1.25063,1.75
0.146099,-0.196875,1.24665,1.77188
0.157418,-0.065625,1.24325,1.75
0.152073,-0.415625,1.23927,1.75
0.149055,-0.21875,1.23588,1.77188
0.158047,-0.459375,1.2319,1.77188
0.155029,-0.196875,1.2285,1.72812
0.173525,-0.0875,1.22394,1.70625
0.177284,-0.153125,1.21938,1.70625
0.166707,-0.415625,1.21483,1.68437
0.175899,-0.0875,1.21085,1.29062
0.205825,-0.175,1.20649,1.68437
0.182455,-0.415625,1.20309,1.75
0.185833,-0.4375,1.19911,1.72812
0.197733,-0.065625,1.19572,1.20312
0.192388,-0.48125,1.19174,1.59688
0.203907,-0.13125,1.18834,1.72812
0.183825,-0.4375,1.18437,1.6625
0.195925,-0.0875,1.18059,1.68437
0.198721,-0.4375,1.17719,1.37813
0.216436,0,1.17321,1.64062
0.195973,-0.39375,1.16982,1.64062
0.189466,-0.56875,1.167,1.64062
0.209507,-0.30625,1.16361,1.64062
0.212303,-0.21875,1.16041,1.61875
0.215099,-0.35,1.15701,1.61875
0.208392,-0.35,1.1542,1.44375
0.21177,-0.21875,1.15022,1.55313
0.222707,-0.328125,1.14741,1.64062
0.224721,-0.13125,1.14479,1.575
0.232751,-0.39375,1.14198,1.55313
0.211707,-0.39375,1.13916,1.61875
0.204418,-0.39375,1.13693,1.575
0.200236,-0.459375,1.1349,1.575
0.185388,-0.328125,1.1315,1.55313
0.204466,-0.284375,1.12927,1.61875
0.197377,-0.240625,1.12703,1.575
0.19881,-0.39375,1.125,1.55313
0.176603,-0.328125,1.10503,1.50937
0.18347,-0.240625,1.12228,1.50937
0.193044,-0.240625,1.12063,1.53125
0.194096,-0.240625,1.11917,1.4
0.185844,-0.4375,1.1181,1.55313
0.180881,-0.371875,1.11645,1.42188
0.164488,-0.240625,1.115,1.50937
0.182784,-0.284375,1.11335,1.50937
0.175114,-0.284375,1.1117,1.50937
0.157559,-0.2625,1.11141,1.46562
0.175273,-0.240625,1.11034,1.50937
0.158299,-0.284375,1.10927,1.50937
0.152373,-0.196875,1.10878,1.55313
0.157877,-0.196875,1.10849,1.50937
0.133925,-0.175,1.10858,1.50937
0.142918,-0.196875,1.10751,1.55313
0.151529,-0.21875,1.10722,1.55313
0.109551,-0.30625,1.1079,1.50937
0.140059,0,1.10857,1.46562
0.130644,-0.153125,1.10886,1.46562
0.138673,-0.153125,1.10895,1.50937
0.127896,-0.13125,1.11021,1.575
0.112666,0.109375,1.1105,1.55313
0.102088,-0.328125,1.11176,1.55313
0.11457,-0.240625,1.11301,1.55313
0.0807326,-0.0875,1.11447,1.50937
0.119962,-0.35,1.11514,1.50937
0.0942659,-0.2625,1.11698,1.50937
0.0755474,0.04375,1.11785,1.50937
0.099077,0.109375,1.11969,1.4875
0.0477956,-0.2625,1.12115,1.55313
0.0538807,-0.415625,1.12298,1.55313
0.0840067,0.109375,1.12424,1.50937
0.0728474,-0.196875,1.12628,1.55313
0.0870733,-0.065625,1.1287,1.50937
0.0590511,-0.21875,1.13015,1.55313
0.073277,-0.196875,1.13257,1.50937
0.0243215,-0.21875,1.13461,1.55313
0.0509585,-0.21875,1.13644,1.575
0.0186659,-0.175,1.13886,1.55313
0.0156474,-0.196875,1.14148,1.55313
0.0124289,-0.196875,1.1439,1.55313
0.0477881,0.13125,1.14594,1.55313
0.00697333,-0.196875,1.14835,1.575
0.00375481,0.153125,1.15097,1.6625
0.000736296,0.13125,1.15339,1.55313
-0.0030637,0.13125,1.15659,1.55313
-0.00608222,-0.021875,1.15901,1.61875
0.04614,0.153125,1.16163,1.55313
-0.00650444,-0.196875,1.16405,1.575
-0.0159193,0,1.16725,1.64062
0.036103,0.13125,1.16967,1.61875
-0.0221563,-0.021875,1.17228,1.64062
-0.0257563,-0.196875,1.17528,1.59688
-0.00571556,-0.021875,1.1779,1.59688
-0.0325748,-0.196875,1.1809,1.64062
-0.0357933,0,1.18352,1.61875
-0.0388119,0.35,1.18594,1.59688
-0.0426119,0.153125,1.18914,1.64062
0.000888148,0.175,1.19176,1.59688
-0.0492304,-0.196875,1.19476,1.55313
-0.0530304,0.153125,1.19738,1.55313
-0.0560489,0.153125,1.1998,1.64062
-0.0598489,0.153125,1.203,1.59688
-0.0634489,-0.021875,1.206,1.64062
-0.0666674,0.13125,1.20861,1.68437
-0.0702674,0.21875,1.21181,1.70625
-0.0738674,0.153125,1.21481,1.68437
-0.0776674,0,1.21801,1.68437
-0.0806859,0,1.22043,1.64062
-0.0844859,0,1.22363,1.75
-0.0880859,0,1.22683,1.75
-0.0918859,0,1.22983,1.64062
-0.0954859,0,1.23303,1.72812
-0.0987044,-0.021875,1.23565,1.72812
-0.102304,0.13125,1.23865,1.68437
-0.105904,0,1.24185,1.77188
-0.109704,0.175,1.24505,1.70625
-0.106908,0,1.24747,1.75
-0.116523,0.21875,1.25067,1.70625
-0.120123,0,1.25387,1.75
-0.123341,0.109375,1.25629,1.77188
-0.126941,0.04375,1.25949,1.75
-0.130741,0.196875,1.26269,1.75
-0.13376,0.196875,1.26511,1.75
-0.13756,0.196875,1.26831,1.75
-0.140579,0.196875,1.27093,1.77188
-0.144379,0.04375,1.27413,1.79375
-0.147979,0.175,1.27713,1.77188
-0.0953748,0.153125,1.27936,1.88125
-0.154216,0.065625,1.28256,1.72812
-0.157434,0.196875,1.28518,1.4
-0.161234,0.0875,1.28858,1.72812
-0.164253,0.2625,1.2912,1.77188
-0.138397,0.175,1.3005,1.81563
-0.171271,0.284375,1.29664,1.8375
-0.17429,0.13125,1.29925,1.70625
-0.154249,0.109375,1.30187,1.77188
-0.14293,0.109375,1.30469,1.55313
-0.137227,0.13125,1.30731,1.90312
-0.186964,0.109375,1.31013,1.8375
-0.190182,0.153125,1.31275,2.03437
-0.192619,0.21875,1.31478,1.85938
-0.140597,0.196875,1.3176,2.14375
-0.198475,0.21875,1.31964,1.8375
-0.140438,0.284375,1.32226,1.75
-0.14889,0.328125,1.3245,1.85938
-0.207349,0.153125,1.32711,1.88125
-0.187108,0.240625,1.32993,1.61875
-0.183349,0.240625,1.33139,1.88125
-0.154586,0.284375,1.33421,1.85938
-0.194819,0,1.33624,1.81563
-0.220716,0.175,1.33828,1.85938
-0.200093,0.284375,1.34052,1.85938
-0.226371,0.2625,1.34314,1.90312
-0.191212,0.415625,1.34537,1.88125
-0.175823,0.196875,1.34683,1.85938
-0.233501,0.240625,1.34907,1.88125
-0.180897,0.30625,1.3511,1.85938
-0.183534,0.284375,1.35334,1.88125
-0.226875,0.328125,1.35538,1.8375
-0.205471,0.30625,1.35703,1.85938
-0.190664,0.30625,1.35907,1.90312
-0.24796,0.21875,1.36073,1.85938
-0.212601,0.328125,1.36276,1.88125
-0.252453,0.328125,1.36442,1.96875
-0.176008,0.240625,1.3682,1.925
-0.186004,0.30625,1.36637,1.90312
-0.197364,0.30625,1.3684,1.85938
-0.198838,0.30625,1.36948,1.85938
-0.26253,0.30625,1.37151,2.0125
-0.194027,0.30625,1.37259,1.88125
-0.227482,0.284375,1.37346,1.6625
-0.212093,0.30625,1.37512,1.88125
-0.207553,0.30625,1.37619,1.90312
-0.191582,0.284375,1.37707,1.88125
-0.183753,0.35,1.37756,1.925
-0.21759,0.240625,1.37901,1.85938
-0.195223,0.284375,1.37951,1.88125
-0.196697,0.04375,1.38058,1.90312
-0.188867,0.21875,1.38087,1.94687
-0.215727,0.240625,1.38137,1.90312
-0.191034,0.39375,1.38224,1.96875
-0.209371,0.2625,1.38273,2.0125
-0.20096,0.328125,1.38264,1.925
-0.19293,0.2625,1.38294,1.90312
-0.193241,0.284375,1.38285,1.925
-0.179597,0.30625,1.38334,1.88125
-0.179127,0.284375,1.38247,1.925
-0.193975,0.284375,1.38238,1.96875
-0.188471,0.109375,1.38229,1.94687
-0.171338,0.21875,1.382,1.90312
-0.17959,0.21875,1.38133,1.925
-0.161875,0.459375,1.38066,1.85938
-0.170327,0.196875,1.37959,1.94687
-0.161134,0.2625,1.37872,1.90312
-0.186249,0.21875,1.37707,2.03437
-0.144493,0.21875,1.37542,1.85938
-0.15876,0.0875,1.37435,1.85938
-0.143171,0.153125,1.3727,1.90312
-0.149097,0.284375,1.3695,1.90312
-0.15386,0.2625,1.36785,1.94687
-0.129749,0.284375,1.3662,1.81563
-0.14556,0.284375,1.36396,1.94687
-0.135204,0.284375,1.36173,1.925
-0.125049,0.21875,1.3597,1.925
-0.123416,0.04375,1.35746,1.85938
-0.11306,0.240625,1.35523,1.85938
-0.110845,0.240625,1.35241,1.88125
-0.117553,0.240625,1.3498,1.88125
-0.12406,0.196875,1.34698,1.925
-0.104982,0.0875,1.34475,1.88125
-0.0797081,0.2625,1.34194,1.4875
-0.0774933,0.153125,1.33932,1.85938
-0.0665563,0.21875,1.33651,2.03437
-0.0969044,0.175,1.33427,1.85938
-0.0803526,0.175,1.33166,1.8375
-0.0781378,0.284375,1.32884,1.90312
-0.0846452,0.153125,1.32603,1.8375
-0.0657674,0.196875,1.3238,1.8375
-0.080997,0.109375,1.32118,1.8375
-0.07006,0.153125,1.31837,1.8375
-0.0678452,0.175,1.31555,1.85938
-0.0751341,0.175,1.31352,1.8375
-0.064197,0.109375,1.3107,1.85938
-0.0707044,0.109375,1.30789,1.81563
-0.042523,0.109375,1.30527,1.77188
-0.0496119,0.153125,1.30304,1.81563
-0.0567007,-0.109375,1.30101,1.925
-0.0453822,-0.175,1.29761,1.85938
-0.0617748,-0.13125,1.29596,1.8375
-0.058397,-0.065625,1.29218,1.77188
-0.0625785,0.109375,1.28995,1.75
-0.0785896,-0.04375,1.28771,1.81563
-0.0682341,-0.0875,1.28568,1.81563
-0.05846,-0.04375,1.28403,1.77188
-0.0570267,-0.0875,1.282,1.75
-0.0641156,0.2625,1.27976,1.77188
-0.0717859,0.109375,1.27811,1.90312
-0.0703526,0.109375,1.27608,1.75
-0.0698822,-0.04375,1.27501,1.77188
