torque_1,torque_1_t,torque_2,torque_2_t
-0.511008,-0.240625,-0.119153,0.021875
-0.516445,0.240625,-0.113116,-0.065625
-0.521682,0.30625,-0.107279,0
-0.45656,0.284375,-0.102023,-0.13125
-0.469556,0.39375,-0.0971489,-0.13125
-0.464908,0.56875,-0.0924748,-0.021875
-0.478486,0.4375,-0.0870193,0
-0.488956,0.525,-0.0817637,-0.2625
-0.479656,0.525,-0.0757267,0.04375
-0.539171,0.634375,-0.0710526,-0.2625
-0.479282,0.525,-0.0661785,-0.13125
-0.468438,0.56875,-0.0620859,0
-0.518449,0.590625,-0.0577933,0
-0.475423,0.6125,-0.0537007,0
-0.48493,0.678125,-0.0494081,0
-0.505867,0.284375,-0.0453156,0.021875
-0.500838,0.721875,-0.041023,0.021875
-0.48863,0.721875,-0.0380933,-0.13125
-0.465375,0.853125,-0.0343822,-0.04375
-0.476045,0.678125,-0.0320341,0
-0.496401,0.634375,-0.0277415,0.021875
-0.481286,0.678125,-0.0246119,0.021875
-0.483816,0.56875,-0.0216822,-0.021875
-0.486145,0.7875,-0.0185526,0
-0.473938,0.853125,-0.0339396,0.021875
-0.499727,0.91875,-0.0119119,-0.0875
-0.492171,0.765625,-0.00994519,-0.2625
-0.48636,0.634375,-0.00643407,0.065625
-0.48889,0.56875,-0.01726,0.0875
-0.490638,0.678125,-0.000174815,-0.196875
-0.492967,0.7875,0.00275481,0.065625
-0.489682,0.74375,0.00588444,-0.240625
-0.523993,0.678125,0.00901407,-0.0875
-0.508879,0.7875,0.0121437,0.196875
-0.502686,0.48125,-0.00304333,0.328125
-0.499201,0.678125,0.0189844,0.0875
-0.501149,0.678125,0.0217326,0.0875
-0.502897,0.65625,0.0242807,0.065625
-0.511041,0.678125,0.0274104,0.0875
-0.522293,0.7,0.03054,0.153125
-0.508923,0.65625,0.0330881,0.065625
-0.525408,0.678125,0.0356363,0.153125
-0.527738,0.634375,0.0387659,0.065625
-0.514367,0.765625,0.0407326,0.153125
-0.522712,0.721875,0.0438622,0.021875
-0.533182,0.74375,0.0466104,0.153125
-0.525627,0.678125,0.0491585,0.021875
-0.522341,0.7,0.0522881,0.065625
-0.529323,0.634375,0.0542548,0.0875
-0.539993,0.7,0.056803,0.109375
-0.518482,0.678125,0.0595511,0.13125
-0.534767,0.875,0.0620993,0.175
-0.531482,0.74375,0.0652289,0.196875
-0.538464,0.7,0.0671956,0.13125
-0.534397,0.74375,0.0472659,0.04375
-0.550882,0.809375,0.0730733,0.153125
-0.543908,0.39375,0.0756215,0.153125
-0.530538,0.459375,0.0775881,0.109375
-0.540627,0.678125,0.0797548,-0.0875
-0.541212,0.721875,0.08114,-0.0875
-0.533656,0.721875,0.0831067,0.0875
-0.544127,0.721875,0.0858548,0.153125
-0.544912,0.74375,0.08724,0.153125
-0.546079,0.7,0.0892067,0.153125
-0.515264,0.74375,0.0913733,0.153125
-0.530586,0.678125,0.0927585,0.0875
-0.531171,0.7,0.0941437,0.065625
-0.531756,0.74375,0.0957289,0.065625
-0.53196,0.74375,0.0965326,0.04375
-0.532545,0.7,0.0979178,0.065625
-0.524408,0.7,0.099503,0.13125
-0.519179,0.74375,0.100688,0.196875
-0.543023,0.875,0.102073,0.0875
-0.501741,0.721875,0.102296,0.109375
-0.51919,0.74375,0.103099,0.04375
-0.525008,0.74375,0.103903,0.109375
-0.519779,0.765625,0.105288,0.109375
-0.511641,0.765625,0.106673,0.0875
-0.519786,0.74375,0.106696,0.13125
-0.502927,0.74375,0.108081,0.175
-0.520956,0.7875,0.109466,0.065625
-0.521541,0.7,0.108525,0.35
-0.512823,0.74375,0.112236,0.196875
-0.503523,0.721875,0.112459,0.0875
-0.51283,0.74375,0.113844,0.196875
-0.527371,0.91875,0.115229,0.175
-0.513419,0.765625,0.116614,0.109375
-0.49656,0.721875,0.117999,0.13125
-0.49133,0.853125,0.0900196,0.13125
-0.497149,0.7,0.121351,0.109375
-0.506456,0.7,0.123318,0.13125
-0.530301,0.65625,0.102025,0.0875
-0.516349,0.74375,0.108353,0.153125
-0.516353,0.74375,0.109738,0.13125
-0.501238,0.7875,0.0942604,0.175
-0.519849,0.721875,0.10902,0.175
-0.511712,0.721875,0.130466,0.13125
-0.511716,0.83125,0.104231,0.13125
-0.526838,0.74375,0.119862,0.109375
-0.528004,0.765625,0.137529,0.13125
-0.52859,0.721875,0.116818,0.109375
-0.529756,0.74375,0.142625,0.21875
-0.515223,0.765625,0.142466,0.153125
-0.515808,0.74375,0.116812,0.196875
-0.492934,0.765625,0.14262,-0.196875
-0.557482,0.721875,0.151855,0.21875
-0.517364,0.678125,0.130562,0.13125
-0.550512,0.678125,0.154044,0.196875
-0.534234,0.765625,0.158918,0.153125
-0.534238,0.91875,0.160503,0.240625
-0.528427,0.7875,0.15442,0.21875
-0.543349,0.721875,0.163655,0.196875
-0.535212,0.765625,0.165621,0.2625
-0.529401,0.7,0.166425,0.153125
-0.553827,0.721875,0.168392,0.13125
-0.554212,0.7875,0.169777,0.2625
-0.563519,0.721875,0.171744,0.196875
-0.554801,0.765625,0.172347,0.196875
-0.56469,0.765625,0.174314,0.2625
-0.533675,0.765625,0.176281,0.21875
-0.548797,0.896875,0.177666,0.21875
-0.566827,0.74375,0.179051,0.196875
-0.559853,0.74375,0.181599,0.196875
-0.560819,0.74375,0.183566,0.21875
-0.553264,0.74375,0.185533,0.240625
-0.55443,0.765625,0.187499,0.196875
-0.573423,0.765625,0.190047,0.175
-0.557145,0.853125,0.192014,0.196875
-0.567034,0.765625,0.193981,0.284375
-0.577504,0.765625,0.196529,0.30625
-0.57789,0.765625,0.197914,0.13125
-0.562193,0.765625,0.200462,0.240625
-0.56336,0.809375,0.202429,0.21875
-0.582353,0.940625,0.204977,0.240625
-0.582356,0.9625,0.205781,0.240625
-0.575382,0.525,0.208329,0.2625
-0.567045,0.809375,0.209714,0.240625
-0.56763,0.809375,0.211099,0.21875
-0.559493,0.83125,0.212484,0.371875
-0.577323,0.809375,0.21407,0.153125
-0.577908,0.853125,0.215455,0.240625
-0.556397,0.7875,0.218003,0.30625
-0.580041,0.809375,0.219388,0.21875
-0.571904,0.7875,0.220773,0.4375
-0.564349,0.7875,0.22274,0.2625
-0.557756,0.678125,0.222962,0.2625
-0.565319,0.765625,0.22571,0.35
-0.574627,1.00625,0.227096,0.2625
-0.575012,0.765625,0.228481,0.35
-0.576179,0.984375,0.230447,0.35
-0.562608,0.83125,0.232414,0.284375
-0.562612,0.65625,0.233218,0.2625
-0.562616,0.853125,0.234221,0.2625
-0.577538,0.853125,0.235607,0.371875
-0.569982,0.7875,0.237573,0.328125
-0.563971,0.74375,0.238377,0.525
-0.564556,0.765625,0.239962,0.39375
-0.531997,0.765625,0.240184,0.35
-0.578319,0.7875,0.240988,0.284375
-0.563786,0.765625,0.242373,0.35
-0.564171,0.65625,0.243759,0.196875
-0.554671,1.00625,0.244562,0.328125
-0.554675,0.721875,0.245166,0.39375
-0.554479,0.83125,0.246551,0.328125
-0.555064,0.765625,0.22962,0.30625
-0.554286,0.7875,0.221701,0.39375
-0.55409,0.7,0.219979,0.328125
-0.562816,0.503125,0.228633,0.328125
-0.554479,0.678125,0.255021,0.30625
-0.536838,0.6125,0.228786,0.371875
-0.546145,0.721875,0.258755,0.284375
-0.555253,0.83125,0.246766,0.35
-0.545753,0.853125,0.260362,0.284375
-0.554479,0.721875,0.257968,0.30625
-0.554282,0.48125,0.256155,0.415625
-0.544782,0.853125,0.250271,0.30625
-0.536645,0.7,0.271718,0.35
-0.536449,0.83125,0.270577,0.39375
-0.544975,0.7,0.257134,0.371875
-0.553701,0.765625,0.248053,0.371875
-0.544782,0.7,0.257288,0.328125
-0.530049,0.809375,0.275827,0.328125
-0.52113,0.7,0.273433,0.35
-0.529275,0.7875,0.26377,0.371875
-0.534893,0.7,0.270679,0.35
-0.534697,0.809375,0.263923,0.371875
-0.528886,0.721875,0.262983,0.371875
-0.52869,0.896875,0.281521,0.39375
-0.551753,0.678125,0.268079,0.371875
-0.527916,0.853125,0.277314,0.371875
-0.533534,0.74375,0.27492,0.35
-0.518219,0.91875,0.302181,0.371875
-0.557564,0.83125,0.294844,0.371875
-0.548264,0.809375,0.293903,0.328125
-0.52946,0.459375,0.29587,0.371875
-0.527519,0.809375,0.280683,0.35
-0.543023,0.634375,0.312014,0.39375
-0.525582,0.74375,0.291303,0.39375
-0.524223,0.74375,0.281059,0.39375
-0.532167,0.7,0.290294,0.415625
-0.516853,0.765625,0.305344,0.39375
-0.531393,0.634375,0.303531,0.39375
-0.516079,0.74375,0.306079,0.48125
-0.521116,0.83125,0.292055,0.371875
-0.527897,0.83125,0.304488,0.39375
-0.536041,0.721875,0.291246,0.39375
-0.517238,0.7875,0.312401,0.371875
-0.535067,0.7,0.295179,0.39375
-0.535453,0.940625,0.33029,0.13125
-0.535838,0.896875,0.317429,0.39375
-0.536423,0.546875,0.316197,0.415625
-0.528086,0.6125,0.328249,0.371875
-0.528471,0.83125,0.338647,0.4375
-0.528275,0.678125,0.313575,0.4375
-0.545523,0.83125,0.325427,0.39375
-0.536223,0.74375,0.350071,0.459375
-0.54533,0.9625,0.326162,0.525
-0.528271,0.765625,0.35197,0.39375
-0.544938,0.765625,0.334838,0.4375
-0.527879,0.7875,0.360646,0.56875
-0.528264,0.809375,0.368136,0.4375
-0.54473,0.940625,0.337921,0.459375
-0.517786,0.721875,0.374777,0.459375
-0.526312,0.7,0.364914,0.48125
-0.517393,0.765625,0.377929,0.546875
-0.517197,0.765625,0.36574,0.525
-0.525723,0.678125,0.382244,0.634375
-0.53483,0.678125,0.370255,0.48125
-0.525912,0.7,0.356031,0.525
-0.51583,0.7,0.372825,0.48125
-0.524938,0.7,0.36209,0.525
-0.515819,0.678125,0.368418,0.546875
-0.515041,0.678125,0.393062,0.48125
-0.50903,0.678125,0.36779,0.503125
-0.532093,0.678125,0.374118,0.525
-0.508056,0.7,0.364455,0.56875
-0.499138,0.721875,0.370583,0.525
-0.530923,0.7,0.376038,0.56875
-0.513282,0.74375,0.375097,0.546875
-0.507071,0.74375,0.385496,0.525
-0.51269,0.7,0.399473,0.56875
-0.521216,0.721875,0.399114,0.525
-0.512297,0.721875,0.385671,0.503125
-0.512101,0.721875,0.39607,0.6125
-0.50609,0.74375,0.402779,0.525
-0.511508,0.765625,0.389336,0.6125
-0.487471,0.721875,0.399153,0.546875
-0.504138,0.721875,0.394433,0.590625
-0.527782,0.74375,0.408992,0.525
-0.518864,0.74375,0.40776,0.6125
-0.50413,0.721875,0.39926,0.65625
-0.503153,0.74375,0.42216,0.56875
-0.483767,0.74375,0.399414,0.765625
-0.505086,0.721875,0.409521,0.809375
-0.513612,0.7,0.433384,0.6125
-0.512834,0.74375,0.41122,0.765625
-0.498101,0.74375,0.414349,0.546875
-0.502938,0.7,0.417479,0.634375
-0.511464,0.853125,0.429912,0.56875
-0.51999,0.7,0.433623,0.6125
-0.519793,0.721875,0.428031,0.590625
-0.520179,0.896875,0.428544,0.4375
-0.510479,0.765625,0.431473,0.546875
-0.496327,0.678125,0.443907,0.590625
-0.528693,0.7,0.439477,0.634375
-0.520356,0.721875,0.440862,0.590625
-0.520741,0.7875,0.448062,0.590625
-0.535464,0.678125,0.456716,0.6125
-0.530034,0.74375,0.456647,0.56875
-0.531001,0.765625,0.470244,0.6125
-0.505219,0.91875,0.470175,0.6125
-0.531571,0.7,0.470688,0.6125
-0.532538,0.721875,0.476144,0.721875
-0.537575,0.74375,0.483634,0.634375
-0.53796,0.875,0.493451,0.765625
-0.531749,0.7,0.485533,0.65625
-0.52283,0.678125,0.497094,0.678125
-0.538334,0.7,0.497025,0.678125
-0.538719,0.721875,0.505679,0.7
-0.533671,0.74375,0.515114,0.6125
-0.534056,0.7875,0.510484,0.634375
-0.54936,0.765625,0.523299,0.7875
-0.56719,0.809375,0.542801,0.65625
-0.54179,0.721875,0.527323,0.7875
-0.542175,0.875,0.539557,0.7875
-0.559804,0.74375,0.554116,0.7
-0.55243,0.7875,0.56257,0.721875
-0.544675,0.765625,0.545929,0.7875
-0.554164,0.765625,0.556127,0.853125
-0.545245,0.765625,0.562255,0.7
-0.530893,0.721875,0.587862,0.809375
-0.563641,0.853125,0.571512,0.721875
-0.54193,0.74375,0.575023,0.83125
-0.565956,0.765625,0.59627,0.721875
-0.558782,0.765625,0.599399,0.809375
-0.568271,0.765625,0.582849,0.678125
-0.569619,0.765625,0.604096,0.853125
-0.562445,0.809375,0.588327,0.7875
-0.581238,0.83125,0.609573,0.875
-0.582204,0.809375,0.61134,0.721875
-0.566108,0.875,0.599933,0.875
-0.567456,0.765625,0.616818,0.896875
-0.586449,0.896875,0.619366,0.91875
-0.579075,0.765625,0.621714,0.83125
-0.589727,1.00625,0.625425,1.11563
-0.582553,0.39375,0.627773,0.875
-0.583901,0.809375,0.630121,0.765625
-0.617812,0.875,0.633251,1.00625
-0.611219,0.765625,0.636181,0.853125
-0.588727,0.83125,0.638147,0.875
-0.598797,0.91875,0.640496,0.765625
-0.600345,0.91875,0.643044,1.11563
-0.625534,0.765625,0.645973,0.940625
-0.604404,0.940625,0.649103,1.00625
-0.61273,0.853125,0.652614,0.83125
-0.622801,0.91875,0.655162,0.853125
-0.610393,0.74375,0.658092,0.896875
-0.62686,0.91875,0.661221,0.984375
-0.646234,0.83125,0.664151,0.875
-0.616382,0.9625,0.667281,0.9625
-0.642153,0.853125,0.670792,0.875
-0.63536,0.875,0.673921,0.91875
-0.636708,0.984375,0.67647,0.896875
-0.638838,0.9625,0.679399,0.940625
-0.631464,1.00625,0.681947,1.15938
-0.626997,0.678125,0.684296,0.940625
-0.643664,0.7875,0.687425,0.91875
-0.629893,0.853125,0.689392,0.984375
-0.655082,0.91875,0.692321,0.940625
-0.639186,0.940625,0.69487,1.07187
-0.639953,0.765625,0.696836,1.00625
-0.635486,0.765625,0.699184,1.00625
-0.636453,0.853125,0.701151,1.02812
-0.637219,0.83125,0.703118,0.940625
-0.630427,0.984375,0.706047,1.07187
-0.640497,0.765625,0.708596,0.940625
-0.632741,1.00625,0.710562,1.18125
-0.625367,0.853125,0.71291,0.984375
-0.617412,0.9625,0.714877,1.07187
-0.627101,0.7875,0.716844,0.940625
-0.628449,0.940625,0.719392,1.07187
-0.637938,0.83125,0.721159,0.875
-0.629982,0.9625,0.723125,1.07187
-0.621645,0.853125,0.72451,0.984375
-0.631134,0.853125,0.726477,1.07187
-0.631901,0.83125,0.728444,0.940625
-0.617549,0.940625,0.729629,1.07187
-0.623549,0.83125,0.730814,1.00625
-0.623734,0.940625,0.731999,1.07187
-0.618686,0.7875,0.733566,0.896875
-0.600845,0.853125,0.73417,1.11563
-0.60103,0.7875,0.735355,1.1375
-0.59113,0.91875,0.735377,1.11563
-0.608179,0.809375,0.735781,0.984375
-0.615923,0.853125,0.735803,1.05
-0.621341,0.7875,0.736407,0.984375
-0.621527,0.83125,0.737592,1.02812
-0.588567,0.809375,0.737614,1.05
-0.588171,0.765625,0.738018,0.984375
-0.58176,0.896875,0.738621,0.9625
-0.605204,0.7875,0.739807,1.05
-0.587364,0.7875,0.74041,1.02812
-0.596271,0.809375,0.741596,1.02812
-0.595875,0.809375,0.742199,1.02812
-0.604782,0.809375,0.743384,1.02812
-0.604186,0.83125,0.743788,1.05
-0.60379,0.83125,0.744392,0.984375
-0.585367,0.896875,0.744414,1.02812
-0.603579,0.853125,0.746181,0.984375
-0.603182,0.853125,0.746784,1.02812
-0.618486,0.74375,0.748551,0.9625
-0.602771,0.809375,0.749155,0.984375
-0.611679,0.875,0.75034,1.11563
-0.585116,0.9625,0.750944,1.05
-0.611467,0.984375,0.752129,1.11563
-0.593045,0.9625,0.752151,0.91875
-0.611638,0.896875,0.754499,0.984375
-0.61066,0.91875,0.754521,1.02812
-0.625382,0.875,0.755707,0.56875
-0.601727,1.00625,0.75631,1.11563
-0.616449,0.48125,0.757496,0.984375
-0.625738,0.765625,0.759262,1.11563
-0.602664,0.809375,0.760447,0.853125
-0.617967,0.853125,0.762214,0.984375
-0.611756,0.853125,0.762818,0.984375
-0.618338,0.896875,0.764584,1.1375
-0.627627,0.83125,0.766351,1.00625
-0.645256,0.48125,0.767536,1.02812
-0.627997,0.853125,0.768721,1.00625
-0.620041,0.9625,0.770488,1.02812
-0.63689,0.984375,0.771092,1.11563
-0.620212,0.875,0.773059,1.02812
-0.639004,0.853125,0.775407,1.20312
-0.631049,1.1375,0.777173,1.07187
-0.640338,0.896875,0.77894,0.984375
-0.62366,0.91875,0.780707,1.00625
-0.632567,0.91875,0.781892,1.05
-0.632753,0.940625,0.783077,1.02812
-0.641079,0.875,0.783881,1.07187
-0.642227,1.00625,0.786229,1.15938
-0.63369,0.875,0.787414,1.05
-0.625153,1.02812,0.788599,1.18125
-0.63406,0.875,0.789784,1.20312
-0.62009,0.525,0.791751,1.07187
-0.610971,0.853125,0.792355,1.20312
-0.634416,0.875,0.79354,1.09375
-0.634601,0.853125,0.794725,1.11563
-0.602604,1.02812,0.79611,1.02812
-0.62663,0.853125,0.797877,1.09375
-0.619838,0.853125,0.797899,1.05
-0.601797,0.853125,0.798503,1.05
-0.610123,0.83125,0.799307,1.11563
-0.624264,0.83125,0.79991,1.1375
-0.609912,0.853125,0.801096,1.24687
-0.59109,0.853125,0.800718,1.15938
-0.607938,0.809375,0.800921,1.09375
-0.607341,0.809375,0.801125,1.02812
-0.621282,0.809375,0.801529,1.11563
-0.606149,0.7875,0.801733,1.11563
-0.605553,0.809375,0.801936,1.00625
-0.604375,0.7875,0.801559,1.18125
-0.595056,0.809375,0.801762,1.09375
-0.585156,0.809375,0.801384,1.09375
-0.602004,0.634375,0.801788,1.07187
-0.600827,0.7875,0.80141,1.05
-0.599649,0.7875,0.801033,1.1375
-0.598471,0.809375,0.800655,1.09375
-0.579067,0.940625,0.799696,1.09375
-0.595334,0.83125,0.799518,1.09375
-0.594156,0.853125,0.780823,1.05
-0.592979,0.83125,0.799344,1.09375
-0.600523,0.9625,0.79664,1.24687
-0.582482,0.896875,0.800533,1.00625
-0.581304,0.83125,0.800736,1.09375
-0.58943,0.809375,0.801521,1.15938
-0.578949,0.853125,0.782246,1.24687
-0.585712,0.91875,0.800384,1.00625
-0.594419,0.7875,0.80117,1.18125
-0.56126,0.809375,0.801373,1.35625
-0.583341,0.56875,0.801196,1.29062
-0.591467,0.7875,0.783083,1.07187
-0.573427,0.853125,0.802184,1.07187
-0.572249,0.7,0.802007,0.984375
-0.59026,0.525,0.803373,1.15938
-0.589664,0.809375,0.789621,1.225
-0.589449,0.809375,0.805144,1.07187
-0.580712,1.05,0.805929,1.15938
-0.588838,0.809375,0.806333,1.09375
-0.589404,0.809375,0.807699,0.6125
-0.603927,0.83125,0.808484,1.29062
-0.580071,0.896875,0.781849,1.1375
-0.603897,0.809375,0.810836,1.1375
-0.612404,0.765625,0.811821,1.24687
-0.595527,1.02812,0.813188,1.18125
-0.62226,0.4375,0.814555,1.18125
-0.605964,0.765625,0.816703,1.07187
-0.614671,0.896875,0.817488,1.11563
-0.615238,0.853125,0.819055,1.20312
-0.616386,0.875,0.821003,1.1375
-0.625475,0.525,0.82257,1.07187
-0.626041,0.91875,0.823936,1.1375
-0.62719,0.875,0.826084,1.20312
-0.628338,0.83125,0.828033,0.875
-0.643441,0.896875,0.829599,1.07187
-0.630053,0.896875,0.831547,1.15938
-0.630419,0.896875,0.833114,1.07187
-0.636801,0.83125,0.834481,1.11563
-0.63853,0.940625,0.83721,1.05
-0.657123,0.91875,0.839359,1.09375
-0.649549,0.91875,0.841307,1.15938
-0.642556,0.853125,0.844036,1.18125
-0.652808,0.875,0.846566,1.1375
-0.664041,0.91875,0.850077,1.1375
-0.656467,0.896875,0.852225,1.18125
-0.676223,0.91875,0.855536,1.18125
-0.645971,0.91875,0.858466,1.18125
-0.662238,0.9625,0.861196,1.18125
-0.681412,0.896875,0.863925,1.18125
-0.65116,0.940625,0.866855,1.18125
-0.659286,0.875,0.870166,1.18125
-0.655201,0.940625,0.872896,1.24687
-0.662745,0.896875,0.875825,1.18125
-0.690641,0.896875,0.878555,1.18125
-0.675508,0.896875,0.882066,1.26875
-0.68596,0.91875,0.884796,1.18125
-0.68769,0.91875,0.887525,1.42188
-0.670812,0.940625,0.889292,1.33438
-0.67196,0.940625,0.89144,1.18125
-0.681449,0.940625,0.893207,1.26875
-0.668641,0.809375,0.895936,1.26875
-0.660486,0.7875,0.897703,1.3125
-0.669775,0.9625,0.89927,1.29062
-0.676738,1.05,0.901618,1.20312
-0.670908,0.83125,0.902603,1.1375
-0.678453,0.896875,0.905533,1.18125
-0.663901,0.940625,0.906518,1.24687
-0.67319,0.984375,0.908284,1.24687
-0.656312,0.940625,0.909851,1.29062
-0.674904,0.83125,0.912199,1.24687
-0.666749,0.9625,0.913766,1.29062
-0.666734,0.91875,0.914951,1.24687
-0.65916,0.91875,0.917099,1.24687
-0.659727,0.9625,0.918866,1.24687
-0.678319,1.00625,0.921014,1.24687
-0.678304,0.590625,0.922199,1.24687
-0.662008,0.940625,0.924547,1.3125
-0.648038,0.940625,0.926114,1.29062
-0.663141,0.91875,0.927881,1.24687
-0.654404,0.853125,0.928866,1.24687
-0.664275,0.875,0.931214,1.29062
-0.641001,0.91875,0.932399,1.29062
-0.65029,0.875,0.933966,1.29062
-0.650856,0.853125,0.935733,1.29062
-0.656075,0.91875,0.936336,1.42188
-0.65606,0.853125,0.937321,1.29062
-0.65023,0.940625,0.938507,1.37813
-0.642075,0.853125,0.940273,1.4875
-0.624034,0.984375,0.940677,1.4
-0.624019,0.875,0.941862,1.24687
-0.641449,0.940625,0.943047,1.37813
-0.63213,0.809375,0.943651,1.24687
-0.632116,1.00625,0.944636,1.37813
-0.615238,0.83125,0.943496,1.26875
-0.629179,1.05,0.944099,1.29062
-0.646608,0.7875,0.945084,1.29062
-0.627986,0.875,0.945107,1.24687
-0.602967,0.853125,0.944547,1.24687
-0.600627,0.56875,0.943407,1.3125
-0.599449,0.91875,0.943429,1.29062
-0.588967,0.809375,0.94267,1.29062
-0.59593,0.7875,0.94211,1.29062
-0.58603,0.853125,0.942133,1.3125
-0.593575,0.4375,0.942155,1.18125
-0.583093,0.765625,0.941596,1.42188
-0.598197,0.765625,0.940255,1.3125
-0.578212,0.896875,0.938914,1.29062
-0.585175,0.83125,0.938155,1.37813
-0.559575,0.721875,0.936614,1.29062
-0.556453,0.65625,0.934692,1.29062
-0.56923,0.4375,0.933933,1.24687
-0.557967,0.721875,0.932592,1.1375
-0.554464,0.721875,0.930088,1.29062
-0.545727,0.721875,0.928166,1.1375
-0.549582,0.809375,0.927407,1.4
-0.57399,0.7,0.926647,1.24687
-0.546064,0.74375,0.925888,1.24687
-0.551664,0.940625,0.923966,1.24687
-0.557464,0.765625,0.922044,1.24687
-0.537479,0.853125,0.920703,1.44375
-0.54386,0.371875,0.919362,1.24687
-0.542101,0.56875,0.918603,1.24687
-0.547701,0.83125,0.916681,1.1375
-0.561641,0.896875,0.917084,1.18125
-0.560264,0.65625,0.916907,1.1375
-0.535245,0.7875,0.916147,1.29062
-0.550349,0.371875,0.914807,1.29062
-0.549553,0.83125,0.91541,1.35625
-0.53093,0.371875,0.915233,1.18125
-0.538856,0.590625,0.915636,1.3125
-0.560356,0.853125,0.914877,1.37813
-0.550456,0.940625,0.914699,1.35625
-0.549079,0.48125,0.914521,1.02812
-0.542086,0.74375,0.914344,1.24687
-0.54536,0.7,0.913003,1.18125
-0.553486,0.7,0.913607,1.29062
-0.55289,0.809375,0.91401,1.35625
-0.54279,0.896875,0.913833,1.24687
-0.550916,0.9625,0.914236,1.24687
-0.568145,0.65625,0.915221,1.18125
-0.558245,0.74375,0.915044,1.29062
-0.548927,0.7,0.915647,1.35625
-0.580112,0.7875,0.916051,1.29062
-0.53823,0.765625,0.915873,0.984375
-0.546156,0.83125,0.916277,1.02812
-0.54556,0.765625,0.916881,1.225
-0.543219,0.7875,0.91554,1.35625
-0.534282,0.9625,0.916525,1.46562
-0.541827,0.65625,0.916347,1.24687
-0.531727,0.4375,0.91637,1.42188
-0.525316,0.809375,0.916773,1.4
-0.538475,0.39375,0.916596,1.11563
-0.528575,0.65625,0.916418,1.24687
-0.521582,0.7,0.91644,1.24687
-0.519623,0.74375,0.915681,1.26875
-0.517864,0.678125,0.914921,1.225
-0.530441,0.56875,0.914362,1.29062
-0.519379,0.678125,0.913021,1.1375
-0.511604,0.678125,0.912262,1.225
-0.501123,0.678125,0.911703,1.35625
-0.490441,0.6125,0.910944,1.18125
-0.47996,0.634375,0.910184,1.35625
-0.464245,0.7,0.910207,1.18125
-0.469845,0.65625,0.908284,1.29062
-0.459364,0.7875,0.907725,1.225
-0.466127,0.6125,0.906966,1.29062
-0.469601,0.678125,0.905825,1.24687
-0.462027,0.634375,0.905266,1.20312
-0.459486,0.65625,0.904125,1.24687
-0.439701,0.6125,0.902984,1.1375
-0.454804,0.65625,0.901844,1.42188
-0.443741,0.634375,0.900703,1.1375
-0.449923,0.371875,0.899562,1.24687
-0.438279,0.6125,0.89784,1.35625
-0.436519,0.65625,0.897281,1.18125
-0.448716,0.6125,0.89614,1.50937
-0.440941,0.634375,0.895581,1.18125
-0.444997,0.634375,0.895021,1.35625
-0.442656,0.65625,0.893881,1.18125
-0.433338,0.56875,0.891577,1.26875
-0.431379,0.6125,0.891018,1.29062
-0.435434,0.56875,0.890659,1.18125
-0.433093,0.590625,0.889518,1.20312
-0.439275,0.6125,0.888377,1.20312
-0.446238,0.6125,0.887818,1.29062
-0.444479,0.590625,0.887259,1.18125
-0.434579,0.634375,0.887281,1.26875
-0.433201,0.6125,0.887503,1.24687
-0.431441,0.678125,0.886944,1.33438
-0.438986,0.56875,0.886966,1.18125
-0.437227,0.590625,0.886407,1.20312
-0.43643,0.590625,0.88701,1.26875
-0.443975,0.546875,0.887233,1.20312
-0.44803,0.6125,0.886673,1.18125
-0.455956,0.65625,0.887277,1.24687
-0.445475,0.6125,0.886718,1.20312
-0.453019,0.56875,0.88674,1.18125
-0.452423,0.590625,0.887544,1.29062
-0.450464,0.590625,0.886984,1.18125
-0.459171,0.765625,0.88817,1.20312
-0.449271,0.56875,0.888392,0.6125
-0.457779,0.525,0.889577,1.3125
-0.479279,0.6125,0.889018,1.20312
-0.456586,0.546875,0.890984,1.26875
-0.447849,0.546875,0.89217,1.20312
-0.470312,0.546875,0.892773,1.24687
-0.469716,0.56875,0.893577,1.20312
-0.463886,0.6125,0.894762,1.18125
-0.468323,0.6125,0.894784,1.18125
-0.462493,0.56875,0.89617,1.18125
-0.477597,0.56875,0.897936,1.225
-0.46866,0.74375,0.899121,1.35625
-0.46283,0.590625,0.900507,1.29062
-0.46863,0.74375,0.901692,1.18125
-0.469197,0.634375,0.903659,1.24687
-0.468982,0.634375,0.904844,1.11563
-0.463734,0.590625,0.90661,1.4
-0.477675,0.328125,0.907414,0.9625
-0.495486,0.6125,0.909181,1.24687
-0.478027,0.6125,0.910566,1.24687
-0.478593,0.634375,0.912333,1.24687
-0.487682,0.896875,0.914299,1.59688
-0.488249,0.634375,0.916066,1.35625
-0.488234,0.6125,0.917451,1.29062
-0.489182,0.459375,0.919799,1.42188
-0.489749,0.74375,0.921766,1.55313
-0.482175,0.65625,0.924114,1.3125
-0.500186,0.74375,0.926081,0.896875
-0.500553,0.65625,0.927847,1.29062
-0.506934,0.65625,0.929814,1.20312
-0.484241,0.48125,0.931581,1.225
-0.484608,0.678125,0.933547,1.26875
-0.493316,0.634375,0.934733,1.4
-0.507638,0.7875,0.935918,1.33438
-0.517308,0.7,0.938066,1.20312
-0.503919,0.809375,0.940414,1.44375
-0.487423,0.634375,0.942762,0.875
-0.505434,0.6125,0.944529,0.875
-0.505801,0.634375,0.946296,1.18125
-0.488923,0.65625,0.948062,1.50937
-0.506734,0.721875,0.949829,1.4
-0.522419,0.7,0.952177,1.29062
-0.50883,0.65625,0.954525,1.46562
-0.500475,0.65625,0.956292,1.29062
-0.501041,0.678125,0.958059,1.29062
-0.492686,0.7,0.959825,1.225
-0.502556,0.634375,0.962173,1.18125
-0.50176,0.678125,0.962777,1.24687
-0.51163,0.39375,0.965125,1.6625
-0.503275,0.65625,0.966892,1.50937
-0.494919,0.6125,0.968859,1.29062
-0.504208,0.6125,0.970625,1.44375
-0.504575,0.678125,0.972392,1.29062
-0.503397,0.634375,0.972414,1.50937
-0.495041,0.634375,0.974181,1.29062
-0.494445,0.634375,0.974784,0.940625
-0.49423,0.6125,0.97597,1.35625
-0.470175,0.328125,0.976573,1.4
-0.484697,0.65625,0.977759,1.29062
-0.492623,0.546875,0.978562,1.29062
-0.469349,0.6125,0.979747,1.4
-0.48309,0.6125,0.980351,1.37813
-0.482493,0.634375,0.980955,1.1375
-0.481697,0.6125,0.981559,1.29062
-0.466364,0.853125,0.982162,1.37813
-0.465767,0.721875,0.982966,1.44375
-0.465553,0.590625,0.984151,1.35625
-0.456816,0.7,0.985336,1.46562
-0.473464,0.590625,0.98594,1.3125
-0.473249,0.6125,0.987325,1.29062
-0.487771,0.721875,0.98851,1.37813
-0.456156,0.634375,0.990277,1.4
-0.473586,0.65625,0.991462,1.29062
-0.440808,0.634375,0.992266,1.3125
-0.487693,0.678125,0.994033,1.3125
-0.446975,0.65625,0.995218,1.3125
-0.464204,0.634375,0.996403,1.37813
-0.478727,0.6125,0.997788,1.4
-0.473279,0.634375,0.999555,1.37813
-0.455038,0.6125,1.00016,1.4
-0.488167,0.65625,1.00271,1.37813
-0.47923,0.634375,1.00389,1.4
-0.455375,0.65625,1.0045,1.4
-0.479001,0.65625,1.00646,1.4
-0.464249,0.65625,1.00765,1.4
-0.473538,0.634375,1.00961,1.35625
-0.479138,0.6125,1.0108,1.4
-0.47389,0.65625,1.01257,1.4875
-0.474256,0.634375,1.01453,1.4
-0.474623,0.7875,1.0163,1.46562
-0.480423,0.65625,1.01768,1.42188
-0.490093,0.65625,1.02003,1.4
-0.491241,0.74375,1.02258,1.4875
-0.482304,0.678125,1.02377,1.4
-0.482871,0.634375,1.02573,1.37813
-0.500682,0.678125,1.0275,1.42188
-0.50163,0.678125,1.03005,1.44375
-0.493475,0.65625,1.03201,1.35625
-0.479304,0.721875,1.03378,1.53125
-0.493827,0.590625,1.03517,1.44375
-0.502334,0.74375,1.03655,1.53125
-0.511623,0.65625,1.03832,1.44375
-0.493964,0.74375,1.0397,1.53125
-0.511775,0.590625,1.04109,1.4
-0.495479,0.65625,1.07338,1.37813
-0.512127,0.65625,1.04366,1.4
-0.495249,0.678125,1.04563,1.37813
-0.52876,0.678125,1.04855,1.42188
-0.488623,0.678125,1.05052,1.44375
-0.521553,0.634375,1.05307,1.44375
-0.499241,0.546875,1.05542,1.4
-0.499808,0.721875,1.05738,1.53125
-0.485638,0.634375,1.07767,1.4
-0.501323,0.875,1.06132,1.46562
-0.492967,0.678125,1.06308,1.37813
-0.502256,0.678125,1.07901,1.44375
-0.503204,0.74375,1.06702,1.44375
-0.521016,0.634375,1.07131,1.4875
-0.503556,0.765625,1.06979,1.4875
-0.503341,0.7,1.07097,1.05
-0.512049,0.65625,1.07178,1.44375
-0.493808,0.7,1.07258,1.46562
-0.494175,0.7,1.07455,1.4
-0.494741,0.678125,1.07651,1.53125
-0.50383,0.65625,1.07848,1.44375
-0.504397,0.678125,1.08025,1.55313
-0.504182,0.678125,1.08163,1.53125
-0.521993,0.65625,1.0836,1.44375
-0.481856,0.7,1.08557,1.44375
-0.504901,0.65625,1.08695,1.55313
-0.504886,0.7,1.08834,1.44375
-0.49653,0.65625,1.0903,1.05
-0.490701,0.634375,1.09169,1.44375
-0.489904,0.6125,1.09249,1.44375
-0.480967,0.634375,1.09388,1.44375
-0.480953,0.634375,1.09526,1.53125
-0.504579,0.6125,1.09723,1.46562
-0.472582,0.65625,1.09861,1.44375
-0.505512,0.65625,1.10116,1.4875
-0.495412,0.65625,1.10138,1.4
-0.48086,0.65625,1.10277,1.50937
-0.480645,0.7,1.10415,1.61875
-0.48063,0.721875,1.10554,1.44375
-0.489138,0.65625,1.10693,1.42188
-0.480201,0.678125,1.10831,1.575
-0.479604,0.765625,1.10911,1.29062
-0.493345,0.678125,1.10992,1.72812
-0.478212,0.65625,1.11072,1.50937
-0.485556,0.7,1.11094,1.50937
-0.490575,0.721875,1.11175,1.4875
-0.452182,0.678125,1.11255,1.50937
-0.465341,0.65625,1.11277,1.4
-0.487423,0.7,1.113,1.4875
-0.463367,0.65625,1.1138,1.4875
-0.446871,0.35,1.11364,1.68437
-0.461393,0.634375,1.11503,1.11563
-0.460016,0.65625,1.11525,1.4875
-0.449534,0.284375,1.11489,1.50937
-0.433619,0.65625,1.11511,1.4
-0.44736,0.634375,1.11591,1.4875
-0.462464,0.590625,1.11517,1.55313
-0.443641,0.65625,1.1152,1.55313
-0.441682,0.6125,1.11464,1.61875
-0.440304,0.634375,1.11486,1.50937
-0.438927,0.7,1.11488,1.55313
-0.42243,0.853125,1.11432,1.61875
-0.443149,0.678125,1.11318,1.55313
-0.432467,0.503125,1.11262,1.53125
-0.440393,0.525,1.11323,1.44375
-0.430875,0.634375,1.11403,1.02812
-0.429497,0.590625,1.11405,1.53125
-0.427538,0.459375,1.11349,1.4875
-0.435464,0.56875,1.1141,1.61875
-0.434086,0.525,1.11412,1.70625
-0.41759,0.74375,1.11376,1.68437
-0.448775,0.634375,1.11436,1.61875
-0.406693,0.35,1.11438,1.70625
-0.436716,0.74375,1.11383,1.53125
-0.427197,0.2625,1.11463,1.44375
-0.426401,0.721875,1.11523,1.3125
-0.401764,0.48125,1.11525,1.53125
-0.447486,0.56875,1.11606,1.50937
-0.42343,0.503125,1.11666,1.44375
-0.413912,0.56875,1.11727,1.46562
-0.438701,0.590625,1.11749,1.50937
-0.429182,0.56875,1.11809,1.4
-0.442923,0.56875,1.1187,1.46562
-0.417704,0.56875,1.11834,1.37813
-0.416327,0.56875,1.11836,1.44375
-0.424253,0.590625,1.11896,1.50937
-0.40543,0.590625,1.11918,1.55313
-0.404634,0.590625,1.11979,1.44375
-0.397441,0.6125,1.12001,1.61875
-0.443745,0.525,1.1212,1.44375
-0.44353,0.678125,1.12238,1.50937
-0.411334,0.6125,1.12377,1.575
-0.410538,0.4375,1.12437,1.575
-0.400438,0.590625,1.12459,1.4
-0.417667,0.634375,1.12578,1.61875
-0.431408,0.634375,1.12658,1.59688
-0.415493,0.6125,1.1266,1.55313
-0.414697,0.634375,1.12741,1.81563
-0.395875,0.546875,1.12743,1.55313
-0.412523,0.590625,1.12823,1.575
-0.402423,0.6125,1.12825,1.18125
-0.401045,0.590625,1.12848,1.6625
-0.390945,0.590625,1.1285,1.55313
-0.388986,0.6125,1.12814,1.575
-0.405053,0.634375,1.12816,1.50937
-0.387393,0.56875,1.12955,1.44375
-0.404041,0.65625,1.13015,1.59688
-0.379986,0.525,1.13095,1.4
-0.41059,0.546875,1.13098,1.575
-0.376649,0.65625,1.13062,1.64062
-0.37469,0.590625,1.13026,1.50937
-0.379127,0.546875,1.13028,1.50937
-0.38589,0.503125,1.12992,1.50937
-0.384512,0.503125,1.12994,1.50937
-0.368597,0.590625,1.13017,1.50937
-0.366638,0.634375,1.12981,1.55313
-0.379797,0.6125,1.12983,1.64062
-0.363301,0.6125,1.12947,1.50937
-0.361341,0.678125,1.12911,1.55313
-0.373919,0.415625,1.12855,1.4875
-0.348119,0.525,1.12761,1.50937
-0.34616,0.35,1.12725,1.55313
-0.343619,0.56875,1.12631,1.4
-0.34166,0.4375,1.12575,1.50937
-0.354238,0.503125,1.12539,1.50937
-0.347045,0.4375,1.12561,1.77188
-0.345667,0.39375,1.12564,1.29062
-0.334404,0.4375,1.1247,1.53125
-0.332445,0.371875,1.12434,1.55313
-0.329904,0.4375,1.1234,1.64062
-0.328527,0.503125,1.12362,1.18125
-0.325404,0.48125,1.1219,1.59688
-0.322864,0.503125,1.12075,1.55313
-0.310819,0.39375,1.11903,1.44375
-0.317001,0.39375,1.11769,1.46562
-0.296434,0.48125,1.11597,1.4875
-0.302997,0.546875,1.11541,1.61875
-0.30976,0.503125,1.11465,1.225
-0.298297,0.4375,1.11351,1.44375
-0.296338,0.196875,1.11295,1.44375
-0.293797,0.525,1.11161,1.46562
-0.299779,0.415625,1.11047,1.4875
-0.312356,0.4375,1.10991,1.50937
-0.296241,0.4375,1.10973,1.55313
-0.295445,0.4375,1.11034,1.44375
-0.30259,0.459375,1.11036,1.46562
-0.283767,0.371875,1.11018,1.50937
-0.28239,0.4375,1.1102,1.575
-0.298838,0.415625,1.11081,1.46562
-0.289319,0.503125,1.11141,1.68437
-0.311001,0.415625,1.11123,1.44375
-0.300901,0.503125,1.11125,1.575
-0.309208,0.459375,1.11244,1.44375
-0.29969,0.503125,1.11304,1.50937
-0.298893,0.415625,1.11365,1.50937
-0.307201,0.39375,1.11463,1.50937
-0.291867,0.525,1.11524,1.4875
-0.30599,0.35,1.11642,1.68437
-0.305193,0.459375,1.11703,1.50937
-0.313501,0.48125,1.11821,1.61875
-0.305145,0.35,1.11998,1.50937
-0.30493,0.4375,1.12096,1.4875
-0.313238,0.415625,1.12215,1.61875
-0.304301,0.371875,1.12333,1.55313
-0.321912,0.546875,1.1251,1.55313
-0.321116,0.39375,1.1257,1.50937
-0.311397,0.39375,1.12631,1.55313
-0.311764,0.459375,1.12807,1.50937
-0.286927,0.4375,1.1281,1.61875
-0.332649,0.415625,1.1287,1.50937
-0.309756,0.4375,1.13027,1.4875
-0.323879,0.196875,1.13145,1.575
-0.309127,0.35,1.13264,1.61875
-0.32383,0.415625,1.1344,1.575
-0.317801,0.39375,1.13559,1.50937
-0.317967,0.503125,1.13735,1.35625
-0.341593,0.021875,1.13912,1.55313
-0.332656,0.459375,1.14031,1.61875
-0.323519,0.459375,1.14149,1.50937
-0.309349,0.4375,1.14558,1.55313
-0.317075,0.415625,1.14328,1.44375
-0.331979,0.4375,1.14505,1.55313
-0.317608,0.4375,1.14914,1.61875
-0.309253,0.415625,1.148,1.53125
-0.31776,0.30625,1.1488,1.55313
-0.316764,0.415625,1.14941,1.1375
-0.315967,0.415625,1.15001,1.6625
-0.320204,0.21875,1.17707,1.59688
-0.314175,0.415625,1.15064,1.59688
-0.31376,0.4375,1.15182,1.575
-0.312964,0.328125,1.15243,1.70625
-0.311004,0.459375,1.15187,1.575
-0.301867,0.4375,1.15247,1.575
-0.29293,0.4375,1.15365,1.64062
-0.277397,0.459375,1.15446,1.59688
-0.291719,0.4375,1.15564,1.64062
-0.307586,0.48125,1.15567,1.70625
-0.313767,0.459375,1.15743,1.575
-0.28079,0.459375,1.15804,1.70625
-0.313138,0.4375,1.16,1.72812
-0.297804,0.4375,1.16061,1.575
-0.306112,0.4375,1.16179,1.68437
-0.306479,0.459375,1.16356,1.575
-0.289201,0.415625,1.16533,1.4875
-0.297708,0.415625,1.16671,1.64062
-0.296712,0.4375,1.16731,1.77188
-0.295916,0.109375,1.16792,1.59688
-0.304423,0.4375,1.1691,1.72812
-0.294704,0.4375,1.16991,1.50937
-0.29449,0.634375,1.17109,1.72812
-0.284771,0.459375,1.1717,1.72812
-0.292697,0.4375,1.1723,1.61875
-0.291701,0.4375,1.1729,1.575
-0.306604,0.4375,1.17487,1.70625
-0.299793,0.459375,1.17547,1.72812
-0.298416,0.4375,1.1755,1.64062
-0.297419,0.415625,1.1761,1.72812
-0.279179,0.415625,1.1769,1.72812
-0.278182,0.39375,1.17751,1.59688
-0.301227,0.4375,1.17869,1.64062
-0.294997,0.634375,1.17988,1.575
-0.31746,0.39375,1.18068,1.64062
-0.276341,0.35,1.18187,1.61875
-0.28543,0.35,1.18363,1.64062
-0.294319,0.35,1.1854,1.64062
-0.299919,0.284375,1.18678,1.64062
-0.300086,0.415625,1.18855,1.61875
-0.301034,0.415625,1.1909,1.64062
-0.301401,0.39375,1.19287,1.61875
-0.301567,0.39375,1.19463,1.61875
-0.296119,0.39375,1.1964,1.64062
-0.287564,0.415625,1.19837,1.64062
-0.31119,0.371875,1.20013,1.61875
-0.321241,0.35,1.20326,1.61875
-0.289627,0.39375,1.20503,1.64062
-0.313053,0.39375,1.2068,1.26875
-0.313419,0.39375,1.20876,1.70625
-0.321727,0.415625,1.22768,1.61875
-0.304067,0.39375,1.21017,1.64062
-0.303071,0.371875,1.21019,1.99063
-0.319719,0.30625,1.2108,1.61875
-0.319886,0.30625,1.21509,1.6625
-0.320253,0.371875,1.21337,1.68437
-0.311697,0.415625,1.21533,1.61875
-0.328927,0.415625,1.21594,1.46562
-0.34363,0.371875,1.2179,1.6625
-0.321319,0.39375,1.2502,1.8375
-0.320904,0.39375,1.22047,1.77188
-0.32883,0.4375,1.22108,1.68437
-0.320856,0.525,1.22973,1.70625
-0.33576,0.48125,1.22365,1.79375
-0.330893,0.459375,1.22503,1.68437
-0.331641,0.4375,1.227,1.72812
-0.33259,0.459375,1.22877,1.64062
-0.339153,0.459375,1.23131,1.59688
-0.340682,0.634375,1.23366,1.77188
-0.342012,0.459375,1.26383,1.61875
-0.336564,0.503125,1.2374,1.59688
-0.343708,0.35,1.23994,1.70625
-0.344656,0.4375,1.24191,1.8375
-0.345404,0.48125,1.24658,1.70625
-0.339956,0.48125,1.26832,1.61875
-0.340704,0.35,1.24645,1.70625
-0.342234,0.56875,1.2488,1.75
-0.342982,0.459375,1.25076,1.70625
-0.34393,0.525,1.25215,1.77188
-0.350493,0.65625,1.26118,1.6625
-0.345627,0.30625,1.26693,1.70625
-0.346956,0.415625,1.27675,1.75
-0.353138,0.503125,1.26078,1.75
-0.337604,0.65625,1.28513,1.70625
-0.35309,0.56875,1.2871,1.88125
-0.347641,0.48125,1.26028,1.6625
-0.340249,0.546875,1.28967,1.6625
-0.331312,0.459375,1.27448,1.68437
-0.340782,0.284375,1.26365,1.925
-0.341149,0.721875,1.29208,1.70625
-0.341316,0.546875,1.28396,1.85938
-0.350986,0.415625,1.27372,1.6625
-0.324986,0.48125,1.26783,1.68437
-0.324771,0.546875,1.26805,1.79375
-0.351104,0.503125,1.29939,1.79375
-0.351471,0.415625,1.26946,1.94687
-0.334193,0.503125,1.29411,1.925
-0.319441,0.525,1.27107,1.72812
-0.310304,0.371875,1.29435,1.72812
-0.323845,0.284375,1.28943,1.68437
-0.309093,0.74375,1.27366,1.81563
-0.323797,0.590625,1.27427,1.70625
-0.299541,0.459375,1.271,1.70625
-0.298745,0.503125,1.28934,1.88125
-0.315775,0.371875,1.29808,1.88125
-0.314979,0.39375,1.27068,1.61875
-0.313982,0.39375,1.2928,1.75
-0.312986,0.35,1.29244,1.6625
-0.28486,0.35,1.282,1.72812
-0.278049,0.415625,1.27437,1.75
-0.282286,0.65625,1.29649,1.77188
-0.280908,0.35,1.27607,1.29062
-0.295612,0.371875,1.28976,1.70625
-0.27659,0.65625,1.28882,1.81563
-0.269979,0.39375,1.26122,1.24687
-0.267238,0.2625,1.28673,1.88125
-0.256556,0.284375,1.27687,1.75
-0.263701,0.240625,1.27099,1.77188
-0.26096,0.415625,1.25473,1.72812
-0.242719,0.371875,1.25553,1.75
-0.249864,0.30625,1.25497,1.85938
-0.262241,0.39375,1.25694,1.8375
-0.229464,0.328125,1.25484,1.35625
-0.253471,0.065625,1.25428,1.88125
-0.251312,0.30625,1.25392,1.70625
-0.230745,0.35,1.25946,1.70625
-0.237308,0.35,1.27888,1.68437
-0.248723,0.328125,1.24973,1.70625
-0.214001,0.328125,1.24859,1.70625
-0.23859,0.328125,1.24881,1.70625
-0.22849,0.284375,1.24904,1.70625
-0.217608,0.328125,1.24848,1.68437
-0.21603,0.21875,1.2487,1.70625
-0.200116,0.328125,1.24892,1.70625
-0.221216,0.39375,1.24836,1.75
-0.211697,0.35,1.24917,1.64062
-0.210119,0.4375,1.24939,1.68437
-0.231801,0.30625,1.24941,1.70625
-0.224608,0.30625,1.24963,1.68437
-0.197445,0.35,1.25044,1.68437
-0.20459,0.2625,1.25066,1.75
-0.220656,0.328125,1.25068,1.70625
-0.192912,0.284375,1.2509,1.70625
-0.200638,0.39375,1.25171,1.68437
-0.208564,0.30625,1.25251,1.81563
-0.207567,0.328125,1.25331,1.68437
-0.196304,0.35,1.25217,1.70625
-0.194145,0.459375,1.25181,1.99063
-0.198964,0.30625,1.24971,1.68437
-0.187119,0.30625,1.24819,1.77188
-0.208801,0.2625,1.24841,1.81563
-0.206641,0.48125,1.24805,1.70625
-0.179679,0.30625,1.24575,1.6625
-0.177519,0.2625,1.24539,1.75
-0.182538,0.371875,1.24328,1.81563
-0.194334,0.30625,1.24234,1.68437
-0.177056,0.284375,1.2414,1.64062
-0.165212,0.39375,1.23988,1.75
-0.179334,0.2625,1.23836,1.225
-0.166708,0.284375,1.23625,1.68437
-0.155445,0.240625,1.23531,1.88125
-0.16259,0.284375,1.23554,1.75
-0.158886,0.240625,1.23343,1.75
-0.156727,0.175,1.23307,1.77188
-0.155149,0.21875,1.2333,1.70625
-0.144467,0.2625,1.23294,1.79375
-0.133004,0.196875,1.232,1.75
-0.115345,0.196875,1.23047,1.61875
-0.121327,0.21875,1.22953,1.6625
-0.142427,0.2625,1.24313,1.64062
-0.114882,0.175,1.22591,1.68437
-0.135401,0.240625,1.22497,1.68437
-0.123938,0.109375,1.22383,1.70625
-0.107441,0.175,1.22288,1.88125
-0.142497,0,1.22194,1.75
-0.116497,0.109375,1.22022,1.70625
-0.122479,0.21875,1.22219,1.68437
-0.102875,0.065625,1.21872,1.81563
-0.109056,0.04375,1.21778,1.64062
-0.106897,0.284375,1.21742,1.6625
-0.0803156,0,1.2157,1.6625
-0.101416,0.196875,1.21476,1.72812
-0.0988748,0.175,1.22545,1.6625
-0.0879933,0.21875,1.21346,1.70625
-0.0852526,0.2625,1.21232,1.3125
-0.0761156,0.109375,1.2108,1.81563
-0.0881119,-0.0875,1.20985,1.61875
-0.0760674,0.175,1.20813,1.6625
-0.0907711,0.284375,1.20719,1.75
-0.0804711,-0.13125,1.20741,1.72812
-0.0785119,0.21875,1.20705,1.70625
-0.093797,0.13125,1.2065,1.61875
-0.0922193,0.13125,1.20672,1.6625
-0.091223,0.065625,1.20752,1.6625
-0.0948785,-0.328125,1.20716,1.68437
-0.0882674,0.153125,1.20797,1.64062
-0.0925044,0.30625,1.20799,1.68437
-0.108371,0.175,1.20821,1.6625
-0.116097,0.153125,1.20901,1.64062
-0.0839007,0.153125,1.2104,1.75
-0.128841,0.175,1.21062,1.75
-0.0801637,0.153125,1.21026,1.6625
-0.125686,0.175,1.21107,1.75
-0.101049,-0.153125,1.21129,1.6625
-0.100634,0.0875,1.21247,1.6625
-0.10836,0.021875,1.21328,1.6625
-0.099223,0.065625,1.21466,1.64062
-0.121686,0.153125,1.21547,1.77188
-0.112549,0.04375,1.21685,1.77188
-0.120856,0.065625,1.21824,1.68437
-0.128582,0.0875,1.21904,1.72812
-0.112086,0.21875,1.22159,1.68437
-0.120393,0.21875,1.22297,1.42188
-0.119397,0.13125,1.24645,1.77188
-0.142823,0.21875,1.22458,1.77188
-0.111208,0.175,1.22538,1.59688
-0.129401,0.175,1.24189,1.6625
-0.120264,0.175,1.22757,1.75
-0.129153,0.196875,1.24059,1.64062
-0.138823,0.175,1.22976,1.6625
-0.130849,0.196875,1.23115,1.6625
-0.131016,0.13125,1.24649,1.6625
-0.155023,0.13125,1.26764,1.77188
-0.133293,0.196875,1.26176,1.72812
-0.13346,0.153125,1.27361,1.72812
-0.158049,0.13125,1.25406,1.8375
-0.149493,0.2625,1.27368,1.8375
-0.144627,0.2625,1.27768,1.70625
-0.15119,0.284375,1.27732,1.72812
-0.16066,0.153125,1.27928,1.75
-0.153267,0.109375,1.27544,1.72812
-0.139097,0.153125,1.27333,1.94687
-0.163104,0.48125,1.28286,1.85938
-0.173156,0.35,1.28648,1.70625
-0.150845,0.196875,1.27623,1.72812
-0.174853,0.240625,1.28518,1.81563
-0.166879,0.371875,1.27959,1.77188
-0.167627,0.21875,1.27748,1.75
-0.168575,0.2625,1.2779,1.75
-0.170486,0.21875,1.27464,1.37813
-0.189841,0.30625,1.2612,1.77188
-0.182449,0.2625,1.26462,1.75
-0.174475,0.240625,1.26745,1.77188
-0.175804,0.284375,1.25527,1.77188
-0.177716,0.175,1.25607,1.72812
-0.197071,-0.109375,1.25667,1.75
-0.198982,0.240625,1.24875,1.88125
-0.214267,0.35,1.23657,1.72812
-0.201641,0.371875,1.24173,1.72812
-0.19483,0,1.25338,1.72812
-0.228141,0.284375,1.24256,1.68437
-0.22133,0.284375,1.24985,1.70625
-0.214519,0.328125,1.25443,1.70625
-0.201893,0.415625,1.26192,1.59688
-0.235786,0.109375,1.25904,1.68437
-0.219671,0.39375,1.26914,1.6625
-0.221582,0.35,1.27585,1.70625
-0.240938,0.175,1.27549,1.70625
-0.21959,0.284375,1.27319,1.70625
-0.220919,0.175,1.28301,1.72812
-0.237949,0.2625,1.28817,1.70625
-0.207297,0.459375,1.28907,1.77188
-0.232467,0.240625,1.29307,1.75
-0.234379,0.0875,1.28864,1.75
-0.203727,0.30625,1.29273,1.53125
-0.246341,0.328125,1.2883,1.77188
-0.239149,0.240625,1.28765,1.72812
-0.217801,0.153125,1.28593,1.75
-0.228434,0.284375,1.28586,1.79375
-0.244882,0.328125,1.28463,1.77188
-0.222953,0.30625,1.27448,1.77188
-0.242308,0.240625,1.26568,1.81563
-0.226193,0.2625,1.26329,1.77188
-0.251364,0.35,1.25508,1.70625
-0.229434,-0.109375,1.2426,1.79375
-0.231345,0.240625,1.23061,1.35625
-0.250701,0.415625,1.20961,1.79375
-0.243308,0.284375,1.19878,1.70625
-0.259756,0.30625,1.17845,1.3125
-0.255271,0.30625,1.17083,1.70625
-0.246716,0.371875,1.14575,1.75
-0.239904,0.371875,1.16429,1.70625
-0.250538,0.328125,1.1369,1.68437
-0.266986,0.2625,1.14061,1.64062
-0.25436,0.328125,1.14644,1.64062
-0.256271,0.328125,1.14725,1.55313
-0.24946,0.328125,1.15096,1.55313
-0.259512,0.175,1.16514,1.53125
-0.252701,0.175,1.15664,1.59688
-0.245308,0.175,1.1586,1.50937
-0.25536,0.30625,1.16115,1.575
-0.242734,0.4375,1.19481,1.53125
-0.258601,0.30625,1.18456,1.59688
-0.25993,0.30625,1.19816,1.59688
-0.251956,0.30625,1.18219,1.61875
-0.247471,0.30625,1.18358,1.59688
-0.207516,0.415625,1.19979,1.64062
-0.249549,0.284375,1.21368,1.575
-0.250297,0.284375,1.2014,1.68437
-0.242323,0.284375,1.20162,1.61875
-0.23493,0.39375,1.21115,1.6625
-0.244401,0.284375,1.19596,1.64062
-0.22189,0.284375,1.1924,1.68437
-0.213334,0.284375,1.20367,1.68437
-0.237341,0.371875,1.18558,1.64062
-0.23829,0.284375,1.18222,1.64062
-0.237875,0.30625,1.19843,1.68437
-0.224086,0.328125,1.17714,1.68437
-0.230067,0.284375,1.19684,1.64062
-0.206393,0.30625,1.17933,1.64062
-0.238541,0.284375,1.1813,1.64062
-0.229986,0.196875,1.18326,1.64062
-0.238875,0.328125,1.18523,1.59688
-0.230319,0.30625,1.1872,1.64062
-0.231067,0.2625,1.18974,1.64062
-0.231234,0.39375,1.19191,1.64062
-0.231401,0.328125,1.19388,1.79375
-0.230986,0.503125,1.19526,1.64062
-0.231153,0.284375,1.19723,1.64062
-0.231901,0.328125,1.19978,1.59688
-0.225671,0.415625,1.20136,1.64062
-0.225256,0.525,1.20275,1.64062
-0.216701,0.35,1.20451,1.61875
-0.22559,0.48125,1.20648,1.64062
-0.226338,0.35,1.20903,1.70625
-0.232319,0.4375,1.211,1.575
-0.226671,0.30625,1.21296,1.64062
-0.218116,0.2625,1.21473,1.68437
-0.232238,0.30625,1.21611,1.64062
-0.241708,0.30625,1.21866,1.6625
-0.227338,0.415625,1.22063,1.64062
-0.218001,0.30625,1.22201,1.64062
-0.241427,0.35,1.22398,1.68437
-0.217753,0.21875,1.22537,1.68437
-0.258041,0.328125,1.22675,1.64062
-0.240182,0.328125,1.22794,1.68437
-0.240349,0.525,1.2299,1.70625
-0.207953,0.30625,1.23129,1.6625
-0.258127,0.30625,1.23384,1.70625
-0.250153,0.415625,1.23638,1.72812
-0.232875,0.30625,1.23835,1.64062
-0.251067,0.39375,1.2409,1.72812
-0.250653,0.30625,1.24228,1.72812
-0.225816,0.48125,1.24251,1.68437
-0.224619,0.415625,1.24331,1.72812
-0.23816,0.415625,1.24411,1.6625
-0.229604,0.328125,1.24608,1.33438
-0.255938,0.30625,1.24805,1.68437
-0.238079,0.459375,1.24943,1.72812
-0.237664,0.328125,1.25082,1.68437
-0.24539,0.30625,1.25162,1.99063
-0.22753,0.284375,1.25301,1.79375
-0.236419,0.328125,1.25497,1.64062
-0.236004,0.371875,1.25636,1.72812
-0.226867,0.30625,1.25794,1.64062
-0.220638,0.30625,1.25933,1.81563
-0.252786,0.328125,1.2613,1.26875
-0.211667,0.459375,1.26268,1.75
-0.22579,0.35,1.26407,1.68437
-0.218979,0.35,1.26487,1.81563
-0.20906,0.35,1.26567,1.81563
-0.223764,0.2625,1.26764,1.72812
-0.20823,0.4375,1.26864,1.70625
-0.207234,0.284375,1.26945,1.50937
-0.221356,0.284375,1.27083,1.64062
-0.197101,0.30625,1.27164,1.75
-0.204245,0.240625,1.27186,1.77188
-0.185804,0.284375,1.27286,1.77188
-0.178993,0.284375,1.27367,1.81563
-0.191953,0.459375,1.27389,1.79375
-0.208401,0.328125,1.27469,1.77188
-0.181819,0.328125,1.27628,1.75
-0.180823,0.30625,1.27708,1.68437
-0.180408,0.21875,1.27847,1.70625
-0.173597,0.153125,1.27927,1.79375
-0.163879,0.30625,1.28027,1.77188
-0.177419,0.175,1.28108,1.77188
-0.176423,0.153125,1.28188,1.77188
-0.174845,0.0875,1.2823,1.70625
-0.173267,0.2625,1.28253,1.79375
-0.164712,0.21875,1.28158,1.81563
-0.15383,0.503125,1.28143,1.77188
-0.14353,0.371875,1.28165,1.79375
-0.165212,0.21875,1.28207,1.79375
-0.147934,0.39375,1.28113,1.85938
-0.136471,0.21875,1.28019,1.81563
-0.143034,0.2625,1.28003,1.77188
-0.132534,0.2625,1.28025,1.70625
-0.147238,0.284375,1.27951,1.94687
-0.150893,0.503125,1.27915,1.72812
-0.149316,0.284375,1.27937,1.81563
-0.147156,0.240625,1.27921,1.79375
-0.145579,0.2625,1.27944,1.64062
-0.120741,0.2625,1.27986,1.70625
-0.119745,0.21875,1.28066,1.64062
-0.136193,0.196875,1.28167,1.81563
-0.126475,0.196875,1.28247,1.75
-0.134201,0.175,1.28347,1.77188
-0.139019,0.196875,1.28428,1.79375
-0.137441,0.35,1.2845,1.77188
-0.127723,0.175,1.2822,1.77188
-0.117804,0.196875,1.283,1.77188
-0.12553,0.196875,1.2836,1.77188
-0.124334,0.196875,1.28421,1.75
-0.123919,0.196875,1.28559,1.72812
-0.129119,0.175,1.28678,1.79375
-0.128704,0.196875,1.28796,1.81563
-0.12829,0.196875,1.28935,1.81563
-0.135816,0.153125,1.28995,1.75
-0.144704,0.0875,1.29172,1.77188
-0.14409,0.196875,1.2931,1.75
-0.158212,0.196875,1.29429,1.79375
-0.134919,0.21875,1.29625,1.79375
-0.167067,0.21875,1.29802,1.79375
-0.153279,0.13125,1.30057,1.77188
-0.15906,0.240625,1.30234,1.72812
-0.144108,0.065625,1.30352,1.77188
-0.166171,0.153125,1.30433,1.81563
-0.157034,0.21875,1.30551,1.81563
-0.142082,0.153125,1.3069,1.79375
-0.165308,0.196875,1.30866,1.79375
-0.156171,0.21875,1.32458,1.81563
-0.154975,0.175,1.31007,1.88125
-0.164445,0.175,1.31262,1.72812
-0.173334,0.2625,1.31458,1.8375
-0.164579,-0.04375,1.31635,1.77188
-0.164745,0.240625,1.31774,1.8375
-0.165875,0.2625,1.32067,1.81563
-0.156738,0.153125,1.32205,1.79375
-0.165627,0.175,1.32324,1.81563
-0.157453,0.2625,1.32578,1.8375
-0.175645,0.2625,1.32775,1.81563
-0.176193,0.2625,1.3301,1.77188
-0.176941,0.2625,1.33497,1.79375
-0.177108,0.240625,1.33325,1.85938
-0.168934,0.2625,1.3358,1.79375
-0.169682,0.39375,1.35666,1.85938
-0.178953,0.284375,1.36715,1.81563
-0.179119,0.2625,1.34092,1.85938
-0.178704,0.30625,1.34056,1.85938
-0.179253,0.35,1.37285,1.88125
-0.18756,0.240625,1.34255,1.77188
-0.188308,0.284375,1.34451,1.90312
-0.180134,0.240625,1.34648,1.90312
-0.181464,-0.153125,1.34941,1.85938
-0.205271,0.2625,1.37464,1.90312
-0.18276,0.21875,1.35393,1.90312
-0.192812,0.240625,1.37973,1.85938
-0.19336,0.2625,1.35824,1.925
-0.185967,0.284375,1.36137,1.94687
-0.186134,0.284375,1.36275,1.88125
-0.17796,0.21875,1.3653,1.90312
-0.196153,0.240625,1.38539,1.99063
-0.187979,0.2625,1.36904,1.94687
-0.180004,0.2625,1.37827,1.90312
-0.189475,0.2625,1.37297,1.90312
-0.199327,0.35,1.3761,1.85938
-0.191353,0.240625,1.40133,1.90312
-0.183379,0.21875,1.38003,1.96875
-0.175786,0.328125,1.38238,1.96875
-0.192816,0.196875,1.38318,1.925
-0.194145,0.240625,1.38631,1.96875
-0.176667,0.284375,1.41823,2.1
-0.193697,-0.175,1.41903,2.1875
-0.18436,0.196875,1.38989,1.88125
-0.184527,0.0875,1.39127,1.925
-0.17539,0.240625,1.39266,1.90312
-0.175938,0.196875,1.39521,1.925
-0.176104,0.35,1.42363,1.925
-0.194297,0.13125,1.39856,1.925
-0.184379,0.196875,1.39878,1.99063
-0.169427,0.240625,1.40017,1.925
-0.159708,0.240625,1.40039,1.96875
-0.182934,0.240625,1.40235,1.88125
-0.168564,0.109375,1.40432,1.925
-0.19199,0.2625,1.40629,1.88125
-0.168697,0.240625,1.40825,1.90312
-0.168864,0.328125,1.41022,1.94687
-0.16903,0.2625,1.41239,1.88125
-0.168616,0.328125,1.41377,1.90312
-0.151338,0.13125,1.41594,1.90312
-0.141619,0.30625,1.41694,1.94687
-0.158449,0.21875,1.43685,1.94687
-0.158616,0.21875,1.41991,1.99063
-0.15006,0.284375,1.42208,1.925
-0.167671,0.175,1.42425,1.96875
-0.167256,0.175,1.42525,2.05625
-0.148816,0.175,1.42605,2.0125
-0.14026,0.196875,1.42764,2.16562
-0.139845,0.240625,1.42923,1.99063
-0.148153,0.196875,1.43023,1.96875
-0.146375,0.196875,1.43065,1.99063
-0.147123,0.21875,1.43262,1.99063
-0.164153,0.153125,1.4342,1.96875
-0.163738,0.21875,1.43521,1.88125
-0.144716,0.109375,1.43563,1.99063
-0.135579,0.13125,1.43721,1.96875
-0.167145,0.240625,1.45712,1.96875
-0.152193,0.13125,1.4398,2.05625
-0.166316,0.240625,1.44139,2.14375
-0.159504,0.240625,1.44239,2.05625
-0.173427,0.240625,1.44261,2.03437
-0.158475,0.2625,1.4442,2.03437
-0.173179,0.21875,1.44637,2.0125
-0.158808,0.30625,1.44853,2.03437
-0.158975,0.21875,1.46465,1.96875
-0.132975,0.48125,1.45228,2.1875
-0.159308,0.240625,1.4844,2.23125
-0.181571,0.35,1.45487,2.05625
-0.172434,0.415625,1.45588,2.16562
-0.172019,0.2625,1.45688,1.99063
-0.171023,0.2625,1.47184,2.03437
-0.178749,0.2625,1.47662,2.0125
-0.187638,0.30625,1.45873,2.03437
-0.187604,0.2625,1.46051,2.03437
-0.193586,0.35,1.4682,1.99063
-0.187938,0.240625,1.4852,1.99063
-0.187523,0.175,1.48562,2.07812
-0.188271,0.503125,1.49448,2.05625
-0.194834,0.240625,1.49315,1.96875
-0.181627,0.35,1.4677,2.34063
-0.182956,0.328125,1.4815,2.05625
-0.193008,0.2625,1.48308,2.07812
-0.19899,0.109375,1.49155,2.07812
-0.20846,0.2625,1.4882,2.07812
-0.218512,0.21875,1.49036,2.07812
-0.202397,0.30625,1.5123,2.05625
-0.18919,0.30625,1.50284,2.07812
-0.21436,0.30625,1.49648,2.03437
-0.224993,0.371875,1.52772,2.03437
-0.241441,0.30625,1.49413,2.07812
-0.205556,0.371875,1.52828,2.07812
-0.230145,0.328125,1.5257,2.1
-0.223334,0.328125,1.52728,2.12188
-0.233386,0.4375,1.52829,2.05625
-0.258356,0.30625,1.53104,2.1
-0.228867,0.371875,1.52177,2.07812
-0.240082,0.284375,1.51289,2.14375
-0.233271,0.35,1.52669,2.1
-0.267745,0.371875,1.54999,2.1
-0.278379,0.328125,1.54285,2.12188
-0.24889,0.30625,1.54938,2.05625
-0.27406,0.503125,1.53081,1.75
-0.261434,0.30625,1.54403,2.14375
-0.245319,0.328125,1.55375,2.1
-0.297238,0.328125,1.54449,2.12188
-0.267549,0.503125,1.54266,2.12188
-0.269641,0.35,1.55109,2.1
-0.277549,0.35,1.56235,2.12188
-0.274608,0.35,1.54394,2.12188
-0.291819,0.590625,1.54627,2.14375
-0.302253,0.35,1.55636,2.14375
-0.295623,0.35,1.55337,2.12188
-0.306438,0.39375,1.54639,2.23125
-0.300008,0.459375,1.54834,2.1
-0.302101,0.371875,1.56628,2.07812
-0.313497,0.371875,1.57753,2.14375
-0.307067,0.4375,1.57492,2.1
-0.317882,0.371875,1.58065,2.14375
-0.311453,0.328125,1.57329,2.1875
-0.298427,0.371875,1.57785,2.14375
-0.323779,0.371875,1.58358,2.14375
-0.32549,0.39375,1.56382,2.16562
-0.310719,0.48125,1.58612,2.12188
-0.330456,0.459375,1.57934,2.1875
-0.314523,0.371875,1.58391,2.07812
-0.325338,0.4375,1.56986,2.23125
-0.32763,0.415625,1.57995,2.1875
-0.320419,0.39375,1.58839,2.16562
-0.316316,0.415625,1.5819,2.16562
-0.318408,0.459375,1.57077,2.16562
-0.319338,0.415625,1.59133,2.14375
-0.312327,0.415625,1.58833,2.1875
-0.313838,0.415625,1.58679,2.1875
-0.307408,0.415625,1.59165,2.16562
-0.326364,0.4375,1.58138,2.16562
-0.350553,0.39375,1.59147,2.16562
-0.329004,0.459375,1.60011,2.14375
-0.313071,0.459375,1.58548,2.20938
-0.314782,0.39375,1.56853,2.20938
-0.333738,0.4375,1.57048,2.14375
-0.318004,0.634375,1.57475,2.16562
-0.310212,0.459375,1.5736,2.14375
-0.329167,0.371875,1.599,2.16562
-0.330297,0.48125,1.60037,2.20938
-0.330064,0.371875,1.57731,2.1875
-0.322471,0.328125,1.60921,2.1875
-0.313516,0.590625,1.594,2.1875
-0.322786,0.48125,1.58025,2.20938
-0.299875,0.48125,1.60052,2.1875
-0.31476,0.415625,1.61351,2.20938
-0.309493,0.175,1.58377,2.31875
-0.30926,0.021875,1.58397,2.14375
-0.309227,0.459375,1.58476,2.1875
-0.282827,0.48125,1.58554,2.20938
-0.300238,0.415625,1.58633,2.1875
-0.308727,0.74375,1.5877,1.94687
-0.31489,0.6125,1.61668,2.1875
-0.299738,0.4375,1.58947,2.14375
-0.290201,0.415625,1.58967,2.20938
-0.282027,0.415625,1.59104,2.20938
-0.289934,0.459375,1.59124,2.1875
-0.289319,0.4375,1.59144,2.23125
-0.279782,0.48125,1.59165,2.1875
-0.273353,0.48125,1.61967,2.1875
-0.295797,0.459375,1.59284,2.23125
-0.277538,0.459375,1.59304,2.1875
-0.270527,0.415625,1.61156,2.16562
-0.274945,0.634375,1.61574,2.1875
-0.259793,0.459375,1.61595,2.20938
-0.268282,0.415625,1.59347,2.20938
-0.272319,0.590625,1.59251,2.20938
-0.280808,0.328125,1.5935,2.1875
-0.264493,0.371875,1.59254,2.1875
-0.268912,0.371875,1.59216,2.16562
-0.252597,0.39375,1.60574,2.1875
-0.251201,0.065625,1.60265,2.14375
-0.232741,0.39375,1.59121,2.14375
-0.271849,0.590625,1.58983,2.1875
-0.270834,0.39375,1.58924,2.29688
-0.254701,0.4375,1.59038,2.16562
-0.244964,0.39375,1.58746,1.96875
-0.257904,0.415625,1.60954,2.20938
-0.26503,0.371875,1.58511,2.20938
-0.254712,0.21875,1.58451,2.23125
-0.248464,0.35,1.61212,2.14375
-0.236982,0.371875,1.58157,2.20938
-0.235386,0.30625,1.58098,2.23125
-0.248908,0.240625,1.58038,2.1875
-0.256616,0.371875,1.60304,2.1875
-0.246297,0.415625,1.57861,2.20938
-0.244701,0.35,1.57801,2.05625
-0.23729,0.2625,1.60445,2.1875
-0.218249,0.415625,1.60328,2.16562
-0.225375,0.284375,1.57468,2.275
-0.232501,0.328125,1.5735,2.16562
-0.230904,0.284375,1.57232,2.1875
-0.229308,0.153125,1.57173,2.20938
-0.233527,0.30625,1.58945,2.1875
-0.227279,0.328125,1.56995,2.1875
-0.217541,0.35,1.56994,2.16562
-0.231645,0.328125,1.60045,2.16562
-0.20679,0.35,1.56874,2.1875
-0.229616,0.30625,1.56931,2.16562
-0.223367,0.328125,1.60002,2.16562
-0.214212,0.39375,1.56948,2.20938
-0.222501,0.328125,1.57005,2.1875
-0.213345,0.35,1.58399,2.16562
-0.203608,0.328125,1.5927,2.25312
-0.226434,0.30625,1.56942,2.16562
-0.226001,0.328125,1.57019,2.16562
-0.202308,0.2625,1.57017,2.16562
-0.225134,0.284375,1.57074,2.12188
-0.201441,0.328125,1.60125,2.14375
-0.208567,0.503125,1.56897,2.1875
-0.215693,0.30625,1.56857,2.0125
-0.196653,0.371875,1.56739,2.14375
-0.203197,0.30625,1.56563,2.14375
-0.210904,0.328125,1.58393,2.14375
-0.210471,0.328125,1.5658,2.1875
-0.199571,0.30625,1.56463,2.12188
-0.197975,0.328125,1.56635,2.14375
-0.197541,0.240625,1.56421,2.14375
-0.195945,0.459375,1.56362,2.14375
-0.176323,0.30625,1.58948,2.14375
-0.200893,0.240625,1.56146,2.1875
-0.191156,0.328125,1.56145,2.14375
-0.166301,0.153125,1.57481,2.12188
-0.187964,0.35,1.55987,2.14375
-0.18753,0.284375,1.56044,2.16562
-0.177793,0.153125,1.56711,2.14375
-0.17736,0.196875,1.56061,2.14375
-0.176345,0.35,1.5606,2.07812
-0.160993,0.240625,1.56,2.14375
-0.173353,0.196875,1.55902,2.14375
-0.171756,0.240625,1.55843,2.07812
-0.160856,0.196875,1.55687,2.14375
-0.158097,0.153125,1.55511,2.16562
-0.150104,0.30625,1.55393,2.14375
-0.14909,0.21875,1.55353,2.14375
-0.128886,0.0875,1.5634,2.16562
-0.143571,0.371875,1.55021,2.14375
-0.13189,0.2625,1.57742,2.14375
-0.128549,0.065625,1.54435,2.14375
-0.126171,0.0875,1.54297,2.275
-0.130971,0.0875,1.56669,2.1
-0.109986,0.2625,1.53653,2.14375
-0.097723,0.153125,1.53341,2.14375
-0.126945,0.0875,1.53125,2.1
-0.100727,0.109375,1.55923,2.1
-0.10669,0.153125,1.52675,2.12188
-0.0793081,0.13125,1.52343,2.1
-0.0905044,0.109375,1.52088,2.1
-0.0956859,0.21875,1.51834,2.07812
-0.083623,0.13125,1.5158,2.07812
-0.103923,0.13125,1.51364,2.07812
-0.0858452,0.0875,1.5111,2.05625
-0.0830859,-0.109375,1.50914,2.05625
-0.0719859,0.284375,1.50777,2.07812
-0.0773674,0.13125,1.50523,2.05625
-0.0732452,0.153125,1.5019,1.99063
-0.0792081,0.196875,1.49994,2.1
-0.0762489,0.35,1.49798,2.1
-0.0548822,0.328125,1.49486,2.07812
-0.0612267,0.175,1.49348,1.94687
-0.041023,-0.109375,1.49133,2.03437
-0.0636489,-0.065625,1.48878,2.07812
-0.0612711,0.2625,1.48741,2.07812
-0.0596748,0.21875,1.48661,2.0125
-0.0724156,0.04375,1.48581,2.05625
-0.0615156,0.13125,1.48444,1.85938
-0.06786,0.04375,1.48306,1.96875
-0.0749859,-0.153125,1.48226,1.72812
-0.0545822,0.328125,1.4801,2.03437
-0.0710119,0.13125,1.47989,1.96875
-0.0604933,0.153125,1.47909,1.77188
-0.0821563,0.153125,1.4783,2.03437
-0.0571007,0.196875,1.4775,1.99063
-0.0636452,0.109375,1.47612,2.03437
-0.0618489,0.109375,1.47533,2.0125
-0.0602526,0.175,1.47453,2.07812
-0.0729933,0.109375,1.47373,2.0125
-0.07236,0.21875,1.4741,2.0125
-0.0649489,0.109375,1.4733,2.0125
-0.0701304,0.328125,1.47367,2.05625
-0.0633007,0.153125,1.47345,2.05625
-0.0853452,0.13125,1.47324,2.03437
-0.0668859,0.175,1.47303,2.03437
-0.0930007,0.175,1.47397,2.16562
-0.04256,0.13125,1.47376,2.1875
-0.0820489,0.109375,1.49622,1.94687
-0.0717304,0.13125,1.47217,1.72812
-0.0804007,0.196875,1.47311,2.05625
-0.0706637,0.021875,1.47232,2.05625
-0.0700304,-0.065625,1.47268,2.05625
-0.0463378,0.371875,1.48701,2.07812
-0.0602415,0.021875,1.47225,2.03437
-0.0772526,0.065625,1.47262,2.05625
-0.0684785,0.240625,1.47299,2.03437
-0.0924674,0.0875,1.47414,2.03437
-0.0592711,0.0875,1.47392,1.99063
-0.0908193,0.0875,1.47254,1.99063
-0.0756489,0.0875,1.47233,2.05625
-0.0903341,0.109375,1.4727,2.03437
-0.0751637,0.109375,1.48411,2.0125
-0.0747304,0.13125,1.48331,2.12188
-0.0892156,0.13125,1.49929,2.1
-0.0736637,0.175,1.49297,2.0125
-0.0974526,0.153125,1.4852,2.03437
-0.0743415,0.065625,1.4844,2.14375
-0.0556822,0.284375,1.47517,2.0125
-0.0732748,0.065625,1.49531,2.0125
-0.0726415,0.153125,1.47378,2.12188
-0.0809304,0.04375,1.47967,2.05625
-0.0808785,0.175,1.49138,2.14375
-0.0798637,0.328125,1.47575,2.03437
-0.0623674,0.04375,1.47952,1.88125
-0.0857748,0.109375,1.48744,1.6625
-0.0799081,0.04375,1.46135,2.0125
-0.0949748,0.04375,1.48545,2.05625
-0.06236,0.153125,1.47437,2.0125
-0.0931267,0,1.48015,2.0125
-0.0785378,0.13125,1.46587,2.05625
-0.0777044,0.196875,1.46807,2.05625
-0.0840489,0.021875,1.48345,2.05625
-0.0787637,-0.0875,1.47847,1.96875
-0.0775489,0.175,1.47553,2.1
-0.0778785,0.175,1.47928,1.99063
-0.0696859,0.196875,1.46703,1.99063
-0.0847526,0.196875,1.44607,2.1
-0.0707452,0.21875,1.4658,2.0125
-0.0617711,0.175,1.47624,2.0125
-0.0942822,0.175,1.46399,1.99063
-0.0860896,0.109375,1.47995,2.1
-0.0720822,0.196875,1.47081,2.0125
-0.0720304,0.240625,1.45799,1.99063
-0.0962007,0.240625,1.4783,2.0125
-0.0728896,0.175,1.46839,2.07812
-0.09726,0.175,1.45236,2.05625
-0.0826711,0.284375,1.46047,1.925
-0.0832007,0.109375,1.45075,1.94687
-0.0980674,0.175,1.47107,1.96875
-0.0892933,0.175,1.46987,2.07812
-0.089823,-0.2625,1.4681,1.99063
-0.0833748,0.175,1.44597,2.0125
-0.083123,0.175,1.45747,1.99063
-0.0819081,0.196875,1.45802,2.0125
-0.0882526,0.0875,1.44083,1.90312
-0.0963415,0.153125,1.46319,1.96875
-0.0968711,0.196875,1.446,2.0125
-0.07336,0.153125,1.45605,1.99063
-0.0831933,0.21875,1.44875,1.94687
-0.09826,0.153125,1.45162,1.96875
-0.0987896,0.13125,1.45857,2.05625
-0.090597,-0.04375,1.44594,1.96875
-0.0909267,0.240625,1.45696,1.6625
-0.100179,-0.021875,1.44413,1.94687
-0.10129,0.175,1.45098,2.0125
-0.119264,0.196875,1.44543,1.96875
-0.0942081,0.196875,1.45353,1.99063
-0.120704,0.175,1.45254,2.0125
-0.128212,0.21875,1.43651,1.90312
-0.122927,0.21875,1.44578,1.94687
-0.114153,0.04375,1.43985,1.96875
-0.115264,0.109375,1.44737,1.94687
-0.124897,0.196875,1.45054,2.07812
-0.126008,0.21875,1.43704,1.96875
-0.133516,0.196875,1.44515,1.90312
-0.135208,0.21875,1.45238,1.94687
-0.131086,0.196875,1.4447,2.0125
-0.123856,0.21875,1.44466,1.925
-0.15753,0.21875,1.45152,1.925
-0.14236,0.2625,1.4509,1.925
-0.138238,0.21875,1.45049,2.07812
-0.13993,0.240625,1.46238,1.94687
-0.15616,0.21875,1.45246,2.12188
-0.190216,0.13125,1.4471,2.03437
-0.183767,0.284375,1.46567,1.96875
-0.171504,0.21875,1.46032,1.99063
-0.149938,0.175,1.45127,2.29688
-0.166167,0.175,1.46278,1.96875
-0.199841,0.2625,1.4671,1.99063
-0.169934,0.175,1.46204,1.94687
-0.18093,0.2625,1.45735,2.16562
-0.205882,0.175,1.47089,1.96875
-0.175593,0.196875,1.46999,1.99063
-0.18659,0.240625,1.47277,2.12188
-0.220845,0.240625,1.4707,2.07812
-0.182216,0.21875,1.46011,2.05625
-0.225193,0.240625,1.45543,1.8375
-0.260612,0.284375,1.44745,2.05625
-0.239627,0.328125,1.43404,1.90312
-0.209919,0.21875,1.425,2.05625
-0.244356,0.30625,1.41797,1.94687
-0.247012,0.371875,1.41385,1.90312
-0.223882,0.4375,1.39606,1.94687
-0.235841,0.30625,1.39028,2.0125
-0.224341,0.328125,1.38471,2.0125
-0.288634,0.284375,1.37186,1.94687
-0.268412,0.30625,1.36745,1.94687
-0.29549,0.35,1.35635,1.925
-0.298727,0.284375,1.36773,1.925
-0.277923,0.39375,1.35605,1.85938
-0.290464,0.35,1.35338,1.88125
-0.279545,0.39375,1.35885,1.94687
-0.297901,0.39375,1.35618,1.79375
-0.316056,0.39375,1.34624,1.94687
-0.273356,0.415625,1.36315,1.6625
-0.262438,0.415625,1.35612,1.925
-0.289516,0.39375,1.35054,1.90312
-0.33113,0.415625,1.36328,1.8375
-0.33533,0.39375,1.3737,1.85938
-0.301353,0.4375,1.36986,1.8375
-0.28113,0.415625,1.3765,1.8375
-0.331467,0.175,1.3745,2.0125
-0.311827,0.415625,1.37794,1.81563
-0.324367,0.415625,1.38719,1.90312
-0.310741,0.459375,1.37057,2.03437
-0.305638,0.4375,1.38331,1.88125
-0.364116,0.4375,1.37541,1.8375
-0.367734,0.4375,1.37884,1.88125
-0.371553,0.48125,1.37647,1.90312
-0.313534,0.48125,1.361,1.99063
-0.377827,0.48125,1.37316,1.88125
-0.35199,0.39375,1.35828,1.88125
-0.384682,0.48125,1.34457,1.925
-0.350123,0.590625,1.35353,1.50937
-0.391538,0.503125,1.34243,2.16562
-0.394193,0.503125,1.36796,1.85938
-0.342571,0.525,1.34872,1.81563
-0.371975,0.39375,1.35885,1.8375
-0.404286,0.459375,1.35501,2.0125
-0.346267,0.634375,1.35845,1.925
-0.364041,0.459375,1.36189,1.925
-0.343238,0.503125,1.36474,2.0125
-0.369734,0.525,1.36818,1.8375
-0.364249,0.503125,1.37162,1.85938
-0.366704,0.525,1.37447,1.90312
-0.401341,0.590625,1.37733,1.90312
-0.372397,0.503125,1.38077,1.90312
-0.383775,0.56875,1.38362,2.0125
-0.432949,0.525,1.38648,1.94687
-0.412145,0.56875,1.38933,2.0125
-0.39096,0.6125,1.42155,1.8375
-0.370156,0.503125,1.39388,1.8375
-0.436775,0.546875,1.39674,1.90312
-0.383608,0.56875,1.39901,2.05625
-0.368038,0.7875,1.40148,2.05625
-0.388138,0.525,1.40434,2.05625
-0.390012,0.56875,1.40661,2.05625
-0.406041,0.56875,1.40831,2.03437
-0.384856,0.525,1.41058,1.925
-0.378008,0.6125,1.41285,2.05625
-0.380082,0.525,1.41513,1.96875
-0.381956,0.459375,1.4174,1.90312
-0.40729,0.65625,1.41988,1.96875
-0.386104,0.503125,1.42215,2.05625
-0.387397,0.590625,1.42384,2.05625
-0.406334,0.525,1.42554,2.1
-0.38146,0.48125,1.42723,1.925
-0.414934,0.525,1.42912,1.96875
-0.384445,0.503125,1.43081,1.96875
-0.411904,0.459375,1.43251,2.14375
-0.404093,0.6125,1.43362,2.05625
-0.396864,0.6125,1.43531,1.6625
-0.397575,0.590625,1.43662,1.81563
-0.416512,0.590625,1.43831,2.16562
-0.390475,0.590625,1.43884,2.05625
-0.40883,0.590625,1.43995,1.99063
-0.377179,0.48125,1.44068,1.94687
-0.392427,0.525,1.4418,1.90312
-0.393338,0.6125,1.44291,2.07812
-0.37913,0.503125,1.44344,1.99063
-0.371119,0.459375,1.44475,1.94687
-0.380753,0.590625,1.44586,2.05625
-0.362856,0.48125,1.44581,1.925
-0.37229,0.503125,1.44652,1.94687
-0.364079,0.546875,1.44683,1.61875
-0.35723,0.65625,1.4454,1.96875
-0.347275,0.48125,1.44396,1.96875
-0.355345,0.48125,1.44311,1.96875
-0.354112,0.503125,1.44168,1.96875
-0.344738,0.721875,1.44083,2.16562
-0.343704,0.590625,1.43939,1.96875
-0.332004,0.459375,1.43641,2.0125
-0.338912,0.4375,1.4344,1.925
-0.320234,0.240625,1.43297,2.14375
-0.335864,0.065625,1.43095,1.88125
-0.31099,0.459375,1.42894,1.94687
-0.29173,0.459375,1.42692,2.25312
-0.306779,0.415625,1.42433,1.96875
-0.295079,0.415625,1.42115,1.94687
-0.282797,0.48125,1.41739,1.99063
-0.280019,0.35,1.41441,1.925
-0.254364,0.415625,1.41181,2.1
-0.250223,0.415625,1.40747,2.0125
-0.246664,0.371875,1.40371,1.925
-0.233801,0.175,1.39937,1.925
-0.22986,0.328125,1.39503,1.99063
-0.216416,0.175,1.39031,2.05625
-0.212275,0.196875,1.38597,1.90312
-0.201738,0.415625,1.38105,1.68437
-0.179771,0.39375,1.37613,1.77188
-0.193075,0.240625,1.37178,1.90312
-0.187771,0.196875,1.36648,1.90312
-0.150486,0.196875,1.36098,1.85938
-0.169023,0.21875,1.35605,1.85938
-0.163919,0.39375,1.35055,1.8375
-0.167338,0.0875,1.34505,1.96875
-0.130634,0.21875,1.34033,2.05625
-0.129982,0.13125,1.33366,1.81563
-0.133019,0.328125,1.32757,1.8375
-0.105038,0.240625,1.32265,1.8375
-0.108456,0.240625,1.31735,1.90312
-0.0862896,0.153125,1.31243,1.81563
-0.0997933,0.153125,1.30808,1.925
-0.0933267,0.30625,1.30162,1.8375
-0.0862785,0.35,1.29437,1.90312
-0.0484119,0.153125,1.28828,1.90312
-0.0471785,0.13125,1.28104,1.75
-0.0589378,0.2625,1.27515,1.90312
-0.0460748,0.13125,1.27081,1.75
-0.0506563,0.13125,1.26647,1.72812
-0.0459341,0.21875,1.26175,1.72812
-0.0501341,0.109375,1.25683,1.79375
-0.0459933,-0.04375,1.25248,1.61875
-0.0151044,0.153125,1.24776,1.72812
-0.0179415,0.371875,1.24168,1.81563
-0.0140007,0.109375,1.23734,1.75
-0.00927852,0.0875,1.23261,1.6625
-0.0220007,0.13125,1.22769,1.61875
-0.0085563,0.065625,1.22297,1.81563
-0.0127563,-0.021875,1.21805,1.6625
-0.00803407,0.04375,1.21313,1.64062
-0.00389333,0.04375,1.18631,1.64062
0.0345548,0.04375,1.2029,1.6625
-0.023723,0.04375,1.19681,1.64062
0.00949185,0.0875,1.18977,1.61875
0.0200289,0.021875,1.18484,1.72812
0.0247511,0.04375,1.18012,1.64062
0.05544,0,1.1752,1.64062
0.0334141,0,1.17106,1.64062
0.0381363,-0.021875,1.16614,1.70625
0.042277,-0.021875,1.1618,1.53125
0.0735474,-0.021875,1.15649,1.53125
0.0602437,-0.021875,1.15215,1.72812
0.0568252,0.021875,1.14685,1.6625
0.0941104,-0.04375,1.14134,1.59688
0.0933993,-0.0875,1.13604,1.70625
0.104518,-0.065625,1.13054,1.55313
0.0952844,-0.021875,1.12523,1.53125
0.0817807,-0.153125,1.12089,1.55313
0.11267,-0.13125,1.11617,1.55313
0.0865733,0.021875,1.11008,1.64062
0.118044,-0.196875,1.10187,1.61875
0.106284,0.021875,1.09579,1.50937
0.120892,-0.240625,1.0897,1.4875
0.126196,-0.30625,1.0842,1.50937
0.118125,-0.240625,1.07753,1.4875
0.146688,-0.2625,1.07203,1.59688
0.142688,-0.284375,1.06711,1.46562
0.14741,-0.240625,1.06218,1.50937
0.152133,0.021875,1.05726,1.4
0.181859,-0.2625,1.0506,1.46562
0.154018,-0.328125,1.02794,1.46562
0.158159,0.021875,1.0425,1.42188
0.188266,-0.328125,1.03815,1.59688
0.152284,-0.284375,1.03323,1.42188
0.165147,-0.415625,1.02889,1.53125
0.144284,-0.196875,1.02339,1.46562
0.165288,-0.35,1.01963,1.4
0.184547,-0.35,1.01471,1.4875
0.188688,-0.328125,1.01037,1.37813
0.193992,-0.459375,1.00486,1.37813
0.166151,-0.371875,1.0011,1.44375
0.219718,-0.30625,0.996762,1.37813
0.200599,-0.39375,0.992421,1.35625
0.20474,-0.48125,0.988081,1.33438
0.214496,-0.415625,0.98374,1.44375
0.218055,-0.0875,0.952942,1.37813
0.198936,-0.39375,0.976221,1.33438
0.202496,-0.459375,0.972462,1.33438
0.223499,-0.371875,0.968703,1.44375
0.200892,-0.371875,0.964944,1.3125
0.204451,-0.371875,0.961184,1.3125
0.209755,-0.065625,0.955881,1.3125
0.215059,-0.328125,0.950377,1.26875
0.213384,-0.39375,0.946618,1.3125
0.218688,-0.021875,0.941114,1.35625
0.206929,-0.065625,0.935029,1.26875
0.233166,-0.371875,0.931851,1.3125
0.229747,-0.284375,0.929836,1.26875
0.20714,-0.371875,0.907179,1.33438
0.229307,-0.39375,0.921155,1.20312
0.241588,-0.39375,0.917596,1.20312
0.235844,-0.35,0.912092,1.35625
0.248125,-0.39375,0.91124,1.35625
0.252266,-0.196875,0.907481,1.35625
0.238962,-0.39375,0.90314,1.225
0.259184,-0.35,0.899962,1.20312
0.235414,-0.2625,0.897566,1.15938
0.247696,-0.35,0.893807,1.33438
0.259396,-0.35,0.890629,1.20312
0.261792,-0.35,0.888614,1.29062
0.265351,-0.35,0.865957,1.18125
0.267747,-0.35,0.882259,1.26875
0.238744,-0.35,0.879281,1.02812
0.265944,-0.35,0.87494,1.18125
0.311951,-0.328125,0.869436,1.18125
0.283529,-0.371875,0.865677,1.42188
0.263247,-0.415625,0.862699,1.18125
0.266225,-0.39375,0.853416,1.18125
0.276181,-0.39375,0.856344,1.07187
0.287881,-0.39375,0.853747,1.26875
0.300162,-0.503125,0.850188,0.721875
0.294418,-0.35,0.84701,1.15938
0.298359,-0.30625,0.824353,0.91875
0.293196,-0.2625,0.839492,1.225
0.304314,-0.30625,0.837096,1.15938
0.297988,-0.459375,0.834499,1.1375
0.295733,-0.30625,0.83074,1.1375
0.291151,-0.2625,0.826599,1.07187
0.30227,-0.48125,0.824003,1.225
0.287021,-0.48125,0.819081,1.1375
0.289418,-0.175,0.819592,1.225
0.283092,-0.459375,0.816996,1.33438
0.285488,-0.48125,0.814399,1.225
0.287884,-0.503125,0.798047,1.1375
0.289699,-0.4375,0.81057,1.09375
0.291514,-0.459375,0.808555,1.1375
0.30127,-0.459375,0.793366,1.09375
0.303084,-0.459375,0.805888,1.09375
0.280477,-0.4375,0.805036,1.24687
0.290433,-0.4375,0.797116,1.09375
0.296899,-0.4375,0.803533,1.07187
0.283596,-0.4375,0.802099,1.225
0.28541,-0.371875,0.781968,1.11563
0.287025,-0.4375,0.798851,1.07187
0.28884,-0.328125,0.797036,0.984375
0.290655,-0.328125,0.795021,0.984375
0.275025,-0.48125,0.793588,1.05
0.276259,-0.371875,0.780725,1.09375
0.303077,-0.30625,0.791503,1.07187
0.286866,-0.4375,0.79027,1.1375
0.279177,-0.459375,0.788836,0.984375
0.265292,-0.4375,0.788184,1.225
0.265944,-0.21875,0.787333,1.07187
0.280551,-0.240625,0.787262,1.09375
0.258525,-0.240625,0.785829,1.18125
0.281855,-0.4375,0.785559,0.940625
0.259047,-0.415625,0.784907,1.225
0.259699,-0.2625,0.784055,1.20312
0.26811,-0.2625,0.784366,1.09375
0.250736,-0.415625,0.783896,1.1375
0.26767,-0.2625,0.784007,1.1375
0.26774,-0.284375,0.783536,1.24687
0.258707,-0.39375,0.783647,1.02812
0.225633,-0.39375,0.78434,1.07187
0.247799,-0.39375,0.785033,1.18125
0.231788,-0.39375,0.786307,1.18125
0.240581,-0.39375,0.785836,1.07187
0.221462,-0.240625,0.78711,1.225
0.229292,-0.284375,0.787803,1.1375
0.220059,-0.371875,0.788114,1.07187
0.227107,-0.371875,0.789388,1.1375
0.226214,-0.284375,0.790081,1.09375
0.239077,-0.284375,0.791355,1.1375
0.223447,-0.240625,0.792047,1.26875
0.213051,-0.371875,0.793321,1.24687
0.188899,-0.284375,0.794014,1.09375
0.210484,-0.30625,0.795288,1.18125
0.185551,-0.328125,0.796762,1.07187
0.207336,-0.284375,0.798036,1.1375
0.205662,-0.21875,0.79931,1.09375
0.195266,-0.30625,0.800584,1.20312
0.19321,-0.30625,0.80244,1.18125
0.208981,-0.328125,0.803714,1.1375
0.189862,-0.284375,0.805188,1.02812
0.197492,-0.415625,0.805881,1.07187
0.148918,-0.284375,0.807736,1.09375
0.184459,-0.30625,0.809592,1.09375
0.191507,-0.240625,0.810866,1.11563
0.149329,-0.240625,0.81234,1.225
0.205803,-0.2625,0.813614,0.721875
0.122721,-0.2625,0.814888,1.1375
0.175707,-0.175,0.816744,1.225
0.159114,-0.240625,0.818599,0.984375
0.156859,-0.240625,0.820655,1.1375
0.187166,-0.2625,0.821929,1.18125
0.185692,-0.2625,0.823203,1.18125
0.151455,-0.240625,0.825059,1.11563
0.141059,-0.21875,0.826533,1.02812
0.171366,-0.2625,0.827807,1.225
0.178033,-0.240625,0.829662,1.1375
0.153099,-0.196875,0.831136,1.1375
0.183407,-0.240625,0.83241,1.1375
0.155766,-0.2625,0.833684,1.225
0.162233,-0.284375,0.83554,1.09375
0.137299,-0.30625,0.837014,1.18125
0.158884,-0.30625,0.838288,1.15938
0.134151,-0.2625,0.839562,1.3125
0.155736,-0.2625,0.841036,1.3125
0.139525,-0.284375,0.84231,1.1375
0.15297,-0.30625,0.843003,1.225
0.142773,-0.284375,0.844477,1.225
0.149821,-0.284375,0.845751,1.26875
0.139425,0.109375,0.847025,1.20312
0.138333,-0.284375,0.847918,1.15938
0.154303,-0.284375,0.849192,1.09375
0.161933,-0.284375,0.850084,1.1375
0.134092,-0.2625,0.851359,1.18125
0.165762,-0.284375,0.85147,1.09375
0.14141,-0.284375,0.852362,1.1375
0.157181,-0.2625,0.853636,1.18125
0.179347,-0.328125,0.854529,1.18125
0.169733,-0.30625,0.855221,1.24687
0.160499,-0.284375,0.855333,1.1375
0.168129,-0.284375,0.856225,1.11563
0.167036,-0.35,0.856918,1.18125
0.175447,-0.328125,0.857229,1.26875
0.157492,-0.021875,0.85734,1.15938
0.174425,-0.328125,0.857651,1.15938
0.174496,-0.109375,0.857181,1.1375
0.165462,-0.0875,0.857292,1.3125
0.182396,-0.284375,0.857603,1.225
0.187699,-0.284375,0.857714,1.24687
0.196492,-0.328125,0.857444,1.18125
0.172721,-0.459375,0.857555,1.24687
0.182296,-0.328125,0.856703,1.24687
0.182366,-0.35,0.856233,1.18125
0.188251,-0.065625,0.855962,1.29062
0.173784,-0.546875,0.855492,1.15938
0.197896,-0.328125,0.85464,1.15938
0.189244,0.04375,0.85417,1.3125
0.20734,0,0.853318,1.15938
0.207992,-0.021875,0.852266,1.18125
0.200703,-0.35,0.850833,1.18125
0.210077,0,0.849781,1.29062
0.211892,-0.175,0.847766,1.24687
0.227662,-0.35,0.846333,1.26875
0.214559,-0.328125,0.844699,1.18125
0.239051,-0.328125,0.843266,1.18125
0.225166,-0.328125,0.842214,1.09375
0.217677,-0.065625,0.840781,1.09375
0.232866,-0.459375,0.839729,1.18125
0.261629,-0.415625,0.837133,1.11563
0.262862,-0.48125,0.835699,1.11563
0.237929,-0.371875,0.834066,1.09375
0.248466,-0.39375,0.832051,1.11563
0.250481,-0.459375,0.829836,1.1375
0.242992,-0.415625,0.828003,1.3125
0.253729,-0.35,0.825588,1.15938
0.255744,-0.371875,0.822973,1.1375
0.266481,-0.48125,0.820559,1.11563
0.259773,-0.39375,0.818144,1.225
0.293188,-0.35,0.81611,1.09375
0.281047,-0.39375,0.813114,1.26875
0.283062,-0.503125,0.810699,1.24687
0.276355,-0.35,0.808284,1.225
0.292907,-0.35,0.80567,1.1375
0.289688,-0.371875,0.802673,1.1375
0.273677,-0.39375,0.80084,1.09375
0.293136,-0.48125,0.798425,1.1375
0.294951,-0.39375,0.79581,1.18125
0.280103,-0.415625,0.792814,1.37813
0.298981,-0.39375,0.790981,1.225
0.306229,-0.35,0.789147,0.984375
0.293707,-0.371875,0.786533,1.02812
0.295721,-0.371875,0.784118,1.07187
0.305677,-0.459375,0.782284,1.15938
0.290829,-0.35,0.779288,1.07187
0.301566,-0.39375,0.776873,1.00625
0.294277,-0.459375,0.77484,1.07187
0.313736,-0.503125,0.772425,1.07187
0.306447,-0.415625,0.770592,1.1375
0.298959,-0.371875,0.768759,1.09375
0.318418,-0.415625,0.766344,1.00625
0.293684,-0.525,0.76431,1.05
0.295118,-0.503125,0.762477,1.07187
0.313996,-0.546875,0.760644,1.02812
0.291588,-0.415625,0.759392,1.07187
0.292821,-0.415625,0.757559,1.00625
0.308792,-0.371875,0.755725,1.1375
0.309644,-0.4375,0.754473,1.11563
0.311077,-0.546875,0.75244,1.1375
0.271807,-0.546875,0.750607,0.984375
0.313362,-0.4375,0.749355,1.1375
0.291336,-0.459375,0.747521,0.940625
0.30091,-0.546875,0.74627,0.940625
0.302344,-0.459375,0.744436,1.11563
0.294473,-0.415625,0.743184,0.984375
0.310444,-0.371875,0.741351,1.00625
0.295977,-0.546875,0.740681,1.02812
0.279384,-0.48125,0.739229,1.02812
0.279655,-0.4375,0.738559,1.07187
0.29737,-0.371875,0.737888,1.02812
0.289499,-0.39375,0.736636,0.984375
0.290151,-0.503125,0.735384,1.15938
0.281699,-0.39375,0.734714,1.09375
0.275573,-0.371875,0.734625,1.15938
0.28224,-0.415625,0.733373,1.1375
0.267973,-0.39375,0.732703,0.984375
0.281999,-0.459375,0.732614,1.07187
0.290992,-0.39375,0.731944,0.984375
0.28254,-0.371875,0.731273,1.11563
0.244433,-0.371875,0.731184,0.91875
0.282499,-0.371875,0.730514,0.984375
0.267451,-0.48125,0.730425,1.05
0.267721,-0.35,0.729755,1.05
0.276133,-0.35,0.729666,0.91875
0.258959,-0.4375,0.728996,0.940625
0.258647,-0.35,0.728907,1.1375
0.276162,-0.284375,0.728236,1.15938
0.266547,-0.328125,0.728729,0.91875
0.257514,-0.459375,0.72864,1.00625
0.243247,-0.415625,0.72797,1.1375
0.266196,-0.35,0.727881,1.00625
0.247659,-0.371875,0.728373,0.984375
0.256651,-0.503125,0.727703,1.05
0.247618,-0.328125,0.727614,0.984375
0.264751,-0.371875,0.727525,1.09375
0.26444,-0.371875,0.727636,0.896875
0.246484,-0.4375,0.727547,1.15938
0.27234,-0.371875,0.727459,0.984375
0.263307,-0.371875,0.72737,1.11563
0.245551,-0.35,0.727281,1.02812
0.244459,-0.4375,0.727773,1.00625
0.261592,-0.371875,0.727684,1.02812
0.260699,-0.371875,0.728177,1.02812
0.251666,-0.328125,0.728088,1.00625
0.251155,-0.371875,0.728199,1.05
0.259566,-0.35,0.72811,1.26875
0.249951,-0.35,0.728603,1.02812
0.24964,-0.35,0.728514,0.9625
0.240025,-0.39375,0.729007,0.940625
0.224977,-0.39375,0.728918,0.9625
0.232807,-0.371875,0.72941,1.11563
0.255755,-0.371875,0.729521,1.02812
0.255444,-0.35,0.729433,0.9625
0.236907,-0.4375,0.729925,1.00625
0.236596,-0.35,0.729836,0.9625
0.253147,-0.39375,0.730329,0.940625
0.261559,-0.21875,0.73044,1.26875
0.234299,-0.371875,0.730933,0.940625
0.24271,-0.35,0.730844,1.00625
0.233096,-0.371875,0.731336,0.984375
0.232784,-0.35,0.731247,0.984375
0.226459,-0.35,0.731359,1.02812
0.231962,-0.371875,0.73127,1.02812
0.23107,-0.328125,0.731762,1.15938
0.256344,-0.371875,0.732255,1.02812
0.238388,-0.328125,0.732366,1.225
0.238077,-0.371875,0.732277,1.11563
0.237184,-0.328125,0.73277,1.20312
0.260133,-0.30625,0.732681,1.02812
0.236562,-0.328125,0.732392,1.20312
0.244973,-0.328125,0.732103,0.984375
0.227218,-0.35,0.731814,1.15938
0.253073,-0.328125,0.731525,1.09375
0.235518,-0.35,0.731236,1.05
0.253233,-0.30625,0.730366,1.15938
0.244199,-0.328125,0.730077,1.1375
0.243307,-0.328125,0.723683,1.09375
0.258114,-0.328125,0.730081,1.1375
0.252188,-0.35,0.729792,0.984375
0.251877,-0.328125,0.729503,0.9625
0.266684,-0.39375,0.728433,1.07187
0.244277,-0.30625,0.726981,1.09375
0.252688,-0.328125,0.726692,1.00625
0.253159,-0.39375,0.725821,1.02812
0.267966,-0.4375,0.724951,1.02812
0.259514,-0.39375,0.724081,1.05
0.259784,-0.371875,0.72321,0.984375
0.25424,-0.4375,0.72234,1.00625
0.245207,-0.415625,0.722051,1.09375
0.259633,-0.39375,0.721762,0.984375
0.269207,-0.415625,0.72031,1.09375
0.25494,-0.284375,0.71944,0.984375
0.287192,-0.415625,0.71857,0.91875
0.256062,-0.459375,0.717118,1.00625
0.262147,-0.4375,0.716247,1.07187
0.27134,-0.415625,0.715377,0.984375
0.290218,-0.48125,0.713344,0.984375
0.264321,-0.4375,0.712473,1.05
0.258777,-0.415625,0.711603,1.07187
0.29161,-0.328125,0.710351,1.09375
0.274636,-0.415625,0.709481,1.1375
0.274907,-0.459375,0.70861,0.940625
0.267618,-0.415625,0.706577,0.940625
0.267888,-0.459375,0.705707,0.984375
0.310025,-0.459375,0.703673,0.9625
0.263777,-0.459375,0.702803,0.91875
0.270444,-0.48125,0.701351,0.91875
0.288359,-0.415625,0.700481,1.05
0.297933,-0.48125,0.699029,1.02812
0.290062,-0.415625,0.697577,1.00625
0.290914,-0.48125,0.696125,1.00625
0.291766,-0.48125,0.694873,1.05
0.307155,-0.459375,0.693421,0.984375
0.276225,-0.459375,0.69197,0.91875
0.294521,-0.4375,0.691099,0.984375
0.286651,-0.4375,0.689647,1.00625
0.286921,-0.39375,0.688777,0.984375
0.296496,-0.48125,0.687325,1.11563
0.297347,-0.415625,0.686073,1.07187
0.288314,-0.4375,0.685784,0.91875
0.29867,-0.4375,0.683751,0.896875
0.290218,-0.415625,0.682881,0.91875
0.298629,-0.39375,0.682592,0.984375
0.282036,-0.371875,0.651775,0.940625
0.282307,-0.459375,0.681633,1.02812
0.276181,-0.39375,0.681344,0.984375
0.282266,-0.371875,0.680473,0.91875
0.282736,-0.4375,0.656925,0.896875
0.291729,-0.459375,0.679314,0.984375
0.291999,-0.240625,0.651605,0.896875
0.29227,-0.415625,0.678355,0.896875
0.269281,-0.39375,0.677484,1.00625
0.292229,-0.4375,0.677196,0.91875
0.277381,-0.4375,0.677107,0.896875
0.267766,-0.48125,0.677399,0.896875
0.259514,-0.4375,0.676529,0.896875
0.259203,-0.39375,0.67624,0.896875
0.25017,-0.4375,0.676151,1.00625
0.249859,-0.4375,0.675862,0.9625
0.25827,-0.328125,0.675573,1.00625
0.24284,-0.415625,0.676066,1.00625
0.241947,-0.30625,0.676359,1.02812
0.241636,-0.39375,0.67607,1.00625
0.232221,-0.415625,0.676362,1.1375
0.26331,-0.4375,0.676855,0.9625
0.244973,-0.39375,0.677147,1.00625
0.219659,-0.328125,0.678603,0.83125
0.227488,-0.39375,0.679096,1.07187
0.226014,-0.371875,0.67997,1.02812
0.207677,-0.371875,0.680262,0.9625
0.231788,-0.284375,0.681918,1.02812
0.221592,-0.284375,0.682792,0.91875
0.211596,-0.2625,0.683666,1.02812
0.228147,-0.21875,0.684159,1.00625
0.19411,-0.2625,0.685614,1.07187
0.207173,-0.328125,0.686488,0.7875
0.205118,-0.240625,0.688144,1.05
0.211784,-0.2625,0.689599,1.225
0.21031,-0.21875,0.690673,1.20312
0.184996,-0.284375,0.692129,1.05
0.166077,-0.284375,0.693003,0.896875
0.180884,-0.21875,0.69524,0.91875
0.211592,-0.21875,0.696114,1.11563
0.200814,-0.21875,0.69777,1.1375
0.181314,-0.21875,0.699225,1.1375
0.187981,-0.284375,0.700681,1.20312
0.162666,-0.284375,0.702336,1.07187
0.16061,-0.30625,0.703792,0.91875
0.140529,-0.240625,0.706029,0.940625
0.179177,-0.240625,0.707484,0.984375
0.162584,-0.2625,0.70914,0.9625
0.151807,-0.240625,0.710596,0.896875
0.172429,-0.240625,0.712833,1.02812
0.179096,-0.175,0.714288,1.05
0.159796,-0.240625,0.715944,0.91875
0.166462,-0.240625,0.717199,0.9625
0.132044,-0.240625,0.719036,0.91875
0.153247,-0.240625,0.720292,1.07187
0.151392,-0.21875,0.721547,0.896875
0.135381,-0.21875,0.722421,0.9625
0.132944,-0.240625,0.724259,0.83125
0.13961,-0.196875,0.725514,0.984375
0.137173,-0.240625,0.727351,1.02812
0.126396,-0.2625,0.728607,0.984375
0.100699,-0.196875,0.730644,1.29062
0.130625,-0.175,0.731899,0.9625
0.0880659,-0.153125,0.733155,0.940625
0.141251,-0.30625,0.73441,1.09375
0.0690363,-0.13125,0.736247,0.9625
0.122221,0.13125,0.737703,0.9625
0.125599,-0.109375,0.73954,0.940625
0.100866,-0.175,0.740214,1.02812
0.0982289,0.065625,0.742051,0.940625
0.0963733,-0.196875,0.743507,0.984375
0.111181,-0.13125,0.745344,1.07187
0.053503,-0.196875,0.747181,0.940625
0.0752881,0.21875,0.748055,0.9625
0.110647,-0.284375,0.749892,1.02812
0.0707956,-0.153125,0.751147,1.05
0.0828956,0.13125,0.752984,0.9625
0.066303,-0.371875,0.75444,1.09375
0.110966,0.175,0.755696,1.225
0.0682067,-0.109375,0.756951,0.984375
0.0977511,-0.240625,0.758988,1.02812
0.049177,-0.196875,0.760244,1.02812
0.0880252,-0.2625,0.761499,1.1375
0.0452659,-0.240625,0.762955,1.02812
0.106792,0.13125,0.764792,1.00625
0.0268178,-0.0875,0.765466,1.02812
0.062177,0.153125,0.767503,1.1375
0.0455844,-0.175,0.768759,0.984375
0.0751289,0.30625,0.770596,0.984375
0.0178326,0.13125,0.772051,1.02812
0.0450511,-0.109375,0.773307,1.02812
0.0197363,-0.065625,0.774562,1.20312
0.0810622,0.153125,0.776599,1.225
0.0710659,-0.284375,0.777273,1.1375
0.0690104,0.175,0.778729,0.984375
0.0526178,-0.35,0.779984,1.15938
0.0325363,-0.153125,0.781821,0.984375
0.0399844,-0.21875,0.782696,1.02812
0.0611881,-0.175,0.783951,1.07187
0.0273511,-0.21875,0.785407,0.896875
0.0578585,-0.065625,0.786081,1.02812
0.0240215,-0.328125,0.787536,1.02812
0.0161511,-0.065625,0.788792,1.02812
0.00595481,-0.4375,0.789466,1.18125
0.0128215,-0.065625,0.790921,1.02812
0.025303,0.0875,0.792177,1.26875
0.0408919,-0.04375,0.793633,1.1375
0.0539548,-0.065625,0.794307,1.02812
0.0381437,0.0875,0.795181,1.02812
0.0186437,-0.240625,0.796436,1.02812
0.0260919,0.13125,0.79731,1.15938
0.00659185,0.109375,0.798566,1.11563
0.0365178,0.0875,0.800021,1.225
-0.00255259,0.0875,0.800696,1.09375
0.0506326,0.0875,0.802151,1.09375
0.0319141,-0.284375,0.802825,1.09375
0.0484659,-0.021875,0.803118,1.18125
0.0553326,-0.021875,0.804373,1.18125
0.0137363,-0.196875,0.804666,1.09375
0.0209844,-0.021875,0.80534,1.07187
0.0429696,-0.021875,0.806214,1.09375
0.0507993,-0.153125,0.806307,1.09375
0.00882148,0.13125,0.807181,1.18125
0.0160696,0,0.808055,1.02812
0.0211919,-0.21875,0.808147,1.11563
0.0377437,0.0875,0.80844,1.02812
0.0368511,0.109375,0.808533,1.4
0.0442993,0.0875,0.809407,1.3125
0.0346844,0.0875,0.809499,1.09375
0.0339919,-0.240625,0.809792,1.09375
0.0249585,0.065625,0.809503,0.896875
0.0155437,-0.175,0.809596,1.02812
0.0315141,0.065625,0.81047,1.07187
0.0218993,0.04375,0.810562,1.26875
0.0305104,-0.21875,0.810273,1.09375
0.03834,0.04375,0.810566,1.09375
0.0376474,0.04375,0.810659,1.07187
0.0367548,0.13125,0.810951,1.07187
0.0358622,0.04375,0.811244,1.09375
0.0171437,0.065625,0.811918,1.02812
0.0249733,0.04375,0.81221,1.07187
0.033003,0.04375,0.812303,1.29062
0.0233881,0.021875,0.812596,1.18125
0.0137733,-0.021875,0.812888,1.24687
0.03634,0.021875,0.812981,1.18125
0.0441696,0.021875,0.813273,1.4
0.0428956,0.04375,0.814147,1.24687
0.0332807,0.04375,0.81444,1.09375
0.00912889,0.021875,0.814533,1.09375
0.0316956,0.021875,0.814825,1.26875
0.0249881,0,0.815118,1.11563
0.0301104,-0.021875,0.81521,1.09375
0.0239844,0.0875,0.814921,1.1375
0.0230919,0.0875,0.815214,1.1375
0.00495481,0.0875,0.815507,1.09375
0.0273215,0.04375,0.815599,1.225
0.0359326,-0.021875,0.81531,1.35625
0.0443437,-0.065625,0.815021,1.35625
0.0434511,-0.065625,0.815314,1.15938
0.04334,-0.065625,0.814825,1.24687
0.0257844,0.0875,0.814336,1.24687
0.0254733,0.04375,0.813647,1.35625
0.0515289,-0.021875,0.813159,1.1375
0.0424956,-0.21875,0.81267,1.24687
0.057503,-0.0875,0.811599,1.09375
0.0573919,0.065625,0.81111,1.09375
0.0437067,-0.0875,0.809459,1.02812
0.0435956,-0.0875,0.80897,1.07187
0.0527881,0.109375,0.807899,1.09375
0.0449178,0.065625,0.806247,1.09375
0.0546919,-0.0875,0.804596,1.07187
0.0871437,0.04375,0.803525,1.09375
0.0705511,-0.109375,0.801873,1.20312
0.0890474,-0.30625,0.800221,1.1375
0.081177,-0.196875,0.79857,1.11563
0.0909511,-0.21875,0.796918,1.09375
0.07514,-0.153125,0.794884,1.35625
0.0672696,-0.153125,0.793233,1.09375
0.100303,0.13125,0.791581,1.02812
0.09554,-0.175,0.789929,1.1375
0.0963919,0.065625,0.788277,1.11563
0.112562,0.13125,0.786044,1.09375
0.10004,-0.175,0.783229,0.984375
0.106907,0.109375,0.781577,1.02812
0.117262,-0.175,0.779344,1.15938
0.12044,-0.21875,0.775366,1.09375
0.122073,0.04375,0.773133,1.1375
0.125251,-0.175,0.769155,1.20312
0.135025,-0.196875,0.767503,1.02812
0.145381,-0.240625,0.76547,1.07187
0.138673,-0.328125,0.762655,1.11563
0.132166,-0.240625,0.75984,1.1375
0.143484,-0.415625,0.756444,1.09375
0.137559,-0.196875,0.753047,1.00625
0.140355,-0.415625,0.749651,1.00625
0.160396,0.109375,0.746255,1.11563
0.145747,-0.109375,0.742859,0.9625
0.156484,-0.109375,0.740244,1.00625
0.16684,-0.109375,0.73801,0.984375
0.175451,-0.30625,0.734614,0.984375
0.154788,-0.30625,0.731218,0.984375
0.175029,-0.35,0.727821,1.00625
0.160181,-0.2625,0.724625,1.02812
0.193796,-0.30625,0.722392,1.09375
0.181473,-0.371875,0.719577,1.00625
0.166044,-0.371875,0.716762,0.940625
0.176399,-0.48125,0.714529,1.09375
0.178996,-0.328125,0.711333,0.940625
0.192259,-0.021875,0.706192,1.09375
0.195055,-0.240625,0.702796,0.9625
0.198814,-0.4375,0.698236,1.02812
0.184747,-0.04375,0.694259,1.02812
0.187925,-0.284375,0.690481,0.9625
0.200025,-0.48125,0.686503,0.9625
0.211344,0.021875,0.683107,1.00625
0.214721,-0.0875,0.679129,0.984375
0.218099,-0.35,0.675351,0.91875
0.212555,-0.39375,0.671373,0.896875
0.206047,-0.371875,0.668559,0.896875
0.21911,-0.065625,0.663618,0.896875
0.205044,-0.109375,0.65964,0.984375
0.216362,-0.35,0.656244,1.07187
0.218577,0.153125,0.653429,0.91875
0.238818,-0.04375,0.650233,1.02812
0.241414,-0.371875,0.646836,0.853125
0.244792,-0.153125,0.64344,0.984375
0.239829,-0.175,0.639081,0.853125
0.233903,-0.196875,0.635684,0.83125
0.236499,-0.35,0.632288,1.07187
0.249181,-0.21875,0.627929,0.896875
0.260118,-0.2625,0.625114,0.896875
0.255155,-0.371875,0.620555,0.83125
0.257951,-0.284375,0.617359,0.83125
0.283807,-0.35,0.613962,0.83125
0.256366,-0.371875,0.608821,0.875
0.27757,-0.35,0.604462,0.83125
0.286762,-0.4375,0.600484,0.7875
0.289359,-0.35,0.597288,0.7875
0.293899,-0.328125,0.592147,0.83125
0.297077,-0.371875,0.58817,0.83125
0.285918,-0.371875,0.584392,0.83125
0.289877,-0.371875,0.580414,0.896875
0.308173,-0.39375,0.576055,0.83125
0.328414,-0.48125,0.57324,0.7875
0.322288,-0.4375,0.569844,0.74375
0.34311,-0.39375,0.566647,0.875
0.313725,-0.35,0.563251,0.875
0.331059,-0.35,0.533016,1.02812
0.333073,-0.503125,0.558403,0.896875
0.326566,-0.503125,0.544159,0.83125
0.348351,-0.415625,0.523609,0.896875
0.333703,-0.48125,0.548414,0.91875
0.353162,-0.328125,0.546381,0.74375
0.357703,-0.503125,0.538914,0.765625
0.35274,-0.525,0.538044,0.7
0.347396,-0.525,0.534647,0.875
0.360077,-0.48125,0.53087,0.74375
0.364999,-0.503125,0.506831,0.678125
0.368377,-0.590625,0.494912,0.765625
0.389581,-0.74375,0.518355,0.634375
0.383655,-0.546875,0.508271,0.7875
0.388196,-0.328125,0.497607,0.7875
0.382851,-0.590625,0.508747,0.634375
0.38661,-0.525,0.48151,0.6125
0.391733,-0.503125,0.50021,0.678125
0.412555,-0.48125,0.469575,0.678125
0.390347,-0.56875,0.493218,0.765625
0.380151,-0.546875,0.488659,0.809375
0.398647,-0.65625,0.462003,0.65625
0.410747,-0.546875,0.482447,0.809375
0.392029,-0.6125,0.454629,0.590625
0.403347,-0.503125,0.475655,0.7875
0.406144,-0.546875,0.449962,0.765625
0.415336,-0.48125,0.45587,0.678125
0.403977,-0.6125,0.448694,0.590625
0.406192,-0.525,0.46594,0.634375
0.408988,-0.371875,0.463707,0.91875
0.435044,-0.459375,0.442575,0.634375
0.405077,-0.4375,0.429294,0.721875
0.397988,-0.39375,0.435492,0.590625
0.408925,-0.56875,0.457099,0.678125
0.395821,-0.525,0.456029,0.634375
0.388151,-0.4375,0.43606,0.74375
0.389784,-0.371875,0.453888,0.546875
0.382696,-0.503125,0.429359,0.56875
0.401573,-0.546875,0.450966,0.56875
0.393903,-0.525,0.449896,0.634375
0.363555,-0.35,0.448825,0.56875
0.372547,-0.48125,0.447755,0.459375
0.379414,-0.56875,0.446684,0.56875
0.37407,-0.503125,0.446196,0.56875
0.365236,-0.56875,0.445707,0.56875
0.374229,-0.503125,0.444636,0.721875
0.342136,-0.503125,0.43746,0.721875
0.333303,-0.56875,0.44424,0.634375
0.341133,-0.48125,0.444333,0.634375
0.341021,-0.48125,0.443844,0.56875
0.331607,-0.503125,0.437249,0.634375
0.330714,-0.48125,0.44461,0.56875
0.29804,-0.39375,0.444703,0.56875
0.296766,-0.6125,0.445377,0.65625
0.29471,-0.4375,0.446633,0.678125
0.333559,-0.4375,0.447888,0.7
0.282277,-0.4375,0.449344,0.6125
0.303681,-0.371875,0.450599,0.634375
0.287088,-0.371875,0.451855,0.56875
0.267207,-0.4375,0.453692,0.74375
0.250233,-0.4375,0.455529,0.7
0.288299,-0.30625,0.457366,0.56875
0.291677,-0.4375,0.459203,0.83125
0.265981,-0.39375,0.46104,0.721875
0.271484,-0.35,0.463459,0.875
0.283003,-0.39375,0.465877,0.65625
0.242188,-0.4375,0.468296,0.590625
0.21571,-0.4375,0.470914,0.6125
0.21211,-0.21875,0.473914,0.74375
0.223629,-0.35,0.476333,0.765625
0.205292,-0.35,0.479333,0.74375
0.202273,-0.39375,0.481751,0.6125
0.198673,-0.30625,0.484751,0.590625
0.194873,-0.30625,0.487751,0.678125
0.247677,-0.240625,0.489788,0.634375
0.188836,-0.39375,0.492788,0.875
0.185036,-0.30625,0.495788,0.65625
0.181436,-0.30625,0.498788,0.65625
0.177836,-0.240625,0.501788,0.7
0.174036,-0.21875,0.504788,0.765625
0.170436,-0.30625,0.507988,0.721875
0.166836,-0.30625,0.510988,0.765625
0.163036,-0.35,0.513988,0.765625
0.159436,-0.284375,0.516988,0.48125
0.155836,-0.30625,0.519988,0.765625
0.152036,-0.30625,0.523188,0.7
0.148436,-0.175,0.526188,0.7
0.144836,-0.21875,0.529188,0.7
0.141036,-0.284375,0.532188,0.65625
0.137436,-0.175,0.535388,0.7
0.133636,-0.196875,0.538388,0.765625
0.130036,-0.21875,0.541388,0.503125
0.126436,-0.109375,0.544388,0.765625
0.122636,-0.175,0.547588,0.678125
0.119036,-0.153125,0.550588,0.853125
0.115436,-0.04375,0.553588,0.853125
0.111636,-0.4375,0.556588,0.7875
0.108036,-0.153125,0.559788,0.7
0.104436,-0.2625,0.562788,0.875
0.139014,-0.2625,0.565207,0.7875
0.0976178,-0.21875,0.568407,0.765625
0.0938178,-0.240625,0.571407,0.875
0.137318,-0.196875,0.573825,0.765625
0.0871993,-0.109375,0.577025,0.765625
0.0833993,-0.175,0.580025,0.765625
0.0797993,-0.30625,0.583025,0.809375
0.0761993,0.175,0.586025,0.74375
0.0723993,-0.328125,0.589225,0.7875
0.0751956,-0.175,0.591644,0.896875
0.0655807,-0.153125,0.594644,1.00625
0.0619807,0.240625,0.597844,0.853125
0.0583807,0.109375,0.600844,0.809375
0.0545807,-0.065625,0.603844,0.7875
0.0509807,-0.175,0.607044,0.809375
0.0473807,-0.21875,0.610044,0.809375
0.0435807,-0.0875,0.613044,0.940625
0.0399807,-0.0875,0.616244,0.940625
0.0363807,0.021875,0.619244,0.83125
0.0709585,-0.04375,0.621662,0.91875
0.0295622,-0.13125,0.624862,0.7875
0.0257622,-0.0875,0.627862,0.875
0.0221622,-0.0875,0.630862,0.9625
0.0185622,0.109375,0.634062,0.7875
0.0147622,-0.0875,0.637062,0.896875
0.0111622,-0.175,0.640262,0.853125
0.0631844,0.4375,0.642681,0.984375
0.0043437,0.196875,0.645681,0.74375
0.000743704,0.153125,0.648881,0.853125
-0.0030563,0.21875,0.651881,0.91875
-0.00607481,0.153125,0.654499,0.6125
0.0133844,-0.109375,0.657499,0.7875
-0.0134748,0.153125,0.660699,0.91875
-0.0170748,0.109375,0.663699,0.91875
-0.0208748,0.153125,0.666699,0.91875
-0.0238933,-0.153125,0.669318,0.896875
-0.0276933,0.240625,0.672318,0.875
-0.0312933,0.21875,0.675518,0.875
-0.0348933,-0.175,0.678518,0.940625
-0.032297,0.175,0.681136,0.91875
-0.0417119,0.30625,0.684136,0.984375
-0.0455119,0.153125,0.687336,0.853125
-0.0491119,-0.328125,0.690336,0.896875
-0.0521304,-0.153125,0.692955,0.896875
-0.0559304,-0.153125,0.695955,1.09375
-0.0595304,0.196875,0.699155,0.91875
-0.0633304,0.30625,0.702155,0.91875
-0.0669304,0.153125,0.705355,0.875
-0.0705304,0.04375,0.708355,0.896875
-0.0737489,0.196875,0.710973,1.07187
-0.0767674,0.153125,0.713392,1.20312
-0.0805674,0.21875,0.716592,1.07187
-0.0841674,0.153125,0.749538,0.91875
-0.0879674,0.153125,0.72221,0.91875
-0.0915674,0.153125,0.72541,0.91875
-0.0951674,0.153125,0.72841,1.07187
-0.0989674,-0.065625,0.73161,0.91875
-0.102567,0.153125,0.73461,1.09375
-0.106367,-0.0875,0.73781,0.91875
-0.109967,0.153125,0.74081,0.91875
-0.113767,-0.153125,0.74401,1.00625
-0.102249,0.21875,0.746629,1.00625
-0.120386,0.153125,0.749629,1.09375
-0.124186,0.240625,0.752829,0.721875
-0.127786,-0.021875,0.755829,1.00625
-0.131586,-0.021875,0.759029,0.984375
-0.135186,0.196875,0.762229,1.00625
-0.138986,-0.04375,0.765229,1.02812
-0.142586,0.175,0.768429,1.11563
-0.146386,0.30625,0.771629,0.9625
-0.149404,0.21875,0.774047,1.02812
-0.153004,-0.021875,0.777247,0.984375
-0.156804,-0.21875,0.780447,1.02812
-0.160404,0.109375,0.783447,1.00625
-0.164204,-0.04375,0.786647,1.11563
-0.167223,0.240625,0.789266,1.18125
-0.171023,0.284375,0.792266,1.00625
-0.174623,0.4375,0.795466,1.02812
-0.177841,0.21875,0.798084,1.15938
-0.181441,0.30625,0.801084,1.26875
-0.185241,0.35,0.804284,1.18125
-0.141741,0.021875,0.806903,1.05
-0.191479,0,0.809521,1.18125
-0.195079,0.30625,0.812521,0.896875
-0.198879,0.35,0.830459,1.18125
-0.172823,0.35,0.841218,1.3125
-0.167319,0.30625,0.820577,1.20312
-0.208916,0.328125,0.823977,1.11563
-0.174138,0.328125,0.826596,0.809375
-0.215734,0.240625,0.829796,1.11563
-0.218371,0.371875,0.832033,1.09375
-0.221971,0.328125,0.835233,1.11563
-0.196116,0.284375,0.837851,1.11563
-0.173167,0.328125,0.84067,0.83125
-0.176186,0.21875,0.843288,1.24687
-0.220108,0.39375,0.846107,1.15938
-0.238445,0.21875,0.849307,1.20312
-0.240882,0.284375,0.851344,1.15938
-0.244101,0.284375,0.854162,1.15938
-0.22406,0.328125,0.856781,1.18125
-0.202656,0.415625,0.858236,1.3125
-0.237856,0.284375,0.861055,1.15938
-0.194556,0.39375,0.863673,1.1375
-0.252816,0.35,0.866492,1.26875
-0.200793,0.39375,0.86911,1.29062
-0.264486,0.284375,0.871347,1.18125
-0.229127,0.30625,0.88734,1.3125
-0.231764,0.175,0.87484,1.20312
-0.248938,0.4375,0.877077,1.20312
-0.274634,0.4375,0.879114,1.18125
-0.277271,0.39375,0.881351,1.20312
-0.273512,0.35,0.882807,1.24687
-0.282345,0.35,0.885625,1.26875
-0.255327,0.35,0.887081,1.3125
-0.231797,0.39375,0.889318,1.20312
-0.28386,0.415625,0.891355,1.29062
-0.29153,0.4375,0.89301,1.4
-0.22439,0.459375,0.895047,1.20312
-0.289827,0.284375,0.896121,1.225
-0.242838,0.371875,0.898159,1.20312
-0.262338,0.35,0.899814,1.20312
-0.241716,0.328125,0.901851,1.24687
-0.280786,0.328125,0.902925,1.24687
-0.282841,0.328125,0.904381,1.24687
-0.23896,0.328125,0.906618,1.20312
-0.255553,0.328125,0.908073,1.20312
-0.251593,0.371875,0.909729,1.24687
-0.253649,0.30625,0.911184,1.33438
-0.270241,0.30625,0.91284,1.35625
-0.271516,0.35,0.913914,1.4
-0.282875,0.35,0.915951,1.20312
-0.29249,0.35,0.916444,1.29062
-0.244338,0.0875,0.917318,1.29062
-0.245812,0.35,0.918392,1.225
-0.254845,0.35,0.917721,1.35625
-0.247597,0.284375,0.918596,1.26875
-0.240149,0.48125,0.91967,1.24687
-0.249764,0.35,0.919962,1.42188
-0.251238,0.21875,0.921036,1.24687
-0.23643,0.371875,0.920366,1.44375
-0.25166,0.2625,0.920659,1.225
-0.228712,0.35,0.92057,1.35625
-0.228441,0.2625,0.919899,1.20312
-0.24309,0.284375,0.91961,1.24687
-0.242819,0.284375,0.91894,1.26875
-0.210567,0.35,0.91827,1.35625
-0.228323,0.30625,0.917981,1.24687
-0.24239,0.284375,0.91731,1.225
-0.21886,0.196875,0.91664,1.24687
-0.218008,0.328125,0.914988,1.225
-0.22626,0.328125,0.914118,1.24687
-0.216486,0.284375,0.912466,1.4
-0.191593,0.240625,0.910233,1.24687
-0.200045,0.328125,0.909162,1.24687
-0.18969,0.065625,0.906929,1.20312
-0.188638,0.21875,0.905477,1.3125
-0.186423,0.2625,0.902662,1.24687
-0.195456,0.30625,0.902173,1.24687
-0.176379,0.065625,0.89994,1.3125
-0.166604,0.21875,0.898288,1.35625
-0.173312,0.196875,0.895673,1.26875
-0.162375,0.196875,0.892859,1.24687
-0.145623,0.240625,0.890044,1.18125
-0.15213,0.328125,0.887229,1.15938
-0.141393,0.328125,0.884614,1.20312
-0.138597,0.0875,0.881218,1.29062
-0.135801,0.415625,0.877821,1.225
-0.133786,0.2625,0.875007,1.20312
-0.131571,0.2625,0.872392,1.18125
-0.110749,0.2625,0.868414,1.20312
-0.124816,0.2625,0.864436,1.1375
-0.121056,0.240625,0.860077,1.3125
-0.108956,0.175,0.856099,1.26875
-0.0974378,0.21875,0.852703,1.18125
-0.0936785,0.153125,0.848144,1.09375
-0.0850674,0.196875,0.844947,1.18125
-0.104949,0.39375,0.84097,1.24687
-0.0847081,0.196875,0.837573,1.18125
-0.0757156,-0.153125,0.833796,1.09375
-0.0781526,0.109375,0.829818,1.11563
-0.0747748,0.0875,0.82584,1.11563
-0.0663637,0.175,0.822644,1.11563
-0.0629859,0.109375,0.818666,1.20312
-0.065423,0.109375,0.814888,1.07187
-0.0628267,0.35,0.811492,1.07187
-0.0675896,0.109375,0.806933,1.20312
-0.0723526,0.153125,0.802573,1.05
-0.0521119,-0.175,0.799177,1.20312
-0.0588193,0.109375,0.796362,1.07187
-0.0409044,-0.065625,0.792584,1.07187
-0.043923,0.13125,0.789188,1.11563
-0.0680748,0.109375,0.786573,1.20312
-0.0402748,0.109375,0.78434,1.18125
-0.0560859,0.109375,0.782107,1.02812
-0.0540711,0.21875,0.779492,1.07187
-0.0524378,-0.065625,0.777259,1.15938
