6.300000000000000000e+01 1.090000000000000000e+02
6.300000000000000000e+01 1.060000000000000000e+02
6.300000000000000000e+01 1.050000000000000000e+02
6.300000000000000000e+01 1.010000000000000000e+02
6.300000000000000000e+01 1.000000000000000000e+02
6.300000000000000000e+01 9.500000000000000000e+01
6.300000000000000000e+01 9.400000000000000000e+01
6.300000000000000000e+01 9.000000000000000000e+01
6.300000000000000000e+01 8.900000000000000000e+01
6.300000000000000000e+01 8.400000000000000000e+01
6.400000000000000000e+01 8.300000000000000000e+01
6.400000000000000000e+01 7.900000000000000000e+01
6.400000000000000000e+01 7.800000000000000000e+01
6.400000000000000000e+01 7.400000000000000000e+01
6.400000000000000000e+01 7.300000000000000000e+01
6.400000000000000000e+01 6.900000000000000000e+01
6.400000000000000000e+01 6.800000000000000000e+01
6.400000000000000000e+01 6.300000000000000000e+01
6.400000000000000000e+01 6.200000000000000000e+01
6.400000000000000000e+01 5.800000000000000000e+01
6.400000000000000000e+01 5.700000000000000000e+01
6.400000000000000000e+01 5.200000000000000000e+01
6.400000000000000000e+01 5.100000000000000000e+01
6.400000000000000000e+01 4.700000000000000000e+01
6.400000000000000000e+01 4.600000000000000000e+01
6.400000000000000000e+01 4.100000000000000000e+01
6.400000000000000000e+01 4.000000000000000000e+01
6.400000000000000000e+01 3.600000000000000000e+01
6.400000000000000000e+01 3.500000000000000000e+01
6.400000000000000000e+01 3.100000000000000000e+01
6.300000000000000000e+01 3.000000000000000000e+01
6.300000000000000000e+01 2.800000000000000000e+01
