1.110000000000000000e+02 3.300000000000000000e+01
1.080000000000000000e+02 3.300000000000000000e+01
1.070000000000000000e+02 3.200000000000000000e+01
1.020000000000000000e+02 3.200000000000000000e+01
1.010000000000000000e+02 3.200000000000000000e+01
9.600000000000000000e+01 3.300000000000000000e+01
9.500000000000000000e+01 3.300000000000000000e+01
9.000000000000000000e+01 3.300000000000000000e+01
8.900000000000000000e+01 3.300000000000000000e+01
8.400000000000000000e+01 3.400000000000000000e+01
8.300000000000000000e+01 3.400000000000000000e+01
7.800000000000000000e+01 3.500000000000000000e+01
7.700000000000000000e+01 3.500000000000000000e+01
7.200000000000000000e+01 3.500000000000000000e+01
7.100000000000000000e+01 3.500000000000000000e+01
6.600000000000000000e+01 3.600000000000000000e+01
6.500000000000000000e+01 3.600000000000000000e+01
6.000000000000000000e+01 3.700000000000000000e+01
5.900000000000000000e+01 3.700000000000000000e+01
5.400000000000000000e+01 3.800000000000000000e+01
5.300000000000000000e+01 3.800000000000000000e+01
4.800000000000000000e+01 3.800000000000000000e+01
4.700000000000000000e+01 3.800000000000000000e+01
4.200000000000000000e+01 3.900000000000000000e+01
4.100000000000000000e+01 3.900000000000000000e+01
3.600000000000000000e+01 4.000000000000000000e+01
3.500000000000000000e+01 4.000000000000000000e+01
3.000000000000000000e+01 4.100000000000000000e+01
2.900000000000000000e+01 4.200000000000000000e+01
2.400000000000000000e+01 4.200000000000000000e+01
2.300000000000000000e+01 4.300000000000000000e+01
2.100000000000000000e+01 4.400000000000000000e+01
