angle_1_e angle_1_t d_theta_1_t angle_2_e angle_2_t d_theta_2_t
-0.88669 -0.886265 0 2.28316 2.25708 0
-0.88637 -0.886265 0 2.28308 2.25708 0
-0.88605 -0.886265 0 2.283 2.25708 0
-0.88573 -0.886265 0 2.28292 2.25708 0
-0.88541 -0.886265 0 2.28283 2.25711 -0.014537
-0.88509 -0.886265 0 2.28275 2.25714 0
-0.88477 -0.886265 0 2.28267 2.25719 -0.0377963
-0.88445 -0.886265 0 2.28259 2.25725 -0.0552407
-0.88413 -0.886265 0 2.28251 2.25734 -0.014537
-0.88381 -0.886265 0 2.28242 2.25743 -0.0465185
-0.88349 -0.886265 0 2.28234 2.25754 -0.0465185
-0.88317 -0.886265 0 2.28226 2.25766 -0.0872222
-0.88285 -0.886265 0 2.28218 2.25775 -0.0552407
-0.88253 -0.886265 0 2.28209 2.25786 -0.0610556
-0.88221 -0.886265 0 2.28201 2.25795 -0.0697778
-0.88189 -0.886265 0 2.28193 2.25801 -0.0552407
-0.88157 -0.886265 0 2.28184 2.25807 0
-0.88125 -0.886236 0 2.28176 2.25807 -0.0465185
-0.88093 -0.886236 0 2.28168 2.25812 -0.0377963
-0.88061 -0.886206 0 2.28159 2.25812 0
-0.88029 -0.886206 0 2.28151 2.25812 0
-0.87997 -0.886177 0 2.28143 2.2581 0
-0.87966 -0.886177 0.014537 2.28134 2.2581 0
-0.87934 -0.886177 0 2.28126 2.2581 0
-0.87902 -0.886148 0 2.28118 2.25807 0
-0.8787 -0.886148 0 2.28109 2.25807 0
-0.87838 -0.886119 0.0232593 2.28101 2.25804 0
-0.87806 -0.886119 0 2.28093 2.25804 0
-0.87774 -0.886119 0 2.28084 2.25804 0
-0.87742 -0.886119 0 2.28076 2.25804 0
-0.8771 -0.88609 0.0290741 2.28067 2.25801 0
-0.87678 -0.88609 0 2.28059 2.25801 0
-0.87646 -0.88609 0 2.2805 2.25801 0
-0.87615 -0.886061 0 2.28043 2.25798 0
-0.87584 -0.886032 0.0465185 2.2804 2.25795 0
-0.87553 -0.886032 0 2.28037 2.25795 0
-0.87522 -0.886032 0 2.28033 2.25795 0
-0.87491 -0.886032 0.0377963 2.2803 2.25795 0
-0.8746 -0.886003 0 2.28027 2.25792 0
-0.87429 -0.886003 0 2.28023 2.25792 0
-0.87398 -0.885974 0.0290741 2.2802 2.25789 0
-0.87367 -0.885974 0 2.28017 2.25789 0
-0.87336 -0.885945 0 2.28014 2.25786 0
-0.87305 -0.885916 0.014537 2.2801 2.25783 0
-0.87274 -0.885858 0.0610556 2.28007 2.25778 0
-0.87243 -0.885799 0.0552407 2.28003 2.25772 0
-0.87212 -0.885799 0 2.28 2.25772 0
-0.87181 -0.885799 0 2.27997 2.25772 0
-0.8715 -0.885741 0.0232593 2.27993 2.25766 0
-0.87119 -0.885654 0 2.2799 2.25757 0
-0.87088 -0.885567 0.0290741 2.27987 2.25749 0
-0.87057 -0.88548 0.0465185 2.27983 2.2574 0
-0.87026 -0.885392 0.0552407 2.2798 2.25731 0
-0.86995 -0.885334 0.014537 2.27976 2.25725 0
-0.86964 -0.885305 0.0465185 2.27973 2.25722 0
-0.86933 -0.885247 0.0552407 2.2797 2.25719 -0.0377963
-0.86902 -0.885189 0.0610556 2.27966 2.25717 0
-0.86871 -0.885102 0.014537 2.27963 2.25711 0
-0.8684 -0.885014 0.0552407 2.27959 2.25705 -0.0552407
-0.86809 -0.884898 0.014537 2.27956 2.25699 0
-0.86778 -0.884811 0.0552407 2.27952 2.25693 -0.0552407
-0.86747 -0.884695 0.0377963 2.27949 2.25687 -0.0232593
-0.86716 -0.884607 0.0697778 2.27945 2.25687 -0.0610556
-0.86685 -0.88452 0.0232593 2.27942 2.25682 -0.0610556
-0.86654 -0.884433 0.0697778 2.27938 2.25682 0
-0.86623 -0.884375 0.0697778 2.27935 2.25679 -0.00581481
-0.86592 -0.884288 0.0232593 2.27931 2.25679 -0.014537
-0.86561 -0.884229 0.0465185 2.27928 2.25682 -0.0697778
-0.8653 -0.884142 0.0610556 2.27924 2.25676 -0.00581481
-0.86499 -0.884026 0.0785 2.27921 2.25673 -0.0610556
-0.86468 -0.883881 0.0872222 2.27917 2.25667 -0.0697778
-0.86437 -0.883735 0.0785 2.27913 2.25661 -0.0377963
-0.86406 -0.883648 0.0610556 2.2791 2.25661 -0.0697778
-0.86375 -0.88359 0.0232593 2.27906 2.25667 -0.0697778
-0.86344 -0.883444 0.0610556 2.27903 2.25664 -0.0290741
-0.86313 -0.883299 0.0872222 2.27899 2.25658 -0.0465185
-0.86282 -0.883096 0.101759 2.27895 2.25647 -0.0377963
-0.86251 -0.88295 0.0697778 2.27892 2.25641 -0.014537
-0.8622 -0.882892 0.0697778 2.27888 2.25644 -0.0785
-0.86189 -0.882805 0.0552407 2.27885 2.25644 -0.0232593
-0.86158 -0.882688 0.0785 2.27881 2.25641 -0.0610556
-0.86127 -0.882543 0.0785 2.27877 2.25638 -0.0552407
-0.86096 -0.882398 0.0872222 2.27874 2.25629 -0.0697778
-0.86065 -0.882252 0.0697778 2.2787 2.25626 -0.0785
-0.86034 -0.882078 0.0872222 2.27866 2.25618 -0.0377963
-0.86003 -0.881933 0.0785 2.27863 2.25618 -0.0610556
-0.85972 -0.881787 0.0610556 2.2786 2.25615 -0.0872222
-0.85942 -0.881613 0.0697778 2.27857 2.25612 -0.0785
-0.85911 -0.881438 0.101759 2.27854 2.25606 -0.0785
-0.8588 -0.881293 0.0697778 2.27852 2.25603 -0.0785
-0.85849 -0.881089 0.0872222 2.27849 2.256 -0.0872222
-0.85818 -0.880973 0.0872222 2.27846 2.25606 -0.110481
-0.85787 -0.880799 0.101759 2.27843 2.25603 -0.0872222
-0.85757 -0.880624 0.0872222 2.27841 2.25606 -0.0872222
-0.85726 -0.880508 0.0610556 2.27838 2.25606 -0.093037
-0.85695 -0.880363 0.093037 2.27835 2.25609 -0.101759
-0.85664 -0.880101 0.119204 2.27832 2.25606 -0.093037
-0.85633 -0.879897 0.119204 2.27829 2.25603 -0.101759
-0.85602 -0.879781 0.093037 2.27826 2.25606 -0.110481
-0.85572 -0.879665 0.0610556 2.27824 2.25612 -0.110481
-0.85541 -0.879548 0.0610556 2.27821 2.25618 -0.101759
-0.8551 -0.879374 0.093037 2.27818 2.25621 -0.133741
-0.85479 -0.879171 0.119204 2.27815 2.25618 -0.119204
-0.85448 -0.878967 0.157 2.27812 2.25618 -0.125019
-0.85417 -0.878763 0.125019 2.27809 2.25618 -0.142463
-0.85387 -0.878647 0.0872222 2.27806 2.25626 -0.119204
-0.85356 -0.878531 0.0785 2.27803 2.25635 -0.125019
-0.85325 -0.878415 0.0872222 2.278 2.25647 -0.151185
-0.85294 -0.87824 0.119204 2.27798 2.2565 -0.157
-0.85263 -0.878008 0.157 2.27795 2.25653 -0.151185
-0.85232 -0.877833 0.142463 2.27792 2.25658 -0.142463
-0.85201 -0.87763 0.125019 2.27789 2.25664 -0.183167
-0.85171 -0.877484 0.119204 2.27786 2.25676 -0.197704
-0.8514 -0.87731 0.110481 2.27783 2.2569 -0.188981
-0.85109 -0.877135 0.110481 2.2778 2.25702 -0.197704
-0.85078 -0.876932 0.151185 2.27777 2.25714 -0.188981
-0.85047 -0.876728 0.151185 2.27774 2.25725 -0.206426
-0.85016 -0.876496 0.125019 2.27771 2.25734 -0.215148
-0.84986 -0.876292 0.125019 2.27768 2.25754 -0.215148
-0.84955 -0.876089 0.125019 2.27765 2.25766 -0.215148
-0.84924 -0.875856 0.157 2.27762 2.25778 -0.220963
-0.84893 -0.875623 0.165722 2.27759 2.25789 -0.220963
-0.84862 -0.875391 0.151185 2.27756 2.25801 -0.220963
-0.84831 -0.875187 0.142463 2.27753 2.25812 -0.220963
-0.848 -0.874984 0.125019 2.2775 2.25827 -0.238407
-0.8477 -0.87478 0.142463 2.27746 2.25844 -0.238407
-0.84739 -0.87449 0.174444 2.27743 2.25859 -0.252944
-0.84708 -0.874112 0.188981 2.2774 2.25865 -0.252944
-0.84677 -0.873792 0.183167 2.27737 2.25879 -0.229685
-0.84646 -0.873472 0.142463 2.27734 2.25894 -0.229685
-0.84615 -0.873181 0.142463 2.27731 2.25917 -0.252944
-0.84585 -0.872891 0.183167 2.27728 2.25929 -0.252944
-0.84554 -0.872513 0.206426 2.27725 2.25938 -0.279111
-0.84523 -0.872106 0.220963 2.27722 2.2594 -0.252944
-0.84492 -0.871815 0.197704 2.27718 2.25952 -0.229685
-0.84461 -0.871524 0.174444 2.27715 2.25967 -0.220963
-0.8443 -0.871146 0.165722 2.27712 2.25975 -0.220963
-0.84399 -0.870768 0.206426 2.27709 2.25978 -0.229685
-0.84369 -0.870332 0.197704 2.27706 2.25978 -0.183167
-0.84338 -0.869954 0.215148 2.27702 2.25975 -0.183167
-0.84307 -0.869576 0.188981 2.27699 2.25975 -0.183167
-0.84276 -0.869198 0.188981 2.27696 2.25972 -0.183167
-0.84245 -0.868878 0.188981 2.27693 2.25969 -0.165722
-0.84214 -0.8685 0.206426 2.2769 2.25964 -0.165722
-0.84183 -0.868151 0.183167 2.27686 2.25958 -0.157
-0.84153 -0.867832 0.174444 2.27683 2.25955 -0.165722
-0.84122 -0.867483 0.174444 2.27683 2.25949 -0.151185
-0.84092 -0.867076 0.206426 2.27682 2.25938 -0.151185
-0.84061 -0.866727 0.206426 2.27682 2.25926 -0.142463
-0.84031 -0.866349 0.197704 2.27681 2.25914 -0.142463
-0.84 -0.866087 0.157 2.27681 2.25908 -0.119204
-0.8397 -0.865796 0.151185 2.2768 2.259 -0.110481
-0.83939 -0.865477 0.174444 2.2768 2.25885 -0.101759
-0.83909 -0.865099 0.183167 2.27679 2.25865 -0.0872222
-0.83878 -0.86475 0.197704 2.27679 2.25844 -0.0872222
-0.83848 -0.864459 0.157 2.27678 2.25833 -0.0785
-0.83818 -0.864168 0.133741 2.27678 2.25818 -0.0552407
-0.83787 -0.863907 0.157 2.27677 2.25804 -0.0697778
-0.83757 -0.863558 0.188981 2.27677 2.25781 -0.0872222
-0.83726 -0.863267 0.174444 2.27676 2.25766 -0.0610556
-0.83696 -0.863005 0.142463 2.27676 2.25751 -0.0552407
-0.83665 -0.862744 0.133741 2.27675 2.25737 -0.0465185
-0.83635 -0.862511 0.125019 2.27675 2.25731 -0.093037
-0.83604 -0.86222 0.157 2.27674 2.25719 -0.0872222
-0.83574 -0.861901 0.151185 2.27673 2.25708 -0.101759
-0.83543 -0.86161 0.174444 2.27673 2.25693 -0.101759
-0.83513 -0.861406 0.142463 2.27672 2.25687 -0.0872222
-0.83482 -0.861232 0.119204 2.27671 2.25685 -0.101759
-0.83452 -0.861028 0.125019 2.27671 2.25682 -0.101759
-0.83421 -0.860767 0.133741 2.2767 2.25673 -0.101759
-0.83391 -0.860505 0.125019 2.2767 2.25667 -0.101759
-0.8336 -0.860243 0.133741 2.27669 2.25658 -0.0872222
-0.8333 -0.86004 0.125019 2.27668 2.25658 -0.101759
-0.83299 -0.859807 0.125019 2.27668 2.2565 -0.093037
-0.83269 -0.859633 0.133741 2.27667 2.2565 -0.110481
-0.83238 -0.859429 0.142463 2.27666 2.25644 -0.101759
-0.83208 -0.859226 0.133741 2.27665 2.25641 -0.101759
-0.83177 -0.85908 0.110481 2.27665 2.25644 -0.110481
-0.83147 -0.858906 0.110481 2.27664 2.25644 -0.125019
-0.83116 -0.858731 0.101759 2.27663 2.25644 -0.110481
-0.83086 -0.858528 0.133741 2.27663 2.25644 -0.133741
-0.83055 -0.858295 0.142463 2.27662 2.25638 -0.125019
-0.83025 -0.858092 0.133741 2.27661 2.25641 -0.125019
-0.82994 -0.857917 0.119204 2.2766 2.25644 -0.157
-0.82964 -0.857772 0.093037 2.2766 2.2565 -0.133741
-0.82933 -0.857598 0.0872222 2.27659 2.25655 -0.133741
-0.82903 -0.857394 0.133741 2.27658 2.25658 -0.142463
-0.82872 -0.857161 0.151185 2.27657 2.25658 -0.151185
-0.82842 -0.856929 0.142463 2.27656 2.25661 -0.165722
-0.82811 -0.856725 0.101759 2.27656 2.25667 -0.157
-0.82781 -0.856609 0.0610556 2.27655 2.25682 -0.151185
-0.8275 -0.856435 0.093037 2.27654 2.2569 -0.142463
-0.8272 -0.856202 0.133741 2.27653 2.25696 -0.151185
-0.82689 -0.855882 0.165722 2.27652 2.2569 -0.157
-0.82658 -0.85565 0.174444 2.27651 2.2569 -0.142463
-0.82628 -0.855475 0.119204 2.2765 2.25699 -0.165722
-0.82597 -0.85533 0.101759 2.2765 2.25711 -0.157
-0.82567 -0.855155 0.0872222 2.27649 2.25722 -0.157
-0.82536 -0.854952 0.125019 2.27648 2.25731 -0.165722
-0.82506 -0.854748 0.151185 2.27647 2.25734 -0.174444
-0.82475 -0.854458 0.174444 2.27646 2.25737 -0.183167
-0.82445 -0.854225 0.142463 2.27645 2.25743 -0.197704
-0.82414 -0.854021 0.142463 2.27644 2.25751 -0.206426
-0.82384 -0.853818 0.125019 2.27643 2.25757 -0.183167
-0.82353 -0.853585 0.142463 2.27642 2.25772 -0.206426
-0.82322 -0.853324 0.165722 2.27641 2.25778 -0.206426
-0.82292 -0.852975 0.151185 2.2764 2.25783 -0.197704
-0.82261 -0.852684 0.151185 2.27639 2.25798 -0.220963
-0.82231 -0.852451 0.157 2.27638 2.25807 -0.206426
-0.822 -0.85219 0.157 2.27637 2.25815 -0.229685
-0.8217 -0.851928 0.174444 2.27636 2.25824 -0.238407
-0.82139 -0.851666 0.197704 2.27635 2.25836 -0.24713
-0.82109 -0.851434 0.142463 2.27634 2.2585 -0.238407
-0.82078 -0.851172 0.174444 2.27633 2.25862 -0.252944
-0.82047 -0.85094 0.157 2.27632 2.25879 -0.261667
-0.82017 -0.85062 0.220963 2.27631 2.25888 -0.279111
-0.81986 -0.8503 0.215148 2.2763 2.25903 -0.252944
-0.81956 -0.849893 0.197704 2.27629 2.25914 -0.279111
-0.81925 -0.849602 0.174444 2.27628 2.25935 -0.293648
-0.81895 -0.849341 0.151185 2.27627 2.25961 -0.30237
-0.81864 -0.849021 0.174444 2.27626 2.25981 -0.279111
-0.81833 -0.848614 0.197704 2.27625 2.25999 -0.284926
-0.81803 -0.848148 0.229685 2.27625 2.25999 -0.30237
-0.81773 -0.8478 0.238407 2.27625 2.26007 -0.30237
-0.81742 -0.84748 0.206426 2.27625 2.26019 -0.270389
-0.81712 -0.847189 0.197704 2.27625 2.26031 -0.293648
-0.81681 -0.846956 0.183167 2.27625 2.26051 -0.279111
-0.81651 -0.846637 0.188981 2.27624 2.2606 -0.284926
-0.8162 -0.846317 0.215148 2.27624 2.26068 -0.252944
-0.8159 -0.845968 0.220963 2.27624 2.26074 -0.252944
-0.81559 -0.845561 0.229685 2.27624 2.26071 -0.252944
-0.81529 -0.845212 0.24713 2.27624 2.26071 -0.252944
-0.81498 -0.844863 0.229685 2.27624 2.26074 -0.206426
-0.81468 -0.844514 0.220963 2.27623 2.2608 -0.220963
-0.81437 -0.844078 0.220963 2.27623 2.26065 -0.206426
-0.81407 -0.843758 0.215148 2.27623 2.26068 -0.197704
-0.81376 -0.843351 0.215148 2.27623 2.2606 -0.165722
-0.81346 -0.842944 0.215148 2.27623 2.26051 -0.174444
-0.81315 -0.842537 0.220963 2.27622 2.26036 -0.157
-0.81285 -0.84213 0.238407 2.27622 2.26022 -0.142463
-0.81254 -0.841723 0.238407 2.27622 2.2601 -0.151185
-0.81224 -0.841316 0.183167 2.27622 2.26001 -0.142463
-0.81193 -0.840909 0.197704 2.27621 2.25987 -0.133741
-0.81163 -0.840502 0.197704 2.27621 2.25975 -0.142463
-0.81132 -0.840124 0.206426 2.27621 2.25958 -0.151185
-0.81102 -0.839688 0.215148 2.2762 2.2594 -0.110481
-0.81071 -0.839339 0.188981 2.2762 2.25932 -0.133741
-0.81041 -0.839019 0.165722 2.2762 2.25929 -0.157
-0.8101 -0.83867 0.174444 2.2762 2.25923 -0.125019
-0.8098 -0.838234 0.188981 2.27619 2.25908 -0.142463
-0.80949 -0.837943 0.188981 2.27619 2.25903 -0.142463
-0.80919 -0.837682 0.183167 2.27619 2.25897 -0.133741
-0.80888 -0.83742 0.151185 2.27618 2.25897 -0.165722
-0.80858 -0.837129 0.157 2.27618 2.259 -0.125019
-0.80827 -0.836751 0.142463 2.27617 2.25894 -0.151185
-0.80797 -0.836432 0.174444 2.27617 2.25891 -0.142463
-0.80766 -0.836112 0.165722 2.27617 2.25879 -0.142463
-0.80736 -0.835879 0.165722 2.27616 2.25879 -0.151185
-0.80705 -0.835647 0.151185 2.27616 2.25874 -0.125019
-0.80675 -0.835414 0.151185 2.27615 2.25871 -0.133741
-0.80644 -0.835181 0.151185 2.27615 2.25868 -0.133741
-0.80614 -0.834949 0.157 2.27615 2.25862 -0.125019
-0.80583 -0.834716 0.142463 2.27614 2.25859 -0.119204
-0.80552 -0.834484 0.151185 2.27614 2.25853 -0.101759
-0.80522 -0.834222 0.133741 2.27613 2.25847 -0.101759
-0.80491 -0.833873 0.157 2.27613 2.25836 -0.101759
-0.80461 -0.833553 0.165722 2.27612 2.25818 -0.0872222
-0.8043 -0.833292 0.157 2.27612 2.25812 -0.101759
-0.804 -0.83303 0.133741 2.27611 2.25804 -0.0697778
-0.80369 -0.832797 0.151185 2.27611 2.25792 -0.0872222
-0.80339 -0.832594 0.133741 2.2761 2.25786 -0.101759
-0.80308 -0.832361 0.151185 2.2761 2.25778 -0.093037
-0.80277 -0.8321 0.151185 2.27609 2.25766 -0.110481
-0.80247 -0.831867 0.165722 2.27609 2.25757 -0.0697778
-0.80216 -0.831634 0.157 2.27608 2.25749 -0.101759
-0.80186 -0.831431 0.142463 2.27607 2.25743 -0.093037
-0.80155 -0.831227 0.142463 2.27607 2.25737 -0.093037
-0.80125 -0.830995 0.165722 2.27606 2.25731 -0.110481
-0.80094 -0.830791 0.142463 2.27606 2.25725 -0.093037
-0.80064 -0.830559 0.165722 2.27605 2.25719 -0.110481
-0.80033 -0.830326 0.142463 2.27605 2.25711 -0.101759
-0.80002 -0.830123 0.133741 2.27604 2.25711 -0.125019
-0.79972 -0.82989 0.142463 2.27603 2.25705 -0.119204
-0.79941 -0.829657 0.142463 2.27603 2.25699 -0.110481
-0.79911 -0.829454 0.151185 2.27602 2.25696 -0.133741
-0.7988 -0.829192 0.165722 2.27601 2.2569 -0.133741
-0.79849 -0.828989 0.142463 2.27601 2.25693 -0.125019
-0.79819 -0.828756 0.142463 2.276 2.2569 -0.133741
-0.79788 -0.828523 0.142463 2.27599 2.25687 -0.133741
-0.79758 -0.82832 0.151185 2.27599 2.2569 -0.151185
-0.79727 -0.828029 0.157 2.27598 2.25687 -0.151185
-0.79697 -0.827738 0.165722 2.27597 2.25687 -0.151185
-0.79666 -0.827477 0.133741 2.27597 2.2569 -0.157
-0.79635 -0.827186 0.151185 2.27596 2.25693 -0.165722
-0.79605 -0.826895 0.165722 2.27595 2.25696 -0.174444
-0.79574 -0.826576 0.183167 2.27594 2.25696 -0.197704
-0.79544 -0.826256 0.157 2.27594 2.25699 -0.206426
-0.79513 -0.825965 0.183167 2.27593 2.25705 -0.183167
-0.79482 -0.825703 0.151185 2.27592 2.25719 -0.220963
-0.79452 -0.825413 0.142463 2.27591 2.25731 -0.238407
-0.79421 -0.825122 0.165722 2.27591 2.25743 -0.220963
-0.79391 -0.824802 0.183167 2.27592 2.2576 -0.252944
-0.7936 -0.824424 0.188981 2.27592 2.25772 -0.252944
-0.7933 -0.824075 0.183167 2.27593 2.25786 -0.279111
-0.79299 -0.823813 0.157 2.27593 2.25815 -0.293648
-0.79269 -0.823436 0.174444 2.27594 2.25833 -0.311093
-0.79238 -0.823145 0.174444 2.27594 2.25862 -0.311093
-0.79208 -0.822796 0.188981 2.27595 2.25882 -0.334352
-0.79177 -0.822447 0.215148 2.27595 2.25906 -0.334352
-0.79147 -0.822069 0.206426 2.27596 2.25935 -0.343074
-0.79116 -0.821604 0.215148 2.27596 2.25961 -0.366333
-0.79086 -0.821226 0.206426 2.27597 2.2599 -0.375056
-0.79055 -0.820877 0.206426 2.27597 2.26016 -0.375056
-0.79025 -0.82047 0.229685 2.27598 2.26039 -0.366333
-0.78994 -0.820092 0.229685 2.27598 2.26057 -0.343074
-0.78964 -0.819714 0.238407 2.27598 2.26077 -0.316907
-0.78933 -0.819278 0.220963 2.27599 2.26089 -0.32563
-0.78903 -0.818784 0.252944 2.27599 2.26094 -0.284926
-0.78872 -0.818348 0.252944 2.27599 2.26097 -0.270389
-0.78841 -0.817941 0.24713 2.276 2.26092 -0.220963
-0.78811 -0.817563 0.238407 2.276 2.26086 -0.229685
-0.7878 -0.817185 0.238407 2.276 2.26074 -0.183167
-0.7875 -0.816807 0.252944 2.27601 2.26063 -0.183167
-0.78719 -0.816429 0.252944 2.27601 2.26048 -0.151185
-0.78689 -0.816051 0.252944 2.27601 2.26031 -0.119204
-0.78658 -0.815702 0.24713 2.27602 2.26013 -0.110481
-0.78628 -0.815353 0.229685 2.27602 2.25996 -0.110481
-0.78597 -0.815033 0.24713 2.27602 2.25975 -0.0872222
-0.78567 -0.814684 0.229685 2.27603 2.25955 -0.0785
-0.78536 -0.814306 0.238407 2.27603 2.25929 -0.093037
-0.78505 -0.813928 0.24713 2.27603 2.25903 -0.0552407
-0.78475 -0.813608 0.238407 2.27603 2.25882 -0.0872222
-0.78444 -0.813318 0.183167 2.27604 2.25862 -0.0465185
-0.78414 -0.813027 0.174444 2.27604 2.25844 -0.0610556
-0.78383 -0.812736 0.188981 2.27604 2.25824 -0.0697778
-0.78353 -0.812446 0.183167 2.27604 2.25807 -0.0785
-0.78322 -0.812155 0.206426 2.27604 2.25786 -0.0610556
-0.78291 -0.811835 0.197704 2.27605 2.25763 -0.0697778
-0.78261 -0.811573 0.183167 2.27605 2.25749 -0.0785
-0.7823 -0.811312 0.165722 2.27605 2.25728 -0.0552407
-0.782 -0.811079 0.157 2.27605 2.25714 -0.0377963
-0.78169 -0.810846 0.157 2.27605 2.25699 -0.0785
-0.78139 -0.810585 0.165722 2.27606 2.25682 -0.0465185
-0.78108 -0.810352 0.165722 2.27606 2.25664 -0.0697778
-0.78077 -0.810061 0.165722 2.27606 2.25644 -0.00581481
-0.78047 -0.809858 0.151185 2.27606 2.25632 -0.0552407
-0.78016 -0.809596 0.142463 2.27606 2.25612 -0.0232593
-0.77986 -0.809364 0.125019 2.27606 2.25597 -0.014537
-0.77955 -0.809102 0.151185 2.27606 2.2558 -0.0465185
-0.77924 -0.808782 0.133741 2.27606 2.25557 -0.0552407
-0.77894 -0.808491 0.165722 2.27606 2.25539 -0.0785
-0.77863 -0.808288 0.142463 2.27606 2.25525 -0.0697778
-0.77832 -0.808055 0.151185 2.27607 2.25513 -0.0377963
-0.77802 -0.807823 0.142463 2.27607 2.25501 -0.0872222
-0.77771 -0.807619 0.133741 2.27607 2.25493 -0.0697778
-0.77741 -0.807416 0.133741 2.27607 2.25484 -0.0610556
-0.7771 -0.807183 0.165722 2.27607 2.25475 -0.0697778
-0.77679 -0.806921 0.151185 2.27607 2.25461 -0.0872222
-0.77649 -0.806689 0.157 2.27607 2.25449 -0.0872222
-0.77618 -0.806485 0.151185 2.27607 2.2544 -0.0872222
-0.77587 -0.806311 0.142463 2.27607 2.25437 -0.093037
-0.77557 -0.806078 0.133741 2.27607 2.25432 -0.093037
-0.77526 -0.805875 0.142463 2.27607 2.25426 -0.093037
-0.77496 -0.805671 0.125019 2.27607 2.2542 -0.110481
-0.77465 -0.805439 0.157 2.27606 2.25414 -0.119204
-0.77434 -0.805177 0.142463 2.27606 2.25405 -0.110481
-0.77404 -0.804973 0.142463 2.27606 2.25403 -0.119204
-0.77373 -0.804741 0.133741 2.27606 2.254 -0.125019
-0.77342 -0.804508 0.133741 2.27606 2.25397 -0.119204
-0.77312 -0.804305 0.119204 2.27606 2.25397 -0.125019
-0.77281 -0.804101 0.133741 2.27606 2.254 -0.157
-0.7725 -0.803869 0.142463 2.27606 2.25397 -0.151185
-0.7722 -0.803636 0.142463 2.27606 2.25397 -0.151185
-0.77189 -0.803403 0.151185 2.27606 2.254 -0.157
-0.77158 -0.803142 0.142463 2.27605 2.254 -0.165722
-0.77128 -0.802938 0.165722 2.27605 2.25408 -0.183167
-0.77097 -0.802706 0.142463 2.27605 2.25414 -0.197704
-0.77066 -0.802473 0.142463 2.27605 2.25423 -0.188981
-0.77036 -0.80227 0.151185 2.27605 2.25435 -0.215148
-0.77005 -0.802008 0.157 2.27605 2.2544 -0.206426
-0.76974 -0.801746 0.165722 2.27604 2.25446 -0.229685
-0.76944 -0.801485 0.183167 2.27604 2.25452 -0.220963
-0.76913 -0.801223 0.183167 2.27604 2.25461 -0.220963
-0.76882 -0.80099 0.165722 2.27604 2.25472 -0.220963
-0.76852 -0.800758 0.165722 2.27604 2.25484 -0.238407
-0.76821 -0.800525 0.151185 2.27603 2.25496 -0.238407
-0.7679 -0.800234 0.183167 2.27603 2.25504 -0.24713
-0.7676 -0.799973 0.183167 2.27606 2.25513 -0.229685
-0.76729 -0.799682 0.183167 2.27609 2.25522 -0.252944
-0.76699 -0.799391 0.206426 2.27612 2.25536 -0.279111
-0.76668 -0.799101 0.165722 2.27616 2.25548 -0.270389
-0.76638 -0.798839 0.206426 2.27619 2.25565 -0.270389
-0.76608 -0.798577 0.165722 2.27623 2.25586 -0.311093
-0.76577 -0.798257 0.206426 2.27626 2.256 -0.30237
-0.76547 -0.797967 0.197704 2.2763 2.25621 -0.334352
-0.76516 -0.797647 0.215148 2.27633 2.25641 -0.348889
-0.76486 -0.797356 0.197704 2.27636 2.25664 -0.343074
-0.76455 -0.797036 0.206426 2.2764 2.25687 -0.348889
-0.76425 -0.796687 0.220963 2.27643 2.25708 -0.38087
-0.76394 -0.796338 0.238407 2.27647 2.25728 -0.366333
-0.76364 -0.796019 0.229685 2.2765 2.25757 -0.389593
-0.76333 -0.795641 0.229685 2.27653 2.25778 -0.389593
-0.76303 -0.795321 0.206426 2.27657 2.25807 -0.407037
-0.76272 -0.794972 0.238407 2.2766 2.25836 -0.407037
-0.76242 -0.794565 0.24713 2.27663 2.25856 -0.398315
-0.76211 -0.794158 0.270389 2.27667 2.25876 -0.398315
-0.76181 -0.793751 0.261667 2.2767 2.25897 -0.421574
-0.7615 -0.793373 0.252944 2.27673 2.2592 -0.398315
-0.7612 -0.792995 0.220963 2.27677 2.25943 -0.421574
-0.76089 -0.792617 0.238407 2.2768 2.25972 -0.398315
-0.76058 -0.79221 0.270389 2.27683 2.25996 -0.430296
-0.76028 -0.791774 0.293648 2.27686 2.26013 -0.412852
-0.75997 -0.791309 0.293648 2.2769 2.26028 -0.421574
-0.75967 -0.790902 0.284926 2.27693 2.26048 -0.412852
-0.75936 -0.790495 0.261667 2.27696 2.26071 -0.407037
-0.75906 -0.790117 0.279111 2.27699 2.26092 -0.407037
-0.75875 -0.78971 0.252944 2.27702 2.26109 -0.389593
-0.75844 -0.789332 0.284926 2.27706 2.26126 -0.38087
-0.75814 -0.788925 0.270389 2.27709 2.26141 -0.357611
-0.75783 -0.788518 0.252944 2.27712 2.2615 -0.334352
-0.75753 -0.788081 0.252944 2.27715 2.26158 -0.32563
-0.75722 -0.787674 0.270389 2.27718 2.26161 -0.293648
-0.75692 -0.787326 0.252944 2.27722 2.2617 -0.279111
-0.75661 -0.786918 0.252944 2.27725 2.26167 -0.261667
-0.7563 -0.78657 0.229685 2.27728 2.26167 -0.220963
-0.756 -0.78625 0.220963 2.27731 2.2617 -0.220963
-0.75569 -0.78593 0.215148 2.27734 2.2617 -0.206426
-0.75538 -0.785639 0.206426 2.27737 2.2617 -0.197704
-0.75508 -0.78529 0.220963 2.2774 2.26158 -0.183167
-0.75477 -0.784971 0.220963 2.27743 2.26153 -0.183167
-0.75447 -0.78468 0.206426 2.27746 2.2615 -0.174444
-0.75416 -0.78436 0.183167 2.27749 2.26141 -0.142463
-0.75385 -0.784127 0.142463 2.27753 2.26135 -0.142463
-0.75355 -0.783895 0.157 2.27756 2.26132 -0.133741
-0.75324 -0.783633 0.157 2.27759 2.26126 -0.125019
-0.75293 -0.783371 0.151185 2.27762 2.26115 -0.101759
-0.75263 -0.78311 0.165722 2.27765 2.26106 -0.110481
-0.75232 -0.782877 0.165722 2.27768 2.26097 -0.093037
-0.75201 -0.782674 0.151185 2.27771 2.26089 -0.0610556
-0.75171 -0.78247 0.133741 2.27774 2.2608 -0.0785
-0.7514 -0.782296 0.110481 2.27777 2.26074 -0.0610556
-0.75109 -0.782092 0.110481 2.2778 2.26063 -0.0785
-0.75079 -0.781889 0.125019 2.27783 2.26051 -0.0785
-0.75048 -0.781656 0.165722 2.27786 2.26036 -0.0377963
-0.75017 -0.781394 0.174444 2.27788 2.26019 -0.0465185
-0.74987 -0.781162 0.151185 2.27791 2.26004 -0.0785
-0.74956 -0.780987 0.119204 2.27794 2.25996 -0.0232593
-0.74925 -0.780842 0.101759 2.27797 2.25987 -0.0610556
-0.74894 -0.780668 0.101759 2.278 2.25981 -0.0232593
-0.74864 -0.780435 0.125019 2.27803 2.25967 -0.0377963
-0.74833 -0.780202 0.157 2.27806 2.25952 -0.0232593
-0.74802 -0.77997 0.133741 2.27809 2.2594 -0.0610556
-0.74772 -0.779708 0.157 2.27812 2.25929 -0.0610556
-0.74741 -0.779505 0.110481 2.27815 2.25926 -0.110481
-0.7471 -0.779359 0.110481 2.27817 2.25926 -0.093037
-0.74679 -0.779185 0.119204 2.2782 2.25926 -0.119204
-0.74649 -0.778981 0.125019 2.27823 2.25923 -0.110481
-0.74618 -0.778778 0.142463 2.27826 2.2592 -0.125019
-0.74587 -0.778545 0.142463 2.27829 2.25917 -0.125019
-0.74556 -0.778313 0.142463 2.27831 2.2592 -0.142463
-0.74525 -0.77808 0.142463 2.27834 2.2592 -0.157
-0.74495 -0.777876 0.151185 2.27837 2.25926 -0.174444
-0.74464 -0.777644 0.151185 2.2784 2.25926 -0.174444
-0.74433 -0.77744 0.142463 2.27843 2.25938 -0.197704
-0.74402 -0.777208 0.119204 2.27845 2.25949 -0.188981
-0.74372 -0.776975 0.151185 2.27848 2.25955 -0.188981
-0.74341 -0.776713 0.151185 2.27851 2.25961 -0.197704
-0.7431 -0.776423 0.197704 2.27854 2.25964 -0.220963
-0.74279 -0.776074 0.197704 2.27856 2.25978 -0.238407
-0.74248 -0.775783 0.174444 2.27859 2.2599 -0.229685
-0.74218 -0.775551 0.125019 2.27861 2.26007 -0.261667
-0.74187 -0.775289 0.142463 2.27864 2.26042 -0.279111
-0.74156 -0.774911 0.174444 2.27866 2.26057 -0.316907
-0.74125 -0.774504 0.238407 2.27869 2.26071 -0.311093
-0.74094 -0.774097 0.238407 2.27871 2.26083 -0.316907
-0.74063 -0.773777 0.197704 2.27874 2.26103 -0.334352
-0.74033 -0.773515 0.165722 2.27876 2.26129 -0.32563
-0.74002 -0.773254 0.165722 2.27879 2.26164 -0.343074
-0.73971 -0.772905 0.188981 2.27881 2.26182 -0.366333
-0.7394 -0.772469 0.229685 2.27884 2.26196 -0.343074
-0.73909 -0.772062 0.252944 2.27886 2.26208 -0.334352
-0.73878 -0.771684 0.270389 2.27889 2.2622 -0.348889
-0.73848 -0.771306 0.220963 2.27891 2.26234 -0.343074
-0.73817 -0.770986 0.206426 2.27893 2.26257 -0.32563
-0.73786 -0.770579 0.238407 2.27896 2.26263 -0.343074
-0.73755 -0.77023 0.261667 2.27898 2.26278 -0.30237
-0.73724 -0.769823 0.270389 2.27901 2.26283 -0.316907
-0.73693 -0.769416 0.270389 2.27903 2.26286 -0.311093
-0.73662 -0.769009 0.270389 2.27905 2.26289 -0.284926
-0.73631 -0.768602 0.284926 2.27908 2.26292 -0.279111
-0.736 -0.768137 0.30237 2.2791 2.26286 -0.284926
-0.7357 -0.76773 0.270389 2.27912 2.26283 -0.261667
-0.73539 -0.767293 0.284926 2.27915 2.26278 -0.229685
-0.73508 -0.766916 0.261667 2.27917 2.26275 -0.24713
-0.73477 -0.766538 0.252944 2.27919 2.26272 -0.229685
-0.73446 -0.766131 0.261667 2.27922 2.26263 -0.215148
-0.73415 -0.765694 0.293648 2.27924 2.26249 -0.183167
-0.73384 -0.765229 0.30237 2.27926 2.26231 -0.183167
-0.73353 -0.764793 0.293648 2.27929 2.26214 -0.188981
-0.73322 -0.764386 0.261667 2.27931 2.26196 -0.151185
-0.73291 -0.764037 0.24713 2.27933 2.26185 -0.157
-0.7326 -0.763717 0.215148 2.27935 2.26176 -0.157
-0.73229 -0.763339 0.229685 2.27938 2.26158 -0.142463
-0.73199 -0.762961 0.252944 2.2794 2.26138 -0.125019
-0.73168 -0.762554 0.261667 2.27942 2.26115 -0.110481
-0.73137 -0.762147 0.252944 2.27944 2.26092 -0.119204
-0.73106 -0.761769 0.252944 2.27946 2.26071 -0.101759
-0.73075 -0.76145 0.206426 2.27949 2.26054 -0.101759
-0.73044 -0.76113 0.174444 2.27951 2.26039 -0.093037
-0.73013 -0.760839 0.215148 2.27953 2.26022 -0.101759
-0.72982 -0.760519 0.206426 2.27955 2.26007 -0.093037
-0.72951 -0.760199 0.220963 2.27957 2.25987 -0.093037
-0.7292 -0.75988 0.206426 2.27959 2.25969 -0.0872222
-0.72889 -0.759589 0.197704 2.27962 2.25955 -0.093037
-0.72858 -0.759327 0.188981 2.27964 2.2594 -0.0872222
-0.72827 -0.759036 0.188981 2.27966 2.25926 -0.0872222
-0.72796 -0.758746 0.183167 2.27968 2.25914 -0.0872222
-0.72765 -0.758484 0.183167 2.2797 2.25906 -0.093037
-0.72734 -0.758222 0.142463 2.27972 2.25894 -0.110481
-0.72703 -0.757932 0.174444 2.27974 2.25882 -0.093037
-0.72672 -0.757641 0.174444 2.27976 2.25871 -0.101759
-0.72641 -0.757379 0.183167 2.27978 2.25859 -0.0872222
-0.7261 -0.757118 0.183167 2.2798 2.25847 -0.093037
-0.72579 -0.756885 0.174444 2.27982 2.25842 -0.093037
-0.72548 -0.756652 0.133741 2.27984 2.25836 -0.101759
-0.72517 -0.756478 0.133741 2.27986 2.25839 -0.133741
-0.72486 -0.756274 0.133741 2.27988 2.25836 -0.133741
-0.72455 -0.756013 0.157 2.2799 2.2583 -0.133741
-0.72424 -0.755693 0.188981 2.27992 2.25818 -0.125019
-0.72393 -0.75546 0.183167 2.27994 2.25815 -0.119204
-0.72362 -0.755228 0.165722 2.27996 2.25812 -0.142463
-0.72331 -0.755053 0.133741 2.27998 2.25815 -0.142463
-0.72299 -0.75485 0.110481 2.28 2.25815 -0.142463
-0.72268 -0.754675 0.119204 2.28002 2.25821 -0.151185
-0.72237 -0.754443 0.157 2.28004 2.25821 -0.157
-0.72206 -0.754152 0.188981 2.28006 2.25812 -0.151185
-0.72175 -0.75389 0.183167 2.28008 2.2581 -0.125019
-0.72144 -0.753658 0.165722 2.2801 2.2581 -0.151185
-0.72113 -0.753483 0.119204 2.28012 2.25818 -0.165722
-0.72082 -0.75328 0.125019 2.28014 2.25824 -0.165722
-0.72051 -0.753047 0.142463 2.28015 2.25827 -0.157
-0.7202 -0.752844 0.142463 2.28017 2.25836 -0.188981
-0.71989 -0.752582 0.174444 2.28019 2.25839 -0.197704
-0.71958 -0.752291 0.174444 2.28021 2.25842 -0.197704
-0.71927 -0.752088 0.142463 2.28023 2.25853 -0.220963
-0.71895 -0.751855 0.157 2.28025 2.25871 -0.24713
-0.71864 -0.751593 0.142463 2.28027 2.25882 -0.252944
-0.71833 -0.751361 0.165722 2.28028 2.259 -0.270389
-0.71802 -0.751128 0.142463 2.2803 2.2592 -0.284926
-0.71771 -0.750896 0.157 2.28032 2.25949 -0.316907
-0.7174 -0.750634 0.142463 2.28034 2.25972 -0.32563
-0.71709 -0.750343 0.165722 2.28036 2.25996 -0.334352
-0.71678 -0.750082 0.197704 2.2804 2.26025 -0.366333
-0.71647 -0.749762 0.206426 2.28044 2.26048 -0.357611
-0.71615 -0.749471 0.188981 2.28047 2.26074 -0.366333
-0.71584 -0.749209 0.165722 2.28051 2.26106 -0.38087
-0.71553 -0.748977 0.165722 2.28055 2.26138 -0.38087
-0.71522 -0.748686 0.183167 2.28059 2.26167 -0.38087
-0.71491 -0.748366 0.220963 2.28063 2.26188 -0.357611
-0.7146 -0.747959 0.24713 2.28066 2.26202 -0.357611
-0.71429 -0.747552 0.252944 2.2807 2.2622 -0.357611
-0.71397 -0.747203 0.24713 2.28074 2.2624 -0.343074
-0.71366 -0.746883 0.206426 2.28078 2.26257 -0.334352
-0.71335 -0.746564 0.206426 2.28082 2.26278 -0.357611
-0.71304 -0.746215 0.206426 2.28085 2.26292 -0.357611
-0.71273 -0.745808 0.252944 2.28089 2.26304 -0.334352
-0.71242 -0.745343 0.311093 2.28093 2.26307 -0.334352
-0.7121 -0.744936 0.293648 2.28097 2.26315 -0.32563
-0.71179 -0.744499 0.30237 2.281 2.26324 -0.348889
-0.71148 -0.744121 0.252944 2.28104 2.26339 -0.343074
-0.71117 -0.743743 0.252944 2.28108 2.26353 -0.334352
-0.71086 -0.743366 0.229685 2.28111 2.26374 -0.348889
-0.71054 -0.742929 0.261667 2.28115 2.26382 -0.343074
-0.71023 -0.742493 0.293648 2.28119 2.26391 -0.348889
-0.70992 -0.742057 0.284926 2.28122 2.264 -0.366333
-0.70961 -0.741592 0.284926 2.28126 2.26406 -0.357611
-0.7093 -0.741156 0.293648 2.2813 2.26411 -0.334352
-0.70898 -0.74072 0.284926 2.28133 2.26417 -0.334352
-0.70867 -0.740313 0.284926 2.28137 2.26429 -0.32563
-0.70836 -0.739906 0.252944 2.2814 2.26432 -0.30237
-0.70805 -0.739528 0.229685 2.28144 2.26438 -0.284926
-0.70773 -0.73915 0.220963 2.28148 2.26443 -0.30237
-0.70742 -0.738743 0.252944 2.28151 2.26449 -0.293648
-0.70711 -0.738278 0.30237 2.28155 2.26443 -0.252944
-0.70679 -0.737812 0.30237 2.28158 2.26435 -0.284926
-0.70648 -0.737376 0.30237 2.28162 2.26429 -0.252944
-0.70617 -0.736998 0.252944 2.28165 2.26423 -0.229685
-0.70586 -0.736678 0.229685 2.28169 2.26426 -0.220963
-0.70554 -0.736359 0.206426 2.28172 2.26423 -0.206426
-0.70523 -0.736039 0.215148 2.28176 2.2642 -0.183167
-0.70492 -0.735661 0.24713 2.28179 2.26409 -0.183167
-0.7046 -0.735254 0.284926 2.28183 2.26394 -0.174444
-0.70429 -0.734847 0.261667 2.28186 2.26377 -0.151185
-0.70398 -0.734527 0.24713 2.2819 2.26371 -0.157
-0.70367 -0.734178 0.206426 2.28193 2.26356 -0.142463
-0.70335 -0.733916 0.183167 2.28197 2.26353 -0.125019
-0.70304 -0.733626 0.183167 2.282 2.26342 -0.125019
-0.70273 -0.733306 0.197704 2.28203 2.2633 -0.133741
-0.70241 -0.732986 0.220963 2.28207 2.26315 -0.119204
-0.7021 -0.732666 0.215148 2.2821 2.26304 -0.125019
-0.70178 -0.732346 0.206426 2.28214 2.26292 -0.125019
-0.70147 -0.732085 0.183167 2.28217 2.26283 -0.119204
-0.70116 -0.731823 0.165722 2.2822 2.26275 -0.119204
-0.70084 -0.73162 0.142463 2.28224 2.26275 -0.125019
-0.70053 -0.731358 0.142463 2.28227 2.26269 -0.119204
-0.70022 -0.731125 0.142463 2.2823 2.26263 -0.142463
-0.6999 -0.730893 0.157 2.28234 2.2626 -0.125019
-0.69959 -0.73066 0.165722 2.28237 2.26257 -0.125019
-0.69928 -0.730398 0.183167 2.2824 2.26249 -0.110481
-0.69896 -0.730166 0.151185 2.28244 2.26243 -0.125019
-0.69865 -0.729962 0.133741 2.28247 2.26243 -0.125019
-0.69833 -0.729788 0.119204 2.2825 2.26243 -0.125019
-0.69802 -0.729643 0.110481 2.28254 2.26249 -0.119204
-0.69771 -0.729439 0.125019 2.28257 2.26249 -0.119204
-0.69739 -0.729236 0.142463 2.2826 2.26246 -0.119204
-0.69708 -0.728974 0.165722 2.28263 2.2624 -0.133741
-0.69676 -0.728712 0.165722 2.28267 2.26231 -0.125019
-0.69645 -0.728509 0.142463 2.2827 2.26228 -0.110481
-0.69613 -0.728334 0.110481 2.28273 2.26231 -0.142463
-0.69582 -0.728189 0.0872222 2.28276 2.26237 -0.125019
-0.69551 -0.728014 0.101759 2.28279 2.2624 -0.151185
-0.69519 -0.727811 0.151185 2.28283 2.26243 -0.142463
-0.69488 -0.727549 0.157 2.28286 2.26243 -0.151185
-0.69456 -0.727317 0.165722 2.28289 2.26243 -0.165722
-0.69425 -0.727084 0.165722 2.28292 2.26246 -0.188981
-0.69393 -0.726881 0.119204 2.28295 2.26257 -0.183167
-0.69362 -0.726706 0.119204 2.28298 2.26281 -0.197704
-0.6933 -0.726503 0.125019 2.28301 2.26298 -0.215148
-0.69299 -0.726241 0.157 2.28305 2.26313 -0.238407
-0.69267 -0.72595 0.174444 2.28306 2.26327 -0.252944
-0.69236 -0.72563 0.174444 2.28306 2.26342 -0.293648
-0.69205 -0.725369 0.165722 2.28307 2.26368 -0.311093
-0.69173 -0.725136 0.157 2.28307 2.264 -0.316907
-0.69142 -0.724845 0.151185 2.28307 2.26426 -0.334352
-0.6911 -0.724613 0.157 2.28308 2.26458 -0.348889
-0.69079 -0.724351 0.174444 2.28308 2.26487 -0.38087
-0.69047 -0.72406 0.183167 2.28308 2.26519 -0.348889
-0.69016 -0.723711 0.215148 2.28308 2.26536 -0.357611
-0.68984 -0.723392 0.229685 2.28309 2.26563 -0.375056
-0.68953 -0.723072 0.215148 2.28309 2.26586 -0.357611
-0.68922 -0.722781 0.188981 2.28309 2.26609 -0.343074
-0.6889 -0.72249 0.197704 2.28309 2.26635 -0.348889
-0.68859 -0.722171 0.188981 2.2831 2.26656 -0.32563
-0.68827 -0.721822 0.229685 2.2831 2.2667 -0.316907
-0.68796 -0.721444 0.238407 2.2831 2.26682 -0.334352
-0.68764 -0.721037 0.284926 2.2831 2.26688 -0.311093
-0.68733 -0.72063 0.252944 2.28311 2.26691 -0.293648
-0.68701 -0.720252 0.220963 2.28311 2.26696 -0.293648
-0.6867 -0.719903 0.220963 2.28311 2.26702 -0.279111
-0.68638 -0.719583 0.220963 2.28311 2.26711 -0.252944
-0.68607 -0.719234 0.229685 2.28311 2.26714 -0.252944
-0.68575 -0.718827 0.252944 2.28311 2.26708 -0.252944
-0.68544 -0.71842 0.261667 2.28311 2.26699 -0.220963
-0.68512 -0.717984 0.270389 2.28312 2.26691 -0.220963
-0.68481 -0.717548 0.30237 2.28312 2.26676 -0.188981
-0.68449 -0.717141 0.270389 2.28312 2.26661 -0.183167
-0.68418 -0.716792 0.252944 2.28312 2.26656 -0.183167
-0.68386 -0.716443 0.229685 2.28312 2.26647 -0.157
-0.68355 -0.716123 0.215148 2.28312 2.26641 -0.165722
-0.68323 -0.715745 0.220963 2.28312 2.26627 -0.174444
-0.68292 -0.715367 0.24713 2.28312 2.26612 -0.133741
-0.6826 -0.714989 0.279111 2.28312 2.26595 -0.133741
-0.68229 -0.714611 0.252944 2.28312 2.26577 -0.142463
-0.68197 -0.714262 0.220963 2.28312 2.2656 -0.119204
-0.68166 -0.713943 0.206426 2.28312 2.26545 -0.119204
-0.68134 -0.713652 0.197704 2.28312 2.26534 -0.119204
-0.68103 -0.713361 0.188981 2.28312 2.26519 -0.101759
-0.68071 -0.713012 0.215148 2.28312 2.26499 -0.0872222
-0.6804 -0.712634 0.215148 2.28312 2.26478 -0.0872222
-0.68008 -0.712256 0.215148 2.28312 2.26455 -0.0872222
-0.67977 -0.711878 0.215148 2.28312 2.26432 -0.0785
-0.67945 -0.711558 0.206426 2.28312 2.26411 -0.093037
-0.67914 -0.711239 0.188981 2.28312 2.26394 -0.0872222
-0.67882 -0.710948 0.165722 2.28312 2.26379 -0.0610556
-0.67851 -0.710686 0.174444 2.28312 2.26365 -0.0697778
-0.67819 -0.710366 0.165722 2.28312 2.26347 -0.0872222
-0.67788 -0.710018 0.197704 2.28312 2.2633 -0.0872222
-0.67756 -0.70964 0.206426 2.28312 2.2631 -0.101759
-0.67724 -0.70932 0.206426 2.28312 2.26295 -0.101759
-0.67693 -0.709 0.197704 2.28312 2.26281 -0.101759
-0.67661 -0.708709 0.174444 2.28311 2.26269 -0.110481
-0.6763 -0.708448 0.157 2.28311 2.26263 -0.119204
-0.67598 -0.708186 0.165722 2.28311 2.26257 -0.125019
-0.67567 -0.707866 0.183167 2.28311 2.26249 -0.142463
-0.67535 -0.707575 0.206426 2.28311 2.2624 -0.142463
-0.67504 -0.707256 0.188981 2.28311 2.26231 -0.142463
-0.67472 -0.706994 0.183167 2.2831 2.26228 -0.142463
-0.6744 -0.706732 0.188981 2.2831 2.26228 -0.165722
-0.67409 -0.706471 0.183167 2.2831 2.26225 -0.165722
-0.67377 -0.706238 0.183167 2.2831 2.26231 -0.183167
-0.67346 -0.705947 0.174444 2.2831 2.26234 -0.197704
-0.67314 -0.705686 0.174444 2.28309 2.26237 -0.183167
-0.67283 -0.705424 0.165722 2.28309 2.26243 -0.215148
-0.67251 -0.705162 0.188981 2.28309 2.26249 -0.188981
-0.67219 -0.704871 0.188981 2.28309 2.26252 -0.220963
-0.67188 -0.70461 0.183167 2.28308 2.2626 -0.215148
-0.67156 -0.704348 0.157 2.28308 2.26269 -0.229685
-0.67125 -0.704116 0.151185 2.28308 2.26283 -0.220963
-0.67093 -0.703854 0.151185 2.28307 2.26295 -0.252944
-0.67062 -0.703563 0.197704 2.28307 2.2631 -0.252944
-0.6703 -0.703243 0.206426 2.28307 2.26315 -0.252944
-0.66998 -0.702953 0.174444 2.28306 2.26333 -0.261667
-0.66967 -0.70272 0.157 2.28306 2.26347 -0.261667
-0.66935 -0.702487 0.157 2.28306 2.26368 -0.261667
-0.66904 -0.702226 0.165722 2.28305 2.26382 -0.279111
-0.66872 -0.701935 0.188981 2.28305 2.26397 -0.279111
-0.6684 -0.701644 0.197704 2.28305 2.26409 -0.270389
-0.66809 -0.701353 0.188981 2.28304 2.2642 -0.252944
-0.66777 -0.701063 0.197704 2.28304 2.26438 -0.279111
-0.66745 -0.700772 0.197704 2.28303 2.26449 -0.261667
-0.66714 -0.700481 0.188981 2.28303 2.26461 -0.270389
-0.66682 -0.70022 0.183167 2.28303 2.26478 -0.279111
-0.66651 -0.699929 0.174444 2.28302 2.26496 -0.293648
-0.66619 -0.699638 0.183167 2.28302 2.26507 -0.279111
-0.66587 -0.699318 0.206426 2.28301 2.26519 -0.293648
-0.66556 -0.698998 0.215148 2.28301 2.26531 -0.30237
-0.66524 -0.698679 0.220963 2.28299 2.26545 -0.284926
-0.66493 -0.69833 0.220963 2.28297 2.26557 -0.311093
-0.66461 -0.69801 0.197704 2.28294 2.26571 -0.30237
-0.6643 -0.697748 0.183167 2.28292 2.26589 -0.30237
-0.66398 -0.697458 0.174444 2.28289 2.26603 -0.30237
-0.66367 -0.697138 0.206426 2.28287 2.26618 -0.284926
-0.66335 -0.696818 0.220963 2.28284 2.26629 -0.270389
-0.66303 -0.696411 0.24713 2.28282 2.26635 -0.279111
-0.66272 -0.696091 0.229685 2.28279 2.2665 -0.293648
-0.6624 -0.695713 0.238407 2.28277 2.26656 -0.252944
-0.66209 -0.695364 0.206426 2.28274 2.26664 -0.252944
-0.66177 -0.694986 0.197704 2.28272 2.2667 -0.252944
-0.66146 -0.694608 0.188981 2.28269 2.26679 -0.293648
-0.66114 -0.694172 0.229685 2.28267 2.26679 -0.252944
-0.66083 -0.693765 0.220963 2.28264 2.26679 -0.24713
-0.66051 -0.693329 0.24713 2.28262 2.26676 -0.238407
-0.6602 -0.692922 0.24713 2.28259 2.26673 -0.220963
-0.65988 -0.692515 0.229685 2.28257 2.2667 -0.206426
-0.65957 -0.692166 0.215148 2.28254 2.26673 -0.206426
-0.65925 -0.691817 0.229685 2.28251 2.2667 -0.206426
-0.65894 -0.691323 0.229685 2.28249 2.26661 -0.188981
-0.65862 -0.690829 0.252944 2.28246 2.2665 -0.206426
-0.6583 -0.690276 0.252944 2.28244 2.26629 -0.165722
-0.65799 -0.689869 0.238407 2.28241 2.26621 -0.174444
-0.65767 -0.689433 0.238407 2.28238 2.26606 -0.165722
-0.65736 -0.689026 0.238407 2.28236 2.26597 -0.157
-0.65704 -0.68859 0.252944 2.28233 2.26583 -0.174444
-0.65673 -0.688125 0.252944 2.2823 2.2656 -0.165722
-0.65641 -0.687718 0.252944 2.28228 2.26551 -0.165722
-0.6561 -0.687282 0.252944 2.28225 2.26534 -0.151185
-0.65578 -0.686875 0.24713 2.28222 2.26519 -0.151185
-0.65547 -0.686468 0.229685 2.2822 2.26507 -0.151185
-0.65515 -0.686002 0.238407 2.28217 2.26493 -0.165722
-0.65483 -0.685508 0.238407 2.28214 2.26478 -0.165722
-0.65452 -0.685014 0.229685 2.28211 2.26461 -0.165722
-0.6542 -0.684578 0.229685 2.28209 2.26449 -0.183167
-0.65389 -0.684171 0.238407 2.28206 2.2644 -0.157
-0.65357 -0.683764 0.197704 2.28203 2.26429 -0.183167
-0.65326 -0.683386 0.197704 2.282 2.26426 -0.174444
-0.65294 -0.682979 0.197704 2.28198 2.26417 -0.165722
-0.65263 -0.682572 0.206426 2.28195 2.26411 -0.174444
-0.65231 -0.682165 0.215148 2.28192 2.26403 -0.165722
-0.652 -0.681787 0.206426 2.28189 2.26394 -0.165722
-0.65168 -0.681496 0.183167 2.28186 2.26394 -0.188981
-0.65136 -0.681176 0.183167 2.28184 2.26391 -0.151185
-0.65105 -0.680885 0.151185 2.28181 2.26388 -0.142463
-0.65073 -0.680595 0.165722 2.28178 2.26382 -0.157
-0.65042 -0.680246 0.183167 2.28175 2.26379 -0.142463
-0.6501 -0.679926 0.174444 2.28172 2.26371 -0.142463
-0.64979 -0.679635 0.183167 2.28169 2.26365 -0.125019
-0.64947 -0.679344 0.165722 2.28166 2.26359 -0.142463
-0.64916 -0.679083 0.142463 2.28164 2.26359 -0.133741
-0.64884 -0.67885 0.151185 2.28161 2.26356 -0.110481
-0.64852 -0.678588 0.151185 2.28158 2.2635 -0.119204
-0.64821 -0.678356 0.133741 2.28155 2.2635 -0.125019
-0.64789 -0.678094 0.157 2.28152 2.26347 -0.142463
-0.64758 -0.677862 0.165722 2.28149 2.26342 -0.119204
-0.64726 -0.677629 0.151185 2.28146 2.26339 -0.125019
-0.64695 -0.677426 0.151185 2.28143 2.26339 -0.133741
-0.64663 -0.677251 0.125019 2.2814 2.26339 -0.119204
-0.64631 -0.677048 0.133741 2.28137 2.26342 -0.125019
-0.646 -0.676844 0.119204 2.28134 2.26342 -0.151185
-0.64568 -0.676641 0.142463 2.28131 2.26342 -0.133741
-0.64537 -0.676408 0.142463 2.28128 2.26342 -0.133741
-0.64505 -0.676146 0.125019 2.28125 2.26345 -0.142463
-0.64474 -0.675914 0.133741 2.28122 2.26345 -0.151185
-0.64442 -0.675681 0.125019 2.28119 2.2635 -0.157
-0.64411 -0.675448 0.133741 2.28116 2.26353 -0.165722
-0.64379 -0.675245 0.125019 2.28113 2.26362 -0.165722
-0.64347 -0.675012 0.151185 2.2811 2.26368 -0.165722
-0.64316 -0.674751 0.142463 2.28107 2.26374 -0.188981
-0.64284 -0.674518 0.142463 2.28104 2.26382 -0.174444
-0.64253 -0.674256 0.133741 2.28101 2.26388 -0.183167
-0.64221 -0.673995 0.142463 2.28098 2.264 -0.197704
-0.6419 -0.673704 0.142463 2.28095 2.26409 -0.206426
-0.64158 -0.673442 0.174444 2.28092 2.26414 -0.183167
-0.64126 -0.673152 0.174444 2.28088 2.26423 -0.215148
-0.64095 -0.672861 0.165722 2.28085 2.26429 -0.206426
-0.64063 -0.67257 0.151185 2.28082 2.26443 -0.206426
-0.64032 -0.672279 0.174444 2.28079 2.26452 -0.206426
-0.64 -0.67196 0.174444 2.28076 2.26458 -0.220963
-0.63969 -0.67164 0.157 2.28072 2.26467 -0.229685
-0.63937 -0.67132 0.183167 2.28068 2.26472 -0.215148
-0.63906 -0.670971 0.188981 2.28064 2.26478 -0.220963
-0.63874 -0.670622 0.206426 2.2806 2.26487 -0.229685
-0.63843 -0.670273 0.188981 2.28056 2.26499 -0.24713
-0.63811 -0.669953 0.174444 2.28052 2.26513 -0.252944
-0.6378 -0.669634 0.157 2.28048 2.26531 -0.284926
-0.63748 -0.669314 0.174444 2.28044 2.26542 -0.270389
-0.63717 -0.668936 0.206426 2.2804 2.26554 -0.279111
-0.63685 -0.668529 0.220963 2.28035 2.26568 -0.284926
-0.63654 -0.668122 0.220963 2.28031 2.2658 -0.293648
-0.63622 -0.667744 0.183167 2.28027 2.26592 -0.261667
-0.63591 -0.667395 0.188981 2.28023 2.26606 -0.24713
-0.63559 -0.666959 0.206426 2.28019 2.26606 -0.220963
-0.63528 -0.666552 0.238407 2.28015 2.26603 -0.188981
-0.63496 -0.666116 0.229685 2.2801 2.26595 -0.183167
-0.63465 -0.665709 0.229685 2.28006 2.2658 -0.151185
-0.63433 -0.665331 0.238407 2.28002 2.26571 -0.151185
-0.63402 -0.664924 0.215148 2.27998 2.26554 -0.125019
-0.6337 -0.664488 0.229685 2.27994 2.26536 -0.119204
-0.63339 -0.664022 0.215148 2.27989 2.2651 -0.093037
-0.63307 -0.663673 0.206426 2.27985 2.26493 -0.101759
-0.63276 -0.663296 0.197704 2.27981 2.26472 -0.101759
-0.63244 -0.662918 0.206426 2.27977 2.26446 -0.093037
-0.63213 -0.66254 0.206426 2.27972 2.26426 -0.093037
-0.63181 -0.66222 0.197704 2.27968 2.26406 -0.0872222
-0.6315 -0.6619 0.188981 2.27964 2.26391 -0.093037
-0.63118 -0.66158 0.197704 2.2796 2.26371 -0.0552407
-0.63087 -0.66126 0.206426 2.27955 2.26353 -0.0785
-0.63055 -0.660911 0.197704 2.27951 2.2633 -0.0785
-0.63024 -0.660592 0.188981 2.27947 2.26315 -0.0697778
-0.62992 -0.660272 0.151185 2.27942 2.26298 -0.0785
-0.62961 -0.659952 0.151185 2.27938 2.26281 -0.0610556
-0.62929 -0.659603 0.174444 2.27934 2.26263 -0.0872222
-0.62898 -0.659254 0.183167 2.27929 2.26243 -0.0785
-0.62866 -0.658876 0.215148 2.27925 2.2622 -0.0785
-0.62835 -0.658556 0.165722 2.27921 2.26205 -0.093037
-0.62803 -0.658295 0.151185 2.27916 2.26193 -0.0872222
-0.62772 -0.658033 0.151185 2.27912 2.26185 -0.093037
-0.6274 -0.657684 0.142463 2.27907 2.26164 -0.093037
-0.62709 -0.657277 0.183167 2.27903 2.26147 -0.101759
-0.62677 -0.656841 0.188981 2.27899 2.26121 -0.093037
-0.62646 -0.656492 0.165722 2.27894 2.26109 -0.110481
-0.62615 -0.656114 0.183167 2.2789 2.26092 -0.0872222
-0.62583 -0.655794 0.157 2.27885 2.26077 -0.101759
-0.62552 -0.655533 0.151185 2.27881 2.26071 -0.101759
-0.6252 -0.655242 0.157 2.27876 2.26063 -0.110481
-0.62489 -0.654922 0.183167 2.27872 2.26051 -0.119204
-0.62457 -0.654544 0.206426 2.27867 2.26033 -0.125019
-0.62426 -0.654166 0.197704 2.27863 2.26022 -0.133741
-0.62394 -0.653905 0.142463 2.27858 2.26016 -0.110481
-0.62363 -0.653614 0.133741 2.27854 2.26013 -0.119204
-0.62331 -0.653294 0.165722 2.27849 2.26007 -0.119204
-0.623 -0.652945 0.197704 2.27845 2.25999 -0.125019
-0.62268 -0.652538 0.183167 2.2784 2.25984 -0.133741
-0.62237 -0.652247 0.151185 2.27836 2.25984 -0.133741
-0.62205 -0.651986 0.119204 2.27831 2.25987 -0.142463
-0.62174 -0.651695 0.142463 2.27827 2.2599 -0.142463
-0.62142 -0.651259 0.183167 2.27822 2.25981 -0.125019
-0.62111 -0.650852 0.183167 2.27818 2.25969 -0.142463
-0.62079 -0.650561 0.142463 2.27813 2.25972 -0.157
-0.62048 -0.650328 0.133741 2.27808 2.25972 -0.142463
-0.62016 -0.650125 0.133741 2.27804 2.25981 -0.174444
-0.61985 -0.649863 0.142463 2.27799 2.25984 -0.174444
-0.61953 -0.649573 0.174444 2.27795 2.25987 -0.142463
-0.61922 -0.649282 0.165722 2.2779 2.25987 -0.165722
-0.61891 -0.648991 0.151185 2.27785 2.2599 -0.183167
-0.61859 -0.648817 0.125019 2.27781 2.26004 -0.188981
-0.61828 -0.648555 0.133741 2.27776 2.26016 -0.174444
-0.61796 -0.648264 0.133741 2.27771 2.26033 -0.206426
-0.61765 -0.647944 0.151185 2.27767 2.26051 -0.215148
-0.61733 -0.647625 0.151185 2.27762 2.26057 -0.197704
-0.61702 -0.647334 0.165722 2.27757 2.2608 -0.229685
-0.6167 -0.647072 0.142463 2.27753 2.26095 -0.229685
-0.61639 -0.646811 0.119204 2.27748 2.26121 -0.220963
-0.61607 -0.646549 0.110481 2.27743 2.2615 -0.229685
-0.61576 -0.646229 0.165722 2.27738 2.26161 -0.24713
-0.61544 -0.645822 0.165722 2.27734 2.26176 -0.24713
-0.61513 -0.645502 0.157 2.27729 2.2619 -0.24713
-0.61481 -0.645241 0.142463 2.27724 2.26208 -0.229685
-0.6145 -0.645008 0.125019 2.27719 2.26234 -0.229685
-0.61419 -0.644688 0.151185 2.27712 2.26249 -0.229685
-0.61388 -0.64431 0.174444 2.27705 2.26257 -0.215148
-0.61356 -0.643874 0.197704 2.27698 2.26263 -0.206426
-0.61325 -0.643438 0.174444 2.27691 2.26266 -0.215148
-0.61294 -0.643118 0.165722 2.27684 2.26278 -0.206426
-0.61263 -0.642798 0.142463 2.27677 2.26281 -0.165722
-0.61231 -0.642449 0.183167 2.2767 2.26281 -0.183167
-0.612 -0.642042 0.188981 2.27663 2.26275 -0.183167
-0.61169 -0.641664 0.197704 2.27656 2.26272 -0.165722
-0.61138 -0.641345 0.183167 2.27649 2.26269 -0.188981
-0.61107 -0.641083 0.157 2.27642 2.26275 -0.174444
-0.61075 -0.640763 0.157 2.27635 2.26272 -0.174444
-0.61044 -0.640414 0.165722 2.27628 2.26272 -0.157
-0.61013 -0.639949 0.197704 2.27621 2.26263 -0.157
-0.60982 -0.639571 0.174444 2.27614 2.26257 -0.151185
-0.6095 -0.639222 0.165722 2.27607 2.26249 -0.142463
-0.60919 -0.638931 0.142463 2.276 2.26252 -0.142463
-0.60888 -0.638612 0.151185 2.27593 2.26249 -0.142463
-0.60857 -0.638292 0.174444 2.27586 2.26249 -0.151185
-0.60826 -0.637972 0.174444 2.27579 2.26243 -0.142463
-0.60794 -0.637594 0.197704 2.27572 2.26234 -0.165722
-0.60763 -0.637216 0.151185 2.27565 2.26234 -0.142463
-0.60732 -0.636925 0.157 2.27558 2.26231 -0.142463
-0.60701 -0.636722 0.151185 2.27551 2.26234 -0.157
-0.6067 -0.636489 0.142463 2.27543 2.26234 -0.133741
-0.60638 -0.63614 0.174444 2.27536 2.26225 -0.133741
-0.60607 -0.635821 0.197704 2.27529 2.26214 -0.142463
-0.60576 -0.635501 0.188981 2.27522 2.26205 -0.142463
-0.60545 -0.635181 0.183167 2.27515 2.26199 -0.125019
-0.60514 -0.634948 0.157 2.27508 2.26193 -0.119204
-0.60482 -0.634716 0.142463 2.27501 2.26188 -0.110481
-0.60451 -0.634483 0.142463 2.27494 2.26182 -0.110481
-0.6042 -0.634192 0.183167 2.27486 2.26173 -0.119204
-0.60389 -0.633873 0.188981 2.27479 2.26161 -0.125019
-0.60358 -0.633553 0.206426 2.27472 2.26147 -0.093037
-0.60327 -0.633233 0.188981 2.27465 2.26135 -0.119204
-0.60295 -0.632942 0.183167 2.27458 2.26121 -0.119204
-0.60264 -0.63271 0.157 2.2745 2.26118 -0.110481
-0.60233 -0.632477 0.151185 2.27443 2.26109 -0.110481
-0.60202 -0.632244 0.174444 2.27436 2.26103 -0.101759
-0.60171 -0.631954 0.165722 2.27429 2.26092 -0.101759
-0.6014 -0.631692 0.188981 2.27421 2.26083 -0.119204
-0.60108 -0.631372 0.188981 2.27414 2.26074 -0.119204
-0.60077 -0.631052 0.197704 2.27407 2.26057 -0.110481
-0.60046 -0.630791 0.183167 2.274 2.26051 -0.110481
-0.60015 -0.630558 0.151185 2.27392 2.26045 -0.101759
-0.59984 -0.630326 0.151185 2.27385 2.26042 -0.110481
-0.59953 -0.629977 0.183167 2.27378 2.26028 -0.101759
-0.59921 -0.629541 0.165722 2.2737 2.2601 -0.110481
-0.5989 -0.62925 0.165722 2.27363 2.26001 -0.110481
-0.59859 -0.628901 0.174444 2.27356 2.25987 -0.119204
-0.59828 -0.628581 0.165722 2.27348 2.25972 -0.110481
-0.59797 -0.628319 0.142463 2.27341 2.25967 -0.093037
-0.59766 -0.628 0.125019 2.27334 2.25955 -0.0872222
-0.59735 -0.627709 0.174444 2.27326 2.25943 -0.110481
-0.59703 -0.62736 0.165722 2.27319 2.25926 -0.119204
-0.59672 -0.62704 0.174444 2.27312 2.25911 -0.101759
-0.59641 -0.626808 0.157 2.27304 2.259 -0.0872222
-0.5961 -0.626604 0.142463 2.27297 2.25897 -0.101759
-0.59579 -0.626401 0.125019 2.27289 2.25888 -0.0872222
-0.59548 -0.626168 0.142463 2.27282 2.25882 -0.101759
-0.59517 -0.625935 0.142463 2.27275 2.25871 -0.101759
-0.59486 -0.625674 0.174444 2.27267 2.25859 -0.101759
-0.59454 -0.625441 0.157 2.2726 2.25847 -0.0785
-0.59423 -0.625179 0.174444 2.27252 2.25836 -0.0610556
-0.59392 -0.625005 0.125019 2.27244 2.25833 -0.0872222
-0.59361 -0.624801 0.119204 2.27236 2.25824 -0.0697778
-0.5933 -0.624627 0.119204 2.27228 2.25818 -0.0872222
-0.59299 -0.624423 0.133741 2.27219 2.2581 -0.0872222
-0.59268 -0.624162 0.174444 2.27211 2.25795 -0.093037
-0.59237 -0.623958 0.151185 2.27203 2.25786 -0.0610556
-0.59206 -0.623697 0.157 2.27194 2.25769 -0.0785
-0.59175 -0.623522 0.119204 2.27186 2.25763 -0.0610556
-0.59144 -0.623348 0.125019 2.27178 2.25757 -0.0552407
-0.59113 -0.623144 0.133741 2.27169 2.25746 -0.0377963
-0.59082 -0.62297 0.119204 2.27161 2.25737 -0.0697778
-0.59051 -0.622737 0.133741 2.27153 2.25722 -0.0697778
-0.5902 -0.622534 0.157 2.27144 2.25711 -0.0785
-0.58989 -0.622301 0.133741 2.27136 2.25693 -0.0465185
-0.58958 -0.622068 0.174444 2.27127 2.25679 -0.0697778
-0.58927 -0.621865 0.157 2.27119 2.25667 -0.0465185
-0.58896 -0.621691 0.119204 2.2711 2.25658 -0.0697778
-0.58866 -0.621487 0.125019 2.27102 2.25647 -0.0465185
-0.58835 -0.621313 0.101759 2.27093 2.25638 -0.0290741
-0.58804 -0.621109 0.142463 2.27085 2.25624 -0.0552407
-0.58773 -0.620818 0.183167 2.27077 2.25606 -0.0465185
-0.58742 -0.620557 0.174444 2.27068 2.25586 -0.0552407
-0.58711 -0.620324 0.174444 2.2706 2.25571 -0.0290741
-0.5868 -0.62015 0.125019 2.27051 2.25562 -0.0785
-0.58649 -0.619975 0.093037 2.27043 2.25554 -0.0872222
-0.58618 -0.619772 0.119204 2.27034 2.25542 -0.0610556
-0.58587 -0.61951 0.142463 2.27026 2.25528 -0.0552407
-0.58556 -0.61919 0.188981 2.27017 2.25504 -0.0610556
-0.58525 -0.618899 0.183167 2.27008 2.25487 -0.0465185
-0.58494 -0.618609 0.165722 2.27 2.25469 -0.0872222
-0.58463 -0.618376 0.133741 2.26991 2.25461 -0.0697778
-0.58432 -0.618173 0.093037 2.26983 2.25452 -0.0785
-0.58401 -0.61794 0.151185 2.26974 2.2544 -0.0872222
-0.5837 -0.617678 0.165722 2.26966 2.25426 -0.0872222
-0.58339 -0.617388 0.197704 2.26957 2.25408 -0.0610556
-0.58309 -0.617097 0.157 2.26948 2.25391 -0.0872222
-0.58278 -0.616835 0.188981 2.2694 2.25373 -0.0610556
-0.58247 -0.616632 0.151185 2.26931 2.25365 -0.0785
-0.58216 -0.616399 0.142463 2.26923 2.25353 -0.0610556
-0.58185 -0.616225 0.125019 2.26914 2.25344 -0.0465185
-0.58154 -0.615992 0.142463 2.26905 2.25333 -0.0785
-0.58123 -0.615701 0.183167 2.26897 2.25318 -0.0785
-0.58092 -0.615381 0.188981 2.26888 2.25295 -0.0610556
-0.58061 -0.615091 0.206426 2.26879 2.25278 -0.0872222
-0.5803 -0.614829 0.165722 2.26871 2.25263 -0.0785
-0.57999 -0.614596 0.142463 2.26862 2.25254 -0.0872222
-0.57969 -0.614422 0.110481 2.26853 2.25251 -0.0785
-0.57938 -0.614189 0.142463 2.26845 2.2524 -0.101759
-0.57907 -0.613928 0.174444 2.26836 2.25225 -0.0872222
-0.57876 -0.613579 0.215148 2.26827 2.25205 -0.093037
-0.57845 -0.613259 0.215148 2.26819 2.25187 -0.093037
-0.57814 -0.612997 0.188981 2.2681 2.25182 -0.119204
-0.57783 -0.612736 0.133741 2.26801 2.25173 -0.119204
-0.57752 -0.612532 0.133741 2.26792 2.2517 -0.093037
-0.57722 -0.612271 0.151185 2.26784 2.25167 -0.125019
-0.57691 -0.61198 0.188981 2.26775 2.25155 -0.133741
-0.5766 -0.61166 0.229685 2.26766 2.25144 -0.133741
-0.57629 -0.61134 0.215148 2.26757 2.25132 -0.125019
-0.57598 -0.611078 0.183167 2.26749 2.25129 -0.142463
-0.57568 -0.610846 0.142463 2.26737 2.25129 -0.151185
-0.57537 -0.610613 0.157 2.26725 2.25132 -0.165722
-0.57507 -0.610381 0.157 2.26712 2.25135 -0.165722
-0.57477 -0.610119 0.165722 2.26699 2.25138 -0.197704
-0.57446 -0.609799 0.206426 2.26687 2.25138 -0.197704
-0.57416 -0.609479 0.220963 2.26674 2.25135 -0.206426
-0.57386 -0.60916 0.220963 2.26662 2.25138 -0.215148
-0.57355 -0.60884 0.197704 2.26649 2.25141 -0.238407
-0.57325 -0.608607 0.165722 2.26637 2.25155 -0.252944
-0.57295 -0.608346 0.165722 2.26624 2.2517 -0.252944
-0.57264 -0.608084 0.183167 2.26611 2.25184 -0.252944
-0.57234 -0.607793 0.197704 2.26599 2.25199 -0.293648
-0.57204 -0.607415 0.24713 2.26586 2.25208 -0.293648
-0.57173 -0.607037 0.252944 2.26574 2.25216 -0.316907
-0.57143 -0.606688 0.252944 2.26561 2.25231 -0.311093
-0.57113 -0.606368 0.215148 2.26548 2.25248 -0.316907
-0.57083 -0.606078 0.197704 2.26536 2.25275 -0.38087
-0.57052 -0.605787 0.183167 2.26523 2.25298 -0.343074
-0.57022 -0.605438 0.206426 2.26511 2.25324 -0.348889
-0.56992 -0.604973 0.252944 2.26498 2.25336 -0.334352
-0.56961 -0.604508 0.279111 2.26485 2.25341 -0.334352
-0.56931 -0.604043 0.311093 2.26473 2.25353 -0.32563
-0.56901 -0.603461 0.252944 2.2646 2.25362 -0.284926
-0.56871 -0.603054 0.206426 2.26447 2.25371 -0.252944
-0.5684 -0.602589 0.206426 2.26434 2.25382 -0.252944
-0.5681 -0.601978 0.270389 2.26422 2.25365 -0.229685
-0.5678 -0.601426 0.316907 2.26409 2.25341 -0.183167
-0.5675 -0.600844 0.343074 2.26396 2.25312 -0.157
-0.56719 -0.600379 0.252944 2.26384 2.25301 -0.165722
-0.56689 -0.599972 0.215148 2.26371 2.25286 -0.151185
-0.56659 -0.599652 0.197704 2.26358 2.25278 -0.151185
-0.56629 -0.599333 0.197704 2.26345 2.25266 -0.133741
-0.56599 -0.598984 0.238407 2.26333 2.25248 -0.119204
-0.56568 -0.598577 0.284926 2.2632 2.25228 -0.125019
-0.56538 -0.59817 0.270389 2.26307 2.25205 -0.110481
-0.56508 -0.597792 0.252944 2.26294 2.25184 -0.110481
-0.56478 -0.597443 0.206426 2.26282 2.25167 -0.101759
-0.56448 -0.597094 0.183167 2.26269 2.25155 -0.101759
-0.56417 -0.596803 0.142463 2.26256 2.25141 -0.0872222
-0.56387 -0.596425 0.165722 2.26243 2.25115 -0.0697778
-0.56357 -0.596047 0.197704 2.2623 2.25086 -0.0610556
