angle_1_e angle_1_t d_theta_1_t angle_2_e angle_2_t d_theta_2_t
-0.88669 -0.884753 0 2.28316 2.2565 0
-0.88637 -0.884753 0 2.28308 2.2565 0
-0.88605 -0.884753 0 2.283 2.2565 0
-0.88573 -0.884753 0 2.28292 2.25653 -0.0232593
-0.88541 -0.884753 0 2.28283 2.25653 0
-0.88509 -0.884753 0 2.28275 2.25655 0
-0.88477 -0.884753 0 2.28267 2.25658 0
-0.88445 -0.884753 0 2.28259 2.25667 -0.0610556
-0.88413 -0.884753 0 2.28251 2.25676 -0.0377963
-0.88381 -0.884753 0 2.28242 2.25687 -0.0552407
-0.88349 -0.884753 0 2.28234 2.25696 -0.0610556
-0.88317 -0.884753 0 2.28226 2.25714 -0.0465185
-0.88285 -0.884753 0 2.28218 2.25725 -0.0610556
-0.88253 -0.884753 0 2.28209 2.25734 -0.0552407
-0.88221 -0.884753 0 2.28201 2.25737 -0.0552407
-0.88189 -0.884753 0 2.28193 2.25743 0
-0.88157 -0.884753 0 2.28184 2.25746 0
-0.88125 -0.884753 0 2.28176 2.25746 0
-0.88093 -0.884724 0 2.28168 2.25743 0
-0.88061 -0.884724 0 2.28159 2.25743 0
-0.88029 -0.884724 0 2.28151 2.25743 0
-0.87997 -0.884724 0 2.28143 2.25743 0
-0.87966 -0.884695 0 2.28134 2.2574 0
-0.87934 -0.884695 0 2.28126 2.2574 0
-0.87902 -0.884695 0 2.28118 2.2574 0
-0.8787 -0.884695 0 2.28109 2.2574 0
-0.87838 -0.884695 0 2.28101 2.2574 0
-0.87806 -0.884695 0 2.28093 2.2574 0
-0.87774 -0.884695 0 2.28084 2.2574 0
-0.87742 -0.884695 0 2.28076 2.2574 0
-0.8771 -0.884695 0 2.28067 2.2574 0
-0.87678 -0.884695 0 2.28059 2.2574 0
-0.87646 -0.884695 0 2.2805 2.2574 0
-0.87615 -0.884695 0 2.28043 2.2574 0
-0.87584 -0.884695 0 2.2804 2.2574 0
-0.87553 -0.884666 0 2.28037 2.25737 0
-0.87522 -0.884666 0 2.28033 2.25737 0
-0.87491 -0.884666 0 2.2803 2.25737 0
-0.8746 -0.884636 0 2.28027 2.25734 0
-0.87429 -0.884607 0 2.28023 2.25731 0
-0.87398 -0.884607 0 2.2802 2.25731 0
-0.87367 -0.884578 0.00581481 2.28017 2.25728 0
-0.87336 -0.88452 0 2.28014 2.25722 0
-0.87305 -0.884491 0 2.2801 2.25719 0
-0.87274 -0.884433 0 2.28007 2.25714 0
-0.87243 -0.884375 0.0232593 2.28003 2.25708 0
-0.87212 -0.884317 0.0465185 2.28 2.25702 0
-0.87181 -0.884258 0.0552407 2.27997 2.25696 0
-0.8715 -0.884258 0 2.27993 2.25696 0
-0.87119 -0.884229 0 2.2799 2.25693 0
-0.87088 -0.8842 0 2.27987 2.2569 0
-0.87057 -0.884142 0.0610556 2.27983 2.25685 0
-0.87026 -0.884026 0.0610556 2.2798 2.25673 0
-0.86995 -0.883939 0.0610556 2.27976 2.25667 0
-0.86964 -0.88391 0.0232593 2.27973 2.25664 0
-0.86933 -0.883881 0.0232593 2.2797 2.25661 0
-0.86902 -0.883851 0 2.27966 2.25661 0
-0.86871 -0.883764 0.0290741 2.27963 2.25653 0
-0.8684 -0.883677 0.0290741 2.27959 2.25647 -0.0552407
-0.86809 -0.88359 0.0465185 2.27956 2.25641 -0.0610556
-0.86778 -0.883503 0.0785 2.27952 2.25638 0
-0.86747 -0.883415 0.0610556 2.27949 2.25632 0
-0.86716 -0.883357 0.0232593 2.27945 2.25629 -0.0377963
-0.86685 -0.883328 0 2.27942 2.25629 -0.0290741
-0.86654 -0.88327 0.00581481 2.27938 2.25629 0
-0.86623 -0.883183 0.0465185 2.27935 2.25624 -0.0465185
-0.86592 -0.883066 0.0697778 2.27931 2.25615 -0.0377963
-0.86561 -0.882921 0.0785 2.27928 2.25606 -0.0232593
-0.8653 -0.882805 0.0785 2.27924 2.256 0
-0.86499 -0.882747 0.0465185 2.27921 2.25597 -0.0552407
-0.86468 -0.882718 0 2.27917 2.256 -0.014537
-0.86437 -0.882659 0.0552407 2.27913 2.25597 -0.0377963
-0.86406 -0.882543 0.0697778 2.2791 2.25592 -0.0290741
-0.86375 -0.882398 0.093037 2.27906 2.25583 -0.0465185
-0.86344 -0.882252 0.0872222 2.27903 2.25577 -0.014537
-0.86313 -0.882165 0.0377963 2.27899 2.25574 -0.0552407
-0.86282 -0.882107 0.0377963 2.27895 2.25574 -0.0610556
-0.86251 -0.88202 0.00581481 2.27892 2.25574 -0.0232593
-0.8622 -0.881874 0.0785 2.27888 2.25571 -0.0290741
-0.86189 -0.8817 0.110481 2.27885 2.2556 -0.0785
-0.86158 -0.881526 0.110481 2.27881 2.25551 -0.0552407
-0.86127 -0.881409 0.0465185 2.27877 2.25551 -0.0697778
-0.86096 -0.881351 0 2.27874 2.25557 -0.0785
-0.86065 -0.881264 0.0610556 2.2787 2.2556 -0.0377963
-0.86034 -0.881118 0.101759 2.27866 2.25554 -0.0610556
-0.86003 -0.880944 0.110481 2.27863 2.25551 -0.0872222
-0.85972 -0.88077 0.119204 2.2786 2.25545 -0.0552407
-0.85942 -0.880653 0.0697778 2.27857 2.25548 -0.0697778
-0.85911 -0.880537 0.0697778 2.27854 2.25551 -0.0872222
-0.8588 -0.880421 0.0872222 2.27852 2.25551 -0.0872222
-0.85849 -0.880275 0.093037 2.27849 2.25551 -0.093037
-0.85818 -0.88013 0.0697778 2.27846 2.25554 -0.0872222
-0.85787 -0.879985 0.0697778 2.27843 2.25557 -0.0872222
-0.85757 -0.87981 0.101759 2.27841 2.25557 -0.0872222
-0.85726 -0.879607 0.110481 2.27838 2.25554 -0.101759
-0.85695 -0.879403 0.110481 2.27835 2.25551 -0.093037
-0.85664 -0.879287 0.0785 2.27832 2.25557 -0.0785
-0.85633 -0.8792 0.0377963 2.27829 2.25565 -0.110481
-0.85602 -0.879083 0.0785 2.27826 2.25571 -0.093037
-0.85572 -0.878909 0.0785 2.27824 2.25571 -0.101759
-0.85541 -0.878676 0.142463 2.27821 2.25565 -0.119204
-0.8551 -0.878444 0.119204 2.27818 2.25562 -0.125019
-0.85479 -0.878269 0.101759 2.27815 2.25568 -0.110481
-0.85448 -0.878182 0.0785 2.27812 2.2558 -0.125019
-0.85417 -0.878037 0.0552407 2.27809 2.25592 -0.125019
-0.85387 -0.877833 0.119204 2.27806 2.25594 -0.142463
-0.85356 -0.877542 0.151185 2.27803 2.25592 -0.151185
-0.85325 -0.877281 0.142463 2.278 2.25594 -0.151185
-0.85294 -0.877106 0.110481 2.27798 2.25606 -0.157
-0.85263 -0.876961 0.0872222 2.27795 2.25621 -0.165722
-0.85232 -0.876816 0.093037 2.27792 2.25638 -0.165722
-0.85201 -0.876525 0.142463 2.27789 2.25647 -0.197704
-0.85171 -0.876263 0.157 2.27786 2.25658 -0.197704
-0.8514 -0.875972 0.151185 2.27783 2.2567 -0.215148
-0.85109 -0.87574 0.125019 2.2778 2.25687 -0.215148
-0.85078 -0.875507 0.101759 2.27777 2.25702 -0.220963
-0.85047 -0.875275 0.133741 2.27774 2.25722 -0.252944
-0.85016 -0.875042 0.142463 2.27771 2.2574 -0.261667
-0.84986 -0.874751 0.165722 2.27768 2.25754 -0.229685
-0.84955 -0.87449 0.151185 2.27765 2.25772 -0.270389
-0.84924 -0.87417 0.157 2.27762 2.25789 -0.270389
-0.84893 -0.87385 0.188981 2.27759 2.2581 -0.284926
-0.84862 -0.873472 0.197704 2.27756 2.25827 -0.279111
-0.84831 -0.873152 0.188981 2.27753 2.25844 -0.30237
-0.848 -0.872861 0.157 2.2775 2.25876 -0.293648
-0.8477 -0.872542 0.151185 2.27746 2.25903 -0.311093
-0.84739 -0.872193 0.197704 2.27743 2.25932 -0.311093
-0.84708 -0.871669 0.24713 2.2774 2.25938 -0.311093
-0.84677 -0.871233 0.229685 2.27737 2.25952 -0.30237
-0.84646 -0.870913 0.206426 2.27734 2.25972 -0.284926
-0.84615 -0.870594 0.165722 2.27731 2.25999 -0.284926
-0.84585 -0.870245 0.174444 2.27728 2.26013 -0.261667
-0.84554 -0.869896 0.206426 2.27725 2.26019 -0.252944
-0.84523 -0.869431 0.220963 2.27722 2.26022 -0.252944
-0.84492 -0.868995 0.238407 2.27718 2.26028 -0.229685
-0.84461 -0.868558 0.197704 2.27715 2.26031 -0.215148
-0.8443 -0.868181 0.183167 2.27712 2.26033 -0.220963
-0.84399 -0.867803 0.188981 2.27709 2.26036 -0.197704
-0.84369 -0.867425 0.183167 2.27706 2.26036 -0.183167
-0.84338 -0.867076 0.188981 2.27702 2.26036 -0.183167
-0.84307 -0.866727 0.174444 2.27699 2.26031 -0.174444
-0.84276 -0.866349 0.206426 2.27696 2.26019 -0.151185
-0.84245 -0.866029 0.188981 2.27693 2.26016 -0.133741
-0.84214 -0.86568 0.165722 2.2769 2.26001 -0.110481
-0.84183 -0.86536 0.165722 2.27686 2.25987 -0.101759
-0.84153 -0.86507 0.142463 2.27683 2.25978 -0.093037
-0.84122 -0.864779 0.157 2.27683 2.25961 -0.0872222
-0.84092 -0.864459 0.174444 2.27682 2.25943 -0.0785
-0.84061 -0.864139 0.157 2.27682 2.25923 -0.0785
-0.84031 -0.863907 0.125019 2.27681 2.25911 -0.0465185
-0.84 -0.863732 0.101759 2.27681 2.25903 -0.014537
-0.8397 -0.863471 0.125019 2.2768 2.25882 -0.0552407
-0.83939 -0.863209 0.133741 2.2768 2.25862 0
-0.83909 -0.862947 0.142463 2.27679 2.25842 -0.014537
-0.83878 -0.862686 0.119204 2.27679 2.25821 -0.0465185
-0.83848 -0.862511 0.093037 2.27678 2.2581 0
-0.83818 -0.862366 0.0872222 2.27678 2.25801 -0.0465185
-0.83787 -0.862162 0.093037 2.27677 2.25786 -0.0232593
-0.83757 -0.86193 0.110481 2.27677 2.25769 -0.0610556
-0.83726 -0.861726 0.119204 2.27676 2.25754 -0.0552407
-0.83696 -0.861523 0.125019 2.27676 2.25743 -0.0610556
-0.83665 -0.861319 0.101759 2.27675 2.25734 -0.0552407
-0.83635 -0.861145 0.0785 2.27675 2.25722 -0.0697778
-0.83604 -0.860999 0.101759 2.27674 2.25722 -0.0785
-0.83574 -0.860767 0.110481 2.27673 2.25714 -0.0785
-0.83543 -0.860563 0.110481 2.27673 2.25708 -0.0377963
-0.83513 -0.86036 0.101759 2.27672 2.25702 -0.0872222
-0.83482 -0.860127 0.101759 2.27671 2.25696 -0.0872222
-0.83452 -0.859953 0.101759 2.27671 2.2569 -0.0610556
-0.83421 -0.859778 0.0785 2.2767 2.25693 -0.119204
-0.83391 -0.859633 0.101759 2.2767 2.25696 -0.101759
-0.8336 -0.859458 0.093037 2.27669 2.25696 -0.0785
-0.8333 -0.859255 0.093037 2.27668 2.25696 -0.133741
-0.83299 -0.85908 0.119204 2.27668 2.25696 -0.110481
-0.83269 -0.858906 0.110481 2.27667 2.25699 -0.119204
-0.83238 -0.858731 0.101759 2.27666 2.25705 -0.133741
-0.83208 -0.858615 0.0872222 2.27665 2.25714 -0.125019
-0.83177 -0.85847 0.0872222 2.27665 2.25719 -0.151185
-0.83147 -0.858295 0.110481 2.27664 2.25725 -0.125019
-0.83116 -0.858092 0.125019 2.27663 2.25728 -0.125019
-0.83086 -0.857859 0.110481 2.27663 2.25731 -0.142463
-0.83055 -0.857714 0.0872222 2.27662 2.2574 -0.151185
-0.83025 -0.857539 0.0785 2.27661 2.25746 -0.151185
-0.82994 -0.857394 0.0872222 2.2766 2.25754 -0.151185
-0.82964 -0.857191 0.125019 2.2766 2.2576 -0.142463
-0.82933 -0.856987 0.133741 2.27659 2.25763 -0.151185
-0.82903 -0.856783 0.133741 2.27658 2.25766 -0.151185
-0.82872 -0.856609 0.110481 2.27657 2.25772 -0.133741
-0.82842 -0.856464 0.093037 2.27656 2.25792 -0.157
-0.82811 -0.85626 0.101759 2.27656 2.25801 -0.157
-0.82781 -0.856028 0.125019 2.27655 2.25807 -0.157
-0.8275 -0.855766 0.125019 2.27654 2.2581 -0.165722
-0.8272 -0.855533 0.125019 2.27653 2.25812 -0.151185
-0.82689 -0.855301 0.133741 2.27652 2.25824 -0.142463
-0.82658 -0.855039 0.110481 2.27651 2.25827 -0.165722
-0.82628 -0.854836 0.110481 2.2765 2.25842 -0.183167
-0.82597 -0.854574 0.133741 2.2765 2.2585 -0.165722
-0.82567 -0.85437 0.125019 2.27649 2.25862 -0.165722
-0.82536 -0.854109 0.133741 2.27648 2.25865 -0.174444
-0.82506 -0.853876 0.142463 2.27647 2.25874 -0.183167
-0.82475 -0.853614 0.142463 2.27646 2.25879 -0.188981
-0.82445 -0.853382 0.142463 2.27645 2.25888 -0.197704
-0.82414 -0.853149 0.133741 2.27644 2.25897 -0.197704
-0.82384 -0.852917 0.142463 2.27643 2.25914 -0.197704
-0.82353 -0.852597 0.157 2.27642 2.25923 -0.215148
-0.82322 -0.852306 0.165722 2.27641 2.25932 -0.229685
-0.82292 -0.852044 0.174444 2.2764 2.25943 -0.220963
-0.82261 -0.851754 0.157 2.27639 2.25961 -0.24713
-0.82231 -0.85155 0.133741 2.27638 2.25978 -0.220963
-0.822 -0.851288 0.151185 2.27637 2.25996 -0.229685
-0.8217 -0.850998 0.188981 2.27636 2.26007 -0.270389
-0.82139 -0.850707 0.183167 2.27635 2.26022 -0.279111
-0.82109 -0.850358 0.206426 2.27634 2.26033 -0.261667
-0.82078 -0.850067 0.151185 2.27633 2.26051 -0.284926
-0.82047 -0.849777 0.183167 2.27632 2.26065 -0.284926
-0.82017 -0.849515 0.157 2.27631 2.26086 -0.279111
-0.81986 -0.849224 0.197704 2.2763 2.26106 -0.261667
-0.81956 -0.848875 0.188981 2.27629 2.26118 -0.279111
-0.81925 -0.848556 0.197704 2.27628 2.26129 -0.270389
-0.81895 -0.848236 0.197704 2.27627 2.26144 -0.279111
-0.81864 -0.847829 0.197704 2.27626 2.26156 -0.261667
-0.81833 -0.847422 0.197704 2.27625 2.26164 -0.252944
-0.81803 -0.847073 0.206426 2.27625 2.26176 -0.252944
-0.81773 -0.846724 0.197704 2.27625 2.26185 -0.252944
-0.81742 -0.846375 0.197704 2.27625 2.26188 -0.220963
-0.81712 -0.846026 0.215148 2.27625 2.2619 -0.206426
-0.81681 -0.845677 0.215148 2.27625 2.2619 -0.188981
-0.81651 -0.845328 0.206426 2.27624 2.26188 -0.183167
-0.8162 -0.844979 0.215148 2.27624 2.26182 -0.206426
-0.8159 -0.84466 0.206426 2.27624 2.26179 -0.174444
-0.81559 -0.844369 0.174444 2.27624 2.26176 -0.151185
-0.81529 -0.84402 0.215148 2.27624 2.26167 -0.157
-0.81498 -0.8437 0.188981 2.27624 2.26161 -0.151185
-0.81468 -0.84338 0.197704 2.27623 2.26153 -0.151185
-0.81437 -0.843031 0.183167 2.27623 2.26144 -0.133741
-0.81407 -0.842683 0.197704 2.27623 2.26138 -0.142463
-0.81376 -0.842276 0.183167 2.27623 2.26121 -0.133741
-0.81346 -0.841985 0.197704 2.27623 2.26118 -0.133741
-0.81315 -0.841607 0.174444 2.27622 2.26103 -0.119204
-0.81285 -0.8412 0.197704 2.27622 2.26086 -0.119204
-0.81254 -0.840909 0.165722 2.27622 2.26077 -0.110481
-0.81224 -0.840618 0.165722 2.27622 2.26068 -0.125019
-0.81193 -0.840328 0.165722 2.27621 2.2606 -0.119204
-0.81163 -0.840037 0.188981 2.27621 2.26051 -0.119204
-0.81132 -0.839717 0.188981 2.27621 2.26042 -0.119204
-0.81102 -0.839455 0.174444 2.2762 2.26036 -0.119204
-0.81071 -0.839194 0.157 2.2762 2.26031 -0.125019
-0.81041 -0.838932 0.157 2.2762 2.26025 -0.125019
-0.8101 -0.838699 0.142463 2.2762 2.26022 -0.119204
-0.8098 -0.838409 0.142463 2.27619 2.26016 -0.125019
-0.80949 -0.838147 0.151185 2.27619 2.26013 -0.142463
-0.80919 -0.837885 0.151185 2.27619 2.26004 -0.125019
-0.80888 -0.837624 0.133741 2.27618 2.26001 -0.119204
-0.80858 -0.837391 0.142463 2.27618 2.25999 -0.133741
-0.80827 -0.837129 0.142463 2.27617 2.25993 -0.119204
-0.80797 -0.836897 0.142463 2.27617 2.25987 -0.119204
-0.80766 -0.836635 0.157 2.27617 2.25981 -0.093037
-0.80736 -0.836373 0.125019 2.27616 2.25978 -0.101759
-0.80705 -0.83617 0.151185 2.27616 2.25975 -0.101759
-0.80675 -0.835937 0.151185 2.27615 2.25969 -0.0872222
-0.80644 -0.835676 0.133741 2.27615 2.25964 -0.110481
-0.80614 -0.835385 0.151185 2.27615 2.25955 -0.110481
-0.80583 -0.835094 0.142463 2.27614 2.25946 -0.0872222
-0.80552 -0.834833 0.133741 2.27614 2.25937 -0.110481
-0.80522 -0.834513 0.157 2.27613 2.25923 -0.101759
-0.80491 -0.834251 0.142463 2.27613 2.25917 -0.101759
-0.80461 -0.833989 0.125019 2.27612 2.25908 -0.093037
-0.8043 -0.833728 0.119204 2.27612 2.259 -0.0785
-0.804 -0.833437 0.151185 2.27611 2.25888 -0.0785
-0.80369 -0.833175 0.157 2.27611 2.25876 -0.0610556
-0.80339 -0.832914 0.151185 2.2761 2.25871 -0.0872222
-0.80308 -0.83271 0.110481 2.2761 2.25871 -0.093037
-0.80277 -0.832419 0.133741 2.27609 2.25859 -0.101759
-0.80247 -0.832216 0.110481 2.27609 2.25862 -0.0785
-0.80216 -0.831925 0.133741 2.27608 2.2585 -0.110481
-0.80186 -0.831634 0.133741 2.27607 2.25844 -0.119204
-0.80155 -0.831373 0.125019 2.27607 2.25842 -0.110481
-0.80125 -0.831082 0.119204 2.27606 2.25836 -0.110481
-0.80094 -0.830878 0.125019 2.27606 2.25836 -0.125019
-0.80064 -0.830617 0.119204 2.27605 2.25833 -0.125019
-0.80033 -0.830384 0.133741 2.27605 2.25836 -0.133741
-0.80002 -0.830093 0.125019 2.27604 2.25836 -0.119204
-0.79972 -0.829832 0.133741 2.27603 2.25836 -0.125019
-0.79941 -0.829541 0.119204 2.27603 2.25836 -0.142463
-0.79911 -0.82925 0.125019 2.27602 2.25836 -0.142463
-0.7988 -0.828989 0.119204 2.27601 2.25839 -0.165722
-0.79849 -0.828698 0.133741 2.27601 2.25844 -0.165722
-0.79819 -0.828407 0.151185 2.276 2.25847 -0.151185
-0.79788 -0.828116 0.142463 2.27599 2.25853 -0.188981
-0.79758 -0.827826 0.142463 2.27599 2.25862 -0.197704
-0.79727 -0.827564 0.125019 2.27598 2.25879 -0.188981
-0.79697 -0.827244 0.133741 2.27597 2.25891 -0.197704
-0.79666 -0.826924 0.151185 2.27597 2.25903 -0.220963
-0.79635 -0.826546 0.188981 2.27596 2.25908 -0.229685
-0.79605 -0.826256 0.165722 2.27595 2.25926 -0.220963
-0.79574 -0.825965 0.142463 2.27594 2.25946 -0.238407
-0.79544 -0.825703 0.119204 2.27594 2.25969 -0.252944
-0.79513 -0.825413 0.151185 2.27593 2.25996 -0.293648
-0.79482 -0.825035 0.174444 2.27592 2.26016 -0.284926
-0.79452 -0.824598 0.215148 2.27591 2.26033 -0.279111
-0.79421 -0.824191 0.197704 2.27591 2.26048 -0.30237
-0.79391 -0.82393 0.174444 2.27592 2.26077 -0.311093
-0.7936 -0.823639 0.151185 2.27592 2.26115 -0.334352
-0.7933 -0.82329 0.188981 2.27593 2.26153 -0.343074
-0.79299 -0.822854 0.183167 2.27593 2.26176 -0.334352
-0.79269 -0.822418 0.229685 2.27594 2.26199 -0.316907
-0.79238 -0.821982 0.229685 2.27594 2.26211 -0.316907
-0.79208 -0.821604 0.220963 2.27595 2.26231 -0.311093
-0.79177 -0.821226 0.197704 2.27595 2.26243 -0.284926
-0.79147 -0.820906 0.183167 2.27596 2.2626 -0.279111
-0.79116 -0.820557 0.183167 2.27596 2.26269 -0.24713
-0.79086 -0.820092 0.24713 2.27597 2.26266 -0.220963
-0.79055 -0.819627 0.252944 2.27597 2.26257 -0.206426
-0.79025 -0.819191 0.229685 2.27598 2.26243 -0.165722
-0.78994 -0.818842 0.215148 2.27598 2.26234 -0.151185
-0.78964 -0.818522 0.188981 2.27598 2.26225 -0.142463
-0.78933 -0.818202 0.197704 2.27599 2.26214 -0.119204
-0.78903 -0.817853 0.215148 2.27599 2.26196 -0.119204
-0.78872 -0.817504 0.215148 2.27599 2.26179 -0.101759
-0.78841 -0.817126 0.229685 2.276 2.26156 -0.093037
-0.78811 -0.816748 0.220963 2.276 2.26129 -0.0697778
-0.7878 -0.816429 0.183167 2.276 2.26112 -0.0785
-0.7875 -0.816138 0.165722 2.27601 2.26095 -0.0697778
-0.78719 -0.815847 0.142463 2.27601 2.26077 -0.0697778
-0.78689 -0.815527 0.183167 2.27601 2.26057 -0.0697778
-0.78658 -0.815178 0.183167 2.27602 2.26033 -0.0552407
-0.78628 -0.814859 0.197704 2.27602 2.2601 -0.0290741
-0.78597 -0.814568 0.183167 2.27602 2.2599 -0.0697778
-0.78567 -0.814306 0.157 2.27603 2.25972 -0.0610556
-0.78536 -0.814074 0.142463 2.27603 2.25958 -0.0377963
-0.78505 -0.813841 0.133741 2.27603 2.2594 -0.0465185
-0.78475 -0.813608 0.142463 2.27603 2.25926 -0.014537
-0.78444 -0.813347 0.151185 2.27604 2.25908 -0.0610556
-0.78414 -0.813056 0.174444 2.27604 2.25885 -0.0377963
-0.78383 -0.812765 0.165722 2.27604 2.25862 -0.0465185
-0.78353 -0.812504 0.174444 2.27604 2.25844 0
-0.78322 -0.8123 0.151185 2.27604 2.2583 -0.00581481
-0.78291 -0.812097 0.119204 2.27605 2.25818 -0.0610556
-0.78261 -0.811893 0.110481 2.27605 2.25804 -0.0610556
-0.7823 -0.811661 0.133741 2.27605 2.25789 -0.0465185
-0.782 -0.811399 0.151185 2.27605 2.25769 -0.0465185
-0.78169 -0.811137 0.188981 2.27605 2.25751 -0.0290741
-0.78139 -0.810846 0.174444 2.27606 2.25734 -0.0697778
-0.78108 -0.810643 0.133741 2.27606 2.25722 -0.0697778
-0.78077 -0.810468 0.101759 2.27606 2.25717 -0.0465185
-0.78047 -0.810294 0.101759 2.27606 2.25711 -0.0785
-0.78016 -0.810091 0.125019 2.27606 2.25702 -0.0785
-0.77986 -0.809829 0.174444 2.27606 2.2569 -0.0785
-0.77955 -0.809538 0.174444 2.27606 2.25676 -0.0785
-0.77924 -0.809276 0.157 2.27606 2.25667 -0.0872222
-0.77894 -0.809102 0.101759 2.27606 2.25664 -0.0872222
-0.77863 -0.808957 0.0610556 2.27606 2.25667 -0.093037
-0.77832 -0.808724 0.125019 2.27607 2.25661 -0.119204
-0.77802 -0.808462 0.165722 2.27607 2.25655 -0.110481
-0.77771 -0.808143 0.174444 2.27607 2.25641 -0.110481
-0.77741 -0.80791 0.165722 2.27607 2.25638 -0.125019
-0.7771 -0.807706 0.093037 2.27607 2.25641 -0.119204
-0.77679 -0.807561 0.093037 2.27607 2.25647 -0.125019
-0.77649 -0.807387 0.110481 2.27607 2.25655 -0.125019
-0.77618 -0.807154 0.151185 2.27607 2.25655 -0.142463
-0.77587 -0.806863 0.165722 2.27607 2.2565 -0.151185
-0.77557 -0.806631 0.157 2.27607 2.25653 -0.142463
-0.77526 -0.806427 0.119204 2.27607 2.25658 -0.165722
-0.77496 -0.806253 0.093037 2.27607 2.2567 -0.165722
-0.77465 -0.80602 0.133741 2.27606 2.25679 -0.183167
-0.77434 -0.805817 0.133741 2.27606 2.25687 -0.183167
-0.77404 -0.805555 0.157 2.27606 2.2569 -0.188981
-0.77373 -0.805322 0.125019 2.27606 2.25699 -0.197704
-0.77342 -0.805148 0.125019 2.27606 2.25714 -0.188981
-0.77312 -0.804886 0.142463 2.27606 2.25719 -0.206426
-0.77281 -0.804596 0.174444 2.27606 2.25725 -0.183167
-0.7725 -0.804363 0.151185 2.27606 2.25731 -0.188981
-0.7722 -0.804159 0.133741 2.27606 2.25743 -0.197704
-0.77189 -0.803985 0.119204 2.27606 2.25754 -0.165722
-0.77158 -0.803781 0.119204 2.27605 2.25763 -0.165722
-0.77128 -0.803549 0.165722 2.27605 2.25769 -0.188981
-0.77097 -0.803229 0.188981 2.27605 2.25766 -0.188981
-0.77066 -0.802938 0.188981 2.27605 2.25769 -0.188981
-0.77036 -0.802706 0.142463 2.27605 2.25775 -0.197704
-0.77005 -0.802531 0.093037 2.27605 2.25789 -0.188981
-0.76974 -0.802357 0.110481 2.27604 2.25807 -0.206426
-0.76944 -0.802066 0.142463 2.27604 2.25815 -0.197704
-0.76913 -0.801746 0.206426 2.27604 2.25818 -0.220963
-0.76882 -0.801368 0.215148 2.27604 2.25818 -0.220963
-0.76852 -0.801107 0.174444 2.27604 2.2583 -0.24713
-0.76821 -0.800932 0.110481 2.27603 2.25853 -0.220963
-0.7679 -0.800758 0.093037 2.27603 2.25876 -0.284926
-0.7676 -0.800525 0.142463 2.27606 2.25897 -0.261667
-0.76729 -0.800176 0.206426 2.27609 2.25906 -0.270389
-0.76699 -0.799798 0.229685 2.27612 2.25914 -0.270389
-0.76668 -0.799449 0.220963 2.27616 2.25926 -0.293648
-0.76638 -0.799217 0.142463 2.27619 2.25952 -0.284926
-0.76608 -0.799013 0.142463 2.27623 2.25978 -0.30237
-0.76577 -0.798752 0.142463 2.27626 2.26004 -0.311093
-0.76547 -0.798403 0.197704 2.2763 2.26022 -0.32563
-0.76516 -0.798025 0.252944 2.27633 2.26036 -0.316907
-0.76486 -0.797676 0.238407 2.27636 2.26054 -0.316907
-0.76455 -0.797298 0.197704 2.2764 2.26071 -0.311093
-0.76425 -0.797007 0.183167 2.27643 2.26097 -0.334352
-0.76394 -0.796687 0.183167 2.27647 2.26118 -0.334352
-0.76364 -0.796309 0.206426 2.2765 2.26135 -0.334352
-0.76333 -0.795961 0.238407 2.27653 2.26153 -0.316907
-0.76303 -0.795553 0.24713 2.27657 2.26167 -0.334352
-0.76272 -0.795176 0.215148 2.2766 2.26185 -0.334352
-0.76242 -0.794827 0.206426 2.27663 2.26202 -0.334352
-0.76211 -0.79442 0.229685 2.27667 2.2622 -0.348889
-0.76181 -0.794013 0.252944 2.2767 2.26234 -0.334352
-0.7615 -0.793635 0.238407 2.27673 2.26252 -0.334352
-0.7612 -0.793257 0.215148 2.27677 2.26269 -0.343074
-0.76089 -0.792937 0.197704 2.2768 2.26286 -0.32563
-0.76058 -0.792559 0.220963 2.27683 2.26304 -0.32563
-0.76028 -0.792123 0.252944 2.27686 2.26313 -0.316907
-0.75997 -0.791628 0.284926 2.2769 2.26313 -0.311093
-0.75967 -0.791221 0.279111 2.27693 2.26318 -0.30237
-0.75936 -0.790814 0.24713 2.27696 2.26321 -0.279111
-0.75906 -0.790495 0.197704 2.27699 2.26333 -0.270389
-0.75875 -0.790175 0.188981 2.27702 2.26342 -0.252944
-0.75844 -0.789797 0.238407 2.27706 2.26342 -0.24713
-0.75814 -0.789332 0.279111 2.27709 2.2633 -0.188981
-0.75783 -0.788896 0.261667 2.27712 2.26315 -0.183167
-0.75753 -0.788518 0.238407 2.27715 2.26307 -0.188981
-0.75722 -0.788198 0.183167 2.27718 2.26301 -0.157
-0.75692 -0.787907 0.197704 2.27722 2.26295 -0.125019
-0.75661 -0.787587 0.206426 2.27725 2.26283 -0.125019
-0.7563 -0.787238 0.220963 2.27728 2.26266 -0.110481
-0.756 -0.78686 0.238407 2.27731 2.26246 -0.110481
-0.75569 -0.78657 0.188981 2.27734 2.26234 -0.0872222
-0.75538 -0.786279 0.174444 2.27737 2.2622 -0.093037
-0.75508 -0.786046 0.142463 2.2774 2.26208 -0.0610556
-0.75477 -0.785756 0.174444 2.27743 2.2619 -0.093037
-0.75447 -0.785465 0.151185 2.27746 2.26173 -0.0785
-0.75416 -0.785203 0.174444 2.27749 2.26158 -0.0785
-0.75385 -0.784971 0.142463 2.27753 2.26144 -0.0785
-0.75355 -0.784767 0.125019 2.27756 2.26132 -0.0785
-0.75324 -0.784505 0.142463 2.27759 2.26115 -0.0610556
-0.75293 -0.784244 0.142463 2.27762 2.26097 -0.0785
-0.75263 -0.783982 0.142463 2.27765 2.26083 -0.014537
-0.75232 -0.783808 0.125019 2.27768 2.26071 -0.0697778
-0.75201 -0.783633 0.110481 2.27771 2.26063 -0.0232593
-0.75171 -0.783459 0.101759 2.27774 2.26051 -0.0465185
-0.7514 -0.783255 0.119204 2.27777 2.26039 -0.0697778
-0.75109 -0.783023 0.142463 2.2778 2.26025 -0.0290741
-0.75079 -0.78279 0.142463 2.27783 2.26007 -0.0697778
-0.75048 -0.782557 0.125019 2.27786 2.25993 -0.014537
-0.75017 -0.782412 0.110481 2.27788 2.25993 -0.0785
-0.74987 -0.782267 0.0785 2.27791 2.25987 -0.0465185
-0.74956 -0.782063 0.125019 2.27794 2.25978 -0.0872222
-0.74925 -0.78186 0.110481 2.27797 2.25975 -0.0785
-0.74894 -0.781598 0.151185 2.278 2.25967 -0.0872222
-0.74864 -0.781394 0.125019 2.27803 2.25961 -0.0785
-0.74833 -0.78122 0.0872222 2.27806 2.25967 -0.125019
-0.74802 -0.781046 0.110481 2.27809 2.25969 -0.125019
-0.74772 -0.780842 0.125019 2.27812 2.25972 -0.142463
-0.74741 -0.78058 0.142463 2.27815 2.25972 -0.165722
-0.7471 -0.780348 0.151185 2.27817 2.25978 -0.174444
-0.74679 -0.780144 0.119204 2.2782 2.25987 -0.183167
-0.74649 -0.779999 0.110481 2.27823 2.26001 -0.197704
-0.74618 -0.779795 0.110481 2.27826 2.26016 -0.183167
-0.74587 -0.779592 0.151185 2.27829 2.26028 -0.188981
-0.74556 -0.77933 0.157 2.27831 2.26036 -0.220963
-0.74525 -0.779068 0.157 2.27834 2.26045 -0.215148
-0.74495 -0.778865 0.101759 2.27837 2.2606 -0.215148
-0.74464 -0.778661 0.110481 2.2784 2.26077 -0.215148
-0.74433 -0.778458 0.133741 2.27843 2.26095 -0.220963
-0.74402 -0.778167 0.157 2.27845 2.261 -0.220963
-0.74372 -0.777847 0.183167 2.27848 2.26103 -0.215148
-0.74341 -0.777615 0.174444 2.27851 2.26118 -0.238407
-0.7431 -0.777411 0.119204 2.27854 2.26135 -0.220963
-0.74279 -0.777208 0.101759 2.27856 2.26153 -0.229685
-0.74248 -0.776975 0.151185 2.27859 2.26164 -0.24713
-0.74218 -0.776655 0.197704 2.27861 2.26173 -0.252944
-0.74187 -0.776336 0.206426 2.27864 2.26182 -0.238407
-0.74156 -0.776016 0.183167 2.27866 2.2619 -0.238407
-0.74125 -0.775783 0.125019 2.27869 2.26211 -0.270389
-0.74094 -0.775521 0.151185 2.27871 2.26234 -0.270389
-0.74063 -0.775231 0.188981 2.27874 2.26252 -0.270389
-0.74033 -0.774853 0.229685 2.27876 2.2626 -0.284926
-0.74002 -0.774533 0.197704 2.27879 2.26275 -0.279111
-0.73971 -0.774213 0.188981 2.27881 2.26292 -0.30237
-0.7394 -0.773951 0.151185 2.27884 2.26318 -0.293648
-0.73909 -0.773632 0.197704 2.27886 2.26333 -0.30237
-0.73878 -0.773283 0.206426 2.27889 2.26347 -0.293648
-0.73848 -0.772934 0.206426 2.27891 2.26362 -0.316907
-0.73817 -0.772585 0.215148 2.27893 2.26377 -0.293648
-0.73786 -0.772265 0.188981 2.27896 2.26394 -0.293648
-0.73755 -0.771945 0.183167 2.27898 2.26409 -0.30237
-0.73724 -0.771596 0.220963 2.27901 2.2642 -0.270389
-0.73693 -0.771189 0.252944 2.27903 2.26426 -0.270389
-0.73662 -0.770811 0.24713 2.27905 2.26432 -0.261667
-0.73631 -0.770492 0.188981 2.27908 2.2644 -0.252944
-0.736 -0.770172 0.188981 2.2791 2.26449 -0.24713
-0.7357 -0.769794 0.197704 2.27912 2.26449 -0.238407
-0.73539 -0.769358 0.252944 2.27915 2.26443 -0.215148
-0.73508 -0.768922 0.284926 2.27917 2.26435 -0.215148
-0.73477 -0.768486 0.252944 2.27919 2.2642 -0.183167
-0.73446 -0.768166 0.206426 2.27922 2.2642 -0.183167
-0.73415 -0.767846 0.197704 2.27924 2.26414 -0.183167
-0.73384 -0.767497 0.183167 2.27926 2.26409 -0.174444
-0.73353 -0.767119 0.229685 2.27929 2.26394 -0.142463
-0.73322 -0.766683 0.252944 2.27931 2.26374 -0.157
-0.73291 -0.766276 0.252944 2.27933 2.26356 -0.151185
-0.7326 -0.765898 0.229685 2.27935 2.26339 -0.119204
-0.73229 -0.765549 0.215148 2.27938 2.26324 -0.119204
-0.73199 -0.765229 0.206426 2.2794 2.2631 -0.110481
-0.73168 -0.764851 0.206426 2.27942 2.26289 -0.101759
-0.73137 -0.764473 0.238407 2.27944 2.26269 -0.093037
-0.73106 -0.764124 0.220963 2.27946 2.26249 -0.093037
-0.73075 -0.763776 0.215148 2.27949 2.26228 -0.0872222
-0.73044 -0.763427 0.188981 2.27951 2.26208 -0.0785
-0.73013 -0.763078 0.215148 2.27953 2.26188 -0.0872222
-0.72982 -0.762729 0.229685 2.27955 2.26167 -0.0785
-0.72951 -0.76238 0.220963 2.27957 2.26144 -0.093037
-0.7292 -0.762089 0.174444 2.27959 2.26129 -0.0872222
-0.72889 -0.761798 0.174444 2.27962 2.26115 -0.0785
-0.72858 -0.761537 0.165722 2.27964 2.26103 -0.0872222
-0.72827 -0.761188 0.238407 2.27966 2.26086 -0.0872222
-0.72796 -0.76081 0.220963 2.27968 2.26063 -0.0785
-0.72765 -0.76049 0.206426 2.2797 2.26045 -0.093037
-0.72734 -0.760228 0.165722 2.27972 2.26036 -0.110481
-0.72703 -0.759996 0.151185 2.27974 2.26031 -0.0872222
-0.72672 -0.759734 0.174444 2.27976 2.26019 -0.101759
-0.72641 -0.759414 0.197704 2.27978 2.26004 -0.110481
-0.7261 -0.759066 0.215148 2.2798 2.2599 -0.125019
-0.72579 -0.758746 0.188981 2.27982 2.25975 -0.119204
-0.72548 -0.758513 0.151185 2.27984 2.25972 -0.110481
-0.72517 -0.758281 0.133741 2.27986 2.25969 -0.133741
-0.72486 -0.758048 0.133741 2.27988 2.25967 -0.119204
-0.72455 -0.757757 0.183167 2.2799 2.25961 -0.119204
-0.72424 -0.757408 0.206426 2.27992 2.25949 -0.125019
-0.72393 -0.757118 0.174444 2.27994 2.25943 -0.142463
-0.72362 -0.756885 0.151185 2.27996 2.25943 -0.142463
-0.72331 -0.756652 0.119204 2.27998 2.25943 -0.142463
-0.72299 -0.75642 0.157 2.28 2.25946 -0.165722
-0.72268 -0.756129 0.174444 2.28002 2.25943 -0.151185
-0.72237 -0.755838 0.197704 2.28004 2.2594 -0.165722
-0.72206 -0.755606 0.151185 2.28006 2.25946 -0.151185
-0.72175 -0.755373 0.133741 2.28008 2.25949 -0.165722
-0.72144 -0.75517 0.125019 2.2801 2.25958 -0.174444
-0.72113 -0.754879 0.183167 2.28012 2.25958 -0.165722
-0.72082 -0.754588 0.183167 2.28014 2.25961 -0.188981
-0.72051 -0.754326 0.174444 2.28015 2.25967 -0.183167
-0.7202 -0.754123 0.125019 2.28017 2.25978 -0.206426
-0.71989 -0.753948 0.093037 2.28019 2.25996 -0.215148
-0.71958 -0.753716 0.119204 2.28021 2.26007 -0.220963
-0.71927 -0.753396 0.197704 2.28023 2.26016 -0.24713
-0.71895 -0.753047 0.215148 2.28025 2.26022 -0.252944
-0.71864 -0.752786 0.183167 2.28027 2.26039 -0.252944
-0.71833 -0.752611 0.110481 2.28028 2.26068 -0.279111
-0.71802 -0.752466 0.0872222 2.2803 2.26103 -0.30237
-0.71771 -0.752262 0.125019 2.28032 2.26138 -0.334352
-0.7174 -0.751942 0.197704 2.28034 2.26158 -0.343074
-0.71709 -0.751593 0.229685 2.28036 2.26182 -0.348889
-0.71678 -0.751274 0.197704 2.2804 2.26205 -0.343074
-0.71647 -0.75107 0.142463 2.28044 2.26243 -0.348889
-0.71615 -0.750896 0.093037 2.28047 2.26283 -0.334352
-0.71584 -0.750634 0.125019 2.28051 2.26313 -0.348889
-0.71553 -0.750314 0.197704 2.28055 2.26339 -0.343074
-0.71522 -0.749907 0.229685 2.28059 2.26353 -0.343074
-0.71491 -0.749529 0.238407 2.28063 2.26368 -0.334352
-0.7146 -0.749268 0.174444 2.28066 2.26397 -0.316907
-0.71429 -0.749006 0.165722 2.2807 2.2642 -0.316907
-0.71397 -0.748715 0.183167 2.28074 2.26443 -0.293648
-0.71366 -0.748395 0.197704 2.28078 2.26461 -0.293648
-0.71335 -0.747988 0.229685 2.28082 2.2647 -0.311093
-0.71304 -0.747639 0.229685 2.28085 2.26481 -0.30237
-0.71273 -0.747291 0.220963 2.28089 2.26496 -0.284926
-0.71242 -0.746942 0.206426 2.28093 2.2651 -0.30237
-0.7121 -0.746564 0.220963 2.28097 2.26522 -0.311093
-0.71179 -0.746157 0.229685 2.281 2.26531 -0.311093
-0.71148 -0.745779 0.220963 2.28104 2.26545 -0.316907
-0.71117 -0.74543 0.215148 2.28108 2.2656 -0.311093
-0.71086 -0.745139 0.174444 2.28111 2.2658 -0.311093
-0.71054 -0.744732 0.215148 2.28115 2.26592 -0.284926
-0.71023 -0.744325 0.252944 2.28119 2.266 -0.30237
-0.70992 -0.74386 0.293648 2.28122 2.266 -0.293648
-0.70961 -0.743453 0.252944 2.28126 2.26606 -0.293648
-0.7093 -0.743133 0.215148 2.2813 2.26618 -0.279111
-0.70898 -0.742842 0.183167 2.28133 2.26629 -0.252944
-0.70867 -0.742522 0.188981 2.28137 2.26638 -0.252944
-0.70836 -0.742115 0.238407 2.2814 2.26635 -0.252944
-0.70805 -0.74165 0.270389 2.28144 2.26627 -0.220963
-0.70773 -0.741185 0.284926 2.28148 2.26615 -0.215148
-0.70742 -0.740778 0.238407 2.28151 2.26606 -0.188981
-0.70711 -0.740429 0.206426 2.28155 2.26603 -0.197704
-0.70679 -0.740138 0.188981 2.28158 2.26603 -0.183167
-0.70648 -0.73976 0.220963 2.28162 2.26595 -0.183167
-0.70617 -0.739382 0.229685 2.28165 2.26583 -0.151185
-0.70586 -0.738975 0.252944 2.28169 2.26568 -0.151185
-0.70554 -0.738568 0.24713 2.28172 2.26551 -0.142463
-0.70523 -0.738219 0.215148 2.28176 2.26539 -0.157
-0.70492 -0.737871 0.197704 2.28179 2.26525 -0.119204
-0.7046 -0.737551 0.206426 2.28183 2.26513 -0.157
-0.70429 -0.737202 0.220963 2.28186 2.26499 -0.110481
-0.70398 -0.736824 0.215148 2.2819 2.26481 -0.119204
-0.70367 -0.736504 0.206426 2.28193 2.2647 -0.093037
-0.70335 -0.736184 0.197704 2.28197 2.26458 -0.119204
-0.70304 -0.735864 0.183167 2.282 2.26443 -0.119204
-0.70273 -0.735545 0.206426 2.28203 2.26435 -0.119204
-0.70241 -0.735196 0.220963 2.28207 2.2642 -0.125019
-0.7021 -0.734905 0.183167 2.2821 2.26411 -0.125019
-0.70178 -0.734643 0.157 2.28214 2.26408 -0.142463
-0.70147 -0.734411 0.142463 2.28217 2.26409 -0.133741
-0.70116 -0.73412 0.174444 2.2822 2.26403 -0.133741
-0.70084 -0.7338 0.197704 2.28224 2.26394 -0.151185
-0.70053 -0.733451 0.215148 2.28227 2.26382 -0.142463
-0.70022 -0.73319 0.183167 2.2823 2.26382 -0.142463
-0.6999 -0.732986 0.119204 2.28234 2.26385 -0.133741
-0.69959 -0.732812 0.093037 2.28237 2.26391 -0.151185
-0.69928 -0.732608 0.125019 2.2824 2.26394 -0.142463
-0.69896 -0.732317 0.165722 2.28244 2.26391 -0.151185
-0.69865 -0.731968 0.206426 2.28247 2.26379 -0.142463
-0.69833 -0.731678 0.183167 2.2825 2.26374 -0.157
-0.69802 -0.731474 0.133741 2.28254 2.26377 -0.125019
-0.69771 -0.7313 0.101759 2.28257 2.26382 -0.142463
-0.69739 -0.731154 0.093037 2.2826 2.26391 -0.125019
-0.69708 -0.730893 0.142463 2.28263 2.26385 -0.133741
-0.69676 -0.730602 0.174444 2.28267 2.26379 -0.133741
-0.69645 -0.73034 0.165722 2.2827 2.26377 -0.157
-0.69613 -0.730108 0.142463 2.28273 2.26377 -0.125019
-0.69582 -0.729933 0.110481 2.28276 2.26382 -0.142463
-0.69551 -0.729701 0.125019 2.28279 2.26388 -0.133741
-0.69519 -0.729439 0.151185 2.28283 2.26388 -0.151185
-0.69488 -0.729206 0.151185 2.28286 2.26391 -0.157
-0.69456 -0.728945 0.151185 2.28289 2.26394 -0.157
-0.69425 -0.728741 0.119204 2.28292 2.26406 -0.174444
-0.69393 -0.728509 0.125019 2.28295 2.26414 -0.157
-0.69362 -0.728247 0.151185 2.28298 2.2642 -0.183167
-0.6933 -0.727985 0.165722 2.28301 2.26432 -0.197704
-0.69299 -0.727724 0.133741 2.28305 2.26449 -0.229685
-0.69267 -0.727549 0.110481 2.28306 2.26472 -0.252944
-0.69236 -0.727346 0.119204 2.28306 2.26496 -0.279111
-0.69205 -0.727084 0.174444 2.28307 2.26519 -0.284926
-0.69173 -0.726764 0.183167 2.28307 2.26542 -0.316907
-0.69142 -0.726473 0.174444 2.28307 2.26568 -0.30237
-0.6911 -0.72627 0.119204 2.28308 2.26603 -0.32563
-0.69079 -0.726096 0.110481 2.28308 2.26641 -0.334352
-0.69047 -0.725834 0.142463 2.28308 2.2667 -0.343074
-0.69016 -0.725514 0.206426 2.28308 2.26693 -0.343074
-0.68984 -0.725136 0.229685 2.28309 2.26711 -0.32563
-0.68953 -0.724816 0.188981 2.28309 2.26734 -0.343074
-0.68922 -0.724584 0.142463 2.28309 2.26763 -0.293648
-0.6889 -0.72438 0.125019 2.28309 2.26795 -0.311093
-0.68859 -0.724089 0.174444 2.2831 2.26816 -0.30237
-0.68827 -0.723741 0.215148 2.2831 2.26827 -0.284926
-0.68796 -0.723363 0.252944 2.2831 2.26836 -0.252944
-0.68764 -0.722985 0.220963 2.2831 2.26839 -0.279111
-0.68733 -0.722723 0.174444 2.28311 2.26853 -0.238407
-0.68701 -0.722461 0.151185 2.28311 2.26865 -0.220963
-0.6867 -0.722141 0.183167 2.28311 2.26871 -0.229685
-0.68638 -0.721734 0.220963 2.28311 2.26865 -0.206426
-0.68607 -0.721327 0.238407 2.28311 2.26856 -0.197704
-0.68575 -0.720978 0.229685 2.28311 2.2685 -0.157
-0.68544 -0.720659 0.174444 2.28311 2.26845 -0.188981
-0.68512 -0.720368 0.174444 2.28312 2.26842 -0.142463
-0.68481 -0.720048 0.188981 2.28312 2.26833 -0.165722
-0.68449 -0.71967 0.238407 2.28312 2.26816 -0.133741
-0.68418 -0.719321 0.220963 2.28312 2.26804 -0.125019
-0.68386 -0.719001 0.197704 2.28312 2.26792 -0.110481
-0.68355 -0.718711 0.174444 2.28312 2.26781 -0.119204
-0.68323 -0.718391 0.197704 2.28312 2.26766 -0.101759
-0.68292 -0.718042 0.206426 2.28312 2.26749 -0.110481
-0.6826 -0.717664 0.220963 2.28312 2.26725 -0.093037
-0.68229 -0.717344 0.197704 2.28312 2.26708 -0.0872222
-0.68197 -0.717024 0.183167 2.28312 2.26693 -0.093037
-0.68166 -0.716763 0.165722 2.28312 2.26679 -0.0872222
-0.68134 -0.716443 0.188981 2.28312 2.26661 -0.0785
-0.68103 -0.716094 0.215148 2.28312 2.26638 -0.0610556
-0.68071 -0.715687 0.220963 2.28312 2.26609 -0.0697778
-0.6804 -0.715396 0.206426 2.28312 2.26592 -0.0610556
-0.68008 -0.715135 0.157 2.28312 2.2658 -0.0785
-0.67977 -0.714844 0.133741 2.28312 2.26563 -0.0785
-0.67945 -0.714524 0.183167 2.28312 2.26542 -0.0610556
-0.67914 -0.714117 0.215148 2.28312 2.26516 -0.0785
-0.67882 -0.713768 0.215148 2.28312 2.26493 -0.0552407
-0.67851 -0.713448 0.188981 2.28312 2.26472 -0.0697778
-0.67819 -0.713216 0.142463 2.28312 2.26461 -0.0872222
-0.67788 -0.712954 0.151185 2.28312 2.26449 -0.0872222
-0.67756 -0.712692 0.183167 2.28312 2.26438 -0.0872222
-0.67724 -0.712373 0.206426 2.28312 2.2642 -0.093037
-0.67693 -0.712053 0.197704 2.28312 2.26403 -0.0872222
-0.67661 -0.711733 0.174444 2.28311 2.26388 -0.093037
-0.6763 -0.711471 0.142463 2.28311 2.26379 -0.110481
-0.67598 -0.711181 0.165722 2.28311 2.26371 -0.110481
-0.67567 -0.710861 0.197704 2.28311 2.26359 -0.119204
-0.67535 -0.710512 0.229685 2.28311 2.26345 -0.125019
-0.67504 -0.710221 0.197704 2.28311 2.26336 -0.142463
-0.67472 -0.709988 0.165722 2.2831 2.26336 -0.133741
-0.6744 -0.709756 0.110481 2.2831 2.26336 -0.157
-0.67409 -0.709494 0.157 2.2831 2.26333 -0.151185
-0.67377 -0.709116 0.197704 2.2831 2.26324 -0.157
-0.67346 -0.708767 0.220963 2.2831 2.26313 -0.142463
-0.67314 -0.708418 0.206426 2.28309 2.26307 -0.157
-0.67283 -0.708157 0.157 2.28309 2.2631 -0.183167
-0.67251 -0.707895 0.142463 2.28309 2.26313 -0.165722
-0.67219 -0.707633 0.174444 2.28309 2.26318 -0.183167
-0.67188 -0.707285 0.220963 2.28308 2.26313 -0.183167
-0.67156 -0.706936 0.215148 2.28308 2.26313 -0.188981
-0.67125 -0.706674 0.142463 2.28308 2.26318 -0.197704
-0.67093 -0.706471 0.125019 2.28307 2.2633 -0.197704
-0.67062 -0.706209 0.151185 2.28307 2.26339 -0.206426
-0.6703 -0.705831 0.215148 2.28307 2.26339 -0.206426
-0.66998 -0.705482 0.229685 2.28306 2.26342 -0.220963
-0.66967 -0.705133 0.183167 2.28306 2.26347 -0.215148
-0.66935 -0.70493 0.125019 2.28306 2.26371 -0.24713
-0.66904 -0.704697 0.125019 2.28305 2.26385 -0.238407
-0.66872 -0.704406 0.151185 2.28305 2.26403 -0.252944
-0.6684 -0.704028 0.229685 2.28305 2.26409 -0.261667
-0.66809 -0.703679 0.229685 2.28304 2.26417 -0.284926
-0.66777 -0.703389 0.174444 2.28304 2.26432 -0.279111
-0.66745 -0.703214 0.110481 2.28303 2.26458 -0.270389
-0.66714 -0.703011 0.119204 2.28303 2.26481 -0.261667
-0.66682 -0.702691 0.174444 2.28303 2.26493 -0.270389
-0.66651 -0.702313 0.252944 2.28302 2.26499 -0.293648
-0.66619 -0.701935 0.229685 2.28302 2.26504 -0.229685
-0.66587 -0.701673 0.174444 2.28301 2.26522 -0.252944
-0.66556 -0.701499 0.093037 2.28301 2.26548 -0.270389
-0.66524 -0.701266 0.133741 2.28299 2.26568 -0.252944
-0.66493 -0.700917 0.188981 2.28297 2.26574 -0.284926
-0.66461 -0.70051 0.252944 2.28294 2.26577 -0.252944
-0.6643 -0.700132 0.220963 2.28292 2.26583 -0.270389
-0.66398 -0.699871 0.142463 2.28289 2.266 -0.261667
-0.66367 -0.699638 0.125019 2.28287 2.26627 -0.270389
-0.66335 -0.699318 0.183167 2.28284 2.26644 -0.279111
-0.66303 -0.698911 0.252944 2.28282 2.26653 -0.293648
-0.66272 -0.698475 0.229685 2.28279 2.26661 -0.284926
-0.6624 -0.698184 0.157 2.28277 2.26682 -0.284926
-0.66209 -0.697981 0.101759 2.28274 2.26705 -0.284926
-0.66177 -0.69769 0.174444 2.28272 2.26722 -0.261667
-0.66146 -0.697283 0.252944 2.28269 2.26725 -0.293648
-0.66114 -0.69676 0.30237 2.28267 2.26722 -0.279111
-0.66083 -0.696411 0.229685 2.28264 2.26725 -0.252944
-0.66051 -0.696207 0.133741 2.28262 2.26746 -0.229685
-0.6602 -0.696004 0.110481 2.28259 2.26769 -0.252944
-0.65988 -0.695684 0.197704 2.28257 2.26778 -0.229685
-0.65957 -0.69519 0.293648 2.28254 2.26766 -0.238407
-0.65925 -0.694725 0.316907 2.28251 2.26757 -0.220963
-0.65894 -0.694376 0.220963 2.28249 2.26757 -0.215148
-0.65862 -0.694143 0.125019 2.28246 2.26766 -0.206426
-0.6583 -0.69394 0.119204 2.28244 2.26781 -0.206426
-0.65799 -0.693591 0.215148 2.28241 2.26778 -0.197704
-0.65767 -0.693038 0.293648 2.28238 2.26754 -0.197704
-0.65736 -0.692602 0.311093 2.28236 2.26743 -0.188981
-0.65704 -0.692253 0.229685 2.28233 2.26737 -0.197704
-0.65673 -0.692021 0.142463 2.2823 2.2674 -0.157
-0.65641 -0.691788 0.142463 2.28228 2.26743 -0.157
-0.6561 -0.691381 0.215148 2.28225 2.26728 -0.165722
-0.65578 -0.690887 0.284926 2.28222 2.26705 -0.157
-0.65547 -0.69048 0.261667 2.2822 2.26691 -0.165722
-0.65515 -0.69016 0.215148 2.28217 2.26682 -0.125019
-0.65483 -0.68984 0.174444 2.28214 2.26676 -0.133741
-0.65452 -0.689462 0.215148 2.28211 2.26661 -0.151185
-0.6542 -0.689026 0.261667 2.28209 2.26641 -0.142463
-0.65389 -0.68859 0.252944 2.28206 2.26621 -0.133741
-0.65357 -0.68827 0.206426 2.28203 2.26609 -0.142463
-0.65326 -0.687979 0.165722 2.282 2.26603 -0.119204
-0.65294 -0.687689 0.174444 2.28198 2.26597 -0.142463
-0.65263 -0.687311 0.24713 2.28195 2.26583 -0.125019
-0.65231 -0.686816 0.311093 2.28192 2.26557 -0.142463
-0.652 -0.68638 0.284926 2.28189 2.26534 -0.142463
-0.65168 -0.686061 0.206426 2.28186 2.26525 -0.133741
-0.65136 -0.685886 0.110481 2.28184 2.26531 -0.133741
-0.65105 -0.685653 0.125019 2.28181 2.26531 -0.142463
-0.65073 -0.685217 0.220963 2.28178 2.26513 -0.165722
-0.65042 -0.684665 0.316907 2.28175 2.26481 -0.151185
-0.6501 -0.6842 0.284926 2.28172 2.26458 -0.142463
-0.64979 -0.683909 0.206426 2.28169 2.26452 -0.151185
-0.64947 -0.683735 0.110481 2.28166 2.26461 -0.157
-0.64916 -0.683531 0.125019 2.28164 2.26464 -0.151185
-0.64884 -0.683153 0.197704 2.28161 2.26452 -0.151185
-0.64852 -0.682717 0.279111 2.28158 2.26432 -0.174444
-0.64821 -0.682281 0.252944 2.28155 2.26414 -0.133741
-0.64789 -0.68199 0.183167 2.28152 2.26408 -0.151185
-0.64758 -0.681816 0.125019 2.28149 2.26414 -0.142463
-0.64726 -0.681554 0.142463 2.28146 2.26411 -0.133741
-0.64695 -0.681234 0.183167 2.28143 2.26403 -0.142463
-0.64663 -0.680885 0.220963 2.2814 2.26388 -0.151185
-0.64631 -0.680566 0.197704 2.28137 2.26379 -0.133741
-0.646 -0.680275 0.151185 2.28134 2.26377 -0.125019
-0.64568 -0.680013 0.151185 2.28131 2.26377 -0.125019
-0.64537 -0.679635 0.174444 2.28128 2.26362 -0.119204
-0.64505 -0.679257 0.188981 2.28125 2.26347 -0.125019
-0.64474 -0.679025 0.165722 2.28122 2.26345 -0.125019
-0.64442 -0.678792 0.119204 2.28119 2.26345 -0.110481
-0.64411 -0.678588 0.119204 2.28116 2.26345 -0.125019
-0.64379 -0.678298 0.183167 2.28113 2.26336 -0.125019
-0.64347 -0.677949 0.206426 2.2811 2.26321 -0.110481
-0.64316 -0.677629 0.197704 2.28107 2.2631 -0.151185
-0.64284 -0.677426 0.125019 2.28104 2.26313 -0.119204
-0.64253 -0.677338 0.0697778 2.28101 2.26324 -0.125019
-0.64221 -0.677164 0.101759 2.28098 2.2633 -0.119204
-0.6419 -0.676873 0.165722 2.28095 2.26321 -0.133741
-0.64158 -0.676466 0.252944 2.28092 2.26307 -0.142463
-0.64126 -0.676146 0.206426 2.28088 2.26298 -0.151185
-0.64095 -0.675972 0.119204 2.28085 2.26307 -0.151185
-0.64063 -0.675914 0.0232593 2.28082 2.26327 -0.151185
-0.64032 -0.675768 0.0610556 2.28079 2.26339 -0.174444
-0.64 -0.675478 0.165722 2.28076 2.26336 -0.183167
-0.63969 -0.675041 0.252944 2.28072 2.26327 -0.188981
-0.63937 -0.674663 0.220963 2.28068 2.26324 -0.188981
-0.63906 -0.674518 0.101759 2.28064 2.26347 -0.188981
-0.63874 -0.674431 0.014537 2.2806 2.26379 -0.206426
-0.63843 -0.674227 0.110481 2.28056 2.26391 -0.206426
-0.63811 -0.673849 0.206426 2.28052 2.26397 -0.215148
-0.6378 -0.673355 0.252944 2.28048 2.26388 -0.215148
-0.63748 -0.673064 0.183167 2.28044 2.26397 -0.229685
-0.63717 -0.67289 0.125019 2.2804 2.26417 -0.238407
-0.63685 -0.672716 0.093037 2.28035 2.2644 -0.220963
-0.63654 -0.672454 0.142463 2.28031 2.26452 -0.220963
-0.63622 -0.672105 0.183167 2.28027 2.26458 -0.24713
-0.63591 -0.671756 0.183167 2.28023 2.2647 -0.206426
-0.63559 -0.671465 0.165722 2.28019 2.26475 -0.238407
-0.63528 -0.671175 0.157 2.28015 2.26487 -0.238407
-0.63496 -0.670855 0.206426 2.2801 2.26493 -0.220963
-0.63465 -0.670506 0.197704 2.28006 2.26499 -0.252944
-0.63433 -0.670244 0.157 2.28002 2.26516 -0.252944
-0.63402 -0.670041 0.110481 2.27998 2.26539 -0.252944
-0.6337 -0.669837 0.125019 2.27994 2.26566 -0.270389
-0.63339 -0.669459 0.220963 2.27989 2.26571 -0.284926
-0.63307 -0.668965 0.30237 2.27985 2.26568 -0.270389
-0.63276 -0.668529 0.279111 2.27981 2.26574 -0.270389
-0.63244 -0.668267 0.174444 2.27977 2.26592 -0.279111
-0.63213 -0.66818 0.0697778 2.27972 2.26624 -0.24713
-0.63181 -0.668035 0.0872222 2.27968 2.26647 -0.229685
-0.6315 -0.667657 0.206426 2.27964 2.26644 -0.220963
-0.63118 -0.667104 0.343074 2.2796 2.26621 -0.197704
-0.63087 -0.666552 0.357611 2.27955 2.26595 -0.174444
-0.63055 -0.666174 0.215148 2.27951 2.26583 -0.165722
-0.63024 -0.666028 0.101759 2.27947 2.26592 -0.151185
-0.62992 -0.665883 0.0610556 2.27942 2.266 -0.125019
-0.62961 -0.665505 0.197704 2.27938 2.26586 -0.133741
-0.62929 -0.664953 0.311093 2.27934 2.26551 -0.093037
-0.62898 -0.664458 0.334352 2.27929 2.26516 -0.0872222
-0.62866 -0.664022 0.229685 2.27925 2.26493 -0.0872222
-0.62835 -0.66379 0.133741 2.27921 2.26484 -0.0697778
-0.62803 -0.663557 0.119204 2.27916 2.26478 -0.0872222
-0.62772 -0.663296 0.165722 2.27912 2.26467 -0.093037
-0.6274 -0.662918 0.197704 2.27907 2.26443 -0.0872222
-0.62709 -0.662569 0.206426 2.27903 2.26423 -0.093037
-0.62677 -0.66222 0.197704 2.27899 2.264 -0.0785
-0.62646 -0.661813 0.229685 2.27894 2.26377 -0.0872222
-0.62615 -0.661435 0.229685 2.2789 2.2635 -0.0785
-0.62583 -0.661115 0.197704 2.27885 2.26333 -0.0785
-0.62552 -0.660941 0.110481 2.27881 2.26327 -0.0872222
-0.6252 -0.660824 0.0785 2.27876 2.26324 -0.0785
-0.62489 -0.660592 0.133741 2.27872 2.26315 -0.0872222
-0.62457 -0.660156 0.252944 2.27867 2.26283 -0.0697778
-0.62426 -0.659632 0.32563 2.27863 2.26243 -0.0610556
-0.62394 -0.659196 0.279111 2.27858 2.26211 -0.0785
-0.62363 -0.658993 0.119204 2.27854 2.26202 -0.0785
-0.62331 -0.658963 0.00581481 2.27849 2.26214 -0.0785
-0.623 -0.658847 0.0610556 2.27845 2.26214 -0.0785
-0.62268 -0.658469 0.215148 2.2784 2.26193 -0.0872222
-0.62237 -0.657888 0.348889 2.27836 2.26147 -0.0552407
-0.62205 -0.657335 0.32563 2.27831 2.26106 -0.0872222
-0.62174 -0.657132 0.151185 2.27827 2.261 -0.0697778
-0.62142 -0.657132 0 2.27822 2.26115 -0.101759
-0.62111 -0.657016 0.0785 2.27818 2.26118 -0.101759
-0.62079 -0.656725 0.174444 2.27813 2.26103 -0.101759
-0.62048 -0.656143 0.30237 2.27808 2.26065 -0.0872222
-0.62016 -0.655707 0.261667 2.27804 2.26036 -0.101759
-0.61985 -0.655446 0.165722 2.27799 2.26028 -0.0872222
-0.61953 -0.655271 0.093037 2.27795 2.26025 -0.101759
-0.61922 -0.655068 0.133741 2.2779 2.26025 -0.119204
-0.61891 -0.654748 0.188981 2.27785 2.26007 -0.119204
-0.61859 -0.654428 0.197704 2.27781 2.25993 -0.119204
-0.61828 -0.654137 0.165722 2.27776 2.25984 -0.101759
-0.61796 -0.653905 0.151185 2.27771 2.25975 -0.101759
-0.61765 -0.653585 0.183167 2.27767 2.25964 -0.125019
-0.61733 -0.653207 0.238407 2.27762 2.2594 -0.0872222
-0.61702 -0.652829 0.220963 2.27757 2.25923 -0.125019
-0.6167 -0.652654 0.133741 2.27753 2.25923 -0.110481
-0.61639 -0.652596 0.0290741 2.27748 2.25935 -0.093037
-0.61607 -0.652451 0.0785 2.27743 2.25938 -0.119204
-0.61576 -0.652044 0.220963 2.27738 2.2592 -0.151185
-0.61544 -0.651462 0.343074 2.27734 2.25882 -0.110481
-0.61513 -0.651026 0.293648 2.27729 2.25859 -0.151185
-0.61481 -0.650881 0.101759 2.27724 2.25865 -0.125019
-0.6145 -0.650881 0 2.27719 2.25885 -0.125019
-0.61419 -0.65091 0 2.27712 2.25914 -0.142463
-0.61388 -0.650532 0.206426 2.27705 2.259 -0.133741
-0.61356 -0.64998 0.334352 2.27698 2.25868 -0.142463
-0.61325 -0.649485 0.311093 2.27691 2.25844 -0.142463
-0.61294 -0.649311 0.125019 2.27684 2.25856 -0.197704
-0.61263 -0.649311 0 2.27677 2.25879 -0.151185
-0.61231 -0.649311 0 2.2767 2.25911 -0.188981
-0.612 -0.648991 0.197704 2.27663 2.25908 -0.183167
-0.61169 -0.648468 0.334352 2.27656 2.25882 -0.188981
-0.61138 -0.648061 0.284926 2.27649 2.25871 -0.165722
-0.61107 -0.647915 0.101759 2.27642 2.25888 -0.183167
-0.61075 -0.647915 0 2.27635 2.2592 -0.206426
-0.61044 -0.647799 0.0377963 2.27628 2.25943 -0.215148
-0.61013 -0.647421 0.229685 2.27621 2.25946 -0.238407
-0.60982 -0.646956 0.279111 2.27614 2.2594 -0.238407
-0.6095 -0.646665 0.188981 2.27607 2.25949 -0.229685
-0.60919 -0.646607 0.0465185 2.276 2.25981 -0.24713
-0.60888 -0.64652 0 2.27593 2.26016 -0.252944
-0.60857 -0.646171 0.183167 2.27586 2.26022 -0.252944
-0.60826 -0.645677 0.316907 2.27579 2.26016 -0.24713
-0.60794 -0.645241 0.284926 2.27572 2.26013 -0.252944
-0.60763 -0.645153 0.0552407 2.27565 2.26045 -0.220963
-0.60732 -0.645153 0 2.27558 2.26089 -0.279111
-0.60701 -0.645037 0 2.27551 2.26121 -0.252944
-0.6067 -0.644456 0.30237 2.27543 2.26109 -0.279111
-0.60638 -0.643758 0.421574 2.27536 2.26086 -0.252944
-0.60607 -0.643351 0.279111 2.27529 2.26089 -0.270389
-0.60576 -0.643322 0 2.27522 2.26126 -0.252944
-0.60545 -0.64338 -0.0552407 2.27515 2.26176 -0.220963
-0.60514 -0.643176 0.014537 2.27508 2.26196 -0.252944
-0.60482 -0.642508 0.398315 2.27501 2.2617 -0.238407
-0.60451 -0.641752 0.444833 2.27494 2.26135 -0.24713
-0.6042 -0.641316 0.284926 2.27486 2.26129 -0.215148
-0.60389 -0.641316 0 2.27479 2.26167 -0.220963
-0.60358 -0.641345 -0.0290741 2.27472 2.26205 -0.206426
-0.60327 -0.641083 0.093037 2.27465 2.26217 -0.215148
-0.60295 -0.640414 0.38087 2.27458 2.26188 -0.252944
-0.60264 -0.639746 0.430296 2.2745 2.26156 -0.206426
-0.60233 -0.639397 0.252944 2.27443 2.26156 -0.215148
-0.60202 -0.639338 0.0377963 2.27436 2.2619 -0.197704
-0.60171 -0.639222 0.0290741 2.27429 2.26211 -0.220963
-0.6014 -0.638815 0.220963 2.27421 2.26205 -0.206426
-0.60108 -0.638234 0.375056 2.27414 2.26179 -0.206426
-0.60077 -0.637681 0.311093 2.27407 2.26164 -0.188981
-0.60046 -0.637536 0.110481 2.274 2.26182 -0.206426
-0.60015 -0.63742 0.0785 2.27392 2.26199 -0.197704
-0.59984 -0.637071 0.188981 2.27385 2.26196 -0.188981
-0.59953 -0.636489 0.348889 2.27378 2.2617 -0.197704
-0.59921 -0.635966 0.343074 2.2737 2.26147 -0.197704
-0.5989 -0.635704 0.157 2.27363 2.26147 -0.151185
-0.59859 -0.635675 0.0290741 2.27356 2.2617 -0.142463
-0.59828 -0.635559 0.0697778 2.27348 2.26185 -0.142463
-0.59797 -0.635006 0.293648 2.27341 2.26156 -0.133741
-0.59766 -0.634163 0.439019 2.27334 2.26097 -0.142463
-0.59735 -0.633669 0.316907 2.27326 2.26071 -0.119204
-0.59703 -0.633611 0.0785 2.27319 2.26086 -0.119204
-0.59672 -0.633669 -0.0290741 2.27312 2.26112 -0.125019
-0.59641 -0.633495 0 2.27304 2.26115 -0.133741
-0.5961 -0.632739 0.366333 2.27297 2.26063 -0.119204
-0.59579 -0.631925 0.485537 2.27289 2.26004 -0.125019
-0.59548 -0.631459 0.311093 2.27282 2.25978 -0.125019
-0.59517 -0.63143 0 2.27275 2.25996 -0.119204
-0.59486 -0.631488 -0.0377963 2.27267 2.26025 -0.125019
-0.59454 -0.631227 0.0872222 2.2726 2.26019 -0.119204
-0.59423 -0.630616 0.375056 2.27252 2.25981 -0.133741
-0.59392 -0.629948 0.412852 2.27244 2.25935 -0.142463
-0.59361 -0.629599 0.238407 2.27236 2.2592 -0.125019
-0.5933 -0.629511 0.0290741 2.27228 2.25935 -0.125019
-0.59299 -0.629395 0.0552407 2.27219 2.25946 -0.125019
-0.59268 -0.628988 0.197704 2.27211 2.25926 -0.119204
-0.59237 -0.628407 0.30237 2.27203 2.25891 -0.119204
-0.59206 -0.628029 0.252944 2.27194 2.25874 -0.119204
-0.59175 -0.627854 0.093037 2.27186 2.25874 -0.110481
-0.59144 -0.62768 0.093037 2.27178 2.25876 -0.101759
-0.59113 -0.627273 0.238407 2.27169 2.2585 -0.101759
-0.59082 -0.626749 0.316907 2.27161 2.25815 -0.110481
-0.59051 -0.626313 0.279111 2.27153 2.25786 -0.0872222
-0.5902 -0.626226 0.093037 2.27144 2.25792 -0.101759
-0.58989 -0.626226 0 2.27136 2.25807 -0.0697778
-0.58958 -0.62611 0 2.27127 2.2581 -0.093037
-0.58927 -0.625586 0.316907 2.27119 2.25769 -0.093037
-0.58896 -0.62486 0.444833 2.2711 2.25708 -0.093037
-0.58866 -0.624394 0.311093 2.27102 2.25676 -0.0552407
-0.58835 -0.624365 0 2.27093 2.25682 -0.0552407
-0.58804 -0.624569 -0.151185 2.27085 2.25714 -0.0465185
-0.58773 -0.624511 0 2.27077 2.25717 -0.0785
-0.58742 -0.624016 0.311093 2.27068 2.25679 -0.0785
-0.58711 -0.623261 0.444833 2.2706 2.25618 -0.0697778
-0.5868 -0.622824 0.293648 2.27051 2.25583 -0.0697778
-0.58649 -0.622795 0.0232593 2.27043 2.25589 -0.0465185
-0.58618 -0.62297 -0.110481 2.27034 2.25618 -0.0465185
-0.58587 -0.622853 0 2.27026 2.25618 -0.0785
-0.58556 -0.62233 0.30237 2.27017 2.25574 -0.0465185
-0.58525 -0.62172 0.389593 2.27008 2.25522 -0.0290741
-0.58494 -0.621342 0.215148 2.27 2.25496 -0.0610556
-0.58463 -0.621283 0.0290741 2.26991 2.25498 0
-0.58432 -0.621283 0 2.26983 2.25507 -0.0465185
-0.58401 -0.62108 0.093037 2.26974 2.25498 -0.0377963
-0.5837 -0.620615 0.270389 2.26966 2.25461 -0.0377963
-0.58339 -0.620121 0.293648 2.26957 2.25423 -0.0465185
-0.58309 -0.619946 0.151185 2.26948 2.25411 -0.0290741
-0.58278 -0.619917 0.00581481 2.2694 2.2542 -0.0697778
-0.58247 -0.619743 0.0872222 2.26931 2.25414 -0.0552407
-0.58216 -0.619248 0.279111 2.26923 2.25373 -0.0872222
-0.58185 -0.618754 0.334352 2.26914 2.25336 -0.0552407
-0.58154 -0.618463 0.188981 2.26905 2.25315 -0.0377963
-0.58123 -0.618463 0 2.26897 2.25324 -0.0465185
-0.58092 -0.618492 0 2.26888 2.25339 -0.0465185
-0.58061 -0.61826 0.133741 2.26879 2.25327 -0.0697778
-0.5803 -0.61762 0.357611 2.26871 2.25275 -0.0610556
-0.57999 -0.617068 0.334352 2.26862 2.25231 -0.0697778
-0.57969 -0.616893 0.119204 2.26853 2.25222 -0.0290741
-0.57938 -0.616981 0 2.26845 2.25243 -0.0465185
-0.57907 -0.61701 0 2.26836 2.25257 -0.0552407
-0.57876 -0.61669 0.206426 2.26827 2.25237 -0.0552407
-0.57845 -0.616079 0.366333 2.26819 2.25184 -0.0785
-0.57814 -0.615614 0.32563 2.2681 2.2515 -0.0552407
-0.57783 -0.615469 0.110481 2.26801 2.25147 -0.0872222
-0.57752 -0.615556 -0.00581481 2.26792 2.25167 -0.0610556
-0.57722 -0.615556 0 2.26784 2.25179 -0.0697778
-0.57691 -0.615178 0.238407 2.26775 2.25155 -0.0785
-0.5766 -0.614596 0.366333 2.26766 2.25112 -0.0872222
-0.57629 -0.614131 0.316907 2.26757 2.2508 -0.0872222
-0.57598 -0.614015 0.0610556 2.26749 2.25083 -0.0697778
-0.57568 -0.614073 -0.014537 2.26737 2.25103 -0.093037
-0.57537 -0.614015 0 2.26725 2.25115 -0.119204
-0.57507 -0.61355 0.270389 2.26712 2.25083 -0.093037
-0.57477 -0.612968 0.366333 2.26699 2.25042 -0.110481
-0.57446 -0.612619 0.24713 2.26687 2.25025 -0.110481
-0.57416 -0.612561 0.0552407 2.26674 2.25036 -0.0872222
-0.57386 -0.612561 -0.00581481 2.26662 2.25054 -0.119204
-0.57355 -0.612387 0 2.26649 2.25059 -0.125019
-0.57325 -0.611863 0.311093 2.26637 2.25027 -0.125019
-0.57295 -0.611282 0.348889 2.26624 2.2499 -0.133741
-0.57264 -0.610991 0.206426 2.26611 2.24984 -0.125019
-0.57234 -0.610962 0 2.26599 2.25004 -0.125019
-0.57204 -0.610962 0 2.26586 2.25027 -0.142463
-0.57173 -0.610642 0.188981 2.26574 2.25022 -0.157
-0.57143 -0.610061 0.357611 2.26561 2.2499 -0.174444
-0.57113 -0.609567 0.334352 2.26548 2.24969 -0.174444
-0.57083 -0.609421 0.119204 2.26536 2.24987 -0.197704
-0.57052 -0.609421 0 2.26523 2.25019 -0.197704
-0.57022 -0.609276 0 2.26511 2.25042 -0.220963
-0.56992 -0.608723 0.311093 2.26498 2.25027 -0.220963
-0.56961 -0.608026 0.430296 2.26485 2.24998 -0.252944
-0.56931 -0.60759 0.316907 2.26473 2.24996 -0.220963
-0.56901 -0.607502 0.0465185 2.2646 2.25027 -0.252944
-0.56871 -0.607531 -0.00581481 2.26447 2.2508 -0.279111
-0.5684 -0.607299 0.0465185 2.26434 2.25106 -0.284926
-0.5681 -0.606659 0.407037 2.26422 2.25094 -0.311093
-0.5678 -0.605961 0.439019 2.26409 2.25077 -0.316907
-0.5675 -0.605496 0.293648 2.26396 2.25091 -0.32563
-0.56719 -0.605496 0 2.26384 2.25147 -0.343074
-0.56689 -0.605496 0 2.26371 2.25214 -0.357611
-0.56659 -0.60506 0.238407 2.26358 2.25225 -0.334352
-0.56629 -0.604304 0.462278 2.26345 2.25211 -0.348889
-0.56599 -0.603665 0.412852 2.26333 2.25202 -0.334352
-0.56568 -0.603403 0.188981 2.2632 2.25225 -0.32563
-0.56538 -0.603374 0 2.26307 2.25272 -0.311093
-0.56508 -0.603141 0.110481 2.26294 2.25301 -0.30237
-0.56478 -0.60256 0.348889 2.26282 2.25286 -0.284926
-0.56448 -0.601688 0.462278 2.26269 2.25246 -0.229685
-0.56417 -0.601251 0.30237 2.26256 2.25234 -0.206426
-0.56387 -0.601135 0.101759 2.26243 2.25254 -0.188981
-0.56357 -0.601019 0.0785 2.2623 2.25275 -0.183167
