angle_1_e angle_1_t d_theta_1_t angle_2_e angle_2_t d_theta_2_t
-1.2963 -1.26998 0 2.39752 2.3404 0
-1.29616 -1.26998 0 2.39732 2.3404 0
-1.29602 -1.27004 -0.0552407 2.39711 2.34049 0
-1.29588 -1.27019 -0.0872222 2.3969 2.3409 -0.133741
-1.29574 -1.27033 -0.119204 2.3967 2.34145 -0.24713
-1.29559 -1.27045 -0.0552407 2.39649 2.34221 -0.357611
-1.29545 -1.27051 -0.0232593 2.39629 2.34305 -0.508796
-1.29531 -1.27059 -0.0610556 2.39608 2.34413 -0.581481
-1.29517 -1.27068 -0.0465185 2.39587 2.34535 -0.668704
-1.29503 -1.27083 -0.0872222 2.39567 2.34671 -0.723944
-1.29489 -1.27091 -0.0785 2.39546 2.34811 -0.814074
-1.29475 -1.27097 -0.0232593 2.39526 2.34953 -0.828611
-1.29461 -1.27097 0 2.39505 2.3509 -0.837333
-1.29447 -1.271 -0.0465185 2.39484 2.35224 -0.819889
-1.29433 -1.27109 -0.014537 2.39464 2.35384 -0.805352
-1.29418 -1.27115 -0.0377963 2.39443 2.35529 -0.787907
-1.29404 -1.27115 0 2.39422 2.35663 -0.764648
-1.2939 -1.27115 0 2.39402 2.35788 -0.764648
-1.29376 -1.27115 0 2.39381 2.35904 -0.723944
-1.29362 -1.27115 0 2.39361 2.36012 -0.668704
-1.29348 -1.27115 0 2.3934 2.36113 -0.636722
-1.29334 -1.27115 0 2.39319 2.36215 -0.622185
-1.2932 -1.27112 0 2.39299 2.36308 -0.628
-1.29306 -1.27109 0 2.39278 2.36393 -0.558222
-1.29292 -1.27109 0 2.39258 2.36477 -0.508796
-1.29278 -1.27103 0 2.39237 2.36544 -0.462278
-1.29264 -1.27103 0 2.39216 2.36611 -0.439019
-1.2925 -1.27103 0 2.39196 2.36672 -0.375056
-1.29235 -1.27103 0 2.39175 2.36724 -0.32563
-1.29221 -1.271 0 2.39154 2.36765 -0.279111
-1.29207 -1.271 0 2.39134 2.36802 -0.229685
-1.29193 -1.271 0 2.39113 2.36832 -0.197704
-1.29179 -1.271 0 2.39093 2.36858 -0.151185
-1.29172 -1.27103 0 2.3907 2.36878 -0.110481
-1.29165 -1.27106 -0.0290741 2.39047 2.36896 -0.101759
-1.29159 -1.27109 -0.0290741 2.39024 2.36907 -0.0290741
-1.29152 -1.27115 0 2.39001 2.36916 -0.00581481
-1.29146 -1.27121 -0.0377963 2.38978 2.36928 -0.0465185
-1.2914 -1.27132 -0.0377963 2.38955 2.36939 0
-1.29133 -1.27141 -0.0465185 2.38933 2.36948 0
-1.29127 -1.2715 -0.0465185 2.3891 2.36957 0
-1.2912 -1.27158 -0.0610556 2.38887 2.36965 0
-1.29114 -1.27164 0 2.38864 2.36971 0
-1.29108 -1.27173 -0.014537 2.38841 2.3698 0
-1.29101 -1.27179 -0.00581481 2.38818 2.36983 0
-1.29095 -1.2719 -0.0610556 2.38795 2.36994 0
-1.29088 -1.27202 -0.0872222 2.38772 2.37003 0.0552407
-1.29082 -1.27208 -0.0377963 2.38749 2.37006 0
-1.29075 -1.27211 0 2.38726 2.37006 0
-1.29069 -1.27211 0 2.38704 2.37 0.0610556
-1.29062 -1.27211 0 2.38681 2.36991 0.0552407
-1.29056 -1.27222 -0.0377963 2.38658 2.36994 0.0465185
-1.29049 -1.27228 -0.0697778 2.38635 2.36991 0.0377963
-1.29043 -1.27234 0 2.38612 2.36989 0.0552407
-1.29037 -1.27234 0 2.38589 2.3698 0.0785
-1.2903 -1.27234 0 2.38566 2.36968 0.0465185
-1.29024 -1.27237 0 2.38543 2.36962 0.0552407
-1.29017 -1.27243 -0.0610556 2.3852 2.36957 0.0377963
-1.29011 -1.27246 -0.0377963 2.38497 2.36951 0.0290741
-1.29004 -1.27246 0 2.38474 2.36942 0.0290741
-1.28998 -1.27246 0 2.38451 2.36933 0.0610556
-1.28991 -1.27246 0 2.38429 2.36928 0
-1.28985 -1.27254 -0.0552407 2.38406 2.3693 0.0552407
-1.28978 -1.27257 -0.014537 2.38383 2.3693 0
-1.28972 -1.27257 0 2.3836 2.36928 0
-1.28965 -1.27257 0 2.38337 2.36928 0
-1.28959 -1.2726 0 2.38314 2.3693 0
-1.28952 -1.27266 -0.0697778 2.38291 2.36936 0
-1.28946 -1.27272 -0.0377963 2.38268 2.36942 0
-1.28939 -1.27275 0 2.38245 2.36942 0
-1.28933 -1.27275 0 2.38222 2.36942 0.0465185
-1.28926 -1.27275 0 2.38199 2.36942 0
-1.2892 -1.27275 0 2.38176 2.36939 0
-1.28913 -1.2728 -0.0232593 2.38154 2.36945 0
-1.28907 -1.27286 0 2.38131 2.36945 0.0232593
-1.289 -1.27289 -0.0232593 2.38108 2.36945 0.014537
-1.28894 -1.27289 0 2.38085 2.36939 0
-1.28887 -1.27289 0 2.38062 2.36936 0.0465185
-1.28881 -1.27289 0 2.38039 2.3693 0
-1.28874 -1.27289 0 2.38016 2.36925 0.0552407
-1.28868 -1.27292 -0.0377963 2.37993 2.36925 0.00581481
-1.28861 -1.27292 0 2.3797 2.36922 0.0290741
-1.28854 -1.27292 0 2.37947 2.36913 0.0232593
-1.28848 -1.27292 0 2.37924 2.3691 0.0610556
-1.28841 -1.27292 0 2.37901 2.36904 0
-1.28835 -1.27292 0 2.37878 2.36901 0
-1.28828 -1.27295 0 2.37855 2.36901 0
-1.28822 -1.27295 0 2.37833 2.36898 0.0552407
-1.28816 -1.27295 0 2.37809 2.36896 0.0465185
-1.28813 -1.27295 0 2.37785 2.36893 0.0610556
-1.2881 -1.27295 0 2.37761 2.3689 0.00581481
-1.28807 -1.27295 0 2.37737 2.36884 0.0232593
-1.28804 -1.27295 0 2.37713 2.36881 0.00581481
-1.28801 -1.27295 0 2.37689 2.36878 0
-1.28799 -1.27295 0 2.37665 2.36878 0
-1.28796 -1.27298 0 2.37641 2.36878 0.0552407
-1.28793 -1.27298 0 2.37617 2.36875 0.0232593
-1.2879 -1.27301 -0.014537 2.37593 2.36875 0.0377963
-1.28787 -1.27301 0 2.37569 2.36869 0.0610556
-1.28784 -1.27301 0 2.37545 2.36866 0
-1.28781 -1.27301 0 2.37521 2.36864 0
-1.28778 -1.27301 0 2.37497 2.36864 0
-1.28775 -1.27301 0 2.37473 2.36858 0.0465185
-1.28772 -1.27301 0 2.37449 2.36855 0.0377963
-1.28769 -1.27301 0 2.37425 2.36852 0.00581481
-1.28766 -1.27301 0 2.37401 2.36852 0
-1.28763 -1.27301 0 2.37377 2.36849 0
-1.2876 -1.27301 0 2.37353 2.36846 0
-1.28757 -1.27301 0 2.37329 2.36846 0
-1.28754 -1.27301 0 2.37305 2.36843 0
-1.28751 -1.27301 0 2.3728 2.36843 0
-1.28748 -1.27301 0 2.37256 2.36843 0
-1.28745 -1.27301 0 2.37232 2.36843 0
-1.28742 -1.27301 0 2.37208 2.3684 0.0465185
-1.28738 -1.27301 0 2.37184 2.3684 0
-1.28735 -1.27301 0 2.3716 2.36837 0
-1.28732 -1.27301 0 2.37136 2.36837 0
-1.28729 -1.27301 0 2.37112 2.36837 0
-1.28726 -1.27301 0 2.37088 2.36834 0.0465185
-1.28723 -1.27301 0 2.37064 2.36834 0
-1.2872 -1.27301 0 2.3704 2.36834 0
-1.28717 -1.27301 0 2.37016 2.36832 0.0377963
-1.28714 -1.27301 0 2.36992 2.36832 0
-1.28711 -1.27301 0 2.36968 2.36829 0
-1.28708 -1.27301 0 2.36944 2.36826 0
-1.28705 -1.27301 0 2.3692 2.36826 0
-1.28701 -1.27301 0 2.36896 2.36826 0
-1.28698 -1.27301 0 2.36872 2.36826 0
-1.28695 -1.27301 0 2.36848 2.36823 0
-1.28692 -1.27301 0 2.36824 2.36823 0
-1.28689 -1.27301 0 2.36799 2.36823 0
-1.28686 -1.27301 0 2.36775 2.36823 0
-1.28683 -1.27301 0 2.36751 2.36823 0
-1.2868 -1.27301 0 2.36727 2.36823 0
-1.28676 -1.27301 0 2.36703 2.3682 0.0552407
-1.28673 -1.27301 0 2.36679 2.3682 0
-1.2867 -1.27301 0 2.36655 2.3682 0
-1.28667 -1.27301 0 2.36631 2.3682 0
-1.28664 -1.27301 0 2.36607 2.3682 0
-1.28661 -1.27301 0 2.36583 2.3682 0
-1.28657 -1.27301 0 2.36559 2.36817 0
-1.28654 -1.27301 0 2.36535 2.36817 0
-1.28651 -1.27301 0 2.36511 2.36817 0
-1.28648 -1.27301 0 2.36487 2.36814 0
-1.28645 -1.27301 0 2.36463 2.36814 0
-1.28641 -1.27301 0 2.36438 2.36811 0.0232593
-1.28638 -1.27301 0 2.36414 2.36808 0
-1.28635 -1.27301 0 2.3639 2.36805 0
-1.28632 -1.27301 0 2.36366 2.36805 0
-1.28628 -1.27301 0 2.36342 2.368 0
-1.28625 -1.27301 0 2.36318 2.36794 0
-1.28622 -1.27301 0 2.36294 2.36788 0.0552407
-1.28619 -1.27301 0 2.3627 2.36785 0.0465185
-1.28616 -1.27301 0 2.36246 2.36779 0.0232593
-1.28612 -1.27301 0 2.36222 2.36773 0.0552407
-1.28609 -1.27301 0 2.36198 2.36768 0.014537
-1.28606 -1.27301 0 2.36174 2.36762 0.00581481
-1.28602 -1.27301 0 2.3615 2.36756 0.0552407
-1.28599 -1.27301 0 2.36125 2.3675 0.0290741
-1.28596 -1.27301 0 2.36101 2.36744 0
-1.28593 -1.27304 0 2.36077 2.36741 0.014537
-1.28589 -1.27304 0 2.36053 2.3673 0.0610556
-1.28588 -1.27304 0 2.36028 2.36724 0.0552407
-1.28588 -1.27304 0 2.36004 2.36718 0
-1.28587 -1.27304 0 2.35979 2.36712 0.014537
-1.28586 -1.27304 0 2.35954 2.36704 0
-1.28585 -1.27304 0 2.35929 2.36698 0.0377963
-1.28585 -1.27304 0 2.35904 2.36692 0.0465185
-1.28584 -1.27307 -0.0232593 2.35879 2.36689 0
-1.28583 -1.27307 0 2.35854 2.36683 0
-1.28582 -1.27307 0 2.35829 2.36677 0
-1.28582 -1.27307 0 2.35804 2.36669 0
-1.28581 -1.27307 0 2.35779 2.36663 0
-1.2858 -1.27307 0 2.35755 2.36657 0.0697778
-1.28579 -1.27307 0 2.3573 2.36651 0.0552407
-1.28578 -1.27307 0 2.35705 2.36648 0.0232593
-1.28578 -1.27307 0 2.3568 2.36643 0.0465185
-1.28577 -1.2731 -0.0232593 2.35655 2.3664 0.0552407
-1.28576 -1.2731 0 2.3563 2.36634 0.0465185
-1.28575 -1.2731 0 2.35605 2.36628 0.0697778
-1.28574 -1.2731 0 2.3558 2.36625 0.0290741
-1.28573 -1.2731 0 2.35555 2.36619 0.0465185
-1.28573 -1.2731 0 2.3553 2.36614 0.0610556
-1.28572 -1.2731 0 2.35506 2.36608 0.0552407
-1.28571 -1.27312 0 2.35481 2.36605 0.0290741
-1.2857 -1.27312 0 2.35456 2.36596 0.014537
-1.28569 -1.27312 0 2.35431 2.3659 0.00581481
-1.28568 -1.27315 0 2.35406 2.36587 0.0465185
-1.28567 -1.27318 -0.0465185 2.35381 2.36584 0.014537
-1.28566 -1.27318 0 2.35356 2.36576 0.0610556
-1.28565 -1.27318 0 2.35331 2.3657 0.0552407
-1.28565 -1.27318 0 2.35306 2.36564 0.0610556
-1.28564 -1.27318 0 2.35281 2.36552 0.0697778
-1.28563 -1.27321 -0.00581481 2.35256 2.36547 0.0465185
-1.28562 -1.27321 0 2.35232 2.36541 0.0610556
-1.28561 -1.27321 0 2.35207 2.36532 0.00581481
-1.2856 -1.27324 -0.014537 2.35182 2.36523 0.0377963
-1.28559 -1.27324 0 2.35157 2.36518 0.0697778
-1.28558 -1.27324 0 2.35132 2.36509 0.0290741
-1.28557 -1.27324 0 2.35107 2.365 0.0785
-1.28556 -1.27324 0 2.35082 2.36491 0.0552407
-1.28555 -1.27327 -0.014537 2.35057 2.36486 0.0610556
-1.28554 -1.27327 0 2.35032 2.36477 0.0552407
-1.28553 -1.27327 0 2.35007 2.36468 0.0697778
-1.28552 -1.27327 0 2.34982 2.36457 0.0697778
-1.28551 -1.27327 0 2.34957 2.36445 0.0697778
-1.2855 -1.2733 0 2.34932 2.36433 0.0872222
-1.28549 -1.2733 0 2.34907 2.36422 0.0785
-1.28548 -1.27333 -0.0232593 2.34883 2.36416 0.0610556
-1.28547 -1.27333 0 2.34858 2.36404 0.0552407
-1.28546 -1.27333 0 2.34833 2.36393 0.0785
-1.28545 -1.27333 0 2.34808 2.36384 0.0465185
-1.28544 -1.27333 0 2.34783 2.36372 0.0465185
-1.28543 -1.27336 -0.0290741 2.34758 2.36363 0.0785
-1.28542 -1.27336 0 2.34733 2.36349 0.0552407
-1.28541 -1.27339 -0.0552407 2.34708 2.3634 0.0552407
-1.2854 -1.27339 0 2.34683 2.36326 0.0465185
-1.28538 -1.27339 0 2.34658 2.36314 0.0552407
-1.28537 -1.27339 0 2.34633 2.363 0.0872222
-1.28536 -1.27339 0 2.34608 2.36288 0.0872222
-1.28535 -1.27339 0 2.34583 2.36273 0.0785
-1.28534 -1.27339 0 2.34558 2.36262 0.0552407
-1.28533 -1.27342 0 2.34533 2.36256 0.0785
-1.28532 -1.27342 0 2.34508 2.36241 0.0872222
-1.28531 -1.27344 0 2.34483 2.3623 0.0785
-1.2853 -1.27344 0 2.34459 2.36215 0.093037
-1.28528 -1.27344 0 2.34434 2.36201 0.0697778
-1.28527 -1.27347 -0.0290741 2.34409 2.36189 0.0872222
-1.28526 -1.2735 0 2.34384 2.36174 0.101759
-1.28525 -1.27353 -0.0552407 2.34359 2.3616 0.093037
-1.28524 -1.27353 0 2.34334 2.3614 0.093037
-1.28523 -1.27356 -0.0290741 2.34309 2.36122 0.093037
-1.28521 -1.27356 0 2.34284 2.36102 0.101759
-1.2852 -1.27356 0 2.34259 2.36079 0.133741
-1.28519 -1.27359 -0.0465185 2.34234 2.36058 0.142463
-1.28518 -1.27362 -0.014537 2.34209 2.36035 0.157
-1.28517 -1.27368 -0.0232593 2.34184 2.36015 0.151185
-1.28515 -1.27368 0 2.34159 2.35986 0.165722
-1.28514 -1.27368 0 2.34134 2.35959 0.197704
-1.28513 -1.27373 -0.0552407 2.34109 2.35933 0.174444
-1.28512 -1.27376 0 2.34084 2.35901 0.206426
-1.2851 -1.27379 -0.0377963 2.34059 2.35872 0.197704
-1.28509 -1.27385 -0.0552407 2.34034 2.35834 0.238407
-1.28508 -1.27388 -0.0552407 2.34009 2.35805 0.229685
-1.28507 -1.27391 -0.0290741 2.33984 2.35767 0.24713
-1.28505 -1.27391 0 2.33959 2.35724 0.252944
-1.28504 -1.27394 -0.0465185 2.33934 2.35689 0.252944
-1.28503 -1.274 -0.0465185 2.33909 2.35642 0.279111
-1.28504 -1.27405 -0.0377963 2.33883 2.35602 0.279111
-1.28506 -1.27408 -0.0552407 2.33857 2.35555 0.284926
-1.28508 -1.27417 -0.0290741 2.33832 2.3552 0.293648
-1.28509 -1.2742 -0.0465185 2.33806 2.35471 0.311093
-1.28511 -1.27426 -0.0377963 2.3378 2.3541 0.32563
-1.28512 -1.27432 -0.00581481 2.33754 2.35355 0.366333
-1.28514 -1.27437 -0.0610556 2.33728 2.35302 0.38087
-1.28515 -1.27443 -0.0610556 2.33702 2.35244 0.38087
-1.28517 -1.27452 -0.0377963 2.33676 2.35183 0.398315
-1.28519 -1.27458 -0.0552407 2.3365 2.35128 0.412852
-1.2852 -1.27467 0 2.33624 2.35073 0.430296
-1.28522 -1.27472 -0.0377963 2.33598 2.35003 0.439019
-1.28523 -1.27481 -0.0697778 2.33572 2.34948 0.444833
-1.28525 -1.27493 -0.0785 2.33546 2.34881 0.453556
-1.28526 -1.27501 -0.0697778 2.3352 2.34817 0.421574
-1.28528 -1.27513 -0.0465185 2.33494 2.34764 0.430296
-1.28529 -1.27522 -0.0377963 2.33468 2.34692 0.412852
-1.28531 -1.2753 -0.0697778 2.33443 2.34639 0.38087
-1.28532 -1.27542 -0.0872222 2.33417 2.34584 0.366333
-1.28533 -1.27551 -0.0697778 2.33391 2.34541 0.343074
-1.28535 -1.2756 -0.0552407 2.33365 2.34503 0.293648
-1.28536 -1.27568 -0.0697778 2.33339 2.34468 0.279111
-1.28538 -1.2758 -0.0465185 2.33313 2.34442 0.220963
-1.28539 -1.27589 -0.0610556 2.33287 2.34416 0.215148
-1.28541 -1.27597 -0.0377963 2.33261 2.34386 0.215148
-1.28542 -1.27606 -0.0377963 2.33235 2.34363 0.183167
-1.28543 -1.27615 -0.014537 2.33209 2.34337 0.174444
-1.28545 -1.27624 -0.0610556 2.33183 2.34317 0.157
-1.28546 -1.27632 -0.00581481 2.33157 2.34293 0.174444
-1.28548 -1.27638 -0.0465185 2.33131 2.3427 0.151185
-1.28549 -1.27638 0 2.33105 2.34238 0.183167
-1.2855 -1.27644 -0.0290741 2.33079 2.34212 0.151185
-1.28552 -1.27647 0 2.33053 2.34186 0.157
-1.28553 -1.27647 0 2.33027 2.3416 0.151185
-1.28554 -1.2765 -0.0290741 2.33001 2.34136 0.142463
-1.28556 -1.2765 0 2.32975 2.34113 0.142463
-1.28557 -1.2765 0 2.32949 2.3409 0.133741
-1.28558 -1.2765 0 2.32923 2.34064 0.125019
-1.28559 -1.2765 0 2.32897 2.34043 0.125019
-1.28561 -1.2765 0 2.32871 2.34029 0.0872222
-1.28562 -1.2765 0 2.32845 2.34014 0.0785
-1.28563 -1.2765 0 2.32819 2.34003 0.0697778
-1.28565 -1.2765 0 2.32793 2.33997 0.00581481
-1.28566 -1.2765 0 2.32767 2.33991 0
-1.28567 -1.2765 0 2.32741 2.33991 0
-1.28568 -1.2765 0 2.32715 2.33988 0
-1.28569 -1.2765 0 2.32689 2.33988 0
-1.28571 -1.2765 0 2.32663 2.33988 0
-1.28572 -1.2765 0 2.32637 2.33988 0
-1.28573 -1.2765 0 2.32611 2.33988 0
-1.28574 -1.2765 0 2.32585 2.33988 0
-1.28575 -1.2765 0 2.32559 2.33988 0
-1.28577 -1.2765 0 2.32533 2.33988 0
-1.28578 -1.2765 0 2.32507 2.33988 0
-1.28579 -1.2765 0 2.32481 2.33988 0
-1.2858 -1.2765 0 2.32455 2.33988 0
-1.28581 -1.2765 0 2.32429 2.33988 0
-1.28582 -1.2765 0 2.32403 2.33988 0
-1.28583 -1.2765 0 2.32377 2.33988 0
-1.28585 -1.2765 0 2.32351 2.33988 0
-1.28586 -1.2765 0 2.32325 2.33988 0
-1.28587 -1.2765 0 2.32299 2.33988 0
-1.28588 -1.2765 0 2.32273 2.33985 0
-1.28589 -1.2765 0 2.32247 2.33985 0
-1.2859 -1.2765 0 2.32221 2.33982 0
-1.28591 -1.2765 0 2.32195 2.33979 0
-1.28592 -1.2765 0 2.32169 2.33976 0
-1.28593 -1.2765 0 2.32143 2.33974 0.0465185
-1.28594 -1.2765 0 2.32117 2.33968 0.0465185
-1.28595 -1.2765 0 2.32091 2.33962 0.0290741
-1.28596 -1.2765 0 2.32065 2.33956 0
-1.28597 -1.2765 0 2.32039 2.33947 0.0465185
-1.28598 -1.2765 0 2.32013 2.33942 0.0552407
-1.28599 -1.2765 0 2.31987 2.33933 0.0552407
-1.286 -1.2765 0 2.31961 2.33927 0.0697778
-1.28601 -1.2765 0 2.31935 2.33918 0.0465185
-1.28602 -1.2765 0 2.31909 2.3391 0.00581481
-1.28603 -1.2765 0 2.31883 2.33901 0.0697778
-1.28604 -1.2765 0 2.31857 2.33892 0.0290741
-1.28605 -1.2765 0 2.31831 2.33883 0.0465185
-1.28606 -1.2765 0 2.31805 2.33872 0.0610556
-1.28607 -1.2765 0 2.31779 2.33863 0.0552407
-1.28608 -1.2765 0 2.31753 2.33854 0.0785
-1.28609 -1.2765 0 2.31727 2.33849 0.0697778
-1.2861 -1.2765 -0.0232593 2.31701 2.33837 0.0290741
-1.28611 -1.27653 -0.00581481 2.31675 2.33834 0.0697778
-1.28611 -1.27653 0 2.31649 2.33822 0.0785
-1.28612 -1.27653 0 2.31623 2.33811 0.0465185
-1.28614 -1.27653 0 2.31596 2.33799 0.0785
-1.28616 -1.27653 0 2.3157 2.3379 0.0610556
-1.28618 -1.27653 0 2.31543 2.33779 0.0377963
-1.2862 -1.27653 0 2.31517 2.33767 0.0785
-1.28622 -1.27653 0 2.3149 2.33756 0.0697778
-1.28624 -1.27653 0 2.31464 2.33741 0.0785
-1.28626 -1.27653 0 2.31437 2.33729 0.0872222
-1.28628 -1.27653 0 2.31411 2.33715 0.093037
-1.2863 -1.27653 0 2.31384 2.33697 0.093037
-1.28633 -1.27656 -0.0610556 2.31358 2.3368 0.093037
-1.28635 -1.27656 0 2.31331 2.33662 0.119204
-1.28637 -1.27656 0 2.31305 2.33648 0.119204
-1.28639 -1.27658 0 2.31278 2.33622 0.133741
-1.28641 -1.27658 0 2.31252 2.33601 0.110481
-1.28643 -1.27664 -0.0232593 2.31225 2.33581 0.133741
-1.28644 -1.27667 0 2.31199 2.33558 0.151185
-1.28646 -1.2767 0 2.31172 2.33529 0.174444
-1.28648 -1.27673 0 2.31146 2.33497 0.197704
-1.2865 -1.27679 0 2.31119 2.33468 0.206426
-1.28652 -1.27682 -0.0552407 2.31093 2.33433 0.215148
-1.28654 -1.27687 0 2.31066 2.33404 0.238407
-1.28656 -1.2769 0 2.3104 2.33363 0.220963
-1.28658 -1.27693 0 2.31013 2.33328 0.252944
-1.2866 -1.27696 0 2.30987 2.33287 0.270389
-1.28662 -1.27702 -0.014537 2.3096 2.33253 0.284926
-1.28664 -1.27711 -0.0290741 2.30934 2.33212 0.279111
-1.28666 -1.27719 -0.0290741 2.30907 2.33165 0.293648
-1.28667 -1.27725 -0.0697778 2.30881 2.33122 0.311093
-1.28669 -1.27731 -0.0465185 2.30854 2.33069 0.316907
-1.28671 -1.2774 -0.0610556 2.30828 2.33023 0.348889
-1.28673 -1.27743 -0.014537 2.30801 2.32968 0.343074
-1.28675 -1.27749 0 2.30775 2.32912 0.38087
-1.28677 -1.27757 -0.0465185 2.30748 2.32857 0.389593
-1.28678 -1.27766 -0.0232593 2.30722 2.32799 0.407037
-1.2868 -1.27781 -0.0552407 2.30695 2.32735 0.421574
-1.28682 -1.27789 -0.0785 2.30668 2.32671 0.430296
-1.28684 -1.27798 -0.0610556 2.30642 2.32607 0.444833
-1.28686 -1.27807 -0.0697778 2.30615 2.32549 0.439019
-1.28687 -1.27815 -0.0377963 2.30589 2.32473 0.444833
-1.28689 -1.27824 -0.0610556 2.30562 2.32409 0.439019
-1.28691 -1.27839 -0.0377963 2.30536 2.32334 0.439019
-1.28693 -1.2785 -0.0785 2.30509 2.32276 0.430296
-1.28694 -1.27862 -0.0610556 2.30483 2.32203 0.412852
-1.28696 -1.27876 -0.0785 2.30456 2.32148 0.398315
-1.28698 -1.27888 -0.0872222 2.3043 2.32098 0.375056
-1.28699 -1.279 -0.0465185 2.30403 2.32043 0.343074
-1.28701 -1.27911 -0.0785 2.30376 2.31997 0.343074
-1.28703 -1.27926 -0.0697778 2.3035 2.31956 0.30237
-1.28704 -1.27938 -0.0697778 2.30323 2.31918 0.284926
-1.28706 -1.27952 -0.0872222 2.30297 2.31886 0.261667
-1.28708 -1.27961 -0.0377963 2.3027 2.31851 0.252944
-1.28709 -1.27972 -0.0610556 2.30244 2.31825 0.229685
-1.28711 -1.27984 -0.0697778 2.30217 2.31799 0.197704
-1.28713 -1.27996 -0.0785 2.3019 2.31778 0.188981
-1.28714 -1.28007 -0.0697778 2.30164 2.31758 0.197704
-1.28716 -1.28019 -0.0465185 2.30137 2.31738 0.157
-1.28718 -1.28031 -0.0290741 2.30111 2.3172 0.165722
-1.28719 -1.28039 -0.0465185 2.30084 2.31697 0.157
-1.28721 -1.28048 -0.0377963 2.30058 2.31677 0.165722
-1.28722 -1.28057 -0.014537 2.30031 2.31653 0.183167
-1.28724 -1.28065 -0.0610556 2.30004 2.31633 0.151185
-1.28725 -1.28074 -0.0552407 2.29978 2.31613 0.165722
-1.28727 -1.2808 -0.0552407 2.29951 2.31587 0.197704
-1.28729 -1.28086 0 2.29925 2.31558 0.197704
-1.2873 -1.28089 -0.0377963 2.29898 2.31523 0.174444
-1.28732 -1.28095 -0.0290741 2.29871 2.31494 0.188981
-1.28733 -1.281 -0.0552407 2.29845 2.31467 0.197704
-1.28735 -1.28106 -0.0232593 2.29818 2.31438 0.206426
-1.28736 -1.28109 0 2.29792 2.31409 0.183167
-1.28738 -1.28112 0 2.29765 2.31383 0.165722
-1.28739 -1.28115 0 2.29738 2.31354 0.142463
-1.28741 -1.28118 0 2.29712 2.31328 0.165722
-1.28742 -1.28121 -0.0465185 2.29685 2.31307 0.133741
-1.28743 -1.28124 -0.0465185 2.29659 2.3129 0.151185
-1.28745 -1.28129 -0.014537 2.29632 2.31276 0.110481
-1.28746 -1.28129 0 2.29605 2.31255 0.125019
-1.28748 -1.28129 0 2.29579 2.31235 0.101759
-1.28749 -1.28129 0 2.29552 2.31214 0.119204
-1.28751 -1.28129 0 2.29526 2.312 0.0697778
-1.28752 -1.28132 -0.0377963 2.29499 2.31185 0.110481
-1.28753 -1.28132 0 2.29472 2.31171 0.093037
-1.28755 -1.28132 0 2.29446 2.31153 0.0872222
-1.28756 -1.28132 0 2.29419 2.31136 0.110481
-1.28758 -1.28135 0 2.29392 2.31124 0.093037
-1.28759 -1.28135 0 2.29366 2.31107 0.101759
-1.2876 -1.28135 0 2.29339 2.31087 0.110481
-1.28762 -1.28135 0 2.29313 2.3106 0.125019
-1.28763 -1.28138 -0.0610556 2.29286 2.3104 0.125019
-1.28764 -1.28138 0 2.29259 2.31014 0.133741
-1.28766 -1.28138 0 2.29233 2.30988 0.142463
-1.28767 -1.28138 0 2.29206 2.30959 0.157
-1.28768 -1.28138 0 2.29179 2.30932 0.165722
-1.28769 -1.28141 -0.0465185 2.29153 2.30903 0.174444
-1.28771 -1.28141 0 2.29126 2.30866 0.183167
-1.28772 -1.28144 -0.00581481 2.29099 2.30834 0.197704
-1.28773 -1.28144 0 2.29073 2.30796 0.215148
-1.28777 -1.28147 0 2.29045 2.30758 0.206426
-1.28782 -1.2815 0 2.29017 2.30723 0.220963
-1.28787 -1.28153 0 2.28989 2.30682 0.220963
-1.28792 -1.28161 -0.0377963 2.28961 2.30653 0.220963
-1.28797 -1.28167 -0.0552407 2.28933 2.30624 0.206426
-1.28802 -1.2817 -0.0290741 2.28905 2.30586 0.215148
-1.28807 -1.28173 -0.0377963 2.28877 2.30552 0.206426
-1.28812 -1.28176 0 2.28849 2.30517 0.197704
-1.28816 -1.28182 -0.0377963 2.28821 2.30485 0.197704
-1.28821 -1.28188 -0.0465185 2.28793 2.30459 0.188981
-1.28826 -1.28196 -0.0232593 2.28765 2.30427 0.188981
-1.28831 -1.28202 -0.0377963 2.28737 2.30397 0.197704
-1.28836 -1.28211 -0.0465185 2.28709 2.30368 0.183167
-1.2884 -1.28217 -0.0465185 2.28681 2.30339 0.188981
-1.28845 -1.28225 -0.0552407 2.28653 2.30313 0.188981
-1.2885 -1.28231 -0.0465185 2.28625 2.30284 0.183167
-1.28855 -1.2824 -0.0697778 2.28597 2.30261 0.188981
-1.28859 -1.28246 -0.0377963 2.28569 2.30232 0.215148
-1.28864 -1.28254 -0.00581481 2.28541 2.30206 0.188981
-1.28869 -1.28263 -0.0697778 2.28513 2.30182 0.174444
-1.28874 -1.28272 -0.00581481 2.28485 2.30159 0.188981
-1.28878 -1.28278 -0.0697778 2.28456 2.30133 0.174444
-1.28883 -1.28286 -0.0232593 2.28428 2.30115 0.157
-1.28888 -1.28295 -0.0465185 2.284 2.30095 0.183167
-1.28892 -1.28307 -0.0552407 2.28372 2.30081 0.174444
-1.28897 -1.28313 -0.0610556 2.28344 2.30054 0.157
-1.28902 -1.28321 -0.0465185 2.28316 2.30037 0.142463
-1.28906 -1.2833 -0.0697778 2.28288 2.30017 0.174444
-1.28911 -1.28336 -0.0697778 2.2826 2.29999 0.133741
-1.28915 -1.28342 -0.0610556 2.28232 2.29979 0.151185
-1.2892 -1.2835 -0.014537 2.28204 2.29964 0.133741
-1.28925 -1.28362 -0.0377963 2.28176 2.29956 0.119204
-1.28929 -1.28371 -0.0465185 2.28148 2.29944 0.142463
-1.28934 -1.28377 -0.0697778 2.2812 2.29929 0.125019
-1.28938 -1.28388 -0.0610556 2.28091 2.29921 0.125019
-1.28943 -1.28394 -0.0610556 2.28063 2.29903 0.110481
-1.28947 -1.28403 -0.0610556 2.28035 2.29894 0.110481
-1.28952 -1.28409 -0.0552407 2.28007 2.29886 0.093037
-1.28956 -1.28414 -0.0610556 2.27979 2.29877 0.093037
-1.28961 -1.28423 -0.014537 2.27951 2.29871 0.0785
-1.28965 -1.28429 -0.0377963 2.27923 2.29862 0.0872222
-1.2897 -1.28438 -0.0465185 2.27895 2.2986 0.0872222
-1.28974 -1.28443 -0.0465185 2.27867 2.29854 0.0552407
-1.28979 -1.28452 -0.0290741 2.27839 2.29854 0.0610556
-1.28983 -1.28458 -0.0552407 2.2781 2.29848 0.0377963
-1.28987 -1.28461 -0.0610556 2.27782 2.29842 0.0552407
-1.28992 -1.28467 0 2.27754 2.29839 0.0697778
-1.28996 -1.28472 -0.0552407 2.27726 2.29833 0.0465185
-1.29001 -1.28475 0 2.27698 2.29828 0.014537
-1.29005 -1.28481 -0.0232593 2.2767 2.29825 0.0465185
-1.29009 -1.28487 -0.00581481 2.27642 2.29825 0.0610556
-1.29014 -1.2849 -0.0290741 2.27614 2.29816 0.0232593
-1.29018 -1.28493 -0.014537 2.27585 2.29813 0.0377963
-1.29022 -1.28496 0 2.27557 2.29807 0.0610556
-1.29027 -1.28502 0 2.27529 2.29807 0.0610556
-1.29031 -1.28502 0 2.27501 2.29799 0.0232593
-1.29035 -1.28507 -0.0290741 2.27473 2.29799 0.0232593
-1.29039 -1.2851 0 2.27445 2.29793 0.014537
-1.29044 -1.28513 0 2.27416 2.2979 0.0232593
-1.29048 -1.28519 0 2.27388 2.29793 0
-1.29052 -1.28519 0 2.2736 2.29784 0
-1.29056 -1.28522 -0.0290741 2.27332 2.29781 0.014537
-1.29061 -1.28525 0 2.27304 2.29775 0.0232593
-1.29065 -1.28531 0 2.27276 2.29775 0.0552407
-1.29069 -1.28531 0 2.27247 2.29767 0.0377963
-1.29073 -1.28534 -0.0232593 2.27219 2.29761 0.0232593
-1.29077 -1.28536 -0.00581481 2.27191 2.29758 0.0610556
-1.29082 -1.28539 -0.0610556 2.27163 2.29752 0.014537
-1.29086 -1.28542 0 2.27135 2.29746 0.0610556
-1.2909 -1.28542 0 2.27107 2.29737 0.0552407
-1.29094 -1.28545 0 2.27078 2.29729 0.0610556
-1.29098 -1.28545 0 2.2705 2.2972 0.0785
-1.29102 -1.28551 0 2.27022 2.29714 0.0552407
-1.29106 -1.28554 -0.0377963 2.26994 2.29706 0.0785
-1.2911 -1.28557 0 2.26966 2.29694 0.0872222
-1.29114 -1.2856 0 2.26937 2.29682 0.0610556
-1.29118 -1.28563 0 2.26909 2.29674 0.0465185
-1.29122 -1.28566 0 2.26881 2.29662 0.0610556
-1.29126 -1.28568 0 2.26853 2.29653 0.0785
-1.2913 -1.28571 -0.014537 2.26825 2.29642 0.0872222
-1.29134 -1.28574 -0.0290741 2.26797 2.29627 0.0872222
-1.29138 -1.28577 -0.0552407 2.26769 2.29615 0.0872222
-1.29142 -1.28583 -0.0552407 2.2674 2.29607 0.093037
-1.29145 -1.28589 0 2.26712 2.29595 0.0785
-1.29149 -1.28589 0 2.26684 2.29578 0.093037
-1.29153 -1.28595 -0.0290741 2.26656 2.29563 0.101759
-1.29157 -1.286 -0.0290741 2.26628 2.29548 0.119204
-1.29161 -1.28609 -0.0610556 2.266 2.29534 0.110481
-1.29164 -1.28618 -0.0610556 2.26571 2.29517 0.133741
-1.29168 -1.28621 -0.0377963 2.26543 2.2949 0.142463
-1.29172 -1.28627 0 2.26515 2.29467 0.165722
-1.29176 -1.28632 0 2.26487 2.29441 0.157
-1.29179 -1.28641 -0.0552407 2.26459 2.29418 0.174444
-1.29183 -1.28653 -0.0552407 2.2643 2.29394 0.206426
-1.29187 -1.28661 -0.0697778 2.26402 2.29368 0.220963
-1.2919 -1.2867 -0.014537 2.26374 2.29339 0.238407
-1.29194 -1.28676 -0.00581481 2.26346 2.29304 0.238407
-1.29198 -1.28685 -0.0465185 2.26318 2.29266 0.279111
-1.29201 -1.28696 -0.0785 2.26289 2.29235 0.270389
-1.29205 -1.28711 -0.0785 2.26261 2.292 0.293648
-1.29209 -1.28723 -0.0697778 2.26233 2.29159 0.311093
-1.29212 -1.28734 -0.0552407 2.26205 2.29121 0.316907
-1.29216 -1.28746 -0.0785 2.26177 2.2908 0.348889
-1.2922 -1.28763 -0.093037 2.26148 2.29028 0.348889
-1.29223 -1.28778 -0.093037 2.2612 2.28984 0.334352
-1.29227 -1.28795 -0.101759 2.26092 2.28932 0.375056
-1.2923 -1.28813 -0.101759 2.26064 2.28886 0.407037
-1.29234 -1.2883 -0.093037 2.26036 2.28827 0.421574
-1.29237 -1.2885 -0.110481 2.26007 2.28781 0.444833
-1.29241 -1.28871 -0.119204 2.25979 2.2872 0.476815
-1.29244 -1.28894 -0.119204 2.25951 2.28644 0.534963
-1.29248 -1.28912 -0.119204 2.25923 2.28569 0.5495
-1.29252 -1.28938 -0.125019 2.25894 2.28479 0.572759
-1.29255 -1.28958 -0.125019 2.25866 2.28409 0.596019
-1.29259 -1.28978 -0.142463 2.25838 2.28327 0.596019
-1.29262 -1.29007 -0.133741 2.2581 2.28261 0.581481
-1.29265 -1.29028 -0.133741 2.25781 2.28191 0.581481
-1.29269 -1.29054 -0.133741 2.25753 2.28115 0.590204
-1.29272 -1.29077 -0.151185 2.25725 2.28048 0.5495
-1.29276 -1.29103 -0.133741 2.25697 2.27978 0.558222
-1.29279 -1.2913 -0.157 2.25668 2.2792 0.5495
-1.29283 -1.29153 -0.142463 2.2564 2.27859 0.526241
-1.29286 -1.29179 -0.165722 2.25612 2.27807 0.508796
-1.29289 -1.29199 -0.142463 2.25584 2.2776 0.471
-1.29293 -1.29231 -0.142463 2.25555 2.27705 0.421574
-1.29296 -1.29249 -0.119204 2.25527 2.27662 0.389593
-1.293 -1.29272 -0.125019 2.25499 2.27615 0.389593
-1.29303 -1.29298 -0.133741 2.2547 2.27583 0.366333
-1.29306 -1.29324 -0.142463 2.25442 2.27548 0.366333
-1.2931 -1.29348 -0.142463 2.25414 2.2751 0.366333
-1.29313 -1.29368 -0.119204 2.25386 2.2747 0.375056
-1.29316 -1.29385 -0.119204 2.25357 2.27423 0.38087
-1.29319 -1.29403 -0.101759 2.25329 2.27377 0.38087
-1.29323 -1.29423 -0.101759 2.25301 2.2733 0.421574
-1.29326 -1.29444 -0.119204 2.25272 2.27275 0.407037
-1.29329 -1.29461 -0.119204 2.25244 2.27211 0.453556
-1.29333 -1.29484 -0.125019 2.25216 2.27138 0.462278
-1.29336 -1.29499 -0.093037 2.25188 2.27066 0.508796
-1.29339 -1.29513 -0.093037 2.25159 2.26993 0.508796
-1.29342 -1.29528 -0.0697778 2.25131 2.26923 0.558222
-1.29345 -1.29545 -0.101759 2.25103 2.2685 0.566944
-1.29349 -1.2956 -0.110481 2.25074 2.26775 0.540778
-1.29352 -1.29577 -0.119204 2.25046 2.26699 0.572759
-1.29355 -1.29595 -0.101759 2.25018 2.26618 0.558222
-1.29358 -1.29609 -0.0465185 2.24989 2.26531 0.581481
-1.29361 -1.29621 -0.0610556 2.24961 2.26443 0.558222
-1.29364 -1.29638 -0.0872222 2.24933 2.26368 0.534963
-1.29368 -1.29659 -0.110481 2.24904 2.26295 0.453556
-1.29371 -1.29679 -0.093037 2.24876 2.26237 0.444833
-1.29374 -1.29694 -0.101759 2.24848 2.26182 0.389593
-1.29377 -1.29705 -0.0610556 2.24819 2.26129 0.357611
-1.2938 -1.2972 -0.0785 2.24791 2.26094 0.279111
-1.29383 -1.29734 -0.0785 2.24763 2.2606 0.252944
-1.29386 -1.29749 -0.0785 2.24734 2.26042 0.197704
-1.29389 -1.2976 -0.0785 2.24706 2.26025 0.157
-1.29392 -1.29769 -0.0552407 2.24678 2.2601 0.125019
-1.29394 -1.29781 -0.0785 2.2465 2.26001 0.119204
-1.29397 -1.29792 -0.0872222 2.24622 2.25996 0.0872222
-1.29399 -1.29798 -0.0290741 2.24594 2.2599 0.0610556
-1.29401 -1.29801 -0.0465185 2.24565 2.25978 0.0785
-1.29404 -1.29807 -0.0465185 2.24537 2.25975 0.0465185
-1.29406 -1.29813 0 2.24509 2.25972 0.0377963
-1.29409 -1.29819 -0.00581481 2.24481 2.25969 0.0697778
-1.29411 -1.29822 -0.0610556 2.24453 2.25967 0.0465185
-1.29413 -1.29827 0 2.24425 2.25964 0.0610556
-1.29416 -1.2983 0 2.24397 2.25958 0.0290741
-1.29418 -1.2983 0 2.24369 2.25955 0.0552407
-1.2942 -1.2983 0 2.2434 2.25946 0.00581481
-1.29423 -1.29833 -0.0232593 2.24312 2.25949 0
-1.29425 -1.29833 0 2.24284 2.25946 0
-1.29427 -1.29833 0 2.24256 2.25946 0
-1.2943 -1.29833 0 2.24228 2.25946 0
-1.29432 -1.29833 0 2.242 2.25946 0
-1.29434 -1.29833 0 2.24172 2.25946 0
-1.29436 -1.29833 0 2.24143 2.25946 0
-1.29439 -1.29833 0 2.24115 2.25946 0
-1.29441 -1.29833 0 2.24087 2.25946 0
-1.29443 -1.29833 0 2.24059 2.25946 0
-1.29445 -1.29833 0 2.24031 2.25946 0
-1.29447 -1.29833 0 2.24003 2.25946 0
-1.2945 -1.29833 0 2.23974 2.25946 0
-1.29452 -1.29833 0 2.23946 2.25946 0
-1.29454 -1.29833 0 2.23918 2.25946 0
-1.29456 -1.29833 0 2.2389 2.25946 0
-1.29458 -1.29833 0 2.23862 2.25946 0
-1.29461 -1.29833 0 2.23834 2.25946 0
-1.29463 -1.29833 0 2.23805 2.25946 0
-1.29465 -1.29833 0 2.23777 2.25943 0.0377963
-1.29467 -1.29833 0 2.23749 2.25943 0
-1.29469 -1.29833 0 2.23721 2.2594 0.0610556
-1.29471 -1.29833 0 2.23693 2.25938 0.0290741
-1.29473 -1.29833 0 2.23664 2.25932 0.0232593
-1.29475 -1.29833 0 2.23636 2.25926 0.0465185
-1.29477 -1.29833 0 2.23608 2.2592 0.014537
-1.2948 -1.29833 0 2.2358 2.25914 0.0290741
-1.29482 -1.29833 0 2.23552 2.25908 0.014537
-1.29484 -1.29833 0 2.23523 2.259 0.0610556
-1.29486 -1.29833 0 2.23495 2.25891 0.0377963
-1.29488 -1.29833 0 2.23467 2.25879 0.0697778
-1.2949 -1.29833 0 2.23439 2.25871 0.014537
-1.29492 -1.29833 0 2.23411 2.25859 0.0552407
-1.29494 -1.29836 -0.00581481 2.23382 2.2585 0.0377963
-1.29496 -1.29836 0 2.23354 2.25842 0.0465185
-1.29498 -1.29836 0 2.23326 2.2583 0.0785
-1.295 -1.29839 -0.0290741 2.23298 2.25821 0.0465185
-1.29502 -1.29839 0 2.23269 2.25812 0.0552407
-1.29504 -1.29839 0 2.23241 2.25804 0.0465185
-1.29506 -1.29839 0 2.23213 2.25789 0.0872222
-1.29507 -1.29839 0 2.23185 2.25778 0.0872222
-1.29509 -1.29842 0 2.23156 2.25769 0.0465185
-1.29511 -1.29845 0 2.23128 2.2576 0.093037
-1.29513 -1.29848 0 2.231 2.25749 0.0697778
-1.29515 -1.29848 0 2.23072 2.25734 0.0610556
-1.29517 -1.29848 0 2.23044 2.25719 0.0872222
-1.29519 -1.29851 0 2.23015 2.25708 0.0697778
-1.29521 -1.29851 0 2.22987 2.25693 0.0872222
-1.29523 -1.29854 0 2.22959 2.25685 0.0872222
-1.29524 -1.29854 0 2.2293 2.25664 0.101759
-1.29526 -1.29856 -0.0610556 2.22902 2.2565 0.0872222
-1.29528 -1.29859 -0.0377963 2.22874 2.25632 0.110481
-1.2953 -1.29859 0 2.22846 2.25615 0.119204
-1.29532 -1.29859 0 2.22817 2.25597 0.110481
-1.29534 -1.29859 0 2.22789 2.25577 0.119204
-1.29535 -1.29862 -0.0377963 2.22761 2.25557 0.125019
-1.29537 -1.29865 -0.0290741 2.22733 2.25536 0.125019
-1.29539 -1.29868 -0.0290741 2.22704 2.25516 0.119204
-1.29541 -1.29868 0 2.22676 2.25493 0.133741
-1.29542 -1.29871 0 2.22648 2.25469 0.151185
-1.29544 -1.29871 0 2.22619 2.25443 0.133741
-1.29546 -1.29877 -0.0377963 2.22591 2.25423 0.151185
-1.29548 -1.2988 -0.0552407 2.22563 2.254 0.142463
-1.29549 -1.29883 0 2.22534 2.25368 0.174444
-1.29552 -1.29885 0 2.22506 2.25344 0.157
-1.29555 -1.29885 0 2.22477 2.25312 0.157
-1.29558 -1.29891 -0.00581481 2.22448 2.25286 0.174444
-1.29561 -1.29897 -0.0552407 2.22419 2.2526 0.188981
-1.29564 -1.29903 -0.0552407 2.2239 2.25228 0.206426
-1.29567 -1.29906 0 2.22362 2.25193 0.220963
-1.29569 -1.29906 0 2.22333 2.25155 0.215148
-1.29572 -1.29912 -0.0465185 2.22304 2.25118 0.238407
-1.29575 -1.29917 -0.0377963 2.22275 2.2508 0.252944
-1.29578 -1.29923 -0.00581481 2.22246 2.25042 0.24713
-1.2958 -1.29926 -0.014537 2.22217 2.25001 0.261667
-1.29583 -1.29932 -0.0610556 2.22189 2.24961 0.261667
-1.29586 -1.29938 -0.0552407 2.2216 2.24917 0.252944
-1.29589 -1.29947 -0.0465185 2.22131 2.24873 0.284926
-1.29591 -1.29949 -0.0465185 2.22102 2.24821 0.316907
-1.29594 -1.29952 -0.0377963 2.22073 2.24769 0.316907
-1.29597 -1.29958 -0.0290741 2.22044 2.24705 0.348889
-1.296 -1.29964 -0.0377963 2.22015 2.24647 0.357611
-1.29602 -1.29973 -0.0785 2.21987 2.24586 0.357611
-1.29605 -1.29981 -0.0610556 2.21958 2.24522 0.407037
-1.29608 -1.29984 -0.0610556 2.21929 2.24452 0.407037
-1.2961 -1.29987 0 2.219 2.24382 0.407037
-1.29613 -1.29993 -0.0290741 2.21871 2.24315 0.421574
-1.29616 -1.30002 -0.0697778 2.21842 2.24242 0.412852
-1.29618 -1.30013 -0.0290741 2.21813 2.24181 0.430296
-1.29621 -1.30022 -0.0785 2.21784 2.24115 0.421574
-1.29623 -1.30028 -0.00581481 2.21755 2.24039 0.439019
-1.29626 -1.30034 -0.014537 2.21727 2.23972 0.412852
-1.29629 -1.30042 -0.0290741 2.21698 2.23905 0.412852
-1.29631 -1.30054 -0.0872222 2.21669 2.2385 0.375056
-1.29634 -1.30063 -0.0610556 2.2164 2.23801 0.375056
-1.29636 -1.30074 -0.014537 2.21611 2.2376 0.357611
-1.29639 -1.30077 -0.0290741 2.21582 2.23713 0.30237
-1.29641 -1.30083 -0.0610556 2.21553 2.2367 0.293648
-1.29644 -1.30092 -0.0290741 2.21524 2.23635 0.279111
-1.29646 -1.30104 -0.0552407 2.21495 2.23606 0.24713
-1.29649 -1.30109 -0.0465185 2.21466 2.23574 0.238407
-1.29651 -1.30115 -0.0377963 2.21437 2.23545 0.220963
-1.29654 -1.30121 -0.0377963 2.21409 2.23519 0.206426
-1.29656 -1.30127 -0.0232593 2.2138 2.23495 0.174444
-1.29659 -1.30133 -0.0552407 2.21351 2.23472 0.174444
-1.29661 -1.30141 -0.0610556 2.21322 2.23452 0.183167
-1.29664 -1.30144 -0.0552407 2.21293 2.23428 0.157
-1.29666 -1.30147 -0.0552407 2.21264 2.23405 0.151185
-1.29668 -1.30147 0 2.21235 2.23382 0.142463
-1.29671 -1.30147 0 2.21206 2.23356 0.142463
-1.29673 -1.30153 0 2.21177 2.23338 0.151185
-1.29676 -1.30159 -0.0232593 2.21148 2.23321 0.142463
-1.29678 -1.30162 0 2.21119 2.23298 0.165722
-1.2968 -1.30165 0 2.2109 2.23274 0.142463
-1.29683 -1.30165 0 2.21061 2.23248 0.151185
-1.29685 -1.30165 0 2.21032 2.23222 0.151185
-1.29687 -1.30168 0 2.21003 2.23199 0.157
-1.2969 -1.3017 0 2.20974 2.2317 0.151185
-1.29692 -1.3017 0 2.20945 2.23143 0.157
-1.29694 -1.3017 0 2.20916 2.23112 0.157
-1.29697 -1.3017 0 2.20887 2.23085 0.174444
-1.29699 -1.3017 0 2.20858 2.23059 0.142463
-1.29701 -1.3017 0 2.20829 2.23033 0.157
-1.29703 -1.3017 0 2.208 2.2301 0.142463
-1.29706 -1.3017 0 2.20771 2.22981 0.142463
-1.29708 -1.3017 0 2.20742 2.22957 0.133741
-1.2971 -1.3017 0 2.20713 2.22928 0.125019
-1.29712 -1.3017 0 2.20684 2.22905 0.133741
-1.29715 -1.3017 0 2.20655 2.22879 0.119204
-1.29717 -1.3017 0 2.20626 2.22861 0.110481
-1.29719 -1.3017 0 2.20597 2.22844 0.093037
-1.29721 -1.3017 0 2.20568 2.22827 0.0697778
-1.29723 -1.3017 0 2.20539 2.22812 0.110481
-1.29726 -1.3017 0 2.2051 2.22798 0.0872222
-1.29728 -1.3017 0 2.20481 2.22783 0.0785
-1.2973 -1.3017 0 2.20452 2.22771 0.0697778
-1.29732 -1.3017 0 2.20423 2.2276 0.0377963
-1.29734 -1.3017 0 2.20394 2.22748 0.0785
-1.29736 -1.3017 0 2.20365 2.22739 0.0610556
-1.29738 -1.3017 0 2.20336 2.22731 0.0785
-1.2974 -1.3017 0 2.20307 2.22719 0.0290741
-1.29743 -1.3017 0 2.20278 2.2271 0.0465185
-1.29745 -1.3017 0 2.20249 2.22702 0.0465185
-1.29747 -1.3017 0 2.2022 2.2269 0.0785
-1.29749 -1.3017 -0.00581481 2.20191 2.22678 0.0552407
-1.29751 -1.30173 0 2.20162 2.2267 0.0785
-1.29753 -1.30173 0 2.20133 2.22655 0.0872222
-1.29755 -1.30173 0 2.20104 2.22641 0.0785
-1.29757 -1.30173 0 2.20075 2.22626 0.0785
-1.29759 -1.30173 0 2.20046 2.22611 0.0785
-1.29761 -1.30173 0 2.20017 2.22591 0.110481
-1.29763 -1.30173 0 2.19988 2.22574 0.0785
-1.29765 -1.30173 0 2.19959 2.22553 0.110481
-1.29767 -1.30176 -0.014537 2.19929 2.22536 0.119204
-1.29769 -1.30176 0 2.199 2.22513 0.133741
-1.29771 -1.30176 0 2.19871 2.22486 0.142463
-1.29773 -1.30176 0 2.19842 2.2246 0.133741
-1.29775 -1.30179 0 2.19813 2.22431 0.157
-1.29777 -1.30179 0 2.19784 2.22402 0.174444
-1.29778 -1.30179 0 2.19755 2.22373 0.157
-1.2978 -1.30182 0 2.19726 2.22341 0.206426
-1.29782 -1.30182 0 2.19697 2.22309 0.183167
-1.29784 -1.30185 -0.0232593 2.19668 2.22265 0.206426
-1.29786 -1.30188 -0.0465185 2.19639 2.22233 0.206426
-1.29788 -1.30191 -0.0290741 2.19609 2.22196 0.220963
-1.2979 -1.30191 0 2.1958 2.22155 0.252944
-1.29792 -1.30194 -0.0290741 2.19551 2.22114 0.238407
-1.29793 -1.30197 0 2.19522 2.22071 0.252944
-1.29795 -1.30202 0 2.19493 2.22033 0.270389
-1.29797 -1.30205 0 2.19464 2.21989 0.270389
-1.29799 -1.30208 -0.0552407 2.19435 2.21951 0.279111
-1.29801 -1.30214 -0.0290741 2.19406 2.21908 0.261667
-1.29802 -1.30217 0 2.19376 2.21867 0.252944
-1.29804 -1.30217 0 2.19347 2.21829 0.252944
-1.29806 -1.30223 -0.00581481 2.19318 2.21792 0.24713
-1.29808 -1.30229 -0.00581481 2.19289 2.2176 0.238407
-1.2981 -1.30234 -0.0465185 2.1926 2.2173 0.238407
-1.29811 -1.3024 -0.0290741 2.19231 2.21701 0.215148
-1.29813 -1.30246 0 2.19202 2.21672 0.215148
-1.29815 -1.30249 0 2.19172 2.21635 0.220963
-1.29816 -1.30255 -0.0465185 2.19143 2.21603 0.229685
-1.29818 -1.30261 -0.0552407 2.19114 2.21565 0.220963
-1.2982 -1.30269 -0.0552407 2.19085 2.2153 0.220963
-1.29822 -1.30272 -0.0465185 2.19056 2.21489 0.220963
-1.29823 -1.30275 -0.0232593 2.19027 2.21446 0.229685
-1.29825 -1.30278 0 2.18997 2.21402 0.279111
-1.29826 -1.30281 0 2.18968 2.21364 0.24713
-1.29828 -1.30287 -0.0465185 2.18939 2.21323 0.284926
-1.2983 -1.30293 -0.0552407 2.1891 2.21286 0.24713
-1.29831 -1.30301 -0.0377963 2.18881 2.21251 0.252944
-1.29833 -1.30301 0 2.18851 2.21207 0.24713
-1.29835 -1.30304 0 2.18822 2.21172 0.238407
-1.29836 -1.30307 -0.0377963 2.18793 2.21137 0.197704
-1.29838 -1.30313 0 2.18764 2.21108 0.206426
-1.29839 -1.30316 -0.0552407 2.18735 2.21079 0.174444
-1.29841 -1.30319 0 2.18705 2.2105 0.165722
-1.29842 -1.30322 0 2.18676 2.21027 0.157
-1.29844 -1.30322 -0.014537 2.18647 2.20995 0.157
-1.29846 -1.30327 -0.0552407 2.18618 2.20972 0.174444
-1.29847 -1.3033 0 2.18589 2.20948 0.151185
-1.29849 -1.30333 0 2.18559 2.20925 0.151185
-1.2985 -1.30333 0 2.1853 2.20896 0.165722
-1.29852 -1.30333 0 2.18501 2.2087 0.142463
-1.29853 -1.30336 0 2.18472 2.20844 0.165722
-1.29855 -1.30336 0 2.18442 2.20812 0.174444
-1.29856 -1.30339 0 2.18413 2.20786 0.174444
-1.29857 -1.30339 0 2.18384 2.20751 0.165722
-1.29859 -1.30339 0 2.18355 2.20722 0.174444
-1.2986 -1.30339 0 2.18326 2.20687 0.183167
-1.29862 -1.30339 0 2.18296 2.20655 0.183167
-1.29863 -1.30339 0 2.18267 2.2062 0.174444
-1.29865 -1.30339 0 2.18238 2.20585 0.183167
-1.29866 -1.30339 0 2.18209 2.20553 0.188981
-1.29867 -1.30339 0 2.18179 2.20524 0.183167
-1.29869 -1.30339 0 2.1815 2.20495 0.174444
-1.2987 -1.30339 0 2.18121 2.20463 0.174444
-1.29872 -1.30342 0 2.18091 2.20434 0.165722
-1.29873 -1.30342 0 2.18062 2.20405 0.165722
-1.29874 -1.30342 0 2.18033 2.20379 0.157
-1.29876 -1.30342 0 2.18004 2.20352 0.151185
-1.29877 -1.30342 0 2.17974 2.20329 0.125019
-1.29878 -1.30342 0 2.17945 2.20303 0.142463
-1.2988 -1.30342 0 2.17916 2.2028 0.133741
-1.29881 -1.30345 -0.0465185 2.17887 2.20259 0.119204
-1.29882 -1.30345 0 2.17857 2.20239 0.133741
-1.29883 -1.30345 0 2.17828 2.20216 0.133741
-1.29885 -1.30345 0 2.17799 2.20195 0.133741
-1.29886 -1.30348 0 2.17769 2.20175 0.125019
-1.29887 -1.30348 -0.0610556 2.1774 2.20152 0.119204
-1.29889 -1.30348 0 2.1771 2.20129 0.133741
-1.29891 -1.30348 0 2.17681 2.20099 0.142463
-1.29894 -1.30348 0 2.17651 2.2007 0.157
-1.29896 -1.30351 0 2.17621 2.20047 0.142463
-1.29898 -1.30351 0 2.17591 2.20018 0.165722
-1.29901 -1.30351 0 2.17561 2.19986 0.183167
-1.29903 -1.30354 -0.0377963 2.17531 2.19957 0.183167
-1.29905 -1.30354 0 2.17501 2.19919 0.197704
-1.29908 -1.30354 0 2.17471 2.19881 0.220963
-1.2991 -1.30354 0 2.17441 2.19844 0.215148
-1.29912 -1.30356 0 2.17412 2.19803 0.220963
-1.29914 -1.30359 0 2.17382 2.19762 0.24713
-1.29917 -1.30362 0 2.17352 2.19719 0.252944
-1.29919 -1.30365 0 2.17322 2.19675 0.252944
-1.29921 -1.30368 0 2.17292 2.19628 0.261667
-1.29923 -1.30374 0 2.17262 2.19579 0.284926
-1.29926 -1.30377 0 2.17232 2.19532 0.293648
-1.29928 -1.30383 -0.0377963 2.17202 2.19486 0.279111
-1.2993 -1.30386 -0.00581481 2.17172 2.19434 0.270389
-1.29932 -1.30391 -0.014537 2.17142 2.19381 0.293648
-1.29934 -1.30397 0 2.17112 2.19338 0.284926
-1.29936 -1.304 -0.0377963 2.17082 2.19291 0.279111
-1.29939 -1.30406 -0.0377963 2.17052 2.19248 0.261667
-1.29941 -1.30415 0 2.17022 2.19201 0.279111
-1.29943 -1.30418 0 2.16992 2.19157 0.279111
-1.29945 -1.30423 -0.0465185 2.16962 2.19114 0.279111
-1.29947 -1.30432 -0.0610556 2.16933 2.19076 0.261667
-1.29949 -1.30438 0 2.16903 2.19035 0.270389
-1.29951 -1.30444 0 2.16873 2.18998 0.270389
-1.29953 -1.30447 0 2.16843 2.18957 0.261667
-1.29955 -1.30452 -0.0552407 2.16813 2.18922 0.24713
-1.29957 -1.30461 -0.0697778 2.16783 2.18887 0.279111
-1.29959 -1.30467 -0.0377963 2.16753 2.18855 0.252944
-1.29961 -1.3047 -0.0290741 2.16723 2.18811 0.261667
-1.29964 -1.3047 0 2.16693 2.18771 0.252944
-1.29966 -1.30473 0 2.16663 2.1873 0.252944
-1.29968 -1.30479 -0.0377963 2.16633 2.18695 0.252944
-1.2997 -1.30484 -0.0552407 2.16603 2.18657 0.238407
-1.29971 -1.30493 -0.014537 2.16573 2.18625 0.220963
-1.29973 -1.30496 -0.00581481 2.16543 2.1859 0.215148
-1.29975 -1.30499 0 2.16513 2.18561 0.197704
-1.29977 -1.30502 -0.0377963 2.16483 2.18532 0.197704
-1.29979 -1.30508 -0.00581481 2.16453 2.18503 0.215148
-1.29981 -1.30513 -0.0290741 2.16423 2.1848 0.188981
-1.29983 -1.30516 0 2.16393 2.18457 0.165722
-1.29985 -1.30519 0 2.16363 2.18433 0.157
-1.29987 -1.30519 -0.0465185 2.16333 2.18407 0.157
-1.29989 -1.30525 0 2.16302 2.1839 0.151185
-1.29991 -1.30525 0 2.16272 2.18364 0.151185
-1.29993 -1.30528 -0.0465185 2.16242 2.18338 0.165722
-1.29994 -1.30531 0 2.16212 2.18314 0.151185
-1.29996 -1.30531 0 2.16182 2.18288 0.165722
-1.29998 -1.30531 0 2.16152 2.18259 0.151185
-1.3 -1.30534 0 2.16122 2.18239 0.157
-1.30002 -1.30534 0 2.16092 2.1821 0.157
-1.30004 -1.30537 0 2.16062 2.18183 0.165722
-1.30005 -1.30537 0 2.16032 2.18157 0.174444
-1.30007 -1.30537 0 2.16002 2.18128 0.165722
-1.30009 -1.30537 0 2.15972 2.18099 0.183167
-1.30011 -1.3054 0 2.15942 2.1807 0.165722
-1.30013 -1.3054 0 2.15912 2.18041 0.188981
-1.30014 -1.3054 0 2.15882 2.18009 0.183167
-1.30016 -1.3054 0 2.15852 2.1798 0.165722
-1.30018 -1.3054 0 2.15821 2.17954 0.157
-1.30019 -1.3054 0 2.15791 2.17925 0.183167
-1.30021 -1.30543 -0.0232593 2.15761 2.17899 0.174444
-1.30023 -1.30543 0 2.15731 2.17872 0.157
-1.30025 -1.30543 0 2.15701 2.17849 0.133741
-1.30026 -1.30543 0 2.15671 2.17826 0.151185
-1.30028 -1.30543 0 2.15641 2.17803 0.142463
-1.3003 -1.30545 0 2.15611 2.17785 0.133741
-1.30031 -1.30545 0 2.15581 2.17765 0.110481
-1.30033 -1.30548 -0.0465185 2.1555 2.17744 0.110481
-1.30034 -1.30548 0 2.1552 2.17721 0.119204
-1.30036 -1.30551 -0.00581481 2.1549 2.17704 0.110481
-1.30038 -1.30551 0 2.1546 2.17683 0.110481
-1.30039 -1.30551 0 2.1543 2.17663 0.119204
-1.30041 -1.30557 0 2.154 2.17648 0.110481
-1.30043 -1.3056 -0.0290741 2.15369 2.17634 0.110481
-1.30045 -1.30563 0 2.15339 2.17614 0.125019
-1.30047 -1.30563 0 2.15308 2.1759 0.125019
-1.30049 -1.30563 0 2.15278 2.1757 0.125019
-1.30051 -1.30566 0 2.15248 2.17541 0.133741
-1.30053 -1.30572 0 2.15217 2.17521 0.142463
-1.30055 -1.30575 0 2.15187 2.17489 0.142463
-1.30057 -1.30577 0 2.15156 2.17465 0.157
-1.30059 -1.3058 0 2.15126 2.17445 0.142463
-1.30061 -1.30583 0 2.15095 2.17419 0.165722
-1.30063 -1.30583 0 2.15065 2.17396 0.157
-1.30065 -1.30589 -0.0465185 2.15035 2.17369 0.174444
-1.30067 -1.30592 -0.00581481 2.15004 2.17343 0.165722
-1.30069 -1.30598 0 2.14974 2.17311 0.174444
-1.30071 -1.30598 0 2.14943 2.17279 0.197704
-1.30073 -1.30601 0 2.14913 2.17244 0.197704
-1.30075 -1.30607 0 2.14882 2.17215 0.188981
-1.30076 -1.30609 -0.0552407 2.14852 2.17177 0.206426
-1.30078 -1.30615 0 2.14822 2.17143 0.206426
-1.3008 -1.30618 -0.0552407 2.14791 2.17108 0.206426
-1.30082 -1.30624 0 2.14761 2.17079 0.206426
-1.30084 -1.30627 -0.0232593 2.1473 2.17052 0.220963
-1.30086 -1.3063 -0.0377963 2.147 2.17015 0.206426
-1.30087 -1.30633 0 2.14669 2.16983 0.197704
-1.30089 -1.30636 -0.0290741 2.14639 2.16951 0.197704
-1.30091 -1.30639 -0.0377963 2.14608 2.16919 0.188981
-1.30093 -1.30644 -0.0290741 2.14578 2.16893 0.183167
-1.30094 -1.30647 0 2.14547 2.16863 0.188981
-1.30096 -1.30647 0 2.14517 2.16834 0.174444
-1.30098 -1.3065 -0.0290741 2.14486 2.16805 0.174444
-1.301 -1.30659 0 2.14456 2.16782 0.174444
-1.30101 -1.30662 -0.0465185 2.14425 2.16756 0.188981
-1.30103 -1.30665 0 2.14395 2.16724 0.174444
-1.30105 -1.30668 0 2.14364 2.16695 0.188981
-1.30106 -1.3067 -0.014537 2.14334 2.16669 0.188981
-1.30108 -1.30673 0 2.14303 2.1664 0.188981
-1.3011 -1.30676 0 2.14273 2.16613 0.188981
-1.30111 -1.30679 0 2.14242 2.16587 0.188981
-1.30113 -1.30685 -0.0552407 2.14212 2.16564 0.165722
-1.30115 -1.30691 0 2.14181 2.16541 0.174444
-1.30116 -1.30694 -0.0465185 2.14151 2.16512 0.165722
-1.30118 -1.30694 0 2.1412 2.16486 0.165722
-1.3012 -1.30697 -0.0465185 2.1409 2.16465 0.142463
-1.30121 -1.30702 -0.0377963 2.14059 2.16442 0.151185
-1.30123 -1.30702 0 2.14029 2.16422 0.151185
-1.30124 -1.30705 -0.0232593 2.13998 2.16401 0.133741
-1.30126 -1.30708 0 2.13967 2.16378 0.125019
-1.30127 -1.30711 0 2.13937 2.16361 0.133741
-1.30129 -1.30714 0 2.13906 2.16337 0.125019
-1.3013 -1.3072 -0.0232593 2.13876 2.16323 0.119204
-1.30132 -1.30726 -0.014537 2.13845 2.16308 0.119204
-1.30134 -1.30729 -0.0377963 2.13815 2.16288 0.119204
-1.30135 -1.30729 0 2.13784 2.16265 0.133741
-1.30137 -1.30732 0 2.13753 2.16244 0.119204
-1.30138 -1.30732 0 2.13723 2.16221 0.119204
-1.30139 -1.30734 0 2.13692 2.16203 0.133741
-1.30141 -1.30737 -0.0552407 2.13662 2.16183 0.119204
-1.30142 -1.3074 -0.0377963 2.13631 2.1616 0.125019
-1.30144 -1.30743 -0.0610556 2.136 2.1614 0.142463
-1.30145 -1.30743 0 2.1357 2.16116 0.133741
-1.30147 -1.30743 0 2.13539 2.16093 0.142463
-1.30148 -1.30743 0 2.13509 2.16067 0.165722
-1.30149 -1.30746 -0.0377963 2.13478 2.16044 0.133741
-1.30151 -1.30752 -0.0232593 2.13447 2.16026 0.133741
-1.30152 -1.30752 0 2.13417 2.16003 0.110481
-1.30154 -1.30755 -0.0465185 2.13386 2.1598 0.119204
-1.30155 -1.30755 0 2.13356 2.15959 0.125019
-1.30156 -1.30755 0 2.13325 2.15942 0.110481
-1.30158 -1.30755 0 2.13294 2.15921 0.101759
-1.30159 -1.30758 -0.0465185 2.13264 2.15907 0.101759
-1.3016 -1.30761 0 2.13233 2.15895 0.101759
-1.30162 -1.30761 0 2.13202 2.15881 0.0872222
-1.30164 -1.30761 0 2.13171 2.15863 0.093037
-1.30166 -1.30761 0 2.1314 2.15849 0.0872222
-1.30167 -1.30764 0 2.13109 2.15834 0.101759
-1.30169 -1.30769 -0.0610556 2.13079 2.15823 0.101759
-1.30171 -1.30772 0 2.13048 2.15808 0.0872222
-1.30172 -1.30772 0 2.13017 2.15794 0.101759
-1.30174 -1.30772 0 2.12986 2.15773 0.101759
-1.30176 -1.30775 -0.0610556 2.12955 2.15759 0.0872222
-1.30177 -1.30778 -0.0377963 2.12924 2.15744 0.110481
-1.30179 -1.30778 0 2.12893 2.15724 0.101759
-1.3018 -1.30784 0 2.12862 2.15709 0.101759
-1.30182 -1.30784 0 2.12831 2.15689 0.125019
-1.30184 -1.3079 -0.0610556 2.128 2.15671 0.133741
-1.30185 -1.30793 -0.00581481 2.12769 2.15654 0.119204
-1.30187 -1.30796 -0.0232593 2.12738 2.15634 0.125019
-1.30188 -1.30796 0 2.12707 2.1561 0.142463
-1.3019 -1.30796 0 2.12677 2.15584 0.133741
-1.30191 -1.30798 -0.0465185 2.12646 2.15561 0.157
-1.30193 -1.30804 -0.0465185 2.12615 2.15538 0.165722
-1.30194 -1.30807 0 2.12584 2.15514 0.165722
-1.30196 -1.30807 0 2.12553 2.15485 0.151185
-1.30197 -1.30807 0 2.12522 2.15456 0.183167
-1.30199 -1.30816 -0.014537 2.12491 2.15427 0.197704
-1.302 -1.30822 -0.0465185 2.1246 2.15401 0.206426
-1.30202 -1.30827 -0.0552407 2.12429 2.15369 0.188981
-1.30203 -1.3083 -0.0290741 2.12398 2.15334 0.229685
-1.30205 -1.30833 0 2.12367 2.15299 0.238407
-1.30206 -1.30836 0 2.12336 2.15261 0.252944
-1.30208 -1.30839 -0.014537 2.12305 2.15221 0.252944
-1.30209 -1.30845 -0.0610556 2.12274 2.1518 0.284926
-1.3021 -1.30854 -0.0610556 2.12243 2.15136 0.30237
-1.30212 -1.30859 -0.0290741 2.12212 2.15084 0.32563
-1.30213 -1.30862 -0.0232593 2.12181 2.15029 0.366333
-1.30215 -1.30865 0 2.1215 2.14974 0.334352
-1.30216 -1.30871 -0.0465185 2.12119 2.14916 0.348889
-1.30217 -1.30883 -0.0377963 2.12088 2.14863 0.389593
-1.30219 -1.30891 -0.0465185 2.12057 2.14796 0.430296
-1.3022 -1.309 -0.0232593 2.12026 2.14727 0.407037
-1.30221 -1.30906 -0.0697778 2.11995 2.14663 0.389593
-1.30223 -1.30918 -0.014537 2.11964 2.14599 0.412852
-1.30224 -1.30926 -0.0465185 2.11933 2.14535 0.38087
-1.30225 -1.30935 -0.0377963 2.11902 2.14477 0.375056
-1.30227 -1.30947 -0.0552407 2.11871 2.14424 0.366333
-1.30228 -1.30958 -0.0697778 2.1184 2.14372 0.348889
-1.30229 -1.3097 -0.0610556 2.11808 2.14319 0.343074
-1.3023 -1.30984 -0.0465185 2.11777 2.1427 0.316907
-1.30232 -1.3099 -0.0697778 2.11746 2.14224 0.32563
-1.30233 -1.31002 -0.0465185 2.11715 2.14174 0.316907
-1.30234 -1.31011 -0.0785 2.11684 2.14131 0.311093
-1.30235 -1.31022 -0.0377963 2.11653 2.1409 0.316907
-1.30236 -1.31031 -0.0610556 2.11622 2.14046 0.284926
-1.30238 -1.31043 -0.0697778 2.11591 2.14008 0.293648
-1.30239 -1.31054 -0.0785 2.1156 2.13968 0.30237
-1.3024 -1.31063 -0.0785 2.11529 2.13927 0.252944
-1.30241 -1.31072 -0.0290741 2.11498 2.13892 0.252944
-1.30242 -1.31078 -0.0610556 2.11467 2.13851 0.252944
-1.30243 -1.31086 -0.0552407 2.11436 2.13814 0.252944
-1.30245 -1.31098 -0.0785 2.11404 2.13782 0.252944
-1.30246 -1.3111 -0.0552407 2.11373 2.13747 0.261667
-1.30247 -1.31112 -0.0465185 2.11342 2.13703 0.279111
-1.30248 -1.31115 -0.014537 2.11311 2.13657 0.30237
-1.30249 -1.31124 -0.0232593 2.1128 2.13613 0.311093
-1.3025 -1.31133 -0.0697778 2.11249 2.13569 0.32563
-1.30251 -1.31144 -0.0785 2.11218 2.13523 0.316907
-1.30252 -1.31153 -0.0465185 2.11187 2.13471 0.366333
-1.30253 -1.31156 -0.0290741 2.11155 2.13412 0.375056
-1.30254 -1.31159 -0.0610556 2.11124 2.13351 0.407037
-1.30255 -1.31165 -0.0290741 2.11093 2.13284 0.389593
-1.30256 -1.31173 -0.0232593 2.11062 2.13226 0.38087
-1.30257 -1.31179 -0.014537 2.11031 2.13168 0.398315
-1.30258 -1.31191 -0.0785 2.11 2.13116 0.389593
-1.30259 -1.312 -0.0785 2.10969 2.13061 0.407037
-1.3026 -1.31211 -0.0785 2.10937 2.13 0.38087
-1.30261 -1.31214 -0.00581481 2.10906 2.12936 0.407037
-1.30262 -1.31217 0 2.10875 2.12863 0.389593
-1.30263 -1.31226 -0.0377963 2.10844 2.12802 0.389593
-1.30264 -1.31243 -0.101759 2.10813 2.12752 0.38087
-1.30265 -1.31258 -0.0872222 2.10782 2.12703 0.366333
-1.30266 -1.31264 -0.0465185 2.1075 2.12645 0.375056
-1.30267 -1.31267 0 2.10719 2.12584 0.343074
-1.30268 -1.31269 -0.0465185 2.10688 2.12529 0.348889
-1.30269 -1.31281 -0.0610556 2.10657 2.12476 0.32563
-1.3027 -1.31298 -0.0872222 2.10626 2.12444 0.293648
-1.30271 -1.3131 -0.0377963 2.10594 2.12412 0.252944
-1.30273 -1.31313 -0.0377963 2.10562 2.12374 0.220963
-1.30275 -1.31319 -0.00581481 2.1053 2.12342 0.188981
-1.30277 -1.31325 -0.0552407 2.10498 2.12322 0.183167
-1.30279 -1.31339 -0.0872222 2.10466 2.1231 0.157
-1.30281 -1.31351 -0.0785 2.10435 2.12302 0.125019
-1.30283 -1.31354 -0.0377963 2.10403 2.12281 0.110481
-1.30284 -1.31357 0 2.10371 2.12264 0.110481
-1.30286 -1.3136 0 2.10339 2.12249 0.110481
-1.30288 -1.31371 -0.0465185 2.10307 2.12244 0.101759
-1.3029 -1.31386 -0.110481 2.10275 2.12241 0.0872222
-1.30292 -1.31394 -0.0552407 2.10243 2.12235 0.110481
-1.30294 -1.31394 0 2.10211 2.12217 0.0872222
-1.30295 -1.31394 0 2.10179 2.122 0.110481
-1.30297 -1.314 0 2.10148 2.12188 0.0872222
-1.30299 -1.31412 -0.0872222 2.10116 2.1218 0.101759
-1.30301 -1.31424 -0.0872222 2.10084 2.12174 0.110481
-1.30302 -1.31426 -0.014537 2.10052 2.12159 0.093037
-1.30304 -1.31426 0 2.1002 2.12142 0.093037
-1.30306 -1.31426 0 2.09988 2.12124 0.119204
-1.30308 -1.31432 0 2.09956 2.12113 0.110481
-1.30309 -1.31444 -0.0785 2.09924 2.12107 0.093037
-1.30311 -1.31455 -0.0697778 2.09892 2.12101 0.110481
-1.30313 -1.31458 -0.0232593 2.0986 2.12087 0.0785
-1.30314 -1.31458 0 2.09828 2.12069 0.093037
-1.30316 -1.31458 0 2.09796 2.12052 0.110481
-1.30318 -1.31464 0 2.09764 2.12043 0.0872222
-1.30319 -1.31473 -0.0465185 2.09732 2.12037 0.0872222
-1.30321 -1.31476 -0.0465185 2.097 2.12026 0.0872222
-1.30322 -1.31479 0 2.09668 2.12017 0.0610556
-1.30324 -1.31479 0 2.09636 2.12005 0.0465185
-1.30326 -1.31479 0 2.09604 2.11994 0.0610556
-1.30327 -1.31485 -0.0697778 2.09572 2.11988 0.0465185
-1.30329 -1.31487 -0.0552407 2.0954 2.11982 0.0377963
-1.3033 -1.3149 -0.0377963 2.09508 2.11976 0.0465185
-1.30332 -1.31487 0 2.09476 2.11965 0.0610556
-1.30333 -1.31487 0 2.09444 2.11959 0.00581481
-1.30335 -1.31487 0 2.09412 2.11953 0.014537
-1.30337 -1.3149 0 2.0938 2.1195 0
-1.30338 -1.3149 0 2.09348 2.11947 0
-1.3034 -1.3149 0 2.09316 2.11944 0
-1.30341 -1.3149 0 2.09284 2.11941 0
-1.30342 -1.3149 0 2.09252 2.11941 0
-1.30344 -1.31496 0 2.0922 2.11944 0
-1.30345 -1.31496 0 2.09188 2.11941 0
-1.30347 -1.31496 0 2.09156 2.11941 0
-1.30348 -1.31496 0 2.09124 2.11938 0.0377963
-1.3035 -1.31496 0 2.09092 2.11938 0
-1.30351 -1.31496 0 2.0906 2.11938 0
-1.30352 -1.31499 -0.0377963 2.09028 2.11938 0
-1.30354 -1.31502 -0.0610556 2.08996 2.11938 0
-1.30355 -1.31502 0 2.08964 2.11933 0
-1.30357 -1.31502 0 2.08932 2.1193 0.0290741
-1.30358 -1.31502 0 2.089 2.11924 0.0552407
-1.30359 -1.31502 0 2.08868 2.11918 0.0610556
-1.30361 -1.31508 0 2.08835 2.11915 0.0552407
-1.30362 -1.31508 0 2.08803 2.11906 0.0232593
-1.30363 -1.31511 -0.0610556 2.08771 2.11901 0.0697778
-1.30365 -1.31511 0 2.08739 2.11889 0.0465185
-1.30366 -1.31511 0 2.08707 2.11877 0.0697778
-1.30367 -1.31511 0 2.08675 2.11866 0.0872222
-1.30368 -1.31514 -0.0290741 2.08643 2.11854 0.0697778
-1.3037 -1.31519 -0.0377963 2.08611 2.11845 0.0785
-1.30371 -1.31519 0 2.08579 2.11828 0.093037
-1.30372 -1.31519 0 2.08546 2.11816 0.0785
-1.30373 -1.31519 0 2.08514 2.11799 0.101759
-1.30375 -1.31522 0 2.08482 2.11784 0.0872222
-1.30376 -1.31528 0 2.0845 2.11773 0.093037
-1.30377 -1.31531 0 2.08418 2.11758 0.101759
-1.30378 -1.31534 -0.0290741 2.08386 2.11741 0.110481
-1.30379 -1.31534 0 2.08354 2.11723 0.110481
-1.30381 -1.31537 0 2.08321 2.11706 0.101759
-1.30382 -1.31537 0 2.08289 2.11685 0.125019
-1.30383 -1.3154 0 2.08257 2.11668 0.101759
-1.30384 -1.31546 0 2.08225 2.11651 0.119204
-1.30385 -1.31551 -0.0552407 2.08193 2.11636 0.125019
-1.30386 -1.31557 -0.0290741 2.08161 2.11619 0.125019
-1.30387 -1.31557 0 2.08128 2.11592 0.151185
-1.30388 -1.31557 0 2.08096 2.1156 0.165722
-1.3039 -1.31563 -0.00581481 2.08064 2.11531 0.174444
-1.30393 -1.31569 -0.0552407 2.08031 2.11505 0.188981
-1.30395 -1.31575 -0.0465185 2.07998 2.11476 0.197704
-1.30397 -1.31575 0 2.07965 2.11432 0.215148
-1.30399 -1.31578 -0.0552407 2.07932 2.11395 0.238407
-1.30402 -1.31578 0 2.07899 2.11339 0.270389
-1.30404 -1.31581 -0.0552407 2.07866 2.1129 0.284926
-1.30406 -1.31586 -0.0465185 2.07832 2.11235 0.343074
-1.30408 -1.31589 -0.00581481 2.07799 2.1118 0.343074
-1.3041 -1.31595 0 2.07766 2.11116 0.38087
-1.30412 -1.31598 -0.0232593 2.07733 2.11049 0.389593
-1.30415 -1.31607 -0.0610556 2.077 2.10988 0.407037
-1.30417 -1.31615 -0.0377963 2.07667 2.10924 0.407037
-1.30419 -1.31618 -0.0377963 2.07634 2.10857 0.421574
-1.30421 -1.31621 -0.0552407 2.07601 2.10781 0.407037
-1.30423 -1.31627 0 2.07568 2.10709 0.421574
-1.30425 -1.31633 0 2.07535 2.10627 0.453556
-1.30427 -1.31642 -0.0552407 2.07502 2.10554 0.444833
-1.30429 -1.31656 -0.0872222 2.07469 2.10482 0.485537
-1.30431 -1.31668 -0.0610556 2.07436 2.10406 0.508796
-1.30434 -1.31671 0 2.07403 2.1031 0.508796
-1.30436 -1.31671 0 2.0737 2.1022 0.508796
-1.30438 -1.31682 -0.0552407 2.07337 2.10142 0.508796
-1.3044 -1.317 -0.0785 2.07304 2.10066 0.508796
-1.30442 -1.31714 -0.093037 2.0727 2.09996 0.508796
-1.30444 -1.31717 -0.0697778 2.07237 2.09918 0.494259
-1.30446 -1.31723 -0.0232593 2.07204 2.09842 0.471
-1.30448 -1.31723 0 2.07171 2.09764 0.444833
-1.3045 -1.31732 -0.0290741 2.07138 2.09694 0.439019
-1.30451 -1.31749 -0.0610556 2.07105 2.09636 0.412852
-1.30453 -1.31767 -0.093037 2.07072 2.0958 0.375056
-1.30455 -1.31778 -0.0552407 2.07039 2.09525 0.366333
-1.30457 -1.31784 -0.0377963 2.07006 2.09464 0.348889
-1.30459 -1.31787 0 2.06972 2.09406 0.311093
-1.30461 -1.31796 -0.0552407 2.06939 2.09362 0.311093
-1.30463 -1.31807 -0.0785 2.06906 2.09316 0.293648
-1.30465 -1.31822 -0.0697778 2.06873 2.09275 0.279111
-1.30467 -1.31825 -0.0552407 2.0684 2.0922 0.316907
-1.30468 -1.31828 -0.0377963 2.06807 2.09168 0.311093
-1.3047 -1.31831 0 2.06773 2.09115 0.316907
-1.30472 -1.31836 -0.0697778 2.0674 2.09063 0.357611
-1.30474 -1.31845 -0.0610556 2.06707 2.09011 0.398315
-1.30476 -1.31854 -0.0290741 2.06674 2.08955 0.38087
-1.30477 -1.31857 -0.0290741 2.06641 2.08891 0.412852
-1.30479 -1.31863 0 2.06607 2.08825 0.412852
-1.30481 -1.31868 -0.0465185 2.06574 2.08758 0.439019
-1.30483 -1.31877 -0.0465185 2.06541 2.08688 0.471
-1.30485 -1.31886 -0.0697778 2.06508 2.08615 0.508796
-1.30486 -1.31889 -0.0232593 2.06475 2.08537 0.485537
-1.30488 -1.31892 -0.0465185 2.06441 2.08449 0.540778
-1.3049 -1.31895 0 2.06408 2.08365 0.540778
-1.30491 -1.31903 -0.0610556 2.06375 2.08284 0.540778
-1.30493 -1.31918 -0.0697778 2.06342 2.08199 0.540778
-1.30495 -1.31926 -0.0465185 2.06308 2.08121 0.566944
-1.30496 -1.31929 -0.0290741 2.06275 2.08037 0.534963
-1.30498 -1.31932 -0.0377963 2.06242 2.07955 0.508796
-1.305 -1.31941 -0.0552407 2.06209 2.07885 0.508796
-1.30501 -1.31953 -0.093037 2.06175 2.07824 0.453556
-1.30503 -1.31967 -0.093037 2.06142 2.07772 0.398315
-1.30504 -1.31973 -0.0290741 2.06109 2.07717 0.348889
-1.30506 -1.31976 0 2.06076 2.07667 0.30237
-1.30508 -1.31979 0 2.06042 2.07627 0.229685
-1.30509 -1.3199 -0.0785 2.06009 2.07606 0.206426
-1.30511 -1.32008 -0.110481 2.05976 2.07595 0.183167
-1.30512 -1.32022 -0.0872222 2.05942 2.07586 0.151185
-1.30514 -1.32025 -0.0610556 2.05909 2.07571 0.119204
-1.30515 -1.32025 0 2.05876 2.07554 0.119204
-1.30517 -1.32022 0.0377963 2.05842 2.07537 0.093037
-1.30519 -1.32025 0 2.05809 2.07525 0.0610556
-1.30522 -1.32043 -0.0785 2.05774 2.07528 0.0697778
-1.30525 -1.3206 -0.110481 2.0574 2.07534 0.0872222
-1.30528 -1.32066 -0.0290741 2.05705 2.07528 0.0290741
-1.30532 -1.32066 0 2.05671 2.07516 0.0872222
-1.30535 -1.32057 0.0290741 2.05636 2.07496 0.0465185
-1.30538 -1.32063 0 2.05601 2.0749 0.0552407
-1.30541 -1.32075 -0.0872222 2.05567 2.0749 0.0785
-1.30544 -1.32089 -0.101759 2.05532 2.07496 0.0377963
-1.30547 -1.32092 -0.0610556 2.05498 2.07484 0.0872222
-1.30551 -1.32089 0 2.05463 2.07473 0.0465185
-1.30554 -1.32083 0.0232593 2.05429 2.07452 0.0465185
-1.30557 -1.32083 0 2.05394 2.07443 0.0697778
-1.3056 -1.32098 -0.0872222 2.05359 2.07446 0.0552407
-1.30563 -1.32107 -0.093037 2.05325 2.07443 0.0610556
-1.30566 -1.32113 0 2.0529 2.07441 0.0785
-1.30569 -1.32113 0 2.05255 2.07432 0.0785
-1.30572 -1.32113 0 2.05221 2.0742 0.0697778
-1.30575 -1.32115 0 2.05186 2.07414 0.0552407
-1.30578 -1.32121 -0.00581481 2.05151 2.07411 0.0697778
-1.30581 -1.32127 -0.0232593 2.05117 2.07409 0.0290741
-1.30584 -1.3213 0 2.05082 2.07409 0.00581481
-1.30587 -1.3213 -0.014537 2.05047 2.074 0.0290741
-1.3059 -1.32136 -0.0552407 2.05013 2.074 0.0552407
-1.30593 -1.32136 0 2.04978 2.07394 0
-1.30596 -1.32136 0 2.04943 2.07391 0.0552407
-1.30599 -1.32136 0 2.04909 2.07385 0
-1.30602 -1.32136 0 2.04874 2.07382 0.014537
-1.30604 -1.32139 0 2.04839 2.0738 0.0610556
-1.30607 -1.32145 -0.0552407 2.04805 2.07382 0
-1.3061 -1.32147 -0.014537 2.0477 2.0738 0.0377963
-1.30613 -1.32147 0 2.04735 2.07374 0
-1.30616 -1.32145 0 2.047 2.07368 0.0610556
-1.30619 -1.32145 0 2.04666 2.07365 0.0290741
-1.30621 -1.32145 0 2.04631 2.07359 0
-1.30624 -1.3215 0 2.04596 2.07359 0.0465185
-1.30627 -1.3215 0 2.04561 2.07356 0
-1.3063 -1.3215 0 2.04527 2.0735 0.0465185
-1.30633 -1.3215 0 2.04492 2.07345 0.0290741
-1.30635 -1.3215 0 2.04457 2.07339 0.0232593
-1.30638 -1.3215 0 2.04422 2.0733 0
-1.30641 -1.32153 0 2.04388 2.07327 0.0232593
-1.30643 -1.32153 0 2.04353 2.07321 0.0290741
-1.30646 -1.32156 0 2.04318 2.07316 0.0610556
-1.30649 -1.32156 0 2.04283 2.0731 0.0697778
-1.30651 -1.32156 0 2.04248 2.07301 0.0610556
-1.30654 -1.32159 -0.0377963 2.04214 2.07292 0.0552407
-1.30657 -1.32165 -0.0377963 2.04179 2.07286 0.0465185
-1.30659 -1.32165 0 2.04144 2.07278 0.0610556
-1.30662 -1.32165 0 2.04109 2.07266 0.0697778
-1.30665 -1.32165 0 2.04074 2.07249 0.0610556
-1.30667 -1.32171 -0.0610556 2.04039 2.0724 0.0552407
-1.3067 -1.32177 -0.00581481 2.04005 2.07234 0.0610556
-1.30672 -1.32177 0 2.0397 2.0722 0.0872222
-1.30674 -1.32177 0 2.03935 2.07205 0.093037
-1.30676 -1.32177 0 2.03901 2.07188 0.093037
-1.30678 -1.32182 -0.014537 2.03867 2.07176 0.101759
-1.30679 -1.32185 0 2.03832 2.07153 0.110481
-1.30681 -1.32188 0 2.03798 2.07138 0.101759
-1.30683 -1.32188 0 2.03764 2.07115 0.119204
-1.30685 -1.32194 0 2.03729 2.07098 0.133741
-1.30686 -1.32197 0 2.03695 2.0708 0.125019
-1.30688 -1.32197 0 2.03661 2.07054 0.142463
-1.3069 -1.32197 0 2.03626 2.07031 0.157
-1.30692 -1.322 -0.0377963 2.03592 2.07004 0.174444
-1.30693 -1.32203 0 2.03557 2.06984 0.151185
-1.30695 -1.32203 0 2.03523 2.06955 0.151185
-1.30697 -1.32209 -0.014537 2.03489 2.06929 0.183167
-1.30698 -1.32211 0 2.03454 2.069 0.174444
-1.307 -1.32214 0 2.0342 2.06871 0.197704
-1.30702 -1.32217 0 2.03385 2.06839 0.206426
-1.30703 -1.3222 -0.0465185 2.03351 2.06801 0.197704
-1.30705 -1.32226 -0.0610556 2.03316 2.06769 0.220963
-1.30706 -1.32229 0 2.03282 2.06728 0.24713
-1.30708 -1.32229 0 2.03247 2.06685 0.252944
-1.3071 -1.32229 0 2.03213 2.06638 0.279111
-1.30711 -1.32232 0 2.03179 2.06592 0.279111
-1.30713 -1.3224 -0.0697778 2.03144 2.06545 0.293648
-1.30714 -1.32249 -0.0552407 2.0311 2.06499 0.311093
-1.30716 -1.32252 0 2.03075 2.06446 0.30237
-1.30717 -1.32252 0 2.03041 2.06391 0.311093
-1.30719 -1.32252 0 2.03006 2.06333 0.32563
-1.3072 -1.32258 -0.00581481 2.02972 2.06281 0.32563
-1.30722 -1.32267 -0.0377963 2.02937 2.06225 0.348889
-1.30723 -1.32278 -0.0697778 2.02903 2.0617 0.375056
-1.30725 -1.32281 -0.0465185 2.02868 2.061 0.412852
-1.30726 -1.32284 -0.0377963 2.02834 2.06025 0.439019
-1.30727 -1.32284 0 2.02799 2.05935 0.502981
-1.30729 -1.32284 0 2.02764 2.05844 0.508796
-1.3073 -1.32293 -0.0697778 2.0273 2.05757 0.566944
-1.30732 -1.32304 -0.0552407 2.02695 2.0567 0.534963
-1.30733 -1.32313 -0.0232593 2.02661 2.05583 0.517519
-1.30734 -1.32313 0 2.02626 2.05487 0.5495
-1.30736 -1.32316 -0.00581481 2.02592 2.05391 0.526241
-1.30737 -1.32325 -0.0290741 2.02557 2.05307 0.508796
-1.30738 -1.32336 -0.0872222 2.02523 2.05225 0.508796
-1.30747 -1.32348 -0.0232593 2.02483 2.05158 0.462278
-1.30758 -1.32351 -0.0465185 2.02441 2.05083 0.444833
-1.30769 -1.32351 0 2.02399 2.05007 0.439019
-1.3078 -1.32357 0 2.02357 2.04946 0.38087
-1.3079 -1.32363 -0.0232593 2.02315 2.04888 0.366333
-1.30801 -1.32371 -0.0610556 2.02273 2.04833 0.343074
-1.30812 -1.3238 -0.0697778 2.02231 2.04786 0.32563
-1.30823 -1.32386 -0.00581481 2.02189 2.0474 0.293648
-1.30834 -1.32386 0 2.02147 2.0469 0.293648
-1.30844 -1.32389 -0.0552407 2.02105 2.04644 0.261667
-1.30855 -1.32397 -0.0290741 2.02063 2.046 0.284926
-1.30866 -1.32406 -0.014537 2.02021 2.04559 0.293648
-1.30876 -1.32406 0 2.01979 2.04507 0.30237
-1.30887 -1.32409 0 2.01937 2.04452 0.316907
-1.30897 -1.32412 -0.014537 2.01895 2.04394 0.357611
-1.30908 -1.32424 -0.0610556 2.01852 2.04333 0.375056
-1.30918 -1.32429 -0.0610556 2.0181 2.04263 0.389593
