angle_1_e angle_1_t d_theta_1_t angle_2_e angle_2_t d_theta_2_t
-1.0498 -1.06737 0 1.79464 1.78332 0
-1.04957 -1.06737 0 1.79433 1.78332 0
-1.04934 -1.06737 0 1.79401 1.78332 0
-1.04911 -1.06734 0 1.7937 1.78329 0
-1.04889 -1.06734 0 1.79338 1.78329 0
-1.04866 -1.06731 0 1.79307 1.78326 0
-1.04843 -1.06731 0 1.79275 1.78326 0
-1.0482 -1.06725 0 1.79244 1.7832 0
-1.04797 -1.06716 0.0697778 1.79213 1.78311 0
-1.04774 -1.06708 0.0697778 1.79181 1.78303 0
-1.04751 -1.06705 0.0552407 1.7915 1.783 0
-1.04729 -1.06705 0 1.79118 1.783 0
-1.04706 -1.06705 0 1.79087 1.783 0
-1.04683 -1.06705 0 1.79055 1.783 0
-1.0466 -1.06696 0.0465185 1.79024 1.78291 0
-1.04637 -1.06684 0.0785 1.78992 1.78279 0
-1.04614 -1.06673 0.0785 1.78961 1.78268 0
-1.04592 -1.0667 0.0290741 1.78929 1.78265 0
-1.04569 -1.0667 0 1.78898 1.78265 0
-1.04546 -1.0667 0 1.78866 1.78265 0
-1.04523 -1.06661 0.0697778 1.78835 1.78256 0
-1.045 -1.06649 0.0785 1.78803 1.78244 0
-1.04477 -1.06638 0.0785 1.78772 1.78233 0
-1.04455 -1.06635 0.0290741 1.7874 1.7823 0
-1.04432 -1.06635 0 1.78709 1.78233 -0.0377963
-1.04409 -1.06632 0 1.78677 1.7823 0
-1.04386 -1.06623 0.0785 1.78645 1.78221 0
-1.04363 -1.06609 0.0697778 1.78614 1.78207 0
-1.0434 -1.066 0.0610556 1.78582 1.78198 0
-1.04318 -1.06597 0.0552407 1.78551 1.78195 0
-1.04295 -1.06594 0.0290741 1.78519 1.78192 0
-1.04272 -1.06591 0.0377963 1.78488 1.78189 0
-1.04249 -1.06586 0.0552407 1.78456 1.78183 0
-1.04226 -1.06577 0.0465185 1.78424 1.78175 0
-1.04203 -1.06571 0.0290741 1.78393 1.78169 0
-1.04181 -1.06565 0.00581481 1.78361 1.78163 0
-1.04158 -1.06559 0.0610556 1.7833 1.7816 -0.014537
-1.04135 -1.06551 0.0785 1.78298 1.78151 0
-1.04112 -1.06539 0.0697778 1.78266 1.7814 0
-1.04089 -1.06536 0.0465185 1.78235 1.78137 0
-1.04066 -1.06533 0 1.78203 1.78134 0
-1.04044 -1.06533 0 1.78171 1.78134 0
-1.04021 -1.06527 0.0552407 1.7814 1.78128 0
-1.03998 -1.06516 0.0610556 1.78108 1.78116 0
-1.03975 -1.06504 0.0785 1.78076 1.78105 0
-1.03952 -1.06495 0.0697778 1.78045 1.78096 0
-1.03929 -1.06492 0.0465185 1.78013 1.78093 0
-1.03907 -1.06492 0 1.77981 1.78093 0
-1.03884 -1.0649 0 1.7795 1.7809 0
-1.03862 -1.06481 0.0610556 1.77917 1.78084 -0.0465185
-1.03841 -1.06469 0.093037 1.77885 1.78073 -0.00581481
-1.03819 -1.06455 0.0872222 1.77853 1.78058 0
-1.03798 -1.06446 0.0697778 1.7782 1.7805 0
-1.03776 -1.06443 0.014537 1.77788 1.78047 0
-1.03755 -1.06443 0 1.77755 1.78047 0
-1.03734 -1.06443 0 1.77723 1.78047 0
-1.03712 -1.06429 0.0785 1.7769 1.78032 0
-1.03691 -1.06411 0.119204 1.77658 1.78015 0
-1.0367 -1.06397 0.101759 1.77625 1.78 0
-1.03648 -1.06391 0.00581481 1.77593 1.77994 0
-1.03627 -1.06391 0 1.7756 1.77994 0
-1.03605 -1.06391 0 1.77528 1.77994 0
-1.03584 -1.06376 0.0697778 1.77495 1.7798 0
-1.03563 -1.06362 0.101759 1.77463 1.77965 0
-1.03541 -1.06344 0.110481 1.7743 1.77948 0
-1.0352 -1.06341 0.0697778 1.77398 1.77945 0
-1.03498 -1.06338 0.014537 1.77365 1.77942 0
-1.03477 -1.06338 0 1.77332 1.77942 0
-1.03456 -1.0633 0.0465185 1.773 1.77933 0
-1.03434 -1.06315 0.0872222 1.77267 1.77919 0
-1.03413 -1.06298 0.093037 1.77235 1.77901 0
-1.03391 -1.06283 0.0872222 1.77202 1.77887 0
-1.0337 -1.06277 0.0290741 1.7717 1.77881 0
-1.03349 -1.06274 0 1.77137 1.77878 0
-1.03327 -1.06266 0.0232593 1.77104 1.77869 0
-1.03306 -1.06251 0.093037 1.77072 1.77855 0
-1.03284 -1.06234 0.119204 1.77039 1.77837 0
-1.03263 -1.06216 0.110481 1.77007 1.7782 0
-1.03242 -1.0621 0.0377963 1.76974 1.77814 0
-1.0322 -1.0621 0 1.76941 1.77814 0
-1.03199 -1.06205 0.00581481 1.76909 1.77808 0
-1.03177 -1.0619 0.0785 1.76876 1.77794 0
-1.03156 -1.0617 0.133741 1.76844 1.77773 0
-1.03135 -1.06149 0.125019 1.76811 1.77753 0
-1.03113 -1.06141 0.0785 1.76778 1.77741 0.0552407
-1.03092 -1.06138 0.00581481 1.76746 1.77738 0
-1.0307 -1.06138 0 1.76713 1.77738 0
-1.03049 -1.06123 0.0465185 1.7668 1.77721 0.0377963
-1.03028 -1.061 0.142463 1.76648 1.77698 0
-1.03006 -1.06074 0.174444 1.76615 1.77669 0
-1.02985 -1.06059 0.110481 1.76582 1.77654 0
-1.02963 -1.06059 0 1.7655 1.77648 0.014537
-1.02942 -1.06059 0 1.76517 1.77645 0.0290741
-1.02921 -1.06053 0 1.76484 1.77637 0
-1.02899 -1.06027 0.151185 1.76452 1.77608 0
-1.02878 -1.05995 0.188981 1.76419 1.77573 0.0610556
-1.02856 -1.05975 0.174444 1.76386 1.77547 0.0552407
-1.02835 -1.05972 0 1.76353 1.77538 0.0290741
-1.02814 -1.05972 0 1.76321 1.77529 0.0232593
-1.02792 -1.05969 0 1.76288 1.77518 0.0377963
-1.02771 -1.05931 0.188981 1.76255 1.77471 0.014537
-1.02749 -1.05891 0.215148 1.76223 1.77419 0.0697778
-1.02728 -1.05873 0.125019 1.7619 1.77393 0.0610556
-1.02707 -1.05873 0 1.76157 1.77381 0.0697778
-1.02685 -1.05873 -0.0377963 1.76124 1.77372 0.0552407
-1.02664 -1.05853 0.119204 1.76092 1.7734 0.0377963
-1.02642 -1.05812 0.206426 1.76059 1.77288 0.0552407
-1.02621 -1.05777 0.188981 1.76026 1.77241 0.0465185
-1.026 -1.05774 0.00581481 1.75993 1.7723 0.0697778
-1.02578 -1.05774 0 1.7596 1.77221 0.0465185
-1.02557 -1.05769 0 1.75928 1.77209 0.0552407
-1.02535 -1.05745 0.165722 1.75895 1.7718 0.0610556
-1.02514 -1.05713 0.215148 1.75862 1.77142 0.0610556
-1.02493 -1.05693 0.157 1.75829 1.77116 0.0610556
-1.02471 -1.05684 0.0610556 1.75796 1.77102 0.00581481
-1.0245 -1.05684 0 1.75764 1.77096 0
-1.02428 -1.05678 0.0232593 1.75731 1.77087 0
-1.02407 -1.05655 0.125019 1.75698 1.77061 0
-1.02386 -1.05629 0.197704 1.75665 1.77032 0
-1.02364 -1.05603 0.188981 1.75632 1.77003 0
-1.02343 -1.05594 0.0697778 1.75599 1.76988 0.0465185
-1.02321 -1.05591 0 1.75567 1.76983 0.0465185
-1.023 -1.05585 0 1.75534 1.76971 0.00581481
-1.02279 -1.05565 0.119204 1.75501 1.76948 0
-1.02257 -1.05533 0.215148 1.75468 1.76913 0.00581481
-1.02236 -1.05501 0.197704 1.75435 1.76875 0.0232593
-1.02214 -1.05492 0.0785 1.75402 1.76863 0.0610556
-1.02193 -1.05492 0 1.75369 1.76855 0
-1.02173 -1.05489 0 1.75336 1.76846 0.014537
-1.02152 -1.05457 0.174444 1.75303 1.76811 0.0552407
-1.02131 -1.05414 0.238407 1.7527 1.76762 0
-1.0211 -1.05385 0.165722 1.75237 1.76727 0
-1.02089 -1.05379 0 1.75203 1.76715 0.0377963
-1.02068 -1.05385 -0.0290741 1.7517 1.76715 0.0232593
-1.02047 -1.05364 0.014537 1.75137 1.76692 0
-1.02026 -1.05315 0.261667 1.75104 1.76639 0
-1.02005 -1.05266 0.252944 1.75071 1.7659 0
-1.01984 -1.05248 0.125019 1.75038 1.7657 0
-1.01963 -1.05257 0 1.75004 1.76576 0
-1.01942 -1.05263 -0.0465185 1.74971 1.76581 0
-1.01921 -1.05231 0.151185 1.74938 1.76546 0.0377963
-1.019 -1.05184 0.238407 1.74905 1.765 0
-1.01879 -1.05149 0.215148 1.74872 1.76462 0
-1.01858 -1.05143 0.0377963 1.74838 1.76456 0
-1.01837 -1.05146 0 1.74805 1.76459 0
-1.01816 -1.05135 0 1.74772 1.76448 0
-1.01796 -1.05094 0.206426 1.74739 1.76404 0.0232593
-1.01775 -1.05056 0.238407 1.74705 1.76363 0
-1.01754 -1.05036 0.133741 1.74672 1.76343 0
-1.01733 -1.05036 0 1.74639 1.76343 0
-1.01712 -1.05039 -0.0377963 1.74606 1.76343 0.00581481
-1.01691 -1.05033 0 1.74572 1.76337 0
-1.0167 -1.04998 0.183167 1.74539 1.76302 0
-1.01649 -1.04957 0.215148 1.74506 1.76256 0.0377963
-1.01628 -1.04937 0.119204 1.74473 1.76232 0.0377963
-1.01607 -1.04937 0 1.74439 1.7623 0.0465185
-1.01586 -1.04937 0 1.74406 1.7623 0
-1.01565 -1.04925 0 1.74373 1.76215 0
-1.01544 -1.04902 0.142463 1.74339 1.76189 0.0232593
-1.01523 -1.04873 0.125019 1.74306 1.76157 0
-1.01502 -1.04853 0.101759 1.74273 1.76134 0.0290741
-1.01481 -1.0485 0 1.74239 1.76128 0.0465185
-1.0146 -1.04841 0.0465185 1.74206 1.76119 0
-1.01439 -1.04829 0.0610556 1.74173 1.76105 0.0377963
-1.01418 -1.04812 0.093037 1.74139 1.76084 0.0290741
-1.01397 -1.048 0.0697778 1.74106 1.76067 0.0377963
-1.01376 -1.04786 0.0785 1.74073 1.76049 0.0290741
-1.01356 -1.04771 0.0610556 1.74039 1.76032 0.0232593
-1.01335 -1.04757 0.0465185 1.74006 1.76014 0
-1.01314 -1.04748 0.0610556 1.73973 1.76003 0
-1.01293 -1.04739 0.0290741 1.73939 1.75991 0.0610556
-1.01272 -1.04722 0.0697778 1.73906 1.75968 0
-1.01251 -1.04699 0.125019 1.73873 1.75942 0
-1.0123 -1.04681 0.101759 1.73839 1.75921 0.014537
-1.01209 -1.04675 0.0610556 1.73806 1.7591 0.0465185
-1.01188 -1.04675 0 1.73772 1.75907 0.0465185
-1.01167 -1.04675 0 1.73739 1.75904 0.0465185
-1.01146 -1.0467 0 1.73706 1.75892 0
-1.01125 -1.04646 0.133741 1.73672 1.75866 0.0465185
-1.01104 -1.04614 0.174444 1.73639 1.75828 0.0232593
-1.01083 -1.04594 0.125019 1.73605 1.75805 0.0552407
-1.01062 -1.04594 0 1.73572 1.75799 0.0552407
-1.01041 -1.046 -0.0465185 1.73538 1.75799 0
-1.0102 -1.04603 0 1.73505 1.75799 0.0610556
-1.00999 -1.04568 0.157 1.73472 1.75756 0
-1.00978 -1.04536 0.206426 1.73438 1.75718 0.0465185
-1.00957 -1.04521 0.125019 1.73405 1.75697 0.0610556
-1.00936 -1.04521 0 1.73371 1.75695 0
-1.00915 -1.04536 -0.0872222 1.73338 1.757 0
-1.00894 -1.04533 0 1.73304 1.75692 0.014537
-1.00873 -1.04504 0.157 1.73271 1.75657 0.0377963
-1.00852 -1.04472 0.197704 1.73237 1.75619 0.0552407
-1.00831 -1.04454 0.157 1.73204 1.75596 0.0697778
-1.0081 -1.04451 0.0290741 1.7317 1.75584 0.0610556
-1.00789 -1.0446 -0.0697778 1.73137 1.75587 0.0552407
-1.00768 -1.04463 -0.014537 1.73103 1.75584 0.0610556
-1.00747 -1.04451 0.014537 1.7307 1.75567 0.0465185
-1.00726 -1.04419 0.220963 1.73036 1.75529 0.0610556
-1.00705 -1.04396 0.174444 1.73003 1.75497 0.0610556
-1.00685 -1.04382 0.110481 1.72969 1.75477 0.0290741
-1.00664 -1.04382 0.0465185 1.72936 1.75465 0.0610556
-1.00643 -1.04388 -0.0697778 1.72902 1.75465 0.0610556
-1.00622 -1.04388 0 1.72868 1.75456 0.0465185
-1.00601 -1.0437 0.110481 1.72835 1.7543 0.0465185
-1.0058 -1.04344 0.165722 1.72801 1.75395 0.0290741
-1.00559 -1.04324 0.151185 1.72768 1.75366 0.0785
-1.00538 -1.04318 0.0232593 1.72734 1.75352 0.0785
-1.00517 -1.04318 0 1.72701 1.7534 0.0785
-1.00496 -1.04315 0 1.72667 1.75328 0.0697778
-1.00475 -1.04294 0.110481 1.72633 1.75296 0.0610556
-1.00454 -1.04274 0.142463 1.726 1.7527 0.0377963
-1.00433 -1.04257 0.125019 1.72566 1.75241 0.093037
-1.00412 -1.04254 0.0552407 1.72533 1.75226 0.0552407
-1.00391 -1.04254 0 1.72499 1.75218 0.0552407
-1.0037 -1.04251 0 1.72465 1.75206 0.0552407
-1.00349 -1.04231 0.110481 1.72432 1.75177 0.0465185
-1.00328 -1.04204 0.157 1.72398 1.75139 0.0552407
-1.00308 -1.04187 0.133741 1.72364 1.75113 0.0465185
-1.00287 -1.04181 0.0552407 1.7233 1.75099 0.0552407
-1.00267 -1.04181 0 1.72296 1.75087 0.0697778
-1.00247 -1.04181 0 1.72262 1.75078 0.0785
-1.00227 -1.04164 0.101759 1.72228 1.75052 0.0465185
-1.00206 -1.0414 0.165722 1.72194 1.75017 0.0465185
-1.00186 -1.04117 0.142463 1.7216 1.74985 0.0552407
-1.00166 -1.04114 0.00581481 1.72126 1.74974 0.0465185
-1.00145 -1.04114 0 1.72092 1.74965 0.0872222
-1.00125 -1.04114 0 1.72058 1.74956 0.0465185
-1.00105 -1.04094 0.119204 1.72024 1.74927 0.0697778
-1.00084 -1.04068 0.188981 1.7199 1.74892 0.0377963
-1.00064 -1.04044 0.174444 1.71956 1.74863 0.0610556
-1.00044 -1.04039 0.0697778 1.71922 1.74846 0.0377963
-1.00023 -1.04042 0 1.71887 1.74843 0.0785
-1.00003 -1.04044 -0.0232593 1.71853 1.74837 0.0785
-0.99983 -1.04039 0 1.71819 1.74819 0.0232593
-0.99962 -1.04012 0.157 1.71785 1.74787 0.0552407
-0.99942 -1.0398 0.229685 1.71751 1.74747 0.0465185
-0.99922 -1.0396 0.174444 1.71717 1.74718 0.0232593
-0.99901 -1.03957 0 1.71683 1.74706 0.0465185
-0.99881 -1.03969 -0.093037 1.71649 1.74706 0.0465185
-0.9986 -1.03969 0 1.71615 1.74697 0.0290741
-0.9984 -1.0394 0.165722 1.71581 1.7466 0.0465185
-0.9982 -1.03899 0.238407 1.71546 1.7461 0.0697778
-0.99799 -1.03876 0.183167 1.71512 1.74575 0.0697778
-0.99779 -1.03876 0 1.71478 1.74569 0.0465185
-0.99759 -1.03887 -0.093037 1.71444 1.74569 0.0465185
-0.99738 -1.03893 -0.0552407 1.7141 1.74569 0.0465185
-0.99718 -1.03861 0.157 1.71376 1.74526 0.0785
-0.99698 -1.03821 0.279111 1.71341 1.74476 0.0552407
-0.99677 -1.03789 0.220963 1.71307 1.74436 0.0697778
-0.99657 -1.03783 0.0552407 1.71273 1.74421 0.0785
-0.99637 -1.03803 -0.101759 1.71239 1.7443 0.0465185
-0.99616 -1.03806 -0.0872222 1.71205 1.74424 0.0697778
-0.99596 -1.03789 0.0377963 1.71171 1.74398 0.0290741
-0.99576 -1.03742 0.279111 1.71136 1.7434 0.0552407
-0.99555 -1.03696 0.270389 1.71102 1.74282 0.0697778
-0.99535 -1.03687 0.101759 1.71068 1.74261 0.0697778
-0.99514 -1.03701 -0.110481 1.71034 1.74267 0.0465185
-0.99494 -1.0371 -0.119204 1.71 1.74264 0.0785
-0.99474 -1.03696 0 1.70965 1.74244 0.0377963
-0.99453 -1.03652 0.279111 1.70931 1.74189 0.0785
-0.99433 -1.03605 0.316907 1.70897 1.74133 0.0610556
-0.99413 -1.03582 0.188981 1.70863 1.74098 0.0552407
-0.99392 -1.03591 0 1.70828 1.74096 0.0785
-0.99372 -1.03611 -0.157 1.70794 1.74107 0.0697778
-0.99352 -1.03614 -0.0465185 1.7076 1.74101 0.0697778
-0.99331 -1.03582 0.206426 1.70726 1.74061 0.0785
-0.99311 -1.03533 0.316907 1.70691 1.73997 0.0465185
-0.9929 -1.03501 0.238407 1.70657 1.7395 0.0785
-0.9927 -1.03498 0 1.70623 1.73933 0.0872222
-0.9925 -1.03515 -0.119204 1.70588 1.73936 0.0697778
-0.99229 -1.03524 -0.0697778 1.70554 1.73933 0.0872222
-0.99209 -1.03495 0.183167 1.7052 1.73892 0.093037
-0.99189 -1.03446 0.343074 1.70485 1.73828 0.0872222
-0.99168 -1.03411 0.279111 1.70451 1.73779 0.101759
-0.99148 -1.03402 0.0552407 1.70417 1.73752 0.110481
-0.99127 -1.03425 -0.125019 1.70383 1.73758 0.101759
-0.99107 -1.03434 -0.119204 1.70348 1.7375 0.110481
-0.99087 -1.03414 0.0232593 1.70314 1.73715 0.093037
-0.99066 -1.03364 0.32563 1.70279 1.73648 0.133741
-0.99046 -1.03315 0.343074 1.70245 1.73578 0.125019
-0.99026 -1.03294 0.157 1.70211 1.73537 0.125019
-0.99005 -1.03315 -0.014537 1.70176 1.73534 0.133741
-0.98985 -1.03341 -0.188981 1.70142 1.73534 0.133741
-0.98964 -1.03335 0 1.70108 1.73508 0.165722
-0.98944 -1.03291 0.270389 1.70073 1.73438 0.142463
-0.98924 -1.03239 0.357611 1.70039 1.73363 0.165722
-0.98903 -1.0321 0.215148 1.70005 1.73305 0.183167
-0.98883 -1.03219 0 1.6997 1.73284 0.174444
-0.98862 -1.03245 -0.174444 1.69936 1.73284 0.183167
-0.98842 -1.03254 -0.0610556 1.69901 1.73264 0.188981
-0.98822 -1.03222 0.229685 1.69867 1.73203 0.188981
-0.98801 -1.03166 0.366333 1.69832 1.73116 0.197704
-0.98781 -1.03126 0.311093 1.69798 1.73043 0.206426
-0.9876 -1.0312 0.0610556 1.69764 1.73002 0.229685
-0.9874 -1.03146 -0.183167 1.69729 1.72994 0.229685
-0.9872 -1.03166 -0.174444 1.69695 1.72979 0.252944
-0.98699 -1.03149 0 1.6966 1.72924 0.24713
-0.98679 -1.03097 0.334352 1.69626 1.72834 0.229685
-0.98658 -1.03044 0.366333 1.69591 1.72744 0.252944
-0.98638 -1.03021 0.197704 1.69557 1.72677 0.279111
-0.98618 -1.0303 0 1.69522 1.72642 0.284926
-0.98597 -1.03059 -0.206426 1.69488 1.72627 0.293648
-0.98577 -1.03068 -0.0465185 1.69453 1.72587 0.293648
-0.98556 -1.0303 0.220963 1.69419 1.72502 0.311093
-0.98536 -1.02977 0.366333 1.69384 1.72401 0.32563
-0.98516 -1.0294 0.293648 1.6935 1.7231 0.343074
-0.98495 -1.02934 0.0610556 1.69315 1.72252 0.348889
-0.98475 -1.0296 -0.165722 1.69281 1.72217 0.375056
-0.98454 -1.02972 -0.110481 1.69246 1.72174 0.389593
-0.98434 -1.02951 0.0232593 1.69212 1.72095 0.38087
-0.98413 -1.02899 0.343074 1.69177 1.71985 0.398315
-0.98393 -1.02844 0.375056 1.69143 1.71871 0.407037
-0.98373 -1.02815 0.229685 1.69108 1.71784 0.389593
-0.98352 -1.0282 0 1.69074 1.71735 0.38087
-0.98332 -1.02849 -0.188981 1.69039 1.71714 0.343074
-0.98311 -1.02855 -0.0697778 1.69005 1.71674 0.311093
-0.98291 -1.02823 0.188981 1.6897 1.71601 0.284926
-0.9827 -1.02768 0.366333 1.68935 1.71508 0.229685
-0.9825 -1.02722 0.343074 1.68901 1.71427 0.238407
-0.9823 -1.0271 0.101759 1.68866 1.71386 0.197704
-0.98209 -1.02724 -0.0290741 1.68832 1.71374 0.183167
-0.98189 -1.02736 -0.110481 1.68797 1.7136 0.157
-0.98168 -1.02722 0 1.68762 1.71325 0.157
-0.98148 -1.02669 0.334352 1.68728 1.71252 0.125019
-0.98127 -1.02608 0.412852 1.68693 1.71171 0.119204
-0.98107 -1.02573 0.293648 1.68659 1.71115 0.142463
-0.98087 -1.02573 0.0290741 1.68624 1.71095 0.142463
-0.98066 -1.02599 -0.174444 1.68589 1.71104 0.125019
-0.98046 -1.02608 -0.0785 1.68555 1.71092 0.125019
-0.98025 -1.02573 0.220963 1.6852 1.7104 0.125019
-0.98005 -1.02506 0.430296 1.68485 1.70956 0.125019
-0.97984 -1.02454 0.421574 1.68451 1.70883 0.110481
-0.97964 -1.0244 0.142463 1.68416 1.70851 0.133741
-0.97943 -1.0246 -0.119204 1.68382 1.70851 0.133741
-0.97923 -1.02477 -0.151185 1.68347 1.70851 0.093037
-0.97902 -1.0246 0 1.68312 1.70816 0.093037
-0.97882 -1.02396 0.407037 1.68278 1.70737 0.110481
-0.97861 -1.02326 0.494259 1.68243 1.70653 0.0872222
-0.97841 -1.02288 0.30237 1.68208 1.70601 0.101759
-0.9782 -1.02297 0.014537 1.68174 1.70598 0.0785
-0.978 -1.02332 -0.252944 1.68139 1.70618 0.0872222
-0.97779 -1.02344 -0.0785 1.68104 1.70624 0.0290741
-0.97759 -1.02297 0.238407 1.68069 1.70569 0.0610556
-0.97738 -1.02219 0.453556 1.68035 1.70482 0.0232593
-0.97718 -1.02166 0.375056 1.68 1.70426 0
-0.97697 -1.02158 0.0552407 1.67965 1.70409 0.0290741
-0.97677 -1.0219 -0.197704 1.67931 1.70438 0.0465185
-0.97656 -1.0221 -0.174444 1.67896 1.70455 0.0610556
-0.97636 -1.02178 0.0872222 1.67861 1.70423 0
-0.97615 -1.02105 0.430296 1.67826 1.70351 0
-0.97594 -1.0205 0.412852 1.67792 1.70296 0
-0.97574 -1.0203 0.183167 1.67757 1.70272 0.0377963
-0.97553 -1.02056 -0.110481 1.67722 1.70298 0
-0.97533 -1.02085 -0.229685 1.67687 1.70328 0
-0.97512 -1.02085 -0.00581481 1.67653 1.70328 0
-0.97492 -1.02033 0.293648 1.67618 1.70275 0
-0.97471 -1.01971 0.398315 1.67583 1.70214 0
-0.97451 -1.01937 0.197704 1.67548 1.70176 0
-0.9743 -1.01969 -0.197704 1.67513 1.70208 0
-0.9741 -1.01995 -0.197704 1.67479 1.70234 0
-0.97389 -1.01977 0 1.67444 1.70217 0
-0.97369 -1.01922 0.38087 1.67409 1.70162 0
-0.97348 -1.01864 0.389593 1.67374 1.70104 0
-0.97328 -1.01844 0.215148 1.67339 1.7008 0
-0.97307 -1.01861 -0.014537 1.67305 1.70098 0
-0.97287 -1.01896 -0.238407 1.6727 1.70133 0
-0.97266 -1.01905 -0.0610556 1.67235 1.70141 0
-0.97245 -1.0187 0.229685 1.672 1.70107 0
-0.97225 -1.01817 0.334352 1.67165 1.70054 0
-0.97204 -1.01782 0.279111 1.6713 1.70019 0
-0.97184 -1.0178 0.0610556 1.67095 1.70016 0
-0.97163 -1.01809 -0.174444 1.67061 1.70046 0
-0.97143 -1.01826 -0.133741 1.67026 1.70063 0
-0.97122 -1.01809 0 1.66991 1.70046 0
-0.97102 -1.01762 0.32563 1.66956 1.69999 0
-0.97081 -1.01713 0.32563 1.66921 1.69947 0.0377963
-0.97061 -1.01695 0.165722 1.66886 1.69929 0
-0.9704 -1.0171 -0.00581481 1.66851 1.69944 0
-0.97019 -1.01736 -0.197704 1.66816 1.69967 0
-0.96999 -1.01742 -0.014537 1.66781 1.69973 0
-0.96978 -1.0171 0.183167 1.66746 1.69941 0
-0.96958 -1.01663 0.32563 1.66711 1.69894 0
-0.96937 -1.01631 0.238407 1.66676 1.69862 0
-0.96917 -1.01628 0.0465185 1.66641 1.69859 0
-0.96896 -1.0166 -0.165722 1.66607 1.69891 0
-0.96876 -1.01666 -0.0290741 1.66572 1.69897 0
-0.96855 -1.01634 0.215148 1.66537 1.69865 0
-0.96834 -1.01585 0.32563 1.66502 1.69816 0
-0.96814 -1.0155 0.279111 1.66467 1.69778 0
-0.96793 -1.01547 0 1.66432 1.69775 0
-0.96773 -1.01573 -0.183167 1.66397 1.69798 0
-0.96752 -1.01588 -0.133741 1.66362 1.6981 0.014537
-0.96732 -1.01567 0.014537 1.66327 1.6979 0
-0.96711 -1.01521 0.316907 1.66292 1.69743 0
-0.9669 -1.01471 0.348889 1.66257 1.69694 0
-0.9667 -1.01451 0.183167 1.66222 1.6967 0.0290741
-0.96649 -1.01466 0 1.66187 1.69685 0
-0.96629 -1.01495 -0.220963 1.66152 1.69711 0.014537
-0.96608 -1.015 -0.0785 1.66116 1.69717 0
-0.96588 -1.01471 0.183167 1.66081 1.69685 0.0290741
-0.96567 -1.01422 0.343074 1.66046 1.69636 0
-0.96546 -1.01387 0.293648 1.66011 1.69598 0.00581481
-0.96526 -1.01381 0.0610556 1.65976 1.69592 0
-0.96505 -1.01407 -0.174444 1.65941 1.69615 0
-0.96485 -1.01425 -0.165722 1.65906 1.6963 0.0465185
-0.96464 -1.0141 0 1.65871 1.69615 0
-0.96443 -1.01364 0.293648 1.65836 1.69566 0.0552407
-0.96423 -1.01314 0.316907 1.65801 1.69513 0.0465185
-0.96402 -1.01291 0.197704 1.65766 1.69487 0
-0.96382 -1.01297 0 1.65731 1.69487 0.0552407
-0.96361 -1.01323 -0.174444 1.65695 1.69511 0.0552407
-0.9634 -1.01332 -0.0872222 1.6566 1.69516 0
-0.9632 -1.01309 0.151185 1.65625 1.69487 0
-0.96299 -1.01265 0.270389 1.6559 1.69441 0.0552407
-0.96279 -1.0123 0.24713 1.65555 1.694 0.0232593
-0.96258 -1.01224 0.0872222 1.6552 1.69388 0.0552407
-0.96237 -1.01233 0 1.65485 1.69391 0.0610556
-0.96217 -1.01245 -0.110481 1.65449 1.69397 0
-0.96196 -1.01236 0 1.65414 1.69386 0.0552407
-0.96176 -1.01201 0.220963 1.65379 1.69342 0.0552407
-0.96155 -1.01163 0.261667 1.65344 1.69298 0.0552407
-0.96134 -1.01137 0.188981 1.65309 1.69266 0.0610556
-0.96114 -1.01137 0 1.65273 1.69258 0.0290741
-0.96093 -1.01152 -0.125019 1.65238 1.69263 0.0785
-0.96073 -1.01157 -0.014537 1.65203 1.6926 0.0552407
-0.96052 -1.01128 0.157 1.65168 1.69223 0.0552407
-0.96031 -1.01085 0.279111 1.65133 1.6917 0.0610556
-0.96011 -1.01056 0.229685 1.65097 1.6913 0.0697778
-0.9599 -1.0105 0.0377963 1.65062 1.69115 0.0610556
-0.95969 -1.01061 -0.0290741 1.65027 1.69115 0.0610556
-0.95949 -1.0107 -0.0465185 1.64992 1.69112 0.0785
-0.95928 -1.0105 0.0785 1.64956 1.69083 0.0552407
-0.95908 -1.01006 0.252944 1.64921 1.69025 0.0785
-0.95887 -1.00971 0.252944 1.64886 1.68978 0.0872222
-0.95866 -1.00954 0.142463 1.64851 1.68946 0.101759
-0.95846 -1.00954 0 1.64815 1.68932 0.0872222
-0.95825 -1.00968 -0.093037 1.6478 1.68932 0.0872222
-0.95805 -1.00963 0 1.64744 1.68912 0.101759
-0.95785 -1.00931 0.197704 1.64709 1.68862 0.101759
-0.95766 -1.00887 0.30237 1.64673 1.68801 0.0785
-0.95746 -1.00855 0.229685 1.64637 1.68752 0.110481
-0.95726 -1.00852 0.0610556 1.64601 1.68731 0.125019
-0.95707 -1.00861 -0.0697778 1.64565 1.6872 0.133741
-0.95687 -1.00867 -0.014537 1.64529 1.68708 0.125019
-0.95667 -1.00843 0.119204 1.64493 1.68664 0.125019
-0.95648 -1.00803 0.284926 1.64457 1.68603 0.125019
-0.95628 -1.00756 0.284926 1.64422 1.68534 0.125019
-0.95609 -1.00742 0.133741 1.64386 1.68496 0.157
-0.95589 -1.00745 0 1.6435 1.68475 0.151185
-0.95569 -1.00753 -0.0697778 1.64314 1.68461 0.157
-0.9555 -1.00747 0 1.64278 1.68429 0.165722
-0.9553 -1.0071 0.24713 1.64242 1.68365 0.174444
-0.9551 -1.00663 0.311093 1.64206 1.68292 0.174444
-0.95491 -1.00628 0.252944 1.6417 1.68228 0.183167
-0.95471 -1.00625 0.0465185 1.64134 1.68193 0.188981
-0.95451 -1.00643 -0.119204 1.64098 1.68176 0.197704
-0.95432 -1.00646 -0.0232593 1.64062 1.68147 0.215148
-0.95412 -1.00614 0.197704 1.64026 1.68083 0.220963
-0.95392 -1.00567 0.311093 1.6399 1.68002 0.220963
-0.95373 -1.00529 0.279111 1.63954 1.67926 0.252944
-0.95353 -1.00518 0.0785 1.63918 1.67877 0.238407
-0.95333 -1.00526 0 1.63882 1.67847 0.252944
-0.95314 -1.00529 -0.0465185 1.63846 1.67813 0.24713
-0.95294 -1.00509 0.0377963 1.6381 1.67749 0.270389
-0.95274 -1.00465 0.293648 1.63774 1.67667 0.238407
-0.95255 -1.00416 0.32563 1.63738 1.6758 0.284926
-0.95235 -1.0039 0.206426 1.63702 1.6751 0.252944
-0.95215 -1.0039 0 1.63666 1.67472 0.252944
-0.95196 -1.00404 -0.110481 1.6363 1.67443 0.284926
-0.95176 -1.00401 0 1.63594 1.67397 0.279111
-0.95156 -1.00367 0.206426 1.63558 1.67318 0.30237
-0.95136 -1.00317 0.316907 1.63522 1.67219 0.316907
-0.95117 -1.00279 0.261667 1.63486 1.67132 0.32563
-0.95097 -1.00271 0.093037 1.6345 1.67071 0.343074
-0.95077 -1.00276 0 1.63414 1.67022 0.348889
-0.95058 -1.00279 -0.0377963 1.63378 1.66969 0.38087
-0.95038 -1.00259 0.151185 1.63342 1.66891 0.375056
-0.95018 -1.00212 0.293648 1.63306 1.66786 0.398315
-0.94999 -1.00166 0.32563 1.63269 1.66676 0.389593
-0.94979 -1.00149 0.142463 1.63233 1.66597 0.407037
-0.94959 -1.00151 0 1.63197 1.66539 0.389593
-0.94939 -1.0016 -0.0552407 1.63161 1.66493 0.398315
-0.9492 -1.00149 0 1.63125 1.66423 0.38087
-0.949 -1.00099 0.279111 1.63089 1.66312 0.375056
-0.9488 -1.00047 0.366333 1.63053 1.66205 0.357611
-0.94861 -1.00012 0.279111 1.63016 1.66118 0.348889
-0.94841 -1.00009 0.014537 1.6298 1.66059 0.348889
-0.94821 -1.00021 -0.093037 1.62944 1.66022 0.334352
-0.94801 -1.00023 -0.0290741 1.62908 1.65978 0.316907
-0.94782 -0.999886 0.206426 1.62872 1.65902 0.293648
-0.94762 -0.999363 0.357611 1.62836 1.65809 0.261667
-0.94742 -0.998898 0.316907 1.62799 1.65725 0.238407
-0.94722 -0.99881 0.0872222 1.62763 1.65681 0.24713
-0.94703 -0.998898 -0.0232593 1.62727 1.65658 0.206426
-0.94683 -0.998985 -0.0610556 1.62691 1.65635 0.197704
-0.94663 -0.998665 0.174444 1.62655 1.65577 0.157
-0.94643 -0.998054 0.348889 1.62618 1.65492 0.151185
-0.94624 -0.99756 0.343074 1.62582 1.65417 0.133741
-0.94604 -0.997415 0.142463 1.62546 1.65382 0.142463
-0.94584 -0.997531 0 1.6251 1.65373 0.110481
-0.94564 -0.997618 -0.093037 1.62473 1.65365 0.125019
-0.94545 -0.997415 0.0697778 1.62437 1.65324 0.119204
-0.94525 -0.996891 0.311093 1.62401 1.65254 0.125019
-0.94505 -0.996397 0.343074 1.62365 1.6519 0.110481
-0.94485 -0.996106 0.215148 1.62328 1.65147 0.110481
-0.94466 -0.996136 0 1.62292 1.65135 0.0785
-0.94446 -0.996281 -0.110481 1.62256 1.65138 0.0872222
-0.94426 -0.996223 0 1.6222 1.65117 0.0872222
-0.94406 -0.995787 0.270389 1.62183 1.65062 0.0872222
-0.94387 -0.995263 0.348889 1.62147 1.65001 0.0785
-0.94367 -0.994943 0.229685 1.62111 1.64955 0.0785
-0.94347 -0.994943 0 1.62074 1.64943 0.0610556
-0.94327 -0.995118 -0.142463 1.62038 1.64955 0.0697778
-0.94307 -0.995118 0 1.62002 1.64946 0.0290741
-0.94288 -0.99474 0.220963 1.61965 1.64902 0.0290741
-0.94268 -0.994217 0.316907 1.61929 1.64844 0
-0.94248 -0.993926 0.252944 1.61893 1.64809 0.0377963
-0.94228 -0.993868 0.0552407 1.61856 1.64798 0.0552407
-0.94209 -0.994042 -0.119204 1.6182 1.64809 0
-0.94189 -0.9941 -0.0552407 1.61783 1.64815 0
-0.94169 -0.993897 0.110481 1.61747 1.64792 0
-0.94149 -0.99349 0.284926 1.61711 1.64751 0
-0.94129 -0.993083 0.229685 1.61674 1.64707 0
-0.9411 -0.993025 0.0785 1.61638 1.64702 0
-0.9409 -0.993112 0 1.61601 1.6471 0
-0.9407 -0.993199 -0.0697778 1.61565 1.64719 0
-0.9405 -0.993083 0 1.61529 1.64707 0
-0.9403 -0.992705 0.215148 1.61492 1.6467 0
-0.94011 -0.992356 0.229685 1.61456 1.64632 0
-0.93991 -0.992181 0.151185 1.61419 1.64614 0
-0.93971 -0.992211 0 1.61383 1.64617 0
-0.93951 -0.992356 -0.110481 1.61346 1.64632 0
-0.93931 -0.992385 -0.0232593 1.6131 1.64635 0
-0.93911 -0.992094 0.174444 1.61273 1.64606 0
-0.93892 -0.991774 0.229685 1.61237 1.64574 0
-0.93872 -0.991542 0.183167 1.61201 1.6455 0
-0.93852 -0.991513 0 1.61164 1.64548 0
-0.93832 -0.991658 -0.110481 1.61128 1.64562 0.0610556
-0.93812 -0.991687 -0.0552407 1.61091 1.64565 0
-0.93792 -0.991455 0.142463 1.61055 1.64542 0
-0.93773 -0.991106 0.229685 1.61018 1.64507 0
-0.93753 -0.990844 0.206426 1.60981 1.64481 0
-0.93733 -0.990786 0.0377963 1.60945 1.64472 0
-0.93713 -0.990902 0 1.60908 1.64484 0
-0.93693 -0.990931 -0.0377963 1.60872 1.64487 0
-0.93673 -0.990728 0.133741 1.60835 1.64466 0
-0.93654 -0.990379 0.215148 1.60799 1.64431 0
-0.93634 -0.990088 0.215148 1.60762 1.64402 0
-0.93614 -0.990001 0.0785 1.60726 1.64393 0
-0.93594 -0.990088 0 1.60689 1.64402 0
-0.93574 -0.990117 -0.0697778 1.60652 1.64405 0
-0.93554 -0.989943 0.0232593 1.60616 1.64388 0
-0.93534 -0.989623 0.238407 1.60579 1.64356 0
-0.93515 -0.989274 0.24713 1.60543 1.64321 0
-0.93495 -0.989071 0.151185 1.60506 1.643 0
-0.93475 -0.9891 0 1.60469 1.64303 0
-0.93455 -0.989245 -0.119204 1.60433 1.64315 0.0290741
-0.93435 -0.989245 -0.014537 1.60396 1.64315 0
-0.93415 -0.988925 0.188981 1.6036 1.64283 0
-0.93396 -0.988547 0.238407 1.60322 1.64245 0
-0.93377 -0.988315 0.197704 1.60285 1.64222 0
-0.93358 -0.988256 0.0290741 1.60248 1.64213 0
-0.93339 -0.988373 -0.0785 1.60211 1.64225 0.014537
-0.9332 -0.988373 0 1.60174 1.64225 0
-0.93301 -0.988082 0.183167 1.60137 1.64193 0
-0.93282 -0.987733 0.252944 1.60099 1.64158 0
-0.93263 -0.987501 0.183167 1.60062 1.64132 0
-0.93244 -0.987471 0.014537 1.60025 1.64129 0
-0.93226 -0.98753 -0.0465185 1.59988 1.64132 0.0552407
-0.93207 -0.987559 -0.014537 1.5995 1.64135 0
-0.93188 -0.987355 0.151185 1.59913 1.64111 0.0290741
-0.93169 -0.986977 0.220963 1.59876 1.64074 0
-0.9315 -0.986716 0.188981 1.59839 1.64042 0.0610556
-0.93131 -0.986657 0.0610556 1.59801 1.64033 0.0610556
-0.93112 -0.986716 0 1.59764 1.64036 0.0290741
-0.93093 -0.986745 -0.0377963 1.59727 1.64036 0
-0.93074 -0.986541 0.125019 1.5969 1.64016 0
-0.93055 -0.986192 0.215148 1.59652 1.63975 0
-0.93036 -0.985931 0.197704 1.59615 1.63946 0
-0.93017 -0.985843 0.0697778 1.59578 1.63934 0
-0.92998 -0.985872 0 1.5954 1.63934 0.0377963
-0.92979 -0.985901 0 1.59503 1.63928 0.014537
-0.9296 -0.985727 0.119204 1.59466 1.63908 0.00581481
-0.92941 -0.985407 0.220963 1.59428 1.63873 0.0465185
-0.92922 -0.985116 0.220963 1.59391 1.63838 0.0465185
-0.92903 -0.985 0.0872222 1.59354 1.63821 0.0697778
-0.92884 -0.985029 0 1.59316 1.63818 0.0290741
-0.92865 -0.985087 -0.0377963 1.59279 1.63815 0.0465185
-0.92846 -0.984942 0.0232593 1.59241 1.63795 0.0610556
-0.92827 -0.984622 0.197704 1.59204 1.63757 0.0697778
-0.92808 -0.984215 0.229685 1.59167 1.63707 0.0465185
-0.92789 -0.984041 0.142463 1.59129 1.63684 0.0610556
-0.9277 -0.984041 0 1.59092 1.63672 0.0465185
-0.92751 -0.984099 -0.0465185 1.59055 1.6367 0.0465185
-0.92732 -0.984041 0 1.59017 1.63652 0.0465185
-0.92713 -0.98375 0.183167 1.5898 1.63614 0.0785
-0.92694 -0.983401 0.220963 1.58942 1.63568 0.0697778
-0.92675 -0.983168 0.183167 1.58905 1.63533 0.0872222
-0.92656 -0.98311 0.0785 1.58867 1.63515 0.0610556
-0.92637 -0.983139 0 1.5883 1.63504 0.0697778
-0.92618 -0.983139 0 1.58792 1.63489 0.0872222
-0.92599 -0.982965 0.110481 1.58755 1.6346 0.0785
-0.92579 -0.982587 0.206426 1.58718 1.63405 0.093037
-0.9256 -0.982267 0.215148 1.5868 1.63358 0.101759
-0.92541 -0.982122 0.119204 1.58643 1.63326 0.119204
-0.92522 -0.982122 0 1.58605 1.63306 0.125019
-0.92503 -0.982122 0 1.58568 1.63289 0.119204
-0.92484 -0.982006 0.0232593 1.5853 1.63257 0.142463
-0.92465 -0.981657 0.206426 1.58493 1.63199 0.133741
-0.92446 -0.981279 0.238407 1.58455 1.63137 0.157
-0.92427 -0.981046 0.183167 1.58417 1.63088 0.165722
-0.92408 -0.981017 0 1.5838 1.63062 0.174444
-0.92389 -0.981017 0 1.58342 1.63033 0.165722
-0.9237 -0.980988 0 1.58305 1.63001 0.183167
-0.92351 -0.980697 0.188981 1.58267 1.6294 0.188981
-0.92332 -0.980319 0.252944 1.5823 1.62873 0.206426
-0.92313 -0.980028 0.197704 1.58192 1.62812 0.220963
-0.92293 -0.979941 0.0377963 1.58155 1.62765 0.238407
-0.92274 -0.97997 0 1.58117 1.6273 0.252944
-0.92255 -0.97997 0 1.58079 1.62696 0.229685
-0.92236 -0.97968 0.174444 1.58042 1.62632 0.238407
-0.92217 -0.979273 0.270389 1.58004 1.6255 0.252944
-0.92198 -0.978953 0.252944 1.57967 1.6248 0.24713
-0.92179 -0.978836 0.101759 1.57929 1.62428 0.238407
-0.9216 -0.978836 0 1.57891 1.62384 0.279111
-0.92141 -0.978895 -0.0377963 1.57854 1.6235 0.279111
-0.92122 -0.978691 0.101759 1.57816 1.62289 0.252944
-0.92102 -0.978313 0.270389 1.57778 1.62207 0.270389
-0.92083 -0.977906 0.284926 1.57741 1.62117 0.279111
-0.92064 -0.977673 0.151185 1.57703 1.62047 0.293648
-0.92045 -0.977644 0 1.57665 1.61998 0.311093
-0.92026 -0.977703 -0.0290741 1.57628 1.61943 0.334352
-0.92007 -0.977499 0.125019 1.5759 1.61873 0.316907
-0.91988 -0.977063 0.261667 1.57552 1.61771 0.348889
-0.91968 -0.976656 0.279111 1.57515 1.61675 0.366333
-0.91949 -0.976423 0.188981 1.57477 1.61594 0.366333
-0.9193 -0.976394 0 1.57439 1.61533 0.412852
-0.91911 -0.976394 0 1.57402 1.61472 0.38087
-0.91892 -0.976336 0 1.57364 1.6141 0.38087
-0.91873 -0.975958 0.229685 1.57326 1.61317 0.357611
-0.91854 -0.975464 0.334352 1.57288 1.61216 0.348889
-0.91834 -0.975057 0.284926 1.57251 1.61123 0.334352
-0.91815 -0.974941 0.101759 1.57213 1.61065 0.30237
-0.91796 -0.97497 0 1.57175 1.6103 0.279111
-0.91777 -0.974999 0 1.57137 1.60995 0.238407
-0.91758 -0.974737 0.151185 1.57099 1.60934 0.252944
-0.91739 -0.974243 0.311093 1.57062 1.60852 0.215148
-0.91719 -0.973778 0.316907 1.57024 1.60771 0.188981
-0.917 -0.973487 0.174444 1.56986 1.6071 0.197704
-0.91681 -0.973487 0 1.56948 1.60681 0.206426
-0.91662 -0.973487 0 1.5691 1.60652 0.157
-0.91643 -0.973167 0.174444 1.56873 1.60594 0.174444
-0.91624 -0.972586 0.348889 1.56835 1.60506 0.165722
-0.91604 -0.972091 0.357611 1.56797 1.60431 0.142463
-0.91585 -0.971859 0.133741 1.56759 1.60375 0.165722
-0.91566 -0.971917 0 1.56721 1.60355 0.174444
-0.91547 -0.971946 0 1.56683 1.60332 0.133741
-0.91528 -0.971597 0.206426 1.56646 1.60277 0.142463
-0.91508 -0.971016 0.366333 1.56608 1.60198 0.133741
-0.91489 -0.970492 0.334352 1.5657 1.60123 0.142463
-0.9147 -0.970347 0.119204 1.56532 1.60091 0.110481
-0.91451 -0.970376 0 1.56494 1.60076 0.101759
-0.91431 -0.970405 0 1.56456 1.60064 0.093037
-0.91412 -0.970056 0.197704 1.56418 1.60018 0.0785
-0.91393 -0.969416 0.343074 1.5638 1.59939 0.0697778
-0.91374 -0.969009 0.311093 1.56342 1.5989 0.0785
-0.91355 -0.968864 0.110481 1.56304 1.59867 0.0552407
-0.91335 -0.968922 0 1.56266 1.59864 0.0697778
-0.91316 -0.968951 -0.0290741 1.56228 1.59864 0.0610556
-0.91297 -0.968719 0.125019 1.5619 1.59835 0
-0.91278 -0.968195 0.334352 1.56152 1.59777 0.0610556
-0.91259 -0.967701 0.343074 1.56114 1.59721 0
-0.9124 -0.967498 0.110481 1.56076 1.59698 0
-0.91221 -0.967614 0 1.56038 1.59704 0.0610556
-0.91202 -0.96773 -0.101759 1.56 1.59713 0
-0.91183 -0.967527 0.0552407 1.55962 1.59689 0.0377963
-0.91163 -0.967061 0.30237 1.55924 1.59643 0
-0.91144 -0.96648 0.30237 1.55886 1.59582 0
-0.91125 -0.966276 0.174444 1.55848 1.59556 0
-0.91106 -0.966364 0 1.5581 1.59564 0
-0.91087 -0.96648 -0.093037 1.55771 1.59573 0.0232593
-0.91068 -0.966364 0 1.55733 1.59558 0
-0.91049 -0.965957 0.252944 1.55695 1.59518 0
-0.9103 -0.965491 0.293648 1.55657 1.59468 0
-0.9101 -0.965288 0.165722 1.55619 1.59448 0
-0.90991 -0.965317 0 1.55581 1.59451 0
-0.90972 -0.965433 -0.093037 1.55543 1.59463 0
-0.90953 -0.965462 -0.0552407 1.55504 1.59465 0
-0.90934 -0.965113 0.215148 1.55466 1.59431 0
-0.90915 -0.964706 0.279111 1.55428 1.5939 0
-0.90895 -0.964416 0.215148 1.5539 1.59358 0
-0.90876 -0.964387 0.0552407 1.55352 1.59355 0
-0.90857 -0.964532 -0.119204 1.55313 1.59369 0
-0.90838 -0.964561 -0.0232593 1.55275 1.59372 0
-0.90819 -0.964358 0.0552407 1.55237 1.59352 0
-0.908 -0.964009 0.220963 1.55199 1.59317 0
-0.9078 -0.963689 0.215148 1.5516 1.59285 0
-0.90761 -0.963543 0.110481 1.55122 1.59271 0
-0.90742 -0.963543 0 1.55084 1.59271 0
-0.90723 -0.963573 -0.0465185 1.55046 1.59274 0
-0.90704 -0.963514 0 1.55007 1.59268 0
-0.90684 -0.963195 0.197704 1.54969 1.59236 0
-0.90665 -0.962846 0.220963 1.54931 1.59201 0
-0.90646 -0.962642 0.157 1.54893 1.59175 0.0232593
-0.90627 -0.962642 0 1.54854 1.59175 0
-0.90608 -0.962729 -0.0872222 1.54816 1.59183 0
-0.90588 -0.962729 0 1.54778 1.59183 0
-0.90569 -0.962439 0.165722 1.54739 1.59154 0
-0.9055 -0.962032 0.252944 1.54701 1.59114 0
-0.90531 -0.96177 0.188981 1.54663 1.59087 0
-0.90512 -0.961712 0.014537 1.54624 1.59082 0
-0.90492 -0.961799 -0.0377963 1.54586 1.59087 0.0232593
-0.90473 -0.961828 0 1.54548 1.5909 0
-0.90454 -0.961566 0.174444 1.54509 1.59064 0
-0.90435 -0.961188 0.220963 1.54471 1.59026 0
-0.90415 -0.960898 0.188981 1.54432 1.58997 0
-0.90396 -0.96084 0.0232593 1.54394 1.58989 0
-0.90377 -0.960869 0 1.54356 1.58992 0
-0.90358 -0.960898 -0.0552407 1.54317 1.58992 0
-0.90338 -0.960636 0.142463 1.54279 1.58965 0
-0.90319 -0.960287 0.220963 1.5424 1.5893 0
-0.903 -0.959996 0.188981 1.54202 1.58899 0.0290741
-0.90281 -0.959938 0.0610556 1.54164 1.5889 0.00581481
-0.90261 -0.959967 0 1.54125 1.58893 0
-0.90242 -0.959967 0 1.54087 1.5889 0.0232593
-0.90223 -0.959851 0 1.54048 1.58875 0
-0.90204 -0.959502 0.197704 1.5401 1.5884 0.00581481
-0.90184 -0.959153 0.220963 1.53971 1.58803 0
-0.90165 -0.95895 0.157 1.53933 1.58779 0
-0.90146 -0.958921 0.0552407 1.53894 1.58771 0
-0.90126 -0.95895 -0.00581481 1.53856 1.58771 0.0377963
-0.90107 -0.95895 0 1.53817 1.58768 0.0465185
-0.90088 -0.958717 0.133741 1.53779 1.58739 0.0290741
-0.90069 -0.958397 0.183167 1.5374 1.58704 0.0377963
-0.90049 -0.958165 0.188981 1.53702 1.58672 0.0232593
-0.9003 -0.958048 0.0697778 1.53663 1.58651 0.0610556
-0.90011 -0.958048 0 1.53625 1.58646 0.0610556
-0.89991 -0.958048 0 1.53586 1.5864 0.0552407
-0.89972 -0.957816 0.110481 1.53547 1.58608 0.0290741
-0.89953 -0.957496 0.188981 1.53509 1.58567 0.0697778
-0.89933 -0.957205 0.197704 1.5347 1.58529 0.0872222
-0.89914 -0.95706 0.119204 1.53432 1.58503 0.0785
-0.89895 -0.95706 0 1.53393 1.58494 0.0552407
-0.89875 -0.95706 0 1.53355 1.58483 0.0785
-0.89856 -0.956915 0.0697778 1.53316 1.58457 0.0785
-0.89837 -0.956624 0.183167 1.53277 1.58416 0.0610556
-0.89817 -0.956304 0.215148 1.53239 1.58369 0.0872222
-0.89798 -0.956101 0.165722 1.532 1.58334 0.101759
-0.89779 -0.956042 0.0377963 1.53161 1.58314 0.0872222
-0.89759 -0.956042 0 1.53123 1.58297 0.093037
-0.8974 -0.955897 0.0697778 1.53084 1.58268 0.101759
-0.89721 -0.955577 0.188981 1.53045 1.58218 0.119204
-0.89701 -0.955228 0.229685 1.53007 1.58166 0.125019
-0.89682 -0.954996 0.188981 1.52968 1.58125 0.119204
-0.89663 -0.954938 0.0697778 1.52929 1.58099 0.125019
-0.89643 -0.954938 0 1.52891 1.58079 0.119204
-0.89624 -0.954879 0 1.52852 1.58052 0.125019
-0.89604 -0.954501 0.174444 1.52813 1.57988 0.133741
-0.89585 -0.954123 0.270389 1.52775 1.57927 0.142463
-0.89566 -0.953716 0.188981 1.52736 1.57858 0.151185
-0.89546 -0.953658 0.0377963 1.52697 1.57826 0.151185
-0.89527 -0.953687 0 1.52658 1.57799 0.183167
-0.89508 -0.953629 0 1.5262 1.57765 0.165722
-0.89488 -0.953309 0.197704 1.52581 1.57706 0.188981
-0.89469 -0.952844 0.261667 1.52542 1.57628 0.183167
-0.89449 -0.952553 0.238407 1.52503 1.57567 0.197704
-0.8943 -0.952437 0.0610556 1.52464 1.5752 0.220963
-0.89411 -0.952466 0 1.52426 1.57488 0.238407
-0.89391 -0.952466 0 1.52387 1.57454 0.220963
-0.89372 -0.952117 0.188981 1.52348 1.57378 0.252944
-0.89352 -0.95171 0.284926 1.52309 1.57299 0.252944
-0.89333 -0.951332 0.270389 1.5227 1.57218 0.293648
-0.89313 -0.951216 0.125019 1.52232 1.57166 0.270389
-0.89294 -0.951187 0 1.52193 1.57122 0.252944
-0.89275 -0.951187 0 1.52154 1.57076 0.270389
-0.89255 -0.950954 0.125019 1.52115 1.57012 0.270389
-0.89236 -0.950547 0.279111 1.52076 1.56927 0.252944
-0.89216 -0.950082 0.311093 1.52037 1.56837 0.293648
-0.89197 -0.949821 0.174444 1.51998 1.56759 0.311093
-0.89177 -0.949791 0 1.5196 1.56706 0.30237
-0.89158 -0.94985 -0.0290741 1.51921 1.56666 0.311093
-0.89138 -0.949704 0 1.51882 1.56587 0.316907
-0.89119 -0.949181 0.293648 1.51843 1.5648 0.357611
-0.891 -0.948687 0.343074 1.51804 1.56375 0.38087
-0.8908 -0.948338 0.261667 1.51765 1.5627 0.389593
-0.89061 -0.948309 0 1.51726 1.56203 0.421574
-0.89042 -0.948367 -0.0697778 1.51687 1.56136 0.439019
-0.89023 -0.948338 0 1.51648 1.56067 0.453556
-0.89003 -0.947931 0.24713 1.51608 1.55956 0.462278
-0.88984 -0.947407 0.334352 1.51569 1.55834 0.471
-0.88965 -0.947 0.30237 1.5153 1.55724 0.444833
-0.88946 -0.946855 0.101759 1.51491 1.55642 0.471
-0.88926 -0.946884 0 1.51452 1.55578 0.453556
-0.88907 -0.946913 -0.0290741 1.51413 1.55517 0.430296
-0.88888 -0.946622 0.151185 1.51374 1.55418 0.439019
-0.88869 -0.946099 0.343074 1.51334 1.55305 0.421574
-0.88849 -0.945605 0.343074 1.51295 1.55189 0.398315
-0.8883 -0.945401 0.174444 1.51256 1.55107 0.412852
-0.88811 -0.94543 0 1.51217 1.55046 0.407037
-0.88792 -0.945459 -0.0697778 1.51178 1.54985 0.398315
-0.88772 -0.945314 0 1.51139 1.54907 0.430296
-0.88753 -0.944849 0.311093 1.51099 1.54796 0.421574
-0.88734 -0.944267 0.366333 1.5106 1.54671 0.412852
-0.88714 -0.943948 0.220963 1.51021 1.54566 0.389593
-0.88695 -0.944006 0 1.50982 1.5452 0.357611
-0.88676 -0.944122 -0.093037 1.50942 1.54485 0.293648
-0.88657 -0.944006 0 1.50903 1.54439 0.238407
-0.88637 -0.943541 0.30237 1.50864 1.54363 0.197704
-0.88618 -0.942959 0.38087 1.50825 1.54279 0.151185
-0.88599 -0.94261 0.261667 1.50785 1.54223 0.133741
-0.88579 -0.942581 0 1.50746 1.54206 0.0785
-0.8856 -0.942785 -0.142463 1.50707 1.5422 0.0697778
-0.88541 -0.942814 -0.0610556 1.50667 1.54223 0
-0.88521 -0.942436 0.24713 1.50628 1.54183 0
-0.88502 -0.941883 0.348889 1.50589 1.54127 0
-0.88483 -0.941476 0.311093 1.50549 1.54087 0
-0.88463 -0.941418 0.0290741 1.5051 1.54081 0
-0.88444 -0.941593 -0.110481 1.50471 1.54098 0
-0.88425 -0.941651 -0.0552407 1.50431 1.54104 0
-0.88405 -0.941331 0.197704 1.50392 1.54072 0
-0.88386 -0.940837 0.293648 1.50353 1.54023 0
-0.88367 -0.940517 0.252944 1.50313 1.53988 0
-0.88347 -0.940401 0.0697778 1.50274 1.53973 0
-0.88328 -0.940488 -0.00581481 1.50234 1.53979 0
-0.88309 -0.940546 -0.0290741 1.50195 1.53982 0
-0.88289 -0.940284 0.142463 1.50156 1.53953 0
-0.8827 -0.939906 0.270389 1.50116 1.53912 0.0377963
-0.88251 -0.939528 0.252944 1.50077 1.53875 0
-0.88231 -0.939441 0.0872222 1.50037 1.53863 0.0465185
-0.88212 -0.939528 0 1.49998 1.53872 0
-0.88192 -0.939586 -0.0377963 1.49958 1.53877 0
-0.88173 -0.939383 0.0697778 1.49919 1.53857 0
-0.88154 -0.939034 0.238407 1.49879 1.53822 0
-0.88134 -0.938685 0.252944 1.4984 1.53787 0
-0.88115 -0.938511 0.142463 1.49801 1.5377 0
-0.88095 -0.938511 0 1.49761 1.5377 0
-0.88076 -0.938627 -0.0697778 1.49722 1.53781 0
-0.88057 -0.93854 0 1.49682 1.53773 0
-0.88037 -0.938249 0.206426 1.49642 1.53744 0
-0.88018 -0.9379 0.215148 1.49603 1.53709 0
-0.87998 -0.937697 0.142463 1.49563 1.53688 0
-0.87979 -0.937697 0 1.49524 1.53688 0
-0.8796 -0.937755 -0.0697778 1.49484 1.53694 0
-0.8794 -0.937697 0 1.49445 1.53688 0
-0.87921 -0.937377 0.188981 1.49405 1.53656 0
-0.87901 -0.937057 0.220963 1.49366 1.53624 0
-0.87882 -0.936883 0.142463 1.49326 1.53607 0
-0.87862 -0.936853 0 1.49286 1.53601 0
-0.87843 -0.936912 -0.0377963 1.49247 1.53607 0
-0.87824 -0.936853 0 1.49207 1.53601 0
-0.87804 -0.936563 0.165722 1.49167 1.53572 0
-0.87785 -0.936301 0.188981 1.49128 1.53546 0
-0.87765 -0.936068 0.157 1.49088 1.53523 0
-0.87746 -0.93601 0.014537 1.49049 1.53517 0
-0.87726 -0.93601 0 1.49009 1.53514 0.014537
-0.87707 -0.935981 0 1.48969 1.53511 0
-0.87687 -0.93572 0.174444 1.4893 1.53485 0
-0.87668 -0.9354 0.206426 1.4889 1.5345 0.0232593
-0.87648 -0.935196 0.157 1.4885 1.53427 0
-0.87629 -0.935167 0.0232593 1.4881 1.53424 0.014537
-0.87609 -0.935196 0 1.48771 1.53424 0
-0.8759 -0.935167 0 1.48731 1.53421 0
-0.8757 -0.934876 0.142463 1.48691 1.53392 0
-0.87551 -0.934528 0.220963 1.48652 1.53357 0
-0.87531 -0.934295 0.183167 1.48612 1.53328 0.0290741
-0.87512 -0.934237 0.0610556 1.48572 1.53322 0
-0.87492 -0.934237 0 1.48532 1.53319 0.0377963
-0.87473 -0.934208 0 1.48492 1.53316 0
-0.87453 -0.933946 0.157 1.48453 1.53287 0.0465185
-0.87434 -0.933626 0.206426 1.48413 1.53252 0.0377963
-0.87414 -0.933394 0.174444 1.48373 1.53226 0.0377963
-0.87395 -0.933306 0.0785 1.48333 1.53212 0.0290741
-0.87375 -0.933306 0 1.48293 1.53209 0
-0.87356 -0.933277 0 1.48254 1.53203 0.0552407
-0.87336 -0.933045 0.133741 1.48214 1.53171 0.0377963
-0.87317 -0.932725 0.215148 1.48174 1.53136 0.0552407
-0.87297 -0.932434 0.197704 1.48134 1.53098 0.0697778
-0.87277 -0.932347 0.0697778 1.48094 1.53084 0.0610556
-0.87258 -0.932347 0 1.48054 1.53075 0.0377963
-0.87238 -0.932347 0 1.48015 1.53069 0.0377963
-0.87219 -0.932143 0.110481 1.47975 1.5304 0.0697778
-0.87199 -0.931795 0.215148 1.47935 1.52994 0.0697778
-0.8718 -0.931533 0.188981 1.47895 1.52956 0.0552407
-0.8716 -0.931388 0.110481 1.47855 1.5293 0.0872222
-0.8714 -0.931388 0 1.47815 1.52912 0.0697778
-0.87121 -0.931388 0 1.47775 1.52898 0.110481
-0.87101 -0.931184 0.101759 1.47735 1.5286 0.093037
-0.87082 -0.930893 0.174444 1.47695 1.52813 0.093037
-0.87062 -0.930573 0.188981 1.47655 1.52761 0.125019
-0.87042 -0.930428 0.133741 1.47615 1.52726 0.125019
-0.87023 -0.930399 0 1.47575 1.52703 0.119204
-0.87003 -0.93037 0 1.47535 1.52674 0.157
-0.86984 -0.930196 0.093037 1.47495 1.52627 0.165722
-0.86964 -0.929905 0.183167 1.47455 1.52575 0.183167
-0.86944 -0.929614 0.215148 1.47415 1.52517 0.188981
-0.86925 -0.929411 0.119204 1.47375 1.52464 0.174444
-0.86905 -0.929381 0.0465185 1.47335 1.5243 0.188981
-0.86885 -0.929381 0 1.47295 1.52395 0.206426
-0.86866 -0.929236 0.093037 1.47255 1.52348 0.197704
-0.86846 -0.928945 0.188981 1.47215 1.52284 0.229685
-0.86827 -0.928626 0.206426 1.47175 1.52217 0.238407
-0.86807 -0.928422 0.142463 1.47135 1.52156 0.24713
-0.86787 -0.928393 0.0290741 1.47095 1.52116 0.252944
-0.86768 -0.928393 0 1.47055 1.52075 0.24713
-0.86748 -0.928248 0.093037 1.47015 1.5202 0.252944
-0.86728 -0.927957 0.183167 1.46975 1.5195 0.261667
-0.86709 -0.927637 0.215148 1.46934 1.51877 0.293648
-0.86689 -0.927433 0.142463 1.46894 1.5181 0.293648
-0.86669 -0.927375 0.0232593 1.46854 1.51758 0.316907
-0.8665 -0.927375 0 1.46814 1.51706 0.316907
-0.8663 -0.92723 0.0872222 1.46774 1.5163 0.343074
-0.8661 -0.92691 0.188981 1.46734 1.51537 0.366333
-0.8659 -0.926532 0.229685 1.46694 1.51435 0.38087
-0.86571 -0.926329 0.151185 1.46653 1.51354 0.407037
-0.86551 -0.926271 0.0377963 1.46613 1.51278 0.421574
-0.86531 -0.926271 0 1.46573 1.51208 0.444833
-0.86512 -0.926125 0.0872222 1.46533 1.51127 0.439019
-0.86492 -0.925863 0.174444 1.46493 1.51037 0.430296
-0.86472 -0.925486 0.220963 1.46452 1.50935 0.407037
-0.86453 -0.925224 0.197704 1.46412 1.50845 0.38087
-0.86433 -0.925137 0.0872222 1.46372 1.50778 0.366333
-0.86413 -0.925108 0.0290741 1.46332 1.50726 0.32563
-0.86393 -0.924962 0.0697778 1.46291 1.50665 0.284926
-0.86374 -0.924642 0.188981 1.46251 1.50589 0.261667
-0.86354 -0.924235 0.252944 1.46211 1.50511 0.24713
-0.86334 -0.923974 0.206426 1.4617 1.50452 0.229685
-0.86314 -0.923828 0.0785 1.4613 1.50403 0.229685
-0.86295 -0.923828 0 1.4609 1.5038 0.165722
-0.86275 -0.923683 0.0377963 1.4605 1.50336 0.151185
-0.86255 -0.923334 0.206426 1.46009 1.50281 0.125019
-0.86235 -0.922898 0.279111 1.45969 1.50217 0.133741
-0.86216 -0.922549 0.261667 1.45929 1.50162 0.125019
-0.86196 -0.922404 0.110481 1.45888 1.5013 0.125019
-0.86176 -0.922375 0.0552407 1.45848 1.50112 0.101759
-0.86156 -0.922316 0 1.45807 1.50089 0.110481
-0.86136 -0.922055 0.165722 1.45767 1.50048 0.110481
-0.86117 -0.921619 0.252944 1.45727 1.49987 0.101759
-0.86097 -0.921183 0.30237 1.45686 1.49929 0.119204
-0.86077 -0.920921 0.206426 1.45646 1.49886 0.119204
-0.86057 -0.920834 0.0785 1.45605 1.49862 0.101759
-0.86037 -0.920805 0 1.45565 1.49839 0.110481
-0.86018 -0.920601 0.119204 1.45525 1.49804 0.110481
-0.85998 -0.920194 0.229685 1.45484 1.49749 0.119204
-0.85978 -0.919729 0.32563 1.45444 1.49688 0.0785
-0.85958 -0.91938 0.252944 1.45403 1.49635 0.110481
-0.85938 -0.919293 0.0785 1.45363 1.49615 0.0610556
-0.85919 -0.919293 0 1.45322 1.49601 0.0697778
-0.85899 -0.919206 0 1.45282 1.49577 0.0610556
-0.85879 -0.918682 0.270389 1.45241 1.49513 0.0610556
-0.85859 -0.918188 0.316907 1.45201 1.49458 0.0785
-0.85839 -0.917781 0.279111 1.4516 1.49403 0.0785
-0.85819 -0.917723 0.0610556 1.4512 1.49391 0.0785
-0.85799 -0.917781 0 1.45079 1.49388 0.0465185
-0.8578 -0.917752 0 1.45039 1.49377 0.0610556
-0.8576 -0.917374 0.229685 1.44998 1.49333 0.0552407
-0.8574 -0.91688 0.334352 1.44957 1.49275 0.0377963
-0.8572 -0.916531 0.24713 1.44917 1.49231 0.0552407
-0.857 -0.916473 0.0465185 1.44876 1.49217 0.0785
-0.8568 -0.91656 -0.0697778 1.44836 1.49217 0.0377963
-0.8566 -0.916502 0 1.44795 1.49205 0.0552407
-0.85641 -0.916124 0.220963 1.44755 1.49162 0.0552407
-0.85621 -0.915658 0.293648 1.44714 1.49106 0.0465185
-0.85601 -0.915397 0.206426 1.44673 1.49069 0.0697778
-0.85581 -0.915368 0 1.44633 1.49057 0.0290741
-0.85561 -0.915455 -0.0872222 1.44592 1.49057 0.0610556
-0.85541 -0.915426 -0.00581481 1.44551 1.49045 0.0465185
-0.85521 -0.915135 0.188981 1.44511 1.49007 0.0552407
-0.85501 -0.914757 0.252944 1.4447 1.48961 0.0290741
-0.85481 -0.914496 0.206426 1.44429 1.48926 0.0697778
-0.85461 -0.914466 0 1.44389 1.48909 0.0785
-0.85441 -0.914554 -0.0610556 1.44348 1.48909 0.0465185
-0.85421 -0.914525 0 1.44307 1.48897 0.0697778
-0.85402 -0.914176 0.183167 1.44266 1.4885 0.0610556
-0.85382 -0.913827 0.238407 1.44226 1.4881 0.0610556
-0.85362 -0.913623 0.142463 1.44185 1.48781 0.0377963
-0.85342 -0.913565 0.0610556 1.44144 1.48766 0.0697778
-0.85322 -0.913623 -0.0377963 1.44103 1.48763 0.0552407
-0.85302 -0.913536 0 1.44063 1.48749 0.0377963
-0.85282 -0.913245 0.174444 1.44022 1.48714 0.0552407
-0.85262 -0.912896 0.238407 1.43981 1.48673 0.0552407
-0.85242 -0.912664 0.151185 1.4394 1.48644 0.0610556
-0.85222 -0.912606 0.0552407 1.43899 1.4863 0.0465185
-0.85202 -0.912635 0 1.43859 1.48627 0.0610556
-0.85182 -0.91246 0.014537 1.43818 1.48603 0.0290741
-0.85162 -0.912111 0.206426 1.43777 1.48563 0.0465185
-0.85142 -0.911763 0.220963 1.43736 1.48525 0
-0.85122 -0.911559 0.165722 1.43695 1.48496 0.0232593
-0.85102 -0.91153 0.0465185 1.43654 1.48487 0
-0.85082 -0.91153 0 1.43613 1.48481 0.0552407
-0.85062 -0.911414 0 1.43573 1.48467 0.0232593
-0.85042 -0.911065 0.206426 1.43532 1.48426 0.0290741
-0.85022 -0.910745 0.220963 1.43491 1.48388 0.0552407
-0.85002 -0.910541 0.157 1.4345 1.48359 0.0610556
-0.84982 -0.910483 0.0610556 1.43409 1.48348 0.0610556
-0.84962 -0.910483 0 1.43368 1.48342 0.0465185
-0.84942 -0.910338 0.00581481 1.43327 1.48318 0.0465185
-0.84922 -0.910018 0.197704 1.43286 1.48278 0.0610556
-0.84902 -0.909669 0.206426 1.43245 1.48234 0.0377963
-0.84882 -0.909466 0.151185 1.43204 1.48205 0.0377963
-0.84862 -0.909437 0.0465185 1.43163 1.48193 0.0552407
-0.84842 -0.909437 0 1.43122 1.48182 0.0465185
-0.84822 -0.90932 0 1.43081 1.48159 0.0785
-0.84802 -0.90903 0.197704 1.4304 1.48121 0.0785
-0.84781 -0.908739 0.188981 1.42999 1.4808 0.0785
-0.84761 -0.908506 0.165722 1.42958 1.48042 0.0872222
-0.84741 -0.908477 0 1.42917 1.48025 0.093037
-0.84721 -0.908477 0 1.42876 1.4801 0.0872222
-0.84701 -0.908332 0.00581481 1.42835 1.47978 0.110481
-0.84681 -0.908041 0.183167 1.42794 1.47935 0.093037
-0.84662 -0.907721 0.188981 1.42752 1.47885 0.119204
-0.84642 -0.907547 0.151185 1.42711 1.4785 0.133741
-0.84622 -0.907518 0 1.4267 1.47827 0.133741
-0.84603 -0.907518 0 1.42628 1.47807 0.119204
-0.84583 -0.907372 0.0610556 1.42587 1.47769 0.142463
-0.84563 -0.907053 0.188981 1.42545 1.47717 0.142463
-0.84544 -0.906733 0.215148 1.42504 1.47661 0.142463
-0.84524 -0.906558 0.151185 1.42463 1.47621 0.157
-0.84504 -0.9065 0.0290741 1.42421 1.47592 0.157
-0.84484 -0.9065 0 1.4238 1.47565 0.174444
-0.84465 -0.906384 0.014537 1.42338 1.47531 0.151185
-0.84445 -0.906064 0.183167 1.42297 1.47472 0.157
-0.84425 -0.905715 0.238407 1.42255 1.47411 0.174444
-0.84405 -0.905453 0.183167 1.42214 1.47359 0.157
-0.84386 -0.905424 0 1.42172 1.47327 0.157
-0.84366 -0.905395 0.0290741 1.42131 1.47298 0.174444
-0.84346 -0.90525 0 1.42089 1.47251 0.165722
-0.84326 -0.904901 0.215148 1.42048 1.4719 0.151185
-0.84307 -0.904494 0.252944 1.42006 1.47118 0.165722
-0.84287 -0.904232 0.183167 1.41965 1.47062 0.188981
-0.84267 -0.904145 0.0465185 1.41923 1.47022 0.157
-0.84247 -0.904145 0 1.41882 1.46993 0.188981
-0.84227 -0.903971 0.093037 1.4184 1.4694 0.188981
-0.84208 -0.903622 0.197704 1.41799 1.46873 0.206426
-0.84188 -0.903186 0.252944 1.41757 1.46795 0.229685
-0.84168 -0.902953 0.188981 1.41715 1.46734 0.238407
-0.84148 -0.902866 0.0610556 1.41674 1.46682 0.252944
-0.84128 -0.902866 0 1.41632 1.46647 0.238407
-0.84109 -0.902662 0.093037 1.41591 1.46583 0.284926
-0.84089 -0.902284 0.220963 1.41549 1.46498 0.284926
-0.84069 -0.901848 0.261667 1.41507 1.46402 0.32563
-0.84049 -0.901587 0.206426 1.41466 1.46324 0.316907
-0.84029 -0.901528 0.0610556 1.41424 1.46263 0.32563
-0.84009 -0.901528 0 1.41382 1.46208 0.389593
-0.8399 -0.901325 0.0697778 1.41341 1.46126 0.357611
-0.8397 -0.900918 0.229685 1.41299 1.46025 0.38087
-0.8395 -0.900482 0.30237 1.41257 1.45923 0.366333
-0.8393 -0.900133 0.238407 1.41216 1.4583 0.348889
-0.8391 -0.900104 0.0697778 1.41174 1.45777 0.343074
-0.8389 -0.900104 0 1.41132 1.45725 0.311093
-0.8387 -0.899958 0 1.4109 1.45658 0.316907
-0.83851 -0.899522 0.238407 1.41049 1.45565 0.311093
-0.83831 -0.899057 0.316907 1.41007 1.45475 0.284926
-0.83811 -0.898679 0.284926 1.40965 1.45394 0.279111
-0.83791 -0.898563 0.110481 1.40923 1.45338 0.252944
-0.83771 -0.898563 0 1.40881 1.45301 0.252944
-0.83751 -0.898534 0 1.4084 1.45257 0.229685
-0.83731 -0.898156 0.197704 1.40798 1.45181 0.252944
-0.83711 -0.897603 0.334352 1.40756 1.45088 0.24713
-0.83691 -0.897167 0.30237 1.40714 1.45007 0.215148
-0.83671 -0.897022 0.119204 1.40672 1.44955 0.238407
-0.83652 -0.897022 0 1.4063 1.4492 0.220963
-0.83632 -0.897051 0 1.40589 1.44891 0.206426
-0.83612 -0.896702 0.197704 1.40547 1.44824 0.197704
-0.83592 -0.896179 0.357611 1.40505 1.44737 0.206426
-0.83572 -0.895685 0.293648 1.40463 1.44658 0.183167
-0.83552 -0.895539 0.119204 1.40421 1.44617 0.165722
-0.83532 -0.895539 0 1.40379 1.44594 0.151185
-0.83512 -0.89551 0 1.40337 1.44568 0.133741
-0.83492 -0.895074 0.229685 1.40295 1.44507 0.101759
-0.83472 -0.894493 0.334352 1.40253 1.44434 0.093037
-0.83452 -0.894086 0.279111 1.40211 1.44379 0.093037
-0.83432 -0.893998 0.093037 1.40169 1.44356 0.0610556
-0.83412 -0.894027 0 1.40127 1.44347 0.0610556
-0.83392 -0.89394 0 1.40085 1.44329 0.0377963
-0.83372 -0.893533 0.252944 1.40043 1.4428 0.0290741
-0.83352 -0.89301 0.343074 1.40001 1.44222 0.0610556
-0.83332 -0.892574 0.284926 1.39959 1.44167 0.0465185
-0.83312 -0.892574 0 1.39917 1.44158 0.0697778
-0.83292 -0.892661 -0.0872222 1.39875 1.44161 0.0552407
-0.83272 -0.892603 0 1.39833 1.44146 0.0290741
-0.83252 -0.892108 0.270389 1.39791 1.44088 0.0465185
-0.83232 -0.891556 0.343074 1.39749 1.44027 0.0697778
-0.83212 -0.891265 0.252944 1.39707 1.43989 0.0232593
-0.83192 -0.891236 0 1.39665 1.43981 0.0552407
-0.83172 -0.891382 -0.110481 1.39623 1.43983 0.0465185
-0.83152 -0.891323 0 1.39581 1.43972 0.0697778
-0.83132 -0.890858 0.252944 1.39539 1.43922 0.0552407
-0.83112 -0.890393 0.30237 1.39496 1.43867 0
-0.83092 -0.890131 0.183167 1.39454 1.43838 0
-0.83072 -0.890131 0 1.39412 1.43832 0.0465185
-0.83052 -0.890248 -0.0785 1.3937 1.43838 0.0290741
-0.83031 -0.890161 0 1.39328 1.43827 0.0465185
-0.83011 -0.889753 0.229685 1.39286 1.43783 0.0552407
-0.82991 -0.889346 0.284926 1.39243 1.43739 0.0377963
-0.82971 -0.889143 0.151185 1.39201 1.43713 0
-0.82951 -0.889201 0 1.39159 1.43713 0.0377963
-0.82931 -0.889317 -0.0610556 1.39117 1.43722 0
-0.82911 -0.889172 0 1.39074 1.43704 0
-0.82891 -0.888794 0.24713 1.39032 1.43661 0
-0.82871 -0.888445 0.220963 1.3899 1.43623 0
-0.82851 -0.888271 0.125019 1.38948 1.43603 0.0290741
-0.8283 -0.888271 0 1.38905 1.436 0.0377963
-0.8281 -0.888329 -0.0785 1.38863 1.43603 0.0377963
-0.8279 -0.888242 0 1.38821 1.43591 0.0552407
-0.8277 -0.887922 0.215148 1.38778 1.43556 0.0377963
-0.8275 -0.887602 0.206426 1.38736 1.43518 0.0465185
-0.8273 -0.887428 0.119204 1.38694 1.43498 0.0377963
-0.8271 -0.887428 0 1.38651 1.43489 0.0232593
-0.82689 -0.887457 -0.014537 1.38609 1.43486 0.0610556
-0.82669 -0.88734 0 1.38567 1.43472 0
-0.82649 -0.886991 0.215148 1.38524 1.43431 0.0465185
-0.82629 -0.886613 0.238407 1.38482 1.43387 0.0377963
-0.82609 -0.886468 0.125019 1.38439 1.43367 0.0465185
-0.82589 -0.886468 0 1.38397 1.43361 0.00581481
-0.82568 -0.886468 -0.014537 1.38355 1.43355 0.0465185
-0.82548 -0.886381 0 1.38312 1.43341 0.014537
-0.82528 -0.886032 0.206426 1.3827 1.433 0.0377963
-0.82508 -0.885654 0.229685 1.38227 1.43254 0.00581481
-0.82488 -0.885421 0.174444 1.38185 1.43222 0.0232593
-0.82468 -0.885392 0 1.38142 1.43213 0.0610556
-0.82448 -0.885392 0 1.38099 1.43204 0.0377963
-0.82428 -0.885305 0 1.38057 1.4319 0.0610556
-0.82408 -0.884956 0.215148 1.38014 1.43143 0.0465185
-0.82388 -0.884578 0.238407 1.37971 1.43094 0.0552407
-0.82368 -0.884346 0.165722 1.37929 1.43062 0.0785
-0.82348 -0.884317 0.0465185 1.37886 1.43044 0.0872222
-0.82327 -0.884346 0 1.37843 1.43036 0.0610556
-0.82307 -0.884258 0 1.37801 1.43012 0.0697778
-0.82287 -0.883881 0.215148 1.37758 1.4296 0.093037
-0.82267 -0.883532 0.238407 1.37715 1.42908 0.101759
-0.82247 -0.88327 0.206426 1.37673 1.42864 0.110481
-0.82227 -0.883212 0.0552407 1.3763 1.42838 0.110481
-0.82207 -0.883212 0 1.37587 1.42818 0.125019
-0.82187 -0.883096 0 1.37544 1.4278 0.142463
-0.82167 -0.882747 0.24713 1.37502 1.42719 0.142463
-0.82147 -0.882311 0.238407 1.37459 1.4264 0.188981
-0.82126 -0.882136 0.142463 1.37416 1.42597 0.151185
-0.82106 -0.882136 0 1.37373 1.42562 0.165722
-0.82086 -0.882136 0 1.3733 1.42533 0.174444
-0.82066 -0.881903 0.133741 1.37288 1.42483 0.165722
-0.82046 -0.881496 0.220963 1.37245 1.42411 0.183167
-0.82026 -0.881177 0.229685 1.37202 1.4235 0.183167
-0.82006 -0.88106 0.110481 1.37159 1.42306 0.197704
-0.81985 -0.881031 0 1.37116 1.42274 0.188981
-0.81965 -0.881002 0 1.37073 1.42245 0.188981
-0.81945 -0.880799 0.110481 1.3703 1.42195 0.165722
-0.81925 -0.880421 0.220963 1.36988 1.42126 0.197704
-0.81905 -0.880014 0.261667 1.36945 1.42053 0.183167
-0.81885 -0.879868 0.110481 1.36902 1.42006 0.188981
-0.81864 -0.879839 0.00581481 1.36859 1.41972 0.188981
-0.81844 -0.879839 0 1.36816 1.4194 0.206426
-0.81824 -0.879694 0.0785 1.36773 1.4189 0.215148
-0.81804 -0.879345 0.229685 1.3673 1.4182 0.229685
-0.81784 -0.878967 0.238407 1.36687 1.41748 0.252944
-0.81763 -0.878734 0.157 1.36644 1.41681 0.252944
-0.81743 -0.878705 0.0377963 1.36601 1.41634 0.279111
-0.81723 -0.878705 0 1.36558 1.41585 0.30237
-0.81703 -0.878502 0.101759 1.36515 1.41515 0.30237
-0.81682 -0.878153 0.229685 1.36472 1.41434 0.311093
-0.81662 -0.877775 0.252944 1.36429 1.41346 0.343074
-0.81642 -0.877542 0.183167 1.36386 1.41265 0.348889
-0.81622 -0.877513 0 1.36343 1.41201 0.348889
-0.81601 -0.877513 0 1.363 1.41146 0.375056
-0.81581 -0.877368 0.0290741 1.36256 1.41073 0.366333
-0.81561 -0.876961 0.252944 1.36213 1.40971 0.343074
-0.81541 -0.876467 0.270389 1.3617 1.40864 0.334352
-0.8152 -0.876176 0.215148 1.36127 1.40785 0.316907
-0.815 -0.876147 0.0552407 1.36084 1.40733 0.30237
-0.8148 -0.876147 0 1.36041 1.40687 0.279111
-0.81459 -0.876001 0 1.35998 1.40631 0.261667
-0.81439 -0.875653 0.229685 1.35954 1.40561 0.229685
-0.81419 -0.875216 0.293648 1.35911 1.40483 0.229685
-0.81399 -0.874897 0.24713 1.35868 1.40422 0.206426
-0.81378 -0.874809 0.0610556 1.35825 1.40378 0.197704
-0.81358 -0.874809 0 1.35782 1.40349 0.188981
-0.81338 -0.874751 0 1.35738 1.40314 0.183167
-0.81317 -0.874315 0.220963 1.35695 1.40245 0.165722
-0.81297 -0.87385 0.279111 1.35652 1.40169 0.174444
-0.81277 -0.873501 0.24713 1.35609 1.40102 0.183167
-0.81256 -0.873414 0.0610556 1.35565 1.40064 0.174444
-0.81236 -0.873414 0 1.35522 1.40035 0.174444
-0.81216 -0.873356 0 1.35479 1.40003 0.183167
-0.81195 -0.872978 0.215148 1.35435 1.39936 0.174444
-0.81175 -0.872513 0.30237 1.35392 1.39861 0.165722
-0.81154 -0.872193 0.24713 1.35349 1.398 0.197704
-0.81134 -0.872106 0.0785 1.35305 1.39765 0.165722
-0.81114 -0.872106 0 1.35262 1.39739 0.151185
-0.81093 -0.872076 0 1.35219 1.39713 0.142463
-0.81073 -0.871698 0.215148 1.35175 1.39651 0.125019
-0.81052 -0.871233 0.293648 1.35132 1.39585 0.133741
-0.81032 -0.870884 0.238407 1.35089 1.39532 0.119204
-0.81012 -0.870797 0.0610556 1.35045 1.39506 0.119204
-0.80991 -0.870797 0 1.35002 1.39492 0.101759
-0.80971 -0.870768 0 1.34958 1.39477 0.0697778
-0.8095 -0.87039 0.206426 1.34915 1.39425 0.093037
-0.8093 -0.869983 0.270389 1.34871 1.39372 0.0785
-0.80909 -0.869634 0.24713 1.34828 1.39323 0.110481
-0.80889 -0.869518 0.0872222 1.34784 1.393 0.110481
-0.80869 -0.869518 0 1.34741 1.39288 0.0785
-0.80848 -0.86946 0 1.34697 1.39268 0.0697778
-0.80828 -0.869169 0.183167 1.34654 1.39227 0.0785
-0.80807 -0.868762 0.284926 1.3461 1.39175 0.0872222
-0.80787 -0.868413 0.252944 1.34567 1.39125 0.110481
-0.80766 -0.868297 0.110481 1.34523 1.39099 0.0872222
-0.80746 -0.868268 0 1.3448 1.39079 0.093037
-0.80725 -0.868268 0 1.34436 1.39064 0.0697778
-0.80705 -0.868035 0.151185 1.34392 1.39023 0.101759
-0.80684 -0.867657 0.261667 1.34349 1.38971 0.101759
-0.80664 -0.86725 0.252944 1.34305 1.38913 0.110481
-0.80643 -0.867134 0.101759 1.34262 1.38881 0.110481
-0.80623 -0.867163 0 1.34218 1.38866 0.110481
-0.80602 -0.867163 0 1.34174 1.38849 0.110481
-0.80582 -0.866901 0.133741 1.34131 1.38808 0.0697778
-0.80561 -0.866494 0.252944 1.34087 1.38753 0.101759
-0.80541 -0.866116 0.238407 1.34043 1.38701 0.0872222
-0.8052 -0.866029 0.101759 1.33999 1.38677 0.101759
-0.80499 -0.866029 0 1.33956 1.38666 0.0785
-0.80479 -0.866029 -0.0290741 1.33912 1.38654 0.0785
-0.80458 -0.865767 0.157 1.33868 1.38619 0.0552407
-0.80438 -0.865389 0.24713 1.33825 1.3857 0.0465185
-0.80417 -0.86507 0.206426 1.33781 1.38529 0.0872222
-0.80397 -0.864982 0.0697778 1.33737 1.38512 0.0785
-0.80376 -0.864982 0 1.33693 1.38503 0.0377963
-0.80355 -0.864982 0 1.33649 1.38491 0.0697778
-0.80335 -0.86475 0.165722 1.33606 1.38462 0.0697778
-0.80314 -0.864401 0.220963 1.33562 1.38419 0.0785
-0.80294 -0.86411 0.197704 1.33518 1.38378 0.0785
-0.80273 -0.863994 0.093037 1.33474 1.38358 0.0785
-0.80253 -0.863965 0 1.3343 1.3834 0.0785
-0.80232 -0.863936 0 1.33386 1.38326 0.0697778
-0.80212 -0.863703 0.133741 1.33342 1.38291 0.0785
-0.80192 -0.863354 0.220963 1.33298 1.38244 0.0697778
-0.80172 -0.863093 0.197704 1.33253 1.38204 0.110481
-0.80151 -0.862918 0.119204 1.33209 1.38172 0.093037
-0.80131 -0.862918 0 1.33165 1.38151 0.093037
-0.80111 -0.86286 0 1.33121 1.38128 0.125019
-0.8009 -0.862627 0.133741 1.33077 1.38081 0.110481
-0.8007 -0.862249 0.215148 1.33032 1.38023 0.133741
-0.8005 -0.861959 0.206426 1.32988 1.37974 0.125019
-0.80029 -0.861842 0.110481 1.32944 1.37936 0.142463
-0.80009 -0.861842 0 1.329 1.37913 0.157
-0.79989 -0.861755 0 1.32855 1.37878 0.165722
-0.79968 -0.861523 0.133741 1.32811 1.37829 0.165722
-0.79948 -0.861174 0.215148 1.32767 1.37767 0.165722
-0.79928 -0.860854 0.229685 1.32722 1.37706 0.188981
-0.79907 -0.860708 0.133741 1.32678 1.37663 0.188981
-0.79887 -0.860679 0 1.32634 1.37628 0.197704
-0.79867 -0.860621 0 1.32589 1.3759 0.188981
-0.79846 -0.860389 0.119204 1.32545 1.37535 0.188981
-0.79826 -0.859982 0.206426 1.32501 1.37465 0.183167
-0.79805 -0.859633 0.238407 1.32456 1.37392 0.197704
-0.79785 -0.859487 0.110481 1.32412 1.37343 0.206426
-0.79765 -0.859458 0.014537 1.32367 1.37305 0.24713
-0.79744 -0.8594 0 1.32323 1.37267 0.206426
-0.79724 -0.859168 0.133741 1.32279 1.37209 0.229685
-0.79703 -0.858819 0.220963 1.32234 1.37142 0.215148
-0.79683 -0.858499 0.215148 1.3219 1.3707 0.238407
-0.79663 -0.858383 0.110481 1.32145 1.37017 0.261667
-0.79642 -0.858383 0 1.32101 1.36971 0.252944
-0.79622 -0.858295 0.014537 1.32056 1.36919 0.279111
-0.79601 -0.858034 0.157 1.32012 1.36837 0.293648
-0.79581 -0.857598 0.220963 1.31967 1.36744 0.293648
-0.7956 -0.857336 0.183167 1.31923 1.36666 0.32563
-0.7954 -0.857278 0.0465185 1.31878 1.36596 0.357611
-0.79519 -0.857249 0 1.31833 1.36535 0.348889
-0.79499 -0.857074 0.0872222 1.31789 1.36462 0.343074
-0.79478 -0.856725 0.188981 1.31744 1.36369 0.366333
-0.79458 -0.856435 0.197704 1.317 1.36288 0.334352
-0.79437 -0.856202 0.151185 1.31655 1.36209 0.366333
-0.79417 -0.856144 0.0232593 1.3161 1.36154 0.316907
-0.79396 -0.856115 0 1.31566 1.36102 0.30237
-0.79376 -0.855911 0.093037 1.31521 1.36032 0.311093
-0.79355 -0.855562 0.215148 1.31476 1.3595 0.284926
-0.79335 -0.855213 0.220963 1.31432 1.35872 0.284926
-0.79314 -0.85501 0.142463 1.31387 1.35808 0.252944
-0.79294 -0.854952 0.0552407 1.31342 1.35761 0.252944
-0.79273 -0.854923 0 1.31298 1.35721 0.24713
-0.79253 -0.854719 0.119204 1.31253 1.35663 0.229685
-0.79232 -0.854341 0.229685 1.31208 1.3559 0.220963
-0.79212 -0.853963 0.238407 1.31163 1.3552 0.220963
-0.79191 -0.85376 0.157 1.31119 1.35462 0.215148
-0.7917 -0.853731 0 1.31074 1.35427 0.197704
-0.7915 -0.853702 0 1.31029 1.35392 0.188981
-0.79129 -0.85344 0.119204 1.30984 1.35337 0.206426
-0.79109 -0.853033 0.238407 1.30939 1.35267 0.183167
-0.79088 -0.852655 0.252944 1.30895 1.352 0.174444
-0.79067 -0.852422 0.157 1.3085 1.35151 0.165722
-0.79047 -0.852364 0.0552407 1.30805 1.35119 0.142463
-0.79026 -0.852335 0 1.3076 1.35096 0.151185
-0.79006 -0.852103 0.125019 1.30715 1.35055 0.110481
-0.78985 -0.851696 0.238407 1.3067 1.34994 0.101759
-0.78964 -0.851318 0.252944 1.30625 1.34941 0.093037
-0.78944 -0.851085 0.165722 1.3058 1.34904 0.0697778
-0.78923 -0.851027 0.0465185 1.30535 1.34886 0.0785
-0.78902 -0.850998 0 1.3049 1.34875 0.0377963
-0.78882 -0.850736 0.119204 1.30445 1.3484 0.0697778
-0.78861 -0.850358 0.252944 1.304 1.34793 0.0697778
-0.7884 -0.849951 0.252944 1.30355 1.34744 0.0290741
-0.7882 -0.849748 0.142463 1.3031 1.34715 0.0465185
-0.78799 -0.849718 0.0465185 1.30265 1.34703 0.0610556
-0.78778 -0.849718 0 1.3022 1.34697 0.0552407
-0.78758 -0.849457 0.119204 1.30175 1.34665 0.0697778
-0.78737 -0.84905 0.238407 1.3013 1.34616 0.0290741
-0.78716 -0.848672 0.252944 1.30085 1.34569 0.0377963
-0.78696 -0.848468 0.133741 1.3004 1.3454 0.0610556
-0.78675 -0.848468 0 1.29995 1.34534 0.0465185
-0.78654 -0.848468 0 1.2995 1.34526 0.0290741
-0.78633 -0.848207 0.133741 1.29905 1.34494 0.0552407
-0.78613 -0.8478 0.24713 1.2986 1.34444 0.0697778
-0.78592 -0.84748 0.206426 1.29814 1.34407 0.014537
-0.78571 -0.847334 0.110481 1.29769 1.34383 0.0465185
-0.7855 -0.847334 0.0465185 1.29724 1.34377 0.0465185
-0.7853 -0.847276 0 1.29679 1.34366 0.0232593
-0.78509 -0.847015 0.142463 1.29634 1.34331 0.0377963
-0.78488 -0.846637 0.229685 1.29588 1.34287 0.0552407
-0.78467 -0.846346 0.188981 1.29543 1.34252 0.0610556
-0.78446 -0.84623 0.0872222 1.29498 1.34235 0.0552407
-0.78426 -0.846201 0 1.29453 1.34226 0.0610556
-0.78405 -0.846171 0 1.29407 1.34215 0.0552407
-0.78384 -0.845881 0.157 1.29362 1.3418 0.0610556
-0.78363 -0.845561 0.206426 1.29317 1.34142 0.0697778
-0.78342 -0.845299 0.197704 1.29271 1.3411 0.0552407
-0.78322 -0.845212 0.0610556 1.29226 1.34093 0.0232593
-0.78301 -0.845212 0 1.29181 1.34084 0.0552407
-0.7828 -0.845125 0.0232593 1.29135 1.34069 0.0377963
-0.78259 -0.844863 0.157 1.2909 1.34034 0.0697778
-0.78238 -0.844514 0.220963 1.29044 1.33991 0.00581481
-0.78217 -0.844253 0.174444 1.28999 1.33956 0.0465185
-0.78197 -0.844194 0.0610556 1.28954 1.33944 0.0697778
-0.78176 -0.844165 0.014537 1.28908 1.33933 0.0610556
-0.78155 -0.844078 0.00581481 1.28863 1.33912 0.0290741
-0.78134 -0.843758 0.183167 1.28817 1.33872 0.0290741
-0.78113 -0.843409 0.220963 1.28772 1.33828 0.0377963
-0.78092 -0.843177 0.183167 1.28726 1.33796 0.0465185
-0.78071 -0.843119 0.0610556 1.28681 1.33776 0.0785
-0.78051 -0.843119 0 1.28635 1.33767 0.0610556
-0.7803 -0.842973 0.0697778 1.2859 1.33741 0.0697778
-0.78009 -0.842653 0.188981 1.28544 1.33697 0.0697778
-0.77988 -0.842305 0.229685 1.28498 1.33651 0.0872222
-0.77967 -0.842043 0.174444 1.28453 1.3361 0.0872222
-0.77946 -0.841985 0.0785 1.28407 1.33592 0.0872222
-0.77925 -0.841956 0.014537 1.28362 1.33575 0.0785
-0.77904 -0.84181 0.0785 1.28316 1.33546 0.093037
-0.77883 -0.841491 0.188981 1.2827 1.33502 0.0872222
-0.77862 -0.841142 0.229685 1.28225 1.3345 0.093037
-0.77841 -0.84088 0.174444 1.28179 1.33409 0.101759
-0.7782 -0.840822 0.0290741 1.28133 1.33386 0.101759
-0.77799 -0.840822 0 1.28088 1.33369 0.110481
-0.77778 -0.840647 0.093037 1.28042 1.33334 0.125019
-0.77757 -0.840328 0.183167 1.27996 1.33284 0.110481
-0.77736 -0.83995 0.24713 1.2795 1.33223 0.133741
-0.77715 -0.839717 0.151185 1.27905 1.3318 0.133741
-0.77694 -0.839659 0.0610556 1.27859 1.33153 0.151185
-0.77673 -0.83963 0 1.27813 1.33127 0.125019
-0.77652 -0.839426 0.101759 1.27767 1.33084 0.142463
-0.77631 -0.839136 0.197704 1.27722 1.33034 0.133741
-0.7761 -0.838758 0.238407 1.27676 1.3297 0.157
-0.77589 -0.838525 0.142463 1.2763 1.32918 0.133741
-0.77568 -0.838496 0.0465185 1.27584 1.32892 0.151185
-0.77547 -0.838438 0 1.27538 1.3286 0.151185
-0.77526 -0.838205 0.110481 1.27492 1.32813 0.165722
-0.77505 -0.837856 0.206426 1.27446 1.32749 0.183167
-0.77484 -0.837478 0.220963 1.274 1.32682 0.157
-0.77463 -0.837275 0.165722 1.27355 1.32633 0.165722
-0.77442 -0.837217 0.0290741 1.27309 1.32601 0.165722
-0.77421 -0.837188 0 1.27263 1.32566 0.215148
-0.774 -0.836955 0.119204 1.27217 1.32511 0.188981
-0.77379 -0.836606 0.220963 1.27171 1.32444 0.206426
-0.77357 -0.836257 0.24713 1.27125 1.32371 0.229685
-0.77336 -0.836025 0.183167 1.27079 1.32307 0.252944
-0.77315 -0.835996 0.0465185 1.27033 1.32261 0.270389
-0.77294 -0.835966 0 1.26987 1.32217 0.279111
-0.77273 -0.835763 0.101759 1.26941 1.32147 0.293648
-0.77252 -0.835356 0.24713 1.26895 1.32054 0.30237
-0.77231 -0.834949 0.279111 1.26848 1.31967 0.32563
-0.77209 -0.834658 0.206426 1.26802 1.3188 0.343074
-0.77188 -0.8346 0.0697778 1.26756 1.31819 0.348889
-0.77167 -0.834542 0 1.2671 1.31755 0.366333
-0.77146 -0.834338 0.110481 1.26664 1.31676 0.357611
-0.77125 -0.83396 0.229685 1.26618 1.31578 0.366333
-0.77104 -0.833495 0.279111 1.26572 1.31473 0.366333
-0.77082 -0.833204 0.183167 1.26525 1.31383 0.366333
-0.77061 -0.833146 0.0697778 1.26479 1.31319 0.357611
-0.7704 -0.833088 0.0465185 1.26433 1.31264 0.316907
-0.77019 -0.832826 0.142463 1.26387 1.31188 0.30237
-0.76998 -0.83239 0.270389 1.26341 1.31104 0.270389
-0.76976 -0.831925 0.293648 1.26294 1.31016 0.252944
-0.76955 -0.831722 0.157 1.26248 1.30958 0.229685
-0.76934 -0.831693 0.0232593 1.26202 1.30921 0.229685
-0.76913 -0.831634 0 1.26155 1.30883 0.188981
-0.76891 -0.831315 0.165722 1.26109 1.30819 0.197704
-0.7687 -0.830878 0.30237 1.26063 1.30746 0.165722
-0.76849 -0.830442 0.30237 1.26017 1.30676 0.197704
-0.76827 -0.830239 0.157 1.2597 1.30627 0.197704
-0.76806 -0.83021 0 1.25924 1.30592 0.183167
-0.76785 -0.830152 0 1.25877 1.30557 0.188981
-0.76764 -0.829832 0.183167 1.25831 1.30493 0.183167
-0.76742 -0.829367 0.293648 1.25785 1.30415 0.183167
-0.76721 -0.828931 0.284926 1.25738 1.30342 0.188981
-0.767 -0.828756 0.133741 1.25692 1.30293 0.197704
-0.76678 -0.828727 0 1.25645 1.30258 0.197704
-0.76657 -0.828698 0 1.25599 1.30229 0.174444
-0.76636 -0.828378 0.183167 1.25552 1.30167 0.165722
-0.76615 -0.827884 0.316907 1.25505 1.30095 0.142463
-0.76594 -0.827535 0.238407 1.25459 1.30034 0.151185
-0.76573 -0.827361 0.125019 1.25412 1.29996 0.133741
-0.76552 -0.827361 0 1.25365 1.29979 0.119204
-0.76531 -0.827302 0 1.25318 1.29955 0.110481
-0.7651 -0.826983 0.197704 1.25271 1.29912 0.0697778
-0.76489 -0.826459 0.30237 1.25224 1.29845 0.0785
-0.76468 -0.826081 0.252944 1.25178 1.29798 0.0610556
-0.76446 -0.825965 0.119204 1.25131 1.29778 0.0610556
-0.76425 -0.825965 0 1.25084 1.29766 0.0465185
-0.76404 -0.825907 0 1.25037 1.29752 0.0290741
-0.76383 -0.825558 0.188981 1.2499 1.29711 0.0552407
-0.76362 -0.825064 0.293648 1.24943 1.29653 0.0232593
-0.76341 -0.824686 0.252944 1.24896 1.29603 0.0377963
-0.7632 -0.824598 0.0785 1.24849 1.29586 0.0552407
-0.76299 -0.824598 0 1.24802 1.29574 0.0785
-0.76278 -0.824511 0 1.24755 1.29554 0.0785
-0.76256 -0.824133 0.188981 1.24708 1.29505 0.0552407
-0.76235 -0.823697 0.293648 1.24661 1.29449 0.0785
-0.76214 -0.823377 0.229685 1.24614 1.29406 0.0697778
-0.76193 -0.823319 0.0552407 1.24567 1.29385 0.0785
-0.76172 -0.823319 0 1.2452 1.29371 0.0785
-0.76151 -0.82329 0 1.24473 1.29353 0.0872222
-0.76129 -0.822912 0.215148 1.24426 1.29304 0.101759
-0.76108 -0.822505 0.252944 1.24378 1.29249 0.0872222
-0.76087 -0.822214 0.197704 1.24331 1.29205 0.093037
-0.76066 -0.822156 0.0552407 1.24284 1.29182 0.0872222
-0.76045 -0.822156 0 1.24237 1.29167 0.101759
-0.76023 -0.822069 0 1.2419 1.29144 0.0872222
-0.76002 -0.82172 0.206426 1.24143 1.29095 0.0872222
-0.75981 -0.821371 0.252944 1.24095 1.29048 0.0785
-0.7596 -0.82111 0.188981 1.24048 1.29007 0.101759
-0.75938 -0.821051 0.0552407 1.24001 1.2899 0.0697778
-0.75917 -0.821051 0 1.23954 1.28975 0.0697778
-0.75896 -0.820964 0 1.23906 1.28955 0.0697778
-0.75875 -0.820615 0.215148 1.23859 1.28906 0.0872222
-0.75853 -0.820179 0.279111 1.23812 1.28848 0.0872222
-0.75832 -0.819947 0.174444 1.23764 1.2881 0.0872222
-0.75811 -0.819918 0.0232593 1.23717 1.28795 0.101759
-0.75789 -0.819947 0 1.2367 1.28784 0.0872222
-0.75768 -0.81983 0 1.23622 1.28754 0.093037
-0.75747 -0.819481 0.206426 1.23575 1.28705 0.101759
-0.75725 -0.819074 0.252944 1.23528 1.28647 0.101759
-0.75704 -0.818813 0.174444 1.2348 1.286 0.101759
-0.75683 -0.818755 0.0697778 1.23433 1.28577 0.125019
-0.75661 -0.818755 0 1.23385 1.28557 0.119204
-0.7564 -0.81858 0.0872222 1.23338 1.28516 0.142463
-0.75619 -0.818202 0.206426 1.2329 1.28455 0.151185
-0.75597 -0.817824 0.252944 1.23243 1.28394 0.151185
-0.75576 -0.817563 0.174444 1.23195 1.28342 0.157
-0.75555 -0.817475 0.0785 1.23148 1.28307 0.157
-0.75533 -0.817446 0 1.231 1.28278 0.157
-0.75512 -0.817214 0.119204 1.23053 1.28225 0.174444
-0.7549 -0.816836 0.220963 1.23005 1.28156 0.188981
-0.75469 -0.8164 0.270389 1.22957 1.2808 0.183167
-0.75447 -0.816109 0.197704 1.2291 1.28019 0.197704
-0.75426 -0.816022 0.0785 1.22862 1.27975 0.215148
-0.75405 -0.815963 0.0610556 1.22815 1.27938 0.197704
