torque_1 torque_1_t torque_2 torque_2_t
0.68966 -0.0875 0.694394 0.153125
0.67796 -0.371875 0.695594 0.284375
0.66626 -0.415625 0.696494 0.4375
0.507881 -0.415625 0.697394 0.7
0.640243 -0.590625 0.702946 0.7875
0.627685 -0.7 0.700067 0.765625
0.615985 -0.7 0.700094 0.83125
0.296391 -0.7 0.701867 0.896875
0.44329 -0.65625 0.703939 0.896875
0.575652 -0.7 0.703967 0.83125
0.330051 -0.721875 0.704867 0.984375
0.550943 -0.65625 0.710709 0.65625
0.392565 -0.74375 0.711609 1.00625
0.335945 -0.678125 0.715426 1.00625
0.279326 -0.634375 0.715454 1.00625
0.381305 -0.6125 0.710248 1.05
0.413216 -0.634375 0.716672 1.02812
0.472893 -0.634375 0.717872 0.9625
0.3872 -0.65625 0.713248 1.09375
0.168056 -0.6125 0.712404 1.1375
0.0810544 -0.590625 0.718256 1.09375
0.111657 -0.503125 0.706363 1.09375
0.28763 -0.503125 0.718311 1.1375
0.392677 -0.415625 0.713978 0.940625
0.380977 -0.39375 0.713433 0.765625
0.367968 -0.39375 0.703285 0.765625
0.0483739 -0.415625 0.70593 0.721875
0.106742 -0.328125 0.710037 0.940625
0.325018 -0.459375 0.710937 0.765625
0.313318 -0.30625 0.712428 1.09375
0.301618 -0.30625 0.706931 0.7
0.28861 -0.371875 0.714228 1.02812
0.275602 -0.284375 0.705543 0.984375
-0.0136104 -0.415625 0.707315 1.1375
-0.0257187 -0.196875 0.709922 1.09375
0.239685 -0.415625 0.702926 0.9625
0.228885 -0.284375 0.701454 1.225
0.218535 -0.48125 0.698237 1.09375
0.207735 -0.30625 0.689496 1.09375
0.197385 -0.2625 0.683372 0.678125
0.112591 -0.196875 0.694983 0.91875
0.174477 -0.284375 0.681591 0.65625
0.164127 -0.39375 0.687387 1.11563
0.153327 -0.4375 0.679519 1.09375
0.142527 -0.371875 0.674839 0.984375
0.132177 -0.371875 0.673367 0.765625
0.121377 -0.328125 0.671022 0.940625
0.111027 -0.175 0.670422 0.940625
0.100227 -0.2625 0.676509 0.91875
0.0894267 -0.2625 0.66835 1.1375
0.0790767 -0.240625 0.66775 1.07187
0.0682767 -0.175 0.66715 0.65625
0.0574767 -0.21875 0.66655 1.07187
0.0471267 -0.13125 0.673509 0.984375
0.0363267 -0.153125 0.670293 1.09375
0.0255267 -0.13125 0.663878 1.07187
0.0151767 -0.153125 0.663278 1.07187
0.00437667 -0.153125 0.662678 1.07187
0.226169 -0.13125 0.662078 1.05
-0.0167733 -0.196875 0.661778 1.05
-0.0275733 -0.109375 0.661178 1.05
-0.0383733 0.196875 0.660578 1.09375
-0.0487233 0.284375 0.659978 0.9625
-0.0595233 0.284375 0.659378 1.02812
-0.0703233 0.284375 0.658778 1.00625
-0.0806733 0.284375 0.658178 0.9625
-0.0914733 0.328125 0.657578 1.00625
-0.102273 0.284375 0.656978 0.91875
-0.113073 0.30625 0.656378 0.91875
-0.123423 -0.04375 0.656078 1.1375
-0.134223 0.35 0.655478 1.20312
-0.145023 0.30625 0.654878 1.09375
-0.155373 -0.240625 0.654278 0.9625
-0.166173 0.39375 0.653678 0.83125
-0.176973 -0.04375 0.653078 0.9625
-0.187773 0.459375 0.652778 0.853125
-0.198123 0.284375 0.652178 0.875
-0.208923 0.284375 0.651578 0.503125
-0.219723 0.415625 0.650978 1.09375
-0.230523 0.284375 0.650378 0.853125
-0.240873 0.2625 0.650078 0.875
-0.251673 0.590625 0.649478 0.91875
-0.262473 0.35 0.648878 0.7875
-0.271965 0.56875 0.647406 0.7
-0.282315 0.021875 0.647106 0.984375
-0.293115 0.415625 0.646506 1.07187
-0.303915 0.415625 0.645906 0.853125
-0.314715 0.415625 0.645306 0.853125
-0.325065 0.4375 0.644406 0.853125
-0.335415 0.56875 0.643806 0.875
-0.346215 0.39375 0.642906 0.984375
-0.326183 0.39375 0.641133 1.05
-0.364298 0.39375 0.639661 0.83125
-0.375098 0.56875 0.638761 0.984375
-0.385448 0.48125 0.637861 0.853125
-0.396248 0.525 0.637261 1.00625
-0.406598 0.48125 0.636361 0.9625
-0.342955 0.525 0.634589 0.984375
-0.42644 0.48125 0.633989 1.05
-0.43679 0.525 0.633089 1.02812
-0.44714 0.525 0.632189 0.9625
-0.45794 0.56875 0.631589 0.9625
-0.321611 0.525 0.629817 1.07187
-0.477782 0.525 0.628917 1.00625
-0.486823 0.525 0.627444 0.984375
-0.497623 0.525 0.626544 1.00625
-0.507973 0.6125 0.625944 0.940625
-0.328034 0.6125 0.624172 0.83125
-0.526507 0.503125 0.6227 1.05
-0.536857 0.721875 0.6218 0.940625
-0.547657 0.65625 0.6209 0.9625
-0.280495 0.809375 0.619428 0.809375
-0.56619 0.7875 0.617656 1.07187
-0.57654 0.13125 0.617056 1.09375
-0.352989 0.590625 0.615283 0.6125
-0.596382 0.809375 0.614683 1.00625
-0.372831 0.721875 0.612911 1.09375
-0.613607 0.634375 0.610567 0.546875
-0.623957 0.35 0.609667 0.371875
-0.633448 0.9625 0.608194 0.546875
-0.569805 0.875 0.606422 1.00625
-0.577988 0.7 0.604078 0.896875
-0.543419 0.984375 0.602306 1.05
-0.523836 0.765625 0.600833 0.809375
-0.532878 0.875 0.599361 0.809375
-0.68774 0.721875 0.597589 0.7875
-0.696782 0.7875 0.596117 0.809375
-0.588669 0.83125 0.593472 0.7875
-0.407421 0.7875 0.591128 0.74375
-0.371993 0.74375 0.588483 0.7875
-0.728615 0.83125 0.586139 0.503125
-0.739415 0.83125 0.585539 0.7875
-0.748457 0.853125 0.583767 0.7875
-0.479128 1.00625 0.58055 1.00625
-0.456479 0.284375 0.577333 0.7875
-0.537347 0.7875 0.574689 0.9625
-0.749908 0.765625 0.573217 0.896875
-0.788473 0.74375 0.571744 0.896875
-0.797515 0.896875 0.569972 0.91875
-0.805698 0.853125 0.557452 0.809375
-0.623142 0.9625 0.565283 0.415625
-0.382887 0.9625 0.561767 0.83125
-0.519287 0.853125 0.557678 0.940625
-0.834915 0.875 0.557078 0.74375
-0.815333 1.15938 0.555606 0.940625
-0.853448 0.9625 0.553833 0.65625
-0.511434 1.11563 0.550617 0.48125
-0.632847 1.1375 0.546528 0.7
-0.478507 0.91875 0.542139 0.678125
-0.87874 0.91875 0.539794 0.940625
-0.887782 1.02812 0.537422 0.74375
-0.82238 1.20312 0.534178 0.9625
-0.668897 1.07187 0.530061 0.83125
-0.471354 0.91875 0.525644 0.74375
-0.606854 1.05 0.520656 0.83125
-0.643661 0.984375 0.517411 0.74375
-0.652253 0.9625 0.515039 0.7
-0.659986 1.11563 0.511794 0.940625
-0.66727 1.00625 0.50855 0.39375
-0.83446 0.7875 0.505306 0.678125
-0.95849 1.1375 0.501761 0.765625
-0.729256 1.11563 0.490085 0.678125
-0.497855 0.984375 0.488294 0.48125
-0.531596 0.9625 0.484178 0.634375
-0.786459 0.91875 0.480933 0.459375
-0.98534 1.00625 0.479433 0.721875
-0.99524 1.07187 0.477933 0.39375
-0.725461 1.11563 0.473817 0.6125
-0.449999 1.07187 0.466211 0.634375
-0.570104 0.91875 0.46035 0.7
-1.01481 0.940625 0.457978 0.74375
-1.02516 1.18125 0.456478 0.721875
-1.00206 1.18125 0.452361 0.590625
-0.481224 1.24687 0.445628 0.546875
-0.480658 0.940625 0.43715 0.590625
-0.690601 0.940625 0.433033 0.65625
-1.04939 0.984375 0.431533 0.678125
-1.05974 1.3125 0.430033 0.765625
-0.760437 1.225 0.425917 0.6125
-0.559419 1.09375 0.420056 0.590625
-0.606388 0.809375 0.414194 0.809375
-0.96301 0.9625 0.41095 0.56875
-0.811695 1.15938 0.408578 0.546875
-0.81812 1.07187 0.404461 0.590625
-0.822786 1.3125 0.399472 0.503125
-0.757834 1.09375 0.396228 0.590625
-0.837803 1.07187 0.392983 0.503125
-1.00414 1.07187 0.388867 0.48125
-0.73129 1.11563 0.383878 0.2625
-0.897622 1.11563 0.380061 0.21875
-0.99082 1.24687 0.375944 0.721875
-1.14392 1.24687 0.3727 0.65625
-0.875453 1.37813 0.369456 0.765625
-0.851046 1.24687 0.364467 0.74375
-0.651335 1.225 0.358606 0.6125
-0.933514 1.15938 0.354489 0.65625
-1.17515 1.35625 0.353289 0.721875
-1.18505 1.33438 0.350626 0.6125
-1.1954 1.44375 0.350289 0.56875
-0.850318 1.44375 0.344428 0.590625
-0.529936 1.26875 0.33595 0.6125
-0.651349 1.02812 0.331261 0.525
-1.18066 1.07187 0.328017 0.678125
-1.22008 1.42188 0.326517 0.546875
-1.23043 1.37813 0.325017 0.56875
-1.08842 1.4 0.320328 0.48125
-0.640271 1.37813 0.313594 0.590625
-0.613697 1.15938 0.306861 0.6125
-0.893259 1.11563 0.301872 0.525
-1.2525 1.15938 0.301544 0.48125
-1.26285 1.46562 0.300917 0.6125
-0.964854 1.4875 0.297672 0.525
-0.646231 1.3125 0.290067 0.525
-0.719658 1.15938 0.283633 0.525
-0.929601 1.26875 0.279517 0.459375
-1.28884 1.24687 0.278889 0.39375
-1.14989 1.42188 0.27013 0.56875
-0.861204 1.42188 0.270083 0.284375
-0.673414 1.29062 0.26335 0.4375
-0.793519 1.18125 0.257789 0.546875
-1.19199 1.225 0.254544 0.4375
-1.31864 1.42188 0.253344 0.284375
-1.13478 1.50937 0.241669 0.48125
-0.86193 1.46562 0.238424 0.503125
-0.704522 1.26875 0.234026 0.371875
-0.897312 1.24687 0.225257 0.459375
-1.34246 1.20312 0.233361 0.35
-1.34975 1.4 0.225174 0.328125
-0.915687 1.50937 0.21378 0.35
-0.725281 1.35625 0.216922 0.35
-0.755096 1.24687 0.203502 0.35
-1.3584 1.20312 0.207226 0.240625
-1.36875 1.61875 0.196422 0.48125
-0.980915 1.44375 0.205089 0.371875
-0.58654 1.35625 0.192531 0.30625
-0.585115 1.225 0.188415 0.30625
-0.939979 1.09375 0.18487 0.284375
-1.38599 1.29062 0.176683 0.2625
-1.39634 1.44375 0.182152 0.39375
-0.844674 1.4875 0.178607 0.240625
-0.404071 1.29062 0.161117 0.21875
-0.475332 1.09375 0.153211 0.2625
-1.12094 1.05 0.156363 0.284375
-1.40749 1.26875 0.1534 0.39375
-1.41739 1.4 0.157133 0.284375
-0.910644 1.53125 0.150972 0.196875
-0.586787 1.29062 0.144239 0.240625
-0.425005 1.225 0.134298 0.35
-0.982529 1.09375 0.142102 0.284375
-1.19595 1.29062 0.137104 0.284375
-1.43844 1.20312 0.139965 0.21875
-1.44225 1.46562 0.137293 0.328125
-0.450546 1.59688 0.133176 0.284375
-0.491424 1.15938 0.128478 0.284375
-0.724759 1.11563 0.122898 -0.153125
-1.44697 1.20312 0.126631 0.240625
-1.45732 1.53125 0.1321 0.2625
-1.02457 1.55313 0.127693 0.2625
-0.630646 1.42188 0.12502 0.153125
-0.420019 1.29062 0.11567 -0.284375
-1.02115 1.11563 0.115043 -0.175
-1.46717 1.33438 0.122256 -0.065625
-1.47621 1.55313 0.117557 0.240625
-0.805628 1.6625 0.114604 0.240625
-0.233334 1.24687 0.10757 0.328125
-0.47728 1.07187 0.105198 0.21875
-1.23963 1.09375 0.103698 0.196875
-1.48212 1.35625 0.109748 0.175
-1.49116 1.46562 0.10912 0.153125
-0.572148 1.50937 0.102969 0.109375
-0.216601 1.11563 0.0988426 0.21875
-0.560998 1.00625 0.0955981 0.196875
-1.29689 1.18125 0.09875 0.175
-1.49577 1.3125 0.0992759 0.13125
-1.50351 1.42188 0.102137 0.4375
-0.510496 1.53125 0.092787 0.415625
-0.226326 1.05 0.0851815 0.0875
-0.412124 0.9625 0.0807648 0.503125
-1.14671 1.05 0.0827537 0.109375
-1.50681 1.4 0.086487 0.153125
-1.66384 1.4 0.0893481 0.153125
-0.847028 1.575 0.0805704 0.065625
-0.110451 1.24687 0.0729648 0.4375
-0.192323 0.940625 0.064487 0.0875
-0.995219 0.9625 0.06415 0.109375
-1.51567 1.07187 0.0678833 0.0875
-1.71586 1.35625 0.0785852 -0.04375
-0.441866 1.70625 0.0619667 0.2625
-0.112776 1.1375 0.0561056 0.065625
-0.313111 0.9625 0.049663 0.109375
-1.4402 0.896875 0.0461278 0.065625
-1.64169 1.42188 0.0516056 0.065625
-1.49752 1.46562 0.0474889 0.371875
-0.415117 1.59688 0.0355222 0.371875
-0.117268 1.11563 0.0348852 0.371875
-0.434349 1.00625 0.0191389 0.065625
-1.48744 1.07187 0.0240352 -0.065625
-1.52641 1.44375 0.0260241 -0.021875
-1.53153 1.55313 0.0245241 0.04375
-0.2853 1.18125 0.00354444 -0.04375
-0.114359 1.05 -0.00202593 0.021875
-0.519971 0.875 -0.0148648 -0.04375
-1.23957 1.00625 -0.0166556 -0.04375
-1.52612 1.3125 -0.0117593 -0.021875
-1.09251 1.50937 -0.0176204 -0.04375
-0.414084 1.3125 -0.0333667 -0.065625
-0.248826 1.00625 -0.0371926 0.109375
-0.683512 0.896875 -0.0389833 -0.04375
-1.12691 0.984375 -0.050087 0
-1.21749 1.1375 -0.0478352 -0.109375
-0.601132 1.44375 -0.0697056 -0.175
-0.436283 1.11563 -0.067163 -0.065625
-0.565241 1.02812 -0.082637 -0.153125
-1.12232 0.91875 -0.0876537 -0.0875
-1.21682 1.3125 -0.0862648 -0.21875
-1.05851 1.29062 -0.09855 -0.109375
-0.485769 1.18125 -0.109372 -0.2625
-0.244759 0.853125 -0.113807 -0.21875
-0.520396 0.809375 -0.127537 -0.109375
-1.28361 0.875 -0.121796 -0.13125
-1.52565 1.29062 -0.119535 -0.175
-1.53032 1.44375 -0.125996 -0.13125
-0.332478 1.44375 -0.134502 -0.13125
0.115975 0.896875 -0.158698 -0.109375
-0.19804 0.765625 -0.16982 -0.13125
-1.07579 0.853125 -0.171048 -0.175
-1.59841 1.26875 -0.167915 -0.175
-1.60962 1.37813 -0.166826 -0.153125
-0.617915 1.44375 -0.171252 -0.21875
0.150353 0.9625 -0.195167 -0.0875
-0.00113815 0.7 -0.199593 -0.30625
-0.890806 0.765625 -0.205181 -0.021875
-1.52842 1.05 -0.206128 -0.196875
-1.93474 1.4 -0.206483 -0.196875
-1.5456 1.68437 -0.205967 -0.0875
-0.0663243 1.64062 -0.222322 -0.284375
0.197072 0.896875 -0.234598 -0.2625
-0.4103 0.7875 -0.238443 -0.21875
-1.52502 0.940625 -0.241706 -0.240625
-2.16786 1.33438 -0.238 -0.284375
-1.55091 1.79375 -0.234576 -0.2625
-0.395372 1.575 -0.249178 -0.371875
0.256599 1.07187 -0.263489 -0.2625
-0.290009 0.809375 -0.271994 -0.21875
-1.38757 0.940625 -0.269733 -0.240625
-1.77936 1.35625 -0.265728 -0.39375
-1.70334 1.55313 -0.265211 -0.30625
-0.473816 1.88125 -0.272844 -0.328125
0.0525554 1.1375 -0.288609 -0.546875
-0.423984 0.896875 -0.297978 -0.503125
-1.3048 1.00625 -0.301822 -0.4375
-2.06001 1.35625 -0.2952 -0.525
-1.56111 1.81563 -0.292067 -0.109375
-0.4505 1.61875 -0.304061 -0.4375
0.128786 1.20312 -0.314011 -0.590625
-0.461433 0.74375 -0.323961 -0.4375
-1.24049 1.07187 -0.326352 -0.4375
-2.02739 1.26875 -0.316822 -0.415625
-1.57211 1.72812 -0.314561 -0.371875
-0.416572 1.50937 -0.327419 -0.503125
0.123028 1.3125 -0.339694 -0.6125
-0.513419 1.00625 -0.347328 -0.56875
-1.55545 1.18125 -0.345939 -0.48125
-2.16922 1.575 -0.341352 -0.48125
-1.5831 1.94687 -0.340835 -0.634375
-0.26504 1.6625 -0.346133 -0.503125
0.271943 1.11563 -0.364224 -0.4375
-0.319584 1.05 -0.373302 -0.39375
-1.56513 1.02812 -0.365807 -0.459375
-2.34012 1.575 -0.361802 -0.503125
-1.90329 2.0125 -0.35518 -0.503125
-0.516924 1.88125 -0.364257 -0.459375
0.458787 1.225 -0.373335 -0.6125
0.0601665 0.896875 -0.387646 -0.48125
-1.29775 0.896875 -0.385385 -0.48125
-2.35025 1.35625 -0.376146 -0.525
-2.20678 2.05625 -0.372431 -0.525
-1.42253 1.99063 -0.372787 -0.503125
0.396334 1.75 -0.389715 -0.6125
0.412601 0.91875 -0.398502 -0.48125
-0.503116 0.765625 -0.402637 -0.56875
-1.90319 0.9625 -0.396015 -0.7
-2.5 1.53125 -0.385022 -0.546875
-1.62687 1.925 -0.381017 -0.546875
-0.103988 1.64062 -0.392711 -0.525
0.553216 0.9625 -0.405278 -0.7
-0.122916 0.7 -0.409122 -0.6125
-1.52751 0.875 -0.405989 -0.525
-2.37518 1.4 -0.397041 -0.6125
-1.90798 1.85938 -0.387802 -0.56875
-0.476239 1.72812 -0.394263 -0.56875
0.342181 1.1375 -0.408274 -0.6125
0.0752526 0.7875 -0.411246 -0.56875
-1.13599 0.853125 -0.408985 -0.6125
-2.12641 1.24687 -0.39713 -0.546875
-2.02394 1.72812 -0.390507 -0.678125
-0.712423 1.81563 -0.391435 -0.6125
0.263288 1.225 -0.403448 -0.65625
0.191474 0.7875 -0.407902 -0.525
-0.887175 0.83125 -0.407704 -0.56875
-1.64325 1.05 -0.39732 -0.6125
-1.97644 1.33438 -0.387237 -0.65625
-0.708082 1.575 -0.3914 -0.65625
0.267629 1.02812 -0.400506 -0.6125
0.472019 0.7 -0.409311 -0.590625
-0.763921 0.48125 -0.406206 -0.546875
-1.6046 0.896875 -0.394378 -0.56875
-2.01047 1.24687 -0.388646 -0.590625
-1.1813 1.53125 -0.383506 -0.56875
0.187366 1.225 -0.389994 -0.546875
0.730032 0.7 -0.40258 -0.503125
-0.105558 0.525 -0.40558 -0.590625
-1.39341 0.7 -0.398985 -0.546875
-2.15079 1.09375 -0.381043 -0.634375
-1.60521 1.55313 -0.370959 -0.56875
-0.0343437 1.35625 -0.376576 -0.678125
0.654552 0.83125 -0.387998 -0.6125
0.319763 0.590625 -0.387509 -0.6125
-0.891028 0.590625 -0.37858 -0.65625
-1.57225 0.809375 -0.363263 -0.7
-1.5817 1.15938 -0.354052 -0.65625
-0.633158 1.24687 -0.345994 -0.65625
0.313479 0.91875 -0.3551 -0.56875
0.56148 0.634375 -0.358381 -0.634375
-0.394331 0.525 -0.354113 -0.65625
-1.55135 0.7 -0.3478 -0.74375
-1.5608 1.1375 -0.339461 -0.634375
-1.00868 1.15938 -0.338672 -0.721875
0.129553 1.15938 -0.354756 -0.525
0.51362 0.721875 -0.36327 -0.65625
-0.483185 0.6125 -0.370922 -0.83125
-1.21863 0.721875 -0.365772 -0.634375
-1.53336 0.91875 -0.361794 -0.721875
-0.982999 1.15938 -0.359843 -0.6125
-0.0556826 1.02812 -0.3736 -0.590625
0.205547 0.7 -0.382115 -0.546875
-0.240609 0.65625 -0.385115 -0.65625
-1.16066 0.678125 -0.38607 -0.546875
-1.51945 0.984375 -0.378885 -0.56875
-1.01094 1.18125 -0.387409 -0.634375
-0.114009 1.02812 -0.397669 -0.0875
0.292141 0.809375 -0.409391 -0.65625
-0.0650354 0.634375 -0.41558 -0.65625
-1.42426 0.721875 -0.411883 -0.634375
-1.50771 1.1375 -0.413139 -0.65625
-1.5163 1.18125 -0.404209 -0.65625
-0.316703 1.225 -0.418248 -0.6125
0.249354 0.853125 -0.438111 -0.6125
0.143233 0.74375 -0.451278 -0.809375
-0.893563 0.7 -0.45485 -0.6125
-1.50034 0.9625 -0.454361 -0.678125
-1.62784 1.24687 -0.450083 -0.6125
-0.635693 1.37813 -0.457726 -0.6125
-0.0286409 1.00625 -0.465959 -0.7875
-0.0633854 0.853125 -0.479998 -0.65625
-0.895355 0.83125 -0.491711 -0.765625
-1.50082 1.11563 -0.49005 -0.634375
-1.70232 1.35625 -0.489561 -0.7
-1.28235 1.72812 -0.49575 -0.7875
-0.153271 1.44375 -0.508044 -0.721875
0.222497 0.940625 -0.517722 -0.634375
-0.50203 0.74375 -0.521304 -0.721875
-1.50176 0.9625 -0.527202 -0.809375
-2.18776 1.42188 -0.519144 -0.7875
-1.67433 1.81563 -0.52417 -0.765625
-0.2862 1.61875 -0.531241 -0.765625
0.238004 1.02812 -0.548187 -0.56875
-0.0323993 0.83125 -0.554085 -0.875
-1.47971 0.875 -0.55068 -0.809375
-2.12386 1.44375 -0.54582 -0.765625
-1.84563 1.79375 -0.544159 -0.7875
-0.504594 1.70625 -0.545115 -0.896875
0.31121 1.11563 -0.563233 -0.546875
0.0421146 0.853125 -0.566515 -0.74375
-1.32989 0.83125 -0.573285 -0.7875
-2.36916 1.37813 -0.553889 -0.74375
-2.06317 1.85938 -0.555135 -0.809375
-1.08686 1.75 -0.557835 -0.590625
0.41349 1.37813 -0.571002 -0.721875
0.428448 0.765625 -0.574856 -0.809375
-0.810559 0.65625 -0.576674 -0.74375
-1.53801 1.07187 -0.565991 -0.74375
-2.38698 1.55313 -0.551819 -0.83125
-1.56697 1.81563 -0.554228 -0.678125
-0.287284 1.575 -0.560117 -0.721875
0.36992 1.05 -0.56775 -0.809375
-0.49781 0.809375 -0.572767 -0.765625
-1.53853 1.00625 -0.563828 -0.678125
-2.15144 1.37813 -0.545294 -0.809375
-1.5614 1.75 -0.543624 -0.7875
0.00509796 1.59688 -0.543407 -0.74375
0.618691 0.91875 -0.553657 -0.74375
-0.175046 0.721875 -0.554313 -0.7
-1.3043 0.74375 -0.540431 -0.83125
-2.26826 1.1375 -0.524515 -0.896875
-1.59623 1.75 -0.512087 -0.809375
-0.321784 1.42188 -0.514778 -0.809375
0.686927 0.940625 -0.521248 -0.74375
0.262707 0.590625 -0.522776 -0.83125
-0.977608 0.503125 -0.512093 -0.7875
-1.54384 1.00625 -0.492396 -0.809375
-1.94886 1.26875 -0.481131 -0.83125
-1.0906 1.50937 -0.477426 -0.83125
0.245916 1.225 -0.478954 -0.9625
0.508862 0.7 -0.481935 -0.809375
-0.287492 0.6125 -0.47852 -0.765625
-1.53173 0.7 -0.467837 -0.83125
-2.05566 1.02812 -0.45192 -0.765625
-1.55415 1.55313 -0.440937 -0.83125
0.0136563 1.42188 -0.448861 -0.765625
0.629416 0.7875 -0.453587 -0.74375
0.277024 0.56875 -0.454243 -0.6125
-1.1232 0.6125 -0.443559 -0.634375
-1.80704 1.09375 -0.429387 -0.634375
-1.9363 1.37813 -0.416087 -0.546875
-0.87322 1.53125 -0.417024 -0.590625
0.378695 1.07187 -0.41012 -0.56875
0.59848 0.6125 -0.413102 -0.56875
-0.271009 0.546875 -0.409396 -0.634375
-1.36857 0.678125 -0.400457 -0.6125
-1.96518 0.940625 -0.382506 -0.65625
-1.53636 1.26875 -0.375883 -0.6125
-0.173829 1.29062 -0.375667 -0.634375
0.556061 0.83125 -0.389406 -0.590625
0.218205 0.590625 -0.387154 -0.65625
-0.83182 0.525 -0.381404 -0.48125
-1.51218 0.7875 -0.368104 -0.853125
-1.71237 1.09375 -0.361781 -0.7875
-0.53038 1.26875 -0.363309 -0.7
0.164753 0.83125 -0.365991 -0.853125
0.294699 0.634375 -0.377985 -0.721875
-0.46066 0.56875 -0.3705 -0.853125
-1.38554 0.7 -0.367367 -0.853125
-1.51173 1.07187 -0.358428 -0.853125
-1.07636 1.15938 -0.359956 -0.853125
-0.0772604 1.05 -0.364381 -0.2625
0.301124 0.7 -0.376376 -0.74375
-0.218168 0.6125 -0.381393 -0.765625
-1.18359 0.74375 -0.373607 -0.721875
-1.49876 1.15938 -0.369902 -0.04375
-1.50519 1.33438 -0.373174 -0.56875
-0.304736 1.37813 -0.379635 -0.634375
0.349852 0.853125 -0.394246 -0.56875
0.0816146 0.7 -0.403033 -0.590625
-0.881188 0.7 -0.404561 -0.590625
-1.48756 1.02812 -0.397076 -0.590625
-1.64414 1.26875 -0.402083 -0.74375
-0.625118 1.37813 -0.410589 -0.590625
0.190686 0.896875 -0.423156 -0.634375
0.319324 0.48125 -0.437767 -0.590625
-0.641312 0.6125 -0.444228 -0.7
-1.45075 0.74375 -0.440231 -0.546875
-1.68177 1.1375 -0.444367 -0.65625
-1.26225 1.4 -0.449674 -0.65625
0.101589 1.225 -0.461078 -0.65625
0.408596 0.65625 -0.478596 -0.809375
-0.197918 0.634375 -0.487674 -0.65625
-1.23864 0.634375 -0.485713 -0.83125
-1.99561 1.00625 -0.480835 -0.875
-1.49541 1.4875 -0.47713 -0.7
-0.295403 1.4 -0.491731 -0.65625
0.482023 0.940625 -0.506924 -0.7
-0.108646 0.590625 -0.518037 -0.7875
-1.1626 0.74375 -0.511415 -0.35
-1.99225 1.09375 -0.509154 -0.74375
-1.5678 1.53125 -0.505439 -0.590625
-0.45326 1.575 -0.519469 -0.678125
0.272254 1.1375 -0.523894 -0.590625
0.0480785 0.74375 -0.533263 -0.83125
-1.12262 0.721875 -0.53042 -0.678125
-1.48447 1.26875 -0.520309 -0.678125
-1.49568 1.4 -0.511943 -0.7875
-0.709257 1.46562 -0.51695 -0.65625
0.100864 1.15938 -0.521967 -0.65625
-0.00832426 0.853125 -0.530463 -0.765625
-0.884355 0.765625 -0.521224 -0.765625
-1.49072 1.11563 -0.513148 -0.65625
-1.80721 1.35625 -0.503037 -0.6125
-0.833111 1.46562 -0.494089 -0.721875
0.185761 1.225 -0.507819 -0.74375
0.315707 0.765625 -0.502941 -0.721875
-0.601318 0.721875 -0.494574 -0.678125
-1.4852 0.896875 -0.482719 -0.6125
-2.00958 1.26875 -0.463013 -0.65625
-1.50152 1.75 -0.446796 -0.678125
0.227047 1.59688 -0.451804 -0.56875
0.640597 0.721875 -0.444891 -0.65625
-0.635929 0.56875 -0.432744 -0.74375
-1.47967 0.896875 -0.411876 -0.809375
-2.04766 1.15938 -0.393624 -0.896875
-1.50037 1.53125 -0.382641 -0.765625
0.0973637 1.44375 -0.383578 -0.7
0.638272 0.74375 -0.38655 -0.853125
0.0502202 0.634375 -0.393011 -0.896875
-1.19316 0.634375 -0.382028 -0.678125
-2.11135 0.984375 -0.367556 -0.74375
-1.52654 1.64062 -0.353365 -0.853125
-0.0900178 1.44375 -0.359826 -0.74375
0.478206 0.940625 -0.365415 -0.809375
0.00514241 0.721875 -0.364607 -0.7
-1.12194 0.74375 -0.366126 -0.809375
-1.4838 1.11563 -0.349619 -0.525
-1.68399 1.20312 -0.336891 -0.65625
-0.502446 1.44375 -0.343352 -0.634375
-0.0134493 0.984375 -0.346024 -0.721875
-0.0794761 0.83125 -0.345798 -0.678125
-1.08765 0.7875 -0.345572 -0.853125
-1.49181 1.09375 -0.334007 -0.7
-1.77922 1.3125 -0.32913 -0.678125
-0.715282 1.09375 -0.33093 -0.721875
0.096147 1.24687 -0.343496 -0.765625
0.076348 0.875 -0.353156 -0.74375
-0.933133 0.875 -0.34537 -0.678125
-1.49851 1.24687 -0.341937 -0.6125
-1.90397 1.44375 -0.339385 -0.56875
-1.51659 1.70625 -0.350498 -0.525
-0.081377 1.64062 -0.358413 -0.56875
0.223014 1.00625 -0.370389 -0.6125
-0.253975 0.896875 -0.381211 -0.6125
-1.49997 0.9625 -0.383311 -0.6125
-2.14327 1.53125 -0.380178 -0.7875
-1.52852 1.75 -0.381978 -0.590625
-0.255834 1.59688 -0.396289 -0.65625
0.443223 0.9625 -0.415833 -0.590625
-0.192365 0.721875 -0.427228 -0.590625
-1.36306 0.91875 -0.431072 -0.56875
-2.35917 1.3125 -0.425322 -0.56875
-1.54221 1.85938 -0.42625 -0.6125
-0.387131 1.50937 -0.437944 -0.74375
0.432148 1.07187 -0.459806 -0.6125
-0.20344 0.678125 -0.4715 -0.7875
-1.24592 0.853125 -0.4736 -0.7875
-2.29887 1.24687 -0.468122 -0.590625
-1.9048 1.75 -0.468178 -0.83125
-0.608716 1.72812 -0.4784 -0.853125
0.337471 1.18125 -0.497644 -0.875
0.0978581 0.7 -0.511356 -0.7875
-1.23275 0.721875 -0.5149 -0.678125
-2.38614 1.33438 -0.510294 -0.74375
-2.08236 1.94687 -0.508606 -0.83125
-1.06334 1.90312 -0.518246 -0.7
0.435251 1.44375 -0.536328 -0.765625
0.16918 0.765625 -0.550911 -0.7875
-0.998899 0.809375 -0.556191 -0.74375
-2.35757 1.24687 -0.560317 -0.83125
-2.42069 1.925 -0.542628 -0.765625
-1.59589 1.99063 -0.550824 -0.896875
0.162613 1.72812 -0.575583 -0.809375
0.46917 0.9625 -0.593656 -1.00625
-0.534219 0.83125 -0.600689 -0.896875
-1.58193 1.11563 -0.586198 -0.853125
-2.5 1.59688 -0.583056 -0.765625
-1.64524 1.99063 -0.583102 -0.7875
-0.299865 1.70625 -0.596231 -0.91875
0.353823 1.09375 -0.608207 -0.7875
-0.280457 0.7875 -0.614069 -0.91875
-1.59959 1.02812 -0.614115 -0.809375
-2.44902 1.46562 -0.601087 -0.9625
-1.91003 2.03437 -0.600261 -0.809375
-0.43382 1.94687 -0.604378 -0.875
0.426454 1.20312 -0.619261 -0.7875
0.0718526 0.74375 -0.62425 -0.875
-1.37505 0.91875 -0.622261 -0.875
-2.5 1.44375 -0.609806 -0.809375
-2.11098 2.05625 -0.601139 -0.91875
-1.29332 1.94687 -0.602639 -0.91875
0.410104 1.6625 -0.616641 -0.7875
0.380551 0.940625 -0.625991 -0.91875
-0.783604 0.7 -0.624302 -0.875
-1.74716 1.225 -0.612719 -0.7875
-2.5 1.53125 -0.600554 -0.853125
-1.65594 2.05625 -0.600309 -0.83125
-0.0599613 1.64062 -0.606461 -0.765625
0.59941 1.00625 -0.618728 -0.83125
-0.106696 0.7875 -0.6211 -0.83125
-1.32362 0.91875 -0.614169 -0.83125
-2.5 1.26875 -0.587467 -0.809375
-1.66182 1.94687 -0.581407 -0.809375
-0.254826 1.575 -0.589013 -0.83125
0.680749 0.984375 -0.597491 -0.83125
0.122629 0.721875 -0.598709 -0.83125
-1.32341 0.765625 -0.58887 -0.765625
-2.2416 1.20312 -0.571181 -0.7875
-1.77529 1.72812 -0.557854 -0.853125
-0.548834 1.50937 -0.560517 -0.721875
0.398212 1.09375 -0.559109 -0.83125
0.165141 0.7875 -0.5609 -0.765625
-1.19323 0.765625 -0.553969 -0.809375
-1.64407 1.1375 -0.531628 -0.809375
-1.80109 1.26875 -0.513067 -0.634375
-0.573774 1.53125 -0.508461 -0.7875
0.241129 1.02812 -0.514322 -0.678125
0.0918054 0.83125 -0.508554 -0.765625
-0.797904 0.83125 -0.502494 -0.74375
-1.63732 0.984375 -0.487422 -0.74375
-1.95687 1.33438 -0.47235 -0.74375
-1.14313 1.59688 -0.465128 -0.74375
0.0352026 1.33438 -0.461976 -0.7
0.414445 0.896875 -0.464348 -0.7875
-0.42642 0.7 -0.456254 -0.7875
-1.62795 0.940625 -0.440019 -0.678125
-2.07833 1.3125 -0.424946 -0.65625
-1.6491 1.61875 -0.414235 -0.6125
-0.214335 1.575 -0.416607 -0.6125
0.53095 0.9625 -0.421306 -0.56875
0.131429 0.678125 -0.420189 -0.6125
-1.271 0.721875 -0.412967 -0.6125
-1.91168 1.24687 -0.399639 -0.590625
-1.76388 1.53125 -0.388628 -0.546875
-0.610552 1.50937 -0.386348 -0.56875
0.409179 1.02812 -0.39657 -0.56875
0.261163 0.7 -0.398943 -0.634375
-0.859831 0.4375 -0.393746 -0.65625
-1.62917 1.02812 -0.384198 -0.56875
-2.10908 1.3125 -0.37028 -0.546875
-1.29403 1.59688 -0.367991 -0.678125
0.00451648 1.4 -0.377341 -0.634375
0.425612 0.91875 -0.383483 -0.590625
-0.573402 0.678125 -0.384693 -0.678125
-1.61633 1.02812 -0.374263 -0.503125
-2.02356 1.44375 -0.366741 -0.74375
-1.63793 1.68437 -0.365624 -0.634375
-0.203169 1.64062 -0.372639 -0.21875
0.454444 0.984375 -0.380526 -0.74375
-0.340193 0.809375 -0.393365 -0.74375
-1.38051 0.74375 -0.389041 -0.56875
-2.18154 1.24687 -0.380356 -0.546875
-1.63339 1.77188 -0.393776 -0.634375
0.0537359 1.64062 -0.402244 -0.65625
0.462911 0.940625 -0.421761 -0.678125
-0.171369 0.765625 -0.433719 -0.7
-1.60418 0.940625 -0.4358 -0.7
-2.33515 1.46562 -0.431767 -0.853125
-1.63494 1.88125 -0.431222 -0.371875
-0.227943 1.64062 -0.446378 -0.590625
0.428362 1.02812 -0.466194 -0.590625
-0.0887631 0.7875 -0.482804 -0.6125
-1.33259 0.875 -0.479933 -0.65625
-2.34107 1.35625 -0.475028 -0.65625
-1.78754 1.8375 -0.478563 -0.65625
-0.647446 1.68437 -0.485578 -0.503125
0.492505 1.33438 -0.506839 -0.590625
-0.179294 0.74375 -0.522867 -0.459375
-1.61603 0.853125 -0.523194 -0.65625
-2.42361 1.42188 -0.515672 -0.65625
-1.64156 1.96875 -0.522696 -0.39375
0.27947 1.79375 -0.549481 -0.7
0.545891 0.83125 -0.56987 -0.678125
-0.733701 0.678125 -0.573687 -0.634375
-2.5 0.91875 -0.565293 -0.809375
-2.40307 1.96875 -0.5537 -0.546875
-1.41358 2.03437 -0.561006 -0.65625
0.603827 1.68437 -0.595059 -0.896875
0.29807 0.984375 -0.604981 -0.74375
-1.33564 0.765625 -0.606181 -0.875
-2.5 1.26875 -0.599531 -0.853125
-1.88612 1.99063 -0.599578 -0.91875
-0.217452 1.77188 -0.611244 -0.809375
0.448011 1.11563 -0.631924 -0.875
-0.626755 0.809375 -0.640102 -0.91875
-1.62869 1.29062 -0.627928 -0.853125
-2.36096 1.46562 -0.625057 -0.765625
-1.6516 1.96875 -0.625385 -0.459375
0.0791387 1.46562 -0.640831 -0.91875
0.209493 1.20312 -0.654243 -0.65625
-0.545458 0.984375 -0.657187 -0.809375
-1.63723 1.09375 -0.649083 -0.853125
-2.32373 1.35625 -0.638944 -0.984375
-1.66059 1.90312 -0.638972 -0.809375
-0.138605 1.70625 -0.643661 -0.525
0.401404 1.20312 -0.653583 -0.83125
-0.599369 0.721875 -0.658563 -0.809375
-1.64622 1.00625 -0.650169 -0.74375
-2.25958 1.44375 -0.635669 -0.875
-1.66913 1.81563 -0.638904 -0.875
0.0162359 1.6625 -0.64272 -0.853125
0.630238 0.91875 -0.654387 -0.7875
-0.0758687 0.7875 -0.656459 -0.853125
-1.64475 0.875 -0.64632 -0.853125
-2.49593 1.4875 -0.632683 -0.853125
-1.82088 1.575 -0.622544 -0.896875
0.126157 1.75 -0.628669 -0.896875
0.90485 0.83125 -0.639735 -0.940625
0.247588 0.525 -0.642952 -0.853125
-1.61117 0.590625 -0.628724 -0.83125
-2.5 1.37813 -0.603448 -0.875
-1.79605 1.79375 -0.593872 -0.809375
-0.153846 1.44375 -0.597961 -0.765625
1.1931 0.83125 -0.603794 -0.7875
0.405862 0.30625 -0.601778 -0.765625
-1.40536 0.590625 -0.589294 -0.765625
-2.5 1.15938 -0.56838 -0.74375
-2.1845 1.72812 -0.550363 -0.546875
-0.797726 1.53125 -0.541369 -0.765625
1.06325 1.07187 -0.550691 -0.809375
0.923941 0.4375 -0.553907 -0.83125
-0.471089 0.39375 -0.544913 -0.91875
-1.66638 0.74375 -0.519928 -0.875
-2.5 1.20312 -0.492317 -1.02812
-1.73858 1.70625 -0.479833 -0.896875
0.344517 1.4875 -0.480433 -0.83125
1.21567 0.634375 -0.486848 -0.896875
0.457503 0.30625 -0.485113 -0.7875
-1.22158 0.459375 -0.467978 -0.875
-2.5 0.9625 -0.450261 -0.853125
-1.83689 1.64062 -0.433998 -0.83125
-0.537334 1.4 -0.435752 -0.875
0.693316 1.02812 -0.441294 -0.809375
0.459794 0.56875 -0.446837 -0.809375
-0.938711 0.4375 -0.44482 -0.91875
-1.62128 1.02812 -0.438143 -0.721875
-1.78052 1.33438 -0.431765 -0.74375
-1.17075 1.46562 -0.431202 -0.7
0.210652 1.37813 -0.441969 -0.7
0.341006 0.721875 -0.453907 -0.678125
-0.411778 0.7 -0.460613 -0.853125
-1.61507 0.984375 -0.453063 -0.721875
-1.98044 1.46562 -0.446685 -0.634375
-1.63756 1.70625 -0.444378 -0.678125
-0.0420363 1.68437 -0.458052 -0.7
0.455219 0.853125 -0.473189 -0.678125
-0.0169863 0.809375 -0.475815 -0.678125
-1.49648 0.809375 -0.477578 -0.7875
-2.41949 1.33438 -0.456663 -0.896875
-1.83734 1.90312 -0.455219 -0.83125
-0.403025 1.46562 -0.475298 -0.74375
0.736477 0.984375 -0.498567 -0.896875
0.502955 0.678125 -0.502656 -0.721875
-1.1466 0.634375 -0.518083 -0.7875
-2.5 1.18125 -0.49745 -0.74375
-2.5 1.85938 -0.491944 -0.765625
-1.65993 1.75 -0.497478 -0.7
0.423169 1.68437 -0.518139 -0.7
0.92435 0.634375 -0.540244 -0.83125
-0.145633 0.678125 -0.552183 -0.875
-1.63036 0.896875 -0.548994 -0.74375
-2.5 1.44375 -0.538256 -0.7875
-2.30019 1.85938 -0.535067 -0.940625
-0.799284 1.90312 -0.545261 -0.7875
0.497508 1.3125 -0.56475 -0.7875
0.393512 0.83125 -0.58075 -0.7875
-1.02129 0.809375 -0.585711 -0.875
-2.45179 1.26875 -0.579906 -0.853125
-2.4722 1.96875 -0.5744 -0.83125
-1.69321 2.05625 -0.577317 -0.83125
0.0357637 1.88125 -0.59478 -0.83125
0.444489 1.1375 -0.612233 -0.83125
-0.513122 0.896875 -0.621256 -1.00625
-1.67803 1.00625 -0.623309 -0.940625
-2.5 1.64062 -0.6082 -0.853125
-1.95013 2.07812 -0.610826 -0.853125
-0.563356 1.8375 -0.617241 -0.91875
0.251098 1.33438 -0.633241 -0.875
-0.295551 0.984375 -0.648087 -0.83125
-1.42484 1.18125 -0.646643 -0.9625
-2.5 1.59688 -0.644617 -0.853125
-2.04408 2.1 -0.636776 -1.00625
-0.790749 2.0125 -0.647261 -0.9625
0.225915 1.44375 -0.657737 -0.9625
-0.0406057 1.07187 -0.672283 -1.02812
-1.41572 1.09375 -0.674046 -0.91875
-2.5 1.6625 -0.657483 -0.91875
-2.5 2.16562 -0.654585 -0.91875
-1.73745 2.14375 -0.655757 -0.940625
0.242584 1.925 -0.671185 -0.940625
0.536321 1.11563 -0.688348 -0.940625
-0.742413 0.875 -0.687776 -0.853125
-2.35043 1.33438 -0.676737 -1.00625
-2.5 2.07812 -0.663372 -0.984375
-2.02258 2.1 -0.657567 -0.896875
0.0116739 1.99063 -0.670078 -1.02812
0.629151 1.07187 -0.683461 -0.896875
-0.19501 0.7875 -0.687541 -0.91875
-1.76565 0.9625 -0.676802 -0.940625
-2.5 1.64062 -0.658785 -0.896875
-2.15405 2.03437 -0.648619 -0.7875
-0.398609 2.14375 -0.648919 -0.91875
0.632301 1.35625 -0.675385 -0.91875
-0.189244 0.83125 -0.682081 -0.896875
-1.75727 0.984375 -0.671915 -0.83125
-2.5 1.59688 -0.655643 -0.853125
-1.79154 2.05625 -0.64722 -0.875
-0.386751 1.75 -0.652172 -0.853125
0.386708 1.11563 -0.666719 -0.7875
-0.0397196 0.809375 -0.667019 -0.896875
-1.76503 0.875 -0.651328 -0.896875
-2.37753 1.50937 -0.643196 -0.875
-1.79015 1.88125 -0.635065 -0.590625
-0.190695 1.79375 -0.637981 -0.984375
0.79675 1.11563 -0.651356 -0.940625
-0.0234863 0.56875 -0.647294 -0.875
-1.56027 0.7 -0.624626 -0.9625
-2.48328 1.42188 -0.615041 -0.984375
-1.78091 1.88125 -0.598769 -0.853125
-0.300366 1.64062 -0.598196 -0.91875
0.958049 1.05 -0.602857 -0.83125
0.494552 0.590625 -0.604902 -1.09375
-1.22684 0.4375 -0.586013 -0.91875
-2.46835 1.15938 -0.567987 -0.765625
-2.00295 1.75 -0.542702 -0.7875
-0.288508 1.64062 -0.54242 -0.853125
1.10597 0.896875 -0.547663 -0.7875
0.835383 0.56875 -0.5468 -0.875
-0.957381 0.196875 -0.536052 -0.7875
-2.28481 0.91875 -0.510467 -0.721875
-2.41935 1.4875 -0.491578 -0.7
-1.63644 1.72812 -0.480539 -0.546875
0.465119 1.50937 -0.486944 -0.678125
1.04291 0.7875 -0.492187 -0.678125
0.180371 0.546875 -0.486081 -0.678125
-1.63216 0.634375 -0.471263 -0.65625
-2.5 1.225 -0.45063 -0.7
-1.97217 1.75 -0.434357 -0.634375
-0.420248 1.64062 -0.437846 -0.678125
0.604266 1.05 -0.444833 -0.678125
0.504194 0.678125 -0.44775 -0.65625
-0.911057 0.634375 -0.436993 -0.65625
-1.71123 1.00625 -0.424209 -0.7
-2.16252 1.35625 -0.408809 -0.65625
-1.13117 1.575 -0.401541 -0.65625
0.0308628 1.3125 -0.409691 -0.56875
0.453675 0.853125 -0.414061 -0.678125
-0.429943 0.721875 -0.416678 -0.7875
-1.70592 0.9625 -0.403604 -0.7
-2.18758 1.4875 -0.394309 -0.7875
-1.73017 1.75 -0.387041 -0.678125
-0.249633 1.6625 -0.400424 -0.634375
0.494753 1.05 -0.412063 -0.634375
-0.268644 0.74375 -0.417878 -0.74375
-1.6759 0.91875 -0.409165 -0.853125
-2.5 1.575 -0.402187 -0.765625
-1.73925 2.03437 -0.400161 -0.721875
-0.171485 1.6625 -0.412081 -0.721875
0.559221 1.00625 -0.421394 -0.634375
-0.146027 0.7 -0.433033 -0.74375
-1.71274 0.809375 -0.433033 -0.74375
-2.5 1.70625 -0.424611 -0.74375
-2.21919 1.96875 -0.421122 -0.809375
-0.43599 1.85938 -0.435378 -0.83125
0.662517 1.07187 -0.458056 -0.678125
0.193787 0.809375 -0.473183 -0.590625
-1.53067 0.765625 -0.475228 -0.56875
-2.5 1.4875 -0.464189 -0.590625
-2.38948 2.0125 -0.4607 -0.678125
-0.933946 2.1 -0.469722 -0.634375
0.407766 1.42188 -0.490083 -0.2625
0.217406 0.940625 -0.506956 -0.65625
-1.14055 0.940625 -0.510744 -0.56875
-2.5 1.35625 -0.504067 -0.65625
-2.5 2.16562 -0.498833 -0.634375
-1.66319 2.14375 -0.505239 -0.634375
0.272787 1.96875 -0.524728 -0.721875
0.320703 1.02812 -0.545089 -0.678125
-1.12317 0.91875 -0.54975 -0.678125
-2.5 1.42188 -0.542772 -0.678125
-2.5 2.16562 -0.536094 -0.7
-1.79555 2.16562 -0.541628 -0.875
0.00742389 2.03437 -0.559372 -0.765625
0.387075 1.225 -0.577689 -0.721875
-0.659067 1.00625 -0.585839 -0.74375
-1.78212 1.20312 -0.581778 -0.765625
-2.5 1.6625 -0.580043 -0.809375
-1.93008 2.20938 -0.574228 -0.590625
-0.246019 2.03437 -0.597787 -0.74375
0.277244 1.35625 -0.612915 -0.765625
-0.431929 1.02812 -0.613206 -0.83125
-1.79774 1.225 -0.621065 -0.74375
-2.5 1.72812 -0.616422 -0.896875
-1.90384 2.23125 -0.613806 -0.74375
-0.469529 1.99063 -0.625444 -0.875
0.231245 1.3125 -0.638828 -0.940625
-0.536526 1.09375 -0.642026 -0.83125
-1.81381 1.24687 -0.642617 -0.875
-2.5 1.77188 -0.633313 -0.809375
-1.84808 2.16562 -0.628089 -0.853125
-0.41291 1.925 -0.642635 -0.896875
0.286555 1.20312 -0.656591 -0.91875
-0.392235 1.02812 -0.661252 -0.940625
-1.82987 1.20312 -0.656891 -0.875
-2.5 1.90312 -0.640619 -0.896875
-2.21565 2.16562 -0.641781 -0.853125
-0.505587 2.05625 -0.648187 -0.853125
0.427779 1.26875 -0.660698 -0.896875
-0.0409511 0.7875 -0.670293 -1.07187
-1.69403 0.9625 -0.663615 -1.11563
-2.5 1.6625 -0.64995 -0.940625
-2.18549 2.03437 -0.639783 -0.940625
-0.681561 1.96875 -0.645017 -0.875
0.368102 1.29062 -0.656656 -0.875
0.0605869 0.91875 -0.661017 -0.896875
-1.38635 0.940625 -0.659272 -0.875
-2.49573 1.4875 -0.646489 -0.896875
-2.32193 2.05625 -0.639802 -1.02812
-0.938216 2.07812 -0.638067 -0.91875
0.285891 1.4 -0.647661 -0.875
0.213586 0.940625 -0.659591 -0.853125
-1.06952 0.91875 -0.658719 -0.9625
-1.87101 1.3125 -0.644763 -0.896875
-2.4399 1.61875 -0.629944 -0.853125
-1.74335 2.03437 -0.631107 -0.875
0.0292369 1.85938 -0.642165 -0.875
0.367893 1.07187 -0.655248 -0.853125
-0.294194 0.984375 -0.651759 -0.9625
-1.71423 0.984375 -0.646244 -0.83125
-2.43025 1.50937 -0.6288 -0.91875
-1.88255 2.0125 -0.625602 -0.91875
-0.150953 1.77188 -0.637531 -1.00625
0.538759 1.15938 -0.639857 -0.853125
-0.0475761 0.7 -0.647126 -0.853125
-1.65573 1.00625 -0.636378 -0.853125
-2.4876 1.4875 -0.611665 -0.896875
-1.87114 1.925 -0.603233 -0.83125
-0.182297 1.64062 -0.60615 -0.875
0.758919 1.00625 -0.61778 -0.853125
0.13114 0.503125 -0.613419 -0.91875
-1.59156 0.634375 -0.597719 -0.91875
-2.39435 1.35625 -0.574469 -1.00625
-1.84971 1.70625 -0.557606 -0.875
0.0417878 1.575 -0.55935 -0.9625
1.10147 0.7875 -0.570107 -0.91875
0.63797 0.4375 -0.559931 -0.9625
-1.40368 0.415625 -0.548602 -1.11563
-2.5 1.09375 -0.525924 -1.02812
-2.06305 1.59688 -0.510224 -0.896875
-0.308063 1.46562 -0.507317 -0.896875
1.1591 0.83125 -0.517493 -0.875
1.0202 0.30625 -0.528241 -0.896875
-0.696399 0.328125 -0.521535 -0.853125
-1.86307 0.6125 -0.504372 -0.875
-2.47733 1.18125 -0.491561 -0.853125
-1.62088 1.64062 -0.489217 -0.83125
0.361325 1.46562 -0.499093 -0.809375
0.982727 0.765625 -0.516809 -0.83125
0.077435 0.284375 -0.522896 -0.809375
-1.73555 0.7 -0.519398 -0.809375
-2.5 1.42188 -0.50368 -0.91875
-2.076 1.85938 -0.499591 -0.721875
-0.232485 1.79375 -0.509757 -0.721875
0.779658 0.91875 -0.527474 -0.7875
0.356705 0.634375 -0.533852 -0.809375
-1.41136 0.634375 -0.529472 -0.809375
-2.5 1.29062 -0.516961 -0.875
-2.26539 1.90312 -0.509383 -0.7875
-0.557942 1.88125 -0.517796 -0.809375
0.775325 1.29062 -0.536967 -0.91875
0.440903 0.7875 -0.547706 -0.7875
-1.29678 0.765625 -0.538102 -0.7875
-2.5 1.4 -0.534594 -0.853125
-2.5 1.94687 -0.51655 -0.809375
-1.3688 2.07812 -0.531359 -0.809375
0.645087 1.68437 -0.542389 -0.7875
0.461268 0.853125 -0.563022 -0.853125
-0.775613 0.896875 -0.568528 -0.896875
-2.38318 1.3125 -0.560078 -0.7875
-2.5 2.03437 -0.550756 -0.853125
-1.93601 2.12188 -0.552772 -0.7875
0.100412 1.90312 -0.570489 -0.9625
0.762358 1.07187 -0.592567 -0.765625
-0.310691 0.809375 -0.601861 -0.765625
-1.87117 1.00625 -0.596028 -0.809375
-2.5 1.575 -0.584089 -0.7
-2.1917 1.94687 -0.587559 -0.7875
-0.32173 1.8375 -0.592483 -0.853125
0.411593 1.1375 -0.613689 -0.74375
-0.134197 0.853125 -0.627335 -0.853125
-1.81635 1.02812 -0.6247 -0.896875
-2.5 1.77188 -0.614506 -0.853125
-2.29418 2.29688 -0.610417 -0.875
-0.704331 2.12188 -0.62697 -0.875
0.228586 1.46562 -0.637128 -0.853125
0.00522667 1.11563 -0.649611 -0.83125
-1.52894 1.15938 -0.650756 -0.896875
-2.5 1.70625 -0.638817 -0.9625
-2.5 2.1875 -0.632111 -0.546875
-1.60182 2.31875 -0.6507 -0.809375
0.367152 2.0125 -0.664637 -0.940625
0.382927 1.07187 -0.684098 -0.91875
-0.898874 0.984375 -0.686115 -0.91875
-2.5 1.44375 -0.678828 -0.91875
-2.5 2.20938 -0.667761 -0.875
-1.89981 2.16562 -0.667161 -1.05
0.063923 1.925 -0.680517 -1.05
0.679641 1.07187 -0.694744 -0.91875
-0.509704 0.853125 -0.69995 -0.91875
-1.87989 1.20312 -0.695861 -0.7875
-2.5 1.79375 -0.683341 -0.940625
-2.26919 2.0125 -0.680996 -0.9625
-0.485127 1.96875 -0.687374 -0.91875
0.538937 1.24687 -0.702474 -0.91875
0.114676 0.875 -0.71583 -0.91875
-1.65339 0.853125 -0.709124 -1.05
-2.5 1.6625 -0.696885 -0.678125
-2.5 2.05625 -0.686691 -0.940625
-0.937796 2.16562 -0.691324 -0.91875
0.406082 1.42188 -0.709041 -0.9625
0.421857 0.91875 -0.71978 -1.00625
-1.2696 0.83125 -0.718007 -0.940625
-2.5 1.46562 -0.701707 -0.984375
-2.5 2.0125 -0.693257 -1.00625
-1.54252 2.14375 -0.698181 -0.9625
0.353763 1.8375 -0.711819 -0.9625
0.373463 1.00625 -0.732443 -1.1375
-0.746264 0.940625 -0.727191 -1.05
-2.10408 1.3125 -0.720204 -0.875
-2.5 1.94687 -0.708856 -0.875
-1.94504 1.79375 -0.705067 -0.984375
-0.0244631 1.99063 -0.71785 -0.91875
0.636175 1.15938 -0.731506 -0.91875
-0.228122 0.721875 -0.737602 -0.940625
-1.9142 0.940625 -0.727707 -0.940625
-2.5 1.72812 -0.712298 -0.91875
-1.978 2.0125 -0.703276 -0.875
-0.145093 1.925 -0.712861 -0.91875
0.63315 1.11563 -0.726807 -0.91875
0.0917341 0.853125 -0.729996 -0.984375
-1.76355 0.765625 -0.720974 -0.984375
-2.5 1.64062 -0.700904 -0.875
-2.09209 1.90312 -0.690428 -0.9625
-0.541926 1.85938 -0.689256 -0.9625
0.631883 1.18125 -0.695933 -1.00625
0.415066 0.809375 -0.698541 -1.09375
-1.35038 0.7875 -0.683122 -0.83125
-2.5 1.37813 -0.660135 -0.9625
-2.49385 1.925 -0.63803 -1.00625
-0.861699 1.94687 -0.635113 -0.91875
0.720005 1.18125 -0.640919 -0.853125
0.903538 0.7875 -0.640328 -0.9625
-0.782684 0.65625 -0.63305 -0.853125
-2.37309 1.05 -0.609491 -0.91875
-2.5 1.77188 -0.586513 -0.875
-1.96431 1.88125 -0.574874 -0.853125
0.23595 1.85938 -0.577191 -0.83125
0.975815 0.91875 -0.583569 -0.940625
0.189886 0.74375 -0.582396 -0.9625
-1.69448 0.74375 -0.564652 -0.83125
-2.5 1.4 -0.535278 -0.74375
-2.15384 1.8375 -0.517533 -0.7875
-0.154487 1.925 -0.518978 -0.721875
0.961174 1.07187 -0.520704 -0.7
0.248789 0.721875 -0.521276 -0.678125
-1.43075 0.7875 -0.504985 -0.721875
-2.5 1.35625 -0.481135 -0.74375
-2.20862 1.90312 -0.465135 -0.7
-0.468169 1.925 -0.461628 -0.83125
0.67395 1.00625 -0.471794 -0.7875
0.413521 0.7 -0.472076 -0.809375
-1.23563 0.634375 -0.460437 -0.896875
-2.5 1.24687 -0.442974 -0.6125
-2.2461 1.8375 -0.430463 -0.74375
-0.652325 1.81563 -0.429291 -0.721875
0.680083 1.24687 -0.444691 -0.809375
0.374735 0.634375 -0.448161 -0.809375
-1.2295 0.809375 -0.438557 -0.74375
-2.5 1.26875 -0.426337 -0.7
-2.44741 1.925 -0.41498 -0.9625
-0.944783 1.925 -0.421948 -0.678125
0.677916 1.35625 -0.438802 -0.721875
0.696758 0.765625 -0.451285 -0.7
-1.06607 0.721875 -0.448078 -0.7
-2.5 1.29062 -0.436439 -0.546875
-2.5 1.96875 -0.4245 -0.678125
-1.89795 1.94687 -0.425654 -0.65625
0.348535 1.925 -0.439009 -0.634375
0.691975 0.9625 -0.466911 -0.809375
-0.292544 0.83125 -0.475043 -0.83125
-1.8658 1.02812 -0.46572 -0.678125
-2.5 1.61875 -0.452919 -0.809375
-1.97628 1.99063 -0.45697 -0.678125
-0.46711 1.8375 -0.46045 -0.65625
0.394429 1.3125 -0.480211 -0.590625
-0.150053 0.91875 -0.492694 -0.590625
-1.48201 0.940625 -0.494139 -0.634375
-2.5 1.575 -0.486561 -0.35
-2.05636 2.05625 -0.484517 -0.6125
-0.711028 1.925 -0.496128 -0.634375
0.26595 1.46562 -0.527228 -0.678125
-0.205847 1.09375 -0.5275 -0.809375
-1.5801 1.15938 -0.529817 -0.65625
-2.5 1.68437 -0.522239 -0.590625
-2.15577 2.12188 -0.519322 -0.7
-0.769439 2.07812 -0.530061 -0.65625
0.298236 1.4875 -0.551267 -0.853125
-0.262092 1.00625 -0.563178 -0.7875
-1.59666 1.20312 -0.56752 -0.896875
-2.5 1.59688 -0.554428 -0.74375
-2.24501 2.16562 -0.551211 -0.74375
-0.826992 2.25312 -0.567193 -0.590625
0.31206 1.61875 -0.580839 -0.875
-0.114368 1.09375 -0.602626 -0.765625
-1.63444 1.18125 -0.593594 -0.721875
-2.5 1.85938 -0.594439 -0.896875
-2.5 2.29688 -0.587443 -0.765625
-1.00477 2.29688 -0.598472 -0.765625
0.176589 1.61875 -0.60862 -0.7
0.188439 1.11563 -0.621104 -0.809375
-1.32988 1.11563 -0.628344 -0.7875
-2.5 1.70625 -0.619022 -0.7875
-2.5 2.20938 -0.6097 -0.809375
-1.49974 2.275 -0.612289 -0.7875
0.0432841 1.88125 -0.629424 -0.7875
0.0564424 1.09375 -0.639863 -0.765625
-0.947846 1.225 -0.640135 -1.05
-1.9533 1.42188 -0.63313 -0.940625
-2.5 1.925 -0.629331 -1.00625
-1.97539 2.1875 -0.625815 -0.634375
-0.335392 2.16562 -0.634519 -0.896875
0.160105 1.37813 -0.64583 -0.83125
-0.519585 1.18125 -0.650754 -0.875
-1.95592 1.26875 -0.646365 -0.809375
-2.5 1.99063 -0.63617 -0.4375
-2.05723 2.29688 -0.629165 -0.875
-0.417235 2.1875 -0.641939 -0.809375
0.313471 1.44375 -0.650343 -0.83125
-0.275931 1.09375 -0.663117 -0.91875
-1.6515 1.225 -0.648843 -0.853125
-2.5 1.77188 -0.638639 -0.875
-2.18007 2.1875 -0.631933 -0.853125
-0.629912 2.1875 -0.639756 -0.809375
0.305621 1.46562 -0.650494 -0.853125
-0.0459548 1.00625 -0.65948 -0.7875
-1.52197 1.11563 -0.651311 -0.91875
-2.5 1.77188 -0.641407 -0.83125
-2.3849 2.1875 -0.630331 -0.853125
-0.718443 2.16562 -0.637581 -0.83125
0.465529 1.4 -0.650056 -0.83125
0.277785 0.984375 -0.655261 -0.7875
-1.28414 0.74375 -0.646811 -0.853125
-2.5 1.53125 -0.62963 -0.765625
-2.5 2.07812 -0.615646 -0.7875
-1.11487 2.07812 -0.613293 -0.7875
0.579208 1.4875 -0.621415 -0.765625
0.643828 0.7875 -0.62662 -0.590625
-0.752961 0.7875 -0.620778 -0.83125
-1.99146 1.15938 -0.601861 -0.83125
-2.5 1.6625 -0.5809 -0.809375
-1.95671 1.94687 -0.566044 -0.7875
0.184091 1.90312 -0.568633 -0.809375
0.890957 0.9625 -0.575011 -0.809375
-0.145168 0.65625 -0.574111 -0.875
-1.94537 0.7875 -0.55315 -0.83125
-2.5 1.55313 -0.528409 -0.83125
-1.97401 1.925 -0.515298 -0.853125
-0.00896037 1.81563 -0.519059 -0.875
0.654294 1.00625 -0.520485 -0.853125
0.142361 0.74375 -0.518713 -0.875
-1.6997 0.590625 -0.497461 -0.875
-2.5 1.37813 -0.474465 -1.09375
-1.96354 1.8375 -0.465715 -0.83125
-0.159709 1.68437 -0.47122 -0.83125
0.750225 0.940625 -0.47788 -1.00625
0.196439 0.765625 -0.483085 -0.7875
-1.92313 0.896875 -0.470556 -0.765625
-2.5 1.6625 -0.450176 -0.809375
-1.95438 1.925 -0.447531 -0.765625
-0.10739 1.8375 -0.457098 -0.91875
0.876988 1.00625 -0.470735 -0.765625
0.00207852 0.678125 -0.477685 -0.7875
-1.7686 0.853125 -0.469817 -0.74375
-2.5 1.42188 -0.457869 -0.721875
-1.97998 1.925 -0.45348 -0.765625
-0.353211 1.6625 -0.461883 -0.74375
0.62855 1.11563 -0.476393 -0.74375
0.0866841 0.809375 -0.493256 -0.328125
-1.63646 0.896875 -0.484815 -0.678125
-2.5 1.44375 -0.4787 -0.721875
-2.09669 1.94687 -0.465607 -0.634375
-0.311317 1.85938 -0.488567 -0.6125
0.435235 1.11563 -0.502804 -0.74375
-0.0339456 0.83125 -0.507446 -0.7
-1.92092 0.940625 -0.505983 -0.765625
-2.5 1.77188 -0.509172 -0.765625
-2.3076 2.05625 -0.494917 -0.765625
-0.153126 2.1875 -0.512933 -0.721875
0.391216 1.225 -0.534439 -0.721875
-0.169112 0.9625 -0.54635 -0.721875
-1.92656 1.00625 -0.545178 -0.765625
-2.5 1.88125 -0.534411 -0.634375
-2.36078 2.1 -0.532367 -0.765625
-0.53311 2.1875 -0.546894 -0.65625
0.255744 1.44375 -0.566656 -0.83125
-0.0979983 1.09375 -0.580311 -0.634375
-1.75108 1.15938 -0.580883 -0.65625
-2.5 1.79375 -0.570989 -0.765625
-2.28705 2.12188 -0.573015 -0.809375
-0.826731 2.20938 -0.578811 -0.2625
0.149797 1.55313 -0.5977 -0.809375
-0.117173 1.09375 -0.621531 -0.83125
-1.72533 1.1375 -0.611928 -0.83125
-2.5 1.90312 -0.60465 -0.809375
-2.38952 2.20938 -0.599989 -0.875
-0.842839 2.25312 -0.610156 -0.721875
0.0913859 1.53125 -0.633696 -0.809375
-0.130665 1.1375 -0.650831 -0.875
-1.57761 1.33438 -0.651404 -0.875
-2.5 1.70625 -0.635113 -0.83125
-2.5 2.16562 -0.631324 -0.91875
-0.975694 2.1875 -0.648178 -0.896875
0.205661 1.53125 -0.661543 -0.896875
0.0879859 1.05 -0.671409 -0.91875
-1.59024 1.05 -0.67547 -0.896875
-2.5 1.70625 -0.66325 -1.05
-2.46057 2.1 -0.658589 -0.896875
-0.913025 2.16562 -0.672235 -0.896875
0.312391 1.46562 -0.684728 -0.940625
0.123339 1.02812 -0.698674 -1.00625
-1.36591 0.984375 -0.696339 -1.09375
-2.5 1.575 -0.685563 -0.984375
-2.5 2.07812 -0.68003 -0.853125
-1.56353 2.16562 -0.684963 -0.940625
0.141158 1.88125 -0.699191 -0.91875
0.319457 1.09375 -0.714009 -0.9625
-0.843431 0.9625 -0.716326 -1.20312
-2.00879 1.35625 -0.705841 -0.984375
-2.5 1.8375 -0.696237 -0.9625
-2.0335 2.14375 -0.698844 -0.940625
-0.11468 2.07812 -0.707548 -0.91875
0.355668 1.20312 -0.719459 -0.9625
-0.364567 0.875 -0.729044 -0.9625
-1.93173 1.07187 -0.717687 -1.05
-2.5 1.77188 -0.704594 -1.07187
-2.03305 2.07812 -0.706902 -0.984375
-0.30452 1.925 -0.7098 -0.940625
0.357427 1.26875 -0.728107 -1.02812
-0.0839881 0.91875 -0.733613 -0.853125
-1.96835 1.05 -0.725463 -0.9625
-2.5 1.85938 -0.709163 -0.984375
-2.05906 2.03437 -0.703048 -0.875
-0.271071 1.88125 -0.706809 -0.91875
0.799221 1.1375 -0.724244 -0.896875
0.130447 0.74375 -0.734111 -0.984375
-1.99174 0.765625 -0.714622 -0.940625
-2.5 1.64062 -0.70153 -0.896875
-2.26212 1.8375 -0.69337 -0.984375
-0.183398 1.8375 -0.691326 -0.940625
0.878898 1.07187 -0.70817 -0.940625
0.252427 0.74375 -0.70757 -1.00625
-1.83545 0.7 -0.694187 -1.1375
-2.5 1.46562 -0.670909 -0.984375
-2.48642 1.81563 -0.650548 -1.00625
-0.498838 1.96875 -0.655472 -0.940625
0.719441 1.225 -0.66215 -1.00625
0.577925 0.83125 -0.665911 -0.984375
-1.21398 0.678125 -0.64962 -0.896875
-2.5 1.225 -0.630122 -0.984375
-2.5 1.79375 -0.606554 -0.91875
-1.2517 1.85938 -0.604228 -0.83125
0.558675 1.44375 -0.612078 -0.853125
0.579683 0.7875 -0.614394 -1.02812
-0.8581 0.74375 -0.604509 -0.853125
-1.97809 1.225 -0.587356 -0.9625
-2.5 1.53125 -0.565831 -0.809375
-1.9698 1.85938 -0.554493 -0.7875
0.0837776 1.81563 -0.564078 -0.940625
0.835563 1.02812 -0.565531 -0.875
-0.364395 0.678125 -0.56117 -0.896875
-1.96411 0.984375 -0.544298 -0.74375
-2.5 1.55313 -0.519585 -0.721875
-1.99143 1.53125 -0.512026 -0.721875
0.0912193 1.81563 -0.51318 -0.65625
0.638178 0.9625 -0.520157 -0.7
-0.109823 0.65625 -0.519567 -0.721875
-1.95581 0.74375 -0.502122 -0.765625
-2.5 1.64062 -0.479144 -0.74375
-1.9853 1.8375 -0.467515 -0.83125
-0.137857 1.59688 -0.475065 -0.765625
0.730225 1.00625 -0.485531 -0.809375
-0.0296965 0.678125 -0.48873 -0.7875
-1.82814 0.853125 -0.477091 -0.74375
-2.5 1.55313 -0.459356 -0.74375
-2.12629 1.85938 -0.448589 -0.74375
-0.339167 1.8375 -0.459056 -0.765625
0.892341 1.09375 -0.470967 -0.7
0.179955 0.678125 -0.480843 -0.809375
-1.79163 0.7875 -0.476481 -0.83125
-2.5 1.59688 -0.451469 -0.7875
-2.48882 1.94687 -0.444491 -0.721875
-0.544852 1.99063 -0.452913 -0.7875
0.730266 1.20312 -0.470357 -0.853125
0.619133 0.765625 -0.48285 -0.7875
-1.17408 0.765625 -0.480515 -0.7
-2.5 1.24687 -0.471211 -0.678125
-2.5 1.85938 -0.461317 -0.678125
-1.05929 1.96875 -0.468294 -0.7
0.563409 1.44375 -0.47788 -0.678125
0.495887 0.83125 -0.503165 -0.74375
-0.900902 0.83125 -0.50927 -0.6125
-2.5 1.225 -0.490944 -0.7875
-2.5 1.99063 -0.482794 -0.809375
-1.78831 2.0125 -0.49268 -0.809375
0.426484 1.94687 -0.509533 -0.83125
0.6074 0.91875 -0.531039 -0.65625
-0.702167 0.853125 -0.546448 -0.7875
-2.10404 1.26875 -0.530739 -0.721875
-2.5 1.72812 -0.52288 -0.809375
-2.06653 1.90312 -0.525787 -0.7875
-0.191326 1.99063 -0.543804 -0.74375
0.425701 1.20312 -0.56182 -0.634375
-0.646898 0.875 -0.5653 -0.853125
-1.97216 1.24687 -0.560067 -0.678125
-2.5 1.72812 -0.551044 -0.809375
-2.1937 2.07812 -0.562956 -0.7
-0.277503 2.1 -0.570215 -0.678125
0.294604 1.15938 -0.583289 -0.809375
-0.383328 1.07187 -0.602187 -0.875
-1.98349 1.11563 -0.600433 -0.809375
-2.5 1.94687 -0.585015 -0.74375
-2.16796 2.16562 -0.585878 -0.74375
-0.455277 2.03437 -0.595754 -0.74375
0.391726 1.42188 -0.615806 -0.65625
-0.356275 1.09375 -0.619876 -0.809375
-1.96836 1.3125 -0.6251 -0.809375
-2.5 1.8375 -0.607065 -0.809375
-2.34443 2.23125 -0.607056 -0.74375
-0.721582 2.29688 -0.615478 -0.7
0.344785 1.61875 -0.630878 -0.7
-0.124396 1.1375 -0.642789 -0.809375
-1.93607 1.35625 -0.641617 -0.809375
-2.5 2.07812 -0.63085 -0.875
-2.5 2.1875 -0.623291 -0.7
-0.895431 2.38437 -0.633457 -0.83125
0.287232 1.70625 -0.650302 -0.7
0.141341 1.18125 -0.663076 -0.853125
-1.55273 1.09375 -0.656952 -0.875
-2.5 1.88125 -0.64792 -0.809375
-2.5 2.25312 -0.637726 -0.853125
-1.11072 2.275 -0.645567 -0.7875
0.157403 1.68437 -0.656015 -0.721875
0.245863 1.11563 -0.666754 -0.809375
-1.10993 1.05 -0.662665 -0.940625
-2.1603 1.53125 -0.653633 -0.83125
-2.5 1.99063 -0.646056 -0.83125
-1.66967 2.1875 -0.648363 -0.853125
0.0174109 1.85938 -0.655322 -0.809375
0.241938 1.11563 -0.668969 -0.853125
-0.83242 0.940625 -0.668369 -0.984375
-2.11538 1.225 -0.651778 -0.875
-2.5 1.75 -0.643619 -1.09375
-1.83003 1.99063 -0.63953 -0.9625
0.10725 1.8375 -0.649396 -0.91875
0.51945 1.00625 -0.663915 -1.07187
-0.626284 0.721875 -0.659535 -1.00625
-2.03791 1.11563 -0.648759 -1.02812
-2.5 1.72812 -0.638856 -0.9625
-2.06131 1.99063 -0.635639 -0.896875
0.0213359 1.94687 -0.641144 -1.02812
0.814116 1.02812 -0.653046 -0.91875
-0.297761 0.7 -0.654191 -0.83125
-1.99837 0.9625 -0.64167 -0.83125
-2.5 1.53125 -0.609952 -0.7875
-1.77595 1.94687 -0.610515 -0.853125
0.118575 1.79375 -0.614276 -0.875
0.780521 1.00625 -0.620654 -0.721875
-0.377134 0.6125 -0.620344 -0.765625
-2.0196 0.984375 -0.597648 -0.7875
-2.5 1.61875 -0.580767 -0.765625
-2.04345 1.925 -0.570863 -0.7875
0.127733 1.90312 -0.574324 -0.7
0.835907 0.984375 -0.583319 -0.83125
-0.159223 0.65625 -0.574578 -0.875
-2.00435 0.875 -0.555661 -0.875
-2.5 1.64062 -0.528022 -0.896875
-2.03429 1.94687 -0.512004 -0.809375
0.0479109 1.90312 -0.515765 -0.765625
0.756085 1.00625 -0.520107 -0.765625
0.0107007 0.678125 -0.513111 -0.875
-1.91989 0.875 -0.497383 -0.83125
-2.5 1.59688 -0.470035 -0.875
-2.02166 1.81563 -0.460713 -0.74375
0.228752 2.03437 -0.473196 -0.7875
0.778327 1.11563 -0.485961 -0.74375
-0.334859 0.853125 -0.485943 -0.74375
-1.97994 1.00625 -0.473131 -0.7
-2.5 1.64062 -0.455669 -0.65625
-2.00902 1.94687 -0.455641 -0.7
0.122472 1.96875 -0.472485 -0.590625
0.579591 1.02812 -0.485841 -0.721875
-0.40231 0.809375 -0.491628 -0.765625
-1.97385 1.00625 -0.48405 -0.6125
-2.5 1.64062 -0.472983 -0.91875
-1.39861 2.1 -0.476735 -0.634375
0.0862609 1.77188 -0.484276 -0.875
0.351782 1.07187 -0.501111 -0.634375
-0.972321 0.83125 -0.509233 -0.721875
-1.97647 1.26875 -0.498167 -0.65625
-2.34405 1.70625 -0.493778 -0.56875
-1.12155 2.0125 -0.495794 -0.74375
-0.0671048 1.59688 -0.511176 -0.7
0.0302091 1.18125 -0.521915 -0.74375
-1.41412 1.00625 -0.521596 -0.74375
-2.5 1.55313 -0.512856 -0.74375
-2.43695 2.1 -0.514291 -0.853125
-0.730809 2.16562 -0.520078 -0.809375
0.291946 1.44375 -0.540411 -0.83125
0.188358 1.05 -0.555211 -0.74375
-1.97352 1.02812 -0.555483 -0.765625
-2.5 1.90312 -0.543244 -0.7
-2.5 2.05625 -0.538283 -0.7875
-0.334689 2.1875 -0.553956 -0.853125
0.55985 1.24687 -0.576033 -0.7875
-0.345892 0.83125 -0.589961 -0.875
-1.99097 1.15938 -0.585 -0.721875
-2.5 1.8375 -0.571017 -0.83125
-2.10583 2.05625 -0.570989 -0.809375
-0.304611 2.07812 -0.584917 -0.853125
0.152058 1.26875 -0.609302 -0.83125
-0.644787 1.15938 -0.612172 -0.875
-2.01542 1.24687 -0.606902 -0.83125
-2.5 1.85938 -0.606865 -0.765625
-2.07358 2.20938 -0.597233 -0.809375
-0.478502 2.16562 -0.6222 -0.7875
-0.142054 1.4875 -0.635537 -0.875
-1.2644 1.18125 -0.638689 -0.7875
-2.5 1.575 -0.619463 -0.74375
-2.33215 2.20938 -0.618554 -0.83125
-0.976208 2.23125 -0.633344 -0.83125
-0.00274648 1.72812 -0.644356 -0.896875
-0.518155 1.225 -0.65245 -0.896875
-1.89548 1.46562 -0.646598 -0.83125
-2.5 1.925 -0.639583 -0.91875
-2.07255 2.275 -0.637802 -0.896875
-0.386772 2.275 -0.649394 -0.91875
-0.00757148 1.44375 -0.663885 -0.853125
-0.732182 1.24687 -0.665883 -0.875
-2.05614 1.55313 -0.657996 -0.91875
-2.5 2.05625 -0.646902 -0.91875
-2.08698 2.20938 -0.64483 -0.91875
-0.491903 2.1875 -0.655841 -0.91875
0.0916748 1.4875 -0.663944 -0.83125
-0.425042 1.225 -0.674946 -0.896875
-2.06534 1.3125 -0.665024 -0.875
-2.5 2.0125 -0.658009 -0.91875
-2.09835 2.16562 -0.646624 -0.809375
-0.4588 2.16562 -0.656763 -0.809375
0.15561 1.44375 -0.672426 -0.809375
-0.390631 1.1375 -0.678776 -0.875
-1.95563 1.225 -0.67525 -0.91875
-2.5 1.85938 -0.655443 -0.91875
-2.2926 2.14375 -0.646965 -0.809375
-0.537619 2.23125 -0.66728 -0.875
0.150335 1.4 -0.668687 -0.896875
-0.189771 1.15938 -0.679989 -0.875
-1.84154 1.18125 -0.674428 -0.7875
-2.5 1.88125 -0.656356 -0.896875
-2.38334 2.14375 -0.651957 -0.765625
-0.540277 2.23125 -0.656563 -0.853125
0.467491 1.4 -0.668446 -0.83125
-0.189362 0.984375 -0.673924 -0.853125
-1.63806 1.09375 -0.661385 -0.83125
-2.5 1.64062 -0.65407 -0.809375
-2.1098 2.03437 -0.640659 -0.765625
-0.632774 2.0125 -0.638287 -0.83125
0.187771 1.4875 -0.65395 -0.765625
-0.0783409 1.00625 -0.653322 -0.984375
-1.68433 1.07187 -0.6434 -0.853125
-2.5 1.6625 -0.630852 -0.91875
-2.10984 1.99063 -0.615696 -0.809375
-0.513903 1.925 -0.620302 -0.83125
0.392556 1.26875 -0.628696 -0.853125
-0.190754 0.940625 -0.628941 -0.853125
-1.88613 1.05 -0.610296 -0.765625
-2.5 1.79375 -0.589607 -0.91875
-2.13896 2.03437 -0.576196 -0.721875
-0.468575 1.96875 -0.579057 -0.83125
0.471741 1.18125 -0.584535 -1.00625
-0.112877 0.896875 -0.582463 -0.875
-1.92717 1.02812 -0.564972 -0.91875
-2.5 1.68437 -0.535861 -0.83125
-2.09946 1.99063 -0.531744 -0.809375
-0.0907993 1.94687 -0.537222 -0.7875
0.483475 1.11563 -0.544744 -0.74375
-0.263218 0.765625 -0.540337 -0.853125
-2.06342 0.853125 -0.526626 -0.678125
-2.5 1.70625 -0.506819 -0.678125
-2.08989 2.14375 -0.50212 -0.634375
0.0847665 2.1 -0.512831 -0.634375
0.50175 1.07187 -0.524424 -0.7875
-0.363856 0.809375 -0.524959 -0.678125
-2.04907 1.00625 -0.515037 -0.7875
-2.5 1.81563 -0.494948 -0.6125
-1.7941 2.05625 -0.490259 -0.525
0.0123443 1.94687 -0.500398 -0.678125
0.512625 1.18125 -0.511409 -0.546875
-0.354739 0.940625 -0.507602 -0.48125
-2.01043 1.00625 -0.496226 -0.2625
-2.5 1.68437 -0.481943 -0.525
-2.06074 2.07812 -0.478126 -0.634375
0.0214609 2.05625 -0.48652 -0.525
0.5235 1.18125 -0.49318 -0.590625
-0.223643 0.940625 -0.490817 -0.809375
-2.02471 0.940625 -0.47915 -0.74375
-2.5 1.68437 -0.462831 -0.7
-2.04856 2.0125 -0.460759 -0.6125
0.0785637 2.0125 -0.470898 -0.7
0.833824 1.00625 -0.485107 -0.74375
-0.483738 0.65625 -0.493802 -0.65625
-2.01428 0.984375 -0.481263 -0.634375
-2.5 1.6625 -0.464944 -0.634375
-1.96414 1.925 -0.471013 -0.6125
0.210968 1.925 -0.48813 -0.74375
0.803704 1.11563 -0.505246 -0.6125
-0.955202 0.765625 -0.504628 -0.6125
-2.08133 1.1375 -0.494706 -0.721875
-2.5 1.64062 -0.487691 -0.7
-1.35463 2.03437 -0.492596 -0.65625
0.268929 1.75 -0.51233 -0.65625
0.284704 1.1375 -0.5152 -0.65625
-1.11384 1.00625 -0.522141 -0.590625
-2.1206 1.46562 -0.514835 -0.634375
-2.5 1.8375 -0.505785 -0.678125
-1.06538 2.29688 -0.512435 -0.6125
0.278496 1.68437 -0.530424 -0.65625
0.0612285 1.11563 -0.537656 -0.546875
-1.79406 1.00625 -0.536456 -0.65625
-2.5 1.77188 -0.524789 -0.74375
-2.01605 2.12188 -0.521263 -0.6125
-0.28797 1.925 -0.529367 -0.65625
0.559891 1.18125 -0.547356 -0.74375
-0.233029 0.83125 -0.548481 -0.65625
-1.98962 1.00625 -0.551061 -0.809375
-2.5 1.79375 -0.539394 -0.74375
-2.09663 1.99063 -0.534706 -0.634375
-0.293245 1.94687 -0.544844 -0.7875
0.558991 1.11563 -0.56545 -0.65625
-0.025627 0.809375 -0.574717 -0.65625
-1.95622 1.07187 -0.573217 -0.83125
-2.5 1.81563 -0.554281 -0.765625
-2.02267 1.96875 -0.553372 -0.875
-0.0100909 1.85938 -0.571361 -0.896875
0.564183 1.00625 -0.58935 -0.83125
-0.300114 0.678125 -0.591639 -0.74375
-2.27069 0.634375 -0.57502 -0.984375
-2.5 1.55313 -0.57353 -0.7
-1.74083 1.85938 -0.574656 -0.765625
0.152391 1.72812 -0.591191 -0.74375
0.490598 0.875 -0.603656 -0.74375
-0.742809 0.74375 -0.604481 -0.853125
-1.99322 1.09375 -0.600956 -0.765625
-2.5 1.72812 -0.595394 -0.809375
-2.01577 2.03437 -0.590415 -0.853125
-0.0537854 2.05625 -0.607522 -0.7
0.283113 1.09375 -0.62115 -0.765625
-0.717701 0.9625 -0.626928 -0.809375
-1.99805 1.29062 -0.61875 -0.809375
-2.5 1.75 -0.612017 -0.853125
-2.02235 2.07812 -0.614306 -0.91875
0.0681526 2.25312 -0.63055 -0.853125
0.289613 1.18125 -0.645622 -0.896875
-0.831422 1.00625 -0.645294 -0.853125
-2.02847 1.3125 -0.6345 -0.896875
-2.36567 1.8375 -0.630383 -0.721875
-1.02295 2.16562 -0.638196 -0.83125
0.119572 1.70625 -0.655313 -0.809375
-0.191459 1.20312 -0.66428 -0.853125
-1.55118 1.24687 -0.656683 -0.875
-2.5 1.75 -0.645889 -0.875
-2.13443 2.16562 -0.645552 -0.83125
-0.49443 2.05625 -0.655981 -0.809375
0.534417 1.37813 -0.67367 -0.721875
-0.14004 0.940625 -0.681193 -0.940625
-1.91203 1.09375 -0.670107 -0.896875
-2.5 1.79375 -0.655524 -0.853125
-2.17009 2.1875 -0.650254 -0.7875
-0.0993548 2.0125 -0.663881 -0.91875
0.562141 1.11563 -0.677809 -0.83125
-0.509599 0.83125 -0.682443 -1.07187
-1.99477 1.11563 -0.669331 -0.91875
-2.5 1.53125 -0.653022 -0.853125
-1.22708 2.1 -0.656483 -0.83125
0.371327 1.81563 -0.671574 -0.853125
-0.387286 1.07187 -0.677652 -0.83125
-1.98528 1.18125 -0.665704 -0.83125
-2.5 1.79375 -0.649104 -0.896875
-2.01175 2.16562 -0.649657 -0.853125
-0.210534 2.16562 -0.651083 -0.83125
0.00700074 1.15938 -0.655417 -0.83125
-0.747542 1.11563 -0.650446 -0.809375
-1.99796 1.37813 -0.641115 -0.875
-2.5 1.79375 -0.620735 -0.83125
-2.01919 2.16562 -0.617509 -0.74375
-0.217976 2.20938 -0.614865 -0.74375
0.160775 1.35625 -0.615709 -0.83125
-0.724601 1.18125 -0.610448 -0.74375
-2.123 1.1375 -0.588615 -0.83125
-2.48883 1.77188 -0.566781 -0.721875
-1.47161 2.1 -0.559776 -0.74375
-0.0153576 1.79375 -0.562365 -0.809375
0.321091 1.18125 -0.563209 -0.7
-0.916241 0.9625 -0.548935 -0.7875
-2.00891 1.20312 -0.531172 -0.875
-2.5 1.68437 -0.504978 -1.02812
-0.780109 1.90312 -0.505822 -0.83125
0.555325 1.4875 -0.512181 -0.83125
-0.0976039 0.853125 -0.510991 -0.940625
-1.99026 0.74375 -0.492356 -0.83125
-2.5 1.55313 -0.475756 -0.809375
-1.09043 2.03437 -0.475728 -0.7875
0.540117 1.53125 -0.493144 -0.83125
-0.212404 0.896875 -0.501548 -0.74375
-1.52982 0.853125 -0.488719 -0.7875
-2.4485 1.53125 -0.481131 -0.7875
-1.98717 1.96875 -0.479359 -0.65625
-0.133632 2.07812 -0.491252 -0.634375
0.0455257 1.26875 -0.503435 -0.678125
-1.02883 0.984375 -0.504852 -0.74375
-1.95943 1.1375 -0.494939 -0.721875
-1.96328 1.77188 -0.495783 -0.721875
-0.317192 2.16562 -0.509711 -0.7875
-0.211578 1.4 -0.514907 -0.809375
-0.982416 1.09375 -0.520404 -0.765625
-1.93902 1.20312 -0.511944 -0.74375
-1.27069 1.81563 -0.52907 -0.91875
-0.504677 1.6625 -0.531069 -0.809375
-0.408221 1.37813 -0.543252 -0.7
-1.4605 1.1375 -0.544678 -0.765625
-1.93738 1.18125 -0.542606 -0.875
-1.18052 1.81563 -0.549556 -0.7
-0.00977981 1.81563 -0.580637 -0.809375
-0.114676 1.18125 -0.587869 -0.721875
-1.35855 1.15938 -0.595109 -0.765625
-2.5 1.55313 -0.577056 -0.7
-2.22279 2.1 -0.572367 -0.7
-0.673934 1.99063 -0.592109 -0.7875
0.391982 1.35625 -0.601967 -0.74375
-0.0322789 0.940625 -0.624026 -0.853125
-1.68581 1.05 -0.61295 -0.7875
-2.5 1.59688 -0.61175 -0.9625
-1.95664 2.1 -0.609106 -0.809375
-0.315784 1.96875 -0.612857 -0.7875
0.346163 1.29062 -0.642767 -0.7875
-0.843633 1.00625 -0.641576 -0.853125
-2.5 1.35625 -0.628165 -0.896875
-2.35142 2.05625 -0.630172 -0.853125
-0.756795 2.29688 -0.641183 -0.39375
0.140361 1.6625 -0.6586 -0.7875
-0.728311 1.1375 -0.660598 -1.07187
-1.81751 1.33438 -0.655628 -0.940625
-2.34324 1.79375 -0.650067 -0.875
-1.11989 2.3625 -0.653528 -1.05
-0.630932 1.8375 -0.660178 -0.875
-0.787289 1.55313 -0.666528 -0.875
-1.91617 1.4 -0.663846 -0.853125
-1.95478 1.94687 -0.658557 -0.91875
-1.03802 2.07812 -0.659956 -0.853125
-0.429288 1.79375 -0.673274 -0.91875
-1.2292 1.4 -0.66943 -0.56875
-1.95367 1.575 -0.665885 -0.9625
-1.96667 1.96875 -0.657107 -1.09375
-0.886074 2.25312 -0.660241 -0.525
-0.367186 1.575 -0.671815 -0.809375
-0.872433 1.42188 -0.66798 -0.940625
-1.96425 1.37813 -0.65832 -0.853125
-2.25784 1.575 -0.645181 -0.91875
-0.986946 2.16562 -0.651231 -0.875
-0.166851 1.72812 -0.661343 -0.940625
-0.801172 0.875 -0.668556 -0.83125
-1.96437 1.42188 -0.649893 -0.896875
-2.5 1.81563 -0.635581 -0.7875
-1.06367 2.38437 -0.63727 -0.809375
-0.131207 1.77188 -0.648544 -0.678125
-0.401244 1.29062 -0.650815 -0.765625
-1.61735 1.24687 -0.6429 -0.765625
-2.5 1.64062 -0.628889 -0.7875
-1.99577 2.38437 -0.620111 -0.83125
-0.559294 2.25312 -0.625861 -0.809375
-0.384061 1.59688 -0.631911 -0.940625
-1.46541 1.33438 -0.627194 -0.853125
-1.98766 1.77188 -0.614928 -0.74375
-1.99851 1.94687 -0.604106 -0.809375
-1.00775 2.14375 -0.60783 -0.765625
-0.433327 1.75 -0.606602 -0.7875
-0.955727 1.44375 -0.605674 -0.875
-2.00001 1.575 -0.594852 -0.83125
-2.36321 2.05625 -0.581713 -0.809375
-2.01862 2.20938 -0.576996 -0.809375
-0.291853 2.16562 -0.579557 -0.809375
0.0419785 1.53125 -0.588796 -0.74375
-0.727551 1.26875 -0.585824 -0.853125
-2.00835 1.33438 -0.570069 -0.83125
-2.5 1.94687 -0.55692 -0.74375
-2.03788 2.1875 -0.545526 -0.721875
-0.398334 2.1875 -0.545752 -0.7
0.0967137 1.44375 -0.555281 -0.678125
-0.582527 1.20312 -0.556098 -0.678125
-2.02062 1.29062 -0.538007 -0.678125
-2.5 1.81563 -0.520507 -0.7
-2.05015 2.23125 -0.513465 -0.65625
-0.45552 2.1 -0.516598 -0.65625
0.0408359 1.42188 -0.525265 -0.546875
-0.506713 1.225 -0.520257 -0.56875
-1.9118 1.33438 -0.512052 -0.6125
-2.5 1.88125 -0.49368 -0.678125
-2.05501 2.275 -0.489254 -0.6125
-0.370097 2.20938 -0.488607 -0.7
0.127566 1.35625 -0.497274 -0.678125
-0.667112 1.09375 -0.494302 -0.6125
-2.03382 1.33438 -0.479119 -0.6125
-2.5 1.8375 -0.463644 -0.678125
-1.65646 2.40625 -0.463007 -0.56875
0.125691 2.05625 -0.472246 -0.634375
-0.0572687 1.24687 -0.478578 -0.65625
-1.89716 0.984375 -0.467756 -0.678125
-2.5 1.59688 -0.452291 -0.875
-1.4365 2.23125 -0.446411 -0.65625
0.0275952 1.75 -0.459139 -0.634375
-0.161907 1.1375 -0.458493 -0.6125
-1.49169 0.875 -0.454367 -0.74375
-2.01264 1.35625 -0.438893 -0.721875
-1.70905 1.79375 -0.441154 -0.7875
-0.255862 1.4 -0.444287 -0.6125
-0.109704 1.1375 -0.453235 -0.721875
-0.953227 1.02812 -0.447646 -0.765625
-1.99751 1.09375 -0.441485 -0.91875
-1.49039 1.6625 -0.439385 -0.74375
-0.564469 1.72812 -0.445717 -0.7
-0.229329 1.3125 -0.457572 -0.678125
-0.94026 1.20312 -0.458961 -0.7
-1.98323 1.225 -0.454244 -0.678125
-1.99146 1.68437 -0.449819 -0.7
-0.300447 1.8375 -0.465163 -0.590625
0.405968 1.20312 -0.48138 -0.634375
-0.754753 0.853125 -0.482196 -0.6125
-2.43328 0.91875 -0.467594 -0.634375
-1.98025 1.8375 -0.460552 -0.56875
-0.495374 1.85938 -0.474152 -0.56875
0.610083 1.4 -0.496474 -0.56875
-0.780614 0.678125 -0.496419 -0.590625
-2.18118 1.02812 -0.485896 -0.6125
-1.95943 1.75 -0.475674 -0.634375
-0.313342 1.99063 -0.490737 -0.590625
0.189555 1.3125 -0.503474 -0.721875
-0.812567 0.875 -0.507198 -0.74375
-1.9317 1.02812 -0.499293 -0.74375
-1.94123 1.64062 -0.488198 -0.7
-0.503894 1.96875 -0.499481 -0.65625
-0.00753815 1.50937 -0.506113 -0.525
-0.835216 1.05 -0.506057 -0.65625
-1.73282 1.225 -0.501059 -0.65625
-2.21101 1.53125 -0.491409 -0.7
-0.523926 2.23125 -0.502993 -0.65625
0.00542852 1.50937 -0.511369 -0.678125
-0.908163 1.05 -0.513057 -0.74375
-2.19027 1.24687 -0.496139 -0.678125
-1.92098 2.0125 -0.493467 -0.7
-0.229522 2.1875 -0.503878 -0.83125
0.0183952 1.33438 -0.519522 -0.7
-1.17533 1.07187 -0.515978 -0.415625
-2.5 1.20312 -0.504583 -0.590625
-1.91848 1.99063 -0.500167 -0.721875
-0.228781 2.20938 -0.517846 -0.65625
0.312494 1.24687 -0.527094 -0.7875
-0.646875 0.940625 -0.5314 -0.83125
-2.5 1.07187 -0.512737 -0.896875
-2.2278 2.0125 -0.510356 -0.284375
-0.886844 1.96875 -0.51815 -0.7
0.32706 1.35625 -0.535539 -0.875
-0.496693 0.853125 -0.538681 -0.721875
-1.90526 1.07187 -0.53252 -0.721875
-2.5 1.64062 -0.525778 -0.74375
-0.814275 2.275 -0.5327 -0.83125
0.0572813 1.75 -0.55445 -0.721875
-1.13775 1.18125 -0.552359 -0.896875
-2.5 1.42188 -0.536022 -0.875
-2.39624 2.20938 -0.540037 -0.678125
-0.521034 2.49375 -0.542017 -0.875
0.211839 1.4875 -0.56115 -0.875
-0.790284 1.15938 -0.578248 -0.875
-1.91248 1.50937 -0.572087 -0.896875
-2.5 1.79375 -0.552552 -0.7875
-1.9724 2.275 -0.558893 -0.74375
-0.303775 2.05625 -0.561444 -0.74375
-0.0157215 1.42188 -0.578252 -0.809375
-0.844708 1.15938 -0.588954 -0.765625
-1.93652 1.4 -0.582793 -0.765625
-2.5 1.77188 -0.57227 -0.765625
-1.96344 2.23125 -0.575994 -0.765625
-0.278972 2.12188 -0.589594 -0.634375
0.0984702 1.4 -0.594481 -0.634375
-0.670609 1.20312 -0.600531 -0.91875
-1.95141 1.37813 -0.587102 -0.896875
-2.5 1.88125 -0.583848 -0.83125
-1.98356 2.1875 -0.587272 -0.875
-0.460305 2.1 -0.596811 -0.74375
0.113969 1.50937 -0.611583 -0.853125
-1.16828 1.09375 -0.609493 -0.809375
-1.97067 1.59688 -0.597798 -0.809375
-2.5 1.85938 -0.595417 -0.765625
-1.92052 2.25312 -0.598269 -0.7875
-0.14229 2.05625 -0.613913 -0.896875
-0.0555881 1.29062 -0.620244 -0.809375
-1.01672 1.26875 -0.623969 -0.83125
-2.00939 1.55313 -0.613446 -0.74375
-2.5 1.88125 -0.601461 -0.765625
-1.80778 2.29688 -0.605185 -0.7875
0.0620452 2.25312 -0.623446 -0.503125
-0.24637 1.225 -0.629196 -0.7875
-1.21142 1.29062 -0.630304 -0.74375
-2.45123 1.4 -0.61542 -0.7875
-1.99296 2.25312 -0.613611 -0.809375
-0.303256 2.29688 -0.622278 -0.83125
-0.0514131 1.46562 -0.628037 -0.765625
-1.24644 1.00625 -0.626228 -0.7875
-1.97307 1.37813 -0.615996 -0.7875
-1.9483 1.85938 -0.614196 -0.853125
-0.495116 2.16562 -0.615285 -0.7875
-0.277581 1.61875 -0.619554 -0.875
-0.961196 1.29062 -0.617726 -0.74375
-1.81564 1.07187 -0.599026 -0.875
-1.96661 1.88125 -0.594572 -0.765625
-0.691801 2.1 -0.593035 -0.809375
-0.195446 1.53125 -0.593524 -0.7
-0.789222 1.225 -0.591396 -0.721875
-1.94849 1.26875 -0.571252 -0.7
-2.23684 1.77188 -0.55197 -0.7
-0.388544 2.16562 -0.550133 -0.7
0.44071 1.42188 -0.553248 -0.721875
-0.642093 0.896875 -0.546178 -0.74375
-2.27746 0.9625 -0.514394 -0.91875
-2.29223 1.72812 -0.486681 -0.74375
-0.339553 2.03437 -0.481365 -0.678125
0.809516 1.225 -0.488541 -0.809375
0.0649896 0.74375 -0.479144 -0.83125
-1.90036 0.35 -0.452594 -0.809375
-2.5 1.3125 -0.426926 -0.809375
-0.71692 1.96875 -0.421891 -0.7875
0.635667 1.35625 -0.430811 -0.984375
-0.0335567 1.09375 -0.430137 -0.7
-1.56948 0.809375 -0.417252 -0.721875
-2.44631 1.26875 -0.404085 -0.65625
-0.740614 1.925 -0.403411 -0.678125
0.000254444 1.20312 -0.412622 -0.7
-0.033265 0.9625 -0.421833 -0.678125
-1.27583 0.91875 -0.40953 -0.6125
-2.03329 1.1375 -0.405076 -0.503125
-1.89876 1.55313 -0.402376 -0.65625
-0.465352 1.72812 -0.407807 -0.503125
0.276825 1.15938 -0.418763 -0.525
-0.239034 0.9625 -0.436115 -0.56875
-1.60444 0.984375 -0.427881 -0.56875
-2.5 1.50937 -0.4086 -0.525
-1.94886 1.94687 -0.405019 -0.525
-0.397838 1.81563 -0.415683 -0.525
0.419641 1.11563 -0.441176 -0.525
-0.212514 0.9625 -0.442256 -0.525
-1.70875 1.05 -0.438383 -0.503125
-2.5 1.6625 -0.424044 -0.546875
-2.37908 2.03437 -0.418428 -0.525
-0.625848 2.16562 -0.429383 -0.525
0.310543 1.33438 -0.448189 -0.525
-0.321611 1.05 -0.458272 -0.525
-1.80462 1.42188 -0.453528 -0.809375
-2.5 1.8375 -0.440933 -0.56875
-2.19482 2.14375 -0.436189 -0.546875
-0.687859 2.1875 -0.448017 -0.56875
-0.153126 1.55313 -0.460717 -0.525
-0.675526 1.225 -0.466439 -0.6125
-1.98801 1.20312 -0.459078 -0.678125
-2.28029 1.8375 -0.453461 -0.590625
-1.05432 2.34063 -0.4618 -0.6125
-0.650423 1.90312 -0.4745 -0.721875
-1.08822 1.55313 -0.478478 -0.634375
-1.97259 1.70625 -0.475178 -0.35
-1.98474 2.1 -0.472178 -0.65625
-1.10897 2.23125 -0.479644 -0.7
-0.706376 1.99063 -0.491472 -0.721875
-1.53929 1.61875 -0.497485 -0.7
-1.99062 1.8375 -0.487217 -0.7
-1.99753 2.1 -0.487124 -0.65625
-0.721409 2.34063 -0.497789 -0.65625
-0.711318 1.81563 -0.507 -0.74375
-1.54685 1.59688 -0.510396 -0.678125
-2.46553 1.79375 -0.499246 -0.7
-1.93065 2.38437 -0.502352 -0.7
-0.521074 2.42813 -0.521448 -0.65625
-0.507058 1.72812 -0.533276 -0.56875
-1.67825 1.46562 -0.521263 -0.940625
-2.5 1.79375 -0.511867 -0.7
-2.00782 2.40625 -0.514091 -0.6125
-0.406653 2.49375 -0.532315 -0.74375
-0.507624 1.59688 -0.548794 -0.721875
-1.59028 1.4 -0.546376 -0.74375
-2.30544 1.72812 -0.538143 -0.9625
-1.97715 2.42813 -0.537459 -0.634375
-0.689107 2.38437 -0.545798 -0.74375
-0.398886 1.75 -0.555009 -0.765625
-1.43532 1.33438 -0.549102 -0.74375
-1.99987 1.575 -0.551326 -0.721875
-1.93018 2.0125 -0.541639 -0.7875
-0.565527 2.25312 -0.559281 -0.91875
-0.748342 1.59688 -0.563541 -0.765625
-1.52441 1.55313 -0.559378 -0.7875
-2.00175 1.70625 -0.556641 -0.721875
-1.2885 2.05625 -0.56437 -0.7875
-0.565235 1.88125 -0.566567 -0.721875
-1.04272 1.70625 -0.570517 -0.9625
-1.99977 1.46562 -0.577083 -0.74375
-2.04231 1.90312 -0.559219 -0.809375
-0.898325 2.14375 -0.57567 -0.74375
-0.197593 1.70625 -0.585435 -0.7
-1.15872 1.3125 -0.587631 -0.91875
-2.39983 1.46562 -0.57937 -0.7875
-2.13316 2.20938 -0.571109 -0.415625
-0.701057 2.1875 -0.572433 -0.765625
-0.115312 1.70625 -0.596154 -0.809375
-1.07513 1.4 -0.600394 -0.940625
-2.15503 1.68437 -0.588054 -0.39375
-2.14072 1.85938 -0.5827 -0.984375
-1.03235 2.0125 -0.578219 -0.809375
-0.262862 1.70625 -0.596406 -0.809375
-0.605584 1.3125 -0.597448 -0.83125
-2.01329 1.15938 -0.588015 -0.853125
-2.02806 1.94687 -0.58237 -0.7875
-1.03075 2.16562 -0.592717 -0.83125
-0.213726 1.88125 -0.604217 -0.875
-0.922491 1.33438 -0.610783 -0.7875
-2.00907 1.42188 -0.59757 -0.765625
-2.02253 2.0125 -0.587565 -0.809375
-0.936699 2.23125 -0.600228 -0.7875
-0.44341 1.8375 -0.611156 -0.853125
-1.21425 1.4 -0.612189 -0.7875
-2.0114 1.50937 -0.599567 -0.809375
-1.62189 1.94687 -0.597983 -0.83125
-0.532133 1.925 -0.606294 -0.83125
-0.683257 1.4875 -0.613724 -0.83125
-1.60907 1.3125 -0.600811 -0.83125
-2.01242 1.64062 -0.594867 -0.83125
-0.970194 2.05625 -0.603469 -0.83125
-0.402461 1.68437 -0.61148 -0.7875
-1.20107 1.46562 -0.609324 -0.9625
-1.99822 1.55313 -0.601926 -0.809375
-2.0082 1.99063 -0.592793 -0.83125
-0.639621 2.29688 -0.598187 -0.896875
-0.140648 1.75 -0.608243 -0.853125
-1.37929 1.24687 -0.602298 -0.83125
-2.5 1.50937 -0.58327 -0.459375
-2.00222 2.20938 -0.578498 -0.765625
-0.476355 2.29688 -0.582148 -0.809375
-0.018827 1.55313 -0.593948 -0.590625
-1.21124 1.20312 -0.587131 -0.7875
-1.98455 1.55313 -0.575081 -0.721875
-2.22929 1.72812 -0.570891 -0.590625
-0.721884 2.25312 -0.569017 -0.83125
-0.0656215 1.53125 -0.576456 -0.765625
-0.774386 1.50937 -0.573128 -0.590625
-1.97902 1.35625 -0.563694 -0.74375
-2.43121 1.8375 -0.54613 -0.65625
-0.795586 2.23125 -0.544546 -0.65625
0.0218924 1.59688 -0.55343 -0.65625
-0.610262 1.15938 -0.54953 -0.896875
-1.97697 1.1375 -0.532246 -0.7
-2.29963 1.68437 -0.510893 -0.7875
-0.718684 2.1875 -0.513961 -0.74375
0.104028 1.55313 -0.518783 -0.765625
-0.851867 1.07187 -0.510222 -0.853125
-1.97406 1.24687 -0.48945 -0.678125
-2.1765 1.61875 -0.471294 -0.6125
-0.714018 2.14375 -0.463906 -0.65625
-0.217662 1.55313 -0.464067 -0.546875
-1.01365 1.29062 -0.461902 -0.678125
-1.97377 1.26875 -0.436478 -0.765625
-1.98069 1.81563 -0.41775 -0.7
-0.540735 1.85938 -0.412678 -0.48125
-0.206904 1.42188 -0.412548 -0.7
-1.00682 1.20312 -0.403406 -0.809375
-1.96518 1.44375 -0.382643 -0.6125
-1.97341 1.88125 -0.363615 -0.415625
-0.608754 2.20938 -0.362904 -0.546875
-0.109782 1.61875 -0.366554 -0.590625
-1.22996 1.1375 -0.351596 -0.525
-1.95573 1.37813 -0.338674 -0.525
-1.96003 1.96875 -0.321972 -0.109375
-0.362786 2.12188 -0.327939 -0.503125
0.0198896 1.35625 -0.335069 -0.4375
-1.14345 1.00625 -0.320393 -0.48125
-1.94191 1.3125 -0.30717 -0.525
-1.94666 1.75 -0.296565 -0.4375
-0.138043 2.07812 -0.304276 -0.4375
0.042423 1.20312 -0.311987 -0.4375
-1.0773 0.875 -0.305752 -0.415625
-1.91937 1.09375 -0.296019 -0.459375
-1.89198 1.6625 -0.288902 -0.459375
-0.274967 2.03437 -0.29545 -0.415625
-0.214722 1.20312 -0.304906 -0.48125
-1.17499 1.00625 -0.303022 -0.39375
-1.77924 1.24687 -0.291544 -0.39375
-1.06075 1.68437 -0.294894 -0.328125
-0.156053 1.61875 -0.310456 -0.328125
-0.789516 1.05 -0.311189 -0.35
-1.8761 1.15938 -0.304072 -0.415625
-1.88302 1.59688 -0.299572 -0.35
-0.478676 1.70625 -0.306411 -0.35
0.338353 1.15938 -0.321972 -0.35
-0.103512 0.896875 -0.318926 -0.39375
-1.71212 0.91875 -0.318206 -0.39375
-2.5 1.55313 -0.306728 -0.459375
-1.88441 2.05625 -0.304844 -0.415625
0.291558 1.90312 -0.321278 -0.459375
0.8433 1.02812 -0.333059 -0.39375
-0.754841 0.39375 -0.343678 -0.39375
-2.5 1.05 -0.318244 -0.48125
-2.47445 1.96875 -0.307639 -0.39375
-0.765284 2.05625 -0.31535 -0.415625
1.02603 1.29062 -0.332365 -0.48125
0.400418 0.65625 -0.339204 -0.503125
-1.602 0.7 -0.334704 -0.415625
-2.5 1.29062 -0.322354 -0.459375
-1.86281 1.99063 -0.323378 -0.4375
0.153242 2.0125 -0.339511 -0.4375
-0.0759456 1.07187 -0.351583 -0.415625
-1.54979 0.9625 -0.347956 -0.546875
-2.23588 1.4875 -0.337059 -0.459375
-1.24512 2.12188 -0.339537 -0.48125
-0.23997 1.8375 -0.348993 -0.503125
-0.906882 1.3125 -0.347691 -0.459375
-1.83356 1.42188 -0.34667 -0.459375
-1.84178 1.61875 -0.335483 -0.459375
-0.596042 2.03437 -0.349881 -0.56875
-0.143297 1.55313 -0.365443 -0.459375
-1.19426 1.26875 -0.363559 -0.415625
-2.39176 1.4875 -0.347139 -0.56875
-1.85151 1.59688 -0.341467 -0.546875
-0.444551 1.81563 -0.351794 -0.35
0.375544 1.4 -0.367356 -0.371875
-0.90409 0.940625 -0.369833 -0.503125
-2.5 1.18125 -0.355739 -0.196875
-2.5 1.90312 -0.344833 -0.48125
-1.39642 2.34063 -0.3508 -0.459375
0.472957 1.79375 -0.368978 -0.4375
0.239844 0.853125 -0.382213 -0.459375
-1.32429 1.02812 -0.378867 -0.459375
-2.5 1.6625 -0.3639 -0.459375
-2.5 2.12188 -0.353294 -0.459375
-1.2113 2.1875 -0.362159 -0.415625
0.245805 1.68437 -0.371033 -0.48125
0.0219961 1.07187 -0.380489 -0.371875
-1.55623 1.1375 -0.377733 -0.459375
-2.5 1.64062 -0.373515 -0.525
-2.13541 2.07812 -0.35535 -0.4375
-0.173428 2.12188 -0.37847 -0.371875
0.190786 1.26875 -0.384719 -0.4375
-0.726731 1.15938 -0.382544 -0.4375
-1.96653 1.37813 -0.375719 -0.634375
-2.5 1.70625 -0.358417 -0.525
-1.042 2.29688 -0.373687 -0.525
0.171903 1.81563 -0.384296 -0.56875
-0.813066 1.20312 -0.386183 -0.634375
-2.37661 1.26875 -0.373506 -0.56875
-2.48252 1.99063 -0.362 -0.56875
-0.610832 2.69062 -0.370256 -0.525
-0.0695567 1.6625 -0.384044 -0.503125
-0.914388 1.29062 -0.385322 -0.546875
-2.5 1.29062 -0.381948 -0.4375
-2.17419 2.20938 -0.373931 -0.459375
-0.50426 2.47187 -0.372883 -0.48125
-0.286725 1.6625 -0.384056 -0.371875
-1.64689 1.225 -0.3801 -0.503125
-2.5 1.68437 -0.379633 -0.48125
-1.94916 2.40625 -0.365511 -0.503125
-0.378369 2.51562 -0.377546 -0.503125
-0.777931 1.6625 -0.383194 -0.503125
-1.93851 1.46562 -0.376622 -0.48125
-2.34839 1.925 -0.366561 -0.503125
-1.03651 2.23125 -0.370756 -0.4375
-0.475316 1.925 -0.379011 -0.503125
-1.15893 1.575 -0.380289 -0.48125
-1.96132 1.59688 -0.370528 -0.546875
-1.97477 1.94687 -0.372387 -0.459375
-0.697793 2.23125 -0.384422 -0.7
-0.527794 1.75 -0.381339 -0.503125
-1.2008 1.59688 -0.38408 -0.48125
-1.9728 1.75 -0.371111 -0.415625
-2.5 1.96875 -0.370354 -0.503125
-0.999421 2.40625 -0.370187 -0.546875
-0.3497 1.70625 -0.381931 -0.590625
-0.504749 1.4 -0.384954 -0.590625
-1.67594 1.4875 -0.374311 -0.590625
-2.5 1.85938 -0.36862 -0.56875
-2.13489 2.20938 -0.357396 -0.590625
-0.749018 2.23125 -0.357511 -0.39375
-0.0927548 1.61875 -0.370128 -0.371875
-0.686532 1.42188 -0.374022 -0.39375
-2.00877 1.6625 -0.368041 -0.74375
-2.5 2.0125 -0.353328 -0.4375
-2.037 2.51562 -0.351989 -0.459375
-0.557358 2.29688 -0.371293 -0.4375
-0.298828 1.4875 -0.381583 -0.459375
-0.982444 1.37813 -0.371822 -0.39375
-2.03065 1.53125 -0.373681 -0.48125
-2.5 1.96875 -0.354317 -0.39375
-1.4537 2.34063 -0.35385 -0.48125
-0.61761 1.96875 -0.369665 -0.459375
-0.610135 1.59688 -0.366872 -0.48125
-1.76548 1.37813 -0.363789 -0.459375
-2.24543 1.81563 -0.356644 -0.459375
-1.78193 2.275 -0.35705 -0.39375
-0.618177 2.31875 -0.374609 -0.39375
-0.769301 1.64062 -0.377341 -0.503125
-1.89688 1.53125 -0.373094 -0.48125
-2.0544 1.88125 -0.366813 -0.39375
-1.29623 2.25312 -0.368672 -0.48125
-0.616127 2.05625 -0.383615 -0.459375
-1.21121 1.50937 -0.387509 -0.48125
-2.02028 1.6625 -0.37803 -0.459375
-1.86598 2.1875 -0.374946 -0.459375
-0.733923 2.1875 -0.382039 -0.459375
-0.445011 1.70625 -0.391467 -0.546875
-1.64135 0.984375 -0.398559 -0.525
-2.11999 1.6625 -0.380939 -0.525
-1.21907 2.16562 -0.392683 -0.39375
-0.450436 1.70625 -0.390772 -0.48125
-0.472035 1.42188 -0.408622 -0.39375
-1.56923 1.29062 -0.400015 -0.48125
-2.04918 1.70625 -0.387919 -0.459375
-2.05872 1.96875 -0.380774 -0.415625
-0.535463 2.0125 -0.397461 -0.39375
-0.0377993 1.35625 -0.411822 -0.459375
-0.952699 1.11563 -0.398563 -0.546875
-2.0749 1.29062 -0.397515 -0.56875
-2.5 1.94687 -0.377869 -0.39375
-0.908614 2.1875 -0.392811 -0.415625
0.0277776 1.3125 -0.4063 -0.415625
-0.511921 1.15938 -0.408159 -0.4375
-2.03854 1.15938 -0.399843 -0.240625
-2.5 1.79375 -0.387165 -0.415625
-1.02155 2.1875 -0.394557 -0.415625
-0.128771 1.53125 -0.40165 -0.4375
-0.352581 1.29062 -0.409033 -0.546875
-1.63831 1.11563 -0.398972 -0.65625
-2.5 1.61875 -0.383678 -0.4375
-2.05641 2.12188 -0.386991 -0.4375
-0.488244 2.14375 -0.390885 -0.6125
0.084722 1.44375 -0.400013 -0.503125
-0.713882 1.26875 -0.400419 -0.459375
-2.03698 1.24687 -0.388041 -0.459375
-2.5 1.88125 -0.375363 -0.634375
-1.58694 2.25312 -0.375187 -0.525
-0.0888354 1.94687 -0.380826 -0.525
-0.148812 1.37813 -0.382976 -0.4375
-1.47598 1.3125 -0.376404 -0.39375
-2.27837 1.75 -0.36547 -0.721875
-2.24429 1.94687 -0.35192 -0.48125
-0.576524 2.14375 -0.355815 -0.503125
0.122041 1.44375 -0.361454 -0.415625
-0.395125 1.15938 -0.357498 -0.4375
-2.03412 1.18125 -0.346565 -0.503125
-2.5 1.925 -0.329526 -0.39375
-2.05842 2.275 -0.324698 -0.35
-0.0515159 2.1875 -0.328593 -0.48125
0.202943 1.29062 -0.334231 -0.525
-0.755568 1.11563 -0.331148 -0.48125
-2.0416 1.35625 -0.314109 -0.371875
-2.5 1.68437 -0.296198 -0.35
-1.11138 2.12188 -0.29922 -0.459375
-0.137921 1.53125 -0.303115 -0.415625
-0.200515 1.15938 -0.304393 -0.328125
-1.48669 1.15938 -0.299856 -0.371875
-2.20054 1.53125 -0.280781 -0.30625
-2.34614 1.90312 -0.269548 -0.30625
-0.797743 2.07812 -0.269954 -0.30625
0.0171193 1.46562 -0.273848 -0.328125
-0.251159 1.15938 -0.278606 -0.328125
-1.65494 1.18125 -0.262693 -0.35
-2.5 1.61875 -0.245917 -0.30625
-2.07959 2.1875 -0.229431 -0.35
-0.392506 2.20938 -0.236206 -0.35
-0.0150631 1.46562 -0.236583 -0.30625
-0.972266 1.26875 -0.229393 -0.30625
-2.0667 1.46562 -0.214361 -0.503125
-2.5 1.575 -0.197294 -0.2625
-1.04709 2.40625 -0.190694 0.065625
-0.232232 1.85938 -0.193098 -0.2625
-0.586874 1.46562 -0.19522 -0.284375
-1.78844 1.44375 -0.179026 -0.284375
-2.5 1.925 -0.164576 -0.196875
-2.09157 2.31875 -0.15157 -0.284375
-0.652919 2.275 -0.157181 -0.284375
-0.116877 1.575 -0.157559 -0.240625
-0.8265 1.29062 -0.153285 -0.2625
-2.07822 1.37813 -0.136791 -0.21875
-2.28197 1.575 -0.123504 -0.240625
-0.851175 2.25312 -0.121265 -0.175
-0.357436 1.70625 -0.121924 -0.196875
-0.993516 1.15938 -0.117069 -0.2625
-2.08141 1.4 -0.102328 -0.21875
-2.09356 1.85938 -0.0931019 -0.175
-1.01165 2.14375 -0.0952241 -0.175
-0.397689 1.925 -0.099963 -0.175
-1.03594 1.4 -0.0927722 -0.021875
-2.08283 1.44375 -0.0791944 -0.153125
-2.09367 2.16562 -0.0650259 -0.240625
-0.849242 2.1875 -0.0752889 -0.196875
-0.396497 1.79375 -0.0835167 -0.109375
-1.31401 1.37813 -0.0670222 -0.13125
-2.0834 1.68437 -0.0615852 -0.13125
-2.09686 2.0125 -0.0602093 -0.21875
-1.22239 2.07812 -0.06175 -0.04375
-0.368703 1.81563 -0.0598019 -0.04375
-0.564746 1.44375 -0.0732537 -0.13125
-1.64871 1.46562 -0.0683981 -0.153125
