torque_1 torque_1_t torque_2 torque_2_t
-1.05792 -0.21875 -0.440811 -0.2625
-1.06287 0.525 -0.433611 -0.371875
-1.06782 0.503125 -0.426711 -0.284375
-0.719951 0.875 -0.430559 -0.546875
-0.924495 0.83125 -0.425976 -0.284375
-0.881909 1.225 -0.413252 -0.48125
-0.884242 0.65625 -0.406052 -0.328125
-0.883959 0.74375 -0.407283 -0.371875
-0.766071 1.33438 -0.4027 -0.459375
-0.793553 1.05 -0.393465 -0.503125
-0.719726 1.20312 -0.3883 -0.6125
-0.764362 1.02812 -0.38488 -0.48125
-0.880375 1.07187 -0.374772 -0.56875
-0.675265 1.09375 -0.372815 -0.74375
-0.467538 0.940625 -0.36358 -0.74375
-0.504324 0.875 -0.359287 -0.503125
-0.456505 0.853125 -0.351215 -0.48125
-0.584438 0.853125 -0.341398 -0.39375
-0.610612 0.590625 -0.335361 -0.39375
-0.533719 0.39375 -0.324672 -0.415625
-0.322067 0.415625 -0.318344 -0.4375
-0.196329 0.65625 -0.306783 -0.525
-0.35117 0.2625 -0.300456 -0.415625
-0.387956 0.590625 -0.291511 -0.525
-0.544963 0.590625 -0.281694 -0.328125
-0.33462 0.590625 -0.271878 -0.371875
-0.285492 0.525 -0.262061 -0.371875
-0.117451 0.48125 -0.258641 -0.415625
-0.225614 0.39375 -0.246217 -0.4375
-0.220097 0.525 -0.237272 -0.48125
-0.419408 0.4375 -0.228328 -0.48125
-0.298903 0.590625 -0.218511 -0.48125
-0.338756 0.39375 -0.210439 -0.371875
-0.172023 0.48125 -0.202076 -0.328125
-0.166507 0.4375 -0.193131 -0.240625
-0.188756 0.415625 -0.18942 -0.30625
-0.228159 0.328125 -0.176987 -0.240625
-0.222642 0.35 -0.169787 -0.35
-0.306964 0.35 -0.164331 -0.13125
-0.375441 0.328125 -0.158876 -0.240625
-0.32893 0.56875 -0.148187 -0.2625
-0.296097 0.6125 -0.139824 -0.109375
-0.128465 0.65625 -0.138148 -0.21875
-0.193834 0.2625 -0.12308 -0.2625
-0.0702206 0.2625 -0.121685 -0.109375
-0.22412 0.21875 -0.117093 -0.196875
-0.379327 0.39375 -0.104641 -0.196875
-0.447312 0.39375 -0.0971407 -0.328125
-0.281396 0.415625 -0.0922574 -0.196875
-0.08379 0.56875 -0.0835944 -0.196875
-0.194078 0.590625 -0.0757944 -0.13125
-0.144459 0.56875 -0.0717833 -0.109375
-0.256055 0.56875 -0.0660278 -0.153125
-0.339885 0.4375 -0.0625889 -0.153125
-0.454098 0.65625 -0.0414241 -0.13125
-0.407096 0.7 -0.0446815 -0.109375
-0.286099 0.7 -0.0386259 -0.0875
-0.237788 0.546875 -0.0253111 -0.0875
-0.276699 0.546875 -0.0314759 -0.0875
-0.433215 0.678125 -0.0289093 -0.04375
-0.386212 0.7 -0.0248981 -0.153125
-0.471351 0.65625 -0.0147815 -0.04375
-0.426965 0.6125 -0.00581852 -0.04375
-0.512104 0.7 0.00197222 -0.04375
-0.42149 0.74375 0.00511111 -0.04375
-0.418098 0.74375 0.00855 -0.04375
-0.372404 0.83125 0.00878148 -0.021875
-0.531536 0.809375 0.0191889 0
-0.573064 0.74375 0.0243722 -0.021875
-0.689894 0.7875 0.0301278 0
-0.572822 0.91875 0.0312315 -0.04375
-0.572047 0.7 0.0410667 -0.04375
-0.497729 0.9625 0.0430426 -0.04375
-0.335738 0.91875 0.0499611 0.2625
-0.451259 0.875 0.0551444 -0.04375
-0.683077 0.896875 0.0609 -0.04375
-0.68361 0.809375 0.0666556 0.284375
-0.685452 0.875 0.0698037 -0.021875
-0.655603 0.9625 0.0793389 0.2625
-0.407698 0.875 0.0842222 -0.021875
-0.405615 0.91875 0.0818463 -0.04375
-0.493371 0.83125 0.0951611 0.240625
-0.653811 0.9625 0.100917 0.30625
-0.801023 0.853125 0.099413 0.021875
-0.657495 0.91875 0.115344 0
-0.80254 1.02812 0.120228 0.328125
-0.407957 1.07187 0.114363 0.30625
-0.567089 0.809375 0.130294 0.328125
-0.609925 0.91875 0.135478 0.30625
-0.610459 1.00625 0.141233 -0.04375
-0.525078 1.05 0.147861 0.328125
-0.72913 0.875 0.148974 0.2625
-0.773274 1.07187 0.160544 0
-0.526678 1.11563 0.1663 -0.021875
-0.497279 0.74375 0.172356 -0.0875
-0.65772 1.00625 0.178111 -0.109375
-0.454734 1.11563 0.184167 -0.109375
-0.804157 0.83125 0.191667 -0.021875
-0.573406 0.896875 0.198294 0.30625
-0.803915 0.4375 0.202606 0.2625
-0.528245 0.459375 0.209233 0.2625
-0.774599 0.809375 0.214417 0.35
-0.687052 0.9625 0.2193 0.021875
-0.52637 1.00625 0.223893 0.30625
-0.497829 1.02812 0.231111 0.35
-0.804948 1.09375 0.237739 -0.0875
-0.808098 0.91875 0.245539 0.2625
-0.504662 0.91875 0.252167 0.2625
-0.662936 0.7875 0.256178 0.35
-0.532636 0.7875 0.262233 0.35
-0.576331 0.91875 0.267989 0.35
-0.664495 0.9625 0.275217 0.371875
-0.812115 1.11563 0.283017 0.35
-0.813057 1.15938 0.289944 0.39375
-0.537795 1.15938 0.296872 0.415625
-0.666953 0.9625 0.302056 0.35
-0.622975 1.1375 0.308111 0.35
-0.812898 0.91875 0.315039 0.328125
-0.815148 1.18125 0.322839 0.415625
-0.817398 1.07187 0.330939 0.35
-0.700735 1.225 0.336994 0.371875
-0.540911 1.11563 0.34305 0.415625
-0.700452 1.15938 0.349106 0.4375
-0.81769 1.07187 0.356033 0.459375
-0.543736 1.225 0.363833 0.459375
-0.82219 0.9625 0.371633 0.459375
-0.82444 1.15938 0.379433 0.459375
-0.680011 1.225 0.386661 0.4375
-0.753638 1.11563 0.393589 0.415625
-0.551061 1.26875 0.400517 0.503125
-0.755521 0.896875 0.407444 0.459375
-0.830907 1.225 0.415244 0.503125
-0.83054 1.24687 0.4213 0.525
-0.831482 1.29062 0.428228 0.503125
-0.599831 1.35625 0.435456 0.546875
-0.557161 0.940625 0.441511 0.590625
-0.834307 0.940625 0.448439 0.634375
-0.836557 1.00625 0.456239 0.503125
-0.839257 1.15938 0.464039 0.809375
-0.604989 1.09375 0.469222 0.56875
-0.722227 1.20312 0.47645 0.65625
-0.563261 1.225 0.482506 0.634375
-0.841715 1.00625 0.490306 0.65625
-0.843965 1.225 0.498106 0.65625
-0.846665 1.225 0.505906 0.634375
-0.541021 1.24687 0.522137 0.546875
-0.845932 1.09375 0.517444 0.6125
-0.848182 1.24687 0.525244 0.721875
-0.850432 1.33438 0.533044 0.678125
-0.851373 1.33438 0.5391 0.721875
-0.502568 1.225 0.545156 0.721875
-0.852398 1.18125 0.552083 0.74375
-0.577136 1.3125 0.558439 0.721875
-0.85559 1.09375 0.566239 0.853125
-0.85784 1.33438 0.574039 0.7875
-0.86054 1.26875 0.580967 0.7875
-0.861482 1.3125 0.587894 0.74375
-0.862423 1.29062 0.595122 0.875
-0.744452 1.42188 0.600306 0.765625
-0.833066 1.4 0.607233 0.7875
-0.6741 1.37813 0.616196 0.765625
-0.865332 1.3125 0.621089 0.853125
-0.793588 1.15938 0.628317 0.765625
-0.867665 0.809375 0.641059 1.1375
-0.562021 1.37813 0.639556 0.984375
-0.86824 0.9625 0.648519 0.853125
-0.87049 1.09375 0.655446 0.853125
-0.87319 1.11563 0.659767 0.91875
-0.871515 1.11563 0.671637 0.940625
-0.520951 1.20312 0.674204 0.896875
-0.79548 1.1375 0.6727 0.896875
-0.870865 1.09375 0.679928 1.15938
-0.873115 1.11563 0.686856 0.896875
-0.874057 1.15938 0.692911 0.896875
-0.757844 1.15938 0.698094 0.940625
-0.596261 1.02812 0.702706 0.940625
-0.728036 1.225 0.713413 0.91875
-0.876107 1.02812 0.7279 1.09375
-0.878357 1.33438 0.733665 0.9625
-0.879298 1.02812 0.728672 0.765625
-0.573654 1.15938 0.743459 0.91875
-0.573737 1.15938 0.746026 1.02812
-0.881265 1.09375 0.745394 1.05
-0.883515 1.29062 0.753485 0.984375
-0.886215 1.3125 0.765365 1.02812
-0.887157 1.11563 0.772293 1.02812
-0.769185 1.4 0.775731 0.65625
-0.885565 1.11563 0.778298 1.15938
-0.610303 1.24687 0.783781 1.07187
-0.887898 1.00625 0.78315 1.05
-0.890148 1.24687 0.790078 0.9625
-0.892398 1.15938 0.800213 1.29062
-0.895098 1.20312 0.801617 1.02812
-0.662139 1.15938 0.815231 1.18125
-0.822988 1.05 0.811983 1.26875
-0.867991 1.20312 0.828515 1.09375
-0.899315 1.15938 0.832826 1.1375
-0.901565 0.74375 0.837137 0.765625
-0.872983 1.20312 0.837969 1.1375
-0.829863 1.07187 0.852756 1.4
-0.667831 1.15938 0.858239 1.20312
-0.784169 1.26875 0.859361 0.809375
-0.902265 1.00625 0.864254 1.4
-0.904065 1.1375 0.869737 1.29062
-0.905865 1.20312 0.876093 1.15938
-0.759678 1.18125 0.879831 1.15938
-0.904232 1.18125 0.873394 1.15938
-0.787977 1.18125 0.88382 1.24687
-0.906073 1.09375 0.886096 1.24687
-0.907873 1.44375 0.900883 1.26875
-0.908365 1.53125 0.908111 1.18125
-0.910165 1.18125 0.914467 1.24687
-0.721675 1.225 0.910937 1.20312
-0.908532 1.09375 0.909152 1.20312
-0.910332 1.20312 0.927428 1.225
-0.910373 1.225 0.929994 1.26875
-0.912173 1.20312 0.930826 1.42188
-0.912665 1.42188 0.93282 1.29062
-0.913157 0.809375 0.937431 1.24687
-0.679747 1.26875 0.944659 1.44375
-0.912832 1.1375 0.955667 1.3125
-0.914632 1.225 0.950393 1.42188
-0.916432 1.24687 0.95762 1.35625
-0.916923 1.35625 0.965711 1.26875
-0.641211 0.875 0.972067 1.29062
-0.727617 1.05 0.975806 1.3125
-0.917948 0.984375 0.980417 1.3125
-0.919748 1.20312 0.981248 1.37813
-0.921548 1.225 0.987604 1.33438
-0.689447 1.26875 0.991343 1.4875
-0.804927 1.18125 0.998861 1.55313
-0.923023 1.15938 1.00144 1.35625
-0.924823 1.20312 1.0104 1.4875
-0.925315 1.24687 1.00513 1.35625
-0.925807 1.24687 1.01788 1.33438
-0.927607 1.37813 1.01696 1.4
-0.739117 1.46562 1.02623 1.4
-0.929898 1.18125 1.03171 1.42188
-0.931698 1.24687 1.03545 1.53125
-0.933498 1.18125 1.0389 1.4
-0.78862 1.37813 1.04642 1.4
-0.934482 1.37813 1.04638 1.42188
-0.703689 1.225 1.05477 1.33438
-0.938082 1.29062 1.05676 1.42188
-0.939882 1.44375 1.06282 1.44375
-0.941682 1.44375 1.06656 1.4
-0.943482 1.42188 1.07291 1.42188
-0.945282 1.50937 1.07578 1.44375
-0.756792 1.4875 1.08388 1.35625
-0.947573 0.9625 1.08326 1.37813
-0.948065 1.3125 1.09339 1.4
-0.949007 1.29062 1.09539 1.42188
-0.950807 1.4875 1.09825 1.26875
-0.951298 1.33438 1.09763 1.59688
-0.953098 1.3125 1.10311 1.44375
-0.95359 1.3125 1.10889 1.55313
-0.95539 1.37813 1.1071 1.55313
-0.7669 1.11563 1.11026 1.4875
-0.957682 1.18125 1.11051 1.44375
-0.959482 1.29062 1.11512 1.50937
-0.961282 1.33438 1.11479 1.53125
-0.963082 1.44375 1.113 1.50937
-0.964023 1.44375 1.11442 1.4875
-0.89183 1.44375 1.11903 1.53125
-0.966315 1.50937 1.12044 1.4875
-0.968115 1.44375 1.11778 1.44375
-0.969915 1.44375 1.12181 1.46562
-0.971715 1.50937 1.12206 1.4875
-0.972207 1.50937 1.1223 1.4875
-0.974007 1.50937 1.11994 1.46562
-0.976257 1.44375 1.11757 1.4875
-0.976748 1.575 1.11782 1.4875
-0.978548 1.53125 1.11749 1.4
-0.980348 1.09375 1.11163 1.575
-0.982148 1.53125 1.11305 1.50937
-0.983948 1.42188 1.10981 1.53125
-0.986198 1.61875 1.10686 1.53125
-0.987998 1.35625 1.09926 1.59688
-0.989798 1.35625 1.08962 1.37813
-0.991598 1.35625 1.08231 1.4
-0.993398 1.3125 1.06978 1.37813
-0.995648 1.37813 1.05898 1.50937
-0.997448 1.37813 1.05167 1.4
-0.999248 1.4 1.03971 1.3125
-1.00105 1.575 1.03153 1.37813
-1.00285 1.4 1.01899 1.33438
-1.0051 1.4 1.00179 1.59688
-1.0069 1.61875 0.983146 1.4
-1.0087 1.4 0.969441 1.24687
-1.0105 1.44375 0.941489 1.24687
-1.01275 1.4 0.92255 1.24687
-1.01455 1.37813 0.90303 1.37813
-1.01635 1.3125 0.879148 1.3125
-1.01815 1.4 0.861081 1.64062
-1.0204 1.3125 0.842724 1.4875
-1.0222 1.4 0.818843 1.37813
-1.024 0.984375 0.809207 1.3125
-1.0258 1.37813 0.792885 0.765625
-1.02715 1.4 0.780061 1.24687
-1.0285 1.37813 0.774206 1.225
-1.0294 1.3125 0.763126 1.29062
-1.02944 1.4 0.753791 1.20312
-0.75197 1.46562 0.744156 1.09375
-1.02691 1.15938 0.738309 1.09375
-1.02781 1.29062 0.737406 1.07187
-1.02785 1.33438 0.733876 1.24687
-0.879903 1.37813 0.729193 1.15938
-0.833267 1.24687 0.72887 1.02812
-0.874303 1.225 0.726504 0.9625
-0.830734 1.225 0.727054 0.984375
-1.01845 1.15938 0.72208 1.11563
-0.712762 1.26875 0.727563 0.984375
-0.782872 1.07187 0.723752 1.20312
-0.735378 1.11563 0.71965 1.20312
-1.01162 1.02812 0.719028 1.02812
-0.822234 0.875 0.721322 1.20312
-1.00995 0.83125 0.71693 0.634375
-0.700787 1.26875 0.714572 1.05
-0.8132 1.1375 0.724998 1.07187
-0.695637 1.1375 0.730781 1.05
-0.927821 1.1375 0.731041 1.00625
-1.00186 1.225 0.737978 0.91875
-1.0019 1.29062 0.745506 1.09375
-0.650434 1.29062 0.751289 1.00625
-0.721853 1.09375 0.757644 1.00625
-0.99679 1.11563 0.7643 1.00625
-0.996382 1.4 0.771828 1.1375
-0.997732 1.29062 0.780228 0.634375
-0.718953 1.29062 0.785711 1.24687
-0.687304 1.15938 0.791494 1.07187
-0.760031 1.11563 0.799022 1.07187
-0.993973 1.05 0.807422 1.05
-0.994873 1.225 0.815522 1.26875
-0.994915 1.24687 0.82305 1.07187
-0.991032 1.33438 0.827961 1.09375
-0.639568 1.42188 0.833444 0.9625
-0.798209 1.09375 0.8401 1.1375
-0.987232 1.18125 0.847628 1.09375
-0.988582 1.42188 0.856028 1.1375
-0.989932 1.42188 0.864128 1.1375
-0.989973 1.4 0.878343 1.15938
-0.711195 1.3125 0.876567 1.225
-0.637243 1.15938 0.883222 1.225
-0.868119 1.225 0.89482 1.1375
-0.985765 1.11563 0.897106 1.11563
-0.753214 0.984375 0.902889 1.18125
-0.708336 1.1375 0.913324 1.20312
-0.750681 1.15938 0.915619 1.18125
-0.952933 1.24687 0.930987 1.225
-0.983357 1.18125 0.926594 1.225
-0.865794 1.225 0.943717 1.15938
-0.790534 1.18125 0.944848 1.225
-0.787959 1.3125 0.948015 1.225
-0.743081 1.15938 0.95437 1.55313
-0.975715 1.225 0.955793 1.29062
-0.786775 1.33438 0.962448 1.33438
-0.975798 1.225 0.973756 1.3125
-0.784242 1.33438 0.976922 1.3125
-0.739364 1.24687 0.978044 1.33438
-0.736789 1.26875 0.975687 1.33438
-0.853127 1.24687 0.983506 1.29062
-0.970773 1.29062 0.99365 1.4
-0.972123 1.37813 0.995072 1.44375
-0.85456 1.15938 0.999683 1.44375
-0.619393 1.18125 1.00489 1.33438
-0.616818 1.1375 1.00253 1.42188
-0.660471 1.1375 1.00947 1.35625
-0.967548 1.15938 1.01264 1.35625
-0.968898 1.24687 1.01552 1.33438
-0.970248 1.26875 1.02478 1.4
-0.662396 1.3125 1.02533 1.42188
-0.777425 1.07187 1.02791 1.35625
-0.688936 1.24687 1.03108 1.35625
-0.96649 1.18125 1.0296 1.33438
-0.96784 1.3125 1.03393 1.35625
-0.96919 1.24687 1.03389 1.4
-0.662646 1.37813 1.03996 1.4
-0.661829 1.09375 1.03993 1.42188
-0.967148 1.1375 1.04484 1.4
-0.82182 1.26875 1.04364 1.37813
-0.96854 1.225 1.03896 1.35625
-0.96989 1.26875 1.04155 1.33438
-0.97124 1.26875 1.04122 1.33438
-0.7823 1.4 1.03537 1.33438
-0.973082 1.18125 1.0397 1.26875
-0.973123 1.26875 1.03531 1.33438
-0.974473 1.26875 1.03615 1.33438
-0.975823 1.37813 1.02943 1.37813
-0.975865 1.46562 1.02678 1.35625
-0.977665 1.4 1.02122 1.37813
-0.979015 1.33438 1.02032 1.07187
-0.980365 1.46562 1.01389 1.37813
-0.981715 1.50937 1.00455 1.29062
-0.983065 1.53125 0.998411 1.44375
-0.983557 1.4875 0.990239 1.4
-0.984907 1.15938 0.984102 1.3125
-0.985357 1.33438 0.970996 1.42188
-0.986257 1.4875 0.9573 1.35625
-0.987157 1.42188 0.951172 1.46562
-0.988057 1.09375 0.937476 1.42188
-0.988507 1.33438 0.92408 1.4
-0.989407 1.33438 0.912128 1.59688
-0.990307 1.35625 0.904256 1.35625
-0.991207 1.11563 0.896083 1.33438
-0.991657 1.09375 0.889665 1.24687
-0.992557 1.35625 0.882365 1.3125
-0.993457 1.18125 0.883506 0.896875
-0.994357 1.18125 0.878531 1.18125
-0.994807 1.33438 0.875311 1.15938
-0.994398 1.3125 0.870928 1.26875
-0.99399 1.37813 0.863337 1.24687
-0.993582 1.37813 0.858081 0.984375
-0.759272 1.4875 0.851072 1.09375
-0.844328 1.24687 0.841165 1.18125
-0.84392 1.225 0.834446 1.1375
-0.99019 1.26875 0.830935 1.24687
-0.99109 1.35625 0.826552 1.09375
-0.684096 1.29062 0.819252 1.18125
-0.840978 1.1375 0.814578 1.225
-0.986798 1.24687 0.809604 1.09375
-0.753797 1.24687 0.80522 0.984375
-0.985982 1.1375 0.801119 1.18125
-0.982957 1.33438 0.803131 1.1375
-0.749956 1.29062 0.803691 1.11563
-0.980832 1.09375 0.805404 1.15938
-0.790134 1.37813 0.803346 1.11563
-0.789725 1.15938 0.806513 1.1375
-0.860694 0.91875 0.807363 1.09375
-0.97744 1.35625 0.81083 1.24687
-0.977032 1.35625 0.81138 1.02812
-0.697803 1.42188 0.81223 0.9625
-0.782 1.11563 0.809291 1.15938
-0.663987 1.09375 0.811013 1.1375
-0.970165 1.07187 0.812735 1.1375
-0.971065 1.225 0.817646 1.15938
-0.970657 1.29062 0.82373 1.11563
-0.663662 1.24687 0.821963 1.15938
-0.688403 1.07187 0.823385 1.18125
-0.891513 1.09375 0.821328 1.1375
-0.965098 1.15938 0.823922 1.15938
-0.96469 1.3125 0.828252 1.1375
-0.96559 1.37813 0.834335 1.15938
-0.963873 1.24687 0.830233 1.18125
-0.962157 1.33438 0.83748 1.1375
-0.842835 1.29062 0.840074 1.05
-0.957415 1.26875 0.839461 1.29062
-0.680803 1.44375 0.842928 1.00625
-0.956598 1.11563 0.845522 1.1375
-0.957498 1.24687 0.848117 1.11563
-0.958398 1.225 0.853319 1.33438
-0.883996 1.26875 0.855913 1.18125
-0.925891 1.225 0.858507 1.225
-0.645354 1.26875 0.858185 1.07187
-0.921599 1.11563 0.859907 1.24687
-0.644987 0.940625 0.865409 1.11563
-0.951165 1.05 0.866831 1.26875
-0.952065 1.24687 0.870298 1.15938
-0.950348 1.35625 0.867659 1.15938
-0.67112 1.3125 0.867337 1.1375
-0.669403 1.29062 0.86935 1.29062
-0.945198 1.09375 0.871072 0.765625
-0.946098 1.33438 0.869015 1.11563
-0.946998 1.225 0.875089 1.225
-0.669528 1.225 0.871578 1.05
-0.666503 0.765625 0.866322 1.35625
-0.709706 1.09375 0.86978 1.15938
-0.943198 1.05 0.869757 1.3125
-0.944098 0.83125 0.868863 1.20312
-0.944998 0.940625 0.867096 0.7875
-0.94504 0.853125 0.866774 1.05
-0.944632 1.4 0.863263 1.20312
-0.66802 1.24687 0.864404 1.09375
-0.87113 1.15938 0.859148 1.09375
-0.942098 1.33438 0.854756 0.721875
-0.943448 1.26875 0.852117 1.37813
-0.944348 1.24687 0.851513 1.09375
-0.945248 1.46562 0.845094 1.29062
-0.946148 1.29062 0.84013 1.20312
-0.947498 1.24687 0.833702 1.00625
-0.948398 1.225 0.831063 1.18125
-0.671786 1.26875 0.816213 0.7
-0.94889 1.15938 0.815609 1.11563
-0.95024 0.984375 0.803657 1.18125
-0.95114 1.29062 0.79753 1.02812
-0.95204 1.29062 0.789657 1.07187
-0.95294 1.37813 0.784402 1.07187
-0.952982 1.02812 0.774494 1.3125
-0.953882 0.91875 0.766322 1.07187
-0.954782 1.3125 0.7663 1.15938
-0.956132 0.9625 0.75552 1.15938
-0.957032 1.50937 0.750265 1.09375
-0.957932 1.33438 0.747626 1.07187
-0.959282 1.29062 0.743243 1.09375
-0.960182 1.33438 0.73478 1.05
-0.961082 1.4875 0.736502 0.875
-0.962432 1.35625 0.734735 1.00625
-0.963332 1.29062 0.732096 1.20312
-0.657646 1.50937 0.728585 1.15938
-0.686761 1.20312 0.728563 1.1375
-0.816736 1.24687 0.728541 1.00625
-0.962107 1.24687 0.72533 0.56875
-0.962557 1.15938 0.724435 1.11563
-0.963007 1.02812 0.721806 1.225
-0.685495 1.4 0.719167 1.11563
-0.886846 1.24687 0.718572 1.1375
-0.959532 1.26875 0.715943 1.15938
-0.959982 1.37813 0.716793 1.18125
-0.959123 1.37813 0.715326 1.1375
-0.84066 1.42188 0.714141 1.11563
-0.679445 1.35625 0.713546 1.15938
-0.95479 1.20312 0.717313 1.1375
-0.953932 1.4 0.717 1.09375
-0.953932 1.24687 0.724256 1.00625
-0.954382 1.29062 0.729767 1.02812
-0.952215 1.46562 0.732361 1.11563
-0.644321 1.46562 0.740489 1.18125
-0.94874 0.7 0.740467 0.721875
-0.947882 1.18125 0.738419 1.05
-0.948332 1.4 0.750326 1.09375
-0.755875 1.42188 0.750304 0.525
-0.636962 1.1375 0.763083 1.02812
-0.823777 1.02812 0.764815 1.02812
-0.940523 1.20312 0.766537 1.02812
-0.940973 1.18125 0.770013 1.1375
-0.938357 1.15938 0.784828 1.00625
-0.584684 1.225 0.789167 1.18125
-0.624821 1.02812 0.790898 1.11563
-0.651728 1.02812 0.793793 1.35625
-0.928382 0.896875 0.801048 1.15938
-0.928832 1.18125 0.808876 1.07187
-0.927523 1.11563 0.810607 1.15938
-0.691456 1.33438 0.816409 0.721875
-0.730284 1.09375 0.827144 1.07187
-0.729425 0.7875 0.820444 1.46562
-0.918857 1.02812 0.836131 0.721875
-0.917998 0.83125 0.843387 1.33438
-0.91714 1.07187 0.848598 1.18125
-0.563468 1.3125 0.84655 1.11563
-0.793894 1.18125 0.861365 1.11563
-0.907573 1.29062 0.858144 1.11563
-0.908023 1.09375 0.866272 1.1375
-0.908473 1.3125 0.879052 1.20312
-0.907615 1.18125 0.886598 1.11563
-0.555251 1.24687 0.893554 1.225
-0.62577 1.11563 0.891506 1.3125
-0.901115 1.1375 0.901669 1.4875
-0.901565 1.3125 0.917065 1.26875
-0.902015 1.33438 0.915307 1.29062
-0.75317 1.33438 0.927787 1.29062
-0.547484 1.33438 0.935333 1.29062
-0.821521 1.00625 0.936193 1.3125
-0.894657 1.33438 0.942576 1.26875
-0.895107 1.3125 0.954183 1.29062
-0.894248 0.721875 0.958822 1.20312
-0.498273 1.4 0.963461 1.225
-0.611095 1.18125 0.967228 1.29062
-0.610236 1.24687 0.973611 1.29062
-0.88689 1.18125 0.979122 1.33438
-0.88734 1.3125 0.986078 1.20312
-0.88779 1.15938 0.9881 1.29062
-0.886932 1.33438 0.993611 1.3125
-0.696234 1.42188 0.999413 1.18125
-0.766752 1.26875 1.00114 1.35625
-0.649597 1.24687 1.00839 1.4
-0.88264 1.20312 1.01129 1.20312
-0.88309 1.26875 1.0197 1.33438
-0.88354 1.33438 1.02085 1.33438
-0.882682 1.3125 1.02724 1.35625
-0.604311 1.35625 1.02751 1.33438
-0.879657 1.24687 1.0307 1.37813
-0.879248 1.35625 1.03329 1.37813
-0.879698 1.35625 1.03444 1.35625
-0.880148 1.3125 1.03647 1.4
-0.880598 1.35625 1.03878 1.35625
-0.807055 1.35625 1.03528 1.33438
-0.878882 1.11563 1.04195 1.29062
-0.879782 1.35625 1.03961 1.33438
-0.878923 1.35625 1.04018 1.24687
-0.879373 1.4 1.03959 1.35625
-0.879823 1.37813 1.04131 1.37813
-0.880273 1.35625 1.0381 1.37813
-0.881173 1.4 1.03401 1.37813
-0.881623 1.3125 1.03807 1.35625
-0.880765 1.35625 1.03573 1.35625
-0.881215 1.37813 1.03514 1.33438
-0.882115 1.26875 1.03396 1.35625
-0.882565 1.35625 1.03162 1.37813
-0.881707 1.46562 1.02696 1.37813
-0.882607 1.29062 1.02288 1.37813
-0.883057 1.44375 1.01908 1.33438
-0.883507 1.4875 1.00977 1.4
-0.883957 1.50937 1.00772 1.4
-0.884857 1.44375 0.997239 1.4
-0.885307 1.24687 0.991702 1.4
-0.885757 1.50937 0.98413 1.37813
-0.886207 1.50937 0.978302 1.225
-0.886657 1.50937 0.966369 1.4
-0.887107 1.15938 0.955889 1.33438
-0.888007 1.42188 0.9457 1.35625
-0.888457 1.46562 0.93522 1.35625
-0.888907 1.53125 0.922996 1.37813
-0.889357 1.35625 0.918041 1.37813
-0.889807 1.42188 0.910469 1.37813
-0.890257 1.35625 0.901733 1.35625
-0.890707 1.37813 0.904056 1.3125
-0.891607 1.37813 0.89532 1.33438
-0.892057 1.4 0.892981 1.35625
-0.892507 1.42188 0.891515 1.26875
-0.892957 1.225 0.890048 1.26875
-0.893407 1.46562 0.887709 1.24687
-0.894307 1.37813 0.881009 1.225
-0.894757 1.18125 0.877507 1.33438
-0.704917 1.44375 0.88012 1.225
-0.704059 1.26875 0.875165 1.18125
-0.659589 1.07187 0.87457 1.18125
-0.893082 1.225 0.870487 1.18125
-0.893532 1.26875 0.86902 1.15938
-0.893982 1.29062 0.868426 1.1375
-0.585229 1.33438 0.864643 1.18125
-0.613895 0.9625 0.862304 1.20312
-0.88924 1.20312 0.860837 1.11563
-0.88969 1.07187 0.853846 1.1375
-0.89059 1.33438 0.855287 0.91875
-0.888423 1.33438 0.855565 1.09375
-0.76996 1.33438 0.849165 1.1375
-0.608336 1.3125 0.849443 1.18125
-0.812305 1.18125 0.844487 1.15938
-0.60662 1.29062 0.841276 1.15938
-0.883723 1.20312 0.837193 1.18125
-0.884173 1.11563 0.83777 1.18125
-0.884623 1.07187 0.835431 1.26875
-0.885523 1.15938 0.829313 1.225
-0.695684 0.678125 0.828719 0.875
-0.651214 1.26875 0.824935 0.91875
-0.810713 1.05 0.819107 1.15938
-0.883848 1.26875 0.816769 1.20312
-0.884748 1.33438 0.818791 1.24687
-0.885198 1.33438 0.820241 1.15938
-0.885648 1.4 0.817902 1.20312
-0.768944 1.37813 0.816144 1.18125
-0.88569 1.15938 0.820202 1.18125
-0.88659 1.35625 0.816128 1.3125
-0.88704 1.20312 0.815824 1.29062
-0.741261 1.4 0.813485 1.09375
-0.887082 0.875 0.814635 1.00625
-0.887982 1.37813 0.816085 1.05
-0.888432 1.4 0.818398 0.91875
-0.888023 1.35625 0.816931 1.07187
-0.887165 1.50937 0.820998 0.590625
-0.611861 1.09375 0.818659 1.15938
-0.888515 1.02812 0.812831 1.07187
-0.889415 0.91875 0.811083 1.11563
-0.889865 1.11563 0.807872 1.05
-0.889457 1.4 0.804661 1.05
-0.888598 1.44375 0.80523 0.984375
-0.889498 1.46562 0.79883 1.05
-0.889948 1.35625 0.795619 1.00625
-0.890848 1.46562 0.795315 1.02812
-0.743311 1.3125 0.780774 0.984375
-0.889582 1.09375 0.781343 1.00625
-0.890482 1.11563 0.766793 1.00625
-0.890932 1.24687 0.757776 0.940625
-0.891832 1.15938 0.748169 1.00625
-0.892282 1.44375 0.740024 1.00625
-0.893182 1.44375 0.732452 1.02812
-0.894082 1.44375 0.723717 1.02812
-0.894532 1.26875 0.719933 1.02812
-0.895432 1.50937 0.717594 1.00625
-0.895882 1.4875 0.708859 1.02812
-0.896782 1.15938 0.707693 0.984375
-0.897682 1.4 0.700702 0.9625
-0.898132 1.44375 0.705931 0.9625
-0.781427 0.896875 0.695452 1.1375
-0.898623 1.1375 0.691369 1.05
-0.899073 1.53125 0.694563 1.11563
-0.899973 1.18125 0.694841 1.11563
-0.900873 0.984375 0.690767 1.11563
-0.901323 1.20312 0.692207 1.05
-0.755545 1.24687 0.690741 0.984375
-0.901815 1.11563 0.690156 1.02812
-0.901407 1.05 0.686944 0.9625
-0.901857 1.20312 0.688394 1.05
-0.90014 1.18125 0.67617 1.00625
-0.898423 1.18125 0.67762 1.00625
-0.896707 1.26875 0.673537 0.940625
-0.893232 1.1375 0.670335 0.896875
-0.702084 1.42188 0.667424 0.9625
-0.744836 1.11563 0.666839 0.984375
-0.889348 1.00625 0.66857 1.15938
-0.655897 1.05 0.678161 0.984375
-0.887632 0.721875 0.677576 0.9625
-0.609261 1.42188 0.690656 0.940625
-0.884607 0.875 0.683383 0.940625
-0.650297 1.18125 0.689767 0.940625
-0.851649 1.1375 0.697322 1.07187
-0.878557 1.29062 0.704006 0.984375
-0.802396 1.26875 0.710689 1.07187
-0.80023 1.18125 0.72028 0.984375
-0.564162 1.24687 0.724056 1.07187
-0.59152 1.1375 0.733346 0.984375
-0.865557 0.896875 0.737994 0.940625
-0.866007 1.18125 0.74933 0.9625
-0.865148 1.3125 0.753978 0.984375
-0.630389 1.33438 0.76822 1.05
-0.581136 0.91875 0.7656 1.02812
-0.782488 1.09375 0.772283 1.00625
-0.578111 1.07187 0.780711 1.09375
-0.548179 0.896875 0.787967 1.05
-0.822666 0.896875 0.795522 1.02812
-0.6619 1.07187 0.80395 1.02812
-0.702036 0.91875 0.815576 1.09375
-0.612647 1.09375 0.817317 1.15938
-0.612239 0.9625 0.825744 1.05
-0.813591 1.09375 0.832428 1.05
-0.841807 0.91875 0.840856 1.1375
-0.841398 1.20312 0.853063 1.09375
-0.648942 1.225 0.854222 1.1375
-0.559553 1.26875 0.860906 1.11563
-0.761355 1.11563 0.867589 1.07187
-0.83449 1.18125 0.882404 1.1375
-0.833632 1.24687 0.895193 1.18125
-0.833223 1.09375 0.890828 1.18125
-0.832365 1.1375 0.898383 1.09375
-0.685278 1.29062 0.905067 1.225
-0.827173 1.15938 0.912041 1.3125
-0.592414 1.1375 0.9289 1.1375
-0.635617 1.15938 0.935583 1.09375
-0.822432 1.24687 0.932963 1.20312
-0.823332 1.29062 0.937902 1.20312
-0.823782 1.07187 0.955633 1.3125
-0.632634 1.18125 0.954176 1.3125
-0.747213 1.15938 0.968128 1.3125
-0.817732 1.18125 0.959402 1.29062
-0.671953 1.15938 0.971609 1.29062
-0.509879 0.9625 0.9812 1.24687
-0.538545 1.05 0.983231 1.33438
-0.508612 0.9625 0.990787 1.3125
-0.81479 0.7875 1.00125 1.3125
-0.81524 1.09375 1.0091 1.3125
-0.81614 1.09375 1.00735 1.33438
-0.667295 1.20312 1.01607 1.29062
-0.577047 1.1375 1.0149 1.33438
-0.663411 0.984375 1.02536 1.33438
-0.663003 1.20312 1.02943 1.33438
-0.808823 1.225 1.0338 1.37813
-0.809723 1.24687 1.03903 1.44375
-0.810173 0.940625 1.04571 1.42188
-0.663086 1.11563 1.04541 1.35625
-0.733605 0.984375 1.04628 1.33438
-0.80719 0.678125 1.05151 1.4
-0.80809 0.634375 1.05296 1.50937
-0.80854 0.56875 1.05441 1.42188
-0.80944 1.3125 1.05615 1.37813
-0.575989 1.09375 1.05499 1.18125
-0.808173 0.83125 1.05208 1.24687
-0.809073 1.24687 1.04916 1.37813
-0.809523 1.3125 1.05121 1.35625
-0.810423 1.42188 1.04829 1.37813
-0.811323 1.42188 1.04451 1.37813
-0.811773 1.42188 1.04625 1.35625
-0.812673 1.42188 1.0416 1.37813
-0.813573 1.44375 1.03607 1.35625
-0.814023 0.74375 1.03403 1.37813
-0.814923 1.07187 1.02793 1.33438
-0.815823 1.1375 1.02182 1.33438
-0.815415 1.26875 1.01978 1.35625
-0.816315 1.05 1.01803 1.26875
-0.817215 1.225 1.01163 1.3125
-0.818115 1.3125 1.00552 1.3125
-0.819015 1.35625 1.00086 1.50937
-0.819915 1.33438 0.992715 1.33438
-0.821265 1.3125 0.985733 1.35625
-0.822165 1.3125 0.977589 1.3125
-0.823065 1.24687 0.979039 1.29062
-0.823965 1.35625 0.950252 1.33438
-0.825315 1.33438 0.939781 1.225
-0.826215 1.35625 0.925241 1.29062
-0.827115 1.35625 0.913898 1.3125
-0.828015 1.20312 0.892089 1.33438
-0.829365 1.26875 0.879583 1.3125
-0.830265 1.1375 0.863298 1.3125
-0.831165 1.26875 0.853991 1.33438
-0.832065 1.07187 0.840613 1.29062
-0.833415 1.15938 0.829561 1.3125
-0.599106 1.35625 0.817637 1.44375
-0.832598 0.91875 0.813272 1.15938
-0.83264 1.02812 0.800476 1.20312
-0.83354 0.83125 0.79582 1.11563
-0.83444 1.24687 0.787676 1.1375
-0.600581 1.225 0.780404 1.07187
-0.526179 1.18125 0.771969 1.05
-0.801974 1.15938 0.764987 1.02812
-0.642109 1.20312 0.760331 1.05
-0.830682 0.525 0.755676 1.00625
-0.801199 1.24687 0.750148 1.00625
-0.551495 1.20312 0.742294 0.634375
-0.592081 1.18125 0.731533 1.02812
-0.705352 1.15938 0.725133 0.896875
-0.515104 1.18125 0.717289 0.940625
-0.629684 1.11563 0.710307 0.984375
-0.512121 1.15938 0.705943 0.940625
-0.53817 1.15938 0.694309 0.91875
-0.462909 0.853125 0.68442 1.07187
-0.693785 1.05 0.674822 0.896875
-0.575772 1.11563 0.664061 0.853125
-0.690802 1.07187 0.646904 0.896875
-0.453876 1.11563 0.630909 0.503125
-0.452609 0.940625 0.622183 0.984375
-0.491887 0.721875 0.59863 0.9625
-0.491929 0.678125 0.587296 0.853125
-0.65012 0.940625 0.5745 1.00625
-0.561631 0.984375 0.564611 0.9625
-0.793815 0.91875 0.555594 0.940625
-0.485962 1.00625 0.544543 0.91875
-0.556931 0.940625 0.534654 0.9625
-0.438059 1.00625 0.527381 0.853125
-0.553947 0.940625 0.522154 0.875
-0.786582 0.765625 0.511974 0.7875
-0.787482 0.7875 0.505574 0.721875
-0.787523 0.459375 0.50528 0.721875
-0.39069 1.05 0.493356 0.678125
-0.431726 0.875 0.487828 0.634375
-0.590367 0.74375 0.477939 0.6125
-0.780248 1.02812 0.4762 0.634375
-0.781598 1.1375 0.469509 0.65625
-0.782498 0.809375 0.47125 0.6125
-0.475954 1.24687 0.462815 0.6125
-0.631978 1.09375 0.455543 0.634375
-0.58665 1.18125 0.454676 0.634375
-0.586692 0.83125 0.456417 0.721875
-0.629895 0.940625 0.446819 0.74375
-0.585017 1.05 0.44507 0.74375
-0.77404 0.984375 0.441869 0.65625
-0.583342 1.07187 0.436641 0.678125
-0.624378 0.984375 0.43373 0.6125
-0.374673 1.02812 0.427039 0.6125
-0.487945 0.853125 0.426454 0.634375
-0.486678 0.91875 0.42297 0.6125
-0.732541 0.875 0.42413 0.65625
-0.761207 1.02812 0.42558 0.809375
-0.643644 1.09375 0.424122 0.590625
-0.363557 1.09375 0.42122 0.65625
-0.314754 0.9625 0.418891 0.7
-0.354032 0.83125 0.419178 0.6125
-0.630277 0.853125 0.436337 0.6125
-0.470411 0.9625 0.444765 0.6125
-0.555917 0.634375 0.441272 0.634375
-0.508422 0.546875 0.447083 0.503125
-0.54815 0.65625 0.452322 0.678125
-0.342057 0.6125 0.459006 0.6125
-0.220119 0.56875 0.463944 0.74375
-0.331223 0.678125 0.469183 0.284375
-0.328648 0.48125 0.475867 0.6125
-0.414604 0.634375 0.483422 0.721875
-0.323048 0.590625 0.489533 0.7
-0.567153 0.109375 0.496517 0.6125
-0.269462 0.65625 0.500883 0.74375
-0.307432 0.065625 0.505822 0.74375
-0.346709 0.328125 0.511933 0.7
-0.664808 0.4375 0.519789 0.65625
-0.690857 0.371875 0.526772 0.7875
-0.338943 0.6125 0.534328 0.590625
-0.333301 0.7 0.539567 0.721875
-0.371271 0.48125 0.544806 0.65625
-0.281023 0.590625 0.551789 0.7
-0.599571 0.56875 0.559644 0.7
-0.673157 0.875 0.568944 0.6125
-0.670132 0.9625 0.575928 0.721875
-0.228379 0.809375 0.581167 0.546875
-0.220121 0.4375 0.584661 0.74375
-0.259398 0.634375 0.590772 0.875
-0.65149 0.546875 0.5995 0.74375
-0.578396 0.634375 0.607928 0.74375
-0.651123 0.678125 0.616656 0.7875
-0.342821 0.940625 0.623639 0.809375
-0.294876 0.853125 0.62975 0.809375
-0.334154 0.48125 0.635861 0.809375
-0.331129 0.415625 0.641972 0.91875
-0.48977 0.634375 0.649828 0.896875
-0.328146 0.590625 0.662626 0.875
-0.325121 0.459375 0.662622 0.48125
-0.511077 0.39375 0.668733 0.875
-0.320379 0.678125 0.686765 0.896875
-0.435409 0.6125 0.687643 0.65625
-0.592291 0.2625 0.687939 0.809375
-0.589266 0.65625 0.704517 1.02812
-0.311796 0.590625 0.703941 0.91875
-0.22024 0.546875 0.703656 1.15938
-0.333511 0.65625 0.718198 0.853125
-0.607998 0.6125 0.728089 0.525
-0.609348 0.6125 0.721989 0.9625
-0.606323 0.634375 0.733043 0.940625
-0.299329 0.853125 0.738854 0.984375
-0.369439 0.678125 0.738278 1.05
-0.251426 0.590625 0.754565 1.09375
-0.599907 0.634375 0.758059 1.20312
-0.599948 0.721875 0.7601 1.1375
-0.59954 0.65625 0.767083 0.91875
-0.291237 0.74375 0.785406 1.09375
-0.362656 0.678125 0.783957 1.15938
-0.40455 0.65625 0.791231 0.940625
-0.520438 0.7 0.801704 1.05
-0.594473 0.721875 0.801128 1.09375
-0.594065 0.721875 0.819159 1.09375
-0.594107 0.634375 0.819746 1.11563
-0.474785 0.7875 0.820333 1.02812
-0.284087 0.721875 0.82848 1.11563
-0.397809 0.65625 0.831974 1.07187
-0.470085 0.56875 0.850878 1.11563
-0.39875 0.590625 0.854954 1.11563
-0.587323 0.678125 0.860193 1.225
-0.588673 0.634375 0.865431 1.18125
-0.588265 0.6125 0.87475 1.18125
-0.353097 0.590625 0.880861 1.1375
-0.394992 0.7 0.885228 1.18125
-0.232509 0.65625 0.889594 1.18125
-0.582298 0.48125 0.895706 1.1375
-0.58234 0.6125 0.903561 1.15938
-0.58324 0.721875 0.9088 1.18125
-0.58459 0.809375 0.914911 1.3125
-0.438811 0.65625 0.919278 1.20312
-0.276329 0.39375 0.917539 1.18125
-0.581198 0.525 0.927139 1.20312
-0.582548 0.6125 0.929761 1.4
-0.583448 0.65625 0.937917 1.20312
-0.58349 0.65625 0.942283 1.225
-0.436403 0.65625 0.947522 1.20312
-0.551433 0.6125 0.951889 1.20312
-0.43387 0.765625 0.959163 1.26875
-0.578832 0.7 0.959169 1.225
-0.433503 0.9625 0.967024 1.29062
-0.579773 0.634375 0.969646 1.35625
-0.581123 0.765625 0.971696 1.37813
-0.579857 0.6125 0.976063 1.29062
-0.461844 0.7 0.978104 1.26875
-0.271596 0.83125 0.981598 1.53125
-0.343014 0.56875 0.983348 1.24687
-0.575648 0.415625 0.984517 1.24687
-0.576998 0.4375 0.989756 1.1375
-0.577898 0.590625 0.987144 1.50937
-0.57794 0.590625 0.99907 1.37813
-0.272704 0.65625 0.987156 1.26875
-0.299203 0.721875 0.986007 1.33438
-0.576757 0.546875 0.98107 1.33438
-0.578107 0.678125 0.983111 1.3125
-0.579457 0.678125 0.975848 1.24687
-0.579048 0.809375 0.977889 1.20312
-0.302886 0.721875 0.977894 1.29062
-0.579132 0.525 0.970922 1.15938
-0.580482 0.678125 0.969765 1.24687
-0.581832 0.65625 0.962802 1.225
-0.583182 0.809375 0.958737 1.225
-0.581915 0.765625 0.952928 1.18125
-0.583265 0.853125 0.945083 1.18125
-0.350714 0.896875 0.939274 1.20312
-0.584657 0.6125 0.934919 1.225
-0.586007 0.940625 0.930281 1.1375
-0.587357 0.83125 0.922728 1.35625
-0.588257 0.56875 0.907906 1.225
-0.589607 0.7 0.899189 1.18125
-0.590957 0.875 0.888146 1.20312
-0.592307 0.678125 0.866065 1.24687
-0.593657 0.984375 0.833217 1.20312
-0.595007 0.896875 0.819557 1.20312
-0.596357 0.7875 0.800083 1.1375
-0.597707 0.48125 0.782644 1.225
-0.599057 0.721875 0.762307 1.225
-0.600407 0.48125 0.747485 1.20312
-0.600448 0.91875 0.734989 1.1375
-0.602248 0.7875 0.724528 1.07187
-0.603598 0.56875 0.712331 1.225
-0.371047 0.896875 0.698381 1.07187
-0.60499 0.853125 0.689374 1.00625
-0.605032 0.853125 0.679785 0.984375
-0.606382 0.721875 0.673985 0.984375
-0.372522 0.765625 0.660617 0.940625
-0.371256 0.65625 0.65975 0.984375
-0.60389 0.4375 0.65395 0.853125
-0.602623 0.415625 0.642617 0.853125
-0.602665 0.74375 0.640878 0.875
-0.367497 0.721875 0.633324 0.875
-0.408984 0.6125 0.626652 0.91875
-0.320495 0.721875 0.618807 0.875
-0.319228 0.634375 0.618813 0.809375
-0.479177 0.546875 0.603128 0.56875
-0.319311 0.56875 0.60168 0.7875
-0.521563 0.678125 0.590346 0.853125
-0.477135 0.6125 0.585419 1.02812
-0.445486 0.74375 0.579319 0.83125
-0.239393 0.56875 0.567113 0.39375
-0.557941 0.7 0.556661 0.7875
-0.585748 0.6125 0.550561 0.765625
-0.353647 0.65625 0.543889 0.809375
-0.584973 0.35 0.537498 0.765625
-0.582398 0.74375 0.530235 0.7875
-0.435761 0.65625 0.52618 1.09375
-0.347272 0.4375 0.518044 0.721875
-0.304153 0.74375 0.516306 0.809375
-0.464102 0.56875 0.514867 0.74375
-0.581748 0.546875 0.515744 0.7
-0.583098 0.546875 0.514887 0.590625
-0.584898 0.65625 0.522161 0.678125
-0.509638 0.7875 0.51955 0.634375
-0.304853 0.459375 0.522472 0.65625
-0.274962 0.503125 0.520733 0.678125
-0.580282 0.65625 0.524819 0.678125
-0.581632 0.6125 0.526859 0.56875
-0.583432 0.634375 0.528328 0.6125
-0.584332 0.853125 0.530378 0.6125
-0.395392 0.371875 0.529802 0.590625
-0.308211 0.328125 0.522839 0.7875
-0.584007 0.65625 0.522563 0.65625
-0.585357 0.91875 0.517635 0.65625
-0.586707 0.6125 0.511544 0.65625
-0.587607 0.634375 0.508652 0.284375
-0.588957 0.65625 0.50198 0.65625
-0.312795 0.940625 0.496761 0.678125
-0.590348 0.875 0.489217 0.678125
-0.357347 0.35 0.483698 0.765625
-0.59129 0.83125 0.484876 0.74375
-0.59264 0.721875 0.477913 0.765625
-0.59399 0.940625 0.478219 0.74375
-0.59489 0.7875 0.478524 0.765625
-0.59624 0.896875 0.476213 0.721875
-0.59759 0.503125 0.475646 0.678125
-0.59894 0.459375 0.472172 0.634375
-0.60029 0.875 0.474222 0.7
-0.599882 0.875 0.471911 0.765625
-0.601232 0.984375 0.472217 0.765625
-0.602582 0.940625 0.473394 0.678125
-0.603932 0.74375 0.476317 0.65625
-0.487677 0.590625 0.473715 0.65625
-0.604015 0.546875 0.474893 0.634375
-0.604057 0.35 0.481304 0.7
-0.604957 0.875 0.480737 0.765625
-0.604998 0.875 0.480752 0.7
-0.45967 0.940625 0.484837 0.546875
-0.328878 0.35 0.48398 0.7
-0.372531 0.7875 0.491263 0.721875
-0.576091 0.6125 0.495057 0.634375
-0.606515 0.7 0.4942 0.896875
-0.607865 0.74375 0.499739 0.765625
-0.607907 0.875 0.505278 0.721875
-0.60664 0.7 0.509944 0.7
-0.606682 0.9625 0.505598 0.721875
-0.327453 0.74375 0.516961 0.7
-0.327495 0.634375 0.515231 0.74375
-0.60374 0.525 0.52077 0.678125
-0.60509 0.65625 0.526019 0.65625
-0.60644 0.7875 0.541443 0.678125
-0.299896 0.371875 0.537969 0.721875
-0.48761 0.83125 0.545252 0.459375
-0.327745 0.809375 0.55428 0.853125
-0.605298 0.6125 0.561272 0.896875
-0.606648 0.721875 0.5703 0.853125
-0.607998 0.65625 0.5805 0.7
-0.460053 0.721875 0.586911 0.74375
-0.48831 0.678125 0.595067 0.940625
-0.530655 0.721875 0.603222 0.7875
-0.60469 0.35 0.616902 0.765625
-0.459361 0.91875 0.621278 0.74375
-0.606082 0.65625 0.631478 0.7875
-0.607432 0.721875 0.640506 0.721875
-0.33127 0.284375 0.649533 0.7875
-0.331311 0.6125 0.658561 0.83125
-0.418575 0.74375 0.667589 0.853125
-0.609357 0.65625 0.676617 0.896875
-0.610707 0.35 0.685644 0.91875
-0.612057 0.7 0.694672 0.809375
-0.42095 0.721875 0.701083 1.00625
-0.420992 0.65625 0.709239 0.984375
-0.334261 0.65625 0.716522 1.05
-0.611815 0.74375 0.731365 1.05
-0.613615 0.74375 0.744181 1.05
-0.614965 0.74375 0.744196 1.05
-0.615007 0.765625 0.762237 0.853125
-0.615498 0.678125 0.758763 1.05
-0.616848 0.91875 0.765756 0.984375
-0.588266 0.984375 0.779726 0.74375
-0.586999 0.91875 0.791661 0.984375
-0.312596 0.7875 0.789641 0.984375
-0.619223 0.765625 0.800704 1.11563
-0.621023 0.721875 0.807987 1.02812
-0.622373 0.74375 0.817015 1.02812
-0.624173 0.765625 0.824598 1.3125
-0.435234 0.83125 0.830137 1.05
-0.435725 0.721875 0.833059 1.05
-0.626057 0.65625 0.84325 1.09375
-0.627857 0.74375 0.852569 1.20312
-0.629207 0.65625 0.852583 1.11563
-0.598008 1.00625 0.858994 1.11563
-0.627123 0.503125 0.867741 1.1375
-0.627615 0.984375 0.874152 1.1375
-0.629415 0.940625 0.876783 1.1375
-0.440475 0.546875 0.882613 1.1375
-0.631257 0.634375 0.889896 1.1375
-0.632607 0.415625 0.89748 0.765625
-0.634407 0.503125 0.896913 1.20312
-0.634898 0.853125 0.90158 1.225
-0.358736 0.83125 0.907119 1.11563
-0.490061 0.48125 0.910331 1.20312
-0.636782 0.284375 0.915298 1.46562
-0.638582 0.7 0.922581 1.18125
-0.640382 0.765625 0.924631 1.225
-0.641732 0.56875 0.927554 1.20312
-0.613149 1.02812 0.929904 1.225
-0.642715 0.7875 0.932826 1.33438
-0.644065 0.721875 0.937783 1.3125
-0.644557 0.984375 0.941578 1.24687
-0.645048 0.940625 0.941311 1.24687
-0.368886 1.1375 0.941907 1.26875
-0.64689 0.896875 0.946865 1.26875
-0.64869 1.00625 0.942519 1.225
-0.65049 0.83125 0.946904 1.225
-0.65184 1.09375 0.948954 1.24687
-0.652332 0.415625 0.944607 1.26875
-0.654132 0.83125 0.943759 1.24687
-0.655932 0.83125 0.944356 1.1375
-0.657282 1.07187 0.944661 1.20312
-0.512403 1.02812 0.940906 1.18125
-0.659573 0.83125 0.943246 1.20312
-0.661373 0.896875 0.936865 1.15938
-0.662723 0.721875 0.927585 1.15938
-0.664523 1.07187 0.931089 1.18125
-0.666323 1.00625 0.923544 1.225
-0.668123 0.896875 0.922696 1.24687
-0.669923 0.809375 0.911663 1.225
-0.671273 0.6125 0.906735 1.18125
-0.673073 0.940625 0.899781 1.15938
-0.674873 0.984375 0.894272 1.15938
-0.676673 0.74375 0.886728 1.1375
-0.678473 0.503125 0.875994 1.18125
-0.680273 0.940625 0.869031 1.20312
-0.682073 0.940625 0.846959 1.20312
-0.683873 1.00625 0.819644 1.15938
-0.685673 0.984375 0.811228 1.225
-0.687473 0.415625 0.793798 1.11563
-0.689273 0.940625 0.780157 1.00625
-0.689765 0.83125 0.761856 1.15938
-0.692015 1.05 0.749078 1.15938
-0.693815 0.83125 0.742115 1.1375
-0.695615 0.91875 0.732826 1.20312
-0.697415 0.91875 0.727907 1.09375
-0.699665 0.984375 0.721235 1.02812
-0.467564 0.9625 0.711946 0.9625
-0.700648 0.896875 0.706146 1.00625
-0.702448 0.678125 0.700646 1.05
-0.70339 0.83125 0.689322 1.00625
-0.703882 0.875 0.69428 0.9625
-0.704373 0.896875 0.685872 0.940625
-0.354668 0.940625 0.684724 0.91875
-0.70319 0.91875 0.680669 0.875
-0.558311 0.853125 0.678357 0.91875
-0.705482 0.875 0.672857 0.875
-0.633738 0.875 0.672291 0.896875
-0.516625 0.853125 0.663874 0.83125
-0.470889 0.9625 0.655757 0.940625
-0.586819 0.940625 0.649376 1.09375
-0.674533 0.7875 0.640669 0.984375
-0.471506 1.02812 0.634296 0.9625
-0.398454 0.74375 0.631404 0.940625
-0.426711 0.65625 0.617172 0.91875
-0.703407 0.65625 0.613707 0.896875
-0.705657 0.984375 0.606744 0.875
-0.706148 0.875 0.605306 0.853125
-0.5168 0.940625 0.594281 0.590625
-0.513367 0.7 0.588481 0.809375
-0.426636 0.459375 0.584726 0.83125
-0.703782 0.2625 0.576891 0.896875
-0.705582 0.721875 0.578941 0.853125
-0.707832 0.30625 0.581291 0.853125
-0.708323 0.503125 0.576072 0.7875
-0.592969 0.503125 0.580167 0.809375
-0.592152 0.48125 0.581344 0.875
-0.56357 0.525 0.579033 0.809375
-0.71119 0.678125 0.581383 0.83125
-0.71299 0.875 0.587794 0.74375
-0.713932 0.984375 0.587819 0.853125
-0.713115 0.940625 0.582891 0.7
-0.712748 0.984375 0.578554 0.678125
-0.714548 1.09375 0.579731 0.721875
-0.714182 0.459375 0.576839 0.7875
-0.643296 1.15938 0.576572 0.765625
-0.716923 1.00625 0.573389 0.83125
-0.717415 0.984375 0.569924 0.853125
-0.719665 1.07187 0.557728 0.83125
-0.442645 1.11563 0.546704 0.7875
-0.718482 0.7875 0.541194 0.940625
-0.720732 0.896875 0.534822 0.74375
-0.722532 0.809375 0.530767 0.65625
-0.723473 0.546875 0.527883 0.721875
-0.578595 0.896875 0.5247 0.7
-0.723598 0.525 0.520072 0.678125
-0.447886 0.503125 0.516017 0.896875
-0.725032 0.7875 0.508481 0.7
-0.727282 1.11563 0.503854 0.809375
-0.729082 0.503125 0.505031 0.634375
-0.731332 0.590625 0.501276 0.721875
-0.498372 1.20312 0.493441 0.809375
-0.731457 0.853125 0.494046 0.765625
-0.733257 0.91875 0.492907 0.65625
-0.735057 0.940625 0.487117 0.765625
-0.735098 0.546875 0.485115 0.7875
-0.734282 0.896875 0.488628 0.7
-0.661638 0.678125 0.482265 0.83125
-0.502222 0.678125 0.487231 0.7
-0.502264 1.00625 0.489009 0.853125
-0.736207 1.00625 0.490196 0.721875
-0.738007 0.6125 0.494591 0.74375
-0.739357 0.721875 0.498685 0.7
-0.505947 0.984375 0.499591 0.875
-0.46107 0.765625 0.502813 0.7
-0.592395 0.30625 0.503428 0.678125
-0.739115 0.896875 0.508694 0.809375
-0.740915 0.74375 0.512789 0.2625
-0.742265 0.525 0.5198 0.721875
-0.623844 0.940625 0.523894 0.721875
-0.506731 0.4375 0.5248 0.678125
-0.738057 0.765625 0.534428 0.896875
-0.739857 0.39375 0.530963 0.940625
-0.623602 1.1375 0.546406 0.765625
-0.74039 0.721875 0.553989 0.721875
-0.464228 0.9625 0.553441 1.00625
-0.549325 0.765625 0.557544 0.721875
-0.740107 0.91875 0.567744 0.721875
-0.667463 0.984375 0.58028 0.765625
-0.741948 0.896875 0.586128 0.721875
-0.711608 0.6125 0.594583 0.896875
-0.550884 0.940625 0.603339 0.7875
-0.462845 0.809375 0.612094 0.9625
-0.550109 0.83125 0.62433 0.83125
-0.739582 0.74375 0.63483 0.83125
-0.741382 0.896875 0.640678 0.875
-0.742732 0.896875 0.650878 0.91875
-0.435329 0.721875 0.658761 0.91875
-0.434512 0.896875 0.667517 0.809375
-0.507239 0.765625 0.677144 0.940625
-0.741632 0.721875 0.687344 0.83125
-0.509531 0.853125 0.696972 1.20312
-0.743923 0.7 0.707472 0.896875
-0.62636 0.48125 0.716519 0.875
-0.714074 0.875 0.724683 1.1375
-0.74364 0.896875 0.74565 0.91875
-0.508922 0.896875 0.74045 0.896875
-0.596186 0.48125 0.749206 1.00625
-0.436771 0.503125 0.764348 1.02812
-0.743848 0.328125 0.766707 1.09375
-0.745648 0.896875 0.777207 0.984375
-0.746998 1.11563 0.793231 0.984375
-0.469978 0.896875 0.795881 1.05
-0.556384 0.896875 0.807244 1.00625
-0.747165 0.809375 0.816872 1.11563
-0.748965 0.765625 0.818359 1.02812
-0.750765 0.896875 0.821881 1.05
-0.750807 0.875 0.838778 1.07187
-0.444712 1.1375 0.844335 1.18125
-0.47297 0.765625 0.849602 1.20312
-0.604295 0.853125 0.848172 1.15938
-0.751465 0.809375 0.859835 1.09375
-0.753265 0.459375 0.865102 1.18125
-0.755065 0.83125 0.870369 1.1375
-0.449379 0.546875 0.87768 1.11563
-0.682013 0.896875 0.88063 1.18125
-0.75429 0.503125 0.884452 1.18125
-0.608511 0.896875 0.890309 1.26875
-0.755232 0.765625 0.897048 1.1375
-0.68083 0.896875 0.899126 1.09375
-0.754415 0.546875 0.908472 1.225
-0.521414 1.00625 0.911422 1.225
-0.754048 0.853125 0.914672 1.09375
-0.682263 1.07187 0.916169 1.225
-0.756298 0.459375 0.919991 1.29062
-0.5656 0.525 0.91887 0.853125
-0.520272 0.875 0.916887 1.20312
-0.754215 0.940625 0.924489 1.225
-0.68243 0.634375 0.92395 1.15938
-0.756015 1.02812 0.921667 1.20312
-0.479853 0.984375 0.923463 1.15938
-0.756957 0.896875 0.922052 1.1375
-0.568017 0.678125 0.923839 1.1375
-0.757898 0.809375 0.911098 1.15938
-0.759248 0.940625 0.909106 1.09375
-0.760148 1.26875 0.902461 1.18125
-0.758882 1.09375 0.888267 1.18125
-0.48227 1.02812 0.88453 1.11563
-0.758515 0.853125 0.880802 1.15938
-0.730341 0.984375 0.877065 1.15938
-0.760765 0.590625 0.866931 1.20312
-0.761665 0.721875 0.860587 1.26875
-0.763015 0.984375 0.855978 1.15938
-0.763915 1.02812 0.85225 1.18125
-0.765265 1.09375 0.840663 1.15938
-0.766165 1.02812 0.824133 0.896875
-0.460929 1.09375 0.804706 1.11563
-0.767107 0.678125 0.789339 1.15938
-0.768457 0.765625 0.77747 1.225
-0.769807 1.07187 0.765302 1.1375
-0.770707 0.984375 0.754596 1.20312
-0.62407 0.896875 0.74708 1.15938
-0.77034 0.809375 0.736956 1.09375
-0.5814 1.07187 0.726531 1.1375
-0.771732 0.56875 0.727165 1.02812
-0.772632 1.20312 0.721393 1.07187
-0.773982 0.91875 0.711269 1.00625
-0.774023 1.02812 0.700263 0.896875
-0.657319 1.09375 0.689557 0.984375
-0.772348 0.940625 0.682622 1.1375
-0.583409 0.984375 0.676278 0.9625
-0.656135 1.02812 0.675739 0.940625
-0.772023 0.459375 0.664743 0.9625
-0.773823 0.940625 0.668856 0.853125
-0.773865 0.984375 0.663665 0.940625
-0.495086 1.09375 0.661381 0.9625
-0.653727 1.02812 0.656481 0.91875
-0.769207 0.91875 0.652454 0.875
-0.76794 0.6125 0.645237 1.07187
-0.621303 0.678125 0.644698 0.896875
-0.459271 1.11563 0.638926 0.91875
-0.646985 1.11563 0.642167 0.875
-0.485811 0.765625 0.633487 0.940625
-0.689821 0.853125 0.634993 0.91875
-0.646252 1.11563 0.632419 0.875
-0.615911 0.503125 0.633915 0.74375
-0.453879 0.7875 0.628724 0.940625
-0.61252 0.7 0.624124 0.678125
-0.479561 0.91875 0.61748 0.9625
-0.478295 0.721875 0.613161 0.896875
-0.447954 0.765625 0.613494 0.91875
-0.563434 0.7 0.614128 0.83125
-0.476253 0.91875 0.610681 0.853125
-0.607578 0.6125 0.616539 0.875
-0.447712 0.7875 0.616581 0.678125
-0.519581 0.56875 0.621576 0.83125
-0.752215 0.74375 0.620165 0.809375
-0.752707 0.809375 0.623987 0.7875
-0.562459 0.875 0.623748 0.7875
-0.516722 0.765625 0.626698 0.765625
-0.602678 0.7875 0.629648 0.7875
-0.515947 0.853125 0.635515 0.7875
-0.74989 0.35 0.642244 0.809375
-0.75169 0.415625 0.642287 0.809375
-0.751732 0.896875 0.650189 0.7875
-0.752223 0.503125 0.652267 0.56875
-0.519672 0.940625 0.657552 0.809375
-0.751448 0.853125 0.657013 0.809375
-0.517589 1.00625 0.656474 1.11563
-0.445396 0.4375 0.660596 0.7875
-0.562184 0.39375 0.66122 0.83125
-0.752515 0.896875 0.661854 0.83125
-0.754315 1.02812 0.663931 0.853125
-0.754807 1.02812 0.664265 0.83125
-0.522256 1.11563 0.660537 0.853125
-0.636427 0.9625 0.661161 0.875
-0.563784 0.525 0.66005 0.83125
-0.753257 0.546875 0.656894 0.91875
-0.755057 0.896875 0.656656 0.83125
-0.75379 0.590625 0.656117 0.853125
-0.478078 0.9625 0.654133 0.809375
-0.606786 0.415625 0.65185 0.853125
-0.447371 0.896875 0.644633 0.83125
-0.753998 0.459375 0.644094 0.809375
-0.755798 0.91875 0.644728 0.809375
-0.757598 0.896875 0.642444 0.83125
-0.568659 0.9625 0.645985 0.7
-0.611453 0.853125 0.635561 0.896875
-0.478495 0.896875 0.630089 0.896875
-0.60982 0.83125 0.628396 0.875
-0.523089 0.546875 0.620589 1.09375
-0.757482 0.590625 0.615689 0.6125
-0.757973 0.853125 0.614278 0.853125
-0.759773 0.678125 0.611422 0.678125
-0.64311 0.984375 0.604487 1.00625
-0.611911 0.459375 0.599587 0.875
-0.728699 0.765625 0.6037 0.83125
-0.480753 0.678125 0.594448 0.984375
-0.525306 0.809375 0.593909 0.83125
-0.75839 0.590625 0.588719 0.83125
-0.76019 0.940625 0.591087 0.809375
-0.528089 0.940625 0.588813 0.7875
-0.761623 0.6125 0.585657 0.875
-0.731733 1.00625 0.58948 0.809375
-0.645002 0.875 0.58458 0.765625
-0.528339 1.02812 0.585213 0.83125
-0.527522 0.875 0.583511 0.91875
-0.759298 0.503125 0.583844 1.00625
-0.76024 0.765625 0.582733 0.83125
-0.688046 0.459375 0.582776 0.809375
-0.613686 0.7875 0.583981 0.503125
-0.640635 0.590625 0.581998 0.809375
-0.567134 1.11563 0.583204 0.7875
-0.64076 0.91875 0.589943 0.809375
-0.757548 0.984375 0.589985 0.83125
-0.75849 0.984375 0.597296 0.7875
-0.452396 0.875 0.598802 0.809375
-0.522956 0.634375 0.598844 0.7875
-0.476361 0.83125 0.60005 0.91875
-0.722674 0.35 0.607952 0.83125
-0.680005 0.56875 0.610611 0.83125
-0.753182 0.853125 0.619094 0.940625
-0.446229 0.56875 0.615648 0.74375
-0.515481 0.875 0.61977 0.875
-0.355207 0.39375 0.62272 0.4375
-0.512989 0.7 0.632076 0.83125
-0.717449 0.7 0.643167 0.809375
-0.514422 0.7875 0.64757 0.83125
-0.469136 0.74375 0.649948 0.896875
-0.510622 0.7 0.664528 0.896875
-0.59617 0.721875 0.662254 0.875
-0.465828 0.9625 0.674217 0.875
-0.552684 0.7 0.685317 0.896875
-0.465095 0.721875 0.687976 0.940625
-0.711408 0.853125 0.691226 0.896875
-0.623819 0.74375 0.69215 0.91875
-0.432712 0.853125 0.7108 0.9625
-0.458803 0.4375 0.719283 0.984375
-0.545659 0.459375 0.712639 0.940625
-0.617527 0.678125 0.731298 0.9625
-0.734765 0.634375 0.735993 0.940625
-0.544967 0.875 0.749709 0.9625
-0.588211 0.56875 0.758193 0.9625
-0.426629 0.6125 0.762887 0.9625
-0.614794 0.415625 0.773115 1.05
-0.585353 0.809375 0.770541 1.11563
-0.337857 0.7875 0.782513 1.02812
-0.380651 0.765625 0.794776 1.11563
-0.582495 0.65625 0.803831 1.05
-0.539825 0.74375 0.807081 1.1375
-0.584378 0.721875 0.820789 1.09375
-0.497647 0.7875 0.819969 1.225
-0.729423 0.39375 0.833104 1.15938
-0.494706 0.74375 0.83927 1.05
-0.374976 0.7 0.8463 1.07187
-0.374159 0.525 0.855656 1.07187
-0.490089 0.525 0.86473 0.9625
-0.534192 0.546875 0.869724 0.853125
-0.578295 0.56875 0.876763 1.18125
-0.650163 0.459375 0.883502 1.15938
-0.53305 0.678125 0.890531 1.3125
-0.574536 0.83125 0.894081 1.15938
-0.441578 0.765625 0.898494 1.11563
-0.529292 0.678125 0.902044 1.225
-0.441253 0.48125 0.907039 1.15938
-0.644405 0.525 0.9068 1.1375
-0.717582 0.7875 0.913257 1.1375
-0.367876 0.590625 0.912728 1.1375
-0.438436 0.503125 0.919476 1.1375
-0.436311 0.7 0.91633 1.09375
-0.713007 0.634375 0.92395 1.1375
-0.713948 0.56875 0.917315 1.15938
-0.715748 0.7875 0.926389 1.09375
-0.568253 0.875 0.922952 1.18125
-0.406221 0.765625 0.923013 1.1375
-0.317323 0.634375 0.919576 1.18125
-0.562328 0.39375 0.916148 1.15938
-0.70819 0.634375 0.916491 1.24687
-0.708682 0.590625 0.919459 1.18125
-0.63563 0.809375 0.905265 1.1375
-0.473597 0.809375 0.900383 1.15938
-0.310257 0.721875 0.890841 1.18125
-0.425736 0.765625 0.884215 1.1375
-0.702882 0.765625 0.872065 1.15938
-0.703373 0.590625 0.858743 1.11563
-0.513575 0.678125 0.84572 1.07187
-0.351993 0.6125 0.834143 1.09375
-0.260029 0.6125 0.815015 1.11563
-0.548645 0.4375 0.790944 1.15938
-0.694957 0.65625 0.784019 1.1375
-0.390171 0.678125 0.770706 1.20312
-0.5061 0.4375 0.756511 1.1375
-0.344068 0.525 0.746106 1.11563
-0.386862 0.65625 0.73192 1.05
-0.619088 0.6125 0.721215 1.05
-0.458364 0.7 0.70703 1.09375
-0.413078 0.7 0.697496 1.02812
-0.383187 0.65625 0.687672 0.984375
-0.54142 0.721875 0.677839 0.984375
-0.614596 0.721875 0.67005 0.940625
-0.381637 0.74375 0.662261 0.875
-0.379512 0.65625 0.658824 0.9625
-0.378696 0.678125 0.649 0.91875
-0.495934 0.4375 0.645863 0.91875
-0.56956 0.546875 0.638656 0.984375
-0.68504 0.634375 0.630567 0.91875
-0.537995 0.65625 0.626557 0.940625
-0.447339 0.74375 0.613535 0.91875
-0.402053 0.503125 0.599059 0.9625
-0.328551 0.853125 0.59883 0.940625
-0.371796 0.56875 0.587833 0.91875
-0.676257 0.459375 0.579172 0.83125
-0.531828 0.48125 0.571093 0.853125
-0.676382 0.415625 0.56592 0.7875
-0.325818 0.875 0.552607 0.809375
-0.396828 0.4375 0.550052 0.809375
-0.278407 0.74375 0.543417 0.6125
-0.394336 0.503125 0.535628 0.765625
-0.481192 0.503125 0.533944 0.721875
-0.525295 0.634375 0.534306 0.896875
-0.393645 0.634375 0.529715 0.765625
-0.320143 0.503125 0.525415 0.7875
-0.433006 0.503125 0.524904 0.721875
-0.430881 0.590625 0.524093 0.721875
-0.663965 0.634375 0.524454 0.74375
-0.546852 0.853125 0.524815 0.721875
-0.544727 0.284375 0.519352 0.678125
-0.310459 0.7 0.529017 0.65625
-0.264723 0.590625 0.514831 0.678125
-0.378895 0.6125 0.5181 0.721875
-0.508911 0.74375 0.52165 0.56875
-0.465792 0.6125 0.520557 0.65625
-0.421364 0.590625 0.518002 0.678125
-0.377386 0.65625 0.510222 0.634375
-0.347496 0.765625 0.511746 0.590625
-0.579271 0.7 0.506283 0.6125
-0.374936 0.678125 0.5049 0.678125
-0.461342 0.196875 0.502644 0.678125
-0.344679 0.65625 0.498344 0.65625
-0.371628 0.546875 0.495217 0.678125
-0.414422 0.35 0.495569 0.65625
-0.414056 0.765625 0.487789 0.678125
-0.618066 0.459375 0.489022 0.678125
-0.647632 0.30625 0.487348 0.678125
-0.415531 0.875 0.48392 0.7
-0.575071 0.634375 0.484281 0.7
-0.500261 0.39375 0.48377 0.7
-0.455834 0.546875 0.480052 0.721875
-0.571763 0.634375 0.479541 0.7
-0.339662 0.30625 0.480483 0.7
-0.411531 0.809375 0.477065 0.721875
-0.499695 0.35 0.484394 0.7
-0.456575 0.65625 0.485628 0.721875
-0.646498 0.2625 0.48657 0.721875
-0.64699 0.284375 0.493037 0.678125
-0.647482 0.74375 0.495715 0.7
-0.340529 0.809375 0.496076 0.678125
-0.297409 0.634375 0.500507 0.74375
-0.413339 0.590625 0.50523 0.65625
-0.530127 0.7 0.510824 0.74375
-0.647365 0.7 0.515546 0.7
-0.649165 0.39375 0.522585 0.721875
-0.576113 0.765625 0.524691 0.721875
-0.342704 0.765625 0.530285 0.721875
-0.573621 0.503125 0.529483 0.721875
-0.64549 0.371875 0.542346 0.721875
-0.64774 0.765625 0.542126 0.74375
-0.574238 0.940625 0.556733 0.765625
-0.646557 0.4375 0.553024 0.765625
-0.296851 0.415625 0.556583 0.765625
-0.498695 0.6125 0.56683 0.809375
-0.24944 0.590625 0.580565 0.7875
-0.337604 0.6125 0.581217 0.809375
-0.644682 0.2625 0.591744 0.765625
-0.529327 0.65625 0.602572 0.7875
-0.647873 0.634375 0.620959 0.83125
-0.53076 0.765625 0.623356 0.83125
-0.252882 0.875 0.632439 0.83125
-0.251207 0.240625 0.641522 0.83125
-0.570205 0.2625 0.651478 0.83125
-0.45485 0.809375 0.662606 0.853125
-0.454484 0.240625 0.672561 0.984375
-0.569963 0.240625 0.682517 0.984375
-0.49822 0.525 0.693344 1.18125
-0.642773 0.65625 0.7033 0.875
-0.526969 0.39375 0.714428 0.875
-0.642448 0.2625 0.724683 0.896875
-0.568088 0.984375 0.732894 0.9625
-0.406056 0.721875 0.752454 0.91875
-0.288943 0.590625 0.751661 0.9625
-0.360811 0.196875 0.761617 0.875
-0.637957 0.284375 0.772744 0.9625
-0.639757 0.896875 0.788524 0.984375
-0.640248 0.35 0.79878 1.00625
-0.246932 0.721875 0.803211 0.9625
-0.332479 0.21875 0.811722 1.05
-0.405656 0.30625 0.821978 1.00625
-0.49337 0.65625 0.839793 1.02812
-0.64054 0.240625 0.8544 1.05
-0.4525 0.634375 0.857096 1.05
-0.566671 0.65625 0.862119 1.09375
-0.288343 0.65625 0.874409 1.18125
-0.360661 0.525 0.889317 1.225
-0.490678 0.065625 0.894911 1.225
-0.638298 0.284375 0.906039 1.225
-0.640098 0.56875 0.91455 1.24687
-0.641898 0.35 0.925096 1.26875
-0.292643 0.590625 0.926339 1.26875
-0.291826 0.240625 0.937757 1.24687
-0.335071 0.7 0.945396 1.225
-0.64084 0.21875 0.952735 1.225
-0.64264 0.6125 0.961246 1.20312
-0.64489 0.7 0.968013 1.225
-0.645382 0.4375 0.973035 1.20312
-0.367503 0.459375 0.980965 0.809375
-0.526594 0.7875 0.982498 1.29062
-0.498461 0.7 0.993917 1.29062
-0.645632 0.590625 0.99545 1.3125
-0.647882 0.7875 1.00222 1.3125
-0.648373 0.2625 1.01102 1.3125
-0.371803 0.74375 1.01081 1.29062
-0.298301 0.721875 1.01525 1.29062
-0.574138 0.48125 1.01504 1.35625
-0.649073 0.56875 1.02297 1.4
-0.650873 0.74375 1.02217 1.35625
-0.653123 0.48125 1.02458 1.35625
-0.377411 0.65625 1.02553 1.33438
-0.624174 0.56875 1.02561 1.35625
-0.348912 0.35 1.01842 1.29062
-0.509311 0.4375 1.01677 1.3125
-0.656932 0.9625 1.01336 1.29062
-0.657873 0.4375 1.00966 1.29062
-0.659673 0.634375 1.00538 1.24687
-0.54301 0.74375 0.998187 1.26875
-0.382736 0.7875 0.990417 1.3125
-0.658123 0.7 0.980611 1.24687
-0.660373 0.74375 0.97255 1.26875
-0.662623 0.7875 0.977872 1.225
-0.663115 0.7875 0.963706 1.225
-0.358779 0.940625 0.958843 1.20312
-0.51832 0.35 0.945839 1.225
-0.388428 0.853125 0.929056 1.225
-0.666432 0.21875 0.912863 1.20312
-0.668232 0.328125 0.8926 1.225
-0.669173 0.415625 0.87728 1.24687
-0.669665 0.83125 0.856435 1.24687
-0.391336 0.48125 0.838207 1.225
-0.319143 0.459375 0.814156 1.225
-0.552677 0.21875 0.79302 1.20312
-0.669465 0.74375 0.777409 1.20312
-0.671265 0.74375 0.758891 1.11563
-0.673515 0.4375 0.735139 1.09375
-0.396495 0.83125 0.718365 1.09375
-0.322993 0.284375 0.700137 1.05
-0.672823 0.7 0.6979 1.05
-0.674623 0.546875 0.680254 1.05
-0.676423 0.39375 0.673656 1.00625
-0.678673 0.91875 0.653393 0.984375
-0.562869 0.7 0.652319 0.9625
-0.402145 0.634375 0.638452 0.853125
-0.67929 0.459375 0.624876 0.83125
-0.68109 0.35 0.613626 0.9625
-0.68334 0.48125 0.604702 0.809375
-0.68514 0.9625 0.592007 0.853125
-0.68739 0.39375 0.57378 0.940625
-0.455289 0.7875 0.552063 0.809375
-0.690132 0.39375 0.53558 0.7875
-0.661549 0.7875 0.511246 0.765625
-0.692873 0.875 0.494763 0.678125
-0.694673 0.525 0.473919 0.74375
-0.695615 0.459375 0.450467 0.7
-0.419903 0.6125 0.426715 0.7875
-0.464456 0.721875 0.407033 0.74375
-0.464947 0.721875 0.383281 0.74375
-0.69979 0.590625 0.368252 0.7875
-0.70159 0.809375 0.34858 0.7875
-0.70384 1.11563 0.339074 0.765625
-0.514492 0.721875 0.322881 0.765625
-0.673583 0.48125 0.309306 0.721875
-0.558228 0.48125 0.30417 0.721875
-0.703232 0.809375 0.300189 0.65625
-0.705032 1.02812 0.299115 0.65625
-0.704665 0.4375 0.298331 0.546875
-0.705607 0.875 0.305698 0.65625
-0.675716 0.7875 0.307241 0.634375
-0.514134 0.896875 0.309656 0.525
-0.398779 0.809375 0.31993 0.48125
-0.70324 0.809375 0.323217 0.503125
-0.70549 0.7 0.334063 0.503125
-0.706432 0.39375 0.335033 0.459375
-0.707373 0.4375 0.346461 0.503125
-0.401279 0.371875 0.357607 0.503125
-0.471839 1.05 0.35945 0.503125
-0.556936 0.74375 0.361583 0.503125
-0.470206 0.875 0.368087 0.503125
-0.70374 0.56875 0.37807 0.56875
-0.704232 0.9625 0.388926 0.503125
-0.703415 0.74375 0.398909 0.503125
-0.426395 0.853125 0.407448 0.525
-0.306665 0.35 0.407256 0.459375
-0.393071 0.2625 0.418111 0.56875
-0.582994 0.74375 0.430139 0.56875
-0.554411 0.328125 0.441867 0.56875
-0.701582 0.7875 0.454467 0.56875
-0.468172 0.525 0.465622 0.56875
-0.5088 0.30625 0.474733 0.56875
-0.580669 0.765625 0.485889 0.678125
-0.345951 0.30625 0.495872 0.6125
-0.388746 0.6125 0.506728 0.634375
-0.417453 0.240625 0.506835 0.6125
-0.620155 0.4375 0.528739 0.6125
-0.693332 0.48125 0.540767 0.634375
-0.460372 0.678125 0.551622 0.6125
-0.501859 0.35 0.561906 0.721875
-0.383437 0.678125 0.571889 0.7
-0.381762 0.65625 0.582172 0.721875
-0.336026 0.678125 0.592156 0.7875
-0.378821 0.65625 0.603311 0.721875
-0.68504 0.30625 0.615039 0.721875
-0.685532 0.284375 0.627067 0.809375
-0.686473 0.765625 0.638794 0.721875
-0.450447 0.30625 0.648206 0.765625
-0.169952 0.284375 0.656744 0.875
-0.372654 0.634375 0.666728 0.875
-0.487275 0.678125 0.682826 0.83125
-0.678057 0.2625 0.698343 0.875
-0.680307 0.30625 0.710943 0.896875
-0.682107 0.35 0.721226 0.940625
-0.565444 0.371875 0.723941 0.896875
-0.490184 0.39375 0.74092 0.896875
-0.445756 0.721875 0.751794 1.00625
-0.675773 0.35 0.754537 0.765625
-0.677573 0.39375 0.771517 0.9625
-0.678923 0.48125 0.782972 0.9625
-0.680723 0.678125 0.790067 0.940625
-0.534086 1.11563 0.802394 0.940625
-0.374671 0.546875 0.810361 0.984375
-0.562385 0.35 0.817456 1.00625
-0.680482 0.721875 0.832691 1.02812
-0.682282 0.83125 0.835433 1.02812
-0.683632 0.39375 0.848052 1.05
-0.685432 0.39375 0.855146 1.05
-0.567869 0.7 0.863985 1.09375
-0.684657 0.765625 0.873124 1.09375
-0.685148 0.83125 0.880219 1.09375
-0.541128 0.91875 0.883824 1.11563
-0.68699 0.7875 0.896152 1.15938
-0.687482 0.940625 0.902674 1.20312
-0.542153 0.525 0.909769 1.1375
-0.689323 1.00625 0.915991 1.18125
-0.691123 0.415625 0.928037 1.18125
-0.692923 1.1375 0.936876 1.225
-0.387687 0.525 0.945133 1.225
