torque_1 torque_1_t torque_2 torque_2_t
0.82311 -0.065625 0.514717 0.284375
0.81141 -0.371875 0.515917 0.2625
0.79971 -0.56875 0.516817 0.35
0.596412 -0.678125 0.518589 0.415625
0.582095 -0.74375 0.521233 0.13125
0.525926 -0.634375 0.523006 0.48125
0.744202 -0.634375 0.52565 0.721875
0.45499 -0.503125 0.535854 0.634375
0.60058 -0.6125 0.53967 0.590625
0.673486 -0.7 0.531267 0.678125
0.688243 -0.7875 0.544087 0.65625
0.556322 -0.7875 0.541498 0.721875
0.350407 -0.7 0.545887 0.853125
0.362548 -0.65625 0.553193 0.678125
0.319157 -0.853125 0.543044 0.721875
0.612735 -0.765625 0.550631 0.721875
0.482122 -0.721875 0.555311 0.74375
0.510108 -0.65625 0.555639 0.74375
0.129749 -0.590625 0.558283 0.765625
0.198729 -0.525 0.558311 0.875
0.257098 -0.48125 0.560674 0.678125
0.374923 -0.4375 0.555178 0.9625
0.200699 -0.503125 0.551717 0.809375
0.493418 -0.459375 0.551163 0.74375
0.362805 -0.503125 0.549746 0.765625
0.158199 -0.546875 0.54803 0.6125
0.216567 -0.590625 0.545441 0.7
0.159948 -0.503125 0.545769 0.634375
0.421835 -0.415625 0.544343 0.678125
0.410135 -0.39375 0.539146 0.7
0.28083 -0.459375 0.533941 0.896875
0.23744 -0.328125 0.533387 0.525
0.221815 -0.175 0.530807 0.896875
0.077973 -0.240625 0.52473 0.7
0.109476 -0.30625 0.519196 0.721875
0.331268 -0.35 0.510746 0.634375
0.320468 -0.459375 0.504913 0.459375
0.310118 -0.30625 0.500824 0.853125
0.268936 -0.590625 0.494119 0.896875
0.167439 -0.371875 0.490611 0.765625
0.271627 -0.2625 0.487685 0.503125
0.0705369 -0.371875 0.480689 0.56875
0.249168 -0.371875 0.477472 0.765625
0.238368 -0.284375 0.474546 0.56875
0.227568 -0.284375 0.471902 0.590625
0.217218 -0.284375 0.465196 0.590625
0.206418 -0.35 0.459944 0.65625
0.0493896 -0.2625 0.458763 0.546875
0.18396 -0.240625 0.451767 0.546875
0.17316 -0.21875 0.442444 0.6125
0.16281 -0.30625 0.446496 0.590625
0.15201 -0.284375 0.439791 0.634375
0.14121 -0.240625 0.434539 0.678125
0.13086 -0.196875 0.425217 0.459375
0.12006 -0.240625 0.424617 0.546875
0.10926 -0.240625 0.419656 0.459375
0.09891 -0.21875 0.414694 0.56875
0.08811 -0.2625 0.413222 0.56875
0.07731 -0.21875 0.408261 0.525
0.06696 -0.0875 0.398948 0.525
0.05616 -0.175 0.399511 0.525
0.04536 -0.0875 0.396294 0.525
0.03501 -0.196875 0.394822 0.459375
0.02421 -0.175 0.390733 0.546875
0.01341 -0.0875 0.385772 0.503125
0.00306 -0.0875 0.380811 0.503125
-0.00774 -0.109375 0.376431 0.48125
-0.01854 -0.0875 0.374087 0.30625
-0.0280317 -0.0875 0.36273 0.48125
-0.0383817 -0.0875 0.368244 0.39375
-0.0491817 0.21875 0.368517 0.459375
-0.0599817 -0.0875 0.355415 0.48125
-0.0703317 -0.109375 0.356559 0.415625
-0.0811317 -0.0875 0.346074 0.415625
-0.0919317 -0.109375 0.35187 0.590625
-0.102732 0.065625 0.350698 0.415625
-0.113082 0.371875 0.345737 0.39375
-0.123882 0.21875 0.338741 0.415625
-0.134682 0.4375 0.343665 0.48125
-0.145482 0.35 0.332307 0.39375
-0.155832 -0.0875 0.342183 0.39375
-0.166632 0.39375 0.327628 0.415625
-0.177432 -0.109375 0.330807 0.39375
-0.188232 -0.13125 0.336894 0.415625
-0.198582 -0.0875 0.332815 0.371875
-0.209382 0.39375 0.326691 0.39375
-0.220182 0.196875 0.319694 0.371875
-0.230982 -0.065625 0.319094 0.48125
-0.241332 0.371875 0.32837 0.415625
-0.251682 0.35 0.316722 0.371875
-0.262482 -0.04375 0.315822 0.371875
-0.272832 -0.04375 0.31405 0.39375
-0.283182 0.371875 0.31345 0.371875
-0.293982 0.4375 0.31255 0.371875
-0.304332 0.415625 0.31165 0.371875
-0.315132 0.4375 0.31105 0.35
-0.251488 0.4375 0.309278 0.371875
-0.334523 0.4375 0.308378 0.371875
-0.345323 0.4375 0.307778 0.35
-0.355673 0.415625 0.306878 0.35
-0.366023 0.4375 0.305978 0.371875
-0.375515 0.4375 0.304506 0.328125
-0.385865 0.525 0.303606 0.39375
-0.396665 0.525 0.302706 0.328125
-0.407015 0.48125 0.302106 0.371875
-0.417815 0.525 0.301206 0.415625
-0.150653 0.634375 0.299733 0.371875
-0.437207 0.4375 0.298833 0.35
-0.448007 0.525 0.298233 0.35
-0.458357 0.525 0.297333 0.328125
-0.467848 0.56875 0.295561 0.35
-0.200686 0.56875 0.294089 0.2625
-0.486382 0.525 0.292317 0.328125
-0.496732 0.590625 0.291717 0.415625
-0.507082 0.4375 0.290817 0.415625
-0.443888 0.634375 0.289344 0.48125
-0.526923 0.6125 0.288444 0.415625
-0.303822 0.6125 0.286972 0.48125
-0.356475 0.56875 0.2852 0.284375
-0.554948 0.590625 0.283728 0.39375
-0.565298 0.65625 0.282828 0.284375
-0.576098 0.6125 0.282228 0.4375
-0.58514 0.634375 0.280456 0.328125
-0.594632 0.91875 0.278983 0.328125
-0.326161 0.875 0.276639 0.4375
-0.377956 0.590625 0.273994 0.328125
-0.61959 0.875 0.272522 0.328125
-0.629082 0.940625 0.27075 0.30625
-0.639432 0.7 0.27015 0.678125
-0.342337 0.7875 0.267506 0.328125
-0.466367 0.65625 0.265161 0.503125
-0.66484 0.7875 0.263689 0.328125
-0.368604 0.74375 0.261917 0.4375
-0.683373 0.7 0.260444 0.35
-0.458514 0.765625 0.2581 0.328125
-0.511617 0.765625 0.256328 0.328125
-0.708332 0.765625 0.253983 0.328125
-0.601527 0.7875 0.252511 0.35
-0.537884 0.765625 0.250739 0.328125
-0.58837 0.765625 0.247522 0.415625
-0.713708 0.984375 0.24605 0.328125
-0.560675 0.984375 0.242533 0.30625
-0.481636 0.7875 0.240189 0.30625
-0.461604 0.74375 0.238717 0.13125
-0.775065 0.721875 0.236372 0.2625
-0.507903 0.371875 0.2346 0.175
-0.558389 0.83125 0.231383 0.328125
-0.492129 0.7875 0.228167 0.2625
-0.530695 0.74375 0.226394 0.2625
-0.583347 0.7875 0.224922 0.328125
-0.824982 0.83125 0.22255 0.328125
-0.715969 0.83125 0.219306 0.30625
-0.491109 0.875 0.216061 0.35
-0.450857 0.809375 0.2099 0.35
-0.573128 0.7875 0.205783 0.2625
-0.785688 0.83125 0.203411 0.2625
-0.868273 0.940625 0.201911 0.2625
-0.570729 1.00625 0.198667 0.21875
-0.533093 0.83125 0.19455 0.21875
-0.611753 0.853125 0.190433 0.21875
-0.75032 0.896875 0.186889 0.065625
-0.713992 0.9625 0.183644 0.065625
-0.79441 1.02812 0.1804 0.21875
-0.640478 1.02812 0.176283 0.328125
-0.690514 0.984375 0.172167 0.240625
-0.536582 0.9625 0.16805 0.0875
-0.658853 0.896875 0.163933 0.21875
-0.79742 0.9625 0.160689 0.21875
-0.675178 1.09375 0.158317 0.04375
-0.88643 0.91875 0.155072 0.04375
-0.81972 1.1375 0.150956 0.04375
-0.664929 1.05 0.145967 0.04375
-0.624676 1.07187 0.140106 0.04375
-0.631101 0.984375 0.135989 0.04375
-0.796984 1.07187 0.131872 0.04375
-0.804717 1.09375 0.128628 0.196875
-1.00098 1.11563 0.125383 0.021875
-0.657209 1.1375 0.120394 0
-0.573346 1.05 0.114533 0.153125
-0.577154 1.07187 0.108672 0
-0.671659 1.15938 0.105428 -0.021875
-0.882911 0.984375 0.102183 0
-0.731596 1.11563 0.0998111 0.0875
-0.693101 1.05 0.0948222 0.13125
-0.581471 0.9625 0.0898333 0.175
-0.58528 1.05 0.0839722 0.0875
-0.66394 0.91875 0.0798556 -0.021875
-0.786661 0.9625 0.0737037 0.0875
-0.952544 1.00625 0.0724944 0.35
-0.769987 1.11563 0.0686778 0
-0.643821 1.02812 0.0636889 0.175
-0.530024 1.15938 0.0569556 0.196875
-0.651437 0.7875 0.0519667 0.175
-0.745943 0.984375 0.0487222 0.196875
-0.914892 1.00625 0.04635 0.153125
-0.919559 1.09375 0.0413611 0.175
-0.764768 1.05 0.0366722 0.0875
-0.680904 1.05 0.0308111 0.153125
-0.567108 1.07187 0.0240778 0.0875
-0.689829 0.984375 0.0199611 -0.065625
-0.783026 1.11563 0.0158444 -0.04375
-0.863445 0.9625 0.0129 0.153125
-0.751815 1.02812 0.00791111 -0.0875
-0.638019 0.9625 0.00117778 0.196875
-0.801734 0.9625 -0.00468333 -0.021875
-0.761482 1.02812 -0.0102444 0.109375
-1.08641 1.02812 -0.0152333 0.04375
-0.696413 1.20312 -0.0219667 0.04375
-0.565013 1.07187 -0.0304444 0.13125
-0.537131 0.896875 -0.03775 -0.21875
-1.05104 0.875 -0.0427389 -0.0875
-0.985642 1.18125 -0.0459833 -0.0875
-0.947147 1.15938 -0.0509722 -0.065625
-0.556697 1.09375 -0.0574056 -0.0875
-0.470667 0.984375 -0.0650111 -0.0875
-0.675377 0.940625 -0.0726167 -0.0875
-0.843018 1.07187 -0.0755611 -0.0875
-1.17012 1.00625 -0.0788056 -0.109375
-0.854109 1.225 -0.0846667 -0.13125
-0.608171 1.05 -0.0919722 -0.0875
-0.330093 1.07187 -0.101322 -0.0875
-0.4925 0.875 -0.107756 -0.0875
-0.817432 0.896875 -0.115652 -0.109375
-0.985931 1.02812 -0.114244 -0.0875
-0.919671 1.07187 -0.118061 -0.0875
-0.71996 1.07187 -0.123922 -0.0875
-0.516325 0.940625 -0.1321 -0.0875
-0.443073 0.91875 -0.140578 -0.109375
-0.679024 0.896875 -0.146739 -0.109375
-0.931271 0.940625 -0.152028 -0.2625
-0.96632 1.07187 -0.156144 -0.284375
-0.809771 1.09375 -0.162306 -0.13125
-0.57837 1.05 -0.169911 -0.13125
-0.534192 1.02812 -0.178689 -0.284375
-0.623464 0.984375 -0.185722 -0.0875
-0.861173 1.02812 -0.190711 -0.284375
-1.07067 1.18125 -0.195128 -0.2625
-0.871815 1.15938 -0.200117 -0.2625
-0.595495 1.07187 -0.208894 -0.13125
-0.390101 1.00625 -0.218544 -0.30625
-0.507139 0.91875 -0.22615 -0.30625
-0.993286 0.9625 -0.230567 -0.30625
-1.1314 1.11563 -0.233811 -0.30625
-1.0493 1.18125 -0.2391 -0.240625
-0.451404 1.29062 -0.247578 -0.21875
-0.244702 0.91875 -0.2581 -0.21875
-0.404493 0.896875 -0.266578 -0.240625
-0.976104 0.896875 -0.271867 -0.2625
-1.29173 1.15938 -0.273367 -0.240625
-1.10873 1.3125 -0.276911 -0.284375
-0.628436 1.20312 -0.290041 -0.2625
-0.186975 1.00625 -0.297656 -0.2625
-0.256477 0.853125 -0.307878 -0.2625
-0.741316 0.83125 -0.314902 -0.2625
-1.27193 0.9625 -0.315539 -0.284375
-1.3096 1.44375 -0.317039 -0.30625
-0.759691 1.35625 -0.325235 -0.328125
-0.274169 1.11563 -0.342726 -0.328125
-0.0653002 0.91875 -0.346561 -0.415625
-0.428159 0.83125 -0.354167 -0.415625
-0.959226 0.4375 -0.356539 -0.328125
-1.08542 0.896875 -0.367643 -0.39375
-0.885712 1.05 -0.366235 -0.39375
-0.53364 1.09375 -0.384017 -0.371875
-0.28116 0.896875 -0.386398 -0.371875
-0.484112 0.7 -0.391096 -0.459375
-0.880421 0.853125 -0.402481 -0.459375
-1.24982 0.984375 -0.406317 -0.415625
-0.890204 1.18125 -0.410143 -0.503125
-0.569822 1.00625 -0.416004 -0.4375
-0.245966 0.56875 -0.423037 -0.39375
-0.403998 0.765625 -0.436167 -0.459375
-0.858455 0.91875 -0.433015 -0.546875
-1.14063 0.91875 -0.440339 -0.459375
-1.02815 1.11563 -0.442711 -0.459375
-0.459326 0.809375 -0.45148 -0.56875
-0.222692 0.896875 -0.461702 -0.525
-0.453409 0.83125 -0.466991 -0.56875
-0.732113 0.853125 -0.465002 -0.634375
-1.10151 0.83125 -0.469409 -0.6125
-1.03264 1.1375 -0.468874 -0.525
-0.66517 1.07187 -0.479978 -0.525
-0.0607344 0.896875 -0.480315 -0.56875
-0.0805335 0.678125 -0.498096 -0.56875
-0.809435 0.940625 -0.489711 -0.678125
-1.29558 0.83125 -0.485978 -0.56875
-0.891904 1.02812 -0.485452 -0.590625
-0.246924 0.896875 -0.487824 -0.590625
0.243381 0.590625 -0.497465 -0.590625
0.00336 0.503125 -0.498093 -0.634375
-0.595159 0.634375 -0.499883 -0.634375
-1.03855 0.678125 -0.490917 -0.65625
-1.04367 0.74375 -0.488928 -0.6125
-0.649745 0.809375 -0.488102 -0.6125
0.0419128 0.74375 -0.486413 -0.6125
0.167484 0.4375 -0.492274 -0.65625
-0.1919 0.415625 -0.491448 -0.6125
-0.746358 0.459375 -0.483354 -0.590625
-0.867771 0.459375 -0.47555 -0.546875
-0.632445 0.6125 -0.466874 -0.65625
0.0195267 0.65625 -0.464885 -0.56875
0.03011 0.48125 -0.464059 -0.7
-0.330133 0.4375 -0.451604 -0.678125
-0.651139 0.48125 -0.442637 -0.634375
-0.843929 0.546875 -0.431344 -0.65625
-0.404634 0.65625 -0.421506 -0.678125
-0.00547611 0.546875 -0.413993 -0.65625
-0.071503 0.371875 -0.407933 -0.678125
-0.228227 0.4375 -0.39287 -0.678125
-0.709999 0.4375 -0.37928 -0.634375
-0.712049 0.56875 -0.372076 -0.678125
-0.433521 0.590625 -0.36023 -0.721875
-0.061678 0.525 -0.355061 -0.634375
0.106646 0.48125 -0.351356 -0.546875
-0.135992 0.415625 -0.34357 -0.634375
-0.617314 0.415625 -0.333759 -0.590625
-0.941796 0.525 -0.323357 -0.634375
-0.695408 0.56875 -0.312383 -0.634375
-0.254805 0.6125 -0.308378 -0.6125
0.191031 0.48125 -0.310778 -0.590625
0.0386822 0.4375 -0.307354 -0.634375
-0.353251 0.6125 -0.312361 -0.525
-0.956553 0.634375 -0.297607 -0.503125
-1.23742 0.503125 -0.294474 -0.240625
-0.523234 0.809375 -0.290769 -0.503125
0.0406572 0.678125 -0.29723 -0.459375
0.297512 0.6125 -0.298167 -0.415625
-0.341551 0.503125 -0.300567 -0.35
-1.19198 0.6125 -0.293072 -0.4375
-1.23096 0.9625 -0.288494 -0.590625
-0.886734 0.9625 -0.28885 -0.4375
-0.197244 0.48125 -0.289787 -0.35
0.0424572 0.721875 -0.293931 -0.4375
-0.230563 0.65625 -0.300393 -0.35
-0.919779 0.678125 -0.299876 -0.415625
-1.00106 0.853125 -0.289774 -0.503125
-0.96342 1.05 -0.291002 -0.48125
-0.452748 0.940625 -0.30008 -0.415625
-0.0848307 0.809375 -0.296365 -0.503125
-0.286474 0.284375 -0.303998 -0.4375
-0.769105 0.7875 -0.311622 -0.525
-1.24288 0.721875 -0.302674 -0.65625
-1.10087 0.940625 -0.310007 -0.48125
-0.413137 0.678125 -0.32927 -0.765625
0.0326989 0.91875 -0.333406 -0.35
-0.198019 0.6125 -0.343356 -0.415625
-0.843623 0.765625 -0.348072 -0.371875
-1.24602 1.11563 -0.350472 -0.328125
-1.25461 1.29062 -0.353444 -0.35
-0.495506 1.26875 -0.364267 -0.35
0.0217072 0.91875 -0.378578 -0.39375
-0.0887891 0.678125 -0.391144 -0.634375
-0.733085 0.678125 -0.396733 -0.48125
-1.25178 0.896875 -0.399133 -0.503125
-1.26168 1.09375 -0.401233 -0.590625
-0.636022 1.1375 -0.410311 -0.56875
0.0133322 1.1375 -0.425494 -0.634375
0.0640517 0.721875 -0.447365 -0.74375
-0.490406 0.7 -0.445394 -0.590625
-1.02233 0.6125 -0.447494 -0.590625
-1.26482 0.678125 -0.458026 -0.503125
-1.26949 1.29062 -0.460426 -0.634375
-0.187949 1.33438 -0.473865 -0.678125
0.142899 0.765625 -0.487304 -0.503125
-0.0997391 0.765625 -0.496381 -0.65625
-0.950171 0.634375 -0.493248 -0.6125
-1.26535 0.853125 -0.500872 -0.590625
-1.27263 1.05 -0.501519 -0.590625
-0.23601 1.11563 -0.512341 -0.590625
0.00499889 0.765625 -0.524326 -0.590625
-0.151725 0.853125 -0.529043 -0.546875
-0.824237 0.721875 -0.53027 -0.83125
-1.27025 0.83125 -0.527137 -0.721875
-1.13085 1.15938 -0.528656 -0.65625
-0.280596 1.18125 -0.535117 -0.65625
0.208851 0.7 -0.539833 -0.56875
0.0111322 0.503125 -0.545422 -0.7875
-0.955596 0.590625 -0.541417 -0.74375
-1.26947 0.83125 -0.539446 -0.74375
-1.27675 0.9625 -0.536313 -0.74375
-0.326491 1.11563 -0.54132 -0.65625
0.29379 0.765625 -0.544874 -0.678125
0.142299 0.546875 -0.549581 -0.678125
-0.660596 0.503125 -0.545576 -0.678125
-1.26521 0.7 -0.542733 -0.590625
-1.27118 1.07187 -0.534367 -0.6125
-0.320474 1.00625 -0.535594 -0.7875
0.420886 0.7 -0.5438 -0.721875
0.315623 0.39375 -0.547063 -0.7
-0.616797 0.525 -0.542185 -0.7
-1.25179 0.7 -0.533819 -0.634375
-1.26038 0.940625 -0.522826 -0.65625
-0.429037 0.940625 -0.524054 -0.65625
0.427761 0.83125 -0.525281 -0.65625
0.646238 0.546875 -0.529126 -0.678125
-0.0774307 0.525 -0.521631 -0.6125
-1.00055 0.525 -0.511511 -0.65625
-1.24042 0.7 -0.499683 -0.634375
-0.527092 0.74375 -0.493961 -0.678125
0.240317 0.634375 -0.49638 -0.56875
0.459244 0.04375 -0.498207 -0.678125
0.0293831 0.109375 -0.497137 -0.678125
-0.655458 0.6125 -0.475424 -0.721875
-0.978631 0.459375 -0.464469 -0.634375
-0.421282 0.809375 -0.451759 -0.7875
0.229831 0.590625 -0.449526 -0.809375
0.329845 0.39375 -0.44613 -0.721875
-0.0273307 0.30625 -0.443596 -0.65625
-0.670319 0.634375 -0.43235 -0.7875
-0.876746 0.546875 -0.428372 -0.721875
-0.510995 0.74375 -0.421187 -0.7
0.0951989 0.525 -0.428548 -0.721875
0.309751 0.415625 -0.429513 -0.74375
-0.122727 0.284375 -0.430178 -0.678125
-0.808876 0.546875 -0.428817 -0.7
-0.725871 0.503125 -0.423967 -0.6125
-0.404181 0.65625 -0.426667 -0.6125
0.113482 0.56875 -0.435772 -0.196875
0.121041 0.021875 -0.438472 -0.590625
-0.47572 0.48125 -0.438565 -0.590625
-0.876361 0.65625 -0.432843 -0.678125
-1.04049 0.634375 -0.430309 -0.6125
-0.486203 0.896875 -0.436798 -0.590625
-0.0425335 0.7875 -0.445604 -0.634375
0.00732759 0.74375 -0.446569 -0.590625
-0.430834 0.6125 -0.448396 -0.634375
-1.15129 0.678125 -0.445 -0.634375
-1.16074 0.809375 -0.436943 -0.678125
-0.652685 0.65625 -0.451572 -0.853125
-0.121794 0.853125 -0.456598 -0.678125
0.000752593 0.7875 -0.464831 -0.765625
-0.524631 0.678125 -0.46695 -0.634375
-1.15917 0.74375 -0.46995 -0.634375
-1.16907 1.02812 -0.471778 -0.721875
-0.705488 1.15938 -0.480011 -0.678125
-0.0173057 0.65625 -0.492306 -0.809375
-0.0564252 0.65625 -0.5049 -0.678125
-0.494136 0.503125 -0.512833 -0.634375
-1.17274 0.74375 -0.515533 -0.634375
-1.18219 1.00625 -0.518533 -0.7875
-1.03842 1.11563 -0.526467 -0.765625
-0.100941 1.24687 -0.540806 -0.65625
-0.0946909 0.65625 -0.553972 -0.7
-0.546081 0.74375 -0.562778 -0.721875
-1.18062 0.678125 -0.565778 -0.678125
-1.19052 1.05 -0.568478 -0.765625
-0.639716 1.18125 -0.575539 -0.83125
-0.155502 1.00625 -0.587261 -0.765625
-0.15056 0.546875 -0.599846 -0.678125
-0.722171 0.74375 -0.604 -0.765625
-1.12281 0.721875 -0.612815 -0.74375
-1.20278 1.18125 -0.607956 -0.765625
-0.443222 1.24687 -0.622576 -0.765625
-0.0423057 0.9625 -0.642439 -0.7875
-0.199888 0.7 -0.6495 -1.05
-1.00671 0.7 -0.649583 -0.83125
-1.20514 0.74375 -0.656063 -0.83125
-1.21111 1.05 -0.654702 -0.7875
-0.29034 1.20312 -0.66438 -0.809375
-0.0083363 1.00625 -0.671731 -0.896875
-0.281357 0.7 -0.683444 -0.809375
-0.929128 0.459375 -0.678304 -0.83125
-1.21523 0.875 -0.673154 -0.853125
-1.22207 1.07187 -0.675272 -0.896875
-0.465572 1.3125 -0.675356 -0.896875
0.0225665 0.984375 -0.685333 -0.853125
-0.338534 0.7875 -0.690069 -0.853125
-0.870459 0.875 -0.688407 -0.896875
-1.2288 1.07187 -0.677733 -0.65625
-1.23608 1.15938 -0.674619 -0.809375
-0.447898 1.26875 -0.677319 -0.765625
0.0406906 1.00625 -0.683798 -0.809375
-0.0711141 0.896875 -0.690287 -0.875
-0.833015 0.765625 -0.684556 -0.853125
-1.23496 1.00625 -0.675044 -0.91875
-1.31755 1.20312 -0.667278 -0.853125
-0.414379 0.7875 -0.670269 -0.853125
0.0755183 0.853125 -0.672096 -0.875
-0.0785891 0.503125 -0.673052 -0.896875
-0.634355 0.2625 -0.664113 -0.896875
-1.24027 0.83125 -0.651104 -0.809375
-1.25017 1.20312 -0.646817 -1.09375
-0.491064 1.29062 -0.637878 -0.809375
0.158291 1.05 -0.640578 -0.590625
0.168016 0.56875 -0.640652 -0.9625
-0.677183 0.809375 -0.625317 -0.809375
-1.23949 0.83125 -0.608528 -0.809375
-1.24939 1.00625 -0.594356 -0.809375
-0.375743 1.18125 -0.590941 -0.83125
0.231309 0.65625 -0.586944 -0.721875
0.284645 0.525 -0.583239 -0.853125
-0.44164 0.503125 -0.5743 -0.9625
-1.23654 0.678125 -0.558383 -0.328125
-1.00992 1.02812 -0.5477 -0.853125
-0.484714 0.91875 -0.543413 -0.853125
0.0338072 0.7 -0.542324 -0.65625
0.0845267 0.74375 -0.536583 -0.678125
-0.393321 0.678125 -0.52968 -0.7
-0.837165 0.875 -0.5126 -0.634375
-0.885443 0.284375 -0.505696 -0.65625
-0.607364 0.503125 -0.49763 -0.9625
-0.148299 0.525 -0.4884 -0.634375
0.105793 0.6125 -0.469867 -0.634375
-0.814707 -0.065625 -0.454531 -0.74375
-0.863434 0.590625 -0.440359 -0.765625
-0.454522 0.875 -0.438398 -0.634375
-0.0536057 0.74375 -0.432948 -0.7875
-0.0901085 0.240625 -0.423719 -0.65625
-0.526961 0.503125 -0.419131 -0.6125
-0.807832 0.6125 -0.408157 -0.634375
-0.766721 0.525 -0.401835 -0.721875
-0.282507 0.175 -0.396385 -0.65625
0.0734906 0.48125 -0.395878 -0.634375
-0.0383141 0.04375 -0.386648 -0.678125
-0.593221 0.546875 -0.389339 -0.853125
-0.802715 0.109375 -0.376902 -0.83125
-1.0109 0.65625 -0.375231 -0.56875
-0.413007 0.896875 -0.371235 -0.590625
0.0759906 0.6125 -0.373344 -0.590625
0.213932 0.48125 -0.378361 -0.678125
-0.263915 0.240625 -0.378144 -0.56875
-0.791915 0.415625 -0.373267 -0.56875
-0.915945 0.721875 -0.368689 -0.65625
-0.596871 0.7 -0.369054 -0.590625
0.0498665 0.503125 -0.37407 -0.590625
0.218191 0.459375 -0.378787 -0.48125
-0.0988909 0.328125 -0.385548 -0.6125
-0.624274 0.39375 -0.385041 -0.590625
-0.878687 0.678125 -0.382207 -0.56875
-0.882496 0.65625 -0.386052 -0.590625
-0.312368 0.678125 -0.388452 -0.6125
0.0911656 0.56875 -0.398702 -0.56875
0.0674415 0.415625 -0.405744 -0.590625
-0.339029 0.503125 -0.411633 -0.35
-0.868337 0.546875 -0.413161 -0.590625
-0.946139 0.678125 -0.410028 -0.56875
-0.393165 0.678125 -0.42115 -0.74375
-0.0243891 0.590625 -0.430528 -0.56875
0.0686331 0.415625 -0.436989 -0.56875
-0.294226 0.371875 -0.442878 -0.56875
-0.705071 0.415625 -0.442661 -0.525
-1.02955 0.765625 -0.450285 -0.721875
-0.549264 0.809375 -0.458791 -0.678125
-0.136877 0.765625 -0.465252 -0.546875
0.100207 0.525 -0.473757 -0.48125
-0.290868 0.30625 -0.480519 -0.56875
-0.775257 0.65625 -0.481165 -0.678125
-1.03012 0.74375 -0.478041 -0.7
-0.670052 0.83125 -0.483048 -0.525
-0.230758 0.83125 -0.489228 -0.590625
0.0957156 0.678125 -0.496561 -0.56875
-0.179921 0.590625 -0.502741 -0.634375
-0.708371 0.56875 -0.50048 -0.525
-1.18084 0.7 -0.498519 -0.634375
-0.794765 1.05 -0.495676 -0.634375
-0.429464 0.765625 -0.493715 -0.634375
0.129602 0.678125 -0.502211 -0.6125
-0.0984993 0.48125 -0.503739 -0.503125
-0.712863 0.7 -0.499733 -0.634375
-0.910436 0.809375 -0.493702 -0.634375
-1.19568 0.875 -0.479811 -0.56875
-0.52772 0.984375 -0.479885 -0.6125
-0.160252 0.2625 -0.489254 -0.6125
0.0794489 0.48125 -0.476235 -0.56875
-0.430539 0.56875 -0.471357 -0.525
-1.16512 0.853125 -0.460374 -0.634375
-1.20279 1.09375 -0.449691 -0.809375
-0.577581 1.11563 -0.442778 -0.4375
-0.0907502 0.984375 -0.4379 -0.678125
0.0771239 0.74375 -0.44 -0.678125
-0.476475 0.546875 -0.433087 -0.2625
-1.19738 0.765625 -0.420941 -0.634375
-1.20511 0.984375 -0.409957 -0.721875
-0.536295 0.9625 -0.417009 -0.634375
-0.0468474 1.09375 -0.417946 -0.7
0.0021137 0.74375 -0.416267 -0.65625
-0.596405 0.809375 -0.415169 -0.6125
-1.12702 0.853125 -0.409128 -0.590625
-0.857243 0.984375 -0.40425 -0.56875
-0.534695 0.4375 -0.40635 -0.459375
-0.120549 0.83125 -0.40845 -0.415625
-0.205038 0.875 -0.415202 -0.7
-0.688569 0.765625 -0.406544 -0.6125
-1.01481 0.940625 -0.406028 -0.6125
-0.858259 0.91875 -0.399115 -0.56875
-0.287273 1.02812 -0.401215 -0.546875
-0.00571963 0.721875 -0.404187 -0.590625
-0.322801 0.765625 -0.408613 -0.56875
-0.764887 0.6125 -0.40548 -0.678125
-1.21004 0.765625 -0.399439 -0.634375
-0.776429 0.940625 -0.401539 -0.56875
-0.21998 0.91875 -0.399569 -0.634375
0.0633322 0.721875 -0.420567 -0.634375
-0.211446 0.65625 -0.419469 -0.634375
-0.858809 0.371875 -0.427093 -0.83125
-0.984147 0.9625 -0.424541 -0.65625
-0.943895 0.875 -0.426922 -0.634375
-0.185235 1.07187 -0.436872 -0.546875
-0.0186696 0.634375 -0.450311 -0.6125
-0.263066 0.7875 -0.469565 -0.6125
-0.981806 0.634375 -0.464106 -0.6125
-1.19437 1.02812 -0.467078 -0.634375
-1.08535 0.940625 -0.474993 -0.678125
-0.399379 1.02812 -0.479128 -0.678125
0.0433906 0.765625 -0.494302 -0.875
-0.183852 0.7 -0.512393 -0.7
-0.757221 0.7 -0.514493 -0.7875
-1.23276 0.853125 -0.508161 -0.853125
-1.24004 1.18125 -0.511133 -0.765625
-0.568603 1.24687 -0.532994 -0.74375
0.00761648 0.91875 -0.546143 -0.634375
-0.148249 0.765625 -0.550859 -0.74375
-0.63178 0.853125 -0.553541 -0.940625
-1.23815 0.853125 -0.551561 -0.74375
-1.24588 1.225 -0.553661 -0.74375
-0.651055 1.15938 -0.572043 -0.74375
0.0256156 0.765625 -0.573561 -0.74375
-0.0412696 0.74375 -0.593387 -0.7
-0.565795 0.721875 -0.599848 -0.765625
-0.938262 0.83125 -0.591772 -0.7875
-1.25258 0.91875 -0.594163 -0.809375
-0.744977 1.1375 -0.613989 -0.7875
-0.173991 0.984375 -0.618415 -0.83125
0.0665683 0.765625 -0.625748 -0.809375
-0.369426 0.809375 -0.636561 -0.853125
-0.855573 0.634375 -0.641278 -0.83125
-0.979603 0.7875 -0.642506 -0.853125
-0.74951 0.940625 -0.64605 -0.875
-0.311974 0.83125 -0.655419 -1.05
0.0131906 0.83125 -0.658672 -0.809375
-0.422804 0.525 -0.666296 -0.91875
-0.820421 0.765625 -0.670141 -0.896875
-1.19158 0.83125 -0.666407 -0.853125
-0.831962 1.1375 -0.667335 -0.91875
-0.348648 0.9625 -0.676976 -0.896875
0.137732 0.809375 -0.682265 -0.940625
-0.178491 0.7875 -0.690743 -0.83125
-0.794163 0.853125 -0.689054 -0.940625
-1.2697 0.984375 -0.682704 -0.940625
-1.27919 1.225 -0.684794 -0.896875
-0.56545 1.09375 -0.687167 -0.896875
0.0821461 0.91875 -0.693328 -0.83125
0.133274 0.7875 -0.700933 -0.91875
-0.391251 0.678125 -0.700689 -0.83125
-1.27297 0.74375 -0.696383 -0.91875
-1.28332 1.07187 -0.690033 -0.896875
-0.851012 1.18125 -0.685728 -0.896875
-0.177409 0.56875 -0.696241 -0.853125
0.282515 0.853125 -0.699485 -0.940625
-0.282146 0.7875 -0.700413 -0.91875
-1.0445 0.721875 -0.694063 -0.65625
-1.28744 0.875 -0.689176 -0.7
-0.985112 1.20312 -0.687187 -0.853125
-0.29783 0.9625 -0.687815 -0.896875
0.0321183 0.7 -0.694267 -0.940625
-0.123747 0.809375 -0.694894 -1.00625
-0.680413 0.809375 -0.6868 -0.875
-1.25378 0.896875 -0.679878 -0.940625
-0.983146 1.05 -0.6744 -0.940625
-0.369857 1.18125 -0.672702 -0.91875
0.0755294 0.7875 -0.676246 -0.875
-0.240694 0.74375 -0.676293 -0.896875
-0.563009 0.56875 -0.669943 -1.02812
-0.844779 0.896875 -0.661848 -0.853125
-0.729674 0.809375 -0.654054 -0.91875
-0.24636 0.7875 -0.651483 -0.853125
-0.0361835 0.74375 -0.646006 -0.9625
-0.119814 0.74375 -0.646052 -0.9625
-0.602036 0.590625 -0.634769 -0.896875
-1.04502 0.6125 -0.615917 -0.83125
-0.725091 0.371875 -0.609857 -0.7875
-0.198166 0.7875 -0.603507 -0.875
0.203159 0.48125 -0.598611 -0.809375
0.00629889 0.6125 -0.598957 -0.765625
-0.475065 0.503125 -0.586211 -0.83125
-0.917601 0.590625 -0.574919 -0.721875
-0.921859 0.765625 -0.566824 -0.74375
-0.440712 0.765625 -0.556985 -0.809375
0.133749 0.546875 -0.55238 -0.721875
0.141716 0.48125 -0.545739 -0.74375
-0.306649 0.30625 -0.537944 -0.809375
-0.819704 0.48125 -0.523744 -0.765625
-0.984728 0.525 -0.509254 -0.74375
-0.592561 0.678125 -0.506393 -0.721875
-0.149792 0.721875 -0.49888 -0.678125
0.17754 0.48125 -0.494274 -0.74375
-0.167758 0.35 -0.494902 -0.7
-0.620906 0.459375 -0.485935 -0.721875
-0.97667 0.546875 -0.475806 -0.634375
-0.746577 0.7875 -0.470619 -0.7
-0.337257 0.7 -0.467467 -0.65625
0.0178406 0.56875 -0.467222 -0.6125
-0.138025 0.546875 -0.465233 -0.65625
-0.415871 0.503125 -0.456267 -0.65625
-0.812629 0.65625 -0.451661 -0.74375
-0.787363 0.6125 -0.443276 -0.678125
-0.379351 0.853125 -0.436635 -0.853125
-0.170933 0.6125 -0.439007 -0.678125
-0.137817 0.634375 -0.437019 -0.678125
-0.531959 0.6125 -0.433867 -0.678125
-0.812421 0.634375 -0.431006 -0.65625
-0.699933 0.7 -0.42262 -0.7875
-0.465057 0.721875 -0.42383 -0.65625
-0.140342 0.65625 -0.43318 -0.590625
-0.0926891 0.525 -0.431772 -0.809375
-0.45514 0.546875 -0.432109 -0.765625
-0.809596 0.6125 -0.434481 -0.765625
-0.813404 0.765625 -0.440633 -0.65625
-0.492614 0.74375 -0.44038 -0.678125
-0.169208 0.65625 -0.445078 -0.678125
-0.00440019 0.65625 -0.458207 -0.634375
-0.324098 0.590625 -0.462906 -0.65625
-0.690474 0.721875 -0.468467 -0.74375
-0.855948 0.721875 -0.472583 -0.65625
-0.698991 0.83125 -0.479017 -0.503125
-0.331973 0.7875 -0.493591 -0.634375
-0.0944807 0.721875 -0.500906 -0.678125
-0.252105 0.284375 -0.510828 -0.546875
-0.530809 0.875 -0.517852 -0.65625
-0.971178 0.74375 -0.52225 -0.65625
-0.787763 0.83125 -0.526939 -0.65625
-0.379751 0.896875 -0.536289 -0.678125
-0.053728 0.74375 -0.548828 -0.634375
-0.166433 0.56875 -0.55875 -0.634375
-0.5315 0.634375 -0.575659 -0.74375
-0.813271 0.459375 -0.571044 -0.74375
-0.862448 0.83125 -0.575733 -0.7875
-0.542967 0.809375 -0.584211 -0.74375
-0.263171 0.74375 -0.595006 -0.74375
-0.143284 0.7 -0.6058 -0.809375
-0.332148 0.590625 -0.612233 -0.74375
-0.654913 0.765625 -0.618967 -0.809375
-0.788696 0.721875 -0.6254 -0.809375
-0.544517 0.240625 -0.630961 -0.853125
-0.308333 0.721875 -0.641756 -0.853125
-0.101222 0.65625 -0.654885 -0.7
-0.302458 0.7 -0.663935 -0.853125
-0.494389 0.56875 -0.666589 -0.83125
-0.744469 0.6125 -0.67215 -0.83125
-0.660196 0.809375 -0.68935 -0.875
-0.426629 0.678125 -0.690259 -0.896875
-0.145525 0.30625 -0.704543 -0.940625
-0.141934 0.678125 -0.714756 -0.91875
-0.373551 0.590625 -0.723806 -0.896875
-0.623631 0.6125 -0.72675 -0.91875
-0.699266 0.7 -0.731739 -0.853125
-0.539692 0.634375 -0.735556 -1.24687
-0.259896 0.525 -0.744896 -1.24687
-0.0963974 0.546875 -0.752202 -1.02812
-0.297633 0.525 -0.759798 -1.05
-0.489564 0.48125 -0.759835 -1.07187
-0.783255 0.6125 -0.764815 -1.07187
-0.654063 0.65625 -0.763398 -0.984375
-0.375576 0.721875 -0.767215 -0.875
0.0218239 0.525 -0.775393 -1.00625
-0.207177 0.39375 -0.777465 -1.00625
-0.64538 0.415625 -0.781 -0.984375
-0.898076 0.56875 -0.779583 -1.00625
-0.78473 0.809375 -0.781946 -0.9625
-0.376718 0.74375 -0.784019 -0.91875
-0.140534 0.74375 -0.788707 -1.07187
-0.166016 0.30625 -0.789907 -1.05
-0.413479 0.546875 -0.794015 -1.05
-0.781163 0.74375 -0.781259 -0.9625
-0.74181 0.48125 -0.785367 -1.02812
-0.580928 0.503125 -0.785985 -1.05
-0.168991 0.4375 -0.78108 -0.91875
-0.208152 0.56875 -0.784315 -1.1375
-0.412004 0.525 -0.777365 -1.00625
-0.689849 0.634375 -0.769261 -0.9625
-0.692799 0.74375 -0.76203 -1.07187
-0.414312 0.65625 -0.753635 -0.940625
-0.160974 0.284375 -0.748148 -0.940625
-0.128309 0.525 -0.740626 -0.940625
-0.403537 0.634375 -0.730778 -0.91875
-0.610456 0.56875 -0.727035 -0.940625
-0.686091 0.590625 -0.708174 -0.9625
-0.291308 0.65625 -0.690767 -0.984375
-0.285099 0.503125 -0.689059 -0.875
-0.117675 0.765625 -0.669026 -1.00625
-0.390287 0.48125 -0.643478 -1.00625
-0.463756 0.6125 -0.636519 -1.05
-0.461922 0.525 -0.61415 -1.05
-0.225738 0.525 -0.597015 -1.1375
-0.104992 0.4375 -0.584241 -0.984375
-0.174535 0.7 -0.569431 -1.00625
-0.333918 0.721875 -0.55753 -0.875
-0.53777 0.39375 -0.540976 -0.940625
-0.450022 0.678125 -0.53547 -0.9625
-0.255283 0.459375 -0.533163 -1.02812
-0.0460057 0.56875 -0.530856 -0.7875
-0.245933 0.371875 -0.532328 -1.00625
-0.524228 0.678125 -0.528267 -0.7875
-0.686227 0.74375 -0.528867 -0.74375
-0.570714 0.590625 -0.527722 -0.7875
-0.364912 0.7875 -0.52745 -0.809375
-0.246783 0.525 -0.530085 -0.65625
-0.362554 -0.065625 -0.528941 -0.6125
-0.642158 0.525 -0.530404 -0.678125
-0.73233 0.896875 -0.520537 -0.2625
-0.60228 0.65625 -0.51852 -0.678125
-0.369162 0.21875 -0.513887 -0.7
-0.367329 0.940625 -0.512443 -0.634375
-0.485717 0.875 -0.50403 -0.65625
-0.649883 0.74375 -0.501141 -0.721875
-0.903029 0.7875 -0.493891 -0.634375
-0.61438 0.853125 -0.484306 -0.65625
-0.423565 0.765625 -0.481998 -0.721875
-0.173294 0.91875 -0.48347 -0.7875
-0.375837 0.678125 -0.477383 -0.765625
-0.699052 0.74375 -0.475939 -0.7875
-0.747371 0.765625 -0.478283 -0.7
-0.617321 0.765625 -0.471324 -0.65625
-0.339284 0.83125 -0.487906 -0.7
-0.219396 0.7875 -0.490831 -0.74375
-0.452772 0.83125 -0.492013 -0.7
-0.542086 0.240625 -0.502198 -0.65625
-0.661783 0.83125 -0.50745 -0.74375
-0.54627 0.39375 -0.507759 -0.7875
-0.384529 0.284375 -0.522306 -0.6125
-0.382696 0.6125 -0.523487 -0.65625
-0.499325 0.83125 -0.527567 -0.678125
-0.500109 0.65625 -0.53718 -0.765625
-0.618496 0.678125 -0.542141 -0.721875
-0.456756 0.590625 -0.546802 -0.765625
-0.296323 0.39375 -0.551181 -0.7
-0.383021 0.6125 -0.552354 -0.7
-0.54502 0.721875 -0.553826 -0.65625
-0.662958 0.65625 -0.558206 -0.721875
-0.502525 0.765625 -0.557633 -0.7
-0.297173 0.7 -0.559978 -0.83125
-0.29534 0.35 -0.563767 -0.721875
-0.294815 0.48125 -0.56553 -0.56875
-0.616721 0.6125 -0.559433 -0.765625
-0.707344 0.525 -0.556835 -0.875
-0.54822 0.678125 -0.560043 -0.634375
-0.222646 0.678125 -0.558607 -0.853125
-0.0569807 0.6125 -0.56007 -0.7
-0.213296 0.48125 -0.559798 -0.284375
-0.490284 0.503125 -0.559517 -0.74375
-0.608671 0.39375 -0.553711 -0.721875
-0.493159 0.809375 -0.552857 -0.721875
-0.257424 0.6125 -0.549378 -0.7875
-0.0481474 0.590625 -0.549396 -0.678125
-0.117691 0.7 -0.545335 -0.83125
-0.275765 0.634375 -0.542446 -0.765625
-0.407382 0.678125 -0.536641 -0.678125
-0.479542 0.503125 -0.531707 -0.634375
-0.245116 0.525 -0.527365 -0.74375
-0.0807585 0.0875 -0.521559 -0.65625
-0.105383 0.65625 -0.51837 -0.91875
-0.234383 0.48125 -0.513737 -0.634375
-0.350154 0.503125 -0.506187 -0.678125
-0.349629 0.634375 -0.497193 -0.678125
-0.304184 0.459375 -0.492259 -0.546875
-0.0970743 0.546875 -0.486163 -0.765625
-0.256457 0.4375 -0.476578 -0.678125
-0.388073 0.48125 -0.469328 -0.634375
-0.417931 0.634375 -0.460615 -0.65625
-0.462325 0.6125 -0.456554 -0.7
-0.258282 0.0875 -0.450757 -0.678125
-0.343671 0.503125 -0.446696 -0.678125
-0.298226 0.6125 -0.446706 -0.7
-0.416614 0.196875 -0.444389 -0.590625
-0.623533 0.525 -0.439756 -0.590625
-0.552939 0.546875 -0.435404 -0.65625
-0.4665 0.590625 -0.434831 -0.765625
-0.307826 0.590625 -0.433969 -0.765625
-0.305993 0.503125 -0.43892 -0.721875
-0.423072 0.65625 -0.441837 -0.634375
-0.629991 0.678125 -0.43923 -0.678125
-0.721921 0.853125 -0.437785 -0.6125
-0.594488 0.74375 -0.437213 -0.678125
-0.566197 0.21875 -0.437813 -0.590625
-0.405765 0.896875 -0.439857 -0.56875
-0.567764 0.809375 -0.439285 -0.6125
-0.68746 0.853125 -0.438713 -0.721875
-0.73578 0.875 -0.439013 -0.6125
-0.695569 0.984375 -0.43815 -0.546875
-0.581364 0.328125 -0.442811 -0.56875
-0.582147 1.00625 -0.4466 -0.546875
-0.585547 0.83125 -0.446028 -0.546875
-0.705694 0.9625 -0.4472 -0.56875
-0.783087 0.525 -0.445465 -0.590625
-0.597506 0.9625 -0.452743 -0.678125
-0.673591 0.809375 -0.447519 -0.678125
-0.602997 1.00625 -0.457704 -0.56875
-0.679083 0.9625 -0.464981 -0.721875
-0.800087 0.9625 -0.462374 -0.765625
-0.847098 1.00625 -0.473131 -0.634375
-0.616597 0.984375 -0.472269 -0.30625
-0.572911 1.00625 -0.475767 -0.678125
-0.648996 1.05 -0.480428 -0.56875
-0.740927 0.9625 -0.484217 -0.415625
-0.861932 1.09375 -0.488006 -0.6125
-0.823029 0.74375 -0.494702 -0.74375
-0.826429 1.15938 -0.500526 -0.634375
-0.595928 0.765625 -0.500244 -0.721875
-0.554409 0.853125 -0.514781 -0.590625
-0.718166 0.83125 -0.516826 -0.678125
-0.766485 1.07187 -0.523231 -0.6125
-0.976021 0.984375 -0.525276 -0.875
-0.774594 1.11563 -0.524704 -0.65625
-0.688155 1.18125 -0.534598 -0.678125
-0.499957 0.7875 -0.533435 -0.678125
-0.690171 0.83125 -0.545656 -0.415625
-0.69488 0.9625 -0.547409 -0.765625
-0.860804 1.00625 -0.541313 -0.875
-0.909123 0.984375 -0.548881 -0.6125
-0.633703 1.07187 -0.557894 -0.7
-0.633178 0.91875 -0.558776 -0.721875
-0.630486 0.91875 -0.569833 -0.91875
-0.791177 0.7 -0.571878 -0.65625
-0.750966 1.00625 -0.574494 -0.7875
-0.84028 1.09375 -0.572759 -0.91875
-0.756458 0.7875 -0.575676 -0.7
-0.686314 1.20312 -0.583817 -0.896875
-0.643486 0.83125 -0.582081 -0.7875
-0.645578 0.940625 -0.58965 -0.74375
-0.64767 0.65625 -0.594011 -0.721875
-0.722446 1.07187 -0.593148 -0.940625
-0.888821 0.9625 -0.591704 -0.853125
-0.935832 1.07187 -0.599844 -0.91875
-0.733096 1.15938 -0.596365 -0.74375
-0.661195 1.00625 -0.60277 -0.765625
-0.456293 1.00625 -0.611783 -0.809375
-0.704206 1.11563 -0.616444 -0.809375
-0.942815 1.225 -0.612965 -0.853125
-0.948832 1.11563 -0.613837 -0.765625
-0.790158 1.29062 -0.621115 -0.809375
-0.586114 1.00625 -0.630128 -0.74375
-0.423065 1.20312 -0.634789 -0.74375
-0.628675 1.05 -0.643511 -0.853125
-0.880963 0.91875 -0.637415 -0.83125
-0.959665 1.15938 -0.638878 -1.05
-0.889071 1.225 -0.645856 -0.765625
-0.568732 1.09375 -0.650517 -0.83125
-0.481434 0.896875 -0.646737 -0.940625
-0.566823 0.875 -0.659539 -0.853125
-0.846427 0.875 -0.659539 -0.9625
-0.893438 0.984375 -0.659257 -0.721875
-0.85106 1.07187 -0.666535 -0.896875
-0.57564 1.15938 -0.66858 -0.875
-0.531504 0.984375 -0.670324 -0.875
-0.530979 0.809375 -0.673531 -0.940625
-0.604447 1.07187 -0.676448 -0.853125
-0.855427 0.809375 -0.674131 -1.05
-0.741222 0.7 -0.675304 -0.940625
-0.77108 1.15938 -0.677348 -0.721875
-0.537962 0.9625 -0.677348 -0.83125
-0.492518 1.11563 -0.6823 -0.7875
-0.446215 0.83125 -0.684344 -1.09375
-0.532912 0.7 -0.683772 -0.91875
-0.532387 0.853125 -0.681456 -0.7875
-0.604547 0.74375 -0.68698 -0.91875
-0.604022 0.721875 -0.684663 -1.11563
-0.528646 0.721875 -0.681183 -0.809375
-0.319369 0.7 -0.686135 -0.853125
-0.271308 0.896875 -0.690787 -0.91875
-0.352771 0.678125 -0.685854 -0.809375
-0.585289 0.7875 -0.686444 -0.940625
-0.716906 0.91875 -0.683256 -0.875
-0.553857 0.74375 -0.683546 -0.678125
-0.228284 0.721875 -0.68152 -0.7875
-0.01684 0.503125 -0.683565 -0.940625
-0.12607 0.4375 -0.674843 -0.83125
-0.442743 0.459375 -0.66613 -0.940625
-0.5982 0.525 -0.652765 -0.809375
-0.426443 0.371875 -0.642298 -0.809375
-0.0520252 0.371875 -0.631259 -0.875
0.0316517 0.371875 -0.623709 -0.853125
-0.00534278 0.21875 -0.614115 -0.896875
-0.277096 0.13125 -0.600459 -0.896875
-0.435171 0.328125 -0.580107 -0.984375
-0.34219 0.415625 -0.562963 -0.91875
-0.175666 0.328125 -0.551633 -0.853125
0.0243072 0.30625 -0.540876 -0.9625
0.0339906 0.284375 -0.531291 -0.91875
-0.120609 0.240625 -0.52315 -1.1375
-0.350059 0.0875 -0.516181 -0.875
-0.435448 0.415625 -0.508041 -0.875
-0.389146 0.371875 -0.506596 -0.7875
-0.181177 0.4375 -0.502244 -0.809375
-0.0578141 0.240625 -0.500209 -0.91875
-0.168802 0.328125 -0.50487 -0.7
-0.325568 0.415625 -0.506615 -0.634375
-0.528561 0.21875 -0.510404 -0.721875
-0.646091 0.48125 -0.507787 -0.721875
-0.436814 0.48125 -0.509831 -0.853125
-0.198463 0.525 -0.515937 -0.74375
-0.306834 0.459375 -0.517681 -0.7
-0.552131 0.503125 -0.515365 -0.9625
-0.789432 0.56875 -0.511585 -0.74375
-0.747054 0.721875 -0.51363 -0.765625
-0.4664 0.7875 -0.508106 -0.809375
-0.221508 0.765625 -0.511313 -0.371875
-0.569013 0.65625 -0.522943 -0.875
-0.778548 0.634375 -0.517128 -0.765625
-1.10438 0.853125 -0.520917 -0.39375
-0.713113 1.00625 -0.527894 -0.765625
-0.345237 1.09375 -0.538661 -0.721875
-0.298484 0.765625 -0.548256 -0.678125
-0.661835 0.634375 -0.556106 -0.765625
-1.17926 0.984375 -0.55815 -0.678125
-0.834226 1.09375 -0.563383 -0.765625
-0.260215 0.984375 -0.575594 -0.83125
-0.224074 0.809375 -0.588106 -0.7875
-0.574196 0.765625 -0.595083 -0.9625
-0.946256 0.940625 -0.596828 -0.83125
-0.909111 0.984375 -0.600617 -0.809375
-0.586155 0.9625 -0.609339 -0.875
-0.186588 1.15938 -0.62155 -0.7875
-0.253965 0.74375 -0.631444 -0.853125
-0.738396 0.415625 -0.634933 -0.48125
-0.952306 0.721875 -0.634933 -0.83125
-0.91602 1.02812 -0.636678 -0.853125
-0.476767 0.83125 -0.656748 -0.875
-0.150335 0.853125 -0.663726 -0.875
-0.18688 0.678125 -0.666633 -0.896875
-0.946656 0.546875 -0.675065 -0.91875
-1.18919 0.875 -0.678554 -0.940625
-0.589171 1.00625 -0.683215 -0.896875
-0.0218474 0.875 -0.690483 -1.11563
0.105441 0.65625 -0.711126 -0.853125
-0.696638 0.48125 -0.705311 -0.896875
-1.17307 0.83125 -0.707637 -1.00625
-1.18216 1.11563 -0.70443 -0.940625
-0.350854 0.9625 -0.714587 -0.853125
0.148568 0.6125 -0.731731 -0.940625
-0.114477 0.525 -0.747122 -0.9625
-0.760573 0.459375 -0.740126 -1.02812
-1.16216 0.65625 -0.740989 -1.00625
-0.651527 1.05 -0.742133 -1.00625
0.122791 0.765625 -0.756361 -0.853125
0.385695 0.56875 -0.770307 -1.00625
-0.454761 0.56875 -0.774941 -0.940625
-1.13386 0.525 -0.767363 -0.984375
-1.14163 0.765625 -0.760957 -0.9625
-0.145188 0.83125 -0.770243 -0.940625
0.467914 0.65625 -0.779237 -0.9625
-0.0316493 0.4375 -0.786778 -1.00625
-0.808129 0.35 -0.782117 -0.9625
-1.00881 0.328125 -0.776574 -1.05
-1.13157 0.525 -0.766961 -0.809375
-0.21174 0.91875 -0.771013 -0.984375
0.282449 0.678125 -0.775937 -0.809375
0.207077 0.4375 -0.777381 -0.984375
-0.713915 0.240625 -0.76835 -0.940625
-1.11681 0.6125 -0.754957 -1.02812
-0.681929 0.7875 -0.741565 -1.02812
0.132075 0.721875 -0.742128 -1.05
0.474206 0.6125 -0.736013 -1.00625
-0.0861215 0.021875 -0.725237 -0.48125
-0.80707 0.175 -0.689457 -0.896875
-1.09105 0.56875 -0.665598 -1.00625
-0.138216 0.678125 -0.656276 -0.809375
0.489423 0.459375 -0.643465 -0.940625
0.461587 0.48125 -0.640248 -0.853125
-0.267807 -0.2625 -0.625993 -0.853125
-0.945594 0.39375 -0.60097 -0.590625
-1.07097 0.590625 -0.577111 -0.503125
-0.399578 0.546875 -0.559067 -0.83125
0.341741 0.525 -0.543348 -0.721875
0.360132 0.39375 -0.531119 -0.853125
-0.250348 -0.13125 -0.516272 -0.853125
-0.695543 0.546875 -0.495611 -0.809375
-1.05613 0.765625 -0.478148 -0.853125
-0.752087 0.65625 -0.458069 -0.678125
-0.0622298 0.65625 -0.449619 -0.765625
0.355349 0.6125 -0.440006 -0.7
0.0699165 0.021875 -0.436498 -0.74375
-0.486341 0.109375 -0.418163 -0.809375
-0.90332 0.48125 -0.410004 -0.65625
-1.05908 0.328125 -0.392541 -0.7
-0.462988 0.7 -0.386417 -0.875
0.0563498 0.809375 -0.386689 -0.721875
0.0338924 0.48125 -0.393067 -0.65625
-0.44968 0.284375 -0.377348 -0.546875
-1.0574 0.546875 -0.370643 -0.328125
-1.0691 1.07187 -0.355506 -0.7875
-1.07557 0.91875 -0.354033 -0.590625
-0.150498 1.11563 -0.354887 -0.678125
0.0160257 0.7 -0.360102 -0.65625
-0.437164 0.48125 -0.370831 -0.546875
-1.07396 0.853125 -0.362963 -0.56875
-1.36317 1.1375 -0.356839 -0.503125
-1.09866 1.24687 -0.356239 -0.503125
-0.314898 1.24687 -0.362617 -0.503125
-0.108688 0.765625 -0.371611 -0.74375
-0.223601 0.83125 -0.379733 -0.590625
-0.830011 0.809375 -0.380006 -0.590625
-1.11792 0.721875 -0.379106 -0.525
-1.12961 1.02812 -0.378506 -0.525
-0.579749 1.09375 -0.384011 -0.48125
-0.302162 0.74375 -0.392133 -0.503125
-0.212248 0.721875 -0.401128 -0.48125
-0.668055 0.634375 -0.404589 -0.525
-1.11456 0.83125 -0.404861 -0.503125
-1.15533 1.225 -0.404261 -0.634375
-0.855212 1.24687 -0.408022 -0.721875
-0.536631 1.05 -0.4141 -0.503125
-0.240582 0.91875 -0.424839 -0.4375
-0.490703 0.7875 -0.430344 -0.56875
-1.09535 0.853125 -0.431789 -0.590625
-1.17974 1.18125 -0.431489 -0.503125
-1.19144 1.20312 -0.431189 -0.590625
-0.565822 1.18125 -0.438739 -0.503125
-0.269773 1.07187 -0.449778 -0.525
-0.355612 0.853125 -0.4582 -0.721875
-0.959406 0.809375 -0.460517 -0.678125
-1.20325 1.11563 -0.460517 -0.765625
-1.21102 1.20312 -0.462833 -0.2625
-0.423332 1.29062 -0.472128 -0.65625
-0.125974 0.91875 -0.484039 -0.503125
-0.371271 0.765625 -0.490717 -0.4375
-1.09267 0.83125 -0.491289 -0.6125
-1.22067 1.11563 -0.489244 -0.634375
-1.22975 1.20312 -0.489817 -0.634375
-0.353526 1.29062 -0.505798 -0.634375
-0.0676391 0.7875 -0.51015 -0.634375
-0.457447 0.7 -0.518572 -0.634375
-1.03478 0.7875 -0.516528 -0.809375
-1.23547 1.02812 -0.527267 -0.721875
-1.2441 1.18125 -0.514756 -0.721875
-0.366568 0.875 -0.536261 -0.721875
0.00478315 0.91875 -0.538869 -0.721875
-0.151124 0.7 -0.553687 -0.634375
-0.929362 0.7 -0.553387 -0.721875
-1.24589 0.853125 -0.55047 -0.809375
-1.25236 1.09375 -0.544646 -0.91875
-0.210994 1.15938 -0.562081 -0.7
0.194665 0.765625 -0.577481 -0.9625
-0.0749224 0.678125 -0.586767 -0.7
-0.926704 0.678125 -0.581815 -0.7
-1.47889 0.546875 -0.584422 -0.721875
-1.25407 1.1375 -0.579761 -0.765625
-0.214019 1.15938 -0.585276 -0.415625
0.355472 0.721875 -0.604456 -0.7875
-0.117184 0.56875 -0.616357 -0.4375
-0.792354 0.590625 -0.610533 -0.853125
-1.24016 0.7875 -0.605 -0.7875
-1.24925 1.02812 -0.606735 -0.809375
-0.168199 0.984375 -0.60818 -0.875
0.282379 0.7 -0.618919 -0.875
0.132154 0.503125 -0.627341 -0.91875
-0.669924 0.546875 -0.63082 -0.83125
-1.23403 0.39375 -0.62267 -0.765625
-0.890301 0.875 -0.619744 -0.809375
-0.200444 0.765625 -0.622061 -0.896875
0.292437 0.875 -0.631356 -0.7875
0.0549906 0.503125 -0.635417 -0.721875
-0.585872 0.525 -0.637724 -0.809375
-1.14867 0.721875 -0.623469 -0.809375
-1.23044 0.328125 -0.616191 -0.853125
-0.512817 0.91875 -0.610357 -0.7875
0.344798 0.65625 -0.620233 -0.7
0.389647 0.525 -0.623422 -0.7875
-0.365754 0.39375 -0.621369 -0.809375
-1.20476 0.6125 -0.607113 -0.765625
-1.21646 0.7875 -0.59402 -0.74375
-0.661358 0.809375 -0.579174 -0.7875
0.365323 0.721875 -0.584398 -0.74375
0.539697 0.546875 -0.581181 -0.765625
-0.0668585 0.284375 -0.570415 -0.7875
-1.06315 0.371875 -0.55267 -0.7875
-1.1907 0.634375 -0.53637 -0.765625
-0.520611 0.74375 -0.525604 -0.74375
0.249781 0.48125 -0.524131 -0.809375
0.517919 0.415625 -0.51947 -0.809375
0.0474304 0.39375 -0.511902 -0.765625
-0.683271 0.35 -0.493857 -0.875
-1.15362 0.35 -0.47495 -0.83125
-0.4373 0.590625 -0.46272 -0.74375
0.288173 0.459375 -0.466781 -0.7875
0.551078 0.284375 -0.46153 -0.7875
-0.0814854 0.371875 -0.459194 -0.65625
-0.888797 0.459375 -0.449 -0.74375
-1.13309 0.678125 -0.435326 -0.74375
-0.536996 0.7875 -0.432981 -0.765625
0.0695637 0.765625 -0.440531 -0.678125
0.360234 0.56875 -0.446619 -0.678125
-0.278012 0.0875 -0.447763 -0.678125
-0.925417 0.503125 -0.44223 -0.634375
-1.1261 0.74375 -0.435524 -0.765625
-0.693837 0.984375 -0.434061 -0.896875
-0.13743 0.7 -0.434915 -0.175
0.148007 0.634375 -0.445954 -0.525
-0.200807 0.503125 -0.448843 -0.65625
-0.934984 0.503125 -0.446207 -0.7
-1.13612 0.896875 -0.442119 -0.875
-1.14781 0.984375 -0.438311 -0.721875
-0.520031 0.7875 -0.447306 -0.7
-0.0614576 0.7 -0.459789 -0.6125
-0.14468 0.6125 -0.469356 -0.7
-0.950684 0.634375 -0.472244 -0.896875
-1.15267 1.02812 -0.470472 -0.65625
-1.16437 1.1375 -0.469872 -0.7
-0.451984 1.18125 -0.477122 -0.525
-0.128169 0.853125 -0.486689 -0.65625
-0.284526 0.7 -0.496556 -0.65625
-0.728412 0.765625 -0.498272 -0.678125
-1.17622 1.02812 -0.497672 -0.6125
-1.30422 1.02812 -0.496772 -0.678125
-0.726588 1.3125 -0.501406 -0.853125
-0.197946 0.9625 -0.511844 -0.35
-0.0314224 0.634375 -0.523456 -0.6125
-0.557297 0.984375 -0.528661 -0.678125
-1.19454 0.853125 -0.528061 -0.65625
-1.23662 1.29062 -0.526289 -0.940625
-1.06603 1.42188 -0.530922 -0.74375
-0.214955 1.26875 -0.543106 -0.721875
-0.0458141 0.721875 -0.556461 -0.83125
-0.411782 0.765625 -0.560794 -0.39375
-0.901896 1.00625 -0.561067 -0.65625
-1.22018 0.940625 -0.559294 -0.74375
-1.23102 1.37813 -0.569443 -0.74375
-0.443332 1.3125 -0.566517 -0.721875
-0.0706724 0.91875 -0.588004 -0.765625
-0.22658 0.809375 -0.590602 -0.721875
-0.917596 0.7 -0.595226 -0.74375
-1.23457 0.940625 -0.592581 -0.7875
-1.24541 0.74375 -0.594017 -0.83125
-0.620247 1.20312 -0.598059 -0.35
-0.0889891 1.1375 -0.609089 -0.809375
0.00354148 0.940625 -0.61662 -0.853125
-0.480031 0.590625 -0.619209 -0.875
-1.24504 0.896875 -0.606689 -0.853125
-1.25674 0.74375 -0.606952 -0.853125
-1.07337 0.809375 -0.615065 -0.74375
-0.313441 0.896875 -0.622015 -0.853125
0.145132 1.00625 -0.622578 -0.809375
-0.0107752 0.74375 -0.642611 -0.83125
-0.697866 0.546875 -0.643165 -0.525
-1.02852 0.940625 -0.638204 -0.853125
-1.27282 1.00625 -0.628291 -0.853125
-1.27928 1.07187 -0.641928 -0.83125
-0.330374 0.83125 -0.63405 -0.875
0.207426 0.459375 -0.655837 -0.896875
0.215351 0.721875 -0.669183 -1.09375
-0.54095 0.678125 -0.669737 -0.896875
-1.11829 0.83125 -0.67 -0.875
-1.27536 1.05 -0.670844 -0.91875
-1.28444 1.18125 -0.663267 -0.91875
-0.454446 1.07187 -0.671961 -0.83125
0.149048 0.74375 -0.680656 -0.940625
0.45033 0.546875 -0.691385 -0.83125
0.0922128 0.328125 -0.6963 -0.91875
-0.551267 0.459375 -0.700052 -0.896875
-1.27267 0.590625 -0.695963 -0.896875
-1.28089 1.00625 -0.690702 -0.896875
-0.614728 1.05 -0.690674 -0.875
0.0354433 0.875 -0.703148 -0.896875
0.45433 0.56875 -0.710098 -0.91875
0.331422 0.503125 -0.715304 -0.940625
-0.337657 0.503125 -0.71702 -0.91875
-0.823846 0.35 -0.715539 -0.91875
-1.12367 0.83125 -0.71115 -0.896875
-0.883007 0.809375 -0.701828 -0.940625
-0.280821 0.721875 -0.709941 -0.984375
0.30059 0.56875 -0.714274 -0.853125
0.341514 0.4375 -0.717444 -0.9625
-0.161974 0.590625 -0.72672 -0.853125
-0.777688 0.240625 -0.721487 -0.896875
-1.06298 0.6125 -0.704615 -0.91875
-0.949221 0.415625 -0.706641 -0.9625
-0.0963891 0.765625 -0.699072 -0.896875
0.48633 0.503125 -0.710402 -1.05
0.336965 0.39375 -0.710102 -1.09375
-0.301282 -0.109375 -0.700207 -0.91875
-0.949995 0.48125 -0.687987 -0.9625
-1.23528 0.590625 -0.672859 -0.9625
-0.610114 1.05 -0.662965 -0.875
0.0405072 0.56875 -0.658594 -0.875
0.4184 0.503125 -0.657422 -0.875
0.10651 0.39375 -0.652761 -0.940625
-0.533045 0.415625 -0.64025 -0.940625
-1.02185 0.459375 -0.620761 -1.05
-0.910712 0.678125 -0.607669 -0.9625
-0.457372 0.6125 -0.596902 -0.91875
0.191491 0.809375 -0.591369 -0.65625
0.36239 0.371875 -0.579439 -0.39375
0.0769572 0.284375 -0.571289 -0.853125
-0.521603 0.546875 -0.562557 -0.765625
-1.05271 0.525 -0.543069 -0.7875
-0.81074 0.6125 -0.518628 -0.634375
-0.41424 0.634375 -0.509896 -0.65625
0.119635 0.525 -0.501456 -0.7875
0.217399 0.634375 -0.494178 -0.459375
-0.259632 0.196875 -0.481376 -0.765625
-0.833043 0.459375 -0.465376 -0.678125
-1.19056 0.6125 -0.447341 -0.721875
-0.68431 0.56875 -0.430178 -0.678125
-0.241583 0.634375 -0.423472 -0.678125
0.216991 0.678125 -0.423172 -0.74375
0.0901572 0.634375 -0.421709 -0.678125
-0.4661 0.634375 -0.416176 -0.678125
-0.882221 0.48125 -0.402793 -0.678125
-1.1992 0.7 -0.389991 -0.6125
-0.856776 1.00625 -0.382413 -0.6125
-0.538195 0.875 -0.378333 -0.546875
-0.0531641 0.65625 -0.376289 -0.875
-0.0927752 0.546875 -0.377443 -0.721875
-0.28299 0.56875 -0.37597 -0.546875
-0.81234 0.590625 -0.36753 -0.634375
-0.939028 0.765625 -0.364613 -0.590625
-0.946803 0.875 -0.357335 -0.590625
-0.790746 0.853125 -0.35092 -0.7
-0.398171 0.91875 -0.356144 -0.678125
-0.23688 0.525 -0.359915 -0.525
-0.234188 0.678125 -0.368909 -0.48125
-0.512934 0.634375 -0.361922 -0.590625
-0.927746 0.83125 -0.364239 -0.525
-1.24472 1.05 -0.368581 -0.525
-1.1362 1.11563 -0.365083 -0.525
-0.659021 1.20312 -0.370889 -0.590625
-0.221527 1.07187 -0.379011 -0.4375
-0.101231 0.809375 -0.389178 -0.503125
-0.378668 0.7875 -0.395856 -0.4375
-0.866165 0.896875 -0.397872 -0.4375
-1.26906 1.11563 -0.398444 -0.503125
-1.27945 1.33438 -0.398717 -0.503125
-0.774502 1.37813 -0.40365 -0.48125
-0.411001 1.15938 -0.4112 -0.56875
-0.130797 1.09375 -0.421067 -0.503125
-0.291938 0.896875 -0.427744 -0.525
-0.776819 0.9625 -0.431506 -0.503125
-1.10572 1.09375 -0.43295 -0.546875
-1.2311 1.24687 -0.434094 -0.503125
-0.843755 1.42188 -0.438156 -0.546875
-0.597859 1.24687 -0.444533 -0.546875
-0.202667 1.1375 -0.453828 -0.546875
-0.478796 0.940625 -0.461378 -0.546875
-0.554022 0.984375 -0.466883 -0.546875
-0.878996 1.05 -0.470944 -0.590625
-1.04668 1.1375 -0.472961 -0.7
-0.890621 1.15938 -0.477594 -0.765625
-0.733255 1.11563 -0.4834 -0.56875
-0.40944 0.875 -0.493267 -0.590625
-0.377674 0.765625 -0.502561 -0.371875
-0.405365 0.896875 -0.510683 -0.590625
-0.816252 1.05 -0.515617 -0.590625
-1.10023 1.02812 -0.521413 -0.546875
-1.15031 1.4 -0.519078 -0.634375
-0.716739 1.37813 -0.523711 -0.634375
-0.263399 1.1375 -0.531833 -0.74375
0.0617239 0.984375 -0.549859 -0.7875
-0.226325 0.853125 -0.559454 -0.65625
-0.74028 0.896875 -0.555374 -0.7
-1.31762 0.765625 -0.551594 -0.875
-1.35663 1.11563 -0.561189 -0.721875
-0.600631 1.37813 -0.565831 -0.83125
-0.0826011 0.48125 -0.58095 -0.91875
0.0600822 0.83125 -0.591989 -0.765625
-0.463176 0.65625 -0.598094 -0.83125
-1.11058 0.91875 -0.59635 -1.07187
-1.23682 1.18125 -0.591689 -0.7
-0.964465 0.7875 -0.596922 -0.896875
-0.43844 1.33438 -0.600411 -0.875
-0.038015 0.91875 -0.611741 -0.634375
0.0122128 0.721875 -0.620463 -0.65625
-0.467434 0.721875 -0.623652 -0.809375
-0.995926 0.9625 -0.62278 -0.74375
-0.95964 1.09375 -0.619863 -0.7
-0.845885 1.15938 -0.624224 -0.721875
-0.438773 1.05 -0.624796 -0.809375
-0.273558 0.940625 -0.630902 -0.7875
-0.153261 0.853125 -0.63817 -0.83125
-0.265558 0.853125 -0.643104 -0.809375
-0.42539 0.7 -0.650081 -0.809375
-0.587839 0.809375 -0.64542 -0.74375
-0.794758 0.9625 -0.648328 -0.83125
-0.795991 0.91875 -0.647156 -0.7875
-0.427257 0.765625 -0.647728 -0.459375
-0.0215983 0.74375 -0.656741 -0.7875
0.19377 0.590625 -0.666907 -0.65625
-0.210575 0.6125 -0.66778 -0.853125
-0.766833 0.7 -0.663409 -0.809375
-1.05081 0.7875 -0.659048 -0.875
-0.866988 0.940625 -0.653806 -0.809375
-0.413648 0.7 -0.654378 -0.853125
0.192054 0.590625 -0.65903 -0.809375
0.317583 0.415625 -0.664254 -0.83125
-0.0405344 0.371875 -0.660474 -0.7875
-0.5981 0.48125 -0.652615 -0.809375
-1.0856 0.56875 -0.6465 -0.853125
-1.09076 0.83125 -0.633417 -0.809375
-0.493354 0.91875 -0.628756 -0.853125
0.109281 0.7875 -0.620606 -0.7875
0.278422 0.546875 -0.619733 -0.7875
-0.0360844 0.328125 -0.616235 -0.91875
-0.547422 0.525 -0.604596 -0.809375
-0.872396 0.678125 -0.590641 -0.7875
-0.758641 0.74375 -0.579874 -0.809375
-0.438751 0.83125 -0.565619 -0.809375
-0.202159 0.56875 -0.568817 -0.853125
-0.0369428 0.48125 -0.548746 -0.83125
-0.220616 0.56875 -0.536235 -0.853125
-0.262394 0.678125 -0.524306 -0.91875
-0.348233 0.65625 -0.513839 -1.02812
-0.624361 0.634375 -0.496676 -0.875
-0.670514 0.7875 -0.48213 -0.634375
-0.671747 0.74375 -0.465839 -0.875
-0.258094 0.9625 -0.460887 -0.83125
-0.0492669 0.74375 -0.459724 -0.809375
0.0723378 0.7 -0.458552 -0.83125
-0.334624 0.634375 -0.450111 -0.7875
-0.775894 0.7 -0.448939 -0.7875
-1.14709 0.83125 -0.439626 -0.809375
-0.905123 1.1375 -0.436709 -0.721875
-0.261494 1.05 -0.437581 -0.721875
0.0662461 0.853125 -0.443387 -0.65625
-0.0473585 0.853125 -0.447448 -0.721875
-0.573234 0.678125 -0.450637 -0.634375
-1.06335 0.65625 -0.43958 -0.721875
-1.30372 0.65625 -0.434046 -0.6125
-0.752541 1.07187 -0.437526 -0.6125
-0.151214 0.984375 -0.441296 -0.678125
-0.0296094 0.853125 -0.442741 -0.721875
-0.539639 0.7875 -0.447102 -0.65625
-0.91084 0.984375 -0.437498 -0.65625
-1.31242 1.09375 -0.436317 -0.721875
-1.04444 1.4875 -0.434554 -0.678125
-0.814394 1.37813 -0.437443 -0.590625
-0.405973 1.29062 -0.435389 -0.65625
-0.536732 1.20312 -0.441767 -0.6125
-0.611959 1.11563 -0.447572 -0.65625
-0.893771 1.02812 -0.451333 -0.7
-0.737713 1.07187 -0.455967 -0.56875
-0.902779 1.05 -0.459728 -0.65625
-0.951548 0.65625 -0.463489 -0.35
-0.837794 0.721875 -0.468994 -0.74375
-0.6342 1.11563 -0.476244 -0.6125
-0.398058 0.9625 -0.486111 -0.590625
-0.511662 0.896875 -0.495106 -0.634375
-1.11415 0.940625 -0.497994 -0.634375
-1.35713 1.20312 -0.498267 -0.7
-1.08739 1.24687 -0.501156 -0.678125
-0.251309 1.1375 -0.513639 -0.765625
0.00897944 0.7875 -0.529611 -0.634375
-0.425748 0.678125 -0.537733 -0.7
-1.35197 0.853125 -0.537133 -0.678125
-1.36412 1.07187 -0.536533 -0.74375
-1.37059 1.225 -0.53855 -0.74375
-0.16932 1.02812 -0.551906 -0.9625
0.207265 0.91875 -0.574565 -0.371875
-0.31076 0.6125 -0.586176 -0.74375
-1.32466 0.590625 -0.582959 -0.765625
-1.36543 0.83125 -0.575091 -0.7875
-1.02039 1.07187 -0.586983 -0.65625
-0.25785 1.09375 -0.593943 -0.9625
-0.0891594 0.74375 -0.607298 -0.7875
-0.274141 0.634375 -0.611931 -0.74375
-0.756405 0.678125 -0.61482 -0.853125
-1.01 0.853125 -0.620617 -0.74375
-0.97024 1.02812 -0.6174 -0.896875
-0.812016 0.940625 -0.617381 -0.7875
-0.412899 0.91875 -0.6316 -0.853125
-0.247684 0.809375 -0.636233 -0.83125
-0.0824678 0.875 -0.641739 -0.809375
-0.476651 0.65625 -0.6455 -0.853125
-1.00645 0.809375 -0.642865 -0.896875
-1.36704 1.1375 -0.645163 -0.809375
-1.34619 1.4 -0.642528 -0.83125
-0.543962 1.37813 -0.650941 -0.940625
0.270041 1.07187 -0.6579 -1.09375
0.2832 0.21875 -0.668339 -0.678125
-0.356805 0.459375 -0.675007 -0.853125
-1.07951 0.65625 -0.672081 -0.809375
-1.36872 0.896875 -0.661887 -1.02812
-1.25759 1.15938 -0.661859 -0.853125
-0.133375 1.18125 -0.6694 -0.48125
0.433499 0.7875 -0.677522 -0.853125
0.284133 0.678125 -0.688261 -0.809375
-0.517087 0.634375 -0.684744 -0.896875
-1.07989 0.7875 -0.684435 -0.875
-1.36517 0.940625 -0.675113 -0.875
-1.06636 1.09375 -0.668107 -0.83125
-0.33596 1.18125 -0.671869 -0.83125
0.108076 0.65625 -0.671269 -0.83125
0.0472406 0.56875 -0.680254 -0.83125
-0.473851 0.721875 -0.676165 -0.853125
-0.634992 0.7 -0.672939 -0.853125
-0.798749 0.9625 -0.668269 -0.765625
-0.803908 0.940625 -0.658946 -0.875
-0.645684 0.7875 -0.656302 -0.896875
-0.440782 0.875 -0.649596 -0.853125
0.00194611 0.853125 -0.648987 -0.83125
0.0530322 0.590625 -0.646643 -0.83125
0.0147294 0.634375 -0.646906 -0.83125
-0.419998 0.459375 -0.637583 -0.896875
-1.03747 0.634375 -0.61983 -0.721875
-0.999018 0.896875 -0.600613 -0.83125
-0.425457 0.7 -0.595943 -0.853125
0.466016 0.240625 -0.585157 -0.83125
0.3245 0.415625 -0.579033 -0.415625
-0.58995 0.328125 -0.570574 -0.896875
-1.31311 0.7875 -0.540609 -0.83125
-1.29312 0.896875 -0.527498 -0.853125
-0.535807 0.875 -0.521665 -0.7875
0.112606 0.590625 -0.518148 -0.74375
0.413889 0.503125 -0.521909 -0.74375
0.0993822 0.503125 -0.513159 -0.7
-0.512857 0.39375 -0.505281 -0.678125
-0.913132 0.65625 -0.486646 -0.7875
-0.843438 0.65625 -0.476143 -0.65625
-0.519623 0.678125 -0.465057 -0.765625
-0.192334 0.35 -0.459787 -0.678125
-0.142106 0.546875 -0.450446 -0.634375
-0.207316 0.39375 -0.441106 -0.6125
-0.453062 0.546875 -0.429148 -0.7
-0.820788 0.6125 -0.418354 -0.7
-0.897773 0.48125 -0.404643 -0.6125
-0.621495 0.765625 -0.401698 -0.74375
-0.208291 0.678125 -0.395846 -0.721875
0.03746 0.56875 -0.3961 -0.6125
-0.1612 0.35 -0.396644 -0.634375
-0.675155 0.56875 -0.387876 -0.74375
-1.13534 0.503125 -0.381443 -0.590625
-0.893815 0.809375 -0.372974 -0.546875
-0.248877 0.765625 -0.375263 -0.7875
0.202559 0.590625 -0.38453 -0.7
-0.0234169 0.459375 -0.3871 -0.503125
-0.79818 0.503125 -0.382411 -0.546875
-1.27376 0.853125 -0.375687 -0.678125
-0.975396 1.00625 -0.376804 -0.459375
-0.362598 0.984375 -0.383744 -0.525
0.000757222 0.875 -0.393593 -0.56875
-0.156909 0.83125 -0.393556 -0.56875
-0.508339 0.809375 -0.398161 -0.56875
-0.996286 0.875 -0.398706 -0.56875
-1.13534 1.09375 -0.40303 -0.546875
-0.894682 1.225 -0.402111 -0.56875
-0.57655 1.11563 -0.407889 -0.56875
-0.371648 0.896875 -0.415411 -0.546875
-0.370715 0.91875 -0.422633 -0.2625
-0.457004 0.721875 -0.430156 -0.56875
-0.693446 0.875 -0.434189 -0.634375
-0.784969 0.896875 -0.437922 -0.7
-0.862812 1.00625 -0.441083 -0.546875
-0.867112 0.9625 -0.444817 -0.56875
-0.546364 0.940625 -0.452339 -0.56875
-0.308463 0.809375 -0.462478 -0.721875
-0.143697 0.678125 -0.472317 -0.48125
-0.625961 0.896875 -0.477222 -0.590625
-1.18921 0.765625 -0.476594 -0.721875
-1.31504 1.1375 -0.477139 -0.74375
-0.644953 1.09375 -0.484361 -0.7
0.0444544 0.896875 -0.495372 -0.7
0.174767 0.721875 -0.511317 -0.525
-0.5837 0.35 -0.516222 -0.65625
-1.19056 0.74375 -0.514722 -0.74375
-1.31856 1.05 -0.513522 -0.678125
-0.722913 1.1375 -0.518128 -0.65625
-0.0745002 0.984375 -0.530883 -0.809375
0.121098 0.853125 -0.53985 -0.721875
-0.473987 0.48125 -0.5465 -0.7875
-1.03331 0.83125 -0.553431 -0.853125
-1.2446 1.24687 -0.553104 -0.7
-0.855096 1.09375 -0.562361 -0.853125
-0.329071 0.940625 -0.568139 -0.74375
-0.160381 0.590625 -0.567802 -0.7875
-0.316738 0.721875 -0.587244 -0.74375
-0.52149 0.590625 -0.590106 -0.525
-0.801994 0.83125 -0.581046 -0.74375
-0.967509 1.07187 -0.592639 -0.765625
-0.81276 1.24687 -0.592011 -0.74375
-0.493321 1.00625 -0.591683 -0.74375
-0.168647 0.853125 -0.602394 -0.765625
-0.0470428 0.74375 -0.605256 -0.74375
-0.0448011 0.721875 -0.614522 -0.7875
-0.601059 0.678125 -0.609533 -0.7875
-1.04539 0.634375 -0.607161 -0.875
-1.05362 0.83125 -0.608578 -0.875
-0.732421 0.809375 -0.607078 -0.940625
0.155126 0.83125 -0.62215 -0.765625
0.282822 0.415625 -0.634324 -0.83125
-0.147981 0.4375 -0.63893 -0.875
-0.957051 0.415625 -0.631333 -0.853125
-1.31633 0.721875 -0.629852 -0.853125
-0.810527 0.678125 -0.626907 -0.74375
-0.164281 0.83125 -0.637046 -0.91875
0.281922 0.590625 -0.644569 -0.809375
0.128181 0.459375 -0.650937 -0.875
-0.351466 0.503125 -0.653226 -0.853125
-0.749574 0.503125 -0.650281 -0.896875
-0.917257 0.721875 -0.648209 -0.896875
-0.85018 0.875 -0.641776 -0.875
-0.528982 0.83125 -0.646109 -0.875
-0.118395 0.809375 -0.648398 -0.875
0.00321 0.6125 -0.653594 -0.809375
-0.153147 0.6125 -0.6585 -0.853125
-0.356591 0.6125 -0.656428 -0.83125
-0.592175 0.65625 -0.652611 -0.91875
-0.844913 0.809375 -0.649957 -0.91875
-0.805152 0.91875 -0.647313 -0.940625
-0.604625 0.91875 -0.646404 -0.809375
-0.398415 0.39375 -0.646076 -0.853125
-0.0446678 0.765625 -0.642259 -0.853125
-0.0393594 0.13125 -0.644548 -0.83125
-0.31463 0.7 -0.649163 -0.83125
-0.79951 0.721875 -0.63895 -0.875
-0.924032 0.896875 -0.629319 -0.809375
-1.08955 0.940625 -0.621141 -0.7875
-0.567447 1.02812 -0.614998 -0.7875
-0.0524844 0.83125 -0.61467 -0.809375
0.203879 0.634375 -0.612598 -0.809375
-0.0397011 0.721875 -0.607909 -0.809375
-0.63957 0.6125 -0.598278 -0.765625
-1.04029 0.809375 -0.586611 -0.765625
-1.29696 1.05 -0.567967 -0.74375
-0.702172 1.15938 -0.558044 -0.74375
-0.217592 0.809375 -0.555391 -0.765625
0.240981 0.74375 -0.548085 -0.765625
-0.0435928 0.634375 -0.539907 -0.853125
-0.364641 0.721875 -0.525333 -0.7875
-0.848663 0.809375 -0.510759 -0.809375
-0.884654 0.896875 -0.495604 -0.809375
-0.772208 0.9625 -0.485681 -0.809375
-0.451459 0.678125 -0.474887 -0.74375
-0.328546 0.809375 -0.467291 -0.7
-0.0474844 0.809375 -0.45795 -0.7875
-0.158922 0.765625 -0.451517 -0.721875
-0.273835 0.7875 -0.4477 -0.74375
-0.553031 0.7875 -0.43487 -0.765625
-0.921615 0.83125 -0.430754 -0.7
-0.886229 1.00625 -0.417052 -0.7
-0.729313 1.05 -0.413235 -0.721875
-0.33543 0.940625 -0.407674 -0.7875
-0.0543678 0.91875 -0.407056 -0.721875
-0.0490594 0.7875 -0.4076 -0.74375
-0.488162 0.7875 -0.402611 -0.678125
-0.93119 0.875 -0.395015 -0.7
-1.33408 0.853125 -0.384802 -0.65625
-0.948498 1.33438 -0.380985 -0.678125
-0.511004 1.05 -0.378622 -0.634375
-0.0687261 1.00625 -0.378285 -0.6125
-0.0651761 0.853125 -0.392494 -0.634375
-0.620125 0.853125 -0.388969 -0.525
-1.06577 0.896875 -0.395037 -0.634375
-1.35282 1.18125 -0.381617 -0.503125
-0.921862 1.42188 -0.384778 -0.65625
-0.441207 1.225 -0.3923 -0.678125
-0.161003 0.91875 -0.401567 -0.590625
-0.321285 0.83125 -0.407917 -0.590625
-0.761696 0.853125 -0.41195 -0.56875
-0.97299 1.02812 -0.413367 -0.56875
-0.979907 1.15938 -0.415356 -0.590625
-0.780688 1.225 -0.419389 -0.65625
-0.666934 1.11563 -0.424294 -0.56875
-0.712228 1.07187 -0.429772 -0.590625
-0.671159 1.02812 -0.434678 -0.590625
-0.760064 1.02812 -0.440456 -0.56875
-0.600532 1.07187 -0.446806 -0.56875
-0.556846 1.02812 -0.453456 -0.503125
-0.603448 1.02812 -0.458361 -0.6125
-0.959254 1.05 -0.46035 -0.6125
-1.05425 1.15938 -0.461767 -0.6125
-0.898644 1.18125 -0.4655 -0.56875
-0.41668 1.09375 -0.473894 -0.634375
-0.135168 0.9625 -0.484033 -0.634375
-0.162 0.896875 -0.492128 -0.65625
-0.80593 0.74375 -0.496161 -0.65625
-1.13614 0.875 -0.495833 -0.678125
-1.27389 1.20312 -0.498422 -0.765625
-0.426738 0.853125 -0.508289 -0.678125
-0.0527706 1.02812 -0.522217 -0.634375
-0.0915233 0.896875 -0.532656 -0.65625
-0.646472 0.896875 -0.537861 -0.7
-1.10535 1.11563 -0.539578 -0.678125
-1.22942 1.11563 -0.547981 -0.765625
-0.794989 1.29062 -0.5465 -0.65625
-0.267656 1.18125 -0.556067 -0.74375
-0.145193 1.00625 -0.575809 -0.721875
-0.334099 0.721875 -0.577235 -0.48125
-0.816813 0.7 -0.57808 -0.634375
-0.951496 1.02812 -0.579506 -0.74375
-0.749661 1.11563 -0.588491 -0.765625
-0.502457 1.09375 -0.593987 -0.74375
-0.383919 1.00625 -0.600937 -0.74375
-0.632282 0.940625 -0.610794 -0.765625
-0.70665 1.07187 -0.611348 -0.7875
-0.591587 1.00625 -0.61132 -0.7875
-0.473049 0.984375 -0.61827 -0.809375
-0.429363 0.875 -0.631617 -0.809375
-0.708559 1.02812 -0.633333 -0.83125
-0.989921 0.875 -0.634178 -0.91875
-0.920227 0.984375 -0.627754 -0.875
-0.434338 1.00625 -0.639065 -0.875
-0.147593 0.853125 -0.647759 -1.00625
-0.375327 0.7875 -0.655581 -0.853125
-1.13641 1.05 -0.659333 -0.940625
-1.42215 1.05 -0.655517 -0.91875
-0.664839 1.00625 -0.658978 -0.853125
-0.0164261 0.83125 -0.670289 -0.875
-0.00588444 0.940625 -0.676367 -0.83125
-0.692117 0.875 -0.678956 -0.875
-1.34214 0.984375 -0.676602 -0.91875
-1.39397 1.35625 -0.677737 -0.896875
-0.828263 1.33438 -0.677119 -0.896875
-0.227386 1.20312 -0.678835 -0.83125
-0.0172511 0.65625 -0.690437 -0.91875
-0.425971 0.83125 -0.689537 -0.853125
-1.02891 1.00625 -0.688637 -0.896875
-1.15298 1.225 -0.681331 -0.875
-0.881074 1.11563 -0.678687 -0.853125
-0.44358 1.11563 -0.688544 -0.853125
-0.396419 1.00625 -0.683865 -0.7875
-0.602479 0.940625 -0.686444 -0.896875
-0.971513 0.590625 -0.681183 -0.896875
-0.976671 1.225 -0.684063 -0.875
-0.570009 1.09375 -0.679674 -0.765625
-0.333867 1.07187 -0.682835 -0.896875
-0.332484 0.984375 -0.676702 -0.875
-0.977721 0.91875 -0.674057 -0.875
-1.2194 1.18125 -0.664135 -0.853125
-1.34261 1.225 -0.659165 -0.809375
-0.380474 0.853125 -0.660881 -0.853125
0.10934 0.809375 -0.659681 -0.91875
-0.0853956 0.7 -0.660817 -1.00625
-1.13853 0.590625 -0.647706 -0.984375
-1.45596 0.9625 -0.636039 -0.875
-1.46112 0.984375 -0.630487 -0.940625
-0.184993 1.35625 -0.627552 -0.65625
0.397727 0.91875 -0.632748 -0.853125
-0.322959 0.39375 -0.629522 -0.875
-1.13203 0.65625 -0.607098 -0.765625
-1.44901 0.940625 -0.5873 -0.74375
-0.663073 1.24687 -0.573317 -0.74375
-0.12789 0.9625 -0.569791 -0.83125
-0.190484 0.721875 -0.565402 -0.875
-0.554284 0.525 -0.547339 -0.7875
-0.876641 0.875 -0.536263 -0.896875
-0.717109 0.940625 -0.524596 -0.721875
-0.512207 0.940625 -0.506833 -0.875
-0.597187 0.984375 -0.496911 -1.02812
-0.71255 0.809375 -0.48002 -0.7875
-0.637173 0.7875 -0.473006 -0.940625
-0.147359 0.91875 -0.460476 -0.7
-0.135509 0.590625 -0.451135 -0.896875
-0.779439 0.875 -0.436261 -0.721875
-1.22639 0.590625 -0.416426 -0.721875
-0.81973 0.984375 -0.406485 -0.765625
0.0638924 0.853125 -0.407302 -0.678125
0.442643 0.65625 -0.410444 -0.6125
-0.192128 0.459375 -0.404565 -0.634375
-1.36462 0.83125 -0.394915 -0.590625
-1.4054 0.984375 -0.38352 -0.590625
-0.573237 0.48125 -0.383165 -0.56875
0.402841 1.00625 -0.39532 -0.590625
0.415549 0.109375 -0.397591 -0.546875
-0.70287 0.6125 -0.399852 -0.634375
-1.38372 0.74375 -0.392819 -0.634375
-1.27434 1.07187 -0.384913 -0.634375
-0.767231 1.09375 -0.386302 -0.65625
-0.120984 1.09375 -0.389444 -0.56875
-0.0289039 0.765625 -0.395785 -0.65625
-0.346477 0.7875 -0.399791 -0.6125
-0.756506 0.634375 -0.40148 -0.48125
-0.595665 0.721875 -0.400833 -0.6125
-0.388596 0.678125 -0.406011 -0.546875
-0.297824 0.6125 -0.400131 -0.65625
-0.706545 0.6125 -0.407054 -0.546875
-0.914363 0.678125 -0.406998 -0.525
-0.458407 0.7875 -0.414783 -0.546875
0.196548 0.6125 -0.430428 -0.7
0.163029 0.48125 -0.437631 -0.546875
-0.521896 0.65625 -0.43932 -0.678125
-1.12745 0.634375 -0.427044 -0.546875
-1.29296 0.65625 -0.440944 -0.65625
-0.167445 0.940625 -0.436519 -0.590625
0.447824 0.546875 -0.465828 -0.503125
0.255705 0.6125 -0.467507 -0.2625
-0.663978 0.240625 -0.479372 -0.590625
-1.34352 0.415625 -0.474656 -0.56875
-0.792799 0.809375 -0.469948 -0.56875
-0.145695 0.7 -0.481222 -0.634375
0.304433 0.590625 -0.495694 -0.765625
-0.12682 0.35 -0.501744 -0.678125
-0.696756 0.48125 -0.504878 -0.6125
-0.817352 0.634375 -0.494937 -0.634375
-0.491371 0.7875 -0.502431 -0.6125
-0.241999 0.56875 -0.506437 -0.809375
-0.282919 0.7 -0.518011 -0.809375
-0.604417 0.459375 -0.521144 -0.7
-0.532107 0.7 -0.522833 -0.7
-0.326346 0.721875 -0.523059 -0.809375
-0.161581 0.721875 -0.529681 -0.6125
-0.233333 0.328125 -0.532243 -0.74375
-0.717355 0.809375 -0.531887 -0.678125
-1.01763 0.7875 -0.52717 -0.590625
-1.05231 1.07187 -0.531476 -0.65625
-0.336446 1.11563 -0.536354 -0.678125
0.239731 0.896875 -0.552861 -0.678125
0.408422 0.4375 -0.561528 -0.83125
-0.433793 0.196875 -0.559137 -0.721875
-1.31817 0.853125 -0.553548 -0.721875
-1.33032 1.15938 -0.551739 -0.7
-1.02934 1.07187 -0.5543 -0.7
0.0248044 1.225 -0.56005 -0.7
0.267489 0.196875 -0.568998 -0.721875
0.0384461 0.765625 -0.569515 -0.65625
-0.853921 0.765625 -0.572076 -0.74375
-1.33126 0.940625 -0.571139 -0.765625
-1.34034 1.15938 -0.570783 -0.634375
-0.555715 1.4 -0.569556 -0.634375
0.0610072 1.02812 -0.579094 -0.765625
-0.0649678 0.875 -0.578448 -0.765625
-0.737971 0.853125 -0.585361 -0.765625
-0.949715 1.02812 -0.583552 -0.7875
-1.00155 1.11563 -0.577672 -0.74375
-0.596197 1.20312 -0.577317 -0.7
-0.317752 1.15938 -0.585111 -0.7875
-0.566565 0.940625 -0.586791 -0.765625
-0.893296 1.09375 -0.583528 -0.74375
-0.929287 1.02812 -0.579683 -0.765625
-0.815533 0.875 -0.581072 -0.853125
-0.287341 1.11563 -0.588857 -0.875
-0.212414 0.984375 -0.591991 -0.853125
-0.607906 0.984375 -0.586983 -0.809375
-1.37467 0.65625 -0.584302 -0.809375
-1.38682 1.3125 -0.578141 -0.809375
-0.955012 1.37813 -0.57953 -0.765625
-0.236531 1.20312 -0.583535 -0.721875
0.209672 0.91875 -0.594519 -0.809375
-0.181895 0.83125 -0.598524 -0.7875
-1.07819 1.00625 -0.589746 -0.9625
-1.39647 1.225 -0.583585 -0.7
-1.40732 1.4 -0.577724 -0.74375
-0.416555 1.4 -0.579413 -0.7875
0.114254 0.9625 -0.587207 -0.765625
0.0755007 0.853125 -0.592676 -0.678125
-0.80188 0.809375 -0.589131 -0.875
-1.10346 1.09375 -0.584143 -0.721875
-1.42089 1.24687 -0.576237 -0.83125
-0.797481 1.4 -0.577926 -0.765625
-0.269289 1.20312 -0.579615 -0.765625
-0.148134 0.940625 -0.585956 -0.765625
-0.496948 0.875 -0.585028 -0.721875
-1.11573 0.590625 -0.577422 -0.809375
-1.19402 1.20312 -0.571261 -0.74375
-0.598379 1.33438 -0.573241 -0.721875
-0.273706 0.74375 -0.573185 -0.7875
-0.226545 0.91875 -0.575746 -0.74375
-0.826413 0.7875 -0.566096 -0.765625
-1.03816 1.07187 -0.563424 -0.765625
-0.969771 1.07187 -0.557554 -0.721875
-0.442888 1.07187 -0.55837 -0.7
0.000697963 0.853125 -0.561222 -0.7
-0.155659 0.6125 -0.55855 -0.65625
-0.828663 0.65625 -0.556169 -0.7
-1.15756 0.91875 -0.537506 -0.765625
-1.08918 1.07187 -0.537741 -0.678125
-0.357466 1.02812 -0.533324 -0.721875
0.366249 0.7875 -0.534141 -0.65625
0.331421 0.56875 -0.534376 -0.678125
-0.541176 0.590625 -0.527343 -0.678125
-1.18989 0.678125 -0.515367 -0.721875
-1.43202 0.853125 -0.499611 -0.65625
-0.646082 1.1375 -0.492578 -0.721875
0.326071 0.91875 -0.492522 -0.7
0.704822 0.721875 -0.48985 -0.721875
0.0713591 0.546875 -0.484561 -0.7
-0.732478 0.39375 -0.470259 -0.809375
-1.17636 0.6125 -0.44898 -0.765625
-0.623023 0.328125 -0.436713 -0.721875
0.0768507 0.634375 -0.432006 -0.984375
0.367071 0.7 -0.427007 -0.721875
-0.0641817 0.39375 -0.426952 -0.74375
-0.500668 0.65625 -0.415267 -0.74375
-0.501043 0.765625 -0.414039 -0.74375
-0.263142 0.74375 -0.414856 -0.678125
-0.00853722 0.65625 -0.411893 -0.7
-0.0909011 0.65625 -0.412419 -0.7
-0.36748 0.590625 -0.414107 -0.7
-0.733897 0.65625 -0.41318 -0.678125
-0.574365 0.525 -0.407009 -0.678125
-0.0884761 0.56875 -0.414804 -0.65625
0.245805 0.35 -0.421435 -0.875
-0.0969169 0.6125 -0.435626 -0.6125
-0.830685 0.6125 -0.438187 -0.6125
-1.23272 0.459375 -0.427946 -0.56875
-0.75468 0.74375 -0.435159 -0.634375
0.0536406 0.7 -0.451676 -0.6125
0.228873 0.546875 -0.462087 -0.65625
-0.571039 0.415625 -0.462022 -0.65625
-1.33736 0.56875 -0.461094 -0.721875
-1.3482 0.9625 -0.460167 -0.65625
-0.397124 1.09375 -0.470578 -0.765625
0.0186961 0.809375 -0.482433 -0.65625
-0.546007 0.678125 -0.490228 -0.65625
-1.15287 0.765625 -0.4893 -0.65625
-1.35138 1.07187 -0.488944 -0.65625
-0.799349 1.33438 -0.494994 -0.590625
-0.404158 1.11563 -0.502789 -0.678125
-0.724347 1.1375 -0.508539 -0.2625
-0.918937 0.65625 -0.5111 -0.809375
-0.968157 1.1375 -0.513661 -0.6125
-0.972457 1.15938 -0.516794 -0.7
-0.816849 0.9625 -0.520228 -0.896875
-0.983673 1.20312 -0.521917 -0.634375
-1.23903 0.940625 -0.522433 -0.39375
-0.831916 1.3125 -0.528483 -0.721875
-0.27465 1.15938 -0.538022 -0.65625
-0.343785 0.875 -0.546089 -0.809375
-1.07755 0.91875 -0.546578 -0.721875
-1.3976 1.15938 -0.542133 -0.765625
-1.40889 1.50937 -0.539133 -0.765625
-0.489507 1.29062 -0.5466 -0.7875
0.000307222 0.91875 -0.557856 -0.721875
-0.243272 0.984375 -0.56445 -0.459375
-1.37347 0.74375 -0.560578 -0.74375
-1.416 1.24687 -0.564565 -0.678125
-1.23132 1.3125 -0.56767 -0.7875
-0.263089 1.37813 -0.576009 -0.74375
-0.138009 0.984375 -0.583776 -0.678125
-0.807088 0.896875 -0.585137 -0.809375
-1.41571 1.15938 -0.581265 -0.765625
-1.42786 1.3125 -0.573904 -0.7875
-0.640615 1.4875 -0.570622 -0.765625
-0.179875 1.225 -0.592917 -0.74375
-0.336233 0.634375 -0.592243 -0.853125
-0.981471 0.91875 -0.586044 -0.853125
-1.1496 0.853125 -0.584217 -0.809375
-0.828855 1.00625 -0.588194 -0.765625
-0.636323 1.1375 -0.593044 -0.809375
-0.591779 1.20312 -0.607198 -1.00625
-0.63184 0.875 -0.603617 -0.83125
-0.585129 1.09375 -0.612546 -0.7
-0.789022 0.875 -0.623793 -0.875
-1.02853 1.09375 -0.612361 -0.7875
-1.23766 1.11563 -0.611978 -0.7875
-0.480799 1.18125 -0.627294 -0.765625
0.0116313 0.896875 -0.638831 -0.896875
-0.0548872 0.678125 -0.635841 -0.74375
-1.13624 0.721875 -0.646506 -0.83125
-1.49989 0.809375 -0.638854 -0.875
-1.43151 1.4 -0.632074 -0.875
-0.154076 1.61875 -0.643902 -0.875
0.266978 0.853125 -0.652241 -0.91875
-0.414471 0.678125 -0.668139 -1.05
-1.41383 0.984375 -0.656998 -0.809375
-1.42729 0.65625 -0.657778 -0.875
-0.761578 1.4875 -0.657694 -0.896875
-0.159393 0.590625 -0.661381 -0.91875
-0.153226 0.83125 -0.672628 -0.83125
-0.505107 0.83125 -0.664976 -0.91875
-1.23888 1.09375 -0.668081 -0.853125
-1.1295 1.35625 -0.665081 -0.896875
-0.841746 0.65625 -0.668478 -0.91875
-0.448313 0.65625 -0.666931 -0.896875
-0.44738 1.20312 -0.676433 -0.91875
-0.682964 1.1375 -0.677794 -0.91875
-0.978455 1.1375 -0.674794 -0.875
-0.821539 1.29062 -0.671794 -1.00625
-0.528557 1.24687 -0.680133 -0.853125
-0.338642 1.24687 -0.680622 -0.91875
-0.571609 1.1375 -0.681111 -0.875
-1.14678 1.05 -0.678983 -0.91875
-1.22769 1.225 -0.676274 -0.91875
-0.867255 1.35625 -0.672111 -0.896875
-0.146157 1.15938 -0.684802 -0.875
0.18375 0.91875 -0.689652 -0.91875
-0.176126 0.525 -0.694502 -0.875
-1.1438 0.91875 -0.688885 -0.896875
-1.46122 0.91875 -0.682396 -0.896875
-1.47121 1.4 -0.675907 -0.896875
-0.522749 1.44375 -0.68192 -0.896875
0.334416 0.9625 -0.687643 -0.896875
0.433038 0.721875 -0.695981 -0.875
-0.455405 0.6125 -0.696761 -0.9625
-1.22086 0.371875 -0.687356 -0.91875
-1.46561 1.1375 -0.676215 -0.875
-1.00472 1.18125 -0.674378 -0.896875
-0.155407 1.07187 -0.675739 -0.875
0.293413 0.765625 -0.682333 -0.896875
-0.0955372 0.415625 -0.68195 -0.853125
-0.825381 0.459375 -0.676906 -0.875
-1.1085 0.809375 -0.670417 -0.875
-0.907974 0.853125 -0.666544 -0.875
-0.264795 1.05 -0.668196 -0.83125
-0.0260354 0.809375 -0.666941 -0.83125
-0.373133 0.6125 -0.666257 -0.83125
-0.900766 0.65625 -0.660641 -0.853125
-0.949985 0.875 -0.65357 -0.853125
-0.584318 0.875 -0.651443 -0.853125
-0.0984289 0.875 -0.654539 -0.83125
0.0253424 0.74375 -0.648922 -0.83125
-0.528748 0.590625 -0.64883 -0.765625
-1.26383 0.853125 -0.634191 -0.7875
-1.11083 1.1375 -0.624213 -0.83125
-0.587876 1.09375 -0.619731 -0.83125
0.106765 0.853125 -0.61147 -0.809375
0.308004 0.74375 -0.611631 -0.896875
-0.330692 0.634375 -0.602789 -0.896875
-1.30098 0.721875 -0.580281 -0.83125
-1.4585 1.09375 -0.568813 -0.853125
-0.909083 1.18125 -0.552702 -0.875
0.0586952 1.07187 -0.543569 -0.91875
0.510131 0.7875 -0.54373 -0.809375
0.196483 0.0875 -0.529363 -0.765625
-1.04608 0.590625 -0.5086 -0.7875
-1.45073 0.9625 -0.486956 -0.56875
-1.15151 1.20312 -0.467356 -0.65625
-0.216284 1.09375 -0.460839 -0.7
0.27353 0.74375 -0.454894 -0.678125
0.123715 0.634375 -0.443726 -0.678125
-0.721117 0.721875 -0.435756 -0.634375
-1.04961 0.721875 -0.412948 -0.6125
-0.846463 0.896875 -0.394802 -0.721875
-0.172901 0.984375 -0.387985 -0.721875
-0.0359011 0.721875 -0.375944 -0.590625
-0.51469 0.678125 -0.364194 -0.525
-0.970088 0.39375 -0.353889 -0.7875
-0.887166 1.02812 -0.337487 -0.525
-0.405202 1.07187 -0.331543 -0.525
-0.00522704 1.00625 -0.32648 -0.525
-0.116665 0.74375 -0.32228 -0.525
-0.642132 0.940625 -0.312856 -0.6125
-1.4089 0.65625 -0.297898 -0.503125
-1.00355 0.896875 -0.292254 -0.56875
-0.241453 1.09375 -0.287763 -0.459375
0.365966 0.9625 -0.292294 -0.459375
-0.0216761 0.503125 -0.288676 -0.6125
-0.913185 0.6125 -0.292917 -0.6125
-1.43413 0.984375 -0.277087 -0.56875
-1.44366 1.24687 -0.275804 -0.56875
-0.407985 1.20312 -0.284687 -0.546875
0.286655 0.809375 -0.285439 -0.525
0.13684 0.56875 -0.296067 -0.56875
-0.666139 0.7875 -0.298272 -0.371875
-1.43422 0.809375 -0.294072 -0.39375
-1.32745 1.225 -0.291917 -0.39375
-0.569284 1.24687 -0.297311 -0.4375
0.0342091 1.00625 -0.306194 -0.39375
-0.0310011 0.7875 -0.315378 -0.39375
-0.512407 0.590625 -0.318156 -0.39375
-1.13164 0.7 -0.316872 -0.371875
-1.05264 0.91875 -0.315289 -0.371875
-0.615596 1.02812 -0.319811 -0.39375
-0.0437928 0.984375 -0.32725 -0.39375
-0.126157 0.765625 -0.334389 -0.39375
-0.813697 0.765625 -0.335722 -0.39375
-1.09813 0.7875 -0.334139 -0.4375
-1.06057 1.09375 -0.3343 -0.39375
-0.416085 0.940625 -0.35017 -0.4375
0.233636 0.853125 -0.351494 -0.4375
0.0812035 0.678125 -0.360378 -0.4375
-0.722634 0.634375 -0.361711 -0.4375
-1.4471 0.853125 -0.357511 -0.415625
-1.45663 0.809375 -0.355056 -0.39375
-0.582618 1.24687 -0.36423 -0.4375
0.347232 0.9625 -0.37225 -0.39375
0.519848 0.56875 -0.384622 -0.459375
-0.351441 0.678125 -0.400483 -0.48125
-1.20543 0.634375 -0.386107 -0.459375
-1.45017 0.896875 -0.385987 -0.459375
-1.22188 1.18125 -0.38702 -0.48125
0.0225507 0.853125 -0.392415 -0.48125
0.398235 0.853125 -0.409148 -0.48125
0.0858952 0.678125 -0.414843 -0.48125
-0.806472 0.721875 -0.416167 -0.503125
-1.25212 0.91875 -0.402663 -0.590625
-1.16919 1.07187 -0.404859 -0.525
-0.292114 0.91875 -0.414043 -0.503125
0.15278 0.875 -0.424961 -0.56875
-0.0736456 0.721875 -0.422796 -0.503125
-0.643582 0.65625 -0.424702 -0.546875
-1.04345 0.896875 -0.42777 -0.525
-0.887841 0.984375 -0.422698 -0.525
-0.286964 0.984375 -0.425185 -0.525
0.128856 0.7875 -0.431152 -0.525
-0.187409 0.74375 -0.445259 -0.634375
-0.832646 0.21875 -0.444248 -0.56875
-1.16069 0.74375 -0.429863 -0.56875
-0.650098 0.940625 -0.439609 -0.503125
0.133073 0.7875 -0.44732 -0.590625
0.141856 0.875 -0.455904 -0.590625
-0.587987 0.83125 -0.456065 -0.678125
-1.42744 0.91875 -0.455926 -0.7
-1.43828 1.18125 -0.450554 -0.721875
-0.682731 1.05 -0.450415 -0.678125
0.12559 0.940625 -0.461033 -0.590625
0.207916 0.2625 -0.458278 -0.678125
-0.432088 0.765625 -0.470931 -0.590625
-1.31515 0.7 -0.455383 -0.56875
-1.4436 1.26875 -0.449139 -0.721875
-0.777886 1.26875 -0.449 -0.678125
-0.174393 0.9625 -0.467759 -0.765625
-0.0043937 0.83125 -0.473726 -0.678125
-0.647015 0.9625 -0.468063 -0.590625
-1.41423 0.853125 -0.4624 -0.6125
-1.45284 1.225 -0.466331 -0.546875
-0.459463 1.33438 -0.472298 -0.65625
0.0303507 1.07187 -0.474194 -0.634375
-0.44713 0.809375 -0.479289 -0.809375
-1.3738 0.83125 -0.484965 -0.6125
-1.45864 1.20312 -0.468544 -0.415625
-0.790311 1.3125 -0.471894 -0.74375
0.0206257 1.15938 -0.482222 -0.634375
-0.2058 0.83125 -0.501272 -0.634375
-1.26245 0.940625 -0.486306 -0.7875
-1.46358 1.26875 -0.485585 -0.65625
-1.4705 1.35625 -0.47905 -0.634375
-0.157307 1.02812 -0.485017 -0.590625
-0.0639178 0.896875 -0.492728 -0.65625
-0.472638 1.02812 -0.505381 -0.65625
-1.472 0.83125 -0.490406 -0.678125
-1.67444 1.42188 -0.49172 -0.65625
-1.49237 1.50937 -0.489837 -0.65625
-0.132954 1.575 -0.490861 -0.7
0.108422 1.02812 -0.507876 -0.65625
-0.48928 0.896875 -0.50105 -0.678125
-1.4904 1.00625 -0.496841 -0.678125
-1.94258 1.44375 -0.488261 -0.65625
-1.51339 1.61875 -0.493937 -0.7
-0.0376743 1.575 -0.494961 -0.678125
0.293541 1.00625 -0.506452 -0.634375
-0.346464 0.853125 -0.508639 -0.678125
-1.50835 0.9625 -0.503267 -0.65625
-2.15082 1.4 -0.494106 -0.65625
-1.53396 1.81563 -0.49135 -0.634375
-0.0569326 1.72812 -0.500806 -0.634375
0.364121 1.1375 -0.512878 -0.6125
-0.245501 0.875 -0.5171 -0.7
-1.44838 0.91875 -0.513172 -0.765625
-2.09347 1.4 -0.513615 -0.7
-1.54929 1.70625 -0.504463 -0.65625
-0.0722659 1.64062 -0.508394 -0.678125
0.376104 1.05 -0.518422 -0.7
-0.129143 0.809375 -0.524389 -0.65625
-1.53554 0.875 -0.519889 -0.7
-2.10533 1.46562 -0.520031 -0.7
-1.56246 1.79375 -0.516404 -0.7
0.00309796 1.55313 -0.521207 -0.765625
0.498145 1.02812 -0.534443 -0.7
-0.0652493 0.875 -0.533422 -0.7
-1.54433 0.853125 -0.541133 -0.7
-2.18812 1.42188 -0.530237 -0.678125
-1.57125 1.81563 -0.517296 -0.721875
0.111911 1.6625 -0.534893 -0.721875
0.680952 0.9625 -0.548709 -0.721875
-0.228715 0.721875 -0.551759 -0.678125
-1.55443 0.0875 -0.542026 -0.853125
-1.96562 1.20312 -0.526759 -0.765625
-0.743579 1.61875 -0.529809 -0.83125
0.227266 1.05 -0.535448 -0.7875
0.238666 0.7 -0.544004 -0.678125
-0.798214 0.74375 -0.547317 -0.65625
-1.56629 1.07187 -0.542789 -0.678125
-1.57582 1.3125 -0.531565 -0.7
-0.335317 1.35625 -0.533715 -0.678125
0.157114 0.74375 -0.541398 -0.765625
-0.316442 0.91875 -0.543548 -0.7
-1.32772 0.875 -0.5428 -0.809375
-1.57246 1.26875 -0.537972 -0.65625
-1.58069 1.44375 -0.532272 -0.7875
-0.104116 1.575 -0.533559 -0.65625
0.348629 0.9625 -0.548211 -0.546875
-0.563655 0.6125 -0.54252 -0.765625
-1.56694 0.7 -0.534494 -0.853125
-1.57778 1.20312 -0.522398 -0.2625
-0.464184 1.35625 -0.534152 -0.721875
0.351987 0.74375 -0.538628 -0.634375
-0.0304215 0.65625 -0.544557 -0.65625
-1.24784 0.590625 -0.54003 -0.65625
-1.56527 0.984375 -0.527643 -0.6125
-0.573646 1.29062 -0.525431 -0.984375
0.284827 0.984375 -0.534559 -0.196875
0.0504054 0.65625 -0.535265 -0.875
-1.26484 0.065625 -0.529856 -0.809375
-1.5532 0.875 -0.51427 -0.7875
-0.632507 0.875 -0.509743 -0.678125
0.373954 1.05 -0.523522 -0.65625
0.226754 0.546875 -0.523056 -0.721875
-0.853286 0.65625 -0.510087 -0.721875
-1.53414 0.765625 -0.502361 -0.74375
-1.53844 0.984375 -0.489683 -0.74375
0.268866 1.09375 -0.497067 -0.590625
0.610547 0.7 -0.50445 -0.546875
-0.418033 0.39375 -0.500785 -0.634375
-1.50507 0.525 -0.48957 -0.678125
-1.51067 0.940625 -0.47602 -0.7875
0.0601146 1.26875 -0.477298 -0.590625
0.561704 0.7 -0.483228 -0.678125
-0.277895 0.48125 -0.476656 -0.175
-1.48077 0.415625 -0.460207 -0.590625
-1.04765 1.00625 -0.444913 -0.7
-0.0768094 1.1375 -0.440376 -0.48125
0.375935 0.7 -0.435548 -0.546875
-0.538965 0.4375 -0.418219 -0.546875
-1.43657 0.196875 -0.397109 -0.56875
-0.792078 0.590625 -0.384431 -0.546875
0.343907 0.590625 -0.380776 -0.546875
0.313004 0.525 -0.372459 -0.546875
-0.765728 0.459375 -0.349024 -0.459375
-1.44658 0.74375 -0.3221 -0.590625
-1.41919 0.9625 -0.310294 -0.6125
0.401343 1.18125 -0.306339 -0.590625
0.651878 0.525 -0.303837 -0.56875
-0.655522 0.459375 -0.286507 -0.2625
-1.66012 0.634375 -0.263072 -0.546875
-1.43444 1.02812 -0.252139 -0.525
0.169347 1.225 -0.253126 -0.546875
0.344579 0.809375 -0.255857 -0.546875
-0.61524 0.503125 -0.250167 -0.459375
-1.41239 0.7 -0.240106 -0.459375
-1.42192 0.765625 -0.232952 -0.525
-0.383627 1.20312 -0.233067 -0.4375
-0.00880111 0.91875 -0.238133 -0.415625
-0.532509 0.83125 -0.235922 -0.39375
-1.41557 0.74375 -0.216267 -0.634375
-1.02868 1.05 -0.215219 -0.175
-0.3102 0.7 -0.224646 -0.109375
-0.0119844 1.1375 -0.226506 -0.371875
-0.654606 0.896875 -0.226911 -0.39375
-1.42399 0.940625 -0.220339 -0.21875
-1.43352 1.24687 -0.216383 -0.371875
-0.321234 1.02812 -0.224067 -0.328125
0.140815 1.00625 -0.234067 -0.328125
-0.820313 0.74375 -0.235344 -0.328125
-1.43241 0.853125 -0.227028 -0.30625
-1.44325 1.1375 -0.2222 -0.2625
-0.284731 1.4875 -0.231328 -0.0875
-0.117348 1.00625 -0.239011 0.065625
-0.877574 0.83125 -0.238544 -0.525
-1.44213 1.05 -0.232844 -0.35
-1.45383 1.24687 -0.227144 -0.30625
-0.418152 1.53125 -0.231911 -0.459375
-0.0869372 1.11563 -0.241911 -0.2625
-0.655565 0.940625 -0.243189 -0.35
-1.45272 1.00625 -0.237489 -0.35
-1.46487 1.44375 -0.231789 -0.328125
-0.634012 1.575 -0.235983 -0.21875
-0.146815 0.896875 -0.243367 -0.35
-0.348092 0.809375 -0.247261 -0.30625
-1.18624 0.503125 -0.243306 -0.30625
-1.47459 1.09375 -0.237606 -0.35
-0.687348 1.3125 -0.2415 -0.2625
-0.109004 1.09375 -0.2515 -0.35
-0.426577 1.02812 -0.255394 -0.328125
-1.07529 1.05 -0.251439 -0.13125
-1.47863 1.225 -0.246611 -0.30625
-1.18027 1.33438 -0.2444 -0.371875
-0.287345 1.24687 -0.250911 -0.35
-0.121271 1.05 -0.257422 -0.39375
-0.601368 1.00625 -0.259572 -0.109375
-1.25184 1.11563 -0.254744 -0.371875
-1.49789 1.33438 -0.248172 -0.371875
-1.5035 1.4 -0.246833 -0.065625
-0.0991594 1.575 -0.255089 -0.30625
0.189753 1.00625 -0.265961 -0.328125
-0.375809 0.678125 -0.268983 -0.371875
-1.49277 0.74375 -0.263283 -0.153125
-1.78244 1.15938 -0.256711 -0.328125
-0.515471 1.18125 -0.260606 0
0.226705 1.00625 -0.273222 -0.30625
0.0319702 0.7 -0.281178 -0.39375
-1.41542 0.721875 -0.278094 -0.56875
-1.50026 1.1375 -0.272394 -0.196875
-1.50542 1.42188 -0.270756 -0.39375
-0.145996 1.46562 -0.276939 -0.39375
0.0993054 0.7 -0.286911 -0.415625
-0.174657 0.2625 -0.289906 -0.328125
-1.34715 0.546875 -0.28505 -0.39375
-1.50467 1.37813 -0.27845 -0.415625
-0.955258 0.896875 -0.277656 -0.39375
-0.0319493 0.74375 -0.284139 -0.371875
0.0931304 0.83125 -0.291494 -0.39375
-0.619559 0.9625 -0.292744 -0.39375
-1.38633 1.07187 -0.286717 -0.39375
-1.51477 1.05 -0.280117 -0.371875
-0.756606 1.33438 -0.283111 -0.415625
0.375454 1.225 -0.293083 -0.35
0.299632 0.765625 -0.301883 -0.459375
-0.617884 0.678125 -0.302261 -0.415625
-1.50357 0.91875 -0.294789 -0.4375
-1.86677 1.09375 -0.286444 -0.371875
-0.602423 1.4875 -0.287394 -0.39375
0.327427 1.11563 -0.298239 -0.371875
0.456431 0.896875 -0.308211 -0.371875
-0.548308 0.678125 -0.308289 -0.415625
-1.43268 0.35 -0.301689 -0.415625
-1.75272 1.00625 -0.293344 -0.371875
-1.13193 1.50937 -0.291678 -0.415625
-0.00248815 1.18125 -0.299906 -0.415625
0.328727 0.984375 -0.309006 -0.371875
-0.236834 0.30625 -0.310828 -0.415625
-1.20581 0.65625 -0.305972 -0.39375
-1.52324 1.07187 -0.299072 -0.39375
-1.53147 0.809375 -0.295089 -0.371875
-0.260576 1.15938 -0.299828 -0.371875
0.0693304 1.09375 -0.307756 -0.39375
-0.246934 0.809375 -0.311622 -0.371875
-1.24499 0.853125 -0.306467 -0.371875
-1.53334 1.00625 -0.299867 -0.4375
-1.53981 1.53125 -0.303443 -0.4375
-0.225307 1.61875 -0.301194 -0.371875
0.149519 1.00625 -0.310294 -0.4375
