torque_1 torque_1_t torque_2 torque_2_t
0.0868733 -0.021875 -1.12812 0.109375
0.0819233 -0.284375 -1.12092 -0.590625
0.0769733 0.021875 -1.11402 -0.634375
0.0720233 0.109375 -1.11816 -0.875
0.0670733 0.13125 -1.10922 -1.07187
0.0621233 -0.30625 -1.10056 -1.1375
0.0571733 -0.284375 -1.09365 -1.18125
0.0522233 -0.284375 -1.08296 -1.26875
0.0472733 -0.30625 -1.07169 -1.3125
0.0423233 0.0875 -1.05781 -1.3125
0.0369233 -0.021875 -1.04566 -1.37813
0.0319733 0 -1.02538 -1.37813
0.0283317 0.153125 -1.00335 -1.42188
0.0233817 -0.065625 -0.984243 -1.42188
0.0184317 0.109375 -0.966576 -1.4
0.0134817 -0.04375 -0.94542 -1.37813
0.315118 0.0875 -0.923974 -1.33438
0.00489 -0.35 -0.901656 -1.33438
0.146619 -0.04375 -0.885733 -1.35625
-0.00239333 0.021875 -0.864287 -1.3125
-0.00734333 0.065625 -0.84633 -1.3125
0.0180891 0.153125 -0.832733 -1.225
-0.0150767 0.065625 -0.818556 -1.24687
-0.0200267 -0.35 -0.795946 -1.20312
-0.0236683 0.109375 -0.787583 -1.225
-0.0286183 -0.328125 -0.790559 -1.18125
-0.0335683 -0.021875 -0.772311 -1.1375
-0.0359017 0.109375 -0.766856 -1.09375
-0.0408517 0.109375 -0.759956 -1.09375
-0.0458017 0 -0.752756 -1.07187
-0.0507517 0.109375 -0.744683 -1.05
-0.0557017 0.109375 -0.737483 -1.07187
-0.0611017 0.109375 -0.730283 -1.07187
-0.0660517 0.153125 -0.723083 -1.02812
-0.0710017 0.109375 -0.715883 -1.09375
-0.0759517 0.153125 -0.708683 -1.00625
-0.0809017 0 -0.701483 -1.02812
-0.0858517 0 -0.694283 -0.9625
-0.0908017 0.13125 -0.687083 -0.9625
-0.0957517 0.109375 -0.679883 -0.9625
-0.100702 0.13125 -0.672683 -0.9625
-0.106102 0.04375 -0.665483 -0.984375
-0.110152 0.04375 -0.658283 -0.984375
-0.113302 0.04375 -0.650483 -0.91875
-0.116452 0.153125 -0.642983 -0.896875
-0.119602 0.04375 -0.635483 -0.875
-0.122752 0.065625 -0.628556 -0.91875
-0.125902 0.04375 -0.615241 -0.896875
-0.129052 0.153125 -0.613556 -0.875
-0.132202 0.2625 -0.606056 -0.83125
-0.135352 0.04375 -0.599128 -0.875
-0.138502 0.153125 -0.591628 -0.875
-0.141652 0.04375 -0.584128 -0.809375
-0.144802 0.153125 -0.576328 -0.83125
-0.147952 0.04375 -0.568828 -0.809375
-0.151102 0.30625 -0.5622 -0.83125
-0.154252 0.0875 -0.5544 -0.83125
-0.157402 0.328125 -0.5469 -0.809375
-0.160552 0.153125 -0.5394 -0.809375
-0.163702 0.328125 -0.5316 -0.721875
-0.166852 0.196875 -0.5241 -0.74375
-0.170002 0.35 -0.5166 -0.765625
-0.173152 0.21875 -0.499496 -0.721875
-0.176302 0.175 -0.503044 -0.7875
-0.179452 0.109375 -0.495544 -0.721875
-0.182602 0.196875 -0.487744 -0.721875
-0.185752 0.13125 -0.481117 -0.765625
-0.188902 0.196875 -0.473617 -0.721875
-0.192052 0.240625 -0.466689 -0.678125
-0.195202 0.196875 -0.459189 -0.74375
-0.198352 0.153125 -0.451689 -0.6125
-0.201502 0.175 -0.444761 -0.634375
-0.205102 0.2625 -0.437261 -0.634375
-0.208252 0.30625 -0.429761 -0.65625
-0.181019 0.284375 -0.422543 -0.65625
-0.213243 0.30625 -0.417078 -0.634375
-0.216393 0.175 -0.409578 -0.6125
-0.219543 0.30625 -0.40265 -0.65625
-0.222693 0.153125 -0.39515 -0.35
-0.225843 0.175 -0.380963 -0.6125
-0.228993 0.328125 -0.381594 -0.546875
-0.232143 0.196875 -0.374094 -0.56875
-0.235293 0.175 -0.367467 -0.56875
-0.238443 0.196875 -0.359667 -0.525
-0.241593 0.30625 -0.344607 -0.56875
-0.245193 0.39375 -0.347283 -0.525
-0.248343 0.2625 -0.339483 -0.503125
-0.251493 0.30625 -0.332856 -0.525
-0.254643 0.196875 -0.316624 -0.48125
-0.257793 0.240625 -0.3193 -0.48125
-0.260943 0.415625 -0.3118 -0.35
-0.264093 0.30625 -0.297313 -0.459375
-0.267243 0.30625 -0.298244 -0.48125
-0.270393 0.328125 -0.291617 -0.328125
-0.273993 0.30625 -0.282654 -0.48125
-0.277143 0.371875 -0.26585 -0.459375
-0.280293 0.48125 -0.270261 -0.459375
-0.253061 0.30625 -0.259563 -0.30625
-0.285285 0.328125 -0.25875 -0.240625
-0.288435 0.30625 -0.251822 -0.196875
-0.291585 0.35 -0.245194 -0.371875
-0.294735 0.415625 -0.232452 -0.415625
-0.298335 0.13125 -0.221463 -0.284375
-0.301485 0.415625 -0.225883 -0.371875
-0.304635 0.284375 -0.218956 -0.240625
-0.307785 0.284375 -0.204769 -0.4375
-0.310935 0.39375 -0.20162 -0.35
-0.123795 0.39375 -0.201389 -0.175
-0.316377 0.328125 -0.187202 -0.30625
-0.319527 0.371875 -0.188706 -0.240625
-0.322227 0.4375 -0.171902 -0.196875
-0.324477 0.35 -0.169035 -0.35
-0.326727 0.30625 -0.165887 -0.328125
-0.328977 0.459375 -0.153144 -0.240625
-0.331227 0.503125 -0.147089 -0.13125
-0.333477 0.39375 -0.142196 -0.39375
-0.335727 0.525 -0.143409 -0.35
-0.337977 0.328125 -0.130667 -0.284375
-0.340227 0.35 -0.13188 -0.328125
-0.342477 0.48125 -0.12 -0.328125
-0.344727 0.459375 -0.113944 -0.328125
-0.347427 0.48125 -0.121554 -0.240625
-0.349677 0.35 -0.114626 -0.284375
-0.351927 0.459375 -0.100139 -0.0875
-0.354177 0.4375 -0.0958278 -0.04375
-0.356427 0.503125 -0.0915167 0.065625
-0.358677 0.48125 -0.0892407 -0.0875
-0.360927 0.56875 -0.082013 -0.284375
-0.363177 0.48125 -0.0768296 -0.240625
-0.365427 0.590625 -0.0707741 -0.065625
-0.367677 0.48125 -0.0647185 -0.284375
-0.370377 0.503125 -0.0659315 -0.2625
-0.372627 0.503125 -0.0534796 0.021875
-0.374877 0.503125 -0.0584722 -0.065625
-0.377127 0.503125 -0.0492093 0.04375
-0.379377 0.48125 -0.0460611 -0.0875
-0.381627 0.48125 -0.0379704 0.04375
-0.383877 0.503125 -0.0229019 -0.021875
-0.386577 0.590625 -0.024987 0.0875
-0.388827 0.48125 -0.0142796 0.153125
-0.391077 0.6125 -0.0143204 -0.065625
-0.393327 0.590625 -0.00942778 -0.021875
-0.395577 0.48125 0.00796667 -0.021875
-0.397827 0.415625 0.00268333 0.13125
-0.400527 0.546875 0.0133907 -0.04375
-0.402777 0.634375 0.0156667 -0.04375
-0.405027 0.65625 0.0339426 0.153125
-0.405968 0.525 0.0399981 -0.021875
-0.408218 0.4375 0.0350056 -0.021875
-0.410468 0.48125 0.0428056 -0.021875
-0.413168 0.525 0.053513 0.04375
-0.415418 0.525 0.066837 0.175
-0.417668 0.503125 0.0630167 0.021875
-0.229629 0.48125 0.0699444 0
-0.42086 0.48125 0.0768722 0.0875
-0.42356 0.48125 0.084963 0.04375
-0.42581 0.21875 0.0953796 0.04375
-0.42806 0.48125 0.10377 0.04375
-0.43031 0.590625 0.104883 0.04375
-0.43301 0.7 0.111811 0.0875
-0.43526 0.65625 0.118739 0.065625
-0.436202 0.48125 0.124794 0.240625
-0.438452 0.590625 0.13115 0.240625
-0.441152 0.634375 0.14273 0.153125
-0.443402 0.634375 0.156054 0.153125
-0.445652 0.4375 0.159493 0.13125
-0.447902 0.765625 0.157989 0.13125
-0.450602 0.56875 0.175393 0.240625
-0.452852 0.56875 0.181448 0.21875
-0.455102 0.56875 0.176456 0.175
-0.457352 0.56875 0.190943 0.284375
-0.460052 0.56875 0.195554 0.175
-0.462302 0.590625 0.20597 0.284375
-0.464552 0.65625 0.210281 0.153125
-0.467252 0.6125 0.217209 0.240625
-0.468193 0.6125 0.223856 0.21875
-0.470443 0.590625 0.224387 0.240625
-0.473143 0.74375 0.225791 0.21875
-0.475393 0.6125 0.242022 0.2625
-0.477643 0.65625 0.244298 0.196875
-0.479893 0.6125 0.24542 0.35
-0.482593 0.56875 0.258744 0.30625
-0.484843 0.65625 0.263056 0.39375
-0.487093 0.74375 0.268239 0.109375
-0.489793 0.634375 0.271106 0.2625
-0.492043 0.765625 0.278033 0.284375
-0.494293 0.809375 0.281472 0.35
-0.496993 0.74375 0.279096 0.21875
-0.499243 0.65625 0.285743 0.39375
-0.501943 0.634375 0.300811 0.2625
-0.504193 0.74375 0.296109 0.35
-0.506443 0.6125 0.307117 0.2625
-0.509143 0.634375 0.3123 0.48125
-0.511393 0.765625 0.315448 0.415625
-0.513643 0.678125 0.317143 0.30625
-0.516343 0.7875 0.329022 0.35
-0.518593 0.65625 0.335078 0.35
-0.520843 0.7 0.339389 0.415625
-0.522643 0.721875 0.340511 0.415625
-0.524443 0.590625 0.346867 0.415625
-0.526243 0.721875 0.353222 0.415625
-0.527593 0.7 0.356961 0.415625
-0.529393 0.809375 0.361272 0.415625
-0.531193 0.721875 0.365011 0.459375
-0.532993 0.74375 0.364098 0.35
-0.534793 0.7 0.366093 0.39375
-0.536593 0.7875 0.368959 0.48125
-0.537943 0.590625 0.375606 0.525
-0.539743 0.74375 0.379044 0.503125
-0.541543 0.74375 0.379876 0.39375
-0.543343 0.678125 0.391756 0.4375
-0.545143 0.721875 0.385609 0.525
-0.546943 0.74375 0.391965 0.525
-0.548743 0.721875 0.39832 0.546875
-0.550543 0.74375 0.402931 0.503125
-0.550585 0.74375 0.402009 0.4375
-0.552385 0.74375 0.408365 0.7
-0.554185 0.765625 0.419372 0.590625
-0.555985 0.765625 0.411191 0.546875
-0.557785 0.721875 0.42307 0.65625
-0.559585 0.634375 0.432333 0.56875
-0.561385 0.7875 0.434037 0.590625
-0.563185 0.765625 0.433124 0.546875
-0.564985 0.765625 0.446739 0.6125
-0.566785 0.765625 0.444954 0.590625
-0.568585 0.875 0.451309 0.590625
-0.569935 0.853125 0.455048 0.7
-0.571735 0.721875 0.466056 0.56875
-0.573535 0.83125 0.468631 0.6125
-0.575335 0.765625 0.47615 0.6125
-0.577135 0.875 0.481633 0.590625
-0.578935 0.721875 0.485954 0.634375
-0.580735 0.875 0.482124 0.6125
-0.582535 0.678125 0.497493 0.634375
-0.584335 0.896875 0.506756 0.56875
-0.586135 0.765625 0.499446 0.65625
-0.587935 0.853125 0.51307 0.7
-0.589735 0.83125 0.52117 0.65625
-0.591535 0.875 0.516769 0.74375
-0.593335 0.7875 0.534172 0.678125
-0.595135 0.83125 0.527444 0.721875
-0.596935 0.765625 0.546883 0.765625
-0.598735 0.853125 0.544226 0.721875
-0.600535 0.765625 0.556978 0.7
-0.602335 0.83125 0.562161 0.721875
-0.604135 0.809375 0.557469 0.853125
-0.605935 0.678125 0.573128 1.05
-0.607735 0.7875 0.581228 0.809375
-0.609535 0.74375 0.581187 0.74375
-0.611335 0.809375 0.587543 0.678125
-0.613135 0.765625 0.585757 0.74375
-0.615385 0.7875 0.601417 0.7875
-0.617185 0.9625 0.6069 0.765625
-0.618985 0.7875 0.609767 0.721875
-0.620785 0.809375 0.614378 0.896875
-0.622585 0.83125 0.612593 0.7875
-0.624385 0.809375 0.621565 0.896875
-0.626185 0.83125 0.622687 0.7875
-0.627985 0.83125 0.635439 0.91875
-0.629785 0.83125 0.637433 0.6125
-0.631585 1.05 0.641172 0.7875
-0.633385 0.984375 0.644039 0.83125
-0.635635 0.7875 0.651267 0.809375
-0.637435 0.83125 0.654424 1.09375
-0.639235 0.940625 0.659907 0.853125
-0.641035 0.853125 0.660157 0.984375
-0.642835 0.9625 0.659535 0.83125
-0.644635 0.83125 0.66967 0.875
-0.646435 0.83125 0.667004 1.00625
-0.648235 0.83125 0.667254 0.91875
-0.650485 0.853125 0.675644 0.875
-0.652285 1.00625 0.669789 0.91875
-0.654085 0.91875 0.670911 1.02812
-0.655885 0.83125 0.669417 0.91875
-0.657685 1.00625 0.668213 0.896875
-0.659485 0.853125 0.668463 0.875
-0.661735 0.83125 0.660863 0.853125
-0.663535 0.9625 0.662276 0.83125
-0.665335 0.940625 0.657583 0.7875
-0.667135 0.83125 0.655507 0.853125
-0.668935 1.11563 0.646172 0.809375
-0.671185 0.896875 0.64148 0.765625
-0.672985 0.940625 0.633298 0.809375
-0.674785 0.896875 0.623954 0.765625
-0.676585 0.83125 0.611993 0.7875
-0.678385 0.896875 0.602648 0.83125
-0.680635 0.896875 0.59185 0.765625
-0.682435 0.896875 0.580761 0.7875
-0.684235 0.896875 0.567346 0.83125
-0.687343 0.721875 0.555385 0.809375
-0.689593 0.896875 0.54168 0.7875
-0.692702 0.940625 0.530591 0.853125
-0.694502 0.9625 0.512524 0.83125
-0.696302 0.940625 0.495039 0.809375
-0.773854 0.984375 0.48017 0.853125
-0.702968 0.984375 0.466174 0.83125
-0.706077 0.984375 0.45305 0.721875
-0.707877 0.984375 0.44545 0.721875
-0.943128 0.940625 0.436987 0.74375
-0.902175 1.07187 0.432004 0.65625
-0.714093 1.09375 0.422669 0.721875
-0.715443 1.02812 0.417985 0.634375
-0.716793 0.940625 0.413002 0.634375
-0.719452 0.9625 0.409772 0.634375
-0.720352 0.875 0.409741 0.525
-0.72301 1.07187 0.402722 0.590625
-0.725668 1.09375 0.400656 0.590625
-0.726568 1.09375 0.399752 0.590625
-0.727918 0.984375 0.394478 0.56875
-0.729268 1.02812 0.392411 0.6125
-0.730618 0.940625 0.388309 0.809375
-0.732827 1.09375 0.390304 0.590625
-0.734177 0.896875 0.387074 0.56875
-0.735527 0.940625 0.385007 0.590625
-0.736877 1.02812 0.387002 0.546875
-0.737777 1.00625 0.389296 0.546875
-0.739127 0.9625 0.394207 0.459375
-0.740477 0.984375 0.396502 0.48125
-0.741827 0.9625 0.397333 0.503125
-0.743177 1.02812 0.403407 0.546875
-0.744077 1.07187 0.399306 0.30625
-0.745427 1.225 0.404789 0.546875
-0.746777 0.9625 0.403304 0.546875
-0.748127 1.02812 0.413739 0.503125
-0.749477 1.00625 0.406139 0.503125
-0.750827 1.02812 0.425006 0.546875
-0.751727 1.02812 0.41945 0.546875
-0.753077 1.00625 0.426978 0.546875
-0.754427 1.11563 0.435078 0.6125
-0.755777 1.26875 0.442606 0.56875
-0.757127 1.00625 0.451006 0.590625
-0.757168 1.11563 0.458533 0.590625
-0.758068 1.02812 0.466633 0.590625
-0.759418 1.02812 0.475033 0.590625
-0.729078 1.02812 0.481689 0.634375
-0.759502 0.984375 0.489789 0.6125
-0.760852 1.02812 0.498189 0.634375
-0.760893 1.00625 0.505717 0.678125
-0.762243 1.02812 0.514117 0.634375
-0.763593 1.02812 0.522217 0.678125
-0.764943 1.02812 0.530617 0.7
-0.766293 1.02812 0.539017 0.65625
-0.767643 1.02812 0.547417 0.7
-0.767235 1.02812 0.554944 0.65625
-0.768585 1.02812 0.563044 0.7
-0.769935 1.1375 0.571444 0.7
-0.771285 1.02812 0.579844 0.74375
-0.772635 1.1375 0.588244 0.74375
-0.773985 1.02812 0.596344 0.721875
-0.775335 1.02812 0.604744 0.765625
-0.776685 1.11563 0.62332 0.765625
-0.778035 1.05 0.622707 0.765625
-0.779385 1.02812 0.635759 0.809375
-0.780735 1.15938 0.635719 0.83125
-0.782085 1.07187 0.639757 0.7875
-0.783435 1.02812 0.656589 0.6125
-0.784785 1.07187 0.664117 0.809375
-0.786135 1.09375 0.665248 0.83125
-0.787485 1.18125 0.669859 0.853125
-0.788835 1.20312 0.670409 0.875
-0.790185 1.15938 0.682589 0.875
-0.791535 1.00625 0.6875 0.875
-0.792885 1.20312 0.687178 0.875
-0.794235 1.20312 0.695569 0.896875
-0.795585 1.15938 0.697863 0.91875
-0.796935 1.02812 0.700157 0.875
-0.798285 1.11563 0.707104 0.896875
-0.800085 1.00625 0.704746 0.91875
-0.801435 0.765625 0.71082 1.07187
-0.802785 1.225 0.717467 1.00625
-0.804135 1.20312 0.714528 0.9625
-0.805485 1.09375 0.717694 0.91875
-0.806835 1.00625 0.713883 0.91875
-0.808185 0.765625 0.711817 0.940625
-0.809535 1.225 0.711494 1.07187
-0.810885 1.02812 0.709128 0.984375
-0.812235 1.11563 0.703281 0.940625
-0.814035 1.11563 0.709646 0.91875
-0.815385 1.11563 0.702928 1.05
-0.816735 1.20312 0.703478 0.896875
-0.819393 1.07187 0.697922 0.940625
-0.820743 1.18125 0.701089 0.984375
-0.822093 1.20312 0.697278 0.9625
-0.823443 1.07187 0.696656 0.940625
-0.825243 1.20312 0.694589 0.940625
-0.826593 1.11563 0.694267 0.91875
-0.829252 1.09375 0.698306 0.7875
-0.830602 1.15938 0.698274 0.91875
-0.831952 1.11563 0.696207 0.896875
-0.833752 1.11563 0.695885 0.984375
-0.835102 1.11563 0.695563 0.875
-0.836452 1.29062 0.692624 0.634375
-0.837802 1.15938 0.690257 0.83125
-0.839152 1.11563 0.694006 0.896875
-0.840952 1.11563 0.687578 0.853125
-0.842302 1.11563 0.680278 0.896875
-0.84406 1.15938 0.675894 0.853125
-0.84496 1.11563 0.674991 0.91875
-0.84586 1.225 0.667119 1.1375
-0.848068 1.15938 0.657202 0.9625
-0.848518 1.09375 0.652237 0.809375
-0.849418 1.11563 0.640285 0.83125
-1.12783 1.20312 0.632704 0.809375
-0.852527 1.4875 0.624531 0.9625
-0.852977 1.29062 0.611135 0.83125
-0.853877 1.20312 0.603835 0.83125
-0.856085 1.15938 0.593346 0.7875
-0.858293 1.18125 0.589535 0.91875
-0.86136 1.18125 0.5805 0.809375
-0.86226 1.15938 0.571756 0.9625
-0.864468 1.02812 0.56242 0.83125
-0.866677 1.18125 0.562398 0.9625
-1.01426 1.15938 0.559459 0.7875
-1.10324 1.33438 0.552169 0.809375
-0.871543 1.33438 0.545741 0.896875
-0.872443 1.4 0.546009 0.896875
-0.873343 1.18125 0.539881 0.940625
-1.15306 1.18125 0.534035 0.721875
-0.879068 1.35625 0.534304 0.896875
-0.879518 1.18125 0.531365 0.765625
-0.880418 1.29062 0.523202 0.765625
-0.882627 1.225 0.518519 0.74375
-1.03021 1.18125 0.51588 0.853125
-0.959729 1.3125 0.51673 0.83125
-0.887943 1.225 0.509139 0.853125
-0.888843 1.18125 0.504465 0.809375
-0.889743 1.18125 0.501526 0.7
-0.891952 1.18125 0.505865 0.875
-0.89371 1.225 0.50468 0.721875
-0.89461 1.18125 0.50145 0.7875
-0.89551 1.18125 0.507533 0.7
-0.89641 1.18125 0.5107 0.721875
-0.89731 1.20312 0.515911 0.7
-0.89821 1.26875 0.512109 0.765625
-0.89911 1.225 0.520509 0.7
-0.898702 1.18125 0.5295 0.809375
-0.898293 1.18125 0.536456 0.875
-0.897885 1.18125 0.529446 0.809375
-0.897477 1.18125 0.537565 0.7875
-0.897068 1.225 0.541031 0.74375
-0.89666 1.24687 0.546815 0.74375
-0.894943 1.35625 0.549409 0.678125
-0.895843 1.44375 0.563333 0.765625
-0.617923 1.18125 0.565637 0.721875
-0.893718 1.09375 0.573756 0.765625
-0.894618 1.15938 0.567328 0.7875
-0.895518 1.26875 0.58097 0.7875
-0.896418 1.15938 0.583856 0.74375
-0.894702 1.29062 0.600987 0.7875
-0.894293 1.18125 0.597467 0.7875
-0.617681 1.29062 0.605294 0.7875
-0.894785 1.02812 0.613994 0.809375
-0.895685 1.24687 0.622394 0.853125
-0.897035 1.33438 0.631094 0.809375
-0.896627 1.29062 0.643865 0.809375
-0.897527 1.15938 0.64645 0.940625
-0.751748 1.20312 0.654278 0.809375
-0.898018 1.1375 0.662978 0.853125
-0.898918 1.18125 0.671378 0.83125
-0.899818 1.3125 0.679206 0.896875
-0.900718 1.18125 0.687906 0.896875
-0.622798 1.20312 0.698641 0.896875
-0.899902 1.02812 0.701517 0.896875
-0.901252 1.15938 0.709344 0.83125
-0.902152 1.225 0.723859 0.9625
-0.903052 1.20312 0.722956 0.940625
-0.903952 1.37813 0.731074 1.02812
-0.904852 1.20312 0.742681 1.02812
-0.905752 1.20312 0.756906 0.91875
-0.907102 1.20312 0.757165 1.07187
-0.908002 1.20312 0.768772 1.00625
-0.908902 1.20312 0.771367 1.05
-0.909802 1.20312 0.779485 0.9625
-0.910702 1.20312 0.780907 1.05
-0.912052 1.18125 0.788735 1.00625
-0.912952 1.20312 0.790457 0.9625
-0.913852 1.24687 0.796831 1.02812
-0.914752 1.24687 0.799717 1.07187
-0.916102 1.35625 0.801139 0.940625
-0.917002 1.20312 0.801117 1.02812
-0.917902 1.3125 0.801967 1.07187
-0.918802 1.26875 0.802235 1.07187
-0.920152 1.24687 0.798424 1.07187
-0.921052 1.4 0.794913 1.07187
-0.921952 1.24687 0.793146 1.02812
-0.922852 1.26875 0.790507 1.05
-0.92551 1.53125 0.786124 1.02812
-0.92641 1.26875 0.785802 1.07187
-0.92731 1.24687 0.779674 1.02812
-0.92866 1.29062 0.780815 1.02812
-0.930868 1.46562 0.778176 1.02812
-1.16436 1.24687 0.774665 1.02812
-0.933118 1.44375 0.775515 1.02812
-0.934018 0.9625 0.765598 1.02812
-0.934918 1.29062 0.765867 1.00625
-0.936268 1.33438 0.7641 1.07187
-0.938477 1.29062 0.760007 0.984375
-0.939377 1.29062 0.753007 0.940625
-0.940727 1.29062 0.747752 1.05
-0.941177 1.20312 0.736391 1.05
-0.942485 1.4 0.731435 1.02812
-1.05923 1.29062 0.722691 1.02812
-0.943385 1.35625 0.717154 1.02812
-0.943385 1.26875 0.702885 1.02812
-0.943835 1.26875 0.693569 0.6125
-0.945143 1.26875 0.684252 0.940625
-0.946902 1.29062 0.6726 1.00625
-0.94866 1.29062 0.666772 0.9625
-0.94911 1.26875 0.659772 1.05
-0.950418 1.3125 0.654526 0.896875
-0.950868 1.18125 0.644337 0.940625
-1.06892 1.24687 0.64228 0.984375
-0.952627 1.3125 0.633835 0.525
-0.954385 1.35625 0.634113 0.896875
-0.954835 1.4 0.627113 0.91875
-0.954835 1.4 0.626519 0.940625
-1.10196 1.29062 0.619228 0.896875
-0.957043 1.3125 0.62125 0.896875
-0.957493 1.29062 0.618039 0.896875
-0.957943 1.3125 0.615981 0.853125
-1.07555 1.29062 0.613643 0.590625
-0.959702 1.35625 0.61392 0.896875
-0.960152 1.42188 0.615643 0.83125
-0.960602 1.33438 0.617665 0.91875
-0.960602 1.225 0.619687 0.83125
-0.96236 1.35625 0.622281 0.875
-0.96281 1.35625 0.624304 0.7875
-0.96326 1.3125 0.626326 0.83125
-0.96371 1.33438 0.624569 0.853125
-0.96416 1.33438 0.629198 0.853125
-0.96416 1.3125 0.63122 0.853125
-0.96461 1.3125 0.631207 0.853125
-0.96506 1.3125 0.634965 0.853125
-0.96551 1.3125 0.636115 0.896875
-0.96596 1.4 0.636102 0.83125
-0.96641 1.3125 0.640159 0.875
-0.96686 1.42188 0.63723 0.875
-0.96731 1.3125 0.640996 0.896875
-0.96776 1.29062 0.640983 0.896875
-0.96776 1.35625 0.640961 0.896875
-0.96821 1.33438 0.645309 1.00625
-0.96866 1.29062 0.653728 0.91875
-0.661216 1.26875 0.656331 0.9625
-0.966943 1.09375 0.663578 0.9625
-0.967393 1.33438 0.659494 0.9625
-0.967843 1.18125 0.668494 0.91875
-0.968293 1.29062 0.677785 1.07187
-0.968743 1.29062 0.685622 0.91875
-0.735292 1.225 0.69345 0.9625
-0.968335 1.09375 0.70245 0.9625
-0.968785 1.18125 0.71145 0.9625
-0.969235 1.26875 0.72045 0.9625
-0.969685 1.29062 0.72915 1.00625
-0.970135 1.29062 0.73815 0.9625
-0.970585 1.26875 0.74715 0.940625
-0.971035 1.35625 0.75615 1.00625
-0.971485 1.33438 0.76515 1.05
-0.971935 1.3125 0.77415 1.05
-0.972385 1.29062 0.781978 1.07187
-0.972835 1.35625 0.790106 1.07187
-0.973285 1.3125 0.798233 1.07187
-0.974185 1.33438 0.806361 1.11563
-0.974635 1.29062 0.814489 1.07187
-0.975085 1.33438 0.832493 1.07187
-0.975535 1.33438 0.8287 1.07187
-0.975985 1.35625 0.843515 1.07187
-0.976435 1.26875 0.847863 1.15938
-0.976885 1.37813 0.86355 1.11563
-0.977335 1.26875 0.86092 1.07187
-0.977785 1.3125 0.866141 1.07187
-0.978685 1.3125 0.875131 1.18125
-0.979135 1.33438 0.887039 1.15938
-0.979585 1.33438 0.89255 1.20312
-0.980035 1.33438 0.896317 1.24687
-0.980485 1.4 0.899793 1.18125
-0.980935 1.42188 0.909083 1.20312
-0.981835 1.3125 0.913722 1.26875
-0.982285 1.3125 0.918361 1.02812
-0.982735 1.3125 0.924744 1.3125
-0.983185 1.3125 0.929083 1.26875
-0.983635 1.33438 0.928489 1.26875
-0.984535 1.3125 0.936617 1.24687
-0.984985 1.3125 0.940383 1.33438
-1.01582 1.33438 0.947639 1.24687
-0.987193 1.3125 0.953441 1.24687
-0.988093 1.42188 0.958952 1.3125
-0.988543 1.3125 0.961846 0.91875
-0.988993 1.44375 0.967357 1.29062
-0.989893 1.3125 0.970252 1.29062
-0.990343 1.42188 0.973146 1.225
-0.990793 1.24687 0.977204 1.225
-0.991243 1.29062 0.98097 1.3125
-0.992143 1.4875 0.98212 1.20312
-0.992593 1.33438 0.982689 1.42188
-0.993043 1.4 0.984711 1.29062
-0.993493 1.44375 0.981209 1.29062
-0.993943 1.35625 0.988174 1.18125
-0.994393 1.44375 0.988452 1.26875
-0.995293 1.4875 0.986113 1.24687
-0.995743 1.37813 0.981157 1.225
-0.996193 1.37813 0.981726 1.20312
-0.997952 1.37813 0.981422 1.35625
-0.998402 1.33438 0.979083 1.33438
-0.998852 1.225 0.969767 1.29062
-0.999302 1.35625 0.975578 1.225
-1.0002 1.35625 0.961609 1.15938
-1.00196 1.35625 0.9552 1.15938
-1.00241 1.3125 0.946174 1.18125
-1.00417 1.35625 0.932787 1.20312
-1.00593 1.35625 0.91562 1.1375
-1.00813 1.35625 0.905431 1.18125
-1.00989 1.44375 0.884776 1.18125
-1.01296 1.4 0.869363 1.225
-1.01341 1.35625 0.849289 1.20312
-1.01648 1.4 0.838519 1.29062
-1.01869 1.35625 0.82455 1.24687
-1.16712 1.26875 0.80622 1.29062
-1.2138 1.575 0.798648 1.35625
-1.02658 1.61875 0.783235 1.225
-1.02748 1.55313 0.772174 1.15938
-1.02923 1.64062 0.765183 1.1375
-1.2662 1.44375 0.757611 1.1375
-1.31333 1.6625 0.753237 1.11563
-1.11157 1.59688 0.747409 1.09375
-1.03934 1.50937 0.74915 1.05
-1.04023 1.4875 0.735763 0.984375
-1.04199 1.42188 0.733424 1.11563
-1.11905 1.61875 0.734574 0.940625
-1.32478 1.4875 0.735724 0.984375
-1.05164 1.575 0.73543 1.07187
-1.0534 1.42188 0.737743 0.896875
-1.0543 1.44375 0.736276 0.896875
-1.05475 1.4875 0.733065 0.984375
-1.33271 1.4 0.733061 1.00625
-1.05872 1.61875 0.728106 1.00625
-1.06048 1.46562 0.72693 0.940625
-1.06138 1.46562 0.717613 0.940625
-1.06183 1.4875 0.707724 0.9625
-1.25257 1.53125 0.705676 0.984375
-1.06579 1.70625 0.698104 1.00625
-1.06624 1.59688 0.683263 0.940625
-1.06714 1.50937 0.674246 0.940625
-1.0689 1.44375 0.666674 0.984375
-1.07111 1.42188 0.654741 0.91875
-1.07156 1.42188 0.646006 0.896875
-1.07246 1.46562 0.636989 0.91875
-1.07422 1.4875 0.627381 0.91875
-1.07774 1.575 0.626787 0.940625
-1.07819 1.42188 0.621259 0.9625
-1.07909 1.42188 0.615431 0.940625
-1.07954 1.42188 0.606696 0.940625
-1.08174 1.46562 0.603785 0.853125
-1.08219 1.46562 0.600283 0.91875
-1.08309 1.46562 0.597944 0.9625
-1.08354 1.4875 0.59357 0.896875
-1.08575 1.4875 0.595893 1.05
-1.0862 1.42188 0.593554 0.896875
-1.0871 1.42188 0.594704 0.91875
-1.08755 1.4 0.594991 0.83125
-1.08845 1.42188 0.597885 0.896875
-1.08935 1.50937 0.599907 0.853125
-1.0898 1.44375 0.60223 0.875
-1.0907 1.4875 0.604252 0.7875
-1.09115 1.50937 0.603667 0.83125
-1.09205 1.59688 0.609178 0.853125
-1.09295 1.55313 0.615561 0.896875
-1.0934 1.44375 0.6205 0.875
-1.0943 1.50937 0.619906 0.853125
-1.09475 1.53125 0.626289 0.83125
-1.09565 1.44375 0.629483 0.940625
-1.09655 1.44375 0.637611 0.875
-1.097 1.53125 0.643422 0.853125
-1.0979 1.46562 0.646317 0.896875
-1.0988 1.4875 0.6527 0.853125
-1.09925 1.44375 0.656767 0.896875
-1.10015 1.42188 0.659661 0.853125
-1.10105 1.50937 0.667217 1.09375
-1.1015 1.42188 0.667204 0.940625
-1.1024 1.575 0.678239 0.91875
-1.1033 1.4875 0.676781 0.91875
-1.1042 1.55313 0.684037 0.940625
-1.10465 1.44375 0.685487 0.940625
-1.10555 1.59688 0.694487 0.9625
-1.10645 1.46562 0.694774 0.9625
-1.10735 1.55313 0.711043 0.940625
-1.1078 1.46562 0.715981 0.984375
-1.10825 1.50937 0.723537 1.00625
-1.1087 1.53125 0.731093 1.00625
-1.10915 1.53125 0.736604 1.09375
-1.1096 1.46562 0.739217 1.02812
-1.11005 1.53125 0.755204 1.00625
-1.1105 1.50937 0.766248 1.225
-1.11095 1.50937 0.762756 1.09375
-1.11185 1.50937 0.770883 1.1375
-1.1123 1.59688 0.779311 1.09375
-1.11275 1.4875 0.795298 1.09375
-1.1132 1.46562 0.804598 1.09375
-1.11365 1.4875 0.804594 1.20312
-1.1141 1.59688 0.814185 1.05
-1.115 1.55313 0.819406 1.05
-1.11545 1.575 0.838881 1.18125
-1.1159 1.4875 0.842076 1.11563
-1.11635 1.53125 0.843817 1.15938
-1.1168 1.44375 0.856024 1.09375
-1.1177 1.4875 0.8598 1.24687
-1.11815 1.4875 0.879567 1.15938
-1.1186 1.59688 0.88247 1.18125
-1.11905 1.50937 0.888854 1.15938
-1.11995 1.46562 0.890594 1.15938
-1.1204 1.53125 0.910361 1.18125
-1.12085 1.46562 0.916754 1.24687
-1.1213 1.53125 0.919076 1.20312
-1.1222 1.50937 0.929248 1.20312
-1.12265 1.50937 0.933315 1.20312
-1.1231 1.44375 0.945231 1.20312
-1.124 1.575 0.945519 1.35625
-1.12445 1.46562 0.960633 1.3125
-1.1249 1.4875 0.959176 1.37813
-1.1258 1.4875 0.968767 0.83125
-1.12625 1.59688 0.969626 1.3125
-1.1267 1.55313 0.98445 1.09375
-1.1276 1.4875 0.981248 1.37813
-1.12805 1.50937 0.990839 1.33438
-1.12895 1.6625 0.998394 1.02812
-1.1294 1.64062 1.00333 1.29062
-1.12985 1.4875 1.0074 0.9625
-1.13075 1.64062 1.0135 1.35625
-1.1312 1.50937 1.01582 1.4
-1.1321 1.64062 1.02164 1.35625
-1.13255 1.575 1.02221 1.35625
-1.133 1.575 1.02454 1.37813
-1.1339 1.4875 1.02947 1.42188
-1.13435 1.4875 1.03819 1.37813
-1.13525 1.55313 1.03586 1.4
-1.1357 1.50937 1.03993 1.42188
-1.13791 1.50937 1.04516 1.02812
-1.13836 1.50937 1.04835 1.4
-1.13926 1.4875 1.04719 1.4
-1.13971 1.4875 1.04835 1.44375
-1.41812 1.59688 1.05736 1.4
-1.14237 1.70625 1.05415 1.46562
-1.14327 1.77188 1.05589 1.4
-1.14372 1.59688 1.05647 1.4
-1.14462 1.61875 1.0524 1.4875
-1.14638 1.64062 1.05676 1.33438
-1.14859 1.575 1.05763 1.53125
-1.14904 1.50937 1.06257 1.37813
-1.14994 1.68437 1.05792 1.44375
-1.4279 1.64062 1.06227 1.37813
-1.1539 1.70625 1.06169 1.4
-1.1548 1.6625 1.06605 1.42188
-1.15525 1.4 1.06314 1.42188
-1.15615 1.6625 1.06371 1.3125
-1.18698 1.575 1.06255 1.44375
-1.16143 1.68437 1.06312 1.44375
-1.16233 1.575 1.06661 1.42188
-1.46936 1.61875 1.064 1.4875
-1.16629 1.77188 1.06399 1.42188
-1.31387 1.575 1.0637 1.4875
-1.16895 1.75 1.06021 1.37813
-1.16985 1.61875 1.0602 1.46562
-1.17075 1.68437 1.05206 1.4
-1.31788 1.59688 1.05089 1.42188
-1.32009 1.70625 1.04043 1.33438
-1.24961 1.77188 1.03229 1.35625
-1.17783 1.70625 1.01978 1.35625
-1.18003 1.6625 1.00989 1.4875
-1.18224 1.61875 1.00524 1.35625
-1.25975 1.72812 0.99622 1.35625
-1.42318 1.64062 0.991265 1.33438
-1.38177 1.81563 0.984865 1.33438
-1.42674 1.81563 0.979628 1.37813
-1.19504 1.90312 0.970611 1.29062
-1.19594 1.75 0.961013 1.26875
-1.19815 1.79375 0.947635 1.24687
-1.31841 1.6625 0.936874 1.24687
-1.23471 1.8375 0.926985 1.225
-1.21046 1.64062 0.923493 1.225
-1.21136 1.75 0.905172 1.24687
-1.21402 1.6625 0.896156 1.24687
-1.52412 1.575 0.88365 1.37813
-1.49856 1.85938 0.874633 1.3125
-1.52985 1.8375 0.864454 1.4
-1.22592 1.99063 0.847296 1.02812
-1.22682 1.79375 0.833046 1.18125
-1.22772 1.81563 0.822867 1.18125
-1.46428 1.81563 0.821119 1.26875
-1.51271 1.85938 0.812683 1.18125
-1.4277 1.88125 0.809481 1.18125
-1.24007 1.8375 0.799302 1.20312
-1.24097 1.75 0.794646 0.721875
-1.24187 1.77188 0.79348 0.984375
-1.47843 1.77188 0.788824 1.29062
-1.24804 1.85938 0.789402 1.18125
-1.24894 1.70625 0.785619 1.05
-1.25029 1.72812 0.782417 1.07187
-1.2525 1.6625 0.783285 1.05
-1.44369 1.68437 0.783863 1.09375
-1.44635 1.94687 0.783869 1.1375
-1.25958 1.8375 0.779794 0.940625
-1.26093 1.85938 0.784152 1.09375
-1.26183 1.72812 0.78502 1.05
-1.26318 1.81563 0.77833 1.09375
-1.26539 1.68437 0.783559 1.05
-1.26629 1.79375 0.779776 1.05
-1.26894 1.77188 0.781226 1.09375
-1.27246 1.77188 0.779187 1.05
-1.27512 1.70625 0.777148 1.11563
-1.27602 1.81563 0.7754 1.00625
-1.27737 1.68437 0.76523 1.11563
-1.27958 1.68437 0.763191 1.11563
-1.28093 1.77188 0.754174 1.1375
-1.28314 1.77188 0.750972 1.11563
-1.562 1.70625 0.748933 1.09375
-1.36069 1.96875 0.752128 0.83125
-1.28935 1.85938 0.745437 1.02812
-1.29025 1.90312 0.74428 1.15938
-1.29291 1.79375 0.743985 1.05
-1.29512 1.8375 0.748052 1.11563
-1.29647 1.70625 0.751828 1.09375
-1.29868 1.81563 0.751243 1.09375
-1.30003 1.925 0.760833 1.05
-1.37668 1.79375 0.764609 1.07187
-1.3062 1.8375 0.773337 1.09375
-1.30755 1.77188 0.780893 1.05
-1.30845 1.77188 0.786704 1.02812
-1.3098 1.75 0.7867 1.05
-1.31246 1.85938 0.797163 1.11563
-1.31336 1.81563 0.816067 1.07187
-1.31471 1.88125 0.812283 1.11563
-1.3896 1.75 0.833794 1.09375
-1.31827 1.94687 0.829139 1.15938
-1.31962 1.8375 0.847743 1.11563
-1.32052 1.79375 0.854726 1.07187
-1.32187 1.68437 0.862281 1.15938
-1.60073 1.81563 0.868965 1.1375
-1.32543 2.03437 0.866344 1.15938
-1.32678 1.8375 0.887283 1.18125
-1.32813 1.85938 0.886698 1.18125
-1.32903 1.85938 0.896289 1.18125
-1.33038 1.79375 0.906461 1.18125
-1.33173 1.77188 0.909083 1.225
-1.33308 1.8375 0.919546 1.18125
-1.33398 1.79375 0.921869 1.20312
-1.33533 1.79375 0.920711 1.24687
-1.33668 1.96875 0.925941 0.875
-1.33758 1.77188 0.934659 1.24687
-1.33893 1.75 0.935237 1.29062
-1.34028 1.8375 0.938731 1.24687
-1.34163 1.77188 0.937565 1.3125
-1.34253 1.85938 0.941631 1.29062
-1.34388 1.925 0.945126 1.26875
-1.34653 1.8375 0.944831 1.42188
-1.34789 1.8375 0.950061 1.29062
-1.34879 1.94687 0.952683 1.3125
-1.34968 1.96875 0.955596 1.18125
-1.35189 1.8375 0.953567 1.3125
-1.35279 1.79375 0.951528 1.26875
-1.35369 1.85938 0.950952 1.3125
-1.3559 1.94687 0.950957 1.53125
-1.3568 1.8375 0.950091 1.24687
-1.63521 1.72812 0.944563 1.33438
-1.36122 2.03437 0.943696 1.29062
-1.36212 1.925 0.940213 1.225
-1.36302 1.85938 0.940219 1.29062
-1.36437 1.88125 0.931502 1.29062
-1.44057 1.85938 0.93208 1.24687
-1.6463 1.79375 0.929178 1.3125
-1.40138 2.05625 0.928311 1.29062
-1.3732 1.99063 0.930352 1.3125
-1.3741 2.03437 0.927741 1.18125
-1.375 1.61875 0.928619 1.26875
-1.56619 1.88125 0.926289 1.29062
-1.45255 2.0125 0.927457 1.24687
-1.38077 1.94687 0.926591 1.33438
-1.38167 2.03437 0.924852 1.29062
-1.38257 1.925 0.923985 1.29062
-1.53146 1.94687 0.923119 1.3125
-1.38874 2.12188 0.923996 1.26875
-1.38964 1.88125 0.924002 1.24687
-1.39054 1.99063 0.919346 1.26875
-1.39275 1.88125 0.917317 1.33438
-1.39365 1.88125 0.922846 1.24687
-1.67251 1.88125 0.919363 1.15938
-1.58881 2.34063 0.91995 1.26875
-1.40073 2.05625 0.91385 1.225
-1.40208 1.99063 0.918217 1.24687
-1.40298 1.99063 0.912698 1.24687
-1.40388 1.88125 0.918228 1.225
-1.40609 1.99063 0.919978 1.18125
-1.40874 1.99063 0.919111 1.225
-1.40964 1.88125 0.918826 1.225
-1.64444 1.94687 0.920567 1.225
-1.4132 2.07812 0.918537 1.20312
-1.4141 2.12188 0.920578 1.24687
-1.415 2.05625 0.922328 1.35625
-1.41635 2.07812 0.920589 1.24687
-1.65115 1.94687 0.925828 1.24687
-1.41946 2.07812 0.923217 1.26875
-1.42081 2.07812 0.919443 1.26875
-1.42171 1.88125 0.922356 1.26875
-1.42392 1.88125 0.923815 1.26875
-1.42658 1.88125 0.9276 1.33438
-1.42748 1.90312 0.922954 1.35625
-1.42883 1.88125 0.923831 1.33438
-1.42973 1.99063 0.926454 1.33438
-1.66453 2.12188 0.927913 1.33438
-1.43328 2.03437 0.928791 1.35625
-1.62447 1.99063 0.93403 1.29062
-1.43684 2.12188 0.93578 1.24687
-1.43774 1.99063 0.93753 1.29062
-1.43909 2.07812 0.938117 1.29062
-1.43999 1.96875 0.942783 1.37813
-1.44134 2.05625 0.951802 1.3125
-1.44355 1.75 0.950644 1.37813
-1.44621 1.88125 0.955883 1.37813
-1.44842 1.94687 0.961122 1.33438
-1.44977 1.90312 0.965489 1.3125
-1.45067 1.99063 0.970728 1.26875
-1.45202 2.0125 0.974222 1.24687
-1.45292 2.07812 0.974228 1.09375
-1.45427 2.07812 0.984991 1.29062
-1.45517 1.94687 0.989357 1.37813
-1.64681 1.99063 0.997213 1.29062
-1.45873 2.275 1.00014 1.24687
-1.46008 2.03437 1.00363 1.35625
-1.46098 2.03437 1.00887 1.29062
-1.46233 1.99063 1.01265 1.46562
-1.46368 1.99063 1.01353 1.61875
-1.46458 1.99063 1.02051 1.3125
-1.46593 2.0125 1.02256 1.46562
-1.46683 1.6625 1.02343 1.225
-1.74569 1.99063 1.02752 1.4875
-1.47084 2.3625 1.02665 1.575
-1.47174 2.25312 1.02956 1.24687
-1.35548 2.05625 1.02288 1.44375
-1.47444 2.1 1.02144 1.225
-1.50617 2.07812 1.01911 1.05
-1.47844 1.99063 1.01767 1.46562
-1.55334 1.99063 1.00168 1.26875
-1.482 2.05625 0.996454 1.35625
-1.48335 2.03437 0.987737 1.26875
-1.4847 1.99063 0.976704 1.4
-1.48605 1.99063 0.962463 1.42188
-1.4874 1.99063 0.953746 1.42188
-1.48875 1.99063 0.942413 1.44375
-1.48965 1.99063 0.933406 1.26875
-1.49231 2.03437 0.931667 1.3125
-1.49366 2.05625 0.925567 1.00625
-1.49632 2.05625 0.916559 1.225
-1.49767 2.0125 0.910469 1.26875
-1.49902 2.0125 0.905241 1.29062
-1.50037 2.03437 0.906409 1.37813
-1.50172 2.07812 0.900891 1.24687
-1.50307 2.05625 0.89828 1.35625
-1.50442 2.03437 0.899157 1.225
-1.50577 2.14375 0.900626 1.29062
-1.50712 2.03437 0.894235 1.26875
-1.50802 2.14375 0.896276 1.24687
-1.50937 1.99063 0.894537 1.225
-1.51072 2.07812 0.895415 1.3125
-1.51207 2.03437 0.893104 1.20312
-1.51342 2.03437 0.88962 1.3125
-1.51477 2.07812 0.886719 1.20312
-1.51612 2.05625 0.883235 1.3125
-1.51747 2.1 0.881496 1.18125
-1.51882 2.16562 0.882965 1.225
-1.52017 2.05625 0.879191 1.18125
-1.52152 2.20938 0.879196 1.18125
-1.52332 2.05625 0.874841 1.18125
-1.52467 2.1 0.874274 1.1375
-1.52602 2.05625 0.869628 1.26875
-1.52737 2.1 0.868761 1.18125
-1.52872 2.07812 0.871674 1.29062
-1.53007 2.1 0.872852 1.18125
-1.53142 2.07812 0.867624 1.18125
-1.53277 2.23125 0.86792 1.225
-1.53412 2.1 0.866481 1.20312
-1.53547 2.07812 0.862126 1.24687
-1.53682 2.07812 0.861259 1.20312
-1.53817 2.1 0.853124 1.20312
-1.53997 2.20938 0.850813 1.20312
-1.54132 2.07812 0.849074 1.18125
-1.54267 2.14375 0.846463 1.11563
-1.54402 1.81563 0.842117 1.11563
-1.54537 2.1875 0.837761 1.18125
-1.54672 2.1 0.837476 1.20312
-1.54852 2.07812 0.836909 1.15938
-1.54987 2.16562 0.835752 1.20312
-1.55122 2.1 0.839537 1.18125
-1.55257 2.07812 0.840424 1.3125
-1.55392 2.07812 0.841302 1.18125
-1.55572 2.05625 0.846841 1.20312
-1.55707 2.14375 0.852952 1.1375
-1.55842 2.25312 0.85005 1.07187
-1.55977 2.1875 0.855007 1.15938
-1.56112 2.14375 0.860246 1.1375
-1.56292 2.14375 0.864613 1.15938
-1.56427 2.0125 0.871896 1.20312
-1.56562 2.16562 0.873646 0.9625
-1.56697 2.14375 0.878313 1.20312
-1.56877 2.14375 0.877446 1.15938
-1.57012 2.14375 0.881813 1.225
-1.57147 2.07812 0.88648 1.18125
-1.57327 2.07812 0.892009 1.24687
-1.57462 2.12188 0.897548 1.20312
-1.57597 2.16562 0.897263 1.24687
-1.57777 2.14375 0.90222 1.225
-1.57867 2.16562 0.910667 1.26875
-1.58002 2.14375 0.906893 1.26875
-1.58137 1.81563 0.910106 1.225
-1.58227 2.16562 0.910702 1.20312
-1.58362 2.14375 0.912752 1.18125
-1.58497 2.16562 0.912476 1.05
-1.58587 2.16562 0.906676 1.20312
-1.58722 2.14375 0.904365 1.225
-1.58857 2.16562 0.902344 1.24687
-1.58992 2.16562 0.891893 1.29062
-1.59082 2.31875 0.888119 1.3125
-1.59217 2.16562 0.882319 1.29062
-1.59352 2.16562 0.88088 1.24687
-1.59487 2.1875 0.876533 1.33438
-1.59577 2.25312 0.874804 1.26875
-1.59712 2.16562 0.870457 1.26875
-1.59847 2.1875 0.878031 1.33438
-1.59982 2.1875 0.877174 1.20312
-1.60117 2.1875 0.879224 1.24687
-1.60207 2.1875 0.883019 1.20312
-1.60342 2.1875 0.887976 1.20312
-1.60477 2.20938 0.890898 1.20312
-1.60612 2.1875 0.892948 1.24687
-1.60747 2.1875 0.897615 1.18125
-1.60882 2.275 0.89792 1.225
-1.61017 2.25312 0.902878 1.225
-1.61107 2.20938 0.900567 1.18125
-1.61242 2.1875 0.898256 1.20312
-1.61377 2.1875 0.90205 1.225
-1.61512 2.275 0.899739 1.24687
-1.61647 2.23125 0.900917 1.225
-1.61782 2.275 0.894826 1.1375
-1.61917 2.23125 0.898911 1.225
-1.62052 2.23125 0.896309 1.24687
-1.62187 2.34063 0.893998 1.26875
-1.62322 2.275 0.894885 1.26875
-1.62457 2.275 0.896935 1.225
-1.62547 2.05625 0.900157 1.225
-1.62682 2.34063 0.902207 1.24687
-1.62817 2.23125 0.904257 1.26875
-1.62952 2.23125 0.906889 1.24687
-1.63087 2.275 0.913591 1.20312
-1.63222 2.23125 0.912733 1.24687
-1.63357 2.1875 0.919144 1.02812
-1.63492 2.1875 0.925846 1.18125
-1.63627 2.23125 0.930513 1.24687
-1.63762 2.29688 0.93518 1.33438
-1.63897 2.29688 0.936367 1.26875
-1.64032 2.38437 0.941033 1.26875
-1.64212 2.25312 0.947444 1.225
-1.64347 2.25312 0.952983 1.3125
-1.64482 2.31875 0.958813 1.3125
-1.64617 2.3625 0.957956 1.33438
-1.64752 2.34063 0.967283 1.3125
-1.64887 2.20938 0.97195 1.35625
-1.65022 2.25312 0.972837 1.3125
-1.65157 2.23125 0.985644 1.35625
-1.65292 2.25312 0.990311 1.35625
-1.65472 2.40625 0.993815 1.37813
-1.65607 2.38437 1.00459 1.33438
-1.65742 2.275 1.00664 1.37813
-1.65922 2.20938 1.01828 1.3125
-1.66057 2.25312 1.01626 1.4
-1.66237 2.275 1.03285 1.4
-1.66372 2.25312 1.04478 1.225
-1.66552 2.275 1.03841 1.37813
-1.66687 2.20938 1.05035 1.42188
-1.66822 2.20938 1.06606 1.4
-1.67002 2.275 1.06695 1.4
-1.67137 2.29688 1.07336 1.44375
-1.67317 2.38437 1.08326 1.44375
-1.67452 2.3625 1.09345 1.575
-1.67632 2.275 1.09899 1.46562
-1.67767 2.23125 1.10627 1.46562
-1.67947 2.40625 1.1121 1.4875
-1.68082 2.275 1.11299 1.4875
-1.68262 2.3625 1.12174 1.50937
-1.68397 1.99063 1.12815 1.53125
-1.68577 2.3625 1.13223 1.53125
-1.68712 2.34063 1.13777 1.55313
-1.68892 2.275 1.13895 1.575
-1.69027 2.31875 1.13751 1.53125
-1.69207 2.3625 1.14334 1.53125
-1.69342 2.275 1.14656 1.50937
-1.69522 2.275 1.14803 1.53125
-1.69702 2.275 1.14834 1.50937
-1.69837 2.3625 1.14777 1.4875
-1.70017 2.34063 1.14633 1.55313
-1.70152 2.25312 1.14606 1.59688
-1.70332 2.275 1.14666 1.53125
-1.70512 2.20938 1.14522 1.42188
-1.70647 2.275 1.13855 1.44375
-1.70696 2.45 1.13653 1.44375
-1.67793 2.42813 1.13103 1.50937
-1.7088 2.40625 1.12988 1.55313
-1.7106 2.42813 1.12524 1.46562
-1.71195 2.25312 1.11799 1.46562
-1.71375 2.31875 1.11191 1.53125
-1.71555 2.29688 1.10087 1.50937
-1.7169 2.34063 1.091 1.33438
-1.7187 2.34063 1.08171 1.42188
-1.7205 2.31875 1.06866 1.35625
-1.72185 2.275 1.05152 1.3125
-1.72365 2.3625 1.03525 1.35625
-1.72545 2.34063 1.02247 1.46562
-1.72725 2.25312 1.01087 1.42188
-1.7286 2.29688 0.986459 1.4
-1.7304 2.31875 0.973681 1.53125
-1.42562 2.3625 0.956843 1.70625
-1.73269 2.23125 0.942902 1.4875
-1.73404 2.40625 0.923728 1.42188
-1.73584 2.40625 0.91125 1.59688
-1.73764 2.29688 0.895274 1.29062
-1.73814 2.3625 0.886857 1.4
-1.73949 2.34063 0.879322 1.26875
-1.74129 2.34063 0.877011 1.225
-1.74309 2.31875 0.869467 1.29062
-1.74489 2.34063 0.866583 1.225
-1.60001 2.3625 0.8634 1.26875
-1.74673 2.3625 0.862833 1.1375
-1.74853 2.29688 0.860822 1.07187
-1.75033 2.45 0.85793 1.07187
-1.75213 2.34063 0.854746 1.07187
-1.75393 2.47187 0.848665 1.09375
-1.72534 2.40625 0.841411 1.09375
-1.75622 2.34063 0.839981 1.02812
-1.75802 2.40625 0.826331 1.07187
-1.75982 2.34063 0.812972 0.984375
-1.76162 2.625 0.803102 1.00625
-1.76342 2.3625 0.786263 1.02812
-1.76522 2.40625 0.772904 1.02812
-1.76747 2.38437 0.755765 1.05
-1.76927 2.40625 0.738626 1.05
-1.77107 2.34063 0.724104 0.984375
-1.77287 2.40625 0.704648 1.07187
-1.77512 2.29688 0.681113 1.07187
-1.77692 2.51562 0.661357 1.24687
-1.77872 2.45 0.639567 0.984375
-1.9272 2.45 0.618948 1.11563
-1.78408 2.47187 0.596867 1.05
-1.78588 2.42813 0.582054 1.09375
-1.78637 2.45 0.563761 1.00625
-1.78817 2.42813 0.555926 1.00625
-1.79042 2.38437 0.549835 1.00625
-1.79222 2.45 0.539965 0.9625
-1.79402 2.45 0.546094 0.91875
-1.79627 2.45 0.541457 0.91875
-1.79807 2.45 0.542635 0.809375
-1.79987 2.45 0.547602 0.896875
-1.80081 2.42813 0.547035 0.83125
-1.80261 2.5375 0.54705 0.809375
-1.8031 2.51562 0.555796 0.765625
-1.80535 2.42813 0.558719 0.809375
-1.80715 2.40625 0.566002 0.765625
-1.80895 2.5375 0.56748 0.765625
-1.8112 2.49375 0.571856 0.721875
-1.813 2.60312 0.576522 0.809375
-1.81525 2.51562 0.575093 0.83125
-1.81705 2.7125 0.579759 0.7875
-1.81885 2.51562 0.59025 0.809375
-1.8211 2.49375 0.595789 0.7875
-1.8229 2.58125 0.599583 0.809375
-1.82515 2.45 0.604259 0.7875
-1.82695 2.5375 0.613578 0.83125
-1.8292 2.49375 0.619417 0.83125
-1.831 2.51562 0.625537 0.896875
-1.8328 2.55938 0.633693 0.853125
-1.83505 2.75625 0.639531 0.853125
-1.83685 2.42813 0.645943 0.853125
-1.8391 2.49375 0.647711 0.896875
-1.83959 2.47187 0.666043 0.875
-1.84184 2.60312 0.664322 0.91875
-1.84364 2.49375 0.674222 0.9625
-1.84459 2.60312 0.68325 0.984375
-1.84638 2.625 0.692578 0.91875
-1.65835 2.625 0.701606 0.853125
-1.84913 2.42813 0.711806 0.91875
-1.70339 2.7125 0.719961 0.9625
-1.85056 2.34063 0.730161 1.15938
-1.85281 2.55938 0.740061 0.9625
-1.85506 2.47187 0.750261 0.9625
-1.85686 2.49375 0.760161 0.9625
-1.78512 2.49375 0.769489 0.940625
-1.55302 2.47187 0.778517 1.05
-1.78655 2.31875 0.787844 1.00625
-1.86104 2.42813 0.797744 1.09375
-1.86329 2.51562 0.819283 1.05
-1.86684 2.42813 0.817272 1.09375
-1.59113 2.60312 0.825428 1.09375
-1.72291 2.275 0.833883 1.07187
-1.87053 2.47187 0.842911 1.11563
-1.87233 2.38437 0.862415 1.18125
-1.87413 2.5375 0.859822 1.11563
-1.87462 2.5375 0.878744 1.11563
-1.59846 2.60312 0.881976 1.15938
-1.87646 2.1875 0.882291 1.18125
-1.87781 2.45 0.893081 1.24687
-1.87961 2.55938 0.911422 1.15938
-1.88096 2.58125 0.915817 1.18125
-1.88231 2.58125 0.922528 1.11563
-1.81012 2.49375 0.928667 1.1375
-1.88415 2.49375 0.937994 1.26875
-1.88595 2.60312 0.934248 1.33438
-1.8873 2.51562 0.941831 1.24687
-1.8891 2.58125 0.956983 1.225
-1.89045 2.60312 0.959633 1.24687
-1.89225 2.5375 0.968089 1.20312
-1.8936 2.55938 0.973356 1.24687
-1.8954 2.5375 0.976869 1.3125
-1.8972 2.60312 0.985624 1.29062
-1.89855 2.3625 0.98653 1.29062
-1.90035 2.64688 0.995857 1.3125
-1.9017 2.60312 0.998507 1.3125
-1.9035 2.58125 0.999985 1.4
-1.90485 2.5375 1.00264 1.35625
-1.90665 2.69062 1.0079 1.4
-1.90845 2.69062 1.01403 1.33438
-1.9098 2.73438 1.01494 1.4
-1.9116 2.58125 1.01817 1.4
-1.91295 2.60312 1.01703 1.37813
-1.91475 2.60312 1.02608 1.225
-1.91655 2.66875 1.02407 1.42188
-1.9179 2.7125 1.03282 1.42188
-1.9197 2.69062 1.03518 1.44375
-1.9215 2.5375 1.03986 1.4
-1.92285 2.58125 1.04483 1.42188
-1.92465 2.66875 1.04923 1.42188
-1.92645 2.58125 1.05188 1.4
-1.9278 2.58125 1.05278 1.4
-1.9296 2.58125 1.05629 1.55313
-1.9314 2.75625 1.05982 1.02812
-1.9332 2.66875 1.06363 1.37813
-1.93455 2.73438 1.06454 1.44375
-1.93635 2.58125 1.06805 1.4
-1.93815 2.58125 1.06895 1.35625
-1.93995 2.58125 1.0716 1.37813
-1.9413 2.73438 1.07018 1.46562
-1.9431 2.69062 1.0673 1.33438
-1.9449 2.58125 1.06384 1.35625
-1.9467 2.75625 1.06388 1.37813
-1.94805 2.64688 1.06159 1.33438
-1.94985 2.64688 1.0654 1.35625
-1.95165 2.75625 1.06077 1.4
-1.95345 2.58125 1.05295 1.24687
-1.95525 2.77813 1.05241 1.46562
-1.95705 2.625 1.04488 1.33438
-1.9584 2.66875 1.03997 1.46562
-1.9602 2.66875 1.02954 1.29062
-1.96069 2.66875 1.0191 1.4
-1.96249 2.69062 1.01215 1.26875
-1.96429 2.69062 0.996483 1.4
-1.96609 2.66875 0.979944 1.24687
-1.66131 2.64688 0.962243 1.225
-1.96749 2.45 0.943387 1.35625
-1.96884 2.58125 0.926276 1.37813
-1.96974 2.47187 0.908874 1.15938
-1.96802 2.64688 0.889728 1.46562
-1.82269 2.64688 0.877859 1.33438
-1.66237 2.58125 0.865981 1.29062
-1.96855 2.38437 0.854976 1.225
-1.96945 2.58125 0.84368 1.02812
-1.9708 2.58125 0.831811 1.29062
-1.7801 2.7125 0.826039 1.18125
-1.69292 2.5375 0.815033 1.15938
-1.85242 2.47187 0.80897 1.09375
-1.96962 2.49375 0.806406 1.11563
-1.97097 2.55938 0.801215 1.09375
-1.93756 2.75625 0.769276 1.15938
-1.96492 2.7125 0.772807 0.74375
-1.73237 2.75625 0.761811 1.02812
-1.96586 2.5375 0.759819 1.00625
-1.9659 2.64688 0.754919 1.02812
-1.9668 2.625 0.745957 0.984375
-1.96815 2.73438 0.744837 0.984375
-1.96774 2.75625 0.739356 0.940625
-1.96909 2.7125 0.72865 0.940625
-1.93961 2.69062 0.715028 0.896875
-1.97004 2.64688 0.709846 0.91875
-1.97094 2.69062 0.703202 0.875
-1.97228 2.75625 0.692196 0.91875
-1.97188 2.64688 0.68527 0.91875
-1.97323 2.73438 0.67252 0.940625
-1.97413 2.64688 0.662978 0.940625
-1.97548 2.75625 0.647611 0.940625
-1.97638 2.75625 0.634861 0.984375
-1.97773 2.64688 0.620376 0.940625
-1.97863 2.75625 0.606754 0.940625
-1.97998 2.64688 0.592269 0.9625
-1.98133 2.73438 0.577483 1.02812
-1.98223 2.64688 0.562126 0.940625
-1.98358 2.69062 0.55083 1.00625
-1.98448 2.73438 0.541578 0.9625
-1.98583 2.69062 0.529119 0.940625
-1.98718 2.8875 0.5251 0.875
-1.98808 2.5375 0.522526 0.875
-1.98943 2.75625 0.521124 0.853125
-1.98947 2.75625 0.523783 0.853125
-1.99037 2.73438 0.524998 0.83125
-1.87411 2.5375 0.530565 0.765625
-1.75786 2.625 0.535269 0.765625
-1.9918 2.49375 0.551011 0.765625
-1.9927 2.60312 0.556587 0.765625
-1.9945 2.69062 0.567678 0.678125
-1.76195 2.69062 0.569756 0.721875
-1.87698 2.49375 0.573287 0.721875
-1.99463 2.55938 0.586413 0.7
-1.99643 2.55938 0.590817 0.7875
-1.99778 2.64688 0.599591 0.765625
-1.99782 2.69062 0.60225 0.853125
-1.99962 2.8 0.606944 0.809375
-1.97059 2.69062 0.610767 0.853125
-2.00101 2.8 0.61895 0.809375
-2.00281 2.8 0.626561 0.83125
-2.00416 2.45 0.628639 0.809375
-2.00551 2.82187 0.633915 0.896875
-2.006 2.77813 0.640644 0.83125
-1.72984 2.82187 0.640987 0.9625
-2.00654 2.625 0.655567 0.896875
-2.00789 2.69062 0.657354 0.875
-2.00924 2.66875 0.670189 0.896875
-2.01104 2.69062 0.667333 0.940625
-2.01108 2.7125 0.68482 0.9625
-2.01288 2.73438 0.685444 1.05
-1.98384 2.73438 0.6945 1.00625
-2.01472 2.73438 0.7056 1.00625
-1.78217 2.7125 0.715528 0.853125
-2.01656 2.55938 0.726328 1.00625
-2.01791 2.69062 0.737428 1.00625
-2.01971 2.69062 0.748228 1.00625
-2.02106 2.7125 0.759028 1.00625
-1.87618 2.73438 0.769256 1.00625
-2.0229 2.66875 0.779183 1.02812
-2.02339 2.7125 0.794926 1.07187
-2.02344 2.7125 0.799339 1.02812
-2.02524 2.8 0.820315 1.09375
-2.02659 2.55938 0.819494 1.02812
-2.02708 2.77813 0.838726 1.1375
-2.02843 2.60312 0.836733 1.09375
-2.02892 2.7125 0.856556 1.11563
-2.02941 2.73438 0.863576 1.09375
-2.03076 2.73438 0.865954 1.07187
-1.91496 2.77813 0.873265 1.1375
-2.03305 2.66875 0.883193 1.1375
-2.0344 2.8 0.89342 1.1375
-2.0362 2.7125 0.904511 1.35625
-1.76004 2.77813 0.909506 1.225
-2.03804 2.55938 0.917689 1.20312
-2.03854 2.7125 0.922683 1.18125
-2.03989 2.7125 0.933483 1.20312
-2.04169 2.7125 0.935861 1.24687
-2.04218 2.75625 0.944044 1.24687
-2.04398 2.7125 0.949039 1.26875
-2.04533 2.8 0.958967 1.26875
-2.04713 2.77813 0.965996 1.18125
-2.04893 2.73438 0.971563 1.29062
-2.04897 2.77813 0.975394 1.3125
-2.05077 2.73438 0.982996 1.37813
-2.05257 2.73438 0.985083 1.26875
-2.05306 2.75625 0.992113 1.29062
-2.05486 2.73438 0.999424 1.35625
-2.05666 2.82187 1.0015 1.37813
-2.05846 2.8 1.00532 1.33438
-1.78144 2.73438 1.01032 1.33438
-2.05989 2.5375 1.01966 1.29062
-2.06169 2.73438 1.01796 1.4
-2.06349 2.975 1.02731 1.35625
-2.06529 2.86563 1.02881 1.37813
-1.87725 2.75625 1.03525 1.4
-2.06803 2.73438 1.03471 1.44375
-2.06983 2.77813 1.03941 1.37813
-2.07163 2.77813 1.04091 1.42188
-1.92721 2.82187 1.04503 1.37813
-1.76779 2.66875 1.04623 1.44375
-2.07487 2.66875 1.05296 1.4
-2.07712 2.69062 1.04924 1.575
-2.07892 2.73438 1.04957 1.4875
-2.07941 2.8 1.04932 1.4
-2.08035 2.8 1.04646 1.37813
-1.77557 2.8875 1.04098 1.4
-1.93641 2.7125 1.04044 1.4
-2.08358 2.60312 1.03584 1.44375
-2.08539 2.77813 1.0292 1.33438
-2.08764 2.8875 1.02576 1.37813
-1.97052 2.86563 1.02086 1.4
-2.08645 2.73438 1.01451 1.44375
-2.08825 2.8 1.00526 1.42188
-2.08874 2.95312 1.00414 1.26875
-2.08968 2.77813 0.995748 1.4
-1.81397 2.82187 0.994928 1.24687
-1.94444 2.625 0.983922 1.37813
-2.09161 2.7125 0.976996 1.225
-2.09386 2.73438 0.973259 1.44375
-2.09566 2.77813 0.962554 1.18125
-1.81909 2.8 0.950967 1.1375
-1.7892 2.7125 0.939389 1.18125
-2.09542 2.55938 0.924022 1.18125
-2.09591 2.77813 0.907783 1.33438
-2.09816 2.73438 0.892426 1.24687
-2.09865 2.73438 0.878804 1.4
-1.74809 2.82187 0.863737 1.24687
-1.74596 2.64688 0.844881 1.29062
-2.09579 2.49375 0.828652 1.26875
-2.09804 2.69062 0.816774 1.225
-2.09984 2.73438 0.798509 1.33438
-1.63037 2.73438 0.78257 1.3125
-1.85953 2.49375 0.766913 1.26875
-2.09306 2.47187 0.757952 1.24687
-2.09531 2.58125 0.750144 1.225
-2.0958 2.82187 0.737404 1.07187
-1.74131 2.7125 0.727852 1.05
-1.85418 2.51562 0.721507 1.07187
-1.8102 2.58125 0.721269 1.02812
-2.08865 2.47187 0.718985 0.984375
-2.09045 2.7125 0.719909 1.09375
-1.85618 2.73438 0.712393 1.05
-1.80959 2.58125 0.708083 1.05
-2.08498 2.7125 0.705519 0.896875
-2.08592 2.8 0.703235 0.940625
-2.08817 2.77813 0.700089 0.853125
-1.81029 2.8 0.691991 0.7875
-1.96807 2.66875 0.678669 0.809375
-2.08486 2.75625 0.668254 0.7875
-2.08666 2.8 0.659593 0.7875
-2.08846 2.93125 0.641037 0.853125
-1.81144 2.8 0.628587 0.83125
-2.08858 2.625 0.615856 0.875
-2.09038 2.75625 0.599917 0.634375
-2.09218 2.75625 0.582533 0.896875
-1.90239 2.82187 0.561943 0.83125
-2.09186 2.69062 0.551528 1.05
-2.09366 2.82187 0.529493 0.896875
-2.09546 2.77813 0.507157 0.83125
-2.09726 2.69062 0.4921 0.896875
-2.09514 2.82187 0.474998 0.875
-1.86348 2.82187 0.458478 0.853125
-2.02257 2.66875 0.44342 0.83125
-2.09706 2.75625 0.43475 0.7875
-2.09886 2.8 0.430159 0.83125
-2.09804 2.84375 0.425269 0.7875
-1.79195 2.93125 0.427656 0.74375
-2.09555 2.58125 0.430033 0.74375
-2.09604 2.8 0.439689 0.7875
-2.09784 2.8 0.436252 0.678125
-1.79175 2.82187 0.442128 0.678125
-1.81915 2.58125 0.456426 0.721875
-2.09715 2.29688 0.467826 0.56875
-2.09895 2.66875 0.471076 0.634375
-2.10075 2.75625 0.482476 0.678125
-1.9101 2.84375 0.494739 0.634375
-1.90928 2.69062 0.491893 0.853125
-2.09875 2.77813 0.50212 0.6125
-2.10055 2.8875 0.50567 0.65625
-2.1028 2.8875 0.52085 0.6125
-1.82578 2.84375 0.523228 0.678125
-2.10117 2.7125 0.531139 0.7
-2.10342 2.77813 0.539622 0.678125
-2.10522 2.84375 0.543754 0.7
-2.10571 2.8 0.5537 0.896875
-2.10665 2.90937 0.556659 0.765625
-1.82963 2.86563 0.558465 0.328125
-2.10547 2.60312 0.570728 0.634375
-2.10727 2.8 0.573115 0.83125
-2.10907 2.90937 0.587131 0.809375
-2.11001 2.82187 0.592126 0.7875
-2.1105 2.99688 0.603526 0.7875
-2.11013 2.8875 0.607657 0.853125
-2.11063 2.90937 0.624872 0.74375
-1.87898 2.86563 0.63132 0.83125
-2.11075 2.8 0.631672 0.83125
-2.113 2.95312 0.6422 0.83125
-2.1148 2.69062 0.6533 0.83125
-2.11529 2.86563 0.663828 0.91875
-1.88233 2.84375 0.673483 0.875
-2.11587 2.625 0.684011 0.875
-2.11636 2.90937 0.694239 0.896875
-2.11861 2.86563 0.705639 0.940625
-2.1191 2.8 0.714422 0.940625
-1.88745 3.04062 0.72495 0.91875
-2.11923 2.7125 0.733733 0.940625
-2.12148 2.8 0.743961 0.9625
-2.12328 2.86563 0.754489 0.984375
-2.12553 2.86563 0.768796 0.984375
-2.12471 2.8 0.781359 0.940625
-2.12696 2.73438 0.793922 1.05
-2.12659 2.8875 0.79253 1.02812
-2.12578 2.8 0.802176 1.02812
-1.93774 2.8 0.813867 1.09375
-2.12766 2.34063 0.81887 1.07187
-2.12946 2.95312 0.827081 1.09375
-2.13126 2.8 0.836156 1.09375
-2.13175 2.975 0.842322 1.11563
-2.01595 2.84375 0.854894 1.09375
-2.01644 2.8 0.8567 1.1375
-1.98786 2.8 0.866656 1.1375
-2.13503 2.95312 0.873994 1.1375
-2.13683 2.84375 0.881033 1.00625
-2.13908 2.99688 0.887791 1.18125
-1.86206 2.93125 0.889306 1.20312
-2.13875 2.625 0.895191 0.91875
-2.14055 2.8875 0.904846 1.225
-2.14235 2.95312 0.908696 1.20312
-2.14284 2.8875 0.911083 0.9625
-2.02618 2.8875 0.916969 1.20312
-2.14428 2.77813 0.922272 1.24687
-2.14608 2.8875 0.928439 1.24687
-2.14788 2.8875 0.937813 1.20312
-1.84309 3.0625 0.938756 1.29062
-2.14931 2.8 0.945794 1.225
-2.15111 2.84375 0.956041 1.225
-2.15291 2.84375 0.960463 1.3125
-2.15516 2.90937 0.965185 1.29062
-2.15434 3.01875 0.969907 1.29062
-2.15483 3.0625 0.973757 1.29062
-1.96635 3.01875 0.977598 1.3125
-1.88006 2.8875 0.984937 1.35625
-2.01139 2.66875 0.984426 1.3125
-2.15856 2.84375 0.985359 1.42188
-2.16081 2.93125 0.991826 1.35625
-2.16261 2.93125 0.997711 1.33438
-1.88428 3.04062 0.995456 1.35625
-2.08743 2.8 0.99668 1.3125
-2.16061 3.15 0.998785 1.26875
-2.16286 2.95312 1.00205 1.33438
-2.16204 2.8875 1.00096 1.35625
-2.16123 2.93125 1.00044 1.35625
-2.01549 3.0625 0.997313 1.07187
-1.97106 2.8 0.990115 1.24687
-2.01561 2.8 0.983498 1.225
-2.16278 2.69062 0.9763 1.15938
-2.16504 2.8 0.966194 1.33438
-2.16553 2.84375 0.961313 1.29062
-1.92995 2.84375 0.944811 1.26875
-2.08642 2.40625 0.933252 1.29062
-1.85477 2.82187 0.923146 1.29062
-2.16054 2.69062 0.911587 1.225
-2.16279 2.82187 0.898865 1.1375
-2.16329 2.95312 0.890794 1.15938
-1.97132 2.93125 0.871967 1.09375
-1.76306 2.7125 0.848778 1.15938
-2.0389 2.55938 0.832567 1.15938
-1.9244 2.73438 0.8181 1.11563
-2.15924 2.64688 0.805959 1.18125
-2.15843 2.77813 0.794681 1.1375
-2.12768 2.8 0.768585 1.18125
-1.75996 2.93125 0.749467 1.18125
-1.71161 2.66875 0.732383 1.15938
-1.95837 2.42813 0.713846 1.07187
-2.1496 2.51562 0.706357 1.09375
-2.1514 2.82187 0.695961 1.11563
-1.711 2.8 0.685865 1.18125
-1.70671 2.51562 0.677504 1.1375
-1.86318 2.47187 0.66798 0.984375
-2.14163 2.51562 0.665724 0.91875
-2.14344 2.66875 0.664341 0.984375
-1.79242 2.69062 0.662385 0.91875
-1.67007 2.55938 0.654324 0.7875
-1.9433 2.60312 0.654685 0.896875
-2.13277 2.625 0.650113 0.853125
-2.13457 2.73438 0.654554 0.9625
-2.13375 2.93125 0.655206 0.875
-1.78188 2.8875 0.648889 0.809375
-1.73484 2.64688 0.643444 0.940625
-2.12783 2.66875 0.637128 0.853125
-2.12963 2.77813 0.638943 0.853125
-2.13188 2.75625 0.633498 0.809375
-2.13237 2.90937 0.629798 0.7875
-2.13155 2.95312 0.619993 0.7875
-1.89945 3.01875 0.614248 0.7875
-2.13429 2.75625 0.608222 0.74375
-2.13609 2.84375 0.60365 0.809375
-2.13789 2.99688 0.597624 0.765625
-2.14014 2.975 0.587819 0.853125
-2.14064 2.8875 0.581493 0.765625
-2.14288 2.8875 0.570815 0.7875
-2.14468 2.93125 0.555776 0.48125
-2.14649 2.95312 0.540737 0.809375
-2.03113 2.8875 0.52657 0.853125
-2.14923 2.84375 0.511241 0.809375
-2.15148 2.90937 0.498528 0.721875
-2.15328 2.8875 0.482026 0.9625
-2.15508 2.90937 0.471057 0.83125
-2.00934 2.8875 0.459217 0.83125
-2.15651 2.82187 0.44505 0.83125
-2.15876 2.86563 0.441059 0.809375
-2.16056 3.01875 0.44143 0.809375
-1.85492 2.8875 0.440928 0.7875
-1.8541 2.69062 0.436646 0.721875
-2.04402 2.20938 0.443122 0.721875
-2.16343 2.7125 0.455122 0.765625
-2.16568 2.84375 0.46625 0.590625
-1.88735 3.19375 0.481448 0.678125
-1.93059 2.8 0.495483 0.65625
-2.16543 2.8 0.501087 0.65625
-2.16723 2.84375 0.512506 0.65625
-2.16949 2.975 0.518109 0.678125
-2.05106 2.99688 0.524294 0.65625
-2.04939 2.90937 0.531061 0.65625
-2.16663 2.82187 0.542189 0.721875
-2.16843 3.12812 0.552163 0.7
-2.17068 2.8875 0.552533 0.35
-1.89411 3.15 0.561917 0.7
-1.8946 2.84375 0.568683 0.65625
-2.17174 2.69062 0.576322 0.721875
-2.17399 2.8 0.584252 0.765625
-2.17579 2.90937 0.588983 0.74375
-2.17543 2.8875 0.590517 0.853125
-1.87109 3.21563 0.603107 0.765625
-1.90066 2.84375 0.607839 0.765625
-2.1778 2.66875 0.612861 0.809375
-2.18005 2.8 0.618756 0.83125
-2.21268 2.95312 0.624359 0.809375
-2.18279 3.12812 0.636078 0.875
-1.95069 2.99688 0.643144 0.853125
-2.06793 2.8875 0.644396 0.896875
-2.15564 2.86563 0.658731 0.853125
-2.18652 2.8875 0.661728 1.02812
-2.18832 2.99688 0.67867 0.91875
-1.91306 2.975 0.683411 0.896875
-2.18975 2.90937 0.694839 0.984375
-2.19155 2.93125 0.707139 0.940625
-2.1938 2.86563 0.719439 0.940625
-2.1956 2.93125 0.730867 0.940625
-2.0798 3.15 0.742294 0.984375
-2.19573 2.975 0.75285 1.1375
-2.19753 2.975 0.766313 1.00625
-2.19802 3.0625 0.776869 1.00625
-2.20027 3.01875 0.794693 1.02812
-2.20207 2.84375 0.809028 1.02812
-2.20256 2.95312 0.816676 1.07187
-2.20481 3.01875 0.828394 1.09375
-2.2053 3.12812 0.825285 1.00625
-2.20755 3.01875 0.848633 1.11563
-2.20804 2.975 0.858617 1.09375
-2.20899 3.04062 0.864811 1.11563
-2.20948 3.0625 0.871006 1.1375
-2.21173 3.01875 0.877781 1.15938
-2.02324 3.0625 0.891244 1.18125
-1.93565 2.95312 0.894822 1.18125
-2.21365 2.77813 0.902761 1.225
-2.2159 3.01875 0.913617 1.20312
-2.2177 2.86563 0.922719 1.33438
-2.21733 2.99688 0.922517 1.20312
-2.21783 3.0625 0.935689 1.1375
-2.21746 3.01875 0.941883 1.24687
-2.21795 2.99688 0.946633 1.24687
-1.94269 3.01875 0.956317 1.35625
-2.03085 2.95312 0.963383 1.26875
-2.10403 2.82187 0.973357 1.26875
-2.22258 2.8875 0.9752 1.26875
-2.22483 2.93125 0.984302 0.9625
-2.22532 2.975 0.990496 1.26875
-1.99105 3.10625 0.994946 1.33438
-2.22328 2.90937 0.995335 1.26875
-2.03348 3.0625 1.00502 1.35625
-2.2234 2.77813 1.00772 1.35625
-1.94814 2.99688 1.01625 1.29062
-1.94601 2.8875 1.01634 1.3125
-2.07648 2.82187 1.02079 1.35625
-2.2241 2.3625 1.02845 1.33438
-2.22635 2.95312 1.03174 1.50937
-2.22684 2.8875 1.03678 1.37813
-1.87583 2.93125 1.036 1.37813
-1.98869 2.7125 1.04192 1.33438
-2.03018 2.77813 1.04726 1.37813
-2.22141 2.77813 1.04765 1.44375
-2.22321 3.01875 1.04804 1.50937
-1.99111 2.93125 1.05308 1.35625
-1.94537 2.8875 1.0494 1.35625
-1.98817 2.73438 1.05793 1.35625
-2.22256 2.77813 1.05774 1.35625
-2.22481 2.8875 1.05058 1.575
-2.22399 2.8875 1.04777 1.35625
-1.78314 2.99688 1.04409 1.33438
-1.86693 2.75625 1.03257 1.33438
-2.21545 2.77813 1.02365 1.3125
-2.21725 2.90937 1.01358 1.59688
-2.21905 2.86563 1.00729 1.42188
-2.02795 2.93125 0.993719 1.37813
-1.90867 2.8 0.981324 1.26875
-1.86293 2.8 0.969793 1.26875
-1.93611 2.66875 0.969319 1.20312
-2.21456 2.75625 0.953426 1.20312
-2.14237 2.84375 0.934054 1.05
-1.90634 2.73438 0.924557 1.26875
-1.90205 2.7125 0.898789 1.3125
-1.76647 2.7125 0.865743 1.33438
-2.20177 2.5375 0.851604 1.20312
-2.08641 2.82187 0.830478 1.26875
-1.85039 2.77813 0.809361 1.33438
-1.75757 2.60312 0.786781 1.37813
-1.84005 2.49375 0.765374 1.24687
-1.88329 2.58125 0.745711 1.33438
-2.15868 2.5375 0.730691 1.3125
-1.99579 2.84375 0.719169 1.20312
-1.7413 2.69062 0.700959 1.07187
-1.57317 2.58125 0.688265 1.15938
-1.65304 2.42813 0.676452 1.07187
-1.92888 2.40625 0.673061 0.9625
-2.16151 2.47187 0.67405 0.940625
-1.9691 2.66875 0.673294 0.940625
-1.59786 2.625 0.669641 0.91875
-1.51651 2.42813 0.667141 0.984375
-1.7003 2.3625 0.669002 0.853125
-2.13821 2.45 0.672898 0.875
-2.13956 2.7125 0.678248 0.896875
-1.83216 2.64688 0.676911 0.83125
-1.50584 2.49375 0.671794 0.853125
-1.57248 2.40625 0.672202 0.896875
-1.81879 2.34063 0.672619 0.91875
-2.12542 2.45 0.670409 0.896875
-2.12722 2.8 0.670526 0.809375
-2.12857 2.66875 0.670933 0.7875
-1.81986 2.77813 0.6635 0.765625
-1.56799 2.60312 0.657802 0.809375
-1.84161 2.42813 0.651813 0.83125
-2.08924 2.625 0.647859 0.721875
-2.12142 2.66875 0.638972 0.7875
-2.12277 2.75625 0.632983 0.765625
-1.93297 2.86563 0.627285 0.853125
-1.88854 2.73438 0.60735 0.83125
-1.97626 2.625 0.596128 0.875
-2.12298 2.66875 0.583452 0.809375
