angle_1_e angle_1_t d_theta_1_t angle_2_e angle_2_t d_theta_2_t
-1.0498 -1.06324 0 1.79464 1.77666 0
-1.04957 -1.06324 0 1.79433 1.77666 0
-1.04934 -1.06324 0 1.79401 1.77666 0
-1.04911 -1.06324 0 1.7937 1.77666 0
-1.04889 -1.06321 0 1.79338 1.77663 0
-1.04866 -1.06318 0 1.79307 1.7766 0
-1.04843 -1.06318 0 1.79275 1.77663 -0.0290741
-1.0482 -1.06315 0.0552407 1.79244 1.7766 0
-1.04797 -1.06312 0.014537 1.79213 1.77657 0
-1.04774 -1.06309 0 1.79181 1.77657 -0.0552407
-1.04751 -1.06309 0 1.7915 1.77657 0
-1.04729 -1.06303 0.0552407 1.79118 1.77657 0
-1.04706 -1.06298 0.0232593 1.79087 1.77651 0
-1.04683 -1.06295 0 1.79055 1.77648 0
-1.0466 -1.06295 0 1.79024 1.77648 0
-1.04637 -1.06289 0.0377963 1.78992 1.77643 0
-1.04614 -1.0628 0.0785 1.78961 1.77634 0
-1.04592 -1.06274 0.0377963 1.78929 1.77628 0
-1.04569 -1.06272 0 1.78898 1.77625 0
-1.04546 -1.06272 0 1.78866 1.77628 -0.0465185
-1.04523 -1.06263 0.0290741 1.78835 1.77619 0
-1.045 -1.06251 0.0465185 1.78803 1.77608 0
-1.04477 -1.0624 0.0552407 1.78772 1.77596 0
-1.04455 -1.06234 0 1.7874 1.7759 0
-1.04432 -1.06231 0.0290741 1.78709 1.77587 0
-1.04409 -1.06222 0.0610556 1.78677 1.77579 0
-1.04386 -1.06216 0.0377963 1.78645 1.77573 0
-1.04363 -1.06208 0.0610556 1.78614 1.77564 0
-1.0434 -1.06205 0.00581481 1.78582 1.77564 0
-1.04318 -1.06202 0.0290741 1.78551 1.77561 0
-1.04295 -1.06193 0.0552407 1.78519 1.77552 0
-1.04272 -1.06181 0.0785 1.78488 1.77541 0
-1.04249 -1.06173 0.0465185 1.78456 1.77532 0
-1.04226 -1.06167 0 1.78424 1.77526 0
-1.04203 -1.06161 0.0465185 1.78393 1.7752 0
-1.04181 -1.06149 0.0610556 1.78361 1.77509 0
-1.04158 -1.06138 0.0610556 1.7833 1.77497 0
-1.04135 -1.06132 0.0377963 1.78298 1.77491 0
-1.04112 -1.06126 0.00581481 1.78266 1.77486 0
-1.04089 -1.06117 0.0465185 1.78235 1.77477 0
-1.04066 -1.06106 0.0290741 1.78203 1.77465 0
-1.04044 -1.06091 0.0697778 1.78171 1.77451 0
-1.04021 -1.0608 0.0872222 1.7814 1.77439 0
-1.03998 -1.06071 0.0785 1.78108 1.7743 0
-1.03975 -1.06065 0 1.78076 1.77425 0
-1.03952 -1.06065 0.014537 1.78045 1.77425 0
-1.03929 -1.06056 0.0697778 1.78013 1.77416 0
-1.03907 -1.06039 0.093037 1.77981 1.77398 0
-1.03884 -1.06021 0.093037 1.7795 1.77381 0
-1.03862 -1.0601 0.0872222 1.77917 1.77369 0
-1.03841 -1.06007 0 1.77885 1.77366 0
-1.03819 -1.05995 0.0377963 1.77853 1.77355 0
-1.03798 -1.05981 0.0872222 1.7782 1.7734 0
-1.03776 -1.05958 0.119204 1.77788 1.77317 0
-1.03755 -1.05943 0.093037 1.77755 1.77302 0
-1.03734 -1.05937 0.0610556 1.77723 1.77297 0
-1.03712 -1.05934 0.0465185 1.7769 1.77294 0
-1.03691 -1.05926 0 1.77658 1.77285 0
-1.0367 -1.05911 0.0872222 1.77625 1.7727 0
-1.03648 -1.05894 0.119204 1.77593 1.77253 0
-1.03627 -1.05873 0.119204 1.7756 1.77233 0
-1.03605 -1.05859 0.101759 1.77528 1.77218 0
-1.03584 -1.05853 0.014537 1.77495 1.77212 0
-1.03563 -1.05847 0.0377963 1.77463 1.77206 0
-1.03541 -1.05835 0.0785 1.7743 1.77195 0
-1.0352 -1.05812 0.125019 1.77398 1.77172 0
-1.03498 -1.05795 0.142463 1.77365 1.77154 0
-1.03477 -1.05777 0.0785 1.77332 1.77137 0
-1.03456 -1.05769 0.0552407 1.773 1.77128 0
-1.03434 -1.05757 0.0785 1.77267 1.77116 0
-1.03413 -1.05742 0.0872222 1.77235 1.77102 0
-1.03391 -1.05725 0.119204 1.77202 1.77084 0
-1.0337 -1.05707 0.093037 1.7717 1.77067 0
-1.03349 -1.05693 0.0872222 1.77137 1.77052 0
-1.03327 -1.05678 0.0872222 1.77104 1.77038 0
-1.03306 -1.05664 0.0785 1.77072 1.77023 0
-1.03284 -1.05646 0.0872222 1.77039 1.77006 0
-1.03263 -1.05632 0.101759 1.77007 1.76991 0
-1.03242 -1.05612 0.101759 1.76974 1.76971 0
-1.0322 -1.05594 0.093037 1.76941 1.76953 0
-1.03199 -1.05574 0.110481 1.76909 1.76933 0
-1.03177 -1.05556 0.093037 1.76876 1.76916 0
-1.03156 -1.05539 0.093037 1.76844 1.76898 0
-1.03135 -1.05524 0.0872222 1.76811 1.76884 0
-1.03113 -1.05507 0.0872222 1.76778 1.76866 0
-1.03092 -1.05489 0.093037 1.76746 1.76849 0
-1.0307 -1.05466 0.133741 1.76713 1.76826 0
-1.03049 -1.05443 0.133741 1.7668 1.76802 0
-1.03028 -1.05425 0.093037 1.76648 1.76785 0
-1.03006 -1.05414 0.0552407 1.76615 1.76773 0
-1.02985 -1.05399 0.0465185 1.76582 1.76759 0
-1.02963 -1.05382 0.119204 1.7655 1.76741 0
-1.02942 -1.05356 0.142463 1.76517 1.76715 0
-1.02921 -1.05327 0.165722 1.76484 1.76686 0
-1.02899 -1.05309 0.101759 1.76452 1.76669 0
-1.02878 -1.05298 0.0610556 1.76419 1.76654 0
-1.02856 -1.05289 0.0785 1.76386 1.76645 0
-1.02835 -1.05263 0.125019 1.76353 1.76619 0
-1.02814 -1.05234 0.151185 1.76321 1.7659 0
-1.02792 -1.0521 0.151185 1.76288 1.76567 0
-1.02771 -1.05193 0.0872222 1.76255 1.76549 0
-1.02749 -1.05181 0.0377963 1.76223 1.76538 0
-1.02728 -1.05167 0.0785 1.7619 1.76523 0
-1.02707 -1.05141 0.125019 1.76157 1.76497 0
-1.02685 -1.05111 0.174444 1.76124 1.76468 0
-1.02664 -1.05088 0.133741 1.76092 1.76445 0
-1.02642 -1.05074 0.0872222 1.76059 1.7643 0
-1.02621 -1.05068 0.00581481 1.76026 1.76424 0
-1.026 -1.05053 0.0785 1.75993 1.7641 0.0552407
-1.02578 -1.0503 0.119204 1.7596 1.76384 0.0232593
-1.02557 -1.04995 0.183167 1.75928 1.76349 0
-1.02535 -1.04972 0.125019 1.75895 1.76326 0
-1.02514 -1.04963 0.0610556 1.75862 1.76317 0
-1.02493 -1.04952 0.0290741 1.75829 1.76305 0
-1.02471 -1.0494 0.0610556 1.75796 1.76294 0
-1.0245 -1.0492 0.110481 1.75764 1.76273 0
-1.02428 -1.04893 0.151185 1.75731 1.76247 0
-1.02407 -1.04876 0.133741 1.75698 1.7623 0
-1.02386 -1.04861 0.0872222 1.75665 1.76215 0
-1.02364 -1.04853 0.0232593 1.75632 1.76206 0
-1.02343 -1.04844 0.0697778 1.75599 1.76198 0
-1.02321 -1.04827 0.101759 1.75567 1.7618 0
-1.023 -1.04803 0.119204 1.75534 1.76154 0
-1.02279 -1.04783 0.110481 1.75501 1.76134 0
-1.02257 -1.04771 0.0872222 1.75468 1.76122 0
-1.02236 -1.04757 0.0872222 1.75435 1.76107 0
-1.02214 -1.04745 0.0290741 1.75402 1.76096 0
-1.02193 -1.04733 0.0552407 1.75369 1.76084 0
-1.02173 -1.04713 0.0785 1.75336 1.76064 0
-1.02152 -1.04693 0.119204 1.75303 1.76041 0.0552407
-1.02131 -1.04672 0.110481 1.7527 1.7602 0
-1.0211 -1.04655 0.101759 1.75237 1.76003 0
-1.02089 -1.04649 0.0290741 1.75203 1.75997 0
-1.02068 -1.0464 0.0465185 1.7517 1.75988 0
-1.02047 -1.04629 0.0872222 1.75137 1.75977 0
-1.02026 -1.04608 0.110481 1.75104 1.75953 0
-1.02005 -1.04582 0.133741 1.75071 1.75927 0
-1.01984 -1.04568 0.093037 1.75038 1.75913 0
-1.01963 -1.04562 0.0552407 1.75004 1.75907 0
-1.01942 -1.04559 0 1.74971 1.75904 0
-1.01921 -1.0455 0.0552407 1.74938 1.75892 0
-1.019 -1.04527 0.125019 1.74905 1.75869 0
-1.01879 -1.04504 0.157 1.74872 1.75846 0
-1.01858 -1.04486 0.101759 1.74838 1.75828 0
-1.01837 -1.04486 0 1.74805 1.75825 0
-1.01816 -1.04486 0 1.74772 1.75825 0
-1.01796 -1.04478 0 1.74739 1.75817 0
-1.01775 -1.04454 0.133741 1.74705 1.75791 0
-1.01754 -1.04428 0.165722 1.74672 1.75764 0
-1.01733 -1.04408 0.142463 1.74639 1.75741 0
-1.01712 -1.04405 0.0232593 1.74606 1.75735 0.00581481
-1.01691 -1.04405 0 1.74572 1.75732 0
-1.0167 -1.04405 0 1.74539 1.75732 0
-1.01649 -1.04388 0.101759 1.74506 1.75712 0.0610556
-1.01628 -1.04358 0.165722 1.74473 1.75683 0
-1.01607 -1.04338 0.142463 1.74439 1.7566 0
-1.01586 -1.04332 0.0552407 1.74406 1.75651 0.00581481
-1.01565 -1.04332 0 1.74373 1.75648 0.00581481
-1.01544 -1.04329 0 1.74339 1.75639 0.0465185
-1.01523 -1.04312 0.0872222 1.74306 1.75619 0
-1.01502 -1.04283 0.174444 1.74273 1.75587 0
-1.01481 -1.0426 0.142463 1.74239 1.75558 0
-1.0146 -1.04251 0.0785 1.74206 1.75546 0.0552407
-1.01439 -1.04251 0 1.74173 1.75543 0.0610556
-1.01418 -1.04248 0 1.74139 1.75538 0
-1.01397 -1.04228 0.093037 1.74106 1.75511 0
-1.01376 -1.04199 0.151185 1.74073 1.75477 0.0377963
-1.01356 -1.04175 0.142463 1.74039 1.75447 0.0465185
-1.01335 -1.04164 0.0872222 1.74006 1.7543 0
-1.01314 -1.04161 0.0552407 1.73973 1.75424 0.00581481
-1.01293 -1.04155 0.0610556 1.73939 1.75413 0
-1.01272 -1.04137 0.093037 1.73906 1.75392 0.0552407
-1.01251 -1.04117 0.119204 1.73873 1.75366 0
-1.0123 -1.041 0.110481 1.73839 1.75343 0.0465185
-1.01209 -1.04082 0.0872222 1.73806 1.75322 0
-1.01188 -1.04068 0.0872222 1.73772 1.75299 0.0465185
-1.01167 -1.0405 0.0785 1.73739 1.75279 0
-1.01146 -1.04039 0.0785 1.73706 1.75264 0.0290741
-1.01125 -1.04024 0.0552407 1.73672 1.75244 0
-1.01104 -1.0401 0.0697778 1.73639 1.75224 0.0465185
-1.01083 -1.03992 0.101759 1.73605 1.75203 0
-1.01062 -1.03963 0.142463 1.73572 1.75168 0.00581481
-1.01041 -1.03943 0.119204 1.73538 1.75142 0.0232593
-1.0102 -1.03937 0.0232593 1.73505 1.75131 0.0552407
-1.00999 -1.03934 0.0377963 1.73472 1.75122 0.014537
-1.00978 -1.03919 0.0290741 1.73438 1.75101 0.014537
-1.00957 -1.0389 0.174444 1.73405 1.75067 0.0232593
-1.00936 -1.03858 0.197704 1.73371 1.75026 0.0377963
-1.00915 -1.03835 0.151185 1.73338 1.75 0.0552407
-1.00894 -1.03829 0 1.73304 1.74988 0.0465185
-1.00873 -1.03829 0 1.73271 1.74982 0
-1.00852 -1.03823 0 1.73237 1.74971 0.014537
-1.00831 -1.03791 0.183167 1.73204 1.7493 0
-1.0081 -1.03745 0.252944 1.7317 1.74878 0
-1.00789 -1.03719 0.206426 1.73137 1.74846 0.014537
-1.00768 -1.0371 0.0465185 1.73103 1.74831 0
-1.00747 -1.03716 0 1.7307 1.74831 0.014537
-1.00726 -1.03716 0 1.73036 1.74825 0.0232593
-1.00705 -1.03687 0.142463 1.73003 1.74787 0.0552407
-1.00685 -1.03646 0.229685 1.72969 1.74744 0.0377963
-1.00664 -1.03611 0.220963 1.72936 1.747 0.0552407
-1.00643 -1.03597 0.0697778 1.72902 1.7468 0.0552407
-1.00622 -1.03597 0 1.72868 1.74677 0.0232593
-1.00601 -1.03597 0 1.72835 1.74668 0.0377963
-1.0058 -1.03573 0.125019 1.72801 1.74639 0.0290741
-1.00559 -1.0353 0.24713 1.72768 1.7459 0.0465185
-1.00538 -1.03495 0.220963 1.72734 1.74549 0.0290741
-1.00517 -1.0348 0.119204 1.72701 1.74532 0.014537
-1.00496 -1.0348 0 1.72667 1.74523 0
-1.00475 -1.03477 0 1.72633 1.74514 0
-1.00454 -1.03454 0.119204 1.726 1.74488 0.0290741
-1.00433 -1.03416 0.206426 1.72566 1.74444 0.0232593
-1.00412 -1.03382 0.220963 1.72533 1.74404 0.0465185
-1.00391 -1.03364 0.119204 1.72499 1.74383 0
-1.0037 -1.03358 0.0610556 1.72465 1.74372 0.0552407
-1.00349 -1.03347 0.014537 1.72432 1.74354 0.0465185
-1.00328 -1.03329 0.093037 1.72398 1.74331 0
-1.00308 -1.03297 0.197704 1.72364 1.74296 0.0552407
-1.00287 -1.03265 0.197704 1.7233 1.74258 0
-1.00267 -1.03245 0.110481 1.72296 1.74232 0
-1.00247 -1.03236 0.0465185 1.72262 1.74218 0
-1.00227 -1.03222 0.0785 1.72228 1.742 0.014537
-1.00206 -1.03193 0.142463 1.72194 1.74162 0.0232593
-1.00186 -1.03161 0.165722 1.7216 1.74128 0
-1.00166 -1.03137 0.142463 1.72126 1.74098 0
-1.00145 -1.03123 0.093037 1.72092 1.74078 0.00581481
-1.00125 -1.03102 0.110481 1.72058 1.74052 0.0552407
-1.00105 -1.03065 0.151185 1.72024 1.74005 0.0377963
-1.00084 -1.03041 0.133741 1.7199 1.73979 0.014537
-1.00064 -1.03024 0.0872222 1.71956 1.73956 0.014537
-1.00044 -1.03006 0.0785 1.71922 1.73933 0
-1.00023 -1.02977 0.151185 1.71887 1.73898 0.0232593
-1.00003 -1.02943 0.220963 1.71853 1.7386 0
-0.99983 -1.02911 0.183167 1.71819 1.73825 0.0377963
-0.99962 -1.02896 0.093037 1.71785 1.73805 0.00581481
-0.99942 -1.02893 0.0465185 1.71751 1.73799 0.0232593
-0.99922 -1.02879 0.0377963 1.71717 1.73782 0.0290741
-0.99901 -1.02844 0.183167 1.71683 1.73744 0.0465185
-0.99881 -1.02797 0.279111 1.71649 1.73694 0
-0.9986 -1.02754 0.261667 1.71615 1.73648 0
-0.9984 -1.02742 0.101759 1.71581 1.73633 0
-0.9982 -1.02742 0 1.71546 1.73633 0
-0.99799 -1.02736 0 1.71512 1.73625 0.0610556
-0.99779 -1.02704 0.183167 1.71478 1.7359 0
-0.99759 -1.02649 0.32563 1.71444 1.73531 0
-0.99738 -1.02602 0.311093 1.7141 1.73485 0.00581481
-0.99718 -1.02585 0.142463 1.71376 1.73462 0.0552407
-0.99698 -1.02582 0 1.71341 1.73456 0
-0.99677 -1.02585 0 1.71307 1.73459 0
-0.99657 -1.02556 0.133741 1.71273 1.73427 0.0610556
-0.99637 -1.02504 0.316907 1.71239 1.73374 0
-0.99616 -1.02428 0.252944 1.71205 1.73296 0
-0.99596 -1.0241 0.110481 1.71171 1.73276 0
-0.99576 -1.0241 0 1.71136 1.73273 0
-0.99555 -1.02402 0 1.71102 1.73261 0.0465185
-0.99535 -1.02373 0.165722 1.71068 1.73232 0
-0.99514 -1.02323 0.279111 1.71034 1.7318 0.0552407
-0.99494 -1.0228 0.293648 1.71 1.73136 0
-0.99474 -1.02253 0.165722 1.70965 1.73107 0.0552407
-0.99453 -1.02248 0.0697778 1.70931 1.73101 0
-0.99433 -1.02239 0.0610556 1.70897 1.73092 0
-0.99413 -1.02213 0.133741 1.70863 1.73066 0
-0.99392 -1.02175 0.220963 1.70828 1.73029 0
-0.99372 -1.02137 0.238407 1.70794 1.72988 0.00581481
-0.99352 -1.02111 0.183167 1.7076 1.72962 0
-0.99331 -1.02088 0.125019 1.70726 1.72933 0.0552407
-0.99311 -1.0207 0.101759 1.70691 1.72915 0
-0.9929 -1.0205 0.119204 1.70657 1.72895 0
-0.9927 -1.02024 0.165722 1.70623 1.72866 0
-0.9925 -1.01995 0.157 1.70588 1.72837 0
-0.99229 -1.01971 0.142463 1.70554 1.7281 0.0465185
-0.99209 -1.01948 0.119204 1.7052 1.72784 0.0552407
-0.99189 -1.01919 0.165722 1.70485 1.72752 0
-0.99168 -1.0189 0.174444 1.70451 1.72723 0
-0.99148 -1.01864 0.142463 1.70417 1.72691 0
-0.99127 -1.01849 0.101759 1.70383 1.72674 0
-0.99107 -1.01838 0.0785 1.70348 1.72659 0
-0.99087 -1.01814 0.119204 1.70314 1.72633 0
-0.99066 -1.0178 0.188981 1.70279 1.72592 0
-0.99046 -1.01742 0.215148 1.70245 1.72552 0
-0.99026 -1.01716 0.165722 1.70211 1.72523 0
-0.99005 -1.01713 0 1.70176 1.72517 0.0377963
-0.98985 -1.0171 0 1.70142 1.72511 0.0552407
-0.98964 -1.01684 0.142463 1.70108 1.72479 0.00581481
-0.98944 -1.01637 0.252944 1.70073 1.7243 0.0377963
-0.98924 -1.01591 0.279111 1.70039 1.72377 0
-0.98903 -1.01576 0.101759 1.70005 1.72357 0.0465185
-0.98883 -1.01582 0 1.6997 1.72357 0.00581481
-0.98862 -1.01585 -0.0232593 1.69936 1.72354 0.0465185
-0.98842 -1.01564 0.142463 1.69901 1.72328 0.014537
-0.98822 -1.01515 0.252944 1.69867 1.72275 0
-0.98801 -1.01474 0.270389 1.69832 1.72229 0.0610556
-0.98781 -1.01457 0.142463 1.69798 1.72209 0
-0.9876 -1.0146 0 1.69764 1.72206 0.0377963
-0.9874 -1.01466 -0.0290741 1.69729 1.72206 0.014537
-0.9872 -1.01451 0.0232593 1.69695 1.72185 0
-0.98699 -1.0141 0.220963 1.6966 1.72139 0
-0.98679 -1.01364 0.238407 1.69626 1.72084 0.0465185
-0.98658 -1.01338 0.174444 1.69591 1.72049 0.0610556
-0.98638 -1.01338 0 1.69557 1.72043 0.014537
-0.98618 -1.01338 0 1.69522 1.72034 0.0377963
-0.98597 -1.01332 0 1.69488 1.72023 0.0697778
-0.98577 -1.01297 0.188981 1.69453 1.71976 0.014537
-0.98556 -1.01259 0.220963 1.69419 1.71932 0.0465185
-0.98536 -1.0123 0.183167 1.69384 1.71892 0.0552407
-0.98516 -1.01224 0.0552407 1.6935 1.71877 0.0377963
-0.98495 -1.01221 0 1.69315 1.71866 0.0697778
-0.98475 -1.01216 0 1.69281 1.71851 0.0465185
-0.98454 -1.01186 0.142463 1.69246 1.71813 0.0290741
-0.98434 -1.01149 0.188981 1.69212 1.71764 0.0697778
-0.98413 -1.01114 0.206426 1.69177 1.71717 0.0697778
-0.98393 -1.01096 0.093037 1.69143 1.71688 0.0610556
-0.98373 -1.01093 0.0290741 1.69108 1.71674 0.0610556
-0.98352 -1.01085 0 1.69074 1.71653 0.0697778
-0.98332 -1.01067 0.101759 1.69039 1.71627 0.0610556
-0.98311 -1.01038 0.157 1.69005 1.71584 0.0697778
-0.98291 -1.01006 0.174444 1.6897 1.7154 0.0872222
-0.9827 -1.00983 0.165722 1.68935 1.71502 0.0697778
-0.9825 -1.00968 0.0697778 1.68901 1.71473 0.0785
-0.9823 -1.00957 0.0552407 1.68866 1.71453 0.0465185
-0.98209 -1.00942 0.0552407 1.68832 1.71421 0.0785
-0.98189 -1.00925 0.110481 1.68797 1.71389 0.0872222
-0.98168 -1.00899 0.174444 1.68762 1.71348 0.0785
-0.98148 -1.0087 0.183167 1.68728 1.71302 0.0785
-0.98127 -1.00843 0.151185 1.68693 1.71261 0.0872222
-0.98107 -1.00829 0.101759 1.68659 1.71229 0.101759
-0.98087 -1.0082 0.0377963 1.68624 1.71203 0.101759
-0.98066 -1.00811 0.0377963 1.68589 1.71176 0.101759
-0.98046 -1.00791 0.110481 1.68555 1.71136 0.119204
-0.98025 -1.00759 0.183167 1.6852 1.71083 0.119204
-0.98005 -1.00724 0.215148 1.68485 1.71025 0.125019
-0.97984 -1.00695 0.183167 1.68451 1.70976 0.125019
-0.97964 -1.00681 0.0785 1.68416 1.70938 0.119204
-0.97943 -1.00681 0 1.68382 1.70915 0.142463
-0.97923 -1.00675 0.0552407 1.68347 1.70883 0.151185
-0.97902 -1.00646 0.119204 1.68312 1.70822 0.157
-0.97882 -1.00602 0.252944 1.68278 1.70749 0.157
-0.97861 -1.00561 0.238407 1.68243 1.70679 0.174444
-0.97841 -1.00538 0.142463 1.68208 1.70624 0.157
-0.9782 -1.00538 0 1.68174 1.70589 0.183167
-0.978 -1.00538 0 1.68139 1.70557 0.183167
-0.97779 -1.00521 0.0610556 1.68104 1.70508 0.206426
-0.97759 -1.00483 0.206426 1.68069 1.70435 0.215148
-0.97738 -1.00433 0.316907 1.68035 1.70348 0.215148
-0.97718 -1.00393 0.206426 1.68 1.70266 0.206426
-0.97697 -1.00384 0.0872222 1.67965 1.7022 0.24713
-0.97677 -1.00384 0 1.67931 1.70176 0.252944
-0.97656 -1.00381 0 1.67896 1.7013 0.261667
-0.97636 -1.00352 0.151185 1.67861 1.70054 0.270389
-0.97615 -1.00303 0.279111 1.67826 1.69952 0.293648
-0.97594 -1.00253 0.311093 1.67792 1.69857 0.30237
-0.97574 -1.00224 0.197704 1.67757 1.69775 0.311093
-0.97553 -1.00221 0 1.67722 1.69714 0.32563
-0.97533 -1.00221 0 1.67687 1.69659 0.316907
-0.97512 -1.00207 0.0697778 1.67653 1.69583 0.334352
-0.97492 -1.00163 0.215148 1.67618 1.69479 0.343074
-0.97471 -1.00114 0.284926 1.67583 1.69362 0.366333
-0.97451 -1.00076 0.238407 1.67548 1.69255 0.38087
-0.9743 -1.00055 0.119204 1.67513 1.69165 0.398315
-0.9741 -1.0005 0.0377963 1.67479 1.69095 0.398315
-0.97389 -1.00044 0.0290741 1.67444 1.69022 0.366333
-0.97369 -1.00018 0.125019 1.67409 1.68926 0.38087
-0.97348 -0.99977 0.229685 1.67374 1.68824 0.348889
-0.97328 -0.999305 0.252944 1.67339 1.68717 0.343074
-0.97307 -0.998985 0.197704 1.67305 1.68635 0.293648
-0.97287 -0.998839 0.093037 1.6727 1.68571 0.284926
-0.97266 -0.998752 0.0697778 1.67235 1.68525 0.238407
-0.97245 -0.998636 0.0377963 1.672 1.68473 0.229685
-0.97225 -0.998403 0.110481 1.67165 1.68414 0.197704
-0.97204 -0.998054 0.183167 1.6713 1.68348 0.183167
-0.97184 -0.997676 0.238407 1.67095 1.68284 0.174444
-0.97163 -0.997357 0.206426 1.67061 1.68223 0.157
-0.97143 -0.997182 0.119204 1.67026 1.68179 0.151185
-0.97122 -0.997124 0.0610556 1.66991 1.68153 0.142463
-0.97102 -0.997066 0 1.66956 1.68121 0.142463
-0.97081 -0.996862 0.101759 1.66921 1.6808 0.119204
-0.97061 -0.996543 0.183167 1.66886 1.68031 0.093037
-0.9704 -0.996106 0.252944 1.66851 1.67973 0.093037
-0.97019 -0.995787 0.197704 1.66816 1.67923 0.0872222
-0.96999 -0.99567 0.093037 1.66781 1.679 0.0785
-0.96978 -0.99567 0 1.66746 1.67891 0.0377963
-0.96958 -0.995641 0 1.66711 1.67877 0.0610556
-0.96937 -0.995409 0.125019 1.66676 1.6785 0.00581481
-0.96917 -0.995031 0.238407 1.66641 1.6781 0.0610556
-0.96896 -0.994624 0.238407 1.66607 1.67769 0
-0.96876 -0.994362 0.157 1.66572 1.67743 0
-0.96855 -0.994333 0.0552407 1.66537 1.6774 0
-0.96834 -0.994333 0 1.66502 1.6774 0
-0.96814 -0.994275 0 1.66467 1.67734 0
-0.96793 -0.993955 0.174444 1.66432 1.67702 0
-0.96773 -0.993519 0.238407 1.66397 1.67659 0
-0.96752 -0.99317 0.229685 1.66362 1.67624 0
-0.96732 -0.993025 0.0872222 1.66327 1.67609 0
-0.96711 -0.993025 0 1.66292 1.67612 0
-0.9669 -0.993025 0 1.66257 1.67612 0
-0.9667 -0.992879 0.014537 1.66222 1.67597 0
-0.96649 -0.992559 0.206426 1.66187 1.67568 -0.014537
-0.96629 -0.992152 0.252944 1.66152 1.67531 -0.0552407
-0.96608 -0.991833 0.197704 1.66116 1.67502 0
-0.96588 -0.991774 0 1.66081 1.67499 0
-0.96567 -0.991774 0 1.66046 1.67499 0
-0.96546 -0.991774 0 1.66011 1.67502 -0.0290741
-0.96526 -0.991484 0.165722 1.65976 1.67472 0
-0.96505 -0.991077 0.220963 1.65941 1.67432 0
-0.96485 -0.990757 0.188981 1.65906 1.674 0
-0.96464 -0.990641 0.0785 1.65871 1.67388 0
-0.96443 -0.990641 0 1.65836 1.67388 0
-0.96423 -0.990641 0 1.65801 1.67388 0
-0.96402 -0.990466 0.110481 1.65766 1.67371 0
-0.96382 -0.990088 0.197704 1.65731 1.67333 0
-0.96361 -0.989768 0.188981 1.65695 1.67301 0
-0.9634 -0.989594 0.093037 1.6566 1.67283 0
-0.9632 -0.989594 0.014537 1.65625 1.67283 0
-0.96299 -0.989594 0 1.6559 1.67283 0
-0.96279 -0.989419 0.093037 1.65555 1.67266 0
-0.96258 -0.989129 0.165722 1.6552 1.67237 0
-0.96237 -0.988838 0.165722 1.65485 1.67208 0
-0.96217 -0.988663 0.110481 1.65449 1.6719 0
-0.96196 -0.988605 0.0552407 1.65414 1.67179 0
-0.96176 -0.988547 0 1.65379 1.67173 0
-0.96155 -0.98846 0.0377963 1.65344 1.67164 0
-0.96134 -0.988227 0.110481 1.65309 1.67138 0
-0.96114 -0.987966 0.165722 1.65273 1.67109 0
-0.96093 -0.987675 0.157 1.65238 1.6708 0
-0.96073 -0.98753 0.0872222 1.65203 1.67062 0
-0.96052 -0.987501 0.0610556 1.65168 1.6706 0
-0.96031 -0.987442 0 1.65133 1.67054 0
-0.96011 -0.987326 0.0785 1.65097 1.67042 0
-0.9599 -0.987093 0.119204 1.65062 1.67016 0.0232593
-0.95969 -0.986803 0.165722 1.65027 1.66987 0
-0.95949 -0.986541 0.151185 1.64992 1.66961 0
-0.95928 -0.986425 0.0872222 1.64956 1.66949 0
-0.95908 -0.986396 0 1.64921 1.66946 0
-0.95887 -0.986367 0.014537 1.64886 1.66943 0
-0.95866 -0.986192 0.101759 1.64851 1.66926 0
-0.95846 -0.985872 0.183167 1.64815 1.66894 0
-0.95825 -0.985523 0.215148 1.6478 1.66859 0
-0.95805 -0.985378 0.093037 1.64744 1.66844 0
-0.95785 -0.985349 0 1.64709 1.66839 0.0232593
-0.95766 -0.985349 0 1.64673 1.66839 0
-0.95746 -0.985233 0 1.64637 1.66827 0
-0.95726 -0.984913 0.183167 1.64601 1.66795 0
-0.95707 -0.984477 0.220963 1.64565 1.66751 0
-0.95687 -0.984215 0.183167 1.64529 1.66725 0
-0.95667 -0.984157 0 1.64493 1.66719 0
-0.95648 -0.984186 0 1.64457 1.66722 0
-0.95628 -0.984157 0 1.64422 1.66719 0
-0.95609 -0.983837 0.183167 1.64386 1.66685 0
-0.95589 -0.98343 0.220963 1.6435 1.66644 0
-0.95569 -0.983139 0.174444 1.64314 1.66612 0
-0.9555 -0.983052 0.0232593 1.64278 1.666 0
-0.9553 -0.983052 0 1.64242 1.66597 0
-0.9551 -0.982994 0 1.64206 1.66589 0
-0.95491 -0.982674 0.174444 1.6417 1.66551 0
-0.95471 -0.982238 0.252944 1.64134 1.66504 0
-0.95451 -0.981889 0.206426 1.64098 1.66466 0.0552407
-0.95432 -0.981802 0.0872222 1.64062 1.66452 0
-0.95412 -0.981802 0 1.64026 1.66449 0.0552407
-0.95392 -0.981802 0 1.6399 1.66443 0.0465185
-0.95373 -0.981569 0.110481 1.63954 1.66417 0.014537
-0.95353 -0.981191 0.229685 1.63918 1.66373 0.0232593
-0.95333 -0.980813 0.229685 1.63882 1.6633 0.0377963
-0.95314 -0.980581 0.142463 1.63846 1.66301 0.0232593
-0.95294 -0.980552 0.0465185 1.6381 1.66292 0
-0.95274 -0.980523 0.0377963 1.63774 1.66283 0.0290741
-0.95255 -0.980348 0.0785 1.63738 1.66257 0.0290741
-0.95235 -0.980058 0.151185 1.63702 1.66222 0.0610556
-0.95215 -0.979738 0.197704 1.63666 1.66184 0
-0.95196 -0.979447 0.188981 1.6363 1.66147 0.0232593
-0.95176 -0.979243 0.110481 1.63594 1.6612 0.0610556
-0.95156 -0.979127 0.0610556 1.63558 1.661 0.0232593
-0.95136 -0.978982 0.0785 1.63522 1.66077 0.0552407
-0.95117 -0.978807 0.110481 1.63486 1.66051 0.0377963
-0.95097 -0.978546 0.142463 1.6345 1.66016 0.0377963
-0.95077 -0.978226 0.183167 1.63414 1.65975 0.0552407
-0.95058 -0.977935 0.165722 1.63378 1.65934 0.0610556
-0.95038 -0.977732 0.119204 1.63342 1.65908 0.0610556
-0.95018 -0.977615 0.0872222 1.63306 1.65888 0.0290741
-0.94999 -0.977499 0.0785 1.63269 1.65868 0.0697778
-0.94979 -0.977296 0.101759 1.63233 1.65836 0.0552407
-0.94959 -0.976976 0.165722 1.63197 1.65795 0.0697778
-0.94939 -0.976598 0.229685 1.63161 1.65745 0.0290741
-0.9492 -0.976307 0.215148 1.63125 1.65708 0.0697778
-0.949 -0.976133 0.101759 1.63089 1.65681 0.0290741
-0.9488 -0.976103 0 1.63053 1.65667 0.0552407
-0.94861 -0.976016 0 1.63016 1.65647 0.0610556
-0.94841 -0.975726 0.151185 1.6298 1.65606 0.0697778
-0.94821 -0.975231 0.284926 1.62944 1.65545 0.0465185
-0.94801 -0.974766 0.293648 1.62908 1.65484 0.0872222
-0.94782 -0.974563 0.151185 1.62872 1.65449 0.0785
-0.94762 -0.974533 0 1.62836 1.65431 0.0872222
-0.94742 -0.974533 0 1.62799 1.65414 0.0785
-0.94722 -0.974359 0.0610556 1.62763 1.65382 0.110481
-0.94703 -0.973865 0.252944 1.62727 1.65315 0.110481
-0.94683 -0.973312 0.316907 1.62691 1.65242 0.0697778
-0.94663 -0.972993 0.229685 1.62655 1.65193 0.101759
-0.94643 -0.972905 0.0552407 1.62618 1.65167 0.110481
-0.94624 -0.972905 0 1.62582 1.65149 0.119204
-0.94604 -0.972789 0 1.62546 1.65117 0.101759
-0.94584 -0.972411 0.188981 1.6251 1.65056 0.119204
-0.94564 -0.971859 0.316907 1.62473 1.64981 0.125019
-0.94545 -0.971452 0.270389 1.62437 1.6492 0.119204
-0.94525 -0.971277 0.119204 1.62401 1.64879 0.119204
-0.94505 -0.971219 0 1.62365 1.6485 0.119204
-0.94485 -0.971161 0 1.62328 1.64818 0.110481
-0.94466 -0.970841 0.157 1.62292 1.6476 0.142463
-0.94446 -0.970376 0.279111 1.62256 1.64687 0.157
-0.94426 -0.96994 0.279111 1.6222 1.64614 0.174444
-0.94406 -0.969678 0.165722 1.62183 1.64559 0.157
-0.94387 -0.969562 0.0697778 1.62147 1.64516 0.188981
-0.94367 -0.969504 0.0465185 1.62111 1.64478 0.183167
-0.94347 -0.969329 0.110481 1.62074 1.64431 0.206426
-0.94327 -0.969009 0.183167 1.62038 1.64364 0.174444
-0.94307 -0.968602 0.220963 1.62002 1.64286 0.215148
-0.94288 -0.968253 0.197704 1.61965 1.64213 0.206426
-0.94268 -0.968021 0.142463 1.61929 1.64152 0.220963
-0.94248 -0.967846 0.110481 1.61893 1.64094 0.229685
-0.94228 -0.96773 0.0552407 1.61856 1.64042 0.229685
-0.94209 -0.967585 0.101759 1.6182 1.63989 0.24713
-0.94189 -0.967381 0.119204 1.61783 1.63928 0.252944
-0.94169 -0.966567 0.197704 1.61747 1.63745 0.252944
-0.94149 -0.966306 0.157 1.61711 1.6367 0.252944
-0.94129 -0.96616 0.101759 1.61674 1.63608 0.270389
-0.9411 -0.96616 0 1.61638 1.63556 0.284926
-0.9409 -0.966044 0.0610556 1.61601 1.63489 0.316907
-0.9407 -0.965782 0.125019 1.61565 1.63405 0.316907
-0.9405 -0.965346 0.252944 1.61529 1.63306 0.316907
-0.9403 -0.964997 0.215148 1.61492 1.6321 0.334352
-0.94011 -0.96491 0.0552407 1.61456 1.6314 0.348889
-0.93991 -0.96491 0 1.61419 1.62951 0.357611
-0.93971 -0.964299 0.197704 1.61383 1.62829 0.366333
-0.93951 -0.963921 0.215148 1.61346 1.62728 0.366333
-0.93931 -0.963689 0.142463 1.6131 1.62643 0.348889
-0.93911 -0.963689 0 1.61273 1.62579 0.343074
-0.93892 -0.963747 -0.0232593 1.61237 1.62524 0.348889
-0.93872 -0.96366 0 1.61201 1.62457 0.334352
-0.93852 -0.963282 0.183167 1.61164 1.62358 0.343074
-0.93832 -0.962904 0.229685 1.61128 1.62268 0.32563
-0.93812 -0.962642 0.174444 1.61091 1.62187 0.311093
-0.93792 -0.962758 -0.0552407 1.61055 1.62094 0.261667
-0.93773 -0.962758 0 1.61018 1.6205 0.252944
-0.93753 -0.962584 0.119204 1.60981 1.61995 0.206426
-0.93733 -0.962206 0.206426 1.60945 1.61922 0.215148
-0.93713 -0.961915 0.183167 1.60908 1.61858 0.183167
-0.93693 -0.961799 0.0872222 1.60872 1.61818 0.151185
-0.93673 -0.961799 0 1.60835 1.61791 0.151185
-0.93654 -0.961799 0 1.60799 1.61768 0.142463
-0.93634 -0.961683 0.0697778 1.60762 1.61733 0.125019
-0.93614 -0.961421 0.142463 1.60726 1.61687 0.119204
-0.93594 -0.961188 0.151185 1.60689 1.61646 0.101759
-0.93574 -0.961043 0.110481 1.60652 1.61617 0.093037
-0.93554 -0.961043 0 1.60616 1.61605 0.0552407
-0.93534 -0.961043 0 1.60579 1.61597 0.0697778
-0.93515 -0.960956 0.0377963 1.60543 1.61582 0.0290741
-0.93495 -0.960752 0.101759 1.60506 1.61556 0.014537
-0.93475 -0.96052 0.142463 1.60469 1.6153 0
-0.93455 -0.960316 0.125019 1.60433 1.61509 0
-0.93435 -0.9602 0.0785 1.60396 1.61498 0
-0.93415 -0.9602 0 1.6036 1.61498 0
-0.93396 -0.960171 0 1.60322 1.61495 0
-0.93377 -0.960084 0.0785 1.60285 1.61486 0
-0.93358 -0.959822 0.125019 1.60248 1.6146 0
-0.93339 -0.959531 0.165722 1.60211 1.61431 0
-0.9332 -0.959357 0.119204 1.60174 1.61413 0
-0.93301 -0.959241 0.0785 1.60137 1.61402 0
-0.93282 -0.959241 0 1.60099 1.61402 0
-0.93263 -0.959182 0.0552407 1.60062 1.61399 -0.0377963
-0.93244 -0.958979 0.0872222 1.60025 1.61381 0
-0.93226 -0.958659 0.165722 1.59988 1.61352 0
-0.93207 -0.958339 0.165722 1.5995 1.61326 0
-0.93188 -0.958165 0.0872222 1.59913 1.61312 -0.0377963
-0.93169 -0.958136 0 1.59876 1.61312 -0.0610556
-0.9315 -0.958107 0 1.59839 1.61309 0
-0.93131 -0.957903 0.093037 1.59801 1.61288 0
-0.93112 -0.957525 0.188981 1.59764 1.61251 0
-0.93093 -0.957118 0.229685 1.59727 1.6121 0
-0.93074 -0.956944 0.0785 1.5969 1.61195 -0.0610556
-0.93055 -0.956944 0 1.59652 1.61195 0
-0.93036 -0.956973 0 1.59615 1.61198 0
-0.93017 -0.956769 0.125019 1.59578 1.61178 0
-0.92998 -0.956333 0.261667 1.5954 1.61134 0
-0.92979 -0.955955 0.229685 1.59503 1.61096 0
-0.9296 -0.955781 0.119204 1.59466 1.61079 0
-0.92941 -0.955781 0 1.59428 1.61079 0
-0.92922 -0.95581 -0.0465185 1.59391 1.61082 0
-0.92903 -0.955664 0.014537 1.59354 1.61065 0
-0.92884 -0.955257 0.229685 1.59316 1.61024 0
-0.92865 -0.954763 0.284926 1.59279 1.60974 0
-0.92846 -0.954472 0.183167 1.59241 1.60945 0
-0.92827 -0.954472 0.00581481 1.59204 1.60942 0.0552407
-0.92808 -0.954589 -0.0785 1.59167 1.60954 0
-0.92789 -0.954472 0 1.59129 1.60939 0
-0.9277 -0.954094 0.206426 1.59092 1.60902 0
-0.92751 -0.953542 0.30237 1.59055 1.60844 0
-0.92732 -0.953222 0.229685 1.59017 1.60812 0
-0.92713 -0.953164 0.0610556 1.5898 1.60803 0
-0.92694 -0.953222 -0.0232593 1.58942 1.60809 0
-0.92675 -0.953222 0 1.58905 1.60809 0
-0.92656 -0.952961 0.157 1.58867 1.6078 0
-0.92637 -0.952495 0.238407 1.5883 1.60733 0
-0.92618 -0.952117 0.24713 1.58792 1.60695 0
-0.92599 -0.951943 0.110481 1.58755 1.60675 0
-0.92579 -0.951943 0 1.58718 1.60675 0
-0.9256 -0.951943 0 1.5868 1.60675 0
-0.92541 -0.951768 0.093037 1.58643 1.60657 0
-0.92522 -0.951391 0.215148 1.58605 1.6062 0
-0.92503 -0.950954 0.220963 1.58568 1.60573 0.0232593
-0.92484 -0.950693 0.183167 1.5853 1.60547 0
-0.92465 -0.950576 0.0465185 1.58493 1.60532 0
-0.92446 -0.950576 0 1.58455 1.60532 0.00581481
-0.92427 -0.950547 0 1.58417 1.6053 0
-0.92408 -0.950286 0.119204 1.5838 1.60503 0
-0.92389 -0.949821 0.215148 1.58342 1.60457 0
-0.9237 -0.949355 0.238407 1.58305 1.60405 0.0610556
-0.92351 -0.949123 0.142463 1.58267 1.60381 0
-0.92332 -0.949094 0.0465185 1.5823 1.60378 0
-0.92313 -0.949094 0 1.58192 1.60375 0
-0.92293 -0.949006 0 1.58155 1.60364 0
-0.92274 -0.94857 0.197704 1.58117 1.6032 0
-0.92255 -0.948047 0.284926 1.58079 1.60265 0.0465185
-0.92236 -0.94764 0.24713 1.58042 1.60221 0
-0.92217 -0.947553 0.0377963 1.58004 1.60213 0
-0.92198 -0.94764 -0.0610556 1.57967 1.60216 0
-0.92179 -0.947553 0 1.57929 1.60204 0
-0.9216 -0.947146 0.220963 1.57891 1.6016 0
-0.92141 -0.946506 0.311093 1.57854 1.60093 0.0232593
-0.92122 -0.946157 0.229685 1.57816 1.60053 0.0552407
-0.92102 -0.946157 0 1.57778 1.60047 0
-0.92083 -0.946273 -0.0697778 1.57741 1.60056 0.0610556
-0.92064 -0.946099 0 1.57703 1.60032 0
-0.92045 -0.945518 0.252944 1.57665 1.59968 0.0232593
-0.92026 -0.944878 0.30237 1.57628 1.59899 0.00581481
-0.92007 -0.944645 0.119204 1.5759 1.59867 0
-0.91988 -0.944762 0 1.57552 1.59872 0
-0.91968 -0.94482 -0.0552407 1.57515 1.59875 0.0290741
-0.91949 -0.944645 0.0290741 1.57477 1.59852 0.00581481
-0.9193 -0.944238 0.238407 1.57439 1.59806 0.0610556
-0.91911 -0.943773 0.279111 1.57402 1.59756 0.0377963
-0.91892 -0.943482 0.188981 1.57364 1.59718 0
-0.91873 -0.943453 0.0465185 1.57326 1.59713 0.0552407
-0.91854 -0.943541 -0.0785 1.57288 1.59715 0
-0.91834 -0.943482 0 1.57251 1.59704 0.0552407
-0.91815 -0.943133 0.174444 1.57213 1.5966 0.0290741
-0.91796 -0.94261 0.261667 1.57175 1.59599 0.0610556
-0.91777 -0.94229 0.188981 1.57137 1.59558 0.0377963
-0.91758 -0.942261 0 1.57099 1.59547 0.0552407
-0.91739 -0.942348 -0.0697778 1.57062 1.5955 0.0465185
-0.91719 -0.942319 0 1.57024 1.59535 0.0377963
-0.917 -0.941912 0.197704 1.56986 1.59486 0.0232593
-0.91681 -0.941447 0.252944 1.56948 1.59431 0.0232593
-0.91662 -0.941186 0.183167 1.5691 1.59393 0.0377963
-0.91643 -0.941186 0 1.56873 1.59387 0.0465185
-0.91624 -0.941273 -0.0872222 1.56835 1.59384 0.0697778
-0.91604 -0.941244 0 1.56797 1.59372 0.0697778
-0.91585 -0.940895 0.165722 1.56759 1.59326 0.0232593
-0.91566 -0.940401 0.252944 1.56721 1.59265 0.0465185
-0.91547 -0.94011 0.119204 1.56683 1.59218 0.0552407
-0.91528 -0.940168 0 1.56646 1.59213 0.0785
-0.91508 -0.940226 -0.0610556 1.56608 1.59204 0.0610556
-0.91489 -0.940081 0.0290741 1.5657 1.59175 0.0697778
-0.9147 -0.939645 0.206426 1.56532 1.59114 0.0610556
-0.91451 -0.939238 0.24713 1.56494 1.59055 0.0785
-0.91431 -0.939063 0.093037 1.56456 1.59021 0.0872222
-0.91412 -0.93915 0 1.56418 1.59009 0.110481
-0.91393 -0.939208 -0.00581481 1.5638 1.58997 0.110481
-0.91374 -0.939063 0.0290741 1.56342 1.58962 0.119204
-0.91355 -0.938627 0.197704 1.56304 1.58893 0.119204
-0.91335 -0.938249 0.188981 1.56266 1.58823 0.125019
-0.91316 -0.938133 0.0552407 1.56228 1.58782 0.151185
-0.91297 -0.93822 -0.0232593 1.5619 1.58765 0.142463
-0.91278 -0.938249 -0.0610556 1.56152 1.58736 0.157
-0.91259 -0.937929 0.151185 1.56114 1.58669 0.174444
-0.9124 -0.937522 0.238407 1.56076 1.58599 0.174444
-0.91221 -0.937231 0.197704 1.56038 1.58538 0.183167
-0.91202 -0.937173 0.0377963 1.56 1.585 0.183167
-0.91183 -0.937319 -0.101759 1.55962 1.5848 0.197704
-0.91163 -0.937348 0 1.55924 1.58448 0.206426
-0.91144 -0.937057 0.157 1.55886 1.58369 0.215148
-0.91125 -0.936563 0.24713 1.55848 1.58276 0.220963
-0.91106 -0.936359 0.151185 1.5581 1.58209 0.24713
-0.91087 -0.93633 0.0465185 1.55771 1.5816 0.24713
-0.91068 -0.936446 -0.0465185 1.55733 1.58128 0.252944
-0.91049 -0.936388 0 1.55695 1.58073 0.252944
-0.9103 -0.936068 0.151185 1.55657 1.57983 0.261667
-0.9101 -0.935749 0.229685 1.55619 1.57893 0.311093
-0.90991 -0.935487 0.165722 1.55581 1.57808 0.316907
-0.90972 -0.935429 0.0552407 1.55543 1.57724 0.334352
-0.90953 -0.935487 -0.0552407 1.55504 1.57642 0.357611
-0.90934 -0.935371 0 1.55466 1.57555 0.366333
-0.90915 -0.935051 0.157 1.55428 1.57448 0.412852
-0.90895 -0.934644 0.206426 1.5539 1.57326 0.407037
-0.90876 -0.934411 0.157 1.55352 1.5723 0.421574
-0.90857 -0.934411 0 1.55313 1.5716 0.389593
-0.90838 -0.93444 -0.0465185 1.55275 1.57096 0.38087
-0.90819 -0.93444 0 1.55237 1.57026 0.38087
-0.908 -0.934121 0.174444 1.55199 1.56933 0.357611
-0.9078 -0.933743 0.206426 1.5516 1.5684 0.311093
-0.90761 -0.933539 0.151185 1.55122 1.56764 0.30237
-0.90742 -0.93351 0 1.55084 1.56712 0.284926
-0.90723 -0.933568 -0.0232593 1.55046 1.5666 0.293648
-0.90704 -0.93351 0 1.55007 1.56607 0.284926
-0.90684 -0.933219 0.174444 1.54969 1.56529 0.279111
-0.90665 -0.932841 0.197704 1.54931 1.56445 0.261667
-0.90646 -0.932609 0.174444 1.54893 1.56378 0.261667
-0.90627 -0.932551 0.0465185 1.54854 1.56328 0.252944
-0.90608 -0.932609 0 1.54816 1.56296 0.206426
-0.90588 -0.932609 0 1.54778 1.56259 0.188981
-0.90569 -0.932405 0.125019 1.54739 1.562 0.206426
-0.9055 -0.932114 0.157 1.54701 1.56139 0.157
-0.90531 -0.931853 0.165722 1.54663 1.56084 0.157
-0.90512 -0.931707 0.0610556 1.54624 1.56046 0.142463
-0.90492 -0.931678 0.0290741 1.54586 1.5602 0.119204
-0.90473 -0.931678 0 1.54548 1.56003 0.101759
-0.90454 -0.931533 0.0785 1.54509 1.55968 0.101759
-0.90435 -0.9313 0.133741 1.54471 1.55933 0.0872222
-0.90415 -0.931039 0.151185 1.54432 1.55895 0.0610556
-0.90396 -0.930864 0.119204 1.54394 1.55872 0.0785
-0.90377 -0.930806 0.0610556 1.54356 1.55857 0.0465185
-0.90358 -0.930806 0.00581481 1.54317 1.55854 0
-0.90338 -0.930777 0 1.54279 1.55852 0
-0.90319 -0.930573 0.093037 1.5424 1.55831 0
-0.903 -0.930254 0.165722 1.54202 1.55799 0
-0.90281 -0.929934 0.183167 1.54164 1.55767 0
-0.90261 -0.929818 0.110481 1.54125 1.55756 0
-0.90242 -0.929818 0 1.54087 1.55756 0
-0.90223 -0.929818 0 1.54048 1.55756 0
-0.90204 -0.929701 0 1.5401 1.55744 0
-0.90184 -0.929381 0.183167 1.53971 1.55712 0
-0.90165 -0.928974 0.220963 1.53933 1.55674 0
-0.90146 -0.928713 0.165722 1.53894 1.55648 0
-0.90126 -0.928684 0 1.53856 1.55648 0
-0.90107 -0.928713 0 1.53817 1.55651 0
-0.90088 -0.928655 0 1.53779 1.55645 0
-0.90069 -0.928306 0.188981 1.5374 1.5561 0
-0.90049 -0.927899 0.229685 1.53702 1.5557 0
-0.9003 -0.927608 0.183167 1.53663 1.55543 0
-0.90011 -0.92755 0.0552407 1.53625 1.55538 0
-0.89991 -0.92755 0 1.53586 1.55538 0
-0.89972 -0.927492 0 1.53547 1.55532 0
-0.89953 -0.92723 0.157 1.53509 1.55506 0
-0.89933 -0.926794 0.24713 1.5347 1.55462 0
-0.89914 -0.926474 0.229685 1.53432 1.5543 0
-0.89895 -0.9263 0.110481 1.53393 1.55413 0
-0.89875 -0.9263 0 1.53355 1.55413 0
-0.89856 -0.9263 0 1.53316 1.55413 0
-0.89837 -0.926096 0.093037 1.53277 1.55392 0
-0.89817 -0.925718 0.197704 1.53239 1.55354 0
-0.89798 -0.92534 0.220963 1.532 1.55317 0
-0.89779 -0.925108 0.157 1.53161 1.55293 0
-0.89759 -0.92502 0.0465185 1.53123 1.55285 0
-0.8974 -0.92502 0 1.53084 1.55282 0
-0.89721 -0.924904 0.0290741 1.53045 1.5527 0
-0.89701 -0.924671 0.142463 1.53007 1.55244 0.0290741
-0.89682 -0.924293 0.206426 1.52968 1.55203 0
-0.89663 -0.923974 0.174444 1.52929 1.55171 0
-0.89643 -0.923799 0.110481 1.52891 1.55151 0.0377963
-0.89624 -0.92377 0.014537 1.52852 1.55145 0.0290741
-0.89604 -0.923712 0.0465185 1.52813 1.55133 0.0232593
-0.89585 -0.923538 0.0785 1.52775 1.55113 0.0465185
-0.89566 -0.923247 0.151185 1.52736 1.55075 0.0377963
-0.89546 -0.922898 0.188981 1.52697 1.55035 0.014537
-0.89527 -0.922607 0.151185 1.52658 1.54997 0.0610556
-0.89508 -0.922491 0.0872222 1.5262 1.54979 0.0232593
-0.89488 -0.922462 0.0232593 1.52581 1.54968 0.0377963
-0.89469 -0.922375 0.0232593 1.52542 1.5495 0.0465185
-0.89449 -0.922113 0.119204 1.52503 1.54918 0.014537
-0.8943 -0.921735 0.229685 1.52464 1.54872 0.0610556
-0.89411 -0.921357 0.220963 1.52426 1.54828 0.0465185
-0.89391 -0.921153 0.133741 1.52387 1.54799 0.0552407
-0.89372 -0.921153 0 1.52348 1.54793 0.0610556
-0.89352 -0.921153 0 1.52309 1.5479 0.0465185
-0.89333 -0.920979 0.093037 1.5227 1.54767 0
-0.89313 -0.920543 0.220963 1.52232 1.54721 0.0290741
-0.89294 -0.920078 0.270389 1.52193 1.54668 0
-0.89275 -0.919816 0.165722 1.52154 1.54639 0.0465185
-0.89255 -0.919787 0.0552407 1.52115 1.5463 0.0465185
-0.89236 -0.919787 0 1.52076 1.54625 0.0290741
-0.89216 -0.919729 0 1.52037 1.54616 0.0552407
-0.89197 -0.91938 0.174444 1.51998 1.54572 0.0465185
-0.89177 -0.918886 0.261667 1.5196 1.54517 0.0552407
-0.89158 -0.918508 0.238407 1.51921 1.54471 0.00581481
-0.89138 -0.918391 0.093037 1.51882 1.54453 0.0290741
-0.89119 -0.918391 0 1.51843 1.54444 0.0610556
-0.891 -0.918391 0 1.51804 1.54436 0.0377963
-0.8908 -0.918101 0.133741 1.51765 1.54398 0.0610556
-0.89061 -0.917694 0.252944 1.51726 1.54348 0.0785
-0.89042 -0.917287 0.252944 1.51687 1.54296 0.0785
-0.89023 -0.917112 0.119204 1.51648 1.5427 0.0697778
-0.89003 -0.917083 0 1.51608 1.54255 0.0465185
-0.88984 -0.917083 0 1.51569 1.54244 0.0785
-0.88965 -0.91688 0.101759 1.5153 1.54209 0.0552407
-0.88946 -0.916414 0.229685 1.51491 1.54151 0.0872222
-0.88926 -0.916007 0.238407 1.51452 1.54095 0.0872222
-0.88907 -0.915804 0.151185 1.51413 1.54061 0.0697778
-0.88888 -0.915775 0 1.51374 1.54043 0.0872222
-0.88869 -0.915746 0.0465185 1.51334 1.54029 0.0610556
-0.88849 -0.915629 0.0290741 1.51295 1.54002 0.0610556
-0.8883 -0.915339 0.183167 1.51256 1.53956 0.0872222
-0.88811 -0.91499 0.188981 1.51217 1.53906 0.0872222
-0.88792 -0.914699 0.165722 1.51178 1.5386 0.0872222
-0.88772 -0.914554 0.110481 1.51139 1.53831 0.0872222
-0.88753 -0.914466 0.0610556 1.51099 1.53805 0.101759
-0.88734 -0.914379 0.0290741 1.5106 1.53779 0.101759
-0.88714 -0.914205 0.101759 1.51021 1.53741 0.110481
-0.88695 -0.913972 0.125019 1.50982 1.53697 0.125019
-0.88676 -0.913681 0.151185 1.50942 1.53645 0.125019
-0.88657 -0.913449 0.142463 1.50903 1.53595 0.125019
-0.88637 -0.913245 0.0872222 1.50864 1.53552 0.133741
-0.88618 -0.913187 0.0465185 1.50825 1.53523 0.133741
-0.88599 -0.9131 0.0610556 1.50785 1.53485 0.157
-0.88579 -0.912926 0.0785 1.50746 1.53435 0.174444
-0.8856 -0.912635 0.151185 1.50707 1.53377 0.188981
-0.88541 -0.912315 0.183167 1.50667 1.53313 0.174444
-0.88521 -0.912082 0.142463 1.50628 1.53255 0.174444
-0.88502 -0.912024 0 1.50589 1.53217 0.197704
-0.88483 -0.912024 0 1.50549 1.53183 0.206426
-0.88463 -0.911908 0.0232593 1.5051 1.53136 0.206426
-0.88444 -0.91153 0.183167 1.50471 1.53058 0.197704
-0.88425 -0.911094 0.261667 1.50431 1.52976 0.229685
-0.88405 -0.910803 0.174444 1.50392 1.52903 0.24713
-0.88386 -0.910774 0.00581481 1.50353 1.5286 0.229685
-0.88367 -0.910832 -0.0552407 1.50313 1.52819 0.24713
-0.88347 -0.910774 0 1.50274 1.52764 0.284926
-0.88328 -0.910425 0.183167 1.50234 1.52674 0.30237
-0.88309 -0.909931 0.284926 1.50195 1.52569 0.316907
-0.88289 -0.90964 0.206426 1.50156 1.52488 0.334352
-0.8827 -0.909582 0.0610556 1.50116 1.52421 0.357611
-0.88251 -0.90964 -0.0610556 1.50077 1.52363 0.357611
-0.88231 -0.90964 0 1.50037 1.52296 0.366333
-0.88212 -0.90932 0.157 1.49998 1.52194 0.389593
-0.88192 -0.908884 0.279111 1.49958 1.52078 0.407037
-0.88173 -0.908564 0.188981 1.49919 1.51976 0.398315
-0.88154 -0.908506 0.0697778 1.49879 1.51897 0.407037
-0.88134 -0.908506 0 1.4984 1.51828 0.398315
-0.88115 -0.908477 0 1.49801 1.51755 0.398315
-0.88095 -0.908216 0.157 1.49761 1.51656 0.389593
-0.88076 -0.907838 0.206426 1.49722 1.51551 0.407037
-0.88057 -0.907547 0.157 1.49682 1.51453 0.38087
-0.88037 -0.90746 0.0552407 1.49642 1.5138 0.366333
-0.88018 -0.907401 0.0552407 1.49603 1.51313 0.334352
-0.87998 -0.907314 0.0610556 1.49563 1.5124 0.366333
-0.87979 -0.907111 0.101759 1.49524 1.51159 0.343074
-0.8796 -0.906878 0.125019 1.49484 1.51078 0.334352
-0.8794 -0.906675 0.119204 1.49445 1.50999 0.32563
-0.87921 -0.9065 0.110481 1.49405 1.50926 0.334352
-0.87901 -0.906297 0.119204 1.49366 1.50851 0.293648
-0.87882 -0.90618 0.0785 1.49326 1.50787 0.293648
-0.87862 -0.906122 0.0610556 1.49286 1.50734 0.284926
-0.87843 -0.906064 0.0465185 1.49247 1.50682 0.261667
-0.87824 -0.90589 0.0872222 1.49207 1.50621 0.238407
-0.87804 -0.905599 0.142463 1.49167 1.50551 0.220963
-0.87785 -0.905308 0.165722 1.49128 1.50482 0.24713
-0.87765 -0.905163 0.119204 1.49088 1.50432 0.206426
-0.87746 -0.905134 0 1.49049 1.504 0.183167
-0.87726 -0.905134 0 1.49009 1.50368 0.174444
-0.87707 -0.905017 0.00581481 1.48969 1.50327 0.183167
-0.87687 -0.904639 0.197704 1.4893 1.50263 0.133741
-0.87668 -0.904232 0.252944 1.4889 1.502 0.142463
-0.87648 -0.904058 0.133741 1.4885 1.50165 0.110481
-0.87629 -0.904087 0 1.4881 1.5015 0.0872222
-0.87609 -0.904174 -0.0785 1.48771 1.50144 0.093037
-0.8759 -0.904058 0 1.48731 1.50121 0.0697778
-0.8757 -0.903593 0.252944 1.48691 1.50066 0.0465185
-0.87551 -0.903069 0.30237 1.48652 1.50008 0
-0.87531 -0.902837 0.174444 1.48612 1.49981 0.0465185
-0.87512 -0.902866 0 1.48572 1.49984 0
-0.87492 -0.902982 -0.101759 1.48532 1.49996 0
-0.87473 -0.902837 0 1.48492 1.49981 0
-0.87453 -0.902343 0.261667 1.48453 1.49932 0
-0.87434 -0.90179 0.334352 1.48413 1.49877 0
-0.87414 -0.90147 0.197704 1.48373 1.49845 0
-0.87395 -0.901499 0 1.48333 1.49851 -0.0377963
-0.87375 -0.901558 -0.0610556 1.48293 1.49859 0
-0.87356 -0.901412 0 1.48254 1.49845 0
-0.87336 -0.900947 0.252944 1.48214 1.49801 -0.0552407
-0.87317 -0.900395 0.311093 1.48174 1.49746 0
-0.87297 -0.900046 0.206426 1.48134 1.49714 0
-0.87277 -0.899988 0.0232593 1.48094 1.49711 -0.0232593
-0.87258 -0.899988 0 1.48054 1.49714 -0.0465185
-0.87238 -0.899784 0.093037 1.48015 1.49697 -0.00581481
-0.87219 -0.899377 0.238407 1.47975 1.49659 0
-0.87199 -0.898883 0.284926 1.47935 1.49609 -0.0290741
-0.8718 -0.898621 0.151185 1.47895 1.49583 0
-0.8716 -0.898476 0.093037 1.47855 1.49572 0
-0.8714 -0.89833 0.0785 1.47815 1.4956 0
-0.87121 -0.898069 0.125019 1.47775 1.49537 -0.00581481
-0.87101 -0.897778 0.165722 1.47735 1.49508 0
-0.87082 -0.897487 0.174444 1.47695 1.49479 0
-0.87062 -0.897167 0.165722 1.47655 1.49447 0
-0.87042 -0.896877 0.157 1.47615 1.49417 0
-0.87023 -0.896615 0.157 1.47575 1.49391 0
-0.87003 -0.896382 0.119204 1.47535 1.49368 0
-0.86984 -0.896295 0.0785 1.47495 1.49359 0
-0.86964 -0.896179 0.0610556 1.47455 1.49345 0
-0.86944 -0.895888 0.157 1.47415 1.49316 0
-0.86925 -0.895481 0.229685 1.47375 1.49275 0
-0.86905 -0.895074 0.24713 1.47335 1.49234 0
-0.86885 -0.8949 0.119204 1.47295 1.49217 0
-0.86866 -0.8949 0.00581481 1.47255 1.49214 0.0377963
-0.86846 -0.8949 0 1.47215 1.49211 0
-0.86827 -0.894725 0.0232593 1.47175 1.49194 0
-0.86807 -0.89426 0.238407 1.47135 1.49144 0.0465185
-0.86787 -0.893795 0.284926 1.47095 1.49095 0
-0.86768 -0.893533 0.174444 1.47055 1.49069 0
-0.86748 -0.893562 0 1.47015 1.49069 0.014537
-0.86728 -0.893649 -0.0697778 1.46975 1.49074 0
-0.86709 -0.893562 0 1.46934 1.49063 0
-0.86689 -0.893097 0.238407 1.46894 1.49013 0
-0.86669 -0.892632 0.293648 1.46854 1.48964 0.0290741
-0.8665 -0.892341 0.197704 1.46814 1.48935 0
-0.8663 -0.892341 0 1.46774 1.48932 0.0377963
-0.8661 -0.892486 -0.0785 1.46734 1.48946 0
-0.8659 -0.892428 0 1.46694 1.48938 0
-0.86571 -0.891992 0.220963 1.46653 1.48894 0
-0.86551 -0.891469 0.311093 1.46613 1.48839 0.014537
-0.86531 -0.891178 0.183167 1.46573 1.4881 0
-0.86512 -0.891149 0.00581481 1.46533 1.48804 0.0290741
-0.86492 -0.891265 -0.0377963 1.46493 1.48816 0
-0.86472 -0.891207 0 1.46452 1.4881 0
-0.86453 -0.890858 0.165722 1.46412 1.48772 0
-0.86433 -0.890451 0.229685 1.46372 1.48731 0
-0.86413 -0.89019 0.197704 1.46332 1.48705 0
-0.86393 -0.890102 0.0290741 1.46291 1.48694 0.0552407
-0.86374 -0.890102 0 1.46251 1.48694 0
-0.86354 -0.890015 0.0377963 1.46211 1.48685 0
-0.86334 -0.889783 0.125019 1.4617 1.48659 0
-0.86314 -0.889463 0.174444 1.4613 1.48627 0
-0.86295 -0.889259 0.110481 1.4609 1.48603 0.0290741
-0.86275 -0.889114 0.0785 1.4605 1.48583 0.0552407
-0.86255 -0.889027 0.0785 1.46009 1.48571 0.0377963
-0.86235 -0.888852 0.0872222 1.45969 1.48551 0.0552407
-0.86216 -0.888707 0.0872222 1.45929 1.48531 0
-0.86196 -0.888532 0.0785 1.45888 1.48507 0.0377963
-0.86176 -0.888387 0.0785 1.45848 1.48484 0.0377963
-0.86156 -0.888213 0.093037 1.45807 1.48458 0.014537
-0.86136 -0.887951 0.142463 1.45767 1.48423 0.0697778
-0.86117 -0.887747 0.110481 1.45727 1.48391 0.0697778
-0.86097 -0.88766 0.0232593 1.45686 1.48371 0.0465185
-0.86077 -0.88766 0 1.45646 1.48359 0.0610556
-0.86057 -0.887573 0.0697778 1.45605 1.48339 0.0785
-0.86037 -0.887282 0.151185 1.45565 1.48295 0.0872222
-0.86018 -0.886933 0.206426 1.45525 1.48246 0.0785
-0.85998 -0.886701 0.142463 1.45484 1.48205 0.093037
-0.85978 -0.886701 0 1.45444 1.48188 0.110481
-0.85958 -0.886788 -0.0552407 1.45403 1.48176 0.110481
-0.85938 -0.886759 0 1.45363 1.4815 0.110481
-0.85919 -0.886352 0.206426 1.45322 1.48089 0.119204
-0.85899 -0.885887 0.270389 1.45282 1.48019 0.125019
-0.85879 -0.885625 0.174444 1.45241 1.47967 0.142463
-0.85859 -0.885683 0 1.45201 1.47946 0.151185
-0.85839 -0.885858 -0.101759 1.4516 1.47935 0.151185
-0.85819 -0.885828 0 1.4512 1.47903 0.165722
-0.85799 -0.885363 0.220963 1.45079 1.47824 0.183167
-0.8578 -0.884869 0.293648 1.45039 1.4774 0.197704
-0.8576 -0.884636 0.165722 1.44998 1.47682 0.188981
-0.8574 -0.884666 0 1.44957 1.47647 0.215148
-0.8572 -0.884811 -0.093037 1.44917 1.47618 0.238407
-0.857 -0.884753 0 1.44876 1.47571 0.252944
-0.8568 -0.884346 0.238407 1.44836 1.47481 0.270389
-0.8566 -0.883851 0.293648 1.44795 1.47382 0.284926
-0.85641 -0.88359 0.165722 1.44755 1.47301 0.30237
-0.85621 -0.88359 0 1.44714 1.47243 0.343074
-0.85601 -0.883706 -0.0872222 1.44673 1.47196 0.32563
-0.85581 -0.883619 0 1.44633 1.47124 0.357611
-0.85561 -0.883241 0.220963 1.44592 1.47019 0.366333
-0.85541 -0.882747 0.284926 1.44551 1.46903 0.38087
-0.85521 -0.882456 0.174444 1.44511 1.46807 0.375056
-0.85501 -0.882427 0 1.4447 1.46734 0.398315
-0.85481 -0.882456 0 1.44429 1.46673 0.375056
-0.85461 -0.882369 0 1.44389 1.46603 0.366333
-0.85441 -0.882049 0.183167 1.44348 1.46507 0.357611
-0.85421 -0.881642 0.220963 1.44307 1.46405 0.334352
-0.85402 -0.88138 0.174444 1.44266 1.46321 0.32563
-0.85382 -0.881264 0.0785 1.44226 1.46257 0.316907
-0.85362 -0.881206 0 1.44185 1.46196 0.311093
-0.85342 -0.88106 0.0785 1.44144 1.46129 0.293648
-0.85322 -0.880828 0.142463 1.44103 1.46054 0.30237
-0.85302 -0.880537 0.165722 1.44063 1.45975 0.279111
-0.85282 -0.880304 0.133741 1.44022 1.45902 0.261667
-0.85262 -0.88013 0.101759 1.43981 1.4583 0.284926
-0.85242 -0.879926 0.0872222 1.4394 1.45754 0.252944
-0.85222 -0.879752 0.110481 1.43899 1.45696 0.252944
-0.85202 -0.879636 0.093037 1.43859 1.45641 0.238407
-0.85182 -0.87949 0.0785 1.43818 1.45583 0.238407
-0.85162 -0.879316 0.110481 1.43777 1.45522 0.238407
-0.85142 -0.879054 0.133741 1.43736 1.45458 0.220963
-0.85122 -0.878793 0.151185 1.43695 1.45391 0.229685
-0.85102 -0.878676 0.0872222 1.43654 1.45341 0.220963
-0.85082 -0.878676 0 1.43613 1.45301 0.215148
-0.85062 -0.878676 0 1.43573 1.45266 0.220963
-0.85042 -0.878502 0.101759 1.43532 1.45213 0.206426
-0.85022 -0.878095 0.220963 1.43491 1.45141 0.183167
-0.85002 -0.877746 0.229685 1.4345 1.45074 0.183167
-0.84982 -0.877688 0.0785 1.43409 1.45039 0.157
-0.84962 -0.877775 -0.0232593 1.43368 1.45024 0.133741
-0.84942 -0.877862 -0.0465185 1.43327 1.45013 0.093037
-0.84922 -0.877659 0.0785 1.43286 1.44978 0.093037
-0.84902 -0.877193 0.270389 1.43245 1.4492 0.0872222
-0.84882 -0.876786 0.252944 1.43204 1.4487 0.0552407
-0.84862 -0.87667 0.0872222 1.43163 1.44856 0
-0.84842 -0.876786 -0.0290741 1.43122 1.44867 0
-0.84822 -0.876874 -0.0872222 1.43081 1.44876 0
-0.84802 -0.876641 0.119204 1.4304 1.44853 0
-0.84781 -0.876176 0.279111 1.42999 1.44806 0
-0.84761 -0.875711 0.270389 1.42958 1.4476 0
-0.84741 -0.875623 0.0697778 1.42917 1.44751 0
-0.84721 -0.87574 -0.0290741 1.42876 1.44763 0
-0.84701 -0.875798 -0.0465185 1.42835 1.44769 0
-0.84681 -0.875507 0.157 1.42794 1.44739 0
-0.84662 -0.875042 0.252944 1.42752 1.44693 0
-0.84642 -0.874664 0.261667 1.42711 1.44655 0
-0.84622 -0.874548 0.0785 1.4267 1.44643 0
-0.84603 -0.874548 0 1.42628 1.44643 0
-0.84583 -0.874548 0 1.42587 1.44643 0
-0.84563 -0.874315 0.133741 1.42545 1.4462 0
-0.84544 -0.873879 0.238407 1.42504 1.44577 0
-0.84524 -0.873559 0.206426 1.42463 1.44545 0
-0.84504 -0.873385 0.110481 1.42421 1.44527 0
-0.84484 -0.873356 0 1.4238 1.44524 0
-0.84465 -0.873268 0 1.42338 1.44516 0
-0.84445 -0.873007 0.125019 1.42297 1.44489 0
-0.84425 -0.872658 0.206426 1.42255 1.44454 0
-0.84405 -0.872367 0.197704 1.42214 1.44425 0
-0.84386 -0.872164 0.110481 1.42172 1.44405 0
-0.84366 -0.872106 0.0552407 1.42131 1.44399 0
-0.84346 -0.87196 0.0697778 1.42089 1.44385 0
-0.84326 -0.871757 0.110481 1.42048 1.44364 0
-0.84307 -0.871524 0.125019 1.42006 1.44341 0
-0.84287 -0.871262 0.125019 1.41965 1.44315 0
-0.84267 -0.870943 0.119204 1.41923 1.44283 0
-0.84247 -0.87071 0.125019 1.41882 1.4426 0
-0.84227 -0.870506 0.093037 1.4184 1.44239 0
-0.84208 -0.870419 0.0785 1.41799 1.44228 0.0232593
-0.84188 -0.870303 0.0610556 1.41757 1.4421 0.0610556
-0.84168 -0.87007 0.093037 1.41715 1.44181 0
-0.84148 -0.869663 0.188981 1.41674 1.44135 0.0610556
-0.84128 -0.869343 0.174444 1.41632 1.44097 0.0552407
-0.84109 -0.869256 0.0697778 1.41591 1.44079 0.0377963
-0.84089 -0.869256 0.0552407 1.41549 1.44068 0.0465185
-0.84069 -0.869256 0 1.41507 1.44056 0.0785
-0.84049 -0.868966 0.151185 1.41466 1.44015 0.0785
-0.84029 -0.868529 0.220963 1.41424 1.43954 0.0610556
-0.84009 -0.868181 0.197704 1.41382 1.43902 0.093037
-0.8399 -0.868151 0.0290741 1.41341 1.43882 0.101759
-0.8397 -0.868181 0 1.41299 1.43867 0.0872222
-0.8395 -0.868151 0 1.41257 1.43847 0.101759
-0.8393 -0.867773 0.183167 1.41216 1.43789 0.101759
-0.8391 -0.867337 0.252944 1.41174 1.43725 0.093037
-0.8389 -0.867047 0.188981 1.41132 1.43678 0.119204
-0.8387 -0.867018 0 1.4109 1.43655 0.101759
-0.83851 -0.867047 -0.0377963 1.41049 1.43638 0.110481
-0.83831 -0.866988 0 1.41007 1.43611 0.119204
-0.83811 -0.866552 0.215148 1.40965 1.43547 0.110481
-0.83791 -0.866058 0.279111 1.40923 1.43478 0.110481
-0.83771 -0.865796 0.183167 1.40881 1.43434 0.110481
-0.83751 -0.865767 0 1.4084 1.43408 0.125019
-0.83731 -0.865796 -0.0552407 1.40798 1.4339 0.110481
-0.83711 -0.865651 0.014537 1.40756 1.43353 0.125019
-0.83691 -0.865128 0.252944 1.40714 1.43274 0.119204
-0.83671 -0.864604 0.252944 1.40672 1.43193 0.133741
-0.83652 -0.864401 0.133741 1.4063 1.43143 0.151185
-0.83632 -0.864401 0 1.40589 1.43105 0.151185
-0.83612 -0.864285 0 1.40547 1.43047 0.157
-0.83592 -0.863819 0.197704 1.40505 1.4296 0.188981
-0.83572 -0.863209 0.261667 1.40463 1.4285 0.188981
-0.83552 -0.862918 0.151185 1.40421 1.42783 0.197704
-0.83532 -0.86286 0.014537 1.40379 1.42736 0.229685
-0.83512 -0.862831 0.0465185 1.40337 1.42696 0.220963
-0.83492 -0.862656 0.110481 1.40295 1.42634 0.229685
-0.83472 -0.862278 0.174444 1.40253 1.42541 0.279111
-0.83452 -0.861842 0.188981 1.40211 1.42425 0.252944
-0.83432 -0.861552 0.119204 1.40169 1.4232 0.30237
-0.83412 -0.861435 0.0465185 1.40127 1.42245 0.279111
-0.83392 -0.861319 0.0785 1.40085 1.42161 0.316907
-0.83372 -0.860912 0.151185 1.40043 1.4205 0.32563
-0.83352 -0.860447 0.220963 1.40001 1.41937 0.30237
-0.83332 -0.860069 0.188981 1.39959 1.41826 0.293648
-0.83312 -0.860011 0 1.39917 1.41765 0.284926
-0.83292 -0.86004 -0.014537 1.39875 1.41716 0.279111
-0.83272 -0.859865 0 1.39833 1.4164 0.252944
-0.83252 -0.859313 0.229685 1.39791 1.41533 0.252944
-0.83232 -0.85879 0.252944 1.39749 1.41431 0.24713
-0.83212 -0.858615 0.119204 1.39707 1.41367 0.229685
-0.83192 -0.858731 -0.0232593 1.39665 1.41335 0.215148
-0.83172 -0.858819 -0.0610556 1.39623 1.41306 0.229685
-0.83152 -0.858615 0.101759 1.39581 1.41248 0.220963
-0.83132 -0.858179 0.24713 1.39539 1.41163 0.197704
-0.83112 -0.857772 0.24713 1.39496 1.41085 0.206426
-0.83092 -0.857685 0.0610556 1.39454 1.41032 0.188981
-0.83072 -0.85783 -0.093037 1.39412 1.41009 0.183167
-0.83052 -0.857801 0 1.3937 1.40974 0.188981
-0.83031 -0.857452 0.174444 1.39328 1.4091 0.183167
-0.83011 -0.857016 0.252944 1.39286 1.40838 0.174444
-0.82991 -0.856783 0.165722 1.39243 1.40791 0.142463
-0.82971 -0.856754 0 1.39201 1.40765 0.125019
-0.82951 -0.856871 -0.0610556 1.39159 1.40756 0.119204
-0.82931 -0.856842 0 1.39117 1.40739 0.101759
-0.82911 -0.856551 0.151185 1.39074 1.40695 0.0697778
-0.82891 -0.856202 0.183167 1.39032 1.40649 0.0785
-0.82871 -0.856028 0.0872222 1.3899 1.40623 0.0465185
-0.82851 -0.856028 0 1.38948 1.4062 0.0552407
-0.8283 -0.856028 0 1.38905 1.40617 0.0377963
-0.8281 -0.855882 0.0785 1.38863 1.40602 0
-0.8279 -0.85565 0.125019 1.38821 1.40579 0
-0.8277 -0.855446 0.101759 1.38778 1.40559 0
-0.8275 -0.85533 0.0785 1.38736 1.40547 0
-0.8273 -0.855213 0.0377963 1.38694 1.40535 0
-0.8271 -0.855097 0.0697778 1.38651 1.40524 0
-0.82689 -0.854981 0.0552407 1.38609 1.40512 0
-0.82669 -0.854865 0.0465185 1.38567 1.405 0
-0.82649 -0.85469 0.101759 1.38524 1.40483 0
-0.82629 -0.854399 0.125019 1.38482 1.40454 -0.00581481
-0.82609 -0.854196 0.119204 1.38439 1.40434 0
-0.82589 -0.854138 0.0465185 1.38397 1.40428 0
-0.82568 -0.854109 0.0552407 1.38355 1.40425 0
-0.82548 -0.853934 0.0697778 1.38312 1.40407 0
-0.82528 -0.853643 0.157 1.3827 1.40381 0
-0.82508 -0.853236 0.188981 1.38227 1.40341 0
-0.82488 -0.85312 0.0785 1.38185 1.40329 0
-0.82468 -0.85312 0 1.38142 1.40329 0
-0.82448 -0.852858 0.0872222 1.38099 1.40303 0
-0.82428 -0.852481 0.206426 1.38057 1.40265 0
-0.82408 -0.852132 0.229685 1.38014 1.4023 0
-0.82388 -0.852015 0.093037 1.37971 1.40218 0
-0.82368 -0.852015 0 1.37929 1.40218 0
-0.82348 -0.852044 -0.0290741 1.37886 1.40221 0
-0.82327 -0.851812 0.151185 1.37843 1.40198 0
-0.82307 -0.851347 0.229685 1.37801 1.40152 0
-0.82287 -0.851027 0.197704 1.37758 1.4012 0
-0.82267 -0.850969 0.0290741 1.37715 1.40114 0
-0.82247 -0.851027 -0.0232593 1.37673 1.4012 0
-0.82227 -0.850998 0 1.3763 1.40117 0
-0.82207 -0.850649 0.183167 1.37587 1.40079 0
-0.82187 -0.850242 0.238407 1.37544 1.40038 0.014537
-0.82167 -0.850009 0.165722 1.37502 1.40009 0
-0.82147 -0.84998 0 1.37459 1.40006 0
-0.82126 -0.850009 0 1.37416 1.40003 0
-0.82106 -0.849835 0 1.37373 1.3998 0.0552407
-0.82086 -0.849428 0.206426 1.3733 1.39933 0.0697778
-0.82066 -0.849108 0.183167 1.37288 1.39896 0.0290741
-0.82046 -0.848933 0.093037 1.37245 1.39867 0.0290741
-0.82026 -0.848933 0 1.37202 1.39861 0.0552407
-0.82006 -0.848904 0 1.37159 1.39849 0.0290741
-0.81985 -0.848643 0.110481 1.37116 1.39814 0.0290741
-0.81965 -0.848323 0.183167 1.37073 1.39774 0.0377963
-0.81945 -0.84809 0.157 1.3703 1.39742 0.0697778
-0.81925 -0.848003 0.0697778 1.36988 1.39724 0.0610556
-0.81905 -0.847916 0.0465185 1.36945 1.39701 0.0785
-0.81885 -0.847712 0.101759 1.36902 1.39672 0.0377963
-0.81864 -0.847422 0.151185 1.36859 1.39634 0.0232593
-0.81844 -0.847189 0.133741 1.36816 1.39599 0.0465185
-0.81824 -0.847073 0.0872222 1.36773 1.39579 0.0465185
-0.81804 -0.846956 0.0465185 1.3673 1.39558 0.0610556
-0.81784 -0.846753 0.110481 1.36687 1.39529 0.0785
-0.81763 -0.846462 0.174444 1.36644 1.39489 0.0697778
-0.81743 -0.846259 0.119204 1.36601 1.39457 0.0552407
-0.81723 -0.846142 0.0232593 1.36558 1.3943 0.0785
-0.81703 -0.846084 0 1.36515 1.3941 0.0552407
-0.81682 -0.845735 0.183167 1.36472 1.39364 0.0785
-0.81662 -0.845328 0.229685 1.36429 1.39308 0.0872222
-0.81642 -0.845038 0.188981 1.36386 1.39265 0.0785
-0.81622 -0.845008 0 1.36343 1.39244 0.093037
-0.81601 -0.845038 -0.00581481 1.363 1.3923 0.0785
-0.81581 -0.84495 0 1.36256 1.39204 0.101759
-0.81561 -0.844485 0.229685 1.36213 1.39131 0.119204
-0.81541 -0.843904 0.261667 1.3617 1.39044 0.125019
-0.8152 -0.843729 0.101759 1.36127 1.38997 0.142463
-0.815 -0.843787 -0.0232593 1.36084 1.38962 0.174444
-0.8148 -0.8437 0 1.36041 1.38916 0.174444
-0.81459 -0.843177 0.220963 1.35998 1.38823 0.183167
-0.81439 -0.842741 0.279111 1.35954 1.38741 0.206426
-0.81419 -0.842479 0.174444 1.35911 1.38675 0.215148
-0.81399 -0.842479 0 1.35868 1.38634 0.215148
-0.81378 -0.842479 0 1.35825 1.38587 0.229685
-0.81358 -0.842246 0.151185 1.35782 1.38523 0.238407
-0.81338 -0.84181 0.229685 1.35738 1.38439 0.220963
-0.81317 -0.841403 0.238407 1.35695 1.38355 0.220963
-0.81297 -0.841316 0.0377963 1.35652 1.38302 0.215148
-0.81277 -0.841316 0 1.35609 1.38265 0.220963
-0.81256 -0.8412 0.0552407 1.35565 1.38212 0.220963
-0.81236 -0.840851 0.183167 1.35522 1.38137 0.220963
-0.81216 -0.840473 0.229685 1.35479 1.38052 0.252944
-0.81195 -0.840211 0.142463 1.35435 1.37977 0.252944
-0.81175 -0.840153 0.0697778 1.35392 1.37922 0.252944
-0.81154 -0.840066 0 1.35349 1.37858 0.279111
-0.81134 -0.839891 0.0872222 1.35305 1.37782 0.293648
-0.81114 -0.83963 0.142463 1.35262 1.37695 0.311093
-0.81093 -0.83931 0.174444 1.35219 1.3759 0.334352
-0.81073 -0.839077 0.110481 1.35175 1.37497 0.366333
-0.81052 -0.838903 0.0872222 1.35132 1.37407 0.389593
-0.81032 -0.838758 0.093037 1.35089 1.37323 0.389593
-0.81012 -0.838583 0.101759 1.35045 1.37232 0.407037
-0.80991 -0.838467 0.0610556 1.35002 1.37148 0.407037
-0.80971 -0.838321 0.0785 1.34958 1.37061 0.407037
-0.8095 -0.838118 0.119204 1.34915 1.36971 0.407037
-0.8093 -0.837798 0.165722 1.34871 1.36875 0.375056
-0.80909 -0.837507 0.183167 1.34828 1.36779 0.357611
-0.80889 -0.837362 0.101759 1.34784 1.36709 0.316907
-0.80869 -0.837333 0 1.34741 1.36651 0.311093
-0.80848 -0.837275 0 1.34697 1.36593 0.293648
-0.80828 -0.837013 0.119204 1.34654 1.3652 0.270389
-0.80807 -0.836606 0.220963 1.3461 1.36436 0.252944
-0.80787 -0.836257 0.206426 1.34567 1.3636 0.220963
-0.80766 -0.836141 0.0697778 1.34523 1.36314 0.220963
-0.80746 -0.83617 0 1.3448 1.36279 0.197704
-0.80725 -0.836199 0 1.34436 1.36247 0.206426
-0.80705 -0.835908 0.174444 1.34392 1.36186 0.188981
-0.80684 -0.835472 0.252944 1.34349 1.3611 0.188981
-0.80664 -0.835152 0.151185 1.34305 1.36046 0.165722
-0.80643 -0.835152 0 1.34262 1.36011 0.174444
-0.80623 -0.835269 -0.0465185 1.34218 1.35991 0.142463
-0.80602 -0.835094 0.0232593 1.34174 1.35947 0.133741
-0.80582 -0.834658 0.220963 1.34131 1.35878 0.125019
-0.80561 -0.834164 0.220963 1.34087 1.35808 0.110481
-0.80541 -0.834048 0.0872222 1.34043 1.35779 0.0872222
-0.8052 -0.834135 0 1.33999 1.35773 0.0872222
-0.80499 -0.834164 0 1.33956 1.35761 0.0465185
-0.80479 -0.833989 0.110481 1.33912 1.35735 0.0552407
-0.80458 -0.83367 0.174444 1.33868 1.35697 0.0232593
-0.80438 -0.833437 0.142463 1.33825 1.35674 0
-0.80417 -0.833321 0.0872222 1.33781 1.3566 0
-0.80397 -0.833263 0.0232593 1.33737 1.35654 0
-0.80376 -0.833146 0.0785 1.33693 1.35642 0
-0.80355 -0.832885 0.151185 1.33649 1.35616 0
-0.80335 -0.832652 0.157 1.33606 1.35593 0
-0.80314 -0.832448 0.110481 1.33562 1.35572 0
-0.80294 -0.83239 0.0232593 1.33518 1.35567 0
-0.80273 -0.832274 0.0290741 1.33474 1.35558 0
-0.80253 -0.832041 0.101759 1.3343 1.35535 0
-0.80232 -0.831722 0.188981 1.33386 1.35503 0
-0.80212 -0.83146 0.165722 1.33342 1.35476 0
-0.80192 -0.831373 0.0872222 1.33298 1.35468 0
-0.80172 -0.831286 0.00581481 1.33253 1.35462 0
-0.80151 -0.83114 0.0872222 1.33209 1.35447 0
-0.80131 -0.830849 0.142463 1.33165 1.35418 0
-0.80111 -0.830559 0.174444 1.33121 1.35392 0
-0.8009 -0.830413 0.093037 1.33077 1.35378 0
-0.8007 -0.830326 0 1.33032 1.35369 0
-0.8005 -0.830152 0.0610556 1.32988 1.35351 0
-0.80029 -0.829803 0.197704 1.32944 1.35317 0
-0.80009 -0.829425 0.220963 1.329 1.35279 0
-0.79989 -0.829221 0.133741 1.32855 1.35258 0
-0.79968 -0.829192 0 1.32811 1.35255 0
-0.79948 -0.829221 0 1.32767 1.35258 0
-0.79928 -0.829018 0.101759 1.32722 1.35238 0
-0.79907 -0.828611 0.252944 1.32678 1.35197 0
-0.79887 -0.828233 0.197704 1.32634 1.3516 0.0465185
-0.79867 -0.828175 0.0697778 1.32589 1.35151 0
-0.79846 -0.828175 0 1.32545 1.35151 0
-0.79826 -0.828146 0 1.32501 1.35148 0
-0.79805 -0.827826 0.174444 1.32456 1.35113 0.0232593
-0.79785 -0.827419 0.220963 1.32412 1.35069 0
-0.79765 -0.827186 0.157 1.32367 1.35046 0
-0.79744 -0.827186 0 1.32323 1.3504 0.0465185
-0.79724 -0.827215 -0.0232593 1.32279 1.35037 0.0232593
-0.79703 -0.827099 0 1.32234 1.35023 0
-0.79683 -0.826692 0.220963 1.3219 1.34973 0.00581481
-0.79663 -0.826343 0.229685 1.32145 1.34933 0.0232593
-0.79642 -0.826139 0.119204 1.32101 1.34907 0.0610556
-0.79622 -0.826198 0 1.32056 1.34901 0.0697778
-0.79601 -0.826227 -0.0610556 1.32012 1.34895 0.0610556
-0.79581 -0.826052 0.0290741 1.31967 1.34869 0.0697778
-0.7956 -0.825645 0.215148 1.31923 1.34816 0.0697778
-0.7954 -0.825267 0.220963 1.31878 1.34767 0.0697778
-0.79519 -0.825122 0.093037 1.31833 1.34741 0.0552407
-0.79499 -0.825122 0 1.31789 1.34732 0.0785
-0.79478 -0.825151 -0.00581481 1.31744 1.34723 0.0552407
-0.79458 -0.824889 0.151185 1.317 1.34686 0.0697778
-0.79437 -0.824482 0.229685 1.31655 1.34633 0.0697778
-0.79417 -0.82425 0.165722 1.3161 1.34601 0.0377963
-0.79396 -0.824191 0.0377963 1.31566 1.34587 0.0465185
-0.79376 -0.824191 0 1.31521 1.34578 0.0465185
-0.79355 -0.824046 0.0465185 1.31476 1.34555 0.0697778
-0.79335 -0.823668 0.229685 1.31432 1.34508 0.0697778
-0.79314 -0.82329 0.229685 1.31387 1.34462 0.0610556
-0.79294 -0.823116 0.110481 1.31342 1.34433 0.0697778
-0.79273 -0.823116 0 1.31298 1.34421 0.0697778
-0.79253 -0.823116 0 1.31253 1.34406 0.0872222
-0.79232 -0.822854 0.151185 1.31208 1.34369 0.0697778
-0.79212 -0.822476 0.24713 1.31163 1.34316 0.0872222
-0.79191 -0.822185 0.174444 1.31119 1.3427 0.093037
-0.7917 -0.822156 0 1.31074 1.34249 0.0872222
-0.7915 -0.822185 0 1.31029 1.34235 0.110481
-0.79129 -0.82204 0.014537 1.30984 1.342 0.110481
-0.79109 -0.821604 0.24713 1.30939 1.34136 0.119204
-0.79088 -0.821197 0.24713 1.30895 1.34072 0.119204
-0.79067 -0.821051 0.110481 1.3085 1.34031 0.142463
-0.79047 -0.821081 0 1.30805 1.34008 0.151185
-0.79026 -0.82111 -0.0552407 1.3076 1.33985 0.165722
-0.79006 -0.820848 0.151185 1.30715 1.3393 0.174444
-0.78985 -0.820383 0.279111 1.3067 1.33848 0.174444
-0.78964 -0.820005 0.261667 1.30625 1.33776 0.197704
-0.78944 -0.819947 0.00581481 1.3058 1.33732 0.206426
-0.78923 -0.820034 0 1.30535 1.337 0.229685
-0.78902 -0.819976 0 1.3049 1.33651 0.238407
-0.78882 -0.81954 0.220963 1.30445 1.3356 0.252944
-0.78861 -0.819045 0.284926 1.304 1.33464 0.279111
-0.7884 -0.818755 0.206426 1.30355 1.33383 0.284926
-0.7882 -0.818726 0.00581481 1.3031 1.33331 0.284926
-0.78799 -0.818726 0 1.30265 1.33276 0.284926
-0.78778 -0.81858 0 1.3022 1.33203 0.30237
-0.78758 -0.818057 0.284926 1.30175 1.33095 0.334352
-0.78737 -0.817504 0.30237 1.3013 1.32979 0.343074
-0.78716 -0.817243 0.188981 1.30085 1.32889 0.348889
-0.78696 -0.817243 0 1.3004 1.32822 0.366333
-0.78675 -0.817272 0 1.29995 1.32755 0.389593
-0.78654 -0.81701 0.125019 1.2995 1.32656 0.398315
-0.78633 -0.816487 0.293648 1.29905 1.32528 0.453556
-0.78613 -0.815993 0.30237 1.2986 1.32397 0.462278
-0.78592 -0.815847 0.125019 1.29814 1.32299 0.485537
-0.78571 -0.815818 0 1.29769 1.32214 0.462278
-0.7855 -0.815731 0 1.29724 1.32121 0.453556
-0.7853 -0.815353 0.197704 1.29679 1.3199 0.444833
-0.78509 -0.814742 0.334352 1.29634 1.31842 0.508796
-0.78488 -0.814364 0.261667 1.29588 1.3172 0.508796
-0.78467 -0.814248 0.0872222 1.29543 1.31624 0.453556
-0.78446 -0.814248 0 1.29498 1.31549 0.471
-0.78426 -0.814132 0 1.29453 1.31461 0.439019
-0.78405 -0.813725 0.229685 1.29407 1.31345 0.407037
-0.78384 -0.813172 0.311093 1.29362 1.31226 0.375056
-0.78363 -0.812823 0.229685 1.29317 1.31127 0.348889
-0.78342 -0.812765 0.0465185 1.29271 1.31066 0.357611
-0.78322 -0.812765 0 1.29226 1.31014 0.30237
-0.78301 -0.812591 0.093037 1.29181 1.3095 0.284926
-0.7828 -0.812155 0.229685 1.29135 1.30862 0.220963
-0.78259 -0.811719 0.261667 1.2909 1.30781 0.206426
-0.78238 -0.811515 0.125019 1.29044 1.30726 0.215148
-0.78217 -0.811515 0 1.28999 1.30694 0.183167
-0.78197 -0.811515 0 1.28954 1.30662 0.188981
-0.78176 -0.811224 0.165722 1.28908 1.30601 0.188981
-0.78155 -0.810759 0.270389 1.28863 1.30525 0.151185
-0.78134 -0.81041 0.188981 1.28817 1.30464 0.151185
-0.78113 -0.810381 0.0465185 1.28772 1.30435 0.157
-0.78092 -0.810468 -0.0610556 1.28726 1.3042 0.133741
-0.78071 -0.810381 0 1.28681 1.30386 0.133741
-0.78051 -0.809945 0.229685 1.28635 1.30324 0.110481
-0.7803 -0.80948 0.293648 1.2859 1.30258 0.093037
-0.78009 -0.809247 0.151185 1.28544 1.30217 0.0872222
-0.77988 -0.809335 0 1.28498 1.30217 0.0610556
-0.77967 -0.809422 -0.0872222 1.28453 1.30214 0.0610556
-0.77946 -0.809247 0.00581481 1.28407 1.30191 0.0465185
-0.77925 -0.808753 0.284926 1.28362 1.30141 0
-0.77904 -0.808201 0.316907 1.28316 1.30086 0
-0.77883 -0.807997 0.157 1.2827 1.30066 0
-0.77862 -0.808143 -0.0290741 1.28225 1.3008 0
-0.77841 -0.808288 -0.093037 1.28179 1.30098 0
-0.7782 -0.808055 0.0377963 1.28133 1.30074 0
-0.77799 -0.807474 0.334352 1.28088 1.30016 0
-0.77778 -0.806921 0.334352 1.28042 1.29961 0
-0.77757 -0.806718 0.151185 1.27996 1.29941 0
-0.77736 -0.806863 -0.0785 1.2795 1.29955 0
-0.77715 -0.80698 -0.0697778 1.27905 1.2997 -0.0232593
-0.77694 -0.806718 0.093037 1.27859 1.29944 0
-0.77673 -0.806107 0.343074 1.27813 1.29885 -0.0552407
-0.77652 -0.805584 0.316907 1.27767 1.29833 0
-0.77631 -0.805439 0.119204 1.27722 1.29819 0
-0.7761 -0.805555 -0.0232593 1.27676 1.2983 0
-0.77589 -0.805613 -0.0290741 1.2763 1.29836 0
-0.77568 -0.805322 0.165722 1.27584 1.2981 0
-0.77547 -0.804828 0.284926 1.27538 1.2976 0
-0.77526 -0.804421 0.24713 1.27492 1.2972 0
-0.77505 -0.804334 0.0610556 1.27446 1.29711 0
-0.77484 -0.804363 0 1.274 1.29714 0
-0.77463 -0.804334 0 1.27355 1.29711 0
-0.77442 -0.803985 0.183167 1.27309 1.29676 0
-0.77421 -0.803549 0.261667 1.27263 1.29633 0
-0.774 -0.803287 0.165722 1.27217 1.29603 0
-0.77379 -0.803258 0 1.27171 1.29601 0
-0.77357 -0.803287 0 1.27125 1.29603 0
-0.77336 -0.803171 0 1.27079 1.29592 0
-0.77315 -0.802793 0.220963 1.27033 1.29554 0
-0.77294 -0.802444 0.215148 1.26987 1.29516 0
-0.77273 -0.802299 0.093037 1.26941 1.29499 0.0610556
-0.77252 -0.802328 0 1.26895 1.29499 0.0552407
-0.77231 -0.802386 -0.014537 1.26848 1.29505 0
-0.77209 -0.802124 0.125019 1.26802 1.29473 0
-0.77188 -0.801775 0.206426 1.26756 1.29435 0
-0.77167 -0.801514 0.165722 1.2671 1.29403 0.0552407
-0.77146 -0.801514 0 1.26664 1.294 0
-0.77125 -0.801601 -0.0610556 1.26618 1.29397 0.014537
-0.77104 -0.801543 0 1.26572 1.29383 0.0465185
-0.77082 -0.801165 0.220963 1.26525 1.29336 0.0465185
-0.77061 -0.800729 0.24713 1.26479 1.29278 0.0785
-0.7704 -0.800554 0.133741 1.26433 1.29249 0.0610556
-0.77019 -0.8007 -0.014537 1.26387 1.29249 0.0872222
-0.76998 -0.800845 -0.093037 1.26341 1.29249 0.101759
-0.76976 -0.8007 0 1.26294 1.29223 0.0785
-0.76955 -0.800293 0.238407 1.26248 1.29164 0.0785
-0.76934 -0.799827 0.284926 1.26202 1.29103 0.0872222
-0.76913 -0.799682 0.125019 1.26155 1.29077 0.0552407
-0.76891 -0.799827 -0.0290741 1.26109 1.29077 0.0697778
-0.7687 -0.799944 -0.093037 1.26063 1.29074 0.101759
-0.76849 -0.799769 0.00581481 1.26017 1.29042 0.0610556
-0.76827 -0.799304 0.261667 1.2597 1.28981 0.0697778
-0.76806 -0.79881 0.279111 1.25924 1.28917 0.093037
-0.76785 -0.798664 0.110481 1.25877 1.28888 0.0697778
-0.76764 -0.79881 -0.0465185 1.25831 1.28882 0.0785
-0.76742 -0.798897 -0.0872222 1.25785 1.28871 0.110481
-0.76721 -0.798664 0.119204 1.25738 1.2883 0.101759
-0.767 -0.798141 0.293648 1.25692 1.28754 0.133741
-0.76678 -0.797734 0.270389 1.25645 1.28688 0.133741
-0.76657 -0.797676 0.0232593 1.25599 1.28653 0.142463
-0.76636 -0.797792 -0.110481 1.25552 1.28635 0.188981
-0.76615 -0.797821 0 1.25505 1.28603 0.174444
-0.76594 -0.797385 0.215148 1.25459 1.28522 0.220963
-0.76573 -0.796833 0.334352 1.25412 1.28426 0.229685
-0.76552 -0.796542 0.215148 1.25365 1.28353 0.279111
-0.76531 -0.796571 0 1.25318 1.28304 0.279111
-0.7651 -0.796687 -0.0872222 1.25271 1.2826 0.316907
-0.76489 -0.796571 0 1.25224 1.28188 0.32563
-0.76468 -0.796077 0.252944 1.25178 1.28077 0.357611
-0.76446 -0.795524 0.343074 1.25131 1.27955 0.375056
-0.76425 -0.795263 0.165722 1.25084 1.27862 0.389593
-0.76404 -0.795292 0 1.25037 1.27795 0.398315
-0.76383 -0.79535 -0.0465185 1.2499 1.27728 0.407037
-0.76362 -0.795117 0.142463 1.24943 1.27632 0.407037
-0.76341 -0.794594 0.293648 1.24896 1.2751 0.407037
-0.7632 -0.794129 0.284926 1.24849 1.27394 0.389593
-0.76299 -0.794013 0.0872222 1.24802 1.27312 0.398315
-0.76278 -0.794042 0 1.24755 1.27251 0.375056
-0.76256 -0.794013 0 1.24708 1.27187 0.348889
-0.76235 -0.793606 0.197704 1.24661 1.27091 0.316907
-0.76214 -0.793053 0.311093 1.24614 1.26981 0.30237
-0.76193 -0.792646 0.261667 1.24567 1.26885 0.30237
-0.76172 -0.792588 0.014537 1.2452 1.26827 0.30237
-0.76151 -0.792588 0 1.24473 1.26777 0.293648
-0.76129 -0.792501 0 1.24426 1.26719 0.270389
-0.76108 -0.792036 0.24713 1.24378 1.26623 0.293648
-0.76087 -0.791512 0.30237 1.24331 1.26525 0.284926
-0.76066 -0.791251 0.188981 1.24284 1.26452 0.284926
-0.76045 -0.791221 0 1.24237 1.26402 0.252944
-0.76023 -0.79128 -0.00581481 1.2419 1.26362 0.270389
-0.76002 -0.791076 0.0610556 1.24143 1.26298 0.252944
-0.75981 -0.790611 0.284926 1.24095 1.26208 0.238407
-0.7596 -0.790175 0.261667 1.24048 1.26126 0.220963
-0.75938 -0.790029 0.110481 1.24001 1.26074 0.215148
-0.75917 -0.790117 0 1.23954 1.26048 0.197704
-0.75896 -0.790146 0 1.23906 1.26019 0.197704
-0.75875 -0.789797 0.165722 1.23859 1.25952 0.165722
-0.75853 -0.789332 0.279111 1.23812 1.25879 0.157
-0.75832 -0.789012 0.220963 1.23764 1.25824 0.125019
-0.75811 -0.788983 0.0232593 1.23717 1.25798 0.125019
-0.75789 -0.78907 -0.0785 1.2367 1.25786 0.110481
-0.75768 -0.788983 0 1.23622 1.25763 0.093037
-0.75747 -0.788488 0.261667 1.23575 1.25705 0.0610556
-0.75725 -0.787965 0.311093 1.23528 1.25641 0.0697778
-0.75704 -0.787733 0.174444 1.2348 1.25612 0.00581481
-0.75683 -0.787849 -0.00581481 1.23433 1.2562 0.014537
-0.75661 -0.787936 -0.0872222 1.23385 1.25626 0.0552407
-0.7564 -0.787733 0.0785 1.23338 1.25606 0
-0.75619 -0.787238 0.261667 1.2329 1.25556 0
-0.75597 -0.786773 0.270389 1.23243 1.2551 0
-0.75576 -0.786686 0.0697778 1.23195 1.25501 0
-0.75555 -0.786802 -0.101759 1.23148 1.25513 0
-0.75533 -0.786773 0 1.231 1.2551 0
-0.75512 -0.786308 0.238407 1.23053 1.25463 0
-0.7549 -0.785785 0.311093 1.23005 1.25411 0
-0.75469 -0.785581 0.165722 1.22957 1.25391 0
-0.75447 -0.785639 0 1.2291 1.25396 0
-0.75426 -0.785756 -0.0872222 1.22862 1.25408 0
-0.75405 -0.78561 0.00581481 1.22815 1.25394 0
