angle_1_e angle_1_t d_theta_1_t angle_2_e angle_2_t d_theta_2_t
-0.88669 -0.873239 0 2.28316 2.23117 0
-0.88637 -0.873239 0 2.28308 2.23117 0
-0.88605 -0.873239 0 2.283 2.23117 0
-0.88573 -0.873239 0 2.28292 2.23129 -0.0610556
-0.88541 -0.873269 -0.0552407 2.28283 2.23146 -0.101759
-0.88509 -0.873269 0 2.28275 2.23173 -0.119204
-0.88477 -0.873298 -0.0610556 2.28267 2.23207 -0.206426
-0.88445 -0.873298 0 2.28259 2.23245 -0.229685
-0.88413 -0.873298 0 2.28251 2.23289 -0.284926
-0.88381 -0.873298 0 2.28242 2.23341 -0.343074
-0.88349 -0.873298 0 2.28234 2.23396 -0.357611
-0.88317 -0.873298 0 2.28226 2.23455 -0.38087
-0.88285 -0.873298 0 2.28218 2.23516 -0.366333
-0.88253 -0.873298 0 2.28209 2.23583 -0.38087
-0.88221 -0.873298 0 2.28201 2.23644 -0.389593
-0.88189 -0.873298 0 2.28193 2.23705 -0.389593
-0.88157 -0.873298 0 2.28184 2.23766 -0.357611
-0.88125 -0.873269 0 2.28176 2.23818 -0.311093
-0.88093 -0.873269 0 2.28168 2.23867 -0.270389
-0.88061 -0.873239 0.014537 2.28159 2.23908 -0.279111
-0.88029 -0.873181 0 2.28151 2.2394 -0.220963
-0.87997 -0.873123 0.00581481 2.28143 2.23969 -0.252944
-0.87966 -0.873036 0.014537 2.28134 2.23992 -0.197704
-0.87934 -0.872978 0.0465185 2.28126 2.2401 -0.151185
-0.87902 -0.87292 0.0552407 2.28118 2.2403 -0.151185
-0.8787 -0.872862 0.0290741 2.28109 2.24045 -0.142463
-0.87838 -0.872862 0 2.28101 2.24068 -0.142463
-0.87806 -0.872832 0.0232593 2.28093 2.24085 -0.133741
-0.87774 -0.872774 0.0465185 2.28084 2.241 -0.119204
-0.87742 -0.872687 0.0290741 2.28076 2.24115 -0.142463
-0.8771 -0.872629 0.0465185 2.28067 2.24132 -0.151185
-0.87678 -0.872571 0.0290741 2.28059 2.24147 -0.133741
-0.87646 -0.872513 0.0465185 2.2805 2.24167 -0.119204
-0.87615 -0.872454 0.0610556 2.28043 2.24181 -0.133741
-0.87584 -0.872396 0.0377963 2.2804 2.24199 -0.142463
-0.87553 -0.872338 0.00581481 2.28037 2.24216 -0.133741
-0.87522 -0.87228 0.0290741 2.28033 2.24231 -0.119204
-0.87491 -0.872222 0.0697778 2.2803 2.24245 -0.125019
-0.8746 -0.872106 0.0465185 2.28027 2.24254 -0.119204
-0.87429 -0.872018 0.0697778 2.28023 2.24263 -0.101759
-0.87398 -0.871931 0.0377963 2.2802 2.24274 -0.119204
-0.87367 -0.871873 0.0465185 2.28017 2.24283 -0.0872222
-0.87336 -0.871786 0.0290741 2.28014 2.24289 -0.0697778
-0.87305 -0.871669 0.0552407 2.2801 2.24286 -0.0465185
-0.87274 -0.871553 0.0552407 2.28007 2.24283 -0.0377963
-0.87243 -0.871466 0.0872222 2.28003 2.24283 0
-0.87212 -0.871379 0.0465185 2.28 2.2428 0
-0.87181 -0.871292 0.0697778 2.27997 2.24274 -0.0552407
-0.8715 -0.871204 0.014537 2.27993 2.24272 0
-0.87119 -0.871146 0.0610556 2.2799 2.24272 -0.0552407
-0.87088 -0.871059 0.0610556 2.27987 2.24266 0
-0.87057 -0.870972 0.0785 2.27983 2.2426 -0.00581481
-0.87026 -0.870855 0.0785 2.2798 2.24257 -0.0465185
-0.86995 -0.870768 0.0610556 2.27976 2.24254 -0.0552407
-0.86964 -0.87071 0 2.27973 2.24254 -0.0697778
-0.86933 -0.870652 0.0552407 2.2797 2.24257 -0.0377963
-0.86902 -0.870565 0.0610556 2.27966 2.24254 -0.0610556
-0.86871 -0.870477 0.0465185 2.27963 2.24257 -0.0377963
-0.8684 -0.87039 0.0697778 2.27959 2.24257 -0.0610556
-0.86809 -0.870303 0.0465185 2.27956 2.2426 -0.0697778
-0.86778 -0.870245 0.0697778 2.27952 2.24266 -0.0785
-0.86747 -0.870187 0.0552407 2.27949 2.24272 -0.0785
-0.86716 -0.870099 0.0552407 2.27945 2.24277 -0.0872222
-0.86685 -0.870041 0.0552407 2.27942 2.24283 -0.0872222
-0.86654 -0.869954 0.014537 2.27938 2.24286 -0.093037
-0.86623 -0.869896 0.0552407 2.27935 2.24295 -0.0872222
-0.86592 -0.869838 0.0465185 2.27931 2.24301 -0.0785
-0.86561 -0.869722 0.0377963 2.27928 2.24301 -0.0872222
-0.8653 -0.869634 0.0377963 2.27924 2.24301 -0.0697778
-0.86499 -0.869576 0.0785 2.27921 2.24304 -0.0377963
-0.86468 -0.869489 0.0290741 2.27917 2.24304 -0.0552407
-0.86437 -0.869402 0.0697778 2.27913 2.24301 -0.0610556
-0.86406 -0.869344 0.0697778 2.2791 2.24304 -0.0610556
-0.86375 -0.869256 0.0610556 2.27906 2.24301 -0.0377963
-0.86344 -0.869169 0.0785 2.27903 2.24298 -0.0610556
-0.86313 -0.869082 0.0552407 2.27899 2.24292 -0.0290741
-0.86282 -0.868995 0.0610556 2.27895 2.24289 -0.0290741
-0.86251 -0.868907 0.0552407 2.27892 2.24283 0
-0.8622 -0.86882 0.0465185 2.27888 2.2428 -0.0290741
-0.86189 -0.868733 0.0872222 2.27885 2.24274 -0.0610556
-0.86158 -0.868646 0.0697778 2.27881 2.24269 -0.0465185
-0.86127 -0.868529 0.0872222 2.27877 2.24263 -0.0465185
-0.86096 -0.868413 0.0552407 2.27874 2.24257 -0.0552407
-0.86065 -0.868326 0.0552407 2.2787 2.24254 -0.0552407
-0.86034 -0.868239 0.0785 2.27866 2.24248 0
-0.86003 -0.868152 0.0377963 2.27863 2.24248 -0.0232593
-0.85972 -0.868064 0.0872222 2.2786 2.24245 -0.0290741
-0.85942 -0.867948 0.0785 2.27857 2.24242 -0.0552407
-0.85911 -0.867832 0.0610556 2.27854 2.2424 -0.0290741
-0.8588 -0.867744 0.0552407 2.27852 2.2424 -0.0465185
-0.85849 -0.867657 0.0465185 2.27849 2.2424 -0.0465185
-0.85818 -0.86757 0.0377963 2.27846 2.2424 -0.0465185
-0.85787 -0.867454 0.0552407 2.27843 2.2424 -0.0290741
-0.85757 -0.867337 0.0785 2.27841 2.2424 -0.0785
-0.85726 -0.86725 0.0610556 2.27838 2.2424 -0.0610556
-0.85695 -0.867134 0.0697778 2.27835 2.2424 -0.0377963
-0.85664 -0.867018 0.0785 2.27832 2.2424 -0.0552407
-0.85633 -0.866901 0.0465185 2.27829 2.24242 -0.0465185
-0.85602 -0.866785 0.0465185 2.27826 2.2424 -0.0872222
-0.85572 -0.866669 0.093037 2.27824 2.24242 -0.0610556
-0.85541 -0.866494 0.0610556 2.27821 2.2424 -0.0872222
-0.8551 -0.866349 0.0872222 2.27818 2.2424 -0.0610556
-0.85479 -0.866204 0.0697778 2.27815 2.24237 -0.0552407
-0.85448 -0.866058 0.0697778 2.27812 2.24237 -0.0785
-0.85417 -0.865913 0.0697778 2.27809 2.24237 -0.0552407
-0.85387 -0.865738 0.101759 2.27806 2.24237 -0.0872222
-0.85356 -0.865564 0.0785 2.27803 2.24234 -0.101759
-0.85325 -0.865419 0.0552407 2.278 2.24237 -0.0785
-0.85294 -0.865244 0.0872222 2.27798 2.24234 -0.093037
-0.85263 -0.86507 0.0697778 2.27795 2.24234 -0.0697778
-0.85232 -0.864924 0.0872222 2.27792 2.24234 -0.0785
-0.85201 -0.864721 0.101759 2.27789 2.24231 -0.093037
-0.85171 -0.864546 0.101759 2.27786 2.24225 -0.093037
-0.8514 -0.864372 0.101759 2.27783 2.24222 -0.0610556
-0.85109 -0.864227 0.0872222 2.2778 2.24225 -0.0872222
-0.85078 -0.864081 0.0697778 2.27777 2.24228 -0.0872222
-0.85047 -0.863907 0.093037 2.27774 2.24225 -0.0610556
-0.85016 -0.863703 0.110481 2.27771 2.24222 -0.0872222
-0.84986 -0.863529 0.101759 2.27768 2.24225 -0.093037
-0.84955 -0.863267 0.110481 2.27765 2.24216 -0.0872222
-0.84924 -0.863122 0.101759 2.27762 2.24219 -0.119204
-0.84893 -0.862947 0.119204 2.27759 2.24222 -0.093037
-0.84862 -0.862773 0.0872222 2.27756 2.24219 -0.110481
-0.84831 -0.862627 0.110481 2.27753 2.24225 -0.119204
-0.848 -0.862453 0.101759 2.2775 2.24228 -0.110481
-0.8477 -0.862279 0.125019 2.27746 2.24228 -0.119204
-0.84739 -0.862104 0.110481 2.27743 2.24231 -0.133741
-0.84708 -0.861901 0.133741 2.2774 2.24234 -0.142463
-0.84677 -0.861726 0.101759 2.27737 2.24237 -0.125019
-0.84646 -0.861523 0.110481 2.27734 2.2424 -0.119204
-0.84615 -0.861348 0.119204 2.27731 2.24245 -0.142463
-0.84585 -0.861174 0.125019 2.27728 2.24248 -0.125019
-0.84554 -0.860941 0.151185 2.27725 2.24245 -0.133741
-0.84523 -0.860709 0.125019 2.27722 2.24245 -0.133741
-0.84492 -0.860534 0.119204 2.27718 2.24251 -0.125019
-0.84461 -0.860331 0.119204 2.27715 2.24248 -0.119204
-0.8443 -0.860127 0.110481 2.27712 2.24254 -0.119204
-0.84399 -0.859836 0.142463 2.27709 2.24245 -0.119204
-0.84369 -0.859575 0.142463 2.27706 2.2424 -0.101759
-0.84338 -0.859284 0.151185 2.27702 2.24231 -0.110481
-0.84307 -0.859051 0.133741 2.27699 2.24228 -0.101759
-0.84276 -0.85879 0.125019 2.27696 2.24222 -0.101759
-0.84245 -0.858528 0.125019 2.27693 2.24219 -0.125019
-0.84214 -0.858266 0.133741 2.2769 2.24213 -0.093037
-0.84183 -0.857976 0.142463 2.27686 2.24205 -0.101759
-0.84153 -0.857714 0.125019 2.27683 2.24196 -0.101759
-0.84122 -0.857452 0.133741 2.27683 2.24187 -0.101759
-0.84092 -0.85722 0.151185 2.27682 2.24179 -0.093037
-0.84061 -0.857016 0.142463 2.27682 2.24176 -0.119204
-0.84031 -0.856784 0.142463 2.27681 2.24173 -0.110481
-0.84 -0.856493 0.157 2.27681 2.24164 -0.093037
-0.8397 -0.85626 0.125019 2.2768 2.24164 -0.119204
-0.83939 -0.855999 0.133741 2.2768 2.24161 -0.119204
-0.83909 -0.855737 0.142463 2.27679 2.24155 -0.119204
-0.83878 -0.855475 0.133741 2.27679 2.24152 -0.110481
-0.83848 -0.855214 0.125019 2.27678 2.24147 -0.110481
-0.83818 -0.854981 0.151185 2.27678 2.24144 -0.119204
-0.83787 -0.854748 0.142463 2.27677 2.24138 -0.110481
-0.83757 -0.854487 0.151185 2.27677 2.24132 -0.101759
-0.83726 -0.854254 0.125019 2.27676 2.24126 -0.119204
-0.83696 -0.854022 0.125019 2.27676 2.2412 -0.093037
-0.83665 -0.853818 0.125019 2.27675 2.24117 -0.101759
-0.83635 -0.853614 0.110481 2.27675 2.24112 -0.093037
-0.83604 -0.853411 0.133741 2.27674 2.24109 -0.101759
-0.83574 -0.853207 0.119204 2.27673 2.24103 -0.110481
-0.83543 -0.852975 0.125019 2.27673 2.24097 -0.093037
-0.83513 -0.8528 0.119204 2.27672 2.24091 -0.101759
-0.83482 -0.852597 0.119204 2.27671 2.24088 -0.0872222
-0.83452 -0.852422 0.101759 2.27671 2.24085 -0.0697778
-0.83421 -0.852248 0.125019 2.2767 2.24083 -0.101759
-0.83391 -0.852074 0.119204 2.2767 2.2408 -0.0697778
-0.8336 -0.851812 0.093037 2.27669 2.24071 -0.093037
-0.8333 -0.851637 0.093037 2.27668 2.24071 -0.0872222
-0.83299 -0.851434 0.133741 2.27668 2.24062 -0.0465185
-0.83269 -0.851172 0.110481 2.27667 2.24053 -0.0697778
-0.83238 -0.851027 0.110481 2.27666 2.24048 -0.0785
-0.83208 -0.850852 0.119204 2.27665 2.24042 -0.0785
-0.83177 -0.850678 0.110481 2.27665 2.24033 -0.00581481
-0.83147 -0.850504 0.093037 2.27664 2.24024 -0.0290741
-0.83116 -0.8503 0.119204 2.27663 2.2401 -0.0552407
-0.83086 -0.850126 0.101759 2.27663 2.24001 -0.0290741
-0.83055 -0.849951 0.101759 2.27662 2.2399 0
-0.83025 -0.849806 0.101759 2.27661 2.23981 -0.0552407
-0.82994 -0.849631 0.110481 2.2766 2.23969 -0.0552407
-0.82964 -0.849428 0.0785 2.2766 2.23952 -0.00581481
-0.82933 -0.849224 0.101759 2.27659 2.23943 -0.0377963
-0.82903 -0.84905 0.110481 2.27658 2.23931 -0.0610556
-0.82872 -0.848904 0.0872222 2.27657 2.23923 -0.0610556
-0.82842 -0.84873 0.119204 2.27656 2.23911 -0.0465185
-0.82811 -0.848585 0.0872222 2.27656 2.23902 -0.0552407
-0.82781 -0.84841 0.110481 2.27655 2.23894 -0.0290741
-0.8275 -0.848207 0.0872222 2.27654 2.23885 -0.0552407
-0.8272 -0.847974 0.0872222 2.27653 2.2387 -0.0697778
-0.82689 -0.847771 0.101759 2.27652 2.23862 -0.014537
-0.82658 -0.847538 0.110481 2.27651 2.23847 -0.0610556
-0.82628 -0.847364 0.110481 2.2765 2.23841 -0.0697778
-0.82597 -0.847189 0.093037 2.2765 2.23835 -0.0232593
-0.82567 -0.846986 0.0697778 2.27649 2.23827 -0.0785
-0.82536 -0.846753 0.110481 2.27648 2.23818 -0.0785
-0.82506 -0.846549 0.110481 2.27647 2.23809 -0.0697778
-0.82475 -0.846288 0.110481 2.27646 2.23798 -0.0785
-0.82445 -0.846084 0.0872222 2.27645 2.23792 -0.0697778
-0.82414 -0.845881 0.0872222 2.27644 2.23786 -0.0785
-0.82384 -0.845677 0.110481 2.27643 2.2378 -0.0697778
-0.82353 -0.845474 0.110481 2.27642 2.23777 -0.0872222
-0.82322 -0.84527 0.110481 2.27641 2.23774 -0.0872222
-0.82292 -0.845067 0.125019 2.2764 2.23771 -0.0872222
-0.82261 -0.844834 0.101759 2.27639 2.23769 -0.0872222
-0.82231 -0.84466 0.093037 2.27638 2.23769 -0.093037
-0.822 -0.844456 0.110481 2.27637 2.23771 -0.110481
-0.8217 -0.844224 0.119204 2.27636 2.23769 -0.110481
-0.82139 -0.843991 0.125019 2.27635 2.23769 -0.119204
-0.82109 -0.843729 0.125019 2.27634 2.23769 -0.125019
-0.82078 -0.843497 0.125019 2.27633 2.23769 -0.125019
-0.82047 -0.843322 0.119204 2.27632 2.23774 -0.142463
-0.82017 -0.843148 0.110481 2.27631 2.23777 -0.133741
-0.81986 -0.842973 0.101759 2.2763 2.23786 -0.151185
-0.81956 -0.842712 0.133741 2.27629 2.23789 -0.174444
-0.81925 -0.842479 0.125019 2.27628 2.23801 -0.165722
-0.81895 -0.842188 0.142463 2.27627 2.23806 -0.188981
-0.81864 -0.841927 0.125019 2.27626 2.23818 -0.183167
-0.81833 -0.841665 0.125019 2.27625 2.23833 -0.206426
-0.81803 -0.841432 0.125019 2.27625 2.2385 -0.206426
-0.81773 -0.841142 0.142463 2.27625 2.23862 -0.238407
-0.81742 -0.840851 0.174444 2.27625 2.23882 -0.252944
-0.81712 -0.84056 0.165722 2.27625 2.23908 -0.261667
-0.81681 -0.840269 0.151185 2.27625 2.23926 -0.279111
-0.81651 -0.840008 0.151185 2.27624 2.23955 -0.284926
-0.8162 -0.839717 0.157 2.27624 2.23992 -0.311093
-0.8159 -0.839339 0.183167 2.27624 2.24004 -0.316907
-0.81559 -0.839019 0.206426 2.27624 2.24022 -0.316907
-0.81529 -0.838729 0.197704 2.27624 2.24042 -0.30237
-0.81498 -0.838409 0.197704 2.27624 2.24062 -0.32563
-0.81468 -0.838118 0.174444 2.27623 2.24085 -0.311093
-0.81437 -0.837798 0.183167 2.27623 2.24103 -0.316907
-0.81407 -0.837507 0.197704 2.27623 2.24123 -0.311093
-0.81376 -0.837188 0.220963 2.27623 2.24141 -0.316907
-0.81346 -0.836839 0.24713 2.27623 2.24152 -0.316907
-0.81315 -0.83649 0.220963 2.27622 2.24161 -0.311093
-0.81285 -0.83617 0.206426 2.27622 2.24176 -0.284926
-0.81254 -0.83585 0.229685 2.27622 2.24184 -0.293648
-0.81224 -0.835501 0.206426 2.27622 2.24193 -0.279111
-0.81193 -0.835152 0.229685 2.27621 2.24199 -0.252944
-0.81163 -0.834774 0.229685 2.27621 2.24199 -0.252944
-0.81132 -0.834426 0.238407 2.27621 2.24199 -0.229685
-0.81102 -0.834077 0.238407 2.2762 2.24199 -0.220963
-0.81071 -0.83367 0.24713 2.2762 2.24193 -0.220963
-0.81041 -0.833292 0.229685 2.2762 2.24187 -0.215148
-0.8101 -0.832914 0.238407 2.2762 2.24181 -0.206426
-0.8098 -0.832536 0.252944 2.27619 2.24173 -0.188981
-0.80949 -0.832158 0.229685 2.27619 2.2417 -0.174444
-0.80919 -0.831664 0.229685 2.27619 2.24155 -0.183167
-0.80888 -0.831257 0.24713 2.27618 2.24144 -0.174444
-0.80858 -0.830733 0.238407 2.27618 2.2412 -0.142463
-0.80827 -0.830326 0.220963 2.27617 2.24106 -0.151185
-0.80797 -0.82989 0.238407 2.27617 2.24088 -0.142463
-0.80766 -0.829454 0.215148 2.27617 2.24071 -0.133741
-0.80736 -0.829076 0.206426 2.27616 2.24056 -0.119204
-0.80705 -0.828756 0.220963 2.27616 2.24045 -0.110481
-0.80675 -0.828407 0.206426 2.27615 2.2403 -0.133741
-0.80644 -0.828087 0.215148 2.27615 2.24022 -0.125019
-0.80614 -0.827768 0.197704 2.27615 2.24013 -0.110481
-0.80583 -0.827448 0.183167 2.27614 2.24001 -0.125019
-0.80552 -0.827186 0.183167 2.27614 2.23995 -0.119204
-0.80522 -0.826866 0.183167 2.27613 2.2399 -0.119204
-0.80491 -0.826547 0.174444 2.27613 2.23987 -0.142463
-0.80461 -0.826198 0.165722 2.27612 2.23984 -0.133741
-0.8043 -0.825878 0.142463 2.27612 2.23981 -0.157
-0.804 -0.825587 0.142463 2.27611 2.23984 -0.151185
-0.80369 -0.825267 0.142463 2.27611 2.23984 -0.151185
-0.80339 -0.825006 0.151185 2.2761 2.23992 -0.174444
-0.80308 -0.824715 0.133741 2.2761 2.23995 -0.183167
-0.80277 -0.824453 0.110481 2.27609 2.24007 -0.183167
-0.80247 -0.824221 0.101759 2.27609 2.24013 -0.142463
-0.80216 -0.824017 0.093037 2.27608 2.24024 -0.157
-0.80186 -0.823755 0.125019 2.27607 2.24027 -0.165722
-0.80155 -0.823523 0.133741 2.27607 2.2403 -0.133741
-0.80125 -0.823319 0.119204 2.27606 2.24036 -0.125019
-0.80094 -0.823116 0.101759 2.27606 2.24036 -0.119204
-0.80064 -0.822883 0.110481 2.27605 2.24033 -0.110481
-0.80033 -0.82268 0.0872222 2.27605 2.24033 -0.101759
-0.80002 -0.822447 0.110481 2.27604 2.2403 -0.093037
-0.79972 -0.822214 0.133741 2.27603 2.24019 -0.0697778
-0.79941 -0.821982 0.125019 2.27603 2.24013 -0.0785
-0.79911 -0.821778 0.125019 2.27602 2.24004 -0.0872222
-0.7988 -0.821604 0.110481 2.27601 2.24001 -0.0872222
-0.79849 -0.821429 0.093037 2.27601 2.23998 -0.0785
-0.79819 -0.821197 0.110481 2.276 2.2399 -0.0785
-0.79788 -0.820964 0.119204 2.27599 2.23981 -0.0552407
-0.79758 -0.820732 0.125019 2.27599 2.23972 -0.0785
-0.79727 -0.820528 0.119204 2.27598 2.23969 -0.0697778
-0.79697 -0.820354 0.0697778 2.27597 2.23966 -0.0697778
-0.79666 -0.820179 0.0785 2.27597 2.23966 -0.093037
-0.79635 -0.819947 0.110481 2.27596 2.2396 -0.0872222
-0.79605 -0.819714 0.133741 2.27595 2.23955 -0.0785
-0.79574 -0.819482 0.125019 2.27594 2.23949 -0.101759
-0.79544 -0.819278 0.125019 2.27594 2.23946 -0.0872222
-0.79513 -0.819104 0.0872222 2.27593 2.23952 -0.110481
-0.79482 -0.818929 0.093037 2.27592 2.23958 -0.110481
-0.79452 -0.818755 0.101759 2.27591 2.23958 -0.101759
-0.79421 -0.818522 0.125019 2.27591 2.23958 -0.110481
-0.79391 -0.81826 0.110481 2.27592 2.23958 -0.119204
-0.7936 -0.818028 0.133741 2.27592 2.23958 -0.125019
-0.7933 -0.817824 0.110481 2.27593 2.23963 -0.119204
-0.79299 -0.817592 0.093037 2.27593 2.23963 -0.142463
-0.79269 -0.817417 0.093037 2.27594 2.23972 -0.151185
-0.79238 -0.817214 0.125019 2.27594 2.23984 -0.157
-0.79208 -0.816923 0.151185 2.27595 2.23987 -0.165722
-0.79177 -0.816632 0.133741 2.27595 2.23987 -0.174444
-0.79147 -0.816429 0.133741 2.27596 2.23995 -0.165722
-0.79116 -0.816254 0.110481 2.27596 2.24007 -0.183167
-0.79086 -0.81608 0.101759 2.27597 2.24019 -0.183167
-0.79055 -0.815847 0.119204 2.27597 2.24027 -0.197704
-0.79025 -0.815644 0.125019 2.27598 2.24039 -0.206426
-0.78994 -0.815382 0.157 2.27598 2.24045 -0.197704
-0.78964 -0.815033 0.165722 2.27598 2.24056 -0.206426
-0.78933 -0.814713 0.157 2.27599 2.24062 -0.229685
-0.78903 -0.814423 0.133741 2.27599 2.24083 -0.197704
-0.78872 -0.814132 0.133741 2.27599 2.24097 -0.220963
-0.78841 -0.813812 0.151185 2.276 2.24106 -0.206426
-0.78811 -0.813463 0.183167 2.276 2.24106 -0.197704
-0.7878 -0.813172 0.197704 2.276 2.24106 -0.197704
-0.7875 -0.812882 0.188981 2.27601 2.24106 -0.197704
-0.78719 -0.812591 0.183167 2.27601 2.24106 -0.197704
-0.78689 -0.8123 0.197704 2.27601 2.24109 -0.206426
-0.78658 -0.812009 0.165722 2.27602 2.24117 -0.197704
-0.78628 -0.811632 0.183167 2.27602 2.24123 -0.215148
-0.78597 -0.811254 0.183167 2.27602 2.24126 -0.206426
-0.78567 -0.810817 0.206426 2.27603 2.24126 -0.220963
-0.78536 -0.81041 0.229685 2.27603 2.24126 -0.238407
-0.78505 -0.810003 0.215148 2.27603 2.24132 -0.229685
-0.78475 -0.809654 0.188981 2.27603 2.24147 -0.252944
-0.78444 -0.809277 0.197704 2.27604 2.24158 -0.238407
-0.78414 -0.80884 0.206426 2.27604 2.24164 -0.252944
-0.78383 -0.808433 0.220963 2.27604 2.24167 -0.261667
-0.78353 -0.807939 0.229685 2.27604 2.24167 -0.24713
-0.78322 -0.807445 0.206426 2.27604 2.24158 -0.220963
-0.78291 -0.807125 0.220963 2.27605 2.24161 -0.206426
-0.78261 -0.806805 0.188981 2.27605 2.24158 -0.197704
-0.7823 -0.806485 0.206426 2.27605 2.24155 -0.174444
-0.782 -0.806137 0.197704 2.27605 2.24149 -0.183167
-0.78169 -0.805817 0.229685 2.27605 2.24141 -0.157
-0.78139 -0.805439 0.238407 2.27606 2.24129 -0.151185
-0.78108 -0.805119 0.220963 2.27606 2.24117 -0.151185
-0.78077 -0.804799 0.188981 2.27606 2.24106 -0.151185
-0.78047 -0.804508 0.206426 2.27606 2.241 -0.119204
-0.78016 -0.804218 0.183167 2.27606 2.24091 -0.133741
-0.77986 -0.803956 0.188981 2.27606 2.24085 -0.151185
-0.77955 -0.803665 0.174444 2.27606 2.2408 -0.142463
-0.77924 -0.803374 0.197704 2.27606 2.24071 -0.133741
-0.77894 -0.803055 0.206426 2.27606 2.24062 -0.142463
-0.77863 -0.802764 0.183167 2.27606 2.24056 -0.133741
-0.77832 -0.802531 0.157 2.27607 2.24056 -0.157
-0.77802 -0.802299 0.151185 2.27607 2.24056 -0.151185
-0.77771 -0.802066 0.157 2.27607 2.24054 -0.133741
-0.77741 -0.801834 0.165722 2.27607 2.24059 -0.165722
-0.7771 -0.801572 0.151185 2.27607 2.24056 -0.125019
-0.77679 -0.801368 0.157 2.27607 2.24059 -0.133741
-0.77649 -0.801107 0.157 2.27607 2.24059 -0.151185
-0.77618 -0.800816 0.151185 2.27607 2.24053 -0.133741
-0.77587 -0.800642 0.110481 2.27607 2.24056 -0.142463
-0.77557 -0.800438 0.119204 2.27607 2.24053 -0.110481
-0.77526 -0.800234 0.125019 2.27607 2.24053 -0.119204
-0.77496 -0.800031 0.133741 2.27607 2.24048 -0.101759
-0.77465 -0.799798 0.110481 2.27606 2.24042 -0.101759
-0.77434 -0.799595 0.133741 2.27606 2.24036 -0.0872222
-0.77404 -0.799391 0.125019 2.27606 2.24027 -0.0552407
-0.77373 -0.799159 0.125019 2.27606 2.24016 -0.0552407
-0.77342 -0.798955 0.101759 2.27606 2.24007 -0.0465185
-0.77312 -0.798752 0.110481 2.27606 2.23998 -0.0697778
-0.77281 -0.798519 0.0872222 2.27606 2.23981 -0.0610556
-0.7725 -0.798316 0.101759 2.27606 2.23969 -0.0552407
-0.7722 -0.798054 0.133741 2.27606 2.23949 -0.0290741
-0.77189 -0.79785 0.119204 2.27606 2.23934 -0.0377963
-0.77158 -0.797676 0.101759 2.27605 2.2392 0
-0.77128 -0.797502 0.101759 2.27605 2.23908 -0.0552407
-0.77097 -0.797356 0.0872222 2.27605 2.23899 -0.0552407
-0.77066 -0.797182 0.0872222 2.27605 2.23888 0
-0.77036 -0.796978 0.101759 2.27605 2.23873 0
-0.77005 -0.796833 0.0872222 2.27605 2.23865 0
-0.76974 -0.7966 0.119204 2.27604 2.23847 -0.0290741
-0.76944 -0.796397 0.119204 2.27604 2.23838 -0.00581481
-0.76913 -0.796222 0.0872222 2.27604 2.23827 -0.0377963
-0.76882 -0.796077 0.0785 2.27604 2.23821 -0.0552407
-0.76852 -0.795873 0.093037 2.27604 2.23809 -0.0232593
-0.76821 -0.795699 0.0785 2.27603 2.23803 -0.0552407
-0.7679 -0.795495 0.119204 2.27603 2.23795 -0.0377963
-0.7676 -0.795263 0.110481 2.27606 2.23786 -0.0552407
-0.76729 -0.795088 0.0872222 2.27609 2.2378 -0.0377963
-0.76699 -0.794943 0.110481 2.27612 2.2378 -0.0872222
-0.76668 -0.794769 0.0785 2.27616 2.23777 -0.0872222
-0.76638 -0.794623 0.0697778 2.27619 2.23777 -0.0872222
-0.76608 -0.794391 0.110481 2.27623 2.23771 -0.0872222
-0.76577 -0.794158 0.110481 2.27626 2.23766 -0.093037
-0.76547 -0.793925 0.142463 2.2763 2.23766 -0.093037
-0.76516 -0.793751 0.101759 2.27633 2.23769 -0.110481
-0.76486 -0.793577 0.0785 2.27636 2.23771 -0.110481
-0.76455 -0.793373 0.0872222 2.2764 2.23774 -0.110481
-0.76425 -0.79314 0.119204 2.27643 2.23771 -0.110481
-0.76394 -0.79285 0.151185 2.27647 2.23763 -0.119204
-0.76364 -0.792559 0.133741 2.2765 2.23754 -0.110481
-0.76333 -0.792384 0.133741 2.27653 2.23757 -0.119204
-0.76303 -0.79221 0.093037 2.27657 2.23763 -0.110481
-0.76272 -0.792007 0.110481 2.2766 2.23766 -0.110481
-0.76242 -0.791745 0.119204 2.27663 2.23769 -0.133741
-0.76211 -0.791396 0.151185 2.27667 2.23763 -0.157
-0.76181 -0.791105 0.157 2.2767 2.23763 -0.142463
-0.7615 -0.790844 0.125019 2.27673 2.23769 -0.174444
-0.7612 -0.790611 0.119204 2.27677 2.2378 -0.165722
-0.76089 -0.790378 0.125019 2.2768 2.23792 -0.174444
-0.76058 -0.790088 0.133741 2.27683 2.23798 -0.183167
-0.76028 -0.789768 0.165722 2.27686 2.23806 -0.206426
-0.75997 -0.789448 0.183167 2.2769 2.23809 -0.220963
-0.75967 -0.789157 0.174444 2.27693 2.23824 -0.220963
-0.75936 -0.788925 0.151185 2.27696 2.2385 -0.229685
-0.75906 -0.788663 0.125019 2.27699 2.23873 -0.252944
-0.75875 -0.788372 0.142463 2.27702 2.23894 -0.30237
-0.75844 -0.788052 0.174444 2.27706 2.2392 -0.293648
-0.75814 -0.787645 0.215148 2.27709 2.23934 -0.311093
-0.75783 -0.787238 0.220963 2.27712 2.2396 -0.32563
-0.75753 -0.786889 0.174444 2.27715 2.23981 -0.32563
-0.75722 -0.786657 0.142463 2.27718 2.24019 -0.343074
-0.75692 -0.786337 0.165722 2.27722 2.24062 -0.334352
-0.75661 -0.785901 0.183167 2.27725 2.24088 -0.348889
-0.7563 -0.785436 0.238407 2.27728 2.24109 -0.357611
-0.756 -0.784971 0.252944 2.27731 2.24129 -0.343074
-0.75569 -0.784476 0.24713 2.27734 2.24152 -0.348889
-0.75538 -0.784069 0.197704 2.27737 2.24176 -0.343074
-0.75508 -0.783633 0.197704 2.2774 2.24202 -0.348889
-0.75477 -0.783139 0.229685 2.27743 2.24222 -0.32563
-0.75447 -0.782645 0.270389 2.27746 2.24234 -0.32563
-0.75416 -0.782092 0.284926 2.27749 2.2424 -0.311093
-0.75385 -0.781511 0.30237 2.27753 2.24228 -0.252944
-0.75355 -0.781017 0.284926 2.27756 2.24225 -0.229685
-0.75324 -0.780551 0.238407 2.27759 2.24216 -0.220963
-0.75293 -0.780086 0.220963 2.27762 2.24199 -0.165722
-0.75263 -0.77965 0.252944 2.27765 2.24184 -0.151185
-0.75232 -0.779098 0.30237 2.27768 2.24152 -0.133741
-0.75201 -0.778458 0.30237 2.27771 2.24112 -0.119204
-0.75171 -0.777935 0.284926 2.27774 2.24077 -0.093037
-0.7514 -0.777469 0.238407 2.27777 2.24048 -0.0785
-0.75109 -0.777004 0.206426 2.2778 2.24022 -0.0785
-0.75079 -0.776568 0.229685 2.27783 2.23998 -0.0872222
-0.75048 -0.776045 0.252944 2.27786 2.23966 -0.110481
-0.75017 -0.775551 0.238407 2.27788 2.2394 -0.093037
-0.74987 -0.775144 0.206426 2.27791 2.2392 -0.110481
-0.74956 -0.774766 0.183167 2.27794 2.23905 -0.125019
-0.74925 -0.774475 0.165722 2.27797 2.23905 -0.133741
-0.74894 -0.774155 0.157 2.278 2.23899 -0.142463
-0.74864 -0.773864 0.183167 2.27803 2.23891 -0.157
-0.74833 -0.773603 0.188981 2.27806 2.23888 -0.165722
-0.74802 -0.773283 0.188981 2.27809 2.23882 -0.151185
-0.74772 -0.77305 0.151185 2.27812 2.23885 -0.157
-0.74741 -0.772847 0.133741 2.27815 2.23891 -0.157
-0.7471 -0.772643 0.125019 2.27817 2.23899 -0.183167
-0.74679 -0.772469 0.119204 2.2782 2.23911 -0.165722
-0.74649 -0.772265 0.133741 2.27823 2.2392 -0.183167
-0.74618 -0.772062 0.142463 2.27826 2.23926 -0.188981
-0.74587 -0.771829 0.125019 2.27829 2.23934 -0.197704
-0.74556 -0.771597 0.142463 2.27831 2.23943 -0.183167
-0.74525 -0.771393 0.125019 2.27834 2.23955 -0.188981
-0.74495 -0.771219 0.125019 2.27837 2.23966 -0.183167
-0.74464 -0.771015 0.119204 2.2784 2.23978 -0.183167
-0.74433 -0.77087 0.101759 2.27843 2.2399 -0.183167
-0.74402 -0.770695 0.093037 2.27845 2.23998 -0.165722
-0.74372 -0.770463 0.142463 2.27848 2.23998 -0.151185
-0.74341 -0.770259 0.142463 2.27851 2.23998 -0.142463
-0.7431 -0.770027 0.157 2.27854 2.23992 -0.110481
-0.74279 -0.769823 0.125019 2.27856 2.23987 -0.0872222
-0.74248 -0.769707 0.0785 2.27859 2.2399 -0.0872222
-0.74218 -0.769561 0.0697778 2.27861 2.23984 -0.0465185
-0.74187 -0.769387 0.110481 2.27864 2.23975 -0.0377963
-0.74156 -0.769183 0.142463 2.27866 2.23963 -0.0785
-0.74125 -0.768893 0.151185 2.27869 2.2394 0
-0.74094 -0.768689 0.142463 2.27871 2.23928 -0.0465185
-0.74063 -0.768544 0.093037 2.27874 2.2392 -0.0610556
-0.74033 -0.768398 0.0697778 2.27876 2.23914 -0.0377963
-0.74002 -0.768253 0.0872222 2.27879 2.23908 -0.0610556
-0.73971 -0.768049 0.133741 2.27881 2.23894 -0.0610556
-0.7394 -0.767846 0.151185 2.27884 2.23885 -0.0697778
-0.73909 -0.767613 0.133741 2.27886 2.23873 -0.0377963
-0.73878 -0.767468 0.110481 2.27889 2.2387 -0.0552407
-0.73848 -0.767294 0.0872222 2.27891 2.23867 -0.0785
-0.73817 -0.76709 0.0872222 2.27893 2.2387 -0.101759
-0.73786 -0.766887 0.110481 2.27896 2.2387 -0.119204
-0.73755 -0.766596 0.133741 2.27898 2.23867 -0.133741
-0.73724 -0.766334 0.133741 2.27901 2.23865 -0.133741
-0.73693 -0.766102 0.133741 2.27903 2.23873 -0.142463
-0.73662 -0.765898 0.119204 2.27905 2.23882 -0.157
-0.73631 -0.765665 0.093037 2.27908 2.23894 -0.165722
-0.736 -0.765491 0.093037 2.2791 2.23911 -0.174444
-0.7357 -0.765229 0.119204 2.27912 2.23926 -0.197704
-0.73539 -0.764909 0.157 2.27915 2.23937 -0.215148
-0.73508 -0.764532 0.165722 2.27917 2.2394 -0.252944
-0.73477 -0.764241 0.174444 2.27919 2.2396 -0.252944
-0.73446 -0.764008 0.151185 2.27922 2.23978 -0.261667
-0.73415 -0.763834 0.110481 2.27924 2.24007 -0.279111
-0.73384 -0.76363 0.125019 2.27926 2.24039 -0.279111
-0.73353 -0.763252 0.174444 2.27929 2.24068 -0.30237
-0.73322 -0.762816 0.229685 2.27931 2.2408 -0.311093
-0.73291 -0.762409 0.220963 2.27933 2.241 -0.32563
-0.7326 -0.76206 0.197704 2.27935 2.24129 -0.316907
-0.73229 -0.76174 0.165722 2.27938 2.24149 -0.32563
-0.73199 -0.761421 0.151185 2.2794 2.24184 -0.316907
-0.73168 -0.760984 0.197704 2.27942 2.24196 -0.30237
-0.73137 -0.760519 0.24713 2.27944 2.24211 -0.30237
-0.73106 -0.759967 0.252944 2.27946 2.24216 -0.316907
-0.73075 -0.759502 0.252944 2.27949 2.24225 -0.293648
-0.73044 -0.759007 0.252944 2.27951 2.24234 -0.311093
-0.73013 -0.7586 0.215148 2.27953 2.24257 -0.30237
-0.72982 -0.758135 0.220963 2.27955 2.24272 -0.316907
-0.72951 -0.757583 0.261667 2.27957 2.24283 -0.343074
-0.7292 -0.757001 0.284926 2.27959 2.24292 -0.316907
-0.72889 -0.756449 0.30237 2.27962 2.24292 -0.334352
-0.72858 -0.755955 0.270389 2.27964 2.24306 -0.32563
-0.72827 -0.75546 0.252944 2.27966 2.24318 -0.311093
-0.72796 -0.755024 0.220963 2.27968 2.24327 -0.284926
-0.72765 -0.754588 0.270389 2.2797 2.2433 -0.261667
-0.72734 -0.754094 0.284926 2.27972 2.2433 -0.261667
-0.72703 -0.753483 0.30237 2.27974 2.24315 -0.229685
-0.72672 -0.752844 0.293648 2.27976 2.24298 -0.220963
-0.72641 -0.75232 0.252944 2.27978 2.2428 -0.188981
-0.7261 -0.751797 0.238407 2.2798 2.24263 -0.183167
-0.72579 -0.751303 0.252944 2.27982 2.24245 -0.157
-0.72548 -0.750779 0.261667 2.27984 2.24225 -0.165722
-0.72517 -0.750285 0.252944 2.27986 2.24202 -0.157
-0.72486 -0.749733 0.261667 2.27988 2.24176 -0.142463
-0.72455 -0.749326 0.238407 2.2799 2.24158 -0.133741
-0.72424 -0.748919 0.215148 2.27992 2.24149 -0.151185
-0.72393 -0.74857 0.197704 2.27994 2.24141 -0.157
-0.72362 -0.748163 0.197704 2.27996 2.24135 -0.165722
-0.72331 -0.747756 0.188981 2.27998 2.24123 -0.151185
-0.72299 -0.747378 0.197704 2.28 2.24115 -0.174444
-0.72268 -0.747058 0.174444 2.28002 2.24112 -0.174444
-0.72237 -0.746825 0.157 2.28004 2.2412 -0.157
-0.72206 -0.746535 0.119204 2.28006 2.24123 -0.183167
-0.72175 -0.746273 0.125019 2.28008 2.24132 -0.183167
-0.72144 -0.745982 0.151185 2.2801 2.24132 -0.183167
-0.72113 -0.745692 0.165722 2.28012 2.24138 -0.157
-0.72082 -0.745401 0.151185 2.28014 2.24138 -0.174444
-0.72051 -0.745197 0.119204 2.28015 2.24144 -0.151185
-0.7202 -0.745023 0.110481 2.28017 2.24155 -0.157
-0.71989 -0.744819 0.0872222 2.28019 2.24161 -0.125019
-0.71958 -0.744616 0.110481 2.28021 2.24161 -0.125019
-0.71927 -0.744383 0.119204 2.28023 2.24161 -0.0872222
-0.71895 -0.744122 0.133741 2.28025 2.24152 -0.119204
-0.71864 -0.743918 0.119204 2.28027 2.24147 -0.093037
-0.71833 -0.743744 0.110481 2.28028 2.24141 -0.0872222
-0.71802 -0.743598 0.093037 2.2803 2.24138 -0.0785
-0.71771 -0.743453 0.0785 2.28032 2.24132 -0.0465185
-0.7174 -0.743307 0.0872222 2.28034 2.24126 -0.0377963
-0.71709 -0.743133 0.110481 2.28036 2.24117 -0.0232593
-0.71678 -0.742929 0.110481 2.2804 2.24103 -0.0377963
-0.71647 -0.742726 0.101759 2.28044 2.24088 -0.0290741
-0.71615 -0.742522 0.093037 2.28047 2.24077 -0.00581481
-0.71584 -0.742348 0.0610556 2.28051 2.24071 -0.014537
-0.71553 -0.742174 0.0785 2.28055 2.24062 -0.0552407
-0.71522 -0.74197 0.101759 2.28059 2.24054 -0.0290741
-0.71491 -0.741737 0.110481 2.28063 2.24042 -0.0697778
-0.7146 -0.741563 0.119204 2.28066 2.24036 -0.0785
-0.71429 -0.741418 0.093037 2.2807 2.24033 -0.0697778
-0.71397 -0.741301 0.0785 2.28074 2.24036 -0.0872222
-0.71366 -0.741185 0.0872222 2.28078 2.24036 -0.0697778
-0.71335 -0.74104 0.093037 2.28082 2.24036 -0.093037
-0.71304 -0.740836 0.119204 2.28085 2.24033 -0.110481
-0.71273 -0.740662 0.119204 2.28089 2.24033 -0.110481
-0.71242 -0.740487 0.119204 2.28093 2.24033 -0.119204
-0.7121 -0.740342 0.101759 2.28097 2.24039 -0.119204
-0.71179 -0.740197 0.101759 2.281 2.24048 -0.119204
-0.71148 -0.740022 0.110481 2.28104 2.24054 -0.142463
-0.71117 -0.739848 0.093037 2.28108 2.24062 -0.151185
-0.71086 -0.739615 0.119204 2.28111 2.24065 -0.183167
-0.71054 -0.739412 0.119204 2.28115 2.24074 -0.174444
-0.71023 -0.739179 0.133741 2.28119 2.24083 -0.206426
-0.70992 -0.738946 0.142463 2.28122 2.24091 -0.206426
-0.70961 -0.738743 0.142463 2.28126 2.24103 -0.220963
-0.7093 -0.738568 0.119204 2.2813 2.2412 -0.229685
-0.70898 -0.738365 0.125019 2.28133 2.24144 -0.24713
-0.70867 -0.738132 0.142463 2.28137 2.24158 -0.261667
-0.70836 -0.737871 0.157 2.2814 2.24179 -0.261667
-0.70805 -0.737609 0.174444 2.28144 2.24199 -0.270389
-0.70773 -0.737289 0.188981 2.28148 2.24211 -0.279111
-0.70742 -0.737027 0.174444 2.28151 2.24228 -0.261667
-0.70711 -0.736766 0.165722 2.28155 2.24245 -0.270389
-0.70679 -0.736504 0.142463 2.28158 2.24263 -0.270389
-0.70648 -0.736242 0.165722 2.28162 2.24277 -0.252944
-0.70617 -0.735923 0.197704 2.28165 2.24289 -0.252944
-0.70586 -0.735545 0.215148 2.28169 2.24295 -0.252944
-0.70554 -0.735196 0.220963 2.28172 2.24301 -0.270389
-0.70523 -0.734847 0.220963 2.28176 2.24306 -0.252944
-0.70492 -0.734498 0.206426 2.28179 2.24312 -0.252944
-0.7046 -0.734207 0.197704 2.28183 2.24321 -0.252944
-0.70429 -0.733858 0.197704 2.28186 2.24327 -0.252944
-0.70398 -0.73348 0.215148 2.2819 2.2433 -0.252944
-0.70367 -0.733102 0.229685 2.28193 2.2433 -0.220963
-0.70335 -0.732724 0.252944 2.28197 2.24327 -0.252944
-0.70304 -0.732347 0.261667 2.282 2.24324 -0.229685
-0.70273 -0.731969 0.252944 2.28203 2.24321 -0.220963
-0.70241 -0.731591 0.238407 2.28207 2.24318 -0.206426
-0.7021 -0.731242 0.229685 2.2821 2.24315 -0.206426
-0.70178 -0.730893 0.229685 2.28214 2.24309 -0.215148
-0.70147 -0.730544 0.220963 2.28217 2.24306 -0.197704
-0.70116 -0.730166 0.24713 2.2822 2.24298 -0.188981
-0.70084 -0.729788 0.270389 2.28224 2.24286 -0.174444
-0.70053 -0.729352 0.284926 2.28227 2.24269 -0.142463
-0.70022 -0.728887 0.252944 2.2823 2.24251 -0.151185
-0.6999 -0.728538 0.24713 2.28234 2.24237 -0.133741
-0.69959 -0.728189 0.220963 2.28237 2.24225 -0.151185
-0.69928 -0.727811 0.220963 2.2824 2.24208 -0.133741
-0.69896 -0.727433 0.229685 2.28244 2.2419 -0.142463
-0.69865 -0.726997 0.238407 2.28247 2.24173 -0.125019
-0.69833 -0.726619 0.24713 2.2825 2.24152 -0.133741
-0.69802 -0.72627 0.252944 2.28254 2.24135 -0.125019
-0.69771 -0.725892 0.238407 2.28257 2.24117 -0.110481
-0.69739 -0.725572 0.197704 2.2826 2.24106 -0.119204
-0.69708 -0.725223 0.206426 2.28263 2.24091 -0.125019
-0.69676 -0.724904 0.206426 2.28267 2.2408 -0.125019
-0.69645 -0.724555 0.215148 2.2827 2.24065 -0.133741
-0.69613 -0.724206 0.206426 2.28273 2.24056 -0.142463
-0.69582 -0.723886 0.197704 2.28276 2.24051 -0.142463
-0.69551 -0.723566 0.174444 2.28279 2.24042 -0.151185
-0.69519 -0.723246 0.188981 2.28283 2.24036 -0.157
-0.69488 -0.722985 0.183167 2.28286 2.24036 -0.165722
-0.69456 -0.722694 0.174444 2.28289 2.24036 -0.151185
-0.69425 -0.722432 0.157 2.28292 2.24036 -0.165722
-0.69393 -0.7222 0.157 2.28295 2.24036 -0.165722
-0.69362 -0.721909 0.157 2.28298 2.24042 -0.157
-0.6933 -0.721531 0.183167 2.28301 2.24036 -0.183167
-0.69299 -0.721211 0.174444 2.28305 2.24045 -0.183167
-0.69267 -0.720891 0.125019 2.28306 2.24053 -0.183167
-0.69236 -0.720572 0.119204 2.28306 2.24062 -0.188981
-0.69205 -0.720223 0.142463 2.28307 2.24068 -0.188981
-0.69173 -0.719845 0.183167 2.28307 2.24068 -0.174444
-0.69142 -0.719496 0.183167 2.28307 2.24062 -0.142463
-0.6911 -0.719263 0.133741 2.28308 2.24065 -0.142463
-0.69079 -0.719089 0.110481 2.28308 2.24071 -0.151185
-0.69047 -0.718856 0.133741 2.28308 2.24068 -0.119204
-0.69016 -0.718653 0.133741 2.28308 2.24068 -0.125019
-0.68984 -0.718391 0.174444 2.28309 2.24059 -0.125019
-0.68953 -0.718129 0.157 2.28309 2.24053 -0.125019
-0.68922 -0.717897 0.142463 2.28309 2.24051 -0.125019
-0.6889 -0.717635 0.151185 2.28309 2.24048 -0.125019
-0.68859 -0.717402 0.157 2.2831 2.24051 -0.142463
-0.68827 -0.717141 0.142463 2.2831 2.24053 -0.151185
-0.68796 -0.71685 0.151185 2.2831 2.24056 -0.151185
-0.68764 -0.716588 0.125019 2.2831 2.24065 -0.165722
-0.68733 -0.716327 0.142463 2.28311 2.24074 -0.188981
-0.68701 -0.716065 0.165722 2.28311 2.24085 -0.197704
-0.6867 -0.715774 0.165722 2.28311 2.24091 -0.229685
-0.68638 -0.715542 0.133741 2.28311 2.24112 -0.220963
-0.68607 -0.715338 0.101759 2.28311 2.24138 -0.252944
-0.68575 -0.715135 0.125019 2.28311 2.24164 -0.261667
-0.68544 -0.714873 0.157 2.28311 2.24193 -0.293648
-0.68512 -0.714466 0.174444 2.28312 2.24208 -0.284926
-0.68481 -0.714146 0.165722 2.28312 2.24234 -0.30237
-0.68449 -0.713855 0.133741 2.28312 2.24266 -0.311093
-0.68418 -0.713594 0.142463 2.28312 2.24289 -0.293648
-0.68386 -0.713303 0.165722 2.28312 2.24312 -0.30237
-0.68355 -0.712954 0.206426 2.28312 2.24338 -0.293648
-0.68323 -0.712547 0.206426 2.28312 2.2435 -0.293648
-0.68292 -0.712169 0.197704 2.28312 2.24365 -0.270389
-0.6826 -0.71182 0.197704 2.28312 2.24376 -0.24713
-0.68229 -0.711413 0.197704 2.28312 2.24382 -0.229685
-0.68197 -0.711006 0.206426 2.28312 2.24382 -0.229685
-0.68166 -0.710599 0.215148 2.28312 2.24382 -0.206426
-0.68134 -0.710134 0.229685 2.28312 2.24379 -0.197704
-0.68103 -0.709669 0.220963 2.28312 2.2437 -0.206426
-0.68071 -0.709233 0.229685 2.28312 2.24362 -0.197704
-0.6804 -0.708797 0.229685 2.28312 2.24356 -0.206426
-0.68008 -0.708419 0.215148 2.28312 2.24365 -0.229685
-0.67977 -0.707982 0.229685 2.28312 2.24365 -0.238407
-0.67945 -0.707488 0.229685 2.28312 2.24362 -0.229685
-0.67914 -0.706965 0.252944 2.28312 2.24362 -0.252944
-0.67882 -0.706471 0.252944 2.28312 2.24359 -0.24713
-0.67851 -0.706005 0.261667 2.28312 2.24362 -0.252944
-0.67819 -0.705511 0.24713 2.28312 2.24368 -0.279111
-0.67788 -0.705017 0.238407 2.28312 2.24365 -0.252944
-0.67756 -0.704581 0.261667 2.28312 2.24376 -0.270389
-0.67724 -0.704057 0.279111 2.28312 2.24373 -0.279111
-0.67693 -0.703505 0.279111 2.28312 2.24368 -0.238407
-0.67661 -0.703011 0.270389 2.28311 2.24362 -0.252944
-0.6763 -0.702517 0.261667 2.28311 2.2435 -0.229685
-0.67598 -0.702139 0.252944 2.28311 2.24344 -0.215148
-0.67567 -0.701732 0.252944 2.28311 2.24341 -0.206426
-0.67535 -0.701295 0.252944 2.28311 2.24333 -0.220963
-0.67504 -0.700888 0.279111 2.28311 2.24327 -0.206426
-0.67472 -0.700481 0.279111 2.2831 2.24321 -0.238407
-0.6744 -0.700074 0.284926 2.2831 2.24312 -0.206426
-0.67409 -0.699696 0.252944 2.2831 2.24309 -0.215148
-0.67377 -0.699289 0.252944 2.2831 2.24301 -0.220963
-0.67346 -0.698882 0.252944 2.2831 2.24295 -0.220963
-0.67314 -0.698475 0.238407 2.28309 2.24292 -0.197704
-0.67283 -0.698097 0.238407 2.28309 2.24289 -0.220963
-0.67251 -0.697719 0.220963 2.28309 2.24286 -0.206426
-0.67219 -0.697312 0.229685 2.28309 2.2428 -0.215148
-0.67188 -0.696934 0.24713 2.28308 2.24277 -0.220963
-0.67156 -0.696527 0.24713 2.28308 2.24272 -0.197704
-0.67125 -0.696207 0.229685 2.28308 2.24272 -0.215148
-0.67093 -0.695888 0.215148 2.28307 2.24272 -0.206426
-0.67062 -0.695568 0.206426 2.28307 2.24272 -0.197704
-0.6703 -0.695277 0.206426 2.28307 2.24274 -0.206426
-0.66998 -0.694986 0.197704 2.28306 2.24274 -0.188981
-0.66967 -0.694667 0.188981 2.28306 2.24272 -0.206426
-0.66935 -0.694347 0.197704 2.28306 2.24266 -0.165722
-0.66904 -0.694027 0.183167 2.28305 2.24263 -0.165722
-0.66872 -0.693736 0.174444 2.28305 2.2426 -0.174444
-0.6684 -0.693445 0.165722 2.28305 2.24254 -0.142463
-0.66809 -0.693155 0.183167 2.28304 2.24248 -0.142463
-0.66777 -0.692864 0.165722 2.28304 2.24237 -0.110481
-0.66745 -0.692573 0.165722 2.28303 2.24228 -0.119204
-0.66714 -0.692282 0.151185 2.28303 2.24219 -0.093037
-0.66682 -0.691963 0.165722 2.28303 2.24208 -0.101759
-0.66651 -0.691643 0.165722 2.28302 2.24193 -0.110481
-0.66619 -0.69141 0.142463 2.28302 2.24187 -0.0785
-0.66587 -0.691149 0.125019 2.28301 2.24181 -0.110481
-0.66556 -0.690916 0.142463 2.28301 2.24179 -0.101759
-0.66524 -0.690654 0.133741 2.28299 2.24173 -0.110481
-0.66493 -0.690364 0.142463 2.28297 2.24164 -0.110481
-0.66461 -0.690131 0.133741 2.28294 2.24164 -0.119204
-0.6643 -0.689898 0.125019 2.28292 2.24161 -0.125019
-0.66398 -0.689666 0.125019 2.28289 2.24164 -0.119204
-0.66367 -0.689491 0.110481 2.28287 2.24164 -0.125019
-0.66335 -0.689288 0.110481 2.28284 2.2417 -0.133741
-0.66303 -0.689055 0.110481 2.28282 2.24167 -0.142463
-0.66272 -0.688852 0.133741 2.28279 2.24173 -0.142463
-0.6624 -0.688648 0.125019 2.28277 2.24179 -0.142463
-0.66209 -0.688416 0.133741 2.28274 2.24184 -0.157
-0.66177 -0.688241 0.119204 2.28272 2.24199 -0.197704
-0.66146 -0.688038 0.119204 2.28269 2.24219 -0.197704
-0.66114 -0.687805 0.125019 2.28267 2.24234 -0.220963
-0.66083 -0.687572 0.119204 2.28264 2.24263 -0.238407
-0.66051 -0.687311 0.133741 2.28262 2.2428 -0.252944
-0.6602 -0.68702 0.151185 2.28259 2.24306 -0.279111
-0.65988 -0.686729 0.142463 2.28257 2.2433 -0.284926
-0.65957 -0.686497 0.142463 2.28254 2.24353 -0.270389
-0.65925 -0.686264 0.142463 2.28251 2.2437 -0.284926
-0.65894 -0.686032 0.142463 2.28249 2.24391 -0.252944
-0.65862 -0.685741 0.165722 2.28246 2.24408 -0.252944
-0.6583 -0.685479 0.165722 2.28244 2.24423 -0.252944
-0.65799 -0.685188 0.174444 2.28241 2.24429 -0.229685
-0.65767 -0.684898 0.183167 2.28238 2.24446 -0.220963
-0.65736 -0.68452 0.183167 2.28236 2.24455 -0.24713
-0.65704 -0.684113 0.183167 2.28233 2.24463 -0.215148
-0.65673 -0.683706 0.197704 2.2823 2.24463 -0.206426
-0.65641 -0.683328 0.206426 2.28228 2.24466 -0.206426
-0.6561 -0.682862 0.206426 2.28225 2.24461 -0.197704
-0.65578 -0.682426 0.220963 2.28222 2.24455 -0.197704
-0.65547 -0.682048 0.215148 2.2822 2.24455 -0.197704
-0.65515 -0.681641 0.197704 2.28217 2.24449 -0.197704
-0.65483 -0.681234 0.206426 2.28214 2.2444 -0.188981
-0.65452 -0.680827 0.220963 2.28211 2.24434 -0.197704
-0.6542 -0.680391 0.215148 2.28209 2.24429 -0.188981
-0.65389 -0.679955 0.238407 2.28206 2.24414 -0.183167
-0.65357 -0.679519 0.229685 2.28203 2.24408 -0.188981
-0.65326 -0.679141 0.206426 2.282 2.24399 -0.142463
-0.65294 -0.678705 0.197704 2.28198 2.24388 -0.165722
-0.65263 -0.678269 0.220963 2.28195 2.24376 -0.157
-0.65231 -0.677804 0.24713 2.28192 2.24356 -0.151185
-0.652 -0.677367 0.238407 2.28189 2.24338 -0.142463
-0.65168 -0.676902 0.229685 2.28186 2.24318 -0.133741
-0.65136 -0.676466 0.229685 2.28184 2.24301 -0.133741
-0.65105 -0.67603 0.206426 2.28181 2.24277 -0.119204
-0.65073 -0.675623 0.215148 2.28178 2.24263 -0.101759
-0.65042 -0.675187 0.206426 2.28175 2.24237 -0.110481
-0.6501 -0.674809 0.220963 2.28172 2.24225 -0.125019
-0.64979 -0.674402 0.220963 2.28169 2.24208 -0.119204
-0.64947 -0.673966 0.220963 2.28166 2.2419 -0.125019
-0.64916 -0.673617 0.197704 2.28164 2.24179 -0.133741
-0.64884 -0.673268 0.183167 2.28161 2.2417 -0.165722
-0.64852 -0.67289 0.183167 2.28158 2.24161 -0.151185
-0.64821 -0.672541 0.206426 2.28155 2.24155 -0.157
-0.64789 -0.672221 0.197704 2.28152 2.24147 -0.151185
-0.64758 -0.671902 0.197704 2.28149 2.24141 -0.142463
-0.64726 -0.67164 0.174444 2.28146 2.24141 -0.157
-0.64695 -0.671378 0.151185 2.28143 2.24138 -0.165722
-0.64663 -0.671117 0.142463 2.2814 2.24138 -0.151185
-0.64631 -0.670855 0.165722 2.28137 2.24138 -0.151185
-0.646 -0.670593 0.174444 2.28134 2.24135 -0.165722
-0.64568 -0.670332 0.174444 2.28131 2.24135 -0.174444
-0.64537 -0.670099 0.174444 2.28128 2.24138 -0.157
-0.64505 -0.669837 0.133741 2.28125 2.24138 -0.165722
-0.64474 -0.669605 0.142463 2.28122 2.24141 -0.165722
-0.64442 -0.66943 0.133741 2.28119 2.24149 -0.174444
-0.64411 -0.669169 0.157 2.28116 2.24147 -0.165722
-0.64379 -0.668936 0.157 2.28113 2.24149 -0.165722
-0.64347 -0.668703 0.157 2.2811 2.24152 -0.151185
-0.64316 -0.668471 0.151185 2.28107 2.24152 -0.151185
-0.64284 -0.668267 0.125019 2.28104 2.24158 -0.157
-0.64253 -0.668035 0.142463 2.28101 2.24155 -0.125019
-0.64221 -0.667802 0.133741 2.28098 2.24155 -0.142463
-0.6419 -0.667599 0.125019 2.28095 2.24155 -0.125019
-0.64158 -0.667337 0.151185 2.28092 2.24149 -0.119204
-0.64126 -0.667104 0.142463 2.28088 2.24149 -0.110481
-0.64095 -0.666814 0.157 2.28085 2.24141 -0.125019
-0.64063 -0.666581 0.142463 2.28082 2.24135 -0.119204
-0.64032 -0.666377 0.133741 2.28079 2.24132 -0.110481
-0.64 -0.666174 0.119204 2.28076 2.24129 -0.101759
-0.63969 -0.66597 0.119204 2.28072 2.24129 -0.110481
-0.63937 -0.665738 0.133741 2.28068 2.24123 -0.125019
-0.63906 -0.665505 0.125019 2.28064 2.2412 -0.110481
-0.63874 -0.665273 0.157 2.2806 2.24117 -0.142463
-0.63843 -0.66504 0.133741 2.28056 2.24117 -0.110481
-0.63811 -0.664837 0.119204 2.28052 2.2412 -0.151185
-0.6378 -0.664633 0.119204 2.28048 2.24123 -0.142463
-0.63748 -0.664459 0.119204 2.28044 2.24132 -0.157
-0.63717 -0.664226 0.133741 2.2804 2.24138 -0.157
-0.63685 -0.663993 0.142463 2.28035 2.24141 -0.157
-0.63654 -0.663761 0.142463 2.28031 2.24144 -0.165722
-0.63622 -0.663586 0.119204 2.28027 2.24152 -0.174444
-0.63591 -0.663412 0.125019 2.28023 2.24161 -0.183167
-0.63559 -0.663237 0.125019 2.28019 2.2417 -0.183167
-0.63528 -0.663034 0.125019 2.28015 2.24176 -0.183167
-0.63496 -0.66283 0.133741 2.2801 2.24181 -0.165722
-0.63465 -0.662627 0.125019 2.28006 2.24187 -0.157
-0.63433 -0.662423 0.142463 2.28002 2.24193 -0.165722
-0.63402 -0.662191 0.142463 2.27998 2.24199 -0.151185
-0.6337 -0.662016 0.133741 2.27994 2.24205 -0.174444
-0.63339 -0.661813 0.142463 2.27989 2.24211 -0.151185
-0.63307 -0.661638 0.119204 2.27985 2.24219 -0.157
-0.63276 -0.661406 0.133741 2.27981 2.24222 -0.157
-0.63244 -0.661173 0.142463 2.27977 2.24228 -0.151185
-0.63213 -0.660853 0.165722 2.27972 2.24228 -0.183167
-0.63181 -0.660563 0.151185 2.27968 2.24228 -0.157
-0.6315 -0.66033 0.157 2.27964 2.24234 -0.165722
-0.63118 -0.660068 0.151185 2.2796 2.24234 -0.157
-0.63087 -0.659836 0.119204 2.27955 2.24242 -0.157
-0.63055 -0.659545 0.151185 2.27951 2.24245 -0.151185
-0.63024 -0.659225 0.151185 2.27947 2.24242 -0.151185
-0.62992 -0.658876 0.174444 2.27942 2.24237 -0.157
-0.62961 -0.658586 0.188981 2.27938 2.24234 -0.151185
-0.62929 -0.658295 0.142463 2.27934 2.24234 -0.157
-0.62898 -0.658062 0.165722 2.27929 2.24237 -0.165722
-0.62866 -0.65783 0.157 2.27925 2.2424 -0.174444
-0.62835 -0.657597 0.142463 2.27921 2.24242 -0.165722
-0.62803 -0.657306 0.188981 2.27916 2.2424 -0.151185
-0.62772 -0.656987 0.174444 2.27912 2.2424 -0.174444
-0.6274 -0.656638 0.197704 2.27907 2.24234 -0.165722
-0.62709 -0.656347 0.165722 2.27903 2.2424 -0.183167
-0.62677 -0.656027 0.157 2.27899 2.24237 -0.174444
-0.62646 -0.655736 0.174444 2.27894 2.24245 -0.183167
-0.62615 -0.655387 0.183167 2.2789 2.2424 -0.174444
-0.62583 -0.655039 0.188981 2.27885 2.24242 -0.183167
-0.62552 -0.654661 0.220963 2.27881 2.24248 -0.215148
-0.6252 -0.654283 0.174444 2.27876 2.24251 -0.183167
-0.62489 -0.653934 0.174444 2.27872 2.24248 -0.220963
-0.62457 -0.653614 0.174444 2.27867 2.2426 -0.220963
-0.62426 -0.653236 0.183167 2.27863 2.24266 -0.215148
-0.62394 -0.652858 0.215148 2.27858 2.24269 -0.238407
-0.62363 -0.652451 0.206426 2.27854 2.24266 -0.206426
-0.62331 -0.652102 0.206426 2.27849 2.24269 -0.215148
-0.623 -0.651753 0.197704 2.27845 2.24277 -0.215148
-0.62268 -0.651375 0.197704 2.2784 2.24283 -0.197704
-0.62237 -0.650968 0.188981 2.27836 2.2428 -0.215148
-0.62205 -0.650532 0.220963 2.27831 2.24269 -0.183167
-0.62174 -0.650154 0.206426 2.27827 2.2426 -0.188981
-0.62142 -0.649747 0.229685 2.27822 2.24254 -0.157
-0.62111 -0.64934 0.229685 2.27818 2.24245 -0.151185
-0.62079 -0.648933 0.220963 2.27813 2.24234 -0.157
-0.62048 -0.648526 0.215148 2.27808 2.24222 -0.151185
-0.62016 -0.648177 0.206426 2.27804 2.24219 -0.151185
-0.61985 -0.647741 0.206426 2.27799 2.24205 -0.142463
-0.61953 -0.647305 0.215148 2.27795 2.24193 -0.157
-0.61922 -0.64684 0.220963 2.2779 2.24179 -0.157
-0.61891 -0.646491 0.215148 2.27785 2.2417 -0.165722
-0.61859 -0.646171 0.215148 2.27781 2.24167 -0.165722
-0.61828 -0.645851 0.197704 2.27776 2.24161 -0.165722
-0.61796 -0.645531 0.188981 2.27771 2.24155 -0.165722
-0.61765 -0.645212 0.206426 2.27767 2.24149 -0.165722
-0.61733 -0.644921 0.188981 2.27762 2.24147 -0.157
-0.61702 -0.644601 0.188981 2.27757 2.24144 -0.142463
-0.6167 -0.644223 0.183167 2.27753 2.24135 -0.142463
-0.61639 -0.643845 0.188981 2.27748 2.24123 -0.125019
-0.61607 -0.643525 0.188981 2.27743 2.24117 -0.125019
-0.61576 -0.643176 0.174444 2.27738 2.24112 -0.142463
-0.61544 -0.642827 0.174444 2.27734 2.241 -0.142463
-0.61513 -0.642537 0.142463 2.27729 2.24097 -0.125019
-0.61481 -0.642217 0.183167 2.27724 2.24088 -0.125019
-0.6145 -0.641897 0.157 2.27719 2.2408 -0.110481
-0.61419 -0.641606 0.165722 2.27712 2.24068 -0.119204
-0.61388 -0.641345 0.157 2.27705 2.24062 -0.093037
-0.61356 -0.641054 0.133741 2.27698 2.24054 -0.110481
-0.61325 -0.640763 0.151185 2.27691 2.24042 -0.0872222
-0.61294 -0.640472 0.142463 2.27684 2.2403 -0.093037
-0.61263 -0.640182 0.142463 2.27677 2.24016 -0.0785
-0.61231 -0.639949 0.157 2.2767 2.24007 -0.0610556
-0.612 -0.639687 0.142463 2.27663 2.23995 -0.0610556
-0.61169 -0.639426 0.125019 2.27656 2.23981 -0.0552407
-0.61138 -0.639164 0.125019 2.27649 2.23969 -0.0785
-0.61107 -0.638932 0.142463 2.27642 2.23952 -0.0697778
-0.61075 -0.63867 0.133741 2.27635 2.23937 -0.0290741
-0.61044 -0.638408 0.142463 2.27628 2.23923 -0.0785
-0.61013 -0.638176 0.125019 2.27621 2.23908 -0.0552407
-0.60982 -0.637972 0.125019 2.27614 2.23897 -0.0610556
-0.6095 -0.637798 0.125019 2.27607 2.23888 -0.0377963
-0.60919 -0.637594 0.119204 2.276 2.23876 -0.0785
-0.60888 -0.637362 0.119204 2.27593 2.23862 -0.0785
-0.60857 -0.637187 0.133741 2.27586 2.23853 -0.0552407
-0.60826 -0.636984 0.142463 2.27579 2.23841 -0.0697778
-0.60794 -0.636751 0.142463 2.27572 2.2383 -0.0785
-0.60763 -0.636577 0.133741 2.27565 2.23824 -0.0697778
-0.60732 -0.636402 0.110481 2.27558 2.23818 -0.093037
-0.60701 -0.636257 0.110481 2.27551 2.23815 -0.093037
-0.6067 -0.636053 0.110481 2.27543 2.23809 -0.0872222
-0.60638 -0.635821 0.125019 2.27536 2.23803 -0.093037
-0.60607 -0.635588 0.133741 2.27529 2.23795 -0.101759
-0.60576 -0.635355 0.165722 2.27522 2.23789 -0.110481
-0.60545 -0.635123 0.142463 2.27515 2.23786 -0.119204
-0.60514 -0.634977 0.119204 2.27508 2.23789 -0.110481
-0.60482 -0.634803 0.110481 2.27501 2.23792 -0.125019
-0.60451 -0.634599 0.110481 2.27494 2.23795 -0.125019
-0.6042 -0.634396 0.125019 2.27486 2.23798 -0.133741
-0.60389 -0.634134 0.151185 2.27479 2.23792 -0.142463
-0.60358 -0.633902 0.151185 2.27472 2.23792 -0.151185
-0.60327 -0.633669 0.142463 2.27465 2.23795 -0.151185
-0.60295 -0.633466 0.151185 2.27458 2.23803 -0.165722
-0.60264 -0.633204 0.125019 2.2745 2.23806 -0.183167
-0.60233 -0.633029 0.125019 2.27443 2.23818 -0.183167
-0.60202 -0.632826 0.142463 2.27436 2.23827 -0.220963
-0.60171 -0.632564 0.133741 2.27429 2.23833 -0.197704
-0.6014 -0.632303 0.165722 2.27421 2.23841 -0.215148
-0.60108 -0.632041 0.165722 2.27414 2.23853 -0.229685
-0.60077 -0.63175 0.165722 2.27407 2.23862 -0.238407
-0.60046 -0.631518 0.165722 2.274 2.23879 -0.238407
-0.60015 -0.631256 0.125019 2.27392 2.23897 -0.252944
-0.59984 -0.630994 0.157 2.27385 2.23914 -0.252944
-0.59953 -0.630733 0.151185 2.27378 2.23928 -0.24713
-0.59921 -0.630413 0.183167 2.2737 2.2394 -0.238407
-0.5989 -0.630064 0.197704 2.27363 2.23946 -0.270389
-0.59859 -0.629744 0.206426 2.27356 2.23955 -0.252944
-0.59828 -0.629453 0.197704 2.27348 2.23966 -0.238407
-0.59797 -0.629163 0.165722 2.27341 2.23978 -0.252944
-0.59766 -0.62893 0.188981 2.27334 2.2399 -0.24713
-0.59735 -0.628639 0.183167 2.27326 2.23998 -0.24713
-0.59703 -0.62829 0.206426 2.27319 2.24004 -0.229685
-0.59672 -0.627942 0.229685 2.27312 2.24004 -0.252944
-0.59641 -0.627564 0.206426 2.27304 2.2401 -0.252944
-0.5961 -0.627273 0.220963 2.27297 2.24022 -0.252944
-0.59579 -0.626953 0.206426 2.27289 2.2403 -0.284926
-0.59548 -0.626604 0.215148 2.27282 2.24039 -0.261667
-0.59517 -0.626255 0.197704 2.27275 2.24059 -0.284926
-0.59486 -0.625761 0.220963 2.27267 2.24071 -0.270389
-0.59454 -0.625325 0.220963 2.2726 2.24068 -0.238407
-0.59423 -0.624889 0.24713 2.27252 2.24071 -0.252944
-0.59392 -0.624307 0.284926 2.27244 2.24056 -0.229685
-0.59361 -0.623929 0.229685 2.27236 2.24053 -0.206426
-0.5933 -0.623464 0.229685 2.27228 2.24042 -0.174444
-0.59299 -0.623115 0.229685 2.27219 2.24036 -0.183167
-0.59268 -0.622679 0.238407 2.27211 2.24022 -0.157
-0.59237 -0.622301 0.252944 2.27203 2.24004 -0.157
-0.59206 -0.621865 0.252944 2.27194 2.23981 -0.119204
-0.59175 -0.621458 0.252944 2.27186 2.2396 -0.125019
-0.59144 -0.62108 0.238407 2.27178 2.2394 -0.119204
-0.59113 -0.620673 0.229685 2.27169 2.2392 -0.101759
-0.59082 -0.620266 0.220963 2.27161 2.23896 -0.093037
-0.59051 -0.61983 0.220963 2.27153 2.23873 -0.110481
-0.5902 -0.619394 0.24713 2.27144 2.2385 -0.0872222
-0.58989 -0.618899 0.238407 2.27136 2.23821 -0.093037
-0.58958 -0.618551 0.215148 2.27127 2.23803 -0.125019
-0.58927 -0.618231 0.197704 2.27119 2.23789 -0.119204
-0.58896 -0.617882 0.188981 2.2711 2.23771 -0.101759
-0.58866 -0.617562 0.188981 2.27102 2.23757 -0.101759
-0.58835 -0.617155 0.197704 2.27093 2.23737 -0.119204
-0.58804 -0.616806 0.206426 2.27085 2.23722 -0.110481
-0.58773 -0.616428 0.183167 2.27077 2.23708 -0.101759
-0.58742 -0.616108 0.197704 2.27068 2.23699 -0.119204
-0.58711 -0.61573 0.165722 2.2706 2.23684 -0.119204
-0.5868 -0.615498 0.157 2.27051 2.23678 -0.133741
-0.58649 -0.615236 0.157 2.27043 2.23678 -0.110481
-0.58618 -0.614916 0.183167 2.27034 2.23667 -0.119204
-0.58587 -0.614655 0.174444 2.27026 2.23661 -0.142463
-0.58556 -0.614364 0.174444 2.27017 2.23655 -0.133741
-0.58525 -0.614073 0.151185 2.27008 2.23652 -0.125019
-0.58494 -0.613753 0.142463 2.27 2.23649 -0.133741
-0.58463 -0.613492 0.125019 2.26991 2.23649 -0.119204
-0.58432 -0.613201 0.151185 2.26983 2.23646 -0.133741
-0.58401 -0.612881 0.174444 2.26974 2.23644 -0.142463
-0.5837 -0.612561 0.157 2.26966 2.23641 -0.125019
-0.58339 -0.6123 0.125019 2.26957 2.23638 -0.119204
-0.58309 -0.612096 0.119204 2.26948 2.23641 -0.101759
-0.58278 -0.611834 0.133741 2.2694 2.23638 -0.110481
-0.58247 -0.611573 0.151185 2.26931 2.23641 -0.125019
-0.58216 -0.611282 0.142463 2.26923 2.23635 -0.142463
-0.58185 -0.611049 0.125019 2.26914 2.23632 -0.093037
-0.58154 -0.610817 0.101759 2.26905 2.23632 -0.110481
-0.58123 -0.610584 0.110481 2.26897 2.23626 -0.093037
-0.58092 -0.610323 0.125019 2.26888 2.2362 -0.125019
-0.58061 -0.610061 0.142463 2.26879 2.23614 -0.093037
-0.5803 -0.609828 0.125019 2.26871 2.23603 -0.0465185
-0.57999 -0.609596 0.101759 2.26862 2.23603 -0.110481
-0.57969 -0.609392 0.125019 2.26853 2.23597 -0.0552407
-0.57938 -0.60916 0.110481 2.26845 2.23585 -0.0872222
-0.57907 -0.608898 0.119204 2.26836 2.23574 -0.0697778
-0.57876 -0.608694 0.119204 2.26827 2.23568 -0.0872222
-0.57845 -0.608462 0.125019 2.26819 2.23559 -0.0697778
-0.57814 -0.6082 0.142463 2.2681 2.23551 -0.0872222
-0.57783 -0.607968 0.125019 2.26801 2.23542 -0.0785
-0.57752 -0.607764 0.119204 2.26792 2.23539 -0.093037
-0.57722 -0.60759 0.093037 2.26784 2.23539 -0.101759
-0.57691 -0.607299 0.133741 2.26775 2.23533 -0.093037
-0.5766 -0.607037 0.151185 2.26766 2.23527 -0.093037
-0.57629 -0.606776 0.157 2.26757 2.23524 -0.119204
-0.57598 -0.606572 0.110481 2.26749 2.23527 -0.093037
-0.57568 -0.606398 0.093037 2.26737 2.23533 -0.133741
-0.57537 -0.606165 0.101759 2.26725 2.23539 -0.125019
-0.57507 -0.605874 0.133741 2.26712 2.23536 -0.142463
-0.57477 -0.605584 0.165722 2.26699 2.23533 -0.142463
-0.57446 -0.605293 0.151185 2.26687 2.2353 -0.133741
-0.57416 -0.605089 0.119204 2.26674 2.23536 -0.151185
-0.57386 -0.604915 0.101759 2.26662 2.23548 -0.157
-0.57355 -0.604653 0.119204 2.26649 2.23551 -0.133741
-0.57325 -0.604362 0.142463 2.26637 2.23553 -0.157
-0.57295 -0.604014 0.151185 2.26624 2.23553 -0.142463
-0.57264 -0.603694 0.133741 2.26611 2.23553 -0.157
-0.57234 -0.603403 0.174444 2.26599 2.23556 -0.151185
-0.57204 -0.603112 0.157 2.26586 2.23565 -0.174444
-0.57173 -0.602851 0.142463 2.26574 2.23571 -0.188981
-0.57143 -0.602589 0.133741 2.26561 2.23583 -0.188981
-0.57113 -0.602269 0.174444 2.26548 2.23591 -0.197704
-0.57083 -0.601862 0.197704 2.26536 2.23594 -0.206426
-0.57052 -0.601426 0.183167 2.26523 2.23591 -0.206426
-0.57022 -0.601106 0.165722 2.26511 2.23597 -0.197704
-0.56992 -0.600844 0.133741 2.26498 2.23606 -0.206426
-0.56961 -0.600583 0.165722 2.26485 2.23614 -0.215148
-0.56931 -0.600263 0.188981 2.26473 2.23614 -0.197704
-0.56901 -0.599914 0.220963 2.2646 2.23612 -0.188981
-0.56871 -0.599594 0.206426 2.26447 2.23606 -0.174444
-0.5684 -0.599245 0.215148 2.26434 2.23603 -0.174444
-0.5681 -0.598984 0.157 2.26422 2.23603 -0.165722
-0.5678 -0.598722 0.174444 2.26409 2.23603 -0.174444
-0.5675 -0.598402 0.183167 2.26396 2.23597 -0.157
-0.56719 -0.598082 0.229685 2.26384 2.23591 -0.174444
-0.56689 -0.597763 0.215148 2.26371 2.23583 -0.165722
-0.56659 -0.597443 0.215148 2.26358 2.2358 -0.151185
-0.56629 -0.597123 0.188981 2.26345 2.23574 -0.165722
-0.56599 -0.596832 0.188981 2.26333 2.23574 -0.174444
-0.56568 -0.596512 0.174444 2.2632 2.23571 -0.157
-0.56538 -0.596193 0.183167 2.26307 2.23568 -0.183167
-0.56508 -0.595902 0.174444 2.26294 2.23568 -0.188981
-0.56478 -0.595553 0.188981 2.26282 2.23568 -0.197704
-0.56448 -0.595146 0.215148 2.26269 2.23562 -0.174444
-0.56417 -0.594797 0.229685 2.26256 2.23562 -0.197704
-0.56387 -0.594448 0.188981 2.26243 2.23562 -0.197704
-0.56357 -0.594157 0.183167 2.2623 2.23571 -0.197704
