angle_1_e angle_1_t d_theta_1_t angle_2_e angle_2_t d_theta_2_t
-1.2963 -1.29877 0 2.39752 2.37311 0
-1.29616 -1.29877 0 2.39732 2.37311 0
-1.29602 -1.29877 0 2.39711 2.37311 0
-1.29588 -1.29877 0 2.3969 2.37314 -0.0610556
-1.29574 -1.29877 0 2.3967 2.37317 -0.014537
-1.29559 -1.29877 0 2.39649 2.3732 0
-1.29545 -1.29877 0 2.39629 2.37323 -0.0377963
-1.29531 -1.29877 0 2.39608 2.37329 -0.0465185
-1.29517 -1.29877 0 2.39587 2.37337 -0.0465185
-1.29503 -1.29877 0 2.39567 2.37346 -0.0697778
-1.29489 -1.29877 0 2.39546 2.37355 -0.0232593
-1.29475 -1.29877 0 2.39526 2.37364 -0.0610556
-1.29461 -1.29877 0 2.39505 2.37375 -0.0465185
-1.29447 -1.29874 0 2.39484 2.37384 -0.0465185
-1.29433 -1.29874 0 2.39464 2.37393 -0.0465185
-1.29418 -1.29871 0 2.39443 2.37425 -0.0465185
-1.29404 -1.29848 0.0290741 2.39422 2.37407 -0.0465185
-1.2939 -1.29839 0.0232593 2.39402 2.37404 0
-1.29376 -1.2983 0 2.39381 2.37396 0
-1.29362 -1.29822 0.0377963 2.39361 2.3739 0
-1.29348 -1.29813 0.0697778 2.3934 2.37384 -0.0290741
-1.29334 -1.29804 0.0377963 2.39319 2.37378 -0.0377963
-1.2932 -1.29798 0.00581481 2.39299 2.37372 0
-1.29306 -1.2979 0.0552407 2.39278 2.37367 0
-1.29292 -1.29781 0 2.39258 2.37361 0
-1.29278 -1.29775 0 2.39237 2.37355 0
-1.29264 -1.29772 0 2.39216 2.37355 -0.014537
-1.2925 -1.29763 0 2.39196 2.37346 0
-1.29235 -1.29758 0 2.39175 2.37343 -0.0552407
-1.29221 -1.29752 0 2.39154 2.37337 0
-1.29207 -1.29749 0.0465185 2.39134 2.3734 -0.0232593
-1.29193 -1.29743 0 2.39113 2.37335 0
-1.29179 -1.29743 0 2.39093 2.37337 0
-1.29172 -1.2974 0 2.3907 2.37335 0
-1.29165 -1.29731 0.0552407 2.39047 2.37326 0
-1.29159 -1.29728 0.0465185 2.39024 2.37323 0
-1.29152 -1.29726 0.0465185 2.39001 2.3732 0
-1.29146 -1.29726 0 2.38978 2.3732 0
-1.2914 -1.29726 0 2.38955 2.3732 0
-1.29133 -1.29726 0 2.38933 2.3732 0
-1.29127 -1.29723 0 2.3891 2.37317 0
-1.2912 -1.29723 0 2.38887 2.37317 0
-1.29114 -1.2972 0 2.38864 2.37314 0
-1.29108 -1.2972 0 2.38841 2.37314 0
-1.29101 -1.2972 0 2.38818 2.37314 0
-1.29095 -1.29717 0.014537 2.38795 2.37311 0
-1.29088 -1.29717 0 2.38772 2.37311 0
-1.29082 -1.29717 0 2.38749 2.37311 0
-1.29075 -1.29717 0 2.38726 2.37311 0
-1.29069 -1.29717 0 2.38704 2.37311 0
-1.29062 -1.29714 0.0377963 2.38681 2.37308 0
-1.29056 -1.29711 0 2.38658 2.37305 0
-1.29049 -1.29711 0 2.38635 2.37305 0
-1.29043 -1.29711 0 2.38612 2.37305 0
-1.29037 -1.29711 0 2.38589 2.37305 0
-1.2903 -1.29708 0.0377963 2.38566 2.37303 0
-1.29024 -1.29705 0 2.38543 2.373 0
-1.29017 -1.29705 0 2.3852 2.373 0
-1.29011 -1.29705 0 2.38497 2.373 0
-1.29004 -1.29699 0.0232593 2.38474 2.37294 0
-1.28998 -1.29699 0 2.38451 2.37294 0
-1.28991 -1.29696 0 2.38429 2.37291 0
-1.28985 -1.29696 0 2.38406 2.37291 0
-1.28978 -1.29694 0 2.38383 2.37288 0
-1.28972 -1.29691 0 2.3836 2.37285 0
-1.28965 -1.29691 0 2.38337 2.37285 0
-1.28959 -1.29688 0 2.38314 2.37282 0
-1.28952 -1.29688 0 2.38291 2.37282 0
-1.28946 -1.29685 0.0552407 2.38268 2.37279 0
-1.28939 -1.29682 0 2.38245 2.37276 0
-1.28933 -1.29682 0.0232593 2.38222 2.37276 0
-1.28926 -1.29682 0 2.38199 2.37276 0
-1.2892 -1.29682 0 2.38176 2.37276 0
-1.28913 -1.29679 0.0290741 2.38154 2.37273 0
-1.28907 -1.29679 0 2.38131 2.37273 0
-1.289 -1.29679 0 2.38108 2.37273 0
-1.28894 -1.29676 0.0290741 2.38085 2.37271 0
-1.28887 -1.29676 0 2.38062 2.37271 0
-1.28881 -1.29673 0 2.38039 2.37268 0
-1.28874 -1.29673 0 2.38016 2.37268 0
-1.28868 -1.29673 0 2.37993 2.37268 0
-1.28861 -1.29673 0 2.3797 2.37268 0
-1.28854 -1.29667 0 2.37947 2.37262 0
-1.28848 -1.29667 0 2.37924 2.37262 0
-1.28841 -1.29667 0 2.37901 2.37262 0
-1.28835 -1.29665 0.00581481 2.37878 2.37259 0
-1.28828 -1.29665 0 2.37855 2.37259 0
-1.28822 -1.29662 0.0465185 2.37833 2.37256 0
-1.28816 -1.29662 0 2.37809 2.37256 0
-1.28813 -1.29662 0 2.37785 2.37256 0
-1.2881 -1.29662 0 2.37761 2.37256 0
-1.28807 -1.29659 0 2.37737 2.37253 0
-1.28804 -1.29656 0.0290741 2.37713 2.3725 0
-1.28801 -1.29653 0 2.37689 2.37247 0
-1.28799 -1.29653 0 2.37665 2.37247 0
-1.28796 -1.29653 0 2.37641 2.37247 0
-1.28793 -1.2965 0 2.37617 2.37244 0
-1.2879 -1.29647 0 2.37593 2.37242 0
-1.28787 -1.29647 0 2.37569 2.37239 0
-1.28784 -1.29644 0.0377963 2.37545 2.37236 0
-1.28781 -1.29641 0 2.37521 2.37233 0
-1.28778 -1.29641 0 2.37497 2.37233 0
-1.28775 -1.29641 0 2.37473 2.37233 0
-1.28772 -1.29635 0 2.37449 2.37227 0
-1.28769 -1.29635 0 2.37425 2.37227 0
-1.28766 -1.29633 0 2.37401 2.37224 0
-1.28763 -1.2963 0.014537 2.37377 2.37221 0
-1.2876 -1.29627 0 2.37353 2.37218 0
-1.28757 -1.29627 0 2.37329 2.37218 0
-1.28754 -1.29627 0 2.37305 2.37218 0
-1.28751 -1.29627 0 2.3728 2.37218 0
-1.28748 -1.29624 0 2.37256 2.37215 0
-1.28745 -1.29621 0.0377963 2.37232 2.37212 0
-1.28742 -1.29621 0 2.37208 2.37212 0
-1.28738 -1.29621 0 2.37184 2.37212 0
-1.28735 -1.29621 0 2.3716 2.37212 0
-1.28732 -1.29618 0 2.37136 2.3721 0
-1.28729 -1.29618 0 2.37112 2.3721 0
-1.28726 -1.29618 0 2.37088 2.3721 0
-1.28723 -1.29615 0.0610556 2.37064 2.37207 0
-1.2872 -1.29615 0 2.3704 2.37207 0
-1.28717 -1.29615 0 2.37016 2.37207 0
-1.28714 -1.29615 0 2.36992 2.37207 0
-1.28711 -1.29615 0 2.36968 2.37207 0
-1.28708 -1.29615 0 2.36944 2.37207 0
-1.28705 -1.29615 0 2.3692 2.37207 0
-1.28701 -1.29615 0 2.36896 2.37207 0
-1.28698 -1.29612 0 2.36872 2.37204 0
-1.28695 -1.29612 0 2.36848 2.37204 0
-1.28692 -1.29612 0 2.36824 2.37204 0
-1.28689 -1.29612 0 2.36799 2.37204 0
-1.28686 -1.29609 0 2.36775 2.37201 0
-1.28683 -1.29609 0 2.36751 2.37201 0
-1.2868 -1.29609 0 2.36727 2.37201 0
-1.28676 -1.29603 0 2.36703 2.37192 0.0465185
-1.28673 -1.29603 0 2.36679 2.37192 0
-1.2867 -1.29601 0.014537 2.36655 2.37189 0
-1.28667 -1.29601 0 2.36631 2.37189 0
-1.28664 -1.29598 0.0232593 2.36607 2.37186 0
-1.28661 -1.29598 0 2.36583 2.37186 0
-1.28657 -1.29598 0 2.36559 2.37186 0
-1.28654 -1.29595 0 2.36535 2.37183 0
-1.28651 -1.29595 0 2.36511 2.37183 0
-1.28648 -1.29592 0 2.36487 2.3718 0
-1.28645 -1.29589 0.0465185 2.36463 2.37175 0
-1.28641 -1.29589 0 2.36438 2.37175 0
-1.28638 -1.29586 0.0465185 2.36414 2.37172 0
-1.28635 -1.29586 0 2.3639 2.37172 0
-1.28632 -1.29586 0 2.36366 2.37172 0
-1.28628 -1.29586 0 2.36342 2.37169 0
-1.28625 -1.29586 0 2.36318 2.37169 0
-1.28622 -1.29586 0 2.36294 2.37169 0
-1.28619 -1.29586 0 2.3627 2.37169 0
-1.28616 -1.29586 0 2.36246 2.37166 0
-1.28612 -1.29583 0.0610556 2.36222 2.37163 0.0290741
-1.28609 -1.29583 0 2.36198 2.37163 0
-1.28606 -1.29583 0 2.36174 2.37163 0
-1.28602 -1.29583 0 2.3615 2.3716 0.0377963
-1.28599 -1.29583 0 2.36125 2.3716 0
-1.28596 -1.29583 0 2.36101 2.37157 0
-1.28593 -1.29583 0 2.36077 2.37157 0
-1.28589 -1.29583 0 2.36053 2.37157 0
-1.28588 -1.29583 0 2.36028 2.37151 0.0232593
-1.28588 -1.29583 0 2.36004 2.37151 0
-1.28587 -1.29583 0 2.35979 2.37151 0
-1.28586 -1.2958 0 2.35954 2.37146 0.0465185
-1.28585 -1.2958 0 2.35929 2.37146 0
-1.28585 -1.2958 0 2.35904 2.37146 0
-1.28584 -1.29577 0 2.35879 2.3714 0.0377963
-1.28583 -1.29577 0 2.35854 2.3714 0
-1.28582 -1.29577 0 2.35829 2.37137 0
-1.28582 -1.29577 0 2.35804 2.37137 0
-1.28581 -1.29577 0 2.35779 2.37134 0.0232593
-1.2858 -1.29571 0.0610556 2.35755 2.37125 0
-1.28579 -1.29571 0 2.3573 2.37125 0
-1.28578 -1.29571 0 2.35705 2.37122 0.00581481
-1.28578 -1.29571 0 2.3568 2.37119 0
-1.28577 -1.29571 0 2.35655 2.37119 0
-1.28576 -1.29571 0 2.3563 2.37116 0.00581481
-1.28575 -1.29571 0 2.35605 2.37114 0.0377963
-1.28574 -1.29571 0 2.3558 2.37108 0.0552407
-1.28573 -1.29571 0 2.35555 2.37105 0
-1.28573 -1.29571 0 2.3553 2.37102 0
-1.28572 -1.29569 0 2.35506 2.37096 0
-1.28571 -1.29569 0 2.35481 2.37093 0.0465185
-1.2857 -1.29569 0 2.35456 2.37087 0
-1.28569 -1.29569 0 2.35431 2.37085 0
-1.28568 -1.29569 0 2.35406 2.37082 0.0465185
-1.28567 -1.29569 0 2.35381 2.37079 0.0552407
-1.28566 -1.29569 0 2.35356 2.37073 0
-1.28565 -1.29569 0 2.35331 2.3707 0.0552407
-1.28565 -1.29569 0 2.35306 2.37067 0
-1.28564 -1.29569 0 2.35281 2.37064 0
-1.28563 -1.29569 0 2.35256 2.37058 0
-1.28562 -1.29569 0 2.35232 2.37053 0.0465185
-1.28561 -1.29569 0 2.35207 2.3705 0
-1.2856 -1.29569 0 2.35182 2.37047 0
-1.28559 -1.29569 0 2.35157 2.37041 0.0232593
-1.28558 -1.29569 0 2.35132 2.37038 0.0610556
-1.28557 -1.29569 0 2.35107 2.37035 0
-1.28556 -1.29569 0 2.35082 2.37029 0
-1.28555 -1.29569 0 2.35057 2.37023 0.0552407
-1.28554 -1.29569 0 2.35032 2.37021 0
-1.28553 -1.29569 0 2.35007 2.37018 0.0465185
-1.28552 -1.29569 0 2.34982 2.37009 0.014537
-1.28551 -1.29569 0 2.34957 2.37003 0.0552407
-1.2855 -1.29569 0 2.34932 2.37 0.0552407
-1.28549 -1.29569 0 2.34907 2.36994 0.014537
-1.28548 -1.29569 0 2.34883 2.36989 0
-1.28547 -1.29569 0 2.34858 2.36983 0
-1.28546 -1.29569 0 2.34833 2.3698 0.0552407
-1.28545 -1.29569 0 2.34808 2.36974 0
-1.28544 -1.29569 0 2.34783 2.36968 0
-1.28543 -1.29569 0 2.34758 2.36962 0.014537
-1.28542 -1.29569 0 2.34733 2.36959 0.0290741
-1.28541 -1.29569 0 2.34708 2.36954 0
-1.2854 -1.29569 0 2.34683 2.36948 0.0465185
-1.28538 -1.29569 0 2.34658 2.36942 0.0290741
-1.28537 -1.29569 0 2.34633 2.36936 0
-1.28536 -1.29569 0 2.34608 2.3693 0
-1.28535 -1.29569 0 2.34583 2.36925 0
-1.28534 -1.29569 0 2.34558 2.36916 0.0232593
-1.28533 -1.29569 0 2.34533 2.36907 0.0552407
-1.28532 -1.29569 0 2.34508 2.36901 0.0552407
-1.28531 -1.29569 0 2.34483 2.36896 0
-1.2853 -1.29569 0 2.34459 2.3689 0
-1.28528 -1.29569 0 2.34434 2.36878 0.0377963
-1.28527 -1.29569 0 2.34409 2.36872 0.00581481
-1.28526 -1.29569 0 2.34384 2.36866 0.0377963
-1.28525 -1.29569 0 2.34359 2.36858 0.0552407
-1.28524 -1.29569 0 2.34334 2.36852 0.0465185
-1.28523 -1.29569 0 2.34309 2.36843 0.0610556
-1.28521 -1.29569 0 2.34284 2.36834 0.0290741
-1.2852 -1.29569 0 2.34259 2.36826 0.0552407
-1.28519 -1.29569 0 2.34234 2.3682 0.0552407
-1.28518 -1.29569 0 2.34209 2.36808 0
-1.28517 -1.29569 0 2.34184 2.36797 0.0552407
-1.28515 -1.29569 0 2.34159 2.36788 0.0697778
-1.28514 -1.29569 0 2.34134 2.36779 0.0610556
-1.28513 -1.29569 0 2.34109 2.36768 0.0377963
-1.28512 -1.29569 0 2.34084 2.36756 0.0785
-1.2851 -1.29569 0 2.34059 2.36741 0.0785
-1.28509 -1.29569 0 2.34034 2.3673 0.0697778
-1.28508 -1.29569 0 2.34009 2.36712 0.0610556
-1.28507 -1.29569 0 2.33984 2.36698 0.0552407
-1.28505 -1.29569 0 2.33959 2.3668 0.0610556
-1.28504 -1.29571 0 2.33934 2.36666 0.0872222
-1.28503 -1.29571 0 2.33909 2.36645 0.119204
-1.28504 -1.29571 0 2.33883 2.36625 0.093037
-1.28506 -1.29571 0 2.33857 2.36602 0.110481
-1.28508 -1.29571 0 2.33832 2.36579 0.125019
-1.28509 -1.29574 -0.014537 2.33806 2.36552 0.142463
-1.28511 -1.29574 0 2.3378 2.36523 0.142463
-1.28512 -1.29574 0 2.33754 2.36486 0.165722
-1.28514 -1.29574 0 2.33728 2.36451 0.165722
-1.28515 -1.29577 0 2.33702 2.36413 0.183167
-1.28517 -1.29577 0 2.33676 2.36375 0.206426
-1.28519 -1.29577 0 2.3365 2.36334 0.188981
-1.2852 -1.29577 0 2.33624 2.36294 0.215148
-1.28522 -1.2958 -0.0232593 2.33598 2.36253 0.206426
-1.28523 -1.2958 0 2.33572 2.36206 0.206426
-1.28525 -1.29583 -0.0552407 2.33546 2.36174 0.188981
-1.28526 -1.29583 0 2.3352 2.36137 0.183167
-1.28528 -1.29583 0 2.33494 2.36099 0.188981
-1.28529 -1.29583 0 2.33468 2.36064 0.174444
-1.28531 -1.29586 0 2.33443 2.36035 0.174444
-1.28532 -1.29589 0 2.33417 2.36006 0.157
-1.28533 -1.29592 0 2.33391 2.35971 0.157
-1.28535 -1.29592 0 2.33365 2.35939 0.165722
-1.28536 -1.29595 0 2.33339 2.35907 0.165722
-1.28538 -1.29595 0 2.33313 2.35872 0.183167
-1.28539 -1.29595 0 2.33287 2.35834 0.165722
-1.28541 -1.29595 0 2.33261 2.35797 0.188981
-1.28542 -1.29595 0 2.33235 2.35756 0.206426
-1.28543 -1.29598 0 2.33209 2.35718 0.197704
-1.28545 -1.29598 0 2.33183 2.35674 0.215148
-1.28546 -1.29598 0 2.33157 2.35631 0.215148
-1.28548 -1.29601 0 2.33131 2.35578 0.229685
-1.28549 -1.29601 0 2.33105 2.35512 0.229685
-1.2855 -1.29603 -0.0552407 2.33079 2.35456 0.252944
-1.28552 -1.29603 0 2.33053 2.35398 0.252944
-1.28553 -1.29603 0 2.33027 2.35337 0.229685
-1.28554 -1.29603 0 2.33001 2.35288 0.238407
-1.28556 -1.29609 0 2.32975 2.3525 0.220963
-1.28557 -1.29609 0 2.32949 2.35209 0.197704
-1.28558 -1.29612 -0.014537 2.32923 2.35174 0.183167
-1.28559 -1.29612 0 2.32897 2.35145 0.174444
-1.28561 -1.29615 -0.00581481 2.32871 2.35119 0.125019
-1.28562 -1.29615 0 2.32845 2.35093 0.125019
-1.28563 -1.29615 0 2.32819 2.35073 0.110481
-1.28565 -1.29618 0 2.32793 2.35055 0.093037
-1.28566 -1.29618 -0.0377963 2.32767 2.35038 0.0872222
-1.28567 -1.29618 0 2.32741 2.35023 0.0552407
-1.28568 -1.29618 0 2.32715 2.35006 0.0610556
-1.28569 -1.29618 0 2.32689 2.34991 0.0872222
-1.28571 -1.29618 0 2.32663 2.3498 0.0465185
-1.28572 -1.29618 0 2.32637 2.34965 0.0610556
-1.28573 -1.29618 0 2.32611 2.34953 0.0552407
-1.28574 -1.29615 0 2.32585 2.34939 0.0465185
-1.28575 -1.29615 0 2.32559 2.3493 0.0290741
-1.28577 -1.29612 0 2.32533 2.34918 0.0232593
-1.28578 -1.29612 0 2.32507 2.3491 0.0610556
-1.28579 -1.29612 0 2.32481 2.34904 0.00581481
-1.2858 -1.29612 0 2.32455 2.34898 0.0552407
-1.28581 -1.29612 0 2.32429 2.34895 0
-1.28582 -1.29612 0 2.32403 2.34892 0
-1.28583 -1.29612 0 2.32377 2.34889 0
-1.28585 -1.29612 0 2.32351 2.34887 0
-1.28586 -1.29612 0 2.32325 2.34887 0
-1.28587 -1.29612 0 2.32299 2.34881 0.0290741
-1.28588 -1.29612 0 2.32273 2.34881 0
-1.28589 -1.29612 0 2.32247 2.34878 0
-1.2859 -1.29612 0 2.32221 2.34875 0
-1.28591 -1.29612 0 2.32195 2.34875 0
-1.28592 -1.29612 0 2.32169 2.34872 0
-1.28593 -1.29612 0 2.32143 2.34869 0.0465185
-1.28594 -1.29612 0 2.32117 2.34866 0
-1.28595 -1.29612 0 2.32091 2.34866 0
-1.28596 -1.29612 0 2.32065 2.34863 0.0610556
-1.28597 -1.29612 0 2.32039 2.3486 0
-1.28598 -1.29612 0 2.32013 2.34855 0
-1.28599 -1.29612 0 2.31987 2.34849 0
-1.286 -1.29612 0 2.31961 2.34846 0.0232593
-1.28601 -1.29612 0 2.31935 2.34843 0.0465185
-1.28602 -1.29612 0 2.31909 2.34837 0
-1.28603 -1.29612 0 2.31883 2.34834 0
-1.28604 -1.29612 0 2.31857 2.34831 0.0377963
-1.28605 -1.29612 0 2.31831 2.34825 0
-1.28606 -1.29612 0 2.31805 2.3482 0.0377963
-1.28607 -1.29612 0 2.31779 2.34814 0.0377963
-1.28608 -1.29612 0 2.31753 2.34808 0.0610556
-1.28609 -1.29612 0 2.31727 2.34802 0
-1.2861 -1.29612 0 2.31701 2.34796 0.0377963
-1.28611 -1.29612 0 2.31675 2.34791 0.0232593
-1.28611 -1.29612 0 2.31649 2.34782 0
-1.28612 -1.29612 0 2.31623 2.34776 0
-1.28614 -1.29612 0 2.31596 2.34767 0.0552407
-1.28616 -1.29612 0 2.3157 2.34761 0.0465185
-1.28618 -1.29612 0 2.31543 2.34753 0.0465185
-1.2862 -1.29612 0 2.31517 2.34747 0.0552407
-1.28622 -1.29612 0 2.3149 2.34741 0.0610556
-1.28624 -1.29612 0 2.31464 2.34735 0.0465185
-1.28626 -1.29612 0 2.31437 2.3473 0.0465185
-1.28628 -1.29612 0 2.31411 2.34721 0
-1.2863 -1.29612 0 2.31384 2.34712 0.0552407
-1.28633 -1.29612 0 2.31358 2.34703 0.00581481
-1.28635 -1.29612 0 2.31331 2.34695 0.0232593
-1.28637 -1.29612 0 2.31305 2.34683 0.0232593
-1.28639 -1.29612 0 2.31278 2.34674 0.0232593
-1.28641 -1.29612 0 2.31252 2.34666 0.014537
-1.28643 -1.29612 0 2.31225 2.34654 0.0465185
-1.28644 -1.29615 -0.0232593 2.31199 2.34648 0.0610556
-1.28646 -1.29615 0 2.31172 2.34636 0.0697778
-1.28648 -1.29615 0 2.31146 2.34625 0.0785
-1.2865 -1.29615 0 2.31119 2.34613 0.0610556
-1.28652 -1.29615 0 2.31093 2.34602 0.0785
-1.28654 -1.29615 0 2.31066 2.34587 0.0785
-1.28656 -1.29615 0 2.3104 2.34575 0.0785
-1.28658 -1.29615 0 2.31013 2.34561 0.0785
-1.2866 -1.29615 0 2.30987 2.34549 0.0465185
-1.28662 -1.29618 0 2.3096 2.34538 0.0697778
-1.28664 -1.29618 0 2.30934 2.3452 0.0785
-1.28666 -1.29618 0 2.30907 2.34506 0.0552407
-1.28667 -1.29618 0 2.30881 2.34491 0.0785
-1.28669 -1.29618 0 2.30854 2.34474 0.0785
-1.28671 -1.29621 0 2.30828 2.34462 0.093037
-1.28673 -1.29624 0 2.30801 2.3445 0.0785
-1.28675 -1.29624 0 2.30775 2.34433 0.0610556
-1.28677 -1.29624 0 2.30748 2.34418 0.0697778
-1.28678 -1.29627 -0.0377963 2.30722 2.34404 0.0610556
-1.2868 -1.29627 0 2.30695 2.34386 0.0872222
-1.28682 -1.29627 0 2.30668 2.34369 0.0697778
-1.28684 -1.29627 0 2.30642 2.34349 0.101759
-1.28686 -1.29627 0 2.30615 2.34328 0.110481
-1.28687 -1.2963 0 2.30589 2.34311 0.110481
-1.28689 -1.29633 0 2.30562 2.3429 0.125019
-1.28691 -1.29633 0 2.30536 2.3427 0.0785
-1.28693 -1.29633 0 2.30509 2.34247 0.119204
-1.28694 -1.29635 0 2.30483 2.34221 0.125019
-1.28696 -1.29638 -0.0290741 2.30456 2.342 0.101759
-1.28698 -1.29638 0 2.3043 2.34174 0.125019
-1.28699 -1.29641 0 2.30403 2.34151 0.110481
-1.28701 -1.29641 0 2.30376 2.34128 0.133741
-1.28703 -1.29644 0 2.3035 2.34104 0.125019
-1.28704 -1.29647 0 2.30323 2.34081 0.133741
-1.28706 -1.29647 0 2.30297 2.34052 0.133741
-1.28708 -1.29653 -0.0377963 2.3027 2.34032 0.142463
-1.28709 -1.29656 0 2.30244 2.34 0.142463
-1.28711 -1.29659 -0.0232593 2.30217 2.33965 0.157
-1.28713 -1.29659 0 2.3019 2.3393 0.165722
-1.28714 -1.29662 0 2.30164 2.33889 0.197704
-1.28716 -1.29662 0 2.30137 2.33846 0.206426
-1.28718 -1.29667 0 2.30111 2.33808 0.220963
-1.28719 -1.29673 -0.0290741 2.30084 2.33756 0.238407
-1.28721 -1.29676 0 2.30058 2.33694 0.261667
-1.28722 -1.29679 -0.014537 2.30031 2.33628 0.284926
-1.28724 -1.29685 -0.0290741 2.30004 2.33558 0.30237
-1.28725 -1.29691 -0.0552407 2.29978 2.33491 0.30237
-1.28727 -1.29696 0 2.29951 2.33421 0.284926
-1.28729 -1.29696 0 2.29925 2.33346 0.316907
-1.2873 -1.29705 0 2.29898 2.33276 0.30237
-1.28732 -1.29717 -0.0785 2.29871 2.332 0.343074
-1.28733 -1.29728 -0.0610556 2.29845 2.33104 0.343074
-1.28735 -1.29731 0 2.29818 2.33026 0.375056
-1.28736 -1.29731 0 2.29792 2.32936 0.412852
-1.28738 -1.29737 0 2.29765 2.32851 0.421574
-1.28739 -1.29755 -0.0785 2.29738 2.32758 0.421574
-1.28741 -1.29763 -0.0290741 2.29712 2.32662 0.421574
-1.28742 -1.29766 0 2.29685 2.32563 0.412852
-1.28743 -1.29769 0 2.29659 2.3247 0.412852
-1.28745 -1.29781 -0.0697778 2.29632 2.32398 0.38087
-1.28746 -1.29792 -0.0377963 2.29605 2.32331 0.366333
-1.28748 -1.29798 -0.00581481 2.29579 2.32258 0.334352
-1.28749 -1.29798 0 2.29552 2.32186 0.284926
-1.28751 -1.29804 -0.0465185 2.29526 2.32124 0.261667
-1.28752 -1.2981 -0.0610556 2.29499 2.32081 0.252944
-1.28753 -1.29813 -0.0552407 2.29472 2.32037 0.229685
-1.28755 -1.29813 0 2.29446 2.31997 0.206426
-1.28756 -1.29813 0 2.29419 2.31959 0.183167
-1.28758 -1.29813 0 2.29392 2.31918 0.133741
-1.28759 -1.29813 0 2.29366 2.31872 0.133741
-1.2876 -1.2981 0.0232593 2.29339 2.31834 0.133741
-1.28762 -1.29807 0 2.29313 2.31805 0.0872222
-1.28763 -1.29804 0 2.29286 2.31778 0.0872222
-1.28764 -1.29792 0 2.29259 2.31752 0.0697778
-1.28766 -1.29787 0.00581481 2.29233 2.31729 0.0872222
-1.28767 -1.29787 0 2.29206 2.31717 0.0610556
-1.28768 -1.29784 0 2.29179 2.31703 0
-1.28769 -1.29778 0.00581481 2.29153 2.31694 0.0377963
-1.28771 -1.29778 0 2.29126 2.31691 0.0465185
-1.28772 -1.29778 0 2.29099 2.31691 0
-1.28773 -1.29778 0 2.29073 2.31691 0
-1.28777 -1.29778 0 2.29045 2.31691 0
-1.28782 -1.29778 0 2.29017 2.31691 0
-1.28787 -1.29781 0 2.28989 2.31694 0
-1.28792 -1.29781 0 2.28961 2.31694 0
-1.28797 -1.29781 0 2.28933 2.31694 0
-1.28802 -1.29787 0 2.28905 2.317 0
-1.28807 -1.29787 0 2.28877 2.317 0
-1.28812 -1.29787 0 2.28849 2.31697 0
-1.28816 -1.29787 0 2.28821 2.31697 0
-1.28821 -1.29787 0 2.28793 2.31694 0.0377963
-1.28826 -1.29787 0 2.28765 2.31694 0
-1.28831 -1.29787 0 2.28737 2.31688 0.00581481
-1.28836 -1.29787 0 2.28709 2.31685 0.0377963
-1.2884 -1.29787 0 2.28681 2.31683 0
-1.28845 -1.29787 0 2.28653 2.31677 0
-1.2885 -1.29787 0 2.28625 2.31668 0.0377963
-1.28855 -1.29787 0 2.28597 2.31662 0.014537
-1.28859 -1.29787 0 2.28569 2.31653 0
-1.28864 -1.29787 0 2.28541 2.31645 0.0465185
-1.28869 -1.29787 0 2.28513 2.31639 0.0552407
-1.28874 -1.29787 0 2.28485 2.3163 0.0290741
-1.28878 -1.29787 0 2.28456 2.31621 0.0465185
-1.28883 -1.29787 0 2.28428 2.31616 0.0377963
-1.28888 -1.2979 0 2.284 2.31607 0.0465185
-1.28892 -1.2979 0 2.28372 2.3159 0.0697778
-1.28897 -1.29792 0 2.28344 2.31581 0.0610556
-1.28902 -1.29792 0 2.28316 2.31563 0.0465185
-1.28906 -1.29792 0 2.28288 2.31549 0.0785
-1.28911 -1.29792 0 2.2826 2.31537 0.0785
-1.28915 -1.29792 0 2.28232 2.31528 0.0552407
-1.2892 -1.29792 0 2.28204 2.31517 0.0290741
-1.28925 -1.29792 0 2.28176 2.31499 0.0552407
-1.28929 -1.29792 0 2.28148 2.31491 0.0697778
-1.28934 -1.29795 -0.0232593 2.2812 2.31479 0.0465185
-1.28938 -1.29795 0 2.28091 2.31462 0.0872222
-1.28943 -1.29795 0 2.28063 2.3145 0.0785
-1.28947 -1.29795 0 2.28035 2.31433 0.0465185
-1.28952 -1.29795 0 2.28007 2.31418 0.101759
-1.28956 -1.29795 0 2.27979 2.31398 0.0872222
-1.28961 -1.29798 0 2.27951 2.31386 0.101759
-1.28965 -1.29798 0 2.27923 2.31366 0.110481
-1.2897 -1.29798 0 2.27895 2.31339 0.093037
-1.28974 -1.29801 0 2.27867 2.31316 0.110481
-1.28979 -1.29801 0 2.27839 2.31293 0.110481
-1.28983 -1.29804 -0.00581481 2.2781 2.31273 0.110481
-1.28987 -1.29807 0 2.27782 2.31249 0.119204
-1.28992 -1.29807 0 2.27754 2.3122 0.119204
-1.28996 -1.2981 -0.0552407 2.27726 2.31197 0.142463
-1.29001 -1.29813 -0.0465185 2.27698 2.31168 0.142463
-1.29005 -1.29819 0 2.2767 2.31139 0.151185
-1.29009 -1.29819 0 2.27642 2.31107 0.165722
-1.29014 -1.29819 0 2.27614 2.31069 0.174444
-1.29018 -1.29824 0 2.27585 2.31034 0.183167
-1.29022 -1.2983 -0.014537 2.27557 2.30999 0.188981
-1.29027 -1.29833 0 2.27529 2.30956 0.220963
-1.29031 -1.29839 -0.00581481 2.27501 2.30915 0.229685
-1.29035 -1.29842 0 2.27473 2.3086 0.252944
-1.29039 -1.29851 -0.014537 2.27445 2.3081 0.279111
-1.29044 -1.29856 -0.0465185 2.27416 2.30752 0.311093
-1.29048 -1.29862 0 2.27388 2.30691 0.32563
-1.29052 -1.29868 0 2.2736 2.3063 0.334352
-1.29056 -1.29877 0 2.27332 2.30569 0.357611
-1.29061 -1.29888 -0.0465185 2.27304 2.30505 0.366333
-1.29065 -1.29903 -0.0785 2.27276 2.30444 0.366333
-1.29069 -1.29915 -0.0697778 2.27247 2.30377 0.38087
-1.29073 -1.29923 -0.0552407 2.27219 2.3031 0.389593
-1.29077 -1.29926 -0.0377963 2.27191 2.30238 0.375056
-1.29082 -1.29935 -0.0610556 2.27163 2.30177 0.348889
-1.29086 -1.29947 -0.0232593 2.27135 2.30121 0.343074
-1.2909 -1.29958 -0.0377963 2.27107 2.30072 0.30237
-1.29094 -1.29973 -0.0785 2.27078 2.30028 0.270389
-1.29098 -1.29987 -0.0697778 2.2705 2.29988 0.252944
-1.29102 -1.29999 -0.0552407 2.27022 2.29947 0.261667
-1.29106 -1.30002 0 2.26994 2.29903 0.252944
-1.2911 -1.30002 0 2.26966 2.29854 0.24713
-1.29114 -1.30013 -0.014537 2.26937 2.29822 0.206426
-1.29118 -1.30022 -0.0610556 2.26909 2.29787 0.229685
-1.29122 -1.30028 -0.0290741 2.26881 2.29752 0.220963
-1.29126 -1.30031 0 2.26853 2.29714 0.183167
-1.2913 -1.30031 0 2.26825 2.29679 0.197704
-1.29134 -1.30031 0 2.26797 2.29644 0.174444
-1.29138 -1.30031 0 2.26769 2.29612 0.165722
-1.29142 -1.30031 0 2.2674 2.29583 0.151185
-1.29145 -1.30031 0 2.26712 2.29551 0.125019
-1.29149 -1.30031 0 2.26684 2.29522 0.119204
-1.29153 -1.30031 0 2.26656 2.2947 0.110481
-1.29157 -1.30031 0 2.26628 2.29453 0.0872222
-1.29161 -1.30031 0 2.266 2.29438 0.0785
-1.29164 -1.30031 0 2.26571 2.29426 0.0785
-1.29168 -1.30031 0.0232593 2.26543 2.29415 0.0785
-1.29172 -1.30031 0 2.26515 2.29403 0.0290741
-1.29176 -1.30031 0 2.26487 2.29394 0.00581481
-1.29179 -1.30031 0 2.26459 2.29389 0.0552407
-1.29183 -1.30031 0 2.2643 2.29383 0.0377963
-1.29187 -1.30034 -0.0552407 2.26402 2.29377 0.0552407
-1.2919 -1.30034 0 2.26374 2.29374 0
-1.29194 -1.30034 0 2.26346 2.29371 0
-1.29198 -1.30034 0 2.26318 2.29371 0
-1.29201 -1.30034 0 2.26289 2.29368 0
-1.29205 -1.30037 -0.0232593 2.26261 2.29368 0.00581481
-1.29209 -1.3004 -0.0232593 2.26233 2.29371 0
-1.29212 -1.3004 0 2.26205 2.29371 0
-1.29216 -1.3004 0 2.26177 2.29368 0
-1.2922 -1.3004 0 2.26148 2.29368 0
-1.29223 -1.3004 0 2.2612 2.29368 0
-1.29227 -1.3004 0 2.26092 2.29365 0
-1.2923 -1.3004 0 2.26064 2.29362 0
-1.29234 -1.3004 0 2.26036 2.29362 0
-1.29237 -1.3004 0 2.26007 2.2936 0.0610556
-1.29241 -1.3004 0 2.25979 2.29357 0.0465185
-1.29244 -1.3004 0 2.25951 2.29351 0
-1.29248 -1.3004 0 2.25923 2.29345 0.0610556
-1.29252 -1.3004 0 2.25894 2.29339 0
-1.29255 -1.3004 0 2.25866 2.2933 0
-1.29259 -1.3004 0 2.25838 2.29325 0.0610556
-1.29262 -1.3004 0 2.2581 2.29316 0.0232593
-1.29265 -1.3004 0 2.25781 2.29307 0.0465185
-1.29269 -1.3004 0 2.25753 2.29298 0.0377963
-1.29272 -1.30042 0 2.25725 2.29293 0.0290741
-1.29276 -1.30045 0 2.25697 2.29281 0.0697778
-1.29279 -1.30045 0 2.25668 2.29269 0.0377963
-1.29283 -1.30045 0 2.2564 2.29258 0.0465185
-1.29286 -1.30048 -0.00581481 2.25612 2.29246 0.0610556
-1.29289 -1.30048 0 2.25584 2.29235 0.0610556
-1.29293 -1.30051 0 2.25555 2.29223 0.0872222
-1.29296 -1.30054 -0.0377963 2.25527 2.29211 0.0872222
-1.293 -1.30054 0 2.25499 2.29197 0.0697778
-1.29303 -1.30054 0 2.2547 2.29182 0.0785
-1.29306 -1.30054 0 2.25442 2.29165 0.0785
-1.2931 -1.30057 0 2.25414 2.2915 0.101759
-1.29313 -1.30063 -0.0610556 2.25386 2.29136 0.101759
-1.29316 -1.30066 0 2.25357 2.29118 0.093037
-1.29319 -1.30066 0 2.25329 2.29095 0.119204
-1.29323 -1.30066 0 2.25301 2.29069 0.125019
-1.29326 -1.30069 0 2.25272 2.29043 0.125019
-1.29329 -1.30072 -0.0377963 2.25244 2.29016 0.125019
-1.29333 -1.3008 0 2.25216 2.28996 0.151185
-1.29336 -1.3008 0 2.25188 2.28961 0.151185
-1.29339 -1.30083 0 2.25159 2.28929 0.183167
-1.29342 -1.30089 -0.0377963 2.25131 2.28897 0.188981
-1.29345 -1.30095 0 2.25103 2.28862 0.197704
-1.29349 -1.30101 -0.014537 2.25074 2.28827 0.197704
-1.29352 -1.30106 -0.0232593 2.25046 2.28793 0.206426
-1.29355 -1.30112 0 2.25018 2.28755 0.215148
-1.29358 -1.30121 -0.0610556 2.24989 2.2872 0.220963
-1.29361 -1.3013 -0.0465185 2.24961 2.28685 0.220963
-1.29364 -1.30136 -0.014537 2.24933 2.28644 0.238407
-1.29368 -1.30141 -0.0290741 2.24904 2.28595 0.24713
-1.29371 -1.3015 -0.0377963 2.24876 2.28548 0.279111
-1.29374 -1.30162 -0.0697778 2.24848 2.28499 0.293648
-1.29377 -1.3017 -0.0465185 2.24819 2.28444 0.316907
-1.2938 -1.30176 -0.00581481 2.24791 2.28377 0.366333
-1.29383 -1.30182 -0.0232593 2.24763 2.28301 0.38087
-1.29386 -1.30194 -0.014537 2.24734 2.28226 0.430296
-1.29389 -1.30208 -0.0785 2.24706 2.2815 0.476815
-1.29392 -1.30223 -0.0377963 2.24678 2.28063 0.471
-1.29394 -1.30229 -0.0290741 2.2465 2.27976 0.471
-1.29397 -1.30234 0 2.24622 2.27874 0.471
-1.29399 -1.30252 -0.0610556 2.24594 2.27787 0.439019
-1.29401 -1.30269 -0.0610556 2.24565 2.27717 0.444833
-1.29404 -1.30284 -0.0872222 2.24537 2.27647 0.412852
-1.29406 -1.30293 -0.0785 2.24509 2.27577 0.389593
-1.29409 -1.30298 0 2.24481 2.27508 0.38087
-1.29411 -1.30307 -0.0465185 2.24453 2.27444 0.366333
-1.29413 -1.30322 -0.0465185 2.24425 2.27388 0.343074
-1.29416 -1.30339 -0.0697778 2.24397 2.27342 0.32563
-1.29418 -1.30348 -0.0465185 2.24369 2.27275 0.311093
-1.2942 -1.30354 -0.0610556 2.2434 2.2722 0.279111
-1.29423 -1.30356 -0.0552407 2.24312 2.27162 0.252944
-1.29425 -1.30359 0 2.24284 2.27118 0.24713
-1.29427 -1.30359 0 2.24256 2.2706 0.215148
-1.2943 -1.30359 0 2.24228 2.27007 0.206426
-1.29432 -1.30362 0 2.242 2.26952 0.197704
-1.29434 -1.30362 0 2.24172 2.26914 0.206426
-1.29436 -1.30362 0 2.24143 2.26877 0.183167
-1.29439 -1.30359 0 2.24115 2.26833 0.188981
-1.29441 -1.30359 0 2.24087 2.26798 0.188981
-1.29443 -1.30356 0 2.24059 2.26749 0.174444
-1.29445 -1.30351 0.0465185 2.24031 2.26696 0.174444
-1.29447 -1.30345 0 2.24003 2.26647 0.165722
-1.2945 -1.30345 0 2.23974 2.26612 0.151185
-1.29452 -1.30351 -0.0552407 2.23946 2.26583 0.165722
-1.29454 -1.30351 0 2.23918 2.26557 0.133741
-1.29456 -1.30351 0 2.2389 2.26525 0.151185
-1.29458 -1.30351 0 2.23862 2.26493 0.133741
-1.29461 -1.30356 -0.0465185 2.23834 2.26464 0.119204
-1.29463 -1.30359 -0.0290741 2.23805 2.26432 0.125019
-1.29465 -1.30362 -0.00581481 2.23777 2.26409 0.125019
-1.29467 -1.30365 0 2.23749 2.26385 0.119204
-1.29469 -1.30371 0 2.23721 2.26362 0.119204
-1.29471 -1.3038 -0.0610556 2.23693 2.2635 0.110481
-1.29473 -1.30383 -0.0377963 2.23664 2.2633 0.110481
-1.29475 -1.30386 0 2.23636 2.26304 0.125019
-1.29477 -1.30386 0 2.23608 2.26269 0.119204
-1.2948 -1.30391 0 2.2358 2.26234 0.110481
-1.29482 -1.30397 0 2.23552 2.26202 0.151185
-1.29484 -1.30403 0 2.23523 2.26164 0.133741
-1.29486 -1.30403 0 2.23495 2.26126 0.133741
-1.29488 -1.30406 0 2.23467 2.26092 0.125019
-1.2949 -1.30412 -0.00581481 2.23439 2.2606 0.133741
-1.29492 -1.30418 0 2.23411 2.26028 0.125019
-1.29494 -1.30418 0 2.23382 2.26001 0.142463
-1.29496 -1.3042 0 2.23354 2.25978 0.133741
-1.29498 -1.30423 0 2.23326 2.25952 0.125019
-1.295 -1.30426 0 2.23298 2.25923 0.151185
-1.29502 -1.30435 -0.0465185 2.23269 2.259 0.142463
-1.29504 -1.30438 -0.0465185 2.23241 2.25871 0.157
-1.29506 -1.30438 0 2.23213 2.25836 0.165722
-1.29507 -1.30438 0 2.23185 2.25795 0.188981
-1.29509 -1.30438 0 2.23156 2.2576 0.188981
-1.29511 -1.30444 -0.0377963 2.23128 2.25722 0.206426
-1.29513 -1.3045 -0.0552407 2.231 2.2569 0.197704
-1.29515 -1.30452 -0.0290741 2.23072 2.2565 0.197704
-1.29517 -1.30452 0 2.23044 2.25597 0.197704
-1.29519 -1.30452 0 2.23015 2.25554 0.174444
-1.29521 -1.30458 -0.014537 2.22987 2.25528 0.157
-1.29523 -1.30464 -0.0465185 2.22959 2.25507 0.142463
-1.29524 -1.30467 0 2.2293 2.25484 0.125019
-1.29526 -1.3047 0 2.22902 2.25464 0.101759
-1.29528 -1.3047 0 2.22874 2.25446 0.0872222
-1.2953 -1.3047 0 2.22846 2.25426 0.0872222
-1.29532 -1.30476 0 2.22817 2.25408 0.0785
-1.29534 -1.30476 0 2.22789 2.25391 0.0785
-1.29535 -1.30476 0 2.22761 2.25376 0.0872222
-1.29537 -1.30476 0 2.22733 2.25359 0.0872222
-1.29539 -1.30476 0 2.22704 2.25347 0.0552407
-1.29541 -1.30476 0 2.22676 2.25333 0.0872222
-1.29542 -1.30476 0 2.22648 2.25315 0.0785
-1.29544 -1.30476 0 2.22619 2.25301 0.0785
-1.29546 -1.30476 0 2.22591 2.25283 0.0290741
-1.29548 -1.30473 0 2.22563 2.25269 0.0697778
-1.29549 -1.30473 0 2.22534 2.2526 0.0697778
-1.29552 -1.30473 0 2.22506 2.25248 0.014537
-1.29555 -1.30473 0 2.22477 2.25243 0.00581481
-1.29558 -1.30473 0 2.22448 2.25234 0.0465185
-1.29561 -1.30473 0 2.22419 2.25228 0.0465185
-1.29564 -1.30473 0 2.2239 2.25222 0.0232593
-1.29567 -1.30473 0 2.22362 2.25214 0.0610556
-1.29569 -1.30473 0 2.22333 2.25211 0.0290741
-1.29572 -1.30473 0 2.22304 2.25205 0
-1.29575 -1.30473 0 2.22275 2.25202 0.0465185
-1.29578 -1.30473 0 2.22246 2.25196 0
-1.2958 -1.30473 0 2.22217 2.2519 0.0232593
-1.29583 -1.30473 0 2.22189 2.25182 0.0610556
-1.29586 -1.30473 0 2.2216 2.25179 0.0465185
-1.29589 -1.30473 0 2.22131 2.25173 0
-1.29591 -1.30473 0 2.22102 2.25167 0
-1.29594 -1.30473 0 2.22073 2.25158 0.0552407
-1.29597 -1.30473 0 2.22044 2.25152 0.014537
-1.296 -1.30473 0 2.22015 2.25147 0.014537
-1.29602 -1.30473 0 2.21987 2.25141 0.0610556
-1.29605 -1.30473 0 2.21958 2.25135 0
-1.29608 -1.30473 0 2.21929 2.25126 0.0232593
-1.2961 -1.30473 0 2.219 2.25115 0.014537
-1.29613 -1.30473 0 2.21871 2.25103 0.0610556
-1.29616 -1.30473 0 2.21842 2.25094 0.0697778
-1.29618 -1.30473 0 2.21813 2.25083 0.0290741
-1.29621 -1.30476 0 2.21784 2.25071 0.0552407
-1.29623 -1.30476 0 2.21755 2.25054 0.0697778
-1.29626 -1.30476 0 2.21727 2.25039 0.0465185
-1.29629 -1.30476 0 2.21698 2.25025 0.0610556
-1.29631 -1.30476 0 2.21669 2.2501 0.0697778
-1.29634 -1.30476 0 2.2164 2.24993 0.0465185
-1.29636 -1.30476 0 2.21611 2.24975 0.0465185
-1.29639 -1.30476 0 2.21582 2.24961 0.0872222
-1.29641 -1.30476 0 2.21553 2.24946 0.0610556
-1.29644 -1.30476 0 2.21524 2.24934 0.0610556
-1.29646 -1.30479 0 2.21495 2.24923 0.0697778
-1.29649 -1.30479 0 2.21466 2.24908 0.0697778
-1.29651 -1.30479 0 2.21437 2.24888 0.0785
-1.29654 -1.30479 0 2.21409 2.24873 0.0552407
-1.29656 -1.30479 0 2.2138 2.24859 0.0872222
-1.29659 -1.30479 0 2.21351 2.24844 0.0552407
-1.29661 -1.30479 0 2.21322 2.24827 0.0785
-1.29664 -1.30479 0 2.21293 2.24809 0.0697778
-1.29666 -1.30479 0 2.21264 2.24792 0.0610556
-1.29668 -1.30479 0 2.21235 2.24777 0.0610556
-1.29671 -1.30481 0 2.21206 2.24757 0.0872222
-1.29673 -1.30481 0 2.21177 2.24734 0.093037
-1.29676 -1.30481 0 2.21148 2.24713 0.093037
-1.29678 -1.30481 0 2.21119 2.24696 0.0872222
-1.2968 -1.30481 0 2.2109 2.24673 0.101759
-1.29683 -1.30481 0 2.21061 2.24655 0.0785
-1.29685 -1.30481 0 2.21032 2.24635 0.101759
-1.29687 -1.30481 0 2.21003 2.24612 0.110481
-1.2969 -1.30484 -0.0610556 2.20974 2.24577 0.093037
-1.29692 -1.30484 0 2.20945 2.24554 0.133741
-1.29694 -1.30484 0 2.20916 2.24525 0.133741
-1.29697 -1.30484 0 2.20887 2.2449 0.142463
-1.29699 -1.30484 0 2.20858 2.24461 0.142463
-1.29701 -1.30484 0 2.20829 2.24431 0.151185
-1.29703 -1.30487 0 2.208 2.24402 0.165722
-1.29706 -1.30487 0 2.20771 2.24368 0.157
-1.29708 -1.3049 0 2.20742 2.24327 0.174444
-1.2971 -1.30493 0 2.20713 2.24277 0.174444
-1.29712 -1.30499 0 2.20684 2.24237 0.206426
-1.29715 -1.30502 0 2.20655 2.24199 0.206426
-1.29717 -1.30502 0 2.20626 2.24152 0.24713
-1.29719 -1.30508 0 2.20597 2.24109 0.220963
-1.29721 -1.30511 0 2.20568 2.24056 0.279111
-1.29723 -1.30516 -0.0232593 2.20539 2.24007 0.270389
-1.29726 -1.30522 -0.0377963 2.2051 2.23923 0.279111
-1.29728 -1.30531 -0.0552407 2.20481 2.2385 0.30237
-1.2973 -1.30537 -0.0552407 2.20452 2.23771 0.30237
-1.29732 -1.3054 0 2.20423 2.2371 0.316907
-1.29734 -1.30545 -0.014537 2.20394 2.23644 0.348889
-1.29736 -1.30551 -0.0610556 2.20365 2.23574 0.38087
-1.29738 -1.30566 -0.0785 2.20336 2.2351 0.389593
-1.2974 -1.30572 -0.0377963 2.20307 2.23423 0.412852
-1.29743 -1.30575 -0.0552407 2.20278 2.23306 0.439019
-1.29745 -1.3058 0 2.20249 2.23175 0.453556
-1.29747 -1.30589 -0.0552407 2.2022 2.23056 0.453556
-1.29749 -1.30601 -0.0697778 2.20191 2.22978 0.453556
-1.29751 -1.30609 -0.0785 2.20162 2.22899 0.453556
-1.29753 -1.30615 0 2.20133 2.22818 0.439019
-1.29755 -1.30615 0 2.20104 2.22736 0.398315
-1.29757 -1.30621 -0.014537 2.20075 2.2267 0.375056
-1.29759 -1.30636 -0.0785 2.20046 2.22611 0.32563
-1.29761 -1.3065 -0.0785 2.20017 2.22536 0.293648
-1.29763 -1.3065 0 2.19988 2.22481 0.279111
-1.29765 -1.3065 0 2.19959 2.22431 0.252944
-1.29767 -1.3065 0 2.19929 2.2239 0.197704
-1.29769 -1.30659 -0.0465185 2.199 2.22358 0.206426
-1.29771 -1.30665 0 2.19871 2.22329 0.188981
-1.29773 -1.30665 0 2.19842 2.22297 0.157
-1.29775 -1.30665 0 2.19813 2.22265 0.157
-1.29777 -1.30665 0 2.19784 2.22233 0.133741
-1.29778 -1.30665 0 2.19755 2.22201 0.125019
-1.2978 -1.30662 0.0377963 2.19726 2.22175 0.110481
-1.29782 -1.30659 0.014537 2.19697 2.22152 0.101759
-1.29784 -1.30659 0 2.19668 2.22129 0.119204
-1.29786 -1.30659 0 2.19639 2.22111 0.093037
-1.29788 -1.30653 0 2.19609 2.22091 0.0785
-1.2979 -1.3065 0 2.1958 2.22071 0.0697778
-1.29792 -1.3065 0 2.19551 2.22053 0.0697778
-1.29793 -1.3065 0 2.19522 2.22042 0.0465185
-1.29795 -1.3065 0 2.19493 2.22033 0.0552407
-1.29797 -1.3065 0 2.19464 2.22024 0.0290741
-1.29799 -1.3065 0 2.19435 2.22018 0
-1.29801 -1.3065 0 2.19406 2.22013 0
-1.29802 -1.3065 0 2.19376 2.2201 0.0465185
-1.29804 -1.3065 0 2.19347 2.22004 0.014537
-1.29806 -1.30653 0 2.19318 2.22004 0
-1.29808 -1.30656 0 2.19289 2.22007 0
-1.2981 -1.30656 0 2.1926 2.22001 0
-1.29811 -1.30656 0 2.19231 2.22001 0
-1.29813 -1.30656 0 2.19202 2.22001 0
-1.29815 -1.30656 0 2.19172 2.22001 0
-1.29816 -1.30662 -0.00581481 2.19143 2.22004 0.0232593
-1.29818 -1.30662 0 2.19114 2.22004 0
-1.2982 -1.30662 0 2.19085 2.22001 0.0610556
-1.29822 -1.30662 0 2.19056 2.21998 0.0377963
-1.29823 -1.30662 0 2.19027 2.21995 0
-1.29825 -1.30659 0.0232593 2.18997 2.21986 0.0465185
-1.29826 -1.30659 0 2.18968 2.21981 0.0377963
-1.29828 -1.30659 0 2.18939 2.21978 0
-1.2983 -1.30659 0 2.1891 2.21969 0
-1.29831 -1.30659 0 2.18881 2.21963 0.0377963
-1.29833 -1.30659 0 2.18851 2.21951 0.0377963
-1.29835 -1.30659 0 2.18822 2.21943 0.0610556
-1.29836 -1.30659 0 2.18793 2.21931 0.0785
-1.29838 -1.30659 0 2.18764 2.21919 0.0377963
-1.29839 -1.30659 0 2.18735 2.21905 0.0697778
-1.29841 -1.30659 0 2.18705 2.21893 0.0785
-1.29842 -1.30659 0 2.18676 2.21873 0.0785
-1.29844 -1.30659 0 2.18647 2.21861 0.0872222
-1.29846 -1.30659 0 2.18618 2.21847 0.0552407
-1.29847 -1.30659 0 2.18589 2.21821 0.093037
-1.29849 -1.30659 0 2.18559 2.21803 0.101759
-1.2985 -1.30659 0 2.1853 2.21789 0.0785
-1.29852 -1.30659 0 2.18501 2.21768 0.093037
-1.29853 -1.30659 0 2.18472 2.21751 0.0785
-1.29855 -1.30659 0 2.18442 2.2173 0.0872222
-1.29856 -1.30659 0 2.18413 2.2171 0.093037
-1.29857 -1.30659 0 2.18384 2.21684 0.093037
-1.29859 -1.30659 0 2.18355 2.21658 0.119204
-1.2986 -1.30659 0 2.18326 2.21632 0.119204
-1.29862 -1.30659 0 2.18296 2.21608 0.125019
-1.29863 -1.30659 0 2.18267 2.21582 0.119204
-1.29865 -1.30662 0 2.18238 2.2155 0.119204
-1.29866 -1.30662 0 2.18209 2.21521 0.151185
-1.29867 -1.30662 0 2.18179 2.21492 0.125019
-1.29869 -1.30662 0 2.1815 2.21457 0.157
-1.2987 -1.30665 0 2.18121 2.21416 0.157
-1.29872 -1.30665 0 2.18091 2.21376 0.165722
-1.29873 -1.30668 0 2.18062 2.21344 0.188981
-1.29874 -1.30668 0 2.18033 2.21303 0.183167
-1.29876 -1.3067 0 2.18004 2.21265 0.197704
-1.29877 -1.3067 0 2.17974 2.21222 0.206426
-1.29878 -1.30673 0 2.17945 2.21175 0.229685
-1.2988 -1.30676 -0.0552407 2.17916 2.21114 0.220963
-1.29881 -1.30682 0 2.17887 2.21053 0.279111
-1.29882 -1.30682 0 2.17857 2.20998 0.284926
-1.29883 -1.30685 -0.014537 2.17828 2.2094 0.293648
-1.29885 -1.30694 -0.0610556 2.17799 2.20864 0.30237
-1.29886 -1.307 -0.0232593 2.17769 2.20803 0.316907
-1.29887 -1.30705 0 2.1774 2.20742 0.311093
-1.29889 -1.30705 0 2.1771 2.20678 0.316907
-1.29891 -1.30711 0 2.17681 2.20626 0.284926
-1.29894 -1.30726 -0.0697778 2.17651 2.20562 0.270389
-1.29896 -1.30734 -0.0610556 2.17621 2.20521 0.229685
-1.29898 -1.30737 0 2.17591 2.20483 0.197704
-1.29901 -1.3074 -0.0610556 2.17561 2.20443 0.197704
-1.29903 -1.30743 0 2.17531 2.20408 0.197704
-1.29905 -1.30749 -0.0290741 2.17501 2.20376 0.165722
-1.29908 -1.30752 0 2.17471 2.20341 0.188981
-1.2991 -1.30761 0 2.17441 2.20297 0.220963
-1.29912 -1.30764 0 2.17412 2.20248 0.220963
-1.29914 -1.30766 0 2.17382 2.20201 0.197704
-1.29917 -1.30766 0 2.17352 2.20149 0.215148
-1.29919 -1.30766 0 2.17322 2.20105 0.206426
-1.29921 -1.30766 0 2.17292 2.20067 0.183167
-1.29923 -1.30766 0 2.17262 2.20033 0.183167
-1.29926 -1.30766 0 2.17232 2.19998 0.157
-1.29928 -1.30766 0 2.17202 2.19972 0.125019
-1.2993 -1.30766 0 2.17172 2.1994 0.133741
-1.29932 -1.30766 0 2.17142 2.19919 0.101759
-1.29934 -1.30766 0 2.17112 2.19899 0.0785
-1.29936 -1.30766 0 2.17082 2.19887 0.0872222
-1.29939 -1.30766 0 2.17052 2.19873 0.0697778
-1.29941 -1.30766 0 2.17022 2.19858 0.0610556
-1.29943 -1.30766 0 2.16992 2.19846 0.0465185
-1.29945 -1.30766 0 2.16962 2.19835 0.0610556
-1.29947 -1.30766 0 2.16933 2.1982 0.0785
-1.29949 -1.30766 0 2.16903 2.19809 0.0697778
-1.29951 -1.30766 0 2.16873 2.198 0.0290741
-1.29953 -1.30766 0 2.16843 2.19788 0.0610556
-1.29955 -1.30766 0 2.16813 2.19777 0.0785
-1.29957 -1.30766 0 2.16783 2.19765 0.0290741
-1.29959 -1.30766 0 2.16753 2.19756 0.0465185
-1.29961 -1.30766 0 2.16723 2.19745 0.0610556
-1.29964 -1.30766 0 2.16693 2.19736 0.0785
-1.29966 -1.30766 0 2.16663 2.19724 0.0232593
-1.29968 -1.30766 0 2.16633 2.19713 0.0610556
-1.2997 -1.30766 0 2.16603 2.19704 0.0552407
-1.29971 -1.30766 0 2.16573 2.19695 0.014537
-1.29973 -1.30769 0 2.16543 2.19692 0.0377963
-1.29975 -1.30769 0 2.16513 2.19684 0
-1.29977 -1.30769 0 2.16483 2.19675 0.0697778
-1.29979 -1.30769 0 2.16453 2.19666 0
-1.29981 -1.30769 0 2.16423 2.1966 0.0552407
-1.29983 -1.30769 0 2.16393 2.19652 0.0552407
-1.29985 -1.30769 0 2.16363 2.19649 0.0552407
-1.29987 -1.30769 0 2.16333 2.19643 0.0290741
-1.29989 -1.30769 0 2.16302 2.19634 0
-1.29991 -1.30769 0 2.16272 2.19631 0
-1.29993 -1.30769 0 2.16242 2.19623 0.0290741
-1.29994 -1.30769 0 2.16212 2.19617 0
-1.29996 -1.30769 0 2.16182 2.19608 0.0290741
-1.29998 -1.30769 0 2.16152 2.19599 0.0552407
-1.3 -1.30769 0 2.16122 2.19588 0
-1.30002 -1.30769 0 2.16092 2.19579 0.0465185
-1.30004 -1.30769 0 2.16062 2.1957 0.0290741
-1.30005 -1.30769 0 2.16032 2.19562 0.0232593
-1.30007 -1.30769 0 2.16002 2.1955 0.00581481
-1.30009 -1.30769 0 2.15972 2.19538 0.0465185
-1.30011 -1.30769 0 2.15942 2.19521 0.0697778
-1.30013 -1.30769 0 2.15912 2.19509 0.0290741
-1.30014 -1.30769 0 2.15882 2.19498 0.0610556
-1.30016 -1.30769 0 2.15852 2.19483 0.0377963
-1.30018 -1.30769 0 2.15821 2.19466 0.0872222
-1.30019 -1.30769 0 2.15791 2.19448 0.0872222
-1.30021 -1.30772 -0.00581481 2.15761 2.19437 0.093037
-1.30023 -1.30772 0 2.15731 2.19416 0.093037
-1.30025 -1.30772 0 2.15701 2.19393 0.0872222
-1.30026 -1.30775 0 2.15671 2.19364 0.125019
-1.30028 -1.30775 0 2.15641 2.19341 0.119204
-1.3003 -1.30778 0 2.15611 2.19314 0.142463
-1.30031 -1.30778 0 2.15581 2.19285 0.133741
-1.30033 -1.30781 -0.0610556 2.1555 2.19256 0.151185
-1.30034 -1.30784 -0.0290741 2.1552 2.19227 0.174444
-1.30036 -1.3079 0 2.1549 2.19187 0.183167
-1.30038 -1.3079 0 2.1546 2.19137 0.183167
-1.30039 -1.30793 0 2.1543 2.19096 0.220963
-1.30041 -1.30798 -0.0465185 2.154 2.19059 0.215148
-1.30043 -1.30801 -0.0290741 2.15369 2.19015 0.238407
-1.30045 -1.30804 0 2.15339 2.18968 0.24713
-1.30047 -1.30807 -0.0552407 2.15308 2.18922 0.252944
-1.30049 -1.3081 -0.0465185 2.15278 2.1887 0.270389
-1.30051 -1.30816 0 2.15248 2.1882 0.261667
-1.30053 -1.30822 0 2.15217 2.1875 0.30237
-1.30055 -1.30827 -0.0552407 2.15187 2.18663 0.311093
-1.30057 -1.30839 0 2.15156 2.18582 0.375056
-1.30059 -1.30845 -0.0465185 2.15126 2.18503 0.389593
-1.30061 -1.30851 0 2.15095 2.18428 0.398315
-1.30063 -1.30857 -0.0377963 2.15065 2.18338 0.421574
-1.30065 -1.30865 -0.0377963 2.15035 2.18256 0.421574
-1.30067 -1.30877 -0.0377963 2.15004 2.1814 0.439019
-1.30069 -1.30889 -0.0552407 2.14974 2.18018 0.430296
-1.30071 -1.309 -0.0610556 2.14943 2.17919 0.430296
-1.30073 -1.30912 -0.0552407 2.14913 2.17843 0.407037
-1.30075 -1.30918 -0.0552407 2.14882 2.17774 0.38087
-1.30076 -1.30923 -0.0290741 2.14852 2.17707 0.348889
-1.30078 -1.30929 -0.014537 2.14822 2.17643 0.357611
-1.3008 -1.30938 -0.00581481 2.14791 2.17585 0.32563
-1.30082 -1.30947 -0.0610556 2.14761 2.17529 0.316907
-1.30084 -1.30955 -0.0465185 2.1473 2.17436 0.316907
-1.30086 -1.30958 0 2.147 2.17364 0.293648
-1.30087 -1.30958 0 2.14669 2.17305 0.279111
-1.30089 -1.30958 0 2.14639 2.17256 0.252944
-1.30091 -1.30958 0 2.14608 2.17212 0.229685
-1.30093 -1.30958 0 2.14578 2.17172 0.197704
-1.30094 -1.30958 0 2.14547 2.17131 0.197704
-1.30096 -1.30958 0 2.14517 2.17082 0.174444
-1.30098 -1.30958 0 2.14486 2.17029 0.183167
-1.301 -1.30955 0 2.14456 2.16983 0.165722
-1.30101 -1.30952 0 2.14425 2.16945 0.165722
-1.30103 -1.3095 0 2.14395 2.16907 0.165722
-1.30105 -1.3095 0 2.14364 2.16869 0.165722
-1.30106 -1.3095 0 2.14334 2.16834 0.183167
-1.30108 -1.3095 0 2.14303 2.168 0.165722
-1.3011 -1.3095 0 2.14273 2.16762 0.183167
-1.30111 -1.3095 0 2.14242 2.16712 0.165722
-1.30113 -1.3095 0 2.14212 2.16675 0.165722
-1.30115 -1.3095 0 2.14181 2.16637 0.151185
-1.30116 -1.30952 0 2.14151 2.16608 0.151185
-1.30118 -1.30958 0 2.1412 2.16584 0.142463
-1.3012 -1.30961 0 2.1409 2.16561 0.125019
-1.30121 -1.30964 0 2.14059 2.16538 0.125019
-1.30123 -1.3097 -0.0377963 2.14029 2.16509 0.110481
-1.30124 -1.30973 0 2.13998 2.16477 0.125019
-1.30126 -1.30976 -0.0290741 2.13967 2.16448 0.125019
-1.30127 -1.30979 0 2.13937 2.16413 0.119204
-1.30129 -1.30979 0 2.13906 2.16378 0.119204
-1.3013 -1.30984 -0.0232593 2.13876 2.16358 0.125019
-1.30132 -1.30984 0 2.13845 2.16329 0.133741
-1.30134 -1.30984 0 2.13815 2.16294 0.133741
-1.30135 -1.30984 0 2.13784 2.16262 0.133741
-1.30137 -1.30984 0 2.13753 2.16233 0.133741
-1.30138 -1.30987 0 2.13723 2.16209 0.125019
-1.30139 -1.30987 0 2.13692 2.16186 0.119204
-1.30141 -1.30987 0 2.13662 2.1616 0.093037
-1.30142 -1.30987 0 2.13631 2.16137 0.119204
-1.30144 -1.30987 0 2.136 2.1611 0.101759
-1.30145 -1.30987 0 2.1357 2.16087 0.101759
-1.30147 -1.30987 0 2.13539 2.16064 0.093037
-1.30148 -1.30987 0 2.13509 2.16044 0.0785
-1.30149 -1.30987 0 2.13478 2.1602 0.093037
-1.30151 -1.30987 0 2.13447 2.15994 0.101759
-1.30152 -1.30987 0 2.13417 2.15974 0.110481
-1.30154 -1.30987 0 2.13386 2.15956 0.0610556
-1.30155 -1.30987 0 2.13356 2.15936 0.110481
-1.30156 -1.30987 0 2.13325 2.15916 0.093037
-1.30158 -1.30987 0 2.13294 2.15898 0.093037
-1.30159 -1.30987 0 2.13264 2.15878 0.110481
-1.3016 -1.30987 0 2.13233 2.15858 0.101759
-1.30162 -1.30987 0 2.13202 2.1584 0.0872222
-1.30164 -1.30987 0 2.13171 2.1582 0.0872222
-1.30166 -1.30987 0 2.1314 2.15802 0.093037
-1.30167 -1.30987 0 2.13109 2.15785 0.093037
-1.30169 -1.30987 0 2.13079 2.15764 0.0872222
-1.30171 -1.30987 0 2.13048 2.15744 0.093037
-1.30172 -1.30987 0 2.13017 2.15727 0.101759
-1.30174 -1.30987 0 2.12986 2.15709 0.101759
-1.30176 -1.30987 0 2.12955 2.15692 0.0785
-1.30177 -1.30987 0 2.12924 2.15674 0.0872222
-1.30179 -1.30987 0 2.12893 2.1566 0.093037
-1.3018 -1.30987 0 2.12862 2.15642 0.093037
-1.30182 -1.30987 0 2.12831 2.15628 0.0785
-1.30184 -1.30987 0 2.128 2.1561 0.0785
-1.30185 -1.30987 0 2.12769 2.15596 0.0785
-1.30187 -1.30987 0 2.12738 2.15581 0.0872222
-1.30188 -1.30987 0 2.12707 2.15567 0.0465185
-1.3019 -1.30987 0 2.12677 2.15552 0.0785
-1.30191 -1.30987 0 2.12646 2.15538 0.0610556
-1.30193 -1.30987 0 2.12615 2.15523 0.0785
-1.30194 -1.30987 0 2.12584 2.15509 0.0872222
-1.30196 -1.30987 0 2.12553 2.15497 0.0552407
-1.30197 -1.30987 0 2.12522 2.15482 0.0610556
-1.30199 -1.30987 0 2.12491 2.15471 0.0872222
-1.302 -1.30987 0 2.1246 2.15453 0.0785
-1.30202 -1.30987 0 2.12429 2.15439 0.0785
-1.30203 -1.30987 0 2.12398 2.15424 0.0465185
-1.30205 -1.30987 0 2.12367 2.1541 0.0697778
-1.30206 -1.30987 0 2.12336 2.15395 0.0785
-1.30208 -1.30987 0 2.12305 2.15381 0.0785
-1.30209 -1.30987 0 2.12274 2.15369 0.0552407
-1.3021 -1.30987 0 2.12243 2.15357 0.0610556
-1.30212 -1.30987 0 2.12212 2.15343 0.0552407
-1.30213 -1.30987 0 2.12181 2.15328 0.0697778
-1.30215 -1.30987 0 2.1215 2.15314 0.0785
-1.30216 -1.30987 0 2.12119 2.15302 0.0465185
-1.30217 -1.30987 0 2.12088 2.15288 0.0290741
-1.30219 -1.30987 0 2.12057 2.15276 0.0290741
-1.3022 -1.30987 0 2.12026 2.15262 0.0785
-1.30221 -1.30987 0 2.11995 2.1525 0.0872222
-1.30223 -1.30987 0 2.11964 2.15235 0.0610556
-1.30224 -1.30987 0 2.11933 2.15224 0.0785
-1.30225 -1.30987 0 2.11902 2.15212 0.0785
-1.30227 -1.30987 0 2.11871 2.15198 0.0552407
-1.30228 -1.30987 0 2.1184 2.15183 0.0465185
-1.30229 -1.30987 0 2.11808 2.15168 0.0785
-1.3023 -1.30987 0 2.11777 2.15154 0.0552407
-1.30232 -1.30987 0 2.11746 2.15142 0.0465185
-1.30233 -1.30987 0 2.11715 2.15128 0.0872222
-1.30234 -1.30987 0 2.11684 2.15116 0.0697778
-1.30235 -1.30987 0 2.11653 2.15102 0.0697778
-1.30236 -1.30987 0 2.11622 2.1509 0.0785
-1.30238 -1.30987 0 2.11591 2.15075 0.0785
-1.30239 -1.30987 0 2.1156 2.15064 0.0610556
-1.3024 -1.30987 0 2.11529 2.15049 0.0785
-1.30241 -1.30987 0 2.11498 2.15035 0.0697778
-1.30242 -1.30987 0 2.11467 2.15023 0.0872222
-1.30243 -1.30987 0 2.11436 2.15009 0.0290741
-1.30245 -1.30987 0 2.11404 2.14994 0.0465185
-1.30246 -1.30987 0 2.11373 2.14979 0.0552407
-1.30247 -1.30987 0 2.11342 2.14965 0.0872222
-1.30248 -1.30987 0 2.11311 2.14953 0.0610556
-1.30249 -1.30987 0 2.1128 2.14939 0.0785
-1.3025 -1.30987 0 2.11249 2.14921 0.0785
-1.30251 -1.30987 0 2.11218 2.14907 0.0872222
-1.30252 -1.30987 0 2.11187 2.14889 0.093037
-1.30253 -1.30987 0 2.11155 2.14872 0.0785
-1.30254 -1.30987 0 2.11124 2.14854 0.0697778
-1.30255 -1.30987 0 2.11093 2.14837 0.101759
-1.30256 -1.30987 0 2.11062 2.14817 0.093037
-1.30257 -1.30987 0 2.11031 2.14796 0.0872222
-1.30258 -1.30987 0 2.11 2.1477 0.093037
-1.30259 -1.30987 0 2.10969 2.14747 0.110481
-1.3026 -1.30987 0 2.10937 2.14724 0.119204
-1.30261 -1.30987 0 2.10906 2.14697 0.110481
-1.30262 -1.30987 0 2.10875 2.14671 0.133741
-1.30263 -1.30987 0 2.10844 2.14642 0.151185
-1.30264 -1.30987 0 2.10813 2.14613 0.142463
-1.30265 -1.30987 0 2.10782 2.14578 0.157
-1.30266 -1.3099 0 2.1075 2.14546 0.165722
-1.30267 -1.3099 0 2.10719 2.14511 0.174444
-1.30268 -1.3099 0 2.10688 2.14477 0.183167
-1.30269 -1.3099 0 2.10657 2.14442 0.188981
-1.3027 -1.3099 0 2.10626 2.14398 0.197704
-1.30271 -1.30993 0 2.10594 2.14363 0.206426
-1.30273 -1.30993 0 2.10562 2.14322 0.215148
-1.30275 -1.30996 -0.0377963 2.1053 2.14276 0.238407
-1.30277 -1.30996 0 2.10498 2.14232 0.206426
-1.30279 -1.30999 -0.014537 2.10466 2.14189 0.220963
-1.30281 -1.30999 0 2.10435 2.14139 0.252944
-1.30283 -1.30999 0 2.10403 2.1409 0.261667
-1.30284 -1.31002 -0.0290741 2.10371 2.1404 0.229685
-1.30286 -1.31005 -0.0377963 2.10339 2.13991 0.252944
-1.30288 -1.31008 0 2.10307 2.13936 0.261667
-1.3029 -1.31008 0 2.10275 2.1388 0.252944
-1.30292 -1.31008 0 2.10243 2.13825 0.261667
-1.30294 -1.31011 -0.0290741 2.10211 2.1377 0.270389
-1.30295 -1.31016 -0.0377963 2.10179 2.13715 0.30237
-1.30297 -1.31019 -0.0552407 2.10148 2.13657 0.32563
-1.30299 -1.31019 0 2.10116 2.13584 0.348889
-1.30301 -1.31019 0 2.10084 2.13511 0.366333
-1.30302 -1.31019 0 2.10052 2.1343 0.407037
-1.30304 -1.31025 0 2.1002 2.13351 0.421574
-1.30306 -1.31028 -0.0290741 2.09988 2.13267 0.439019
-1.30308 -1.31031 -0.0465185 2.09956 2.13171 0.453556
-1.30309 -1.31034 -0.0465185 2.09924 2.13084 0.453556
-1.30311 -1.31037 -0.00581481 2.09892 2.13002 0.421574
-1.30313 -1.31037 0 2.0986 2.12918 0.412852
-1.30314 -1.3104 0 2.09828 2.1284 0.407037
-1.30316 -1.31048 -0.0465185 2.09796 2.12773 0.38087
-1.30318 -1.31054 -0.0290741 2.09764 2.12706 0.375056
-1.30319 -1.31057 -0.0552407 2.09732 2.12639 0.357611
-1.30321 -1.31057 0 2.097 2.12572 0.343074
-1.30322 -1.31057 0 2.09668 2.12502 0.348889
-1.30324 -1.3106 0 2.09636 2.12444 0.311093
-1.30326 -1.3106 0 2.09604 2.12386 0.293648
-1.30327 -1.31066 0 2.09572 2.12334 0.293648
-1.30329 -1.31066 0 2.0954 2.12281 0.261667
-1.3033 -1.31066 0 2.09508 2.12229 0.252944
-1.30332 -1.31066 0 2.09476 2.12185 0.229685
-1.30333 -1.31066 0 2.09444 2.12142 0.215148
-1.30335 -1.31066 0 2.09412 2.12095 0.215148
-1.30337 -1.31066 0.0290741 2.0938 2.12055 0.188981
-1.30338 -1.31066 0 2.09348 2.12011 0.206426
-1.3034 -1.3106 0.0552407 2.09316 2.11965 0.197704
-1.30341 -1.3106 0 2.09284 2.11918 0.220963
-1.30342 -1.3106 0 2.09252 2.11871 0.238407
-1.30344 -1.3106 0 2.0922 2.11822 0.24713
-1.30345 -1.3106 0 2.09188 2.11773 0.24713
-1.30347 -1.3106 0 2.09156 2.11723 0.220963
-1.30348 -1.3106 0 2.09124 2.11668 0.252944
-1.3035 -1.3106 0 2.09092 2.11619 0.252944
-1.30351 -1.3106 0 2.0906 2.11569 0.252944
-1.30352 -1.3106 0 2.09028 2.1152 0.229685
-1.30354 -1.3106 0 2.08996 2.11476 0.229685
-1.30355 -1.31063 0 2.08964 2.11435 0.206426
-1.30357 -1.31066 0 2.08932 2.11398 0.197704
-1.30358 -1.31069 -0.0377963 2.089 2.11363 0.197704
-1.30359 -1.31075 -0.0377963 2.08868 2.11328 0.183167
-1.30361 -1.31075 0 2.08835 2.11293 0.174444
-1.30362 -1.31075 0 2.08803 2.11255 0.188981
-1.30363 -1.31075 0 2.08771 2.11214 0.206426
-1.30365 -1.3108 0 2.08739 2.11182 0.197704
-1.30366 -1.31083 0 2.08707 2.11139 0.197704
-1.30367 -1.31086 -0.0552407 2.08675 2.11095 0.215148
-1.30368 -1.31086 0 2.08643 2.11052 0.229685
-1.3037 -1.31086 0 2.08611 2.11005 0.215148
-1.30371 -1.31086 0 2.08579 2.10959 0.229685
-1.30372 -1.31086 0 2.08546 2.10909 0.229685
-1.30373 -1.31086 0 2.08514 2.10854 0.252944
-1.30375 -1.31086 0 2.08482 2.10804 0.24713
-1.30376 -1.31086 0 2.0845 2.10758 0.229685
-1.30377 -1.31086 0 2.08418 2.10706 0.279111
-1.30378 -1.31086 0 2.08386 2.10662 0.220963
-1.30379 -1.31086 0 2.08354 2.10618 0.215148
-1.30381 -1.31086 0 2.08321 2.10578 0.188981
-1.30382 -1.31086 0 2.08289 2.10543 0.183167
-1.30383 -1.31086 0 2.08257 2.10508 0.165722
-1.30384 -1.31086 0 2.08225 2.10479 0.142463
-1.30385 -1.31086 0 2.08193 2.10453 0.125019
-1.30386 -1.31086 0 2.08161 2.10426 0.119204
-1.30387 -1.31086 0 2.08128 2.10406 0.110481
-1.30388 -1.31086 0 2.08096 2.10386 0.101759
-1.3039 -1.31086 0 2.08064 2.10365 0.0872222
-1.30393 -1.31086 0 2.08031 2.10351 0.0785
-1.30395 -1.31086 0 2.07998 2.10333 0.0872222
-1.30397 -1.31086 0 2.07965 2.10319 0.0697778
-1.30399 -1.31086 0 2.07932 2.10304 0.0872222
-1.30402 -1.31083 0 2.07899 2.10284 0.0610556
-1.30404 -1.31083 0 2.07866 2.10272 0.0785
-1.30406 -1.31083 0 2.07832 2.10261 0.0785
-1.30408 -1.31083 0 2.07799 2.10249 0.0552407
-1.3041 -1.31083 0 2.07766 2.10238 0.0465185
-1.30412 -1.31083 0 2.07733 2.10226 0.0377963
-1.30415 -1.31083 0 2.077 2.10217 0.0552407
-1.30417 -1.31083 0 2.07667 2.10208 0.0610556
-1.30419 -1.31083 0 2.07634 2.10203 0.0377963
-1.30421 -1.31083 0 2.07601 2.10197 0.0232593
-1.30423 -1.31083 0 2.07568 2.10191 0.0552407
-1.30425 -1.31083 0 2.07535 2.10185 0.0552407
-1.30427 -1.31083 0 2.07502 2.10179 0.0232593
-1.30429 -1.31083 0 2.07469 2.10174 0
-1.30431 -1.31083 0 2.07436 2.10171 0
-1.30434 -1.31083 0 2.07403 2.10168 0.0377963
-1.30436 -1.31083 0 2.0737 2.10162 0
-1.30438 -1.31083 0 2.07337 2.10159 0
-1.3044 -1.31083 0 2.07304 2.10153 0.0610556
-1.30442 -1.31083 0 2.0727 2.10147 0
-1.30444 -1.31083 0 2.07237 2.10144 0.0377963
-1.30446 -1.31083 0 2.07204 2.10139 0
-1.30448 -1.31083 0 2.07171 2.10136 0
-1.3045 -1.31083 0 2.07138 2.1013 0.0610556
-1.30451 -1.31083 0 2.07105 2.10127 0.00581481
-1.30453 -1.31083 0 2.07072 2.10118 0.00581481
-1.30455 -1.31083 0 2.07039 2.10112 0.0552407
-1.30457 -1.31083 0 2.07006 2.10104 0.0232593
-1.30459 -1.31083 0 2.06972 2.10098 0.0552407
-1.30461 -1.31083 0 2.06939 2.10086 0.014537
-1.30463 -1.31083 0 2.06906 2.10078 0.014537
-1.30465 -1.31083 0 2.06873 2.10066 0.0552407
-1.30467 -1.31083 0 2.0684 2.10054 0.0465185
-1.30468 -1.31083 0 2.06807 2.10043 0.0785
-1.3047 -1.31083 0 2.06773 2.10031 0.0785
-1.30472 -1.31083 0 2.0674 2.10017 0.0785
-1.30474 -1.31083 0 2.06707 2.10005 0.0785
-1.30476 -1.31083 0 2.06674 2.0999 0.0785
-1.30477 -1.31083 0 2.06641 2.09976 0.0552407
-1.30479 -1.31083 0 2.06607 2.09964 0.0697778
-1.30481 -1.31083 0 2.06574 2.0995 0.0697778
-1.30483 -1.31083 0 2.06541 2.09932 0.0872222
-1.30485 -1.31083 0 2.06508 2.09918 0.0872222
-1.30486 -1.31083 0 2.06475 2.099 0.0785
-1.30488 -1.31083 0 2.06441 2.09886 0.0872222
-1.3049 -1.31083 0 2.06408 2.09868 0.0872222
-1.30491 -1.31083 0 2.06375 2.09851 0.0872222
-1.30493 -1.31083 0 2.06342 2.09836 0.093037
-1.30495 -1.31083 0 2.06308 2.09819 0.0785
-1.30496 -1.31083 0 2.06275 2.09798 0.0872222
-1.30498 -1.31083 0 2.06242 2.09781 0.0872222
-1.305 -1.31083 0 2.06209 2.09764 0.0785
-1.30501 -1.31083 0 2.06175 2.09746 0.093037
-1.30503 -1.31083 0 2.06142 2.09726 0.093037
-1.30504 -1.31083 0 2.06109 2.09705 0.0872222
-1.30506 -1.31083 0 2.06076 2.09682 0.0872222
-1.30508 -1.31083 0 2.06042 2.09659 0.110481
-1.30509 -1.31083 0 2.06009 2.09636 0.093037
-1.30511 -1.31083 0 2.05976 2.09612 0.119204
-1.30512 -1.31083 0 2.05942 2.09586 0.125019
-1.30514 -1.31083 0 2.05909 2.0956 0.125019
-1.30515 -1.31083 0 2.05876 2.09531 0.125019
-1.30517 -1.31083 0 2.05842 2.09505 0.133741
-1.30519 -1.31083 0 2.05809 2.09473 0.157
-1.30522 -1.31083 0 2.05774 2.09447 0.151185
-1.30525 -1.31083 0 2.0574 2.09415 0.165722
-1.30528 -1.31083 0 2.05705 2.09383 0.142463
-1.30532 -1.31083 0 2.05671 2.09351 0.165722
-1.30535 -1.31083 0 2.05636 2.09316 0.165722
-1.30538 -1.31083 0 2.05601 2.09278 0.174444
-1.30541 -1.31083 0 2.05567 2.09243 0.183167
-1.30544 -1.31083 0 2.05532 2.092 0.220963
-1.30547 -1.31083 0 2.05498 2.09156 0.206426
-1.30551 -1.31083 0 2.05463 2.09107 0.252944
-1.30554 -1.31083 0 2.05429 2.09051 0.279111
-1.30557 -1.31083 0 2.05394 2.08993 0.311093
-1.3056 -1.31086 0 2.05359 2.08932 0.316907
-1.30563 -1.31086 0 2.05325 2.08868 0.311093
-1.30566 -1.31086 0 2.0529 2.08798 0.334352
-1.30569 -1.31086 0 2.05255 2.08731 0.334352
-1.30572 -1.31089 0 2.05221 2.08662 0.357611
-1.30575 -1.31092 0 2.05186 2.08598 0.334352
-1.30578 -1.31095 -0.0290741 2.05151 2.08531 0.348889
-1.30581 -1.31098 0 2.05117 2.08464 0.366333
-1.30584 -1.31101 -0.0465185 2.05082 2.08394 0.348889
-1.30587 -1.31101 0 2.05047 2.08316 0.38087
-1.3059 -1.31104 -0.0377963 2.05013 2.08234 0.407037
-1.30593 -1.31107 -0.0290741 2.04978 2.0815 0.430296
-1.30596 -1.31109 0 2.04943 2.08063 0.439019
-1.30599 -1.31112 0 2.04909 2.07976 0.444833
-1.30602 -1.31118 0 2.04874 2.07888 0.453556
-1.30604 -1.31121 -0.0552407 2.04839 2.07804 0.439019
-1.30607 -1.31127 0 2.04805 2.07726 0.421574
-1.3061 -1.3113 0 2.0477 2.07647 0.412852
-1.30613 -1.3113 0 2.04735 2.07566 0.389593
-1.30616 -1.31133 0 2.047 2.0749 0.398315
-1.30619 -1.31136 -0.00581481 2.04666 2.07417 0.38087
-1.30621 -1.31139 -0.0610556 2.04631 2.0735 0.366333
-1.30624 -1.31139 0 2.04596 2.07286 0.32563
-1.30627 -1.31139 0 2.04561 2.07223 0.311093
-1.3063 -1.31139 0 2.04527 2.07164 0.293648
-1.30633 -1.31139 0 2.04492 2.07112 0.252944
-1.30635 -1.31139 0 2.04457 2.07066 0.229685
-1.30638 -1.31139 0 2.04422 2.07019 0.229685
-1.30641 -1.31139 0 2.04388 2.06978 0.206426
-1.30643 -1.31139 0 2.04353 2.06935 0.229685
-1.30646 -1.31139 0 2.04318 2.06894 0.206426
-1.30649 -1.31136 0 2.04283 2.0685 0.188981
-1.30651 -1.31136 0 2.04248 2.0681 0.188981
-1.30654 -1.31133 0 2.04214 2.06766 0.197704
-1.30657 -1.3113 0 2.04179 2.0672 0.215148
-1.30659 -1.3113 0 2.04144 2.06673 0.229685
-1.30662 -1.31124 0.014537 2.04109 2.06621 0.252944
-1.30665 -1.31124 0 2.04074 2.06574 0.252944
-1.30667 -1.31124 0 2.04039 2.06525 0.220963
-1.3067 -1.31124 0 2.04005 2.06475 0.229685
-1.30672 -1.31124 0 2.0397 2.06429 0.252944
-1.30674 -1.31124 0 2.03935 2.06382 0.238407
-1.30676 -1.31124 0 2.03901 2.06333 0.252944
-1.30678 -1.31124 0 2.03867 2.06283 0.252944
-1.30679 -1.31124 0 2.03832 2.06237 0.206426
-1.30681 -1.31127 0 2.03798 2.06193 0.220963
-1.30683 -1.31127 0 2.03764 2.06144 0.261667
-1.30685 -1.3113 0 2.03729 2.06097 0.252944
-1.30686 -1.31133 -0.0377963 2.03695 2.06048 0.252944
-1.30688 -1.31136 -0.0610556 2.03661 2.05996 0.284926
-1.3069 -1.31136 0 2.03626 2.0594 0.284926
-1.30692 -1.31136 0 2.03592 2.05882 0.284926
-1.30693 -1.31136 0 2.03557 2.05821 0.293648
-1.30695 -1.31139 -0.00581481 2.03523 2.05766 0.293648
-1.30697 -1.31141 0 2.03489 2.05705 0.279111
-1.30698 -1.31141 0 2.03454 2.05647 0.293648
-1.307 -1.31141 0 2.0342 2.05589 0.293648
-1.30702 -1.31141 0 2.03385 2.05533 0.270389
-1.30703 -1.31141 0 2.03351 2.05481 0.293648
-1.30705 -1.31141 0 2.03316 2.05426 0.261667
-1.30706 -1.31141 0 2.03282 2.05376 0.252944
-1.30708 -1.31141 0 2.03247 2.05333 0.229685
-1.3071 -1.31141 0 2.03213 2.05292 0.188981
-1.30711 -1.31141 0 2.03179 2.05254 0.183167
-1.30713 -1.31141 0 2.03144 2.05219 0.183167
-1.30714 -1.31141 0 2.0311 2.0519 0.133741
-1.30716 -1.31141 0 2.03075 2.05164 0.142463
-1.30717 -1.31141 0 2.03041 2.05138 0.133741
-1.30719 -1.31141 0 2.03006 2.05112 0.093037
-1.3072 -1.31141 0 2.02972 2.05088 0.133741
-1.30722 -1.31141 0 2.02937 2.05068 0.101759
-1.30723 -1.31141 0 2.02903 2.05045 0.110481
-1.30725 -1.31141 0 2.02868 2.05027 0.093037
-1.30726 -1.31141 0 2.02834 2.05007 0.101759
-1.30727 -1.31141 0 2.02799 2.0499 0.0785
-1.30729 -1.31141 0 2.02764 2.04972 0.0872222
-1.3073 -1.31141 0 2.0273 2.04958 0.0697778
-1.30732 -1.31141 0 2.02695 2.0494 0.0872222
-1.30733 -1.31141 0 2.02661 2.04929 0.0610556
-1.30734 -1.31141 0 2.02626 2.04917 0.0232593
-1.30736 -1.31141 0 2.02592 2.04908 0.0697778
-1.30737 -1.31141 0 2.02557 2.04897 0.0465185
-1.30738 -1.31141 0 2.02523 2.04891 0.0377963
-1.30747 -1.31141 0 2.02483 2.04882 0.0610556
-1.30758 -1.31141 0 2.02441 2.04876 0.0465185
-1.30769 -1.31141 0 2.02399 2.04868 0.014537
-1.3078 -1.31141 0 2.02357 2.04865 0.0232593
-1.3079 -1.31141 0 2.02315 2.04859 0.0552407
-1.30801 -1.31141 0 2.02273 2.04853 0
-1.30812 -1.31141 0 2.02231 2.04847 0.0377963
-1.30823 -1.31141 0 2.02189 2.04841 0.0377963
-1.30834 -1.31141 0 2.02147 2.04833 0.014537
-1.30844 -1.31141 0 2.02105 2.04827 0.014537
-1.30855 -1.31141 0 2.02063 2.04821 0.0290741
-1.30866 -1.31141 0 2.02021 2.04815 0
-1.30876 -1.31141 0 2.01979 2.04809 0
-1.30887 -1.31141 0 2.01937 2.04801 0
-1.30897 -1.31141 0 2.01895 2.04795 0
-1.30908 -1.31141 0 2.01852 2.04786 0.0552407
-1.30918 -1.31141 0 2.0181 2.04777 0.0232593
