angle_1_e angle_1_t d_theta_1_t angle_2_e angle_2_t d_theta_2_t
-1.0498 -1.06615 0 1.79464 1.78076 0
-1.04957 -1.06615 0 1.79433 1.78076 0
-1.04934 -1.06615 0 1.79401 1.78076 0
-1.04911 -1.06615 0 1.7937 1.78076 0
-1.04889 -1.06612 0 1.79338 1.78073 0
-1.04866 -1.06609 0 1.79307 1.7807 0
-1.04843 -1.06609 0 1.79275 1.7807 0
-1.0482 -1.06603 0.0232593 1.79244 1.78064 0
-1.04797 -1.06597 0.0552407 1.79213 1.78061 0
-1.04774 -1.06594 0 1.79181 1.78058 0
-1.04751 -1.06594 0 1.7915 1.78058 0
-1.04729 -1.06591 0 1.79118 1.78055 0
-1.04706 -1.06586 0.014537 1.79087 1.7805 0
-1.04683 -1.06571 0.0610556 1.79055 1.78035 0
-1.0466 -1.06559 0.0697778 1.79024 1.78023 0
-1.04637 -1.06556 0.0552407 1.78992 1.78021 0
-1.04614 -1.06556 0 1.78961 1.78023 -0.00581481
-1.04592 -1.06556 0 1.78929 1.78023 0
-1.04569 -1.06545 0.0465185 1.78898 1.78012 0
-1.04546 -1.06527 0.0785 1.78866 1.77994 0
-1.04523 -1.06513 0.0697778 1.78835 1.7798 0
-1.045 -1.06507 0 1.78803 1.77974 0
-1.04477 -1.06507 0 1.78772 1.77974 0
-1.04455 -1.06498 0.0552407 1.7874 1.77965 0
-1.04432 -1.06484 0.0872222 1.78709 1.77951 0
-1.04409 -1.06469 0.0610556 1.78677 1.77936 0
-1.04386 -1.06466 0.0232593 1.78645 1.77933 0
-1.04363 -1.06463 0.014537 1.78614 1.7793 0
-1.0434 -1.06458 0 1.78582 1.77925 0
-1.04318 -1.06446 0.0697778 1.78551 1.77913 0
-1.04295 -1.06429 0.093037 1.78519 1.77895 0
-1.04272 -1.06414 0.0872222 1.78488 1.77881 0
-1.04249 -1.06408 0.014537 1.78456 1.77875 0
-1.04226 -1.06408 0 1.78424 1.77875 0
-1.04203 -1.06405 0 1.78393 1.77872 0
-1.04181 -1.06391 0.0785 1.78361 1.77858 0
-1.04158 -1.06376 0.101759 1.7833 1.77843 0
-1.04135 -1.06362 0.0872222 1.78298 1.77829 0
-1.04112 -1.06356 0.0610556 1.78266 1.77823 0
-1.04089 -1.06356 0 1.78235 1.77823 0
-1.04066 -1.06347 0.014537 1.78203 1.77814 0
-1.04044 -1.06333 0.0697778 1.78171 1.778 0
-1.04021 -1.06312 0.110481 1.7814 1.77779 0
-1.03998 -1.06298 0.0872222 1.78108 1.77765 0
-1.03975 -1.06292 0 1.78076 1.77759 0
-1.03952 -1.06292 0 1.78045 1.77759 0
-1.03929 -1.06283 0.0697778 1.78013 1.7775 0
-1.03907 -1.06263 0.110481 1.77981 1.7773 0
-1.03884 -1.06242 0.110481 1.7795 1.77709 0
-1.03862 -1.06231 0.0610556 1.77917 1.77698 0
-1.03841 -1.06231 0 1.77885 1.77698 0
-1.03819 -1.06225 0 1.77853 1.77692 0
-1.03798 -1.06213 0.0697778 1.7782 1.7768 0
-1.03776 -1.06187 0.125019 1.77788 1.77654 0
-1.03755 -1.06167 0.133741 1.77755 1.77634 0
-1.03734 -1.06152 0.0552407 1.77723 1.77619 0
-1.03712 -1.06149 0.0465185 1.7769 1.77616 0
-1.03691 -1.06146 0 1.77658 1.77613 0
-1.0367 -1.06138 0.0465185 1.77625 1.77605 0
-1.03648 -1.06117 0.093037 1.77593 1.77584 0
-1.03627 -1.06094 0.133741 1.7756 1.77561 0
-1.03605 -1.06074 0.110481 1.77528 1.77541 0
-1.03584 -1.06068 0.0232593 1.77495 1.77535 0
-1.03563 -1.06062 0 1.77463 1.77529 0
-1.03541 -1.06051 0.0697778 1.7743 1.77518 0
-1.0352 -1.06024 0.142463 1.77398 1.77491 0
-1.03498 -1.05995 0.142463 1.77365 1.77462 0
-1.03477 -1.05981 0.0872222 1.77332 1.77448 0
-1.03456 -1.05978 0.0232593 1.773 1.77445 0
-1.03434 -1.05975 0.0377963 1.77267 1.77442 0
-1.03413 -1.05958 0.0785 1.77235 1.77424 0
-1.03391 -1.05931 0.125019 1.77202 1.77398 0
-1.0337 -1.05905 0.151185 1.7717 1.77372 0
-1.03349 -1.05888 0.119204 1.77137 1.77355 0
-1.03327 -1.05879 0.0697778 1.77104 1.77346 0
-1.03306 -1.05873 0.00581481 1.77072 1.7734 0
-1.03284 -1.05862 0.0377963 1.77039 1.77329 0
-1.03263 -1.05838 0.119204 1.77007 1.77305 0
-1.03242 -1.05809 0.157 1.76974 1.77276 0
-1.0322 -1.0578 0.174444 1.76941 1.77247 0
-1.03199 -1.05766 0.0872222 1.76909 1.77233 0
-1.03177 -1.0576 0.0377963 1.76876 1.77227 0
-1.03156 -1.05757 0 1.76844 1.77224 0
-1.03135 -1.05737 0.0872222 1.76811 1.77204 0
-1.03113 -1.05707 0.165722 1.76778 1.77174 0
-1.03092 -1.0567 0.220963 1.76746 1.77137 0
-1.0307 -1.05649 0.142463 1.76713 1.77116 0
-1.03049 -1.05641 0.0610556 1.7668 1.77108 0
-1.03028 -1.05638 0.014537 1.76648 1.77105 0
-1.03006 -1.05629 0.0872222 1.76615 1.77096 0
-1.02985 -1.056 0.142463 1.76582 1.77067 0
-1.02963 -1.05562 0.220963 1.7655 1.77029 0
-1.02942 -1.05533 0.188981 1.76517 1.77 0
-1.02921 -1.05521 0.0785 1.76484 1.76988 0
-1.02899 -1.05521 0 1.76452 1.76988 0
-1.02878 -1.05513 0.0610556 1.76419 1.7698 0
-1.02856 -1.05487 0.133741 1.76386 1.76954 0
-1.02835 -1.05452 0.206426 1.76353 1.76919 0
-1.02814 -1.0542 0.206426 1.76321 1.76887 0
-1.02792 -1.05402 0.110481 1.76288 1.76869 0
-1.02771 -1.05399 0 1.76255 1.76866 0
-1.02749 -1.05393 0.0290741 1.76223 1.7686 0
-1.02728 -1.05376 0.101759 1.7619 1.76843 0
-1.02707 -1.05341 0.188981 1.76157 1.76808 0.0377963
-1.02685 -1.05306 0.229685 1.76124 1.76773 0
-1.02664 -1.05283 0.133741 1.76092 1.7675 0
-1.02642 -1.05274 0.0377963 1.76059 1.76741 0
-1.02621 -1.05271 0 1.76026 1.76738 0
-1.026 -1.05257 0.0697778 1.75993 1.76724 0
-1.02578 -1.05222 0.165722 1.7596 1.76689 0
-1.02557 -1.05187 0.215148 1.75928 1.76654 0
-1.02535 -1.05161 0.151185 1.75895 1.76622 0.0290741
-1.02514 -1.05152 0.0232593 1.75862 1.76613 0
-1.02493 -1.05149 0.0465185 1.75829 1.7661 0
-1.02471 -1.05135 0.0290741 1.75796 1.76596 0
-1.0245 -1.05111 0.142463 1.75764 1.76573 0
-1.02428 -1.05077 0.206426 1.75731 1.76535 0
-1.02407 -1.05047 0.174444 1.75698 1.76506 0
-1.02386 -1.05033 0.0785 1.75665 1.76491 0
-1.02364 -1.0503 0.0552407 1.75632 1.76488 0
-1.02343 -1.05021 0.0377963 1.75599 1.7648 0
-1.02321 -1.05001 0.110481 1.75567 1.76456 0.0465185
-1.023 -1.04972 0.165722 1.75534 1.76427 0
-1.02279 -1.04937 0.183167 1.75501 1.76389 0
-1.02257 -1.04917 0.125019 1.75468 1.76369 0
-1.02236 -1.04908 0.0377963 1.75435 1.7636 0
-1.02214 -1.04905 0 1.75402 1.76357 0
-1.02193 -1.04893 0.0377963 1.75369 1.76343 0.0377963
-1.02173 -1.04867 0.133741 1.75336 1.76317 0
-1.02152 -1.04829 0.188981 1.75303 1.76276 0
-1.02131 -1.04803 0.174444 1.7527 1.7625 0
-1.0211 -1.04792 0.0697778 1.75237 1.76235 0
-1.02089 -1.04792 0 1.75203 1.76235 0
-1.02068 -1.04792 0 1.7517 1.76232 0.014537
-1.02047 -1.04771 0.101759 1.75137 1.76212 0
-1.02026 -1.04736 0.197704 1.75104 1.76174 0.0232593
-1.02005 -1.04707 0.188981 1.75071 1.76142 0
-1.01984 -1.04693 0.0785 1.75038 1.76128 0
-1.01963 -1.04693 0 1.75004 1.76125 0
-1.01942 -1.04693 0 1.74971 1.76125 0
-1.01921 -1.04678 0.0290741 1.74938 1.76105 0.0552407
-1.019 -1.04649 0.174444 1.74905 1.76073 0.0552407
-1.01879 -1.04617 0.188981 1.74872 1.76041 0
-1.01858 -1.04597 0.133741 1.74838 1.76017 0
-1.01837 -1.04597 0 1.74805 1.76014 0
-1.01816 -1.046 -0.0465185 1.74772 1.76014 0.014537
-1.01796 -1.04597 0 1.74739 1.76009 0.0552407
-1.01775 -1.04568 0.157 1.74705 1.75977 0
-1.01754 -1.0453 0.206426 1.74672 1.75936 0
-1.01733 -1.04507 0.151185 1.74639 1.7591 0
-1.01712 -1.04504 0 1.74606 1.75907 0
-1.01691 -1.0451 -0.0232593 1.74572 1.7591 0.014537
-1.0167 -1.0451 0 1.74539 1.75904 0.0290741
-1.01649 -1.04483 0.151185 1.74506 1.75875 0.0552407
-1.01628 -1.04451 0.165722 1.74473 1.7584 0.0552407
-1.01607 -1.04431 0.125019 1.74439 1.75817 0.0377963
-1.01586 -1.04425 0.0377963 1.74406 1.75805 0.0377963
-1.01565 -1.04425 0 1.74373 1.75805 0
-1.01544 -1.04422 0 1.74339 1.75796 0.0552407
-1.01523 -1.04399 0.119204 1.74306 1.7577 0
-1.01502 -1.0437 0.157 1.74273 1.75738 0.0290741
-1.01481 -1.0435 0.133741 1.74239 1.75712 0.0552407
-1.0146 -1.04338 0.0785 1.74206 1.75697 0
-1.01439 -1.04338 0 1.74173 1.75695 0.0552407
-1.01418 -1.04335 0 1.74139 1.75689 0.00581481
-1.01397 -1.04321 0.0785 1.74106 1.75668 0.0232593
-1.01376 -1.04292 0.142463 1.74073 1.75636 0
-1.01356 -1.04265 0.151185 1.74039 1.75607 0.0610556
-1.01335 -1.04251 0.0872222 1.74006 1.7559 0
-1.01314 -1.04245 0.0465185 1.73973 1.75575 0.0552407
-1.01293 -1.04242 0 1.73939 1.7557 0
-1.01272 -1.04233 0.0232593 1.73906 1.75558 0.0377963
-1.01251 -1.0421 0.101759 1.73873 1.75529 0
-1.0123 -1.04181 0.165722 1.73839 1.75497 0.0552407
-1.01209 -1.04158 0.142463 1.73806 1.75468 0.0377963
-1.01188 -1.04146 0.0785 1.73772 1.75453 0
-1.01167 -1.04146 0 1.73739 1.7545 0.0377963
-1.01146 -1.04143 0 1.73706 1.75442 0.0610556
-1.01125 -1.04126 0.093037 1.73672 1.75418 0.0290741
-1.01104 -1.04097 0.174444 1.73639 1.75384 0
-1.01083 -1.04065 0.174444 1.73605 1.75346 0.0610556
-1.01062 -1.04047 0.0610556 1.73572 1.75322 0.0465185
-1.01041 -1.04047 0 1.73538 1.7532 0
-1.0102 -1.04047 0 1.73505 1.75311 0.0465185
-1.00999 -1.04015 0.142463 1.73472 1.75273 0
-1.00978 -1.03972 0.197704 1.73438 1.75227 0.00581481
-1.00957 -1.03943 0.183167 1.73405 1.75192 0
-1.00936 -1.03937 0.0290741 1.73371 1.75183 0.0290741
-1.00915 -1.03937 0 1.73338 1.7518 0
-1.00894 -1.03937 0 1.73304 1.75177 0
-1.00873 -1.03908 0.142463 1.73271 1.75145 0
-1.00852 -1.0387 0.215148 1.73237 1.75101 0
-1.00831 -1.03835 0.174444 1.73204 1.75067 0
-1.0081 -1.03829 0.0232593 1.7317 1.75058 0
-1.00789 -1.03829 0 1.73137 1.75058 0
-1.00768 -1.03823 0 1.73103 1.75049 0.0552407
-1.00747 -1.03797 0.157 1.7307 1.75023 0
-1.00726 -1.03757 0.197704 1.73036 1.74979 0
-1.00705 -1.03725 0.183167 1.73003 1.74944 0
-1.00685 -1.03716 0.0610556 1.72969 1.74933 0.0377963
-1.00664 -1.03716 0 1.72936 1.7493 0
-1.00643 -1.03713 0 1.72902 1.74927 0
-1.00622 -1.0369 0.125019 1.72868 1.74901 0.0610556
-1.00601 -1.03652 0.215148 1.72835 1.7486 0
-1.0058 -1.03614 0.215148 1.72801 1.74819 0.0552407
-1.00559 -1.036 0.101759 1.72768 1.74799 0
-1.00538 -1.03597 0 1.72734 1.74796 0
-1.00517 -1.03597 0 1.72701 1.74793 0.0610556
-1.00496 -1.03579 0.101759 1.72667 1.74773 0.0377963
-1.00475 -1.03541 0.197704 1.72633 1.74732 0.0552407
-1.00454 -1.03501 0.215148 1.726 1.74686 0
-1.00433 -1.0348 0.133741 1.72566 1.74662 0.0232593
-1.00412 -1.03477 0.0377963 1.72533 1.74654 0.0465185
-1.00391 -1.03477 0 1.72499 1.74651 0
-1.0037 -1.03463 0.0377963 1.72465 1.7463 0
-1.00349 -1.03431 0.165722 1.72432 1.74596 0.0377963
-1.00328 -1.03393 0.215148 1.72398 1.74552 0.0610556
-1.00308 -1.03364 0.157 1.72364 1.74517 0.00581481
-1.00287 -1.03355 0.0610556 1.7233 1.74503 0.0290741
-1.00267 -1.03355 0 1.72296 1.74497 0.0377963
-1.00247 -1.0335 0 1.72262 1.74485 0.0232593
-1.00227 -1.0332 0.119204 1.72228 1.74447 0.0552407
-1.00206 -1.0328 0.238407 1.72194 1.74401 0.0552407
-1.00186 -1.03242 0.238407 1.7216 1.74357 0.0465185
-1.00166 -1.0323 0.101759 1.72126 1.7434 0.0465185
-1.00145 -1.0323 0 1.72092 1.74334 0.0610556
-1.00125 -1.03233 0 1.72058 1.74331 0.0232593
-1.00105 -1.03216 0.0290741 1.72024 1.74308 0.00581481
-1.00084 -1.03178 0.206426 1.7199 1.74261 0.0552407
-1.00064 -1.03134 0.261667 1.71956 1.74212 0.0465185
-1.00044 -1.03102 0.197704 1.71922 1.74171 0.0232593
-1.00023 -1.031 0.00581481 1.71887 1.74162 0
-1.00003 -1.03102 0 1.71853 1.74159 0.014537
-0.99983 -1.031 0 1.71819 1.74148 0
-0.99962 -1.03062 0.183167 1.71785 1.74101 0.0290741
-0.99942 -1.03004 0.252944 1.71751 1.74037 0
-0.99922 -1.02972 0.206426 1.71717 1.73997 0.0552407
-0.99901 -1.02966 0.0377963 1.71683 1.73988 0.0290741
-0.99881 -1.02966 0 1.71649 1.73982 0
-0.9986 -1.02966 0 1.71615 1.73973 0.0377963
-0.9984 -1.02934 0.157 1.71581 1.73936 0.0610556
-0.9982 -1.02876 0.261667 1.71546 1.73872 0.0610556
-0.99799 -1.02835 0.261667 1.71512 1.73825 0.014537
-0.99779 -1.0282 0.0697778 1.71478 1.73805 0
-0.99759 -1.0282 0 1.71444 1.73799 0.0465185
-0.99738 -1.0282 -0.0465185 1.7141 1.73793 0
-0.99718 -1.02791 0.142463 1.71376 1.73758 0.0610556
-0.99698 -1.02724 0.284926 1.71341 1.73688 0.0610556
-0.99677 -1.02675 0.311093 1.71307 1.73633 0
-0.99657 -1.02655 0.165722 1.71273 1.7361 0.0377963
-0.99637 -1.02658 0 1.71239 1.73607 0.014537
-0.99616 -1.02663 -0.0785 1.71205 1.7361 0
-0.99596 -1.02643 0.0232593 1.71171 1.73584 0
-0.99576 -1.02588 0.293648 1.71136 1.73523 0.0377963
-0.99555 -1.02509 0.38087 1.71102 1.73441 0
-0.99535 -1.02474 0.238407 1.71068 1.73404 0.0290741
-0.99514 -1.02477 0 1.71034 1.73404 0
-0.99494 -1.02498 -0.125019 1.71 1.73424 0
-0.99474 -1.02492 0 1.70965 1.73412 0.014537
-0.99453 -1.02437 0.293648 1.70931 1.73357 0
-0.99433 -1.02361 0.421574 1.70897 1.73276 0
-0.99413 -1.02317 0.284926 1.70863 1.73226 0
-0.99392 -1.02315 0.0552407 1.70828 1.73223 0
-0.99372 -1.02335 -0.125019 1.70794 1.73241 0
-0.99352 -1.02341 -0.00581481 1.7076 1.73247 0
-0.99331 -1.02297 0.206426 1.70726 1.732 0.0290741
-0.99311 -1.0223 0.38087 1.70691 1.7313 0.0290741
-0.9929 -1.02178 0.311093 1.70657 1.73072 0.0290741
-0.9927 -1.02166 0.119204 1.70623 1.7306 0
-0.9925 -1.02172 0 1.70588 1.73063 0.0377963
-0.99229 -1.02181 -0.014537 1.70554 1.73072 0
-0.99209 -1.02163 0.0465185 1.7052 1.73052 0.0552407
-0.99189 -1.02117 0.229685 1.70485 1.73002 0.0377963
-0.99168 -1.02064 0.316907 1.70451 1.72941 0.00581481
-0.99148 -1.02027 0.220963 1.70417 1.72901 0.0465185
-0.99127 -1.02021 0.0377963 1.70383 1.72892 0
-0.99107 -1.02021 0 1.70348 1.72889 0.0610556
-0.99087 -1.02024 0 1.70314 1.72889 0
-0.99066 -1.01998 0.151185 1.70279 1.72854 0.0377963
-0.99046 -1.01957 0.220963 1.70245 1.7281 0.0377963
-0.99026 -1.01916 0.252944 1.70211 1.72761 0
-0.99005 -1.01893 0.142463 1.70176 1.72735 0.0552407
-0.98985 -1.01893 0 1.70142 1.72732 0
-0.98964 -1.01893 0 1.70108 1.72729 0
-0.98944 -1.01887 0 1.70073 1.72717 0
-0.98924 -1.01852 0.165722 1.70039 1.72677 0.0610556
-0.98903 -1.01806 0.279111 1.70005 1.72627 0.0232593
-0.98883 -1.01768 0.229685 1.6997 1.72581 0.0232593
-0.98862 -1.01759 0.0610556 1.69936 1.72569 0.0552407
-0.98842 -1.01768 -0.0290741 1.69901 1.72572 0.014537
-0.98822 -1.01774 -0.0552407 1.69867 1.72575 0.0552407
-0.98801 -1.01753 0.093037 1.69832 1.72549 0
-0.98781 -1.01704 0.252944 1.69798 1.72494 0.014537
-0.9876 -1.0166 0.279111 1.69764 1.72441 0
-0.9874 -1.0164 0.133741 1.69729 1.72415 0.0290741
-0.9872 -1.01652 0 1.69695 1.72421 0.0290741
-0.98699 -1.01663 -0.0785 1.6966 1.72427 0
-0.98679 -1.01655 0 1.69626 1.72409 0.00581481
-0.98658 -1.01614 0.206426 1.69591 1.7236 0.0377963
-0.98638 -1.01559 0.293648 1.69557 1.72299 0.0610556
-0.98618 -1.01527 0.206426 1.69522 1.72261 0.0610556
-0.98597 -1.01532 0 1.69488 1.72261 0.0552407
-0.98577 -1.01553 -0.142463 1.69453 1.72275 0.0290741
-0.98556 -1.01556 -0.0290741 1.69419 1.7227 0.0465185
-0.98536 -1.01515 0.220963 1.69384 1.7222 0.0552407
-0.98516 -1.0146 0.343074 1.6935 1.72153 0.0610556
-0.98495 -1.01428 0.215148 1.69315 1.72113 0.0785
-0.98475 -1.01434 0 1.69281 1.7211 0.0697778
-0.98454 -1.01457 -0.151185 1.69246 1.72124 0.00581481
-0.98434 -1.01463 -0.00581481 1.69212 1.72121 0.0232593
-0.98413 -1.01428 0.197704 1.69177 1.72075 0.0552407
-0.98393 -1.01375 0.311093 1.69143 1.72014 0.0697778
-0.98373 -1.01343 0.206426 1.69108 1.7197 0.0697778
-0.98352 -1.01343 0 1.69074 1.71959 0.0697778
-0.98332 -1.01361 -0.125019 1.69039 1.71967 0.0377963
-0.98311 -1.01364 0 1.69005 1.71961 0.0465185
-0.98291 -1.01332 0.157 1.6897 1.71915 0.0697778
-0.9827 -1.01288 0.252944 1.68935 1.7186 0.0785
-0.9825 -1.01262 0.165722 1.68901 1.71822 0.0697778
-0.9823 -1.01259 0 1.68866 1.71804 0.0872222
-0.98209 -1.01265 -0.00581481 1.68832 1.71799 0.0697778
-0.98189 -1.01262 0 1.68797 1.71781 0.0785
-0.98168 -1.01236 0.125019 1.68762 1.71741 0.0785
-0.98148 -1.0121 0.151185 1.68728 1.717 0.0785
-0.98127 -1.01186 0.125019 1.68693 1.71659 0.0872222
-0.98107 -1.01178 0.0465185 1.68659 1.71636 0.101759
-0.98087 -1.01169 0.0552407 1.68624 1.7161 0.101759
-0.98066 -1.01157 0.0785 1.68589 1.71584 0.0785
-0.98046 -1.01143 0.101759 1.68555 1.71549 0.110481
-0.98025 -1.01128 0.0785 1.6852 1.71514 0.119204
-0.98005 -1.01117 0.0465185 1.68485 1.71482 0.119204
-0.97984 -1.01099 0.093037 1.68451 1.71441 0.142463
-0.97964 -1.01073 0.157 1.68416 1.71392 0.119204
-0.97943 -1.01053 0.142463 1.68382 1.71345 0.125019
-0.97923 -1.01047 0.0465185 1.68347 1.71316 0.133741
-0.97902 -1.01047 0 1.68312 1.71287 0.157
-0.97882 -1.01044 0 1.68278 1.71255 0.183167
-0.97861 -1.01015 0.157 1.68243 1.71197 0.165722
-0.97841 -1.00974 0.229685 1.68208 1.71127 0.183167
-0.9782 -1.00945 0.183167 1.68174 1.71063 0.188981
-0.978 -1.00942 0 1.68139 1.71025 0.188981
-0.97779 -1.0096 -0.110481 1.68104 1.71008 0.197704
-0.97759 -1.0096 0 1.68069 1.70973 0.206426
-0.97738 -1.00919 0.206426 1.68035 1.70894 0.206426
-0.97718 -1.00864 0.316907 1.68 1.70799 0.220963
-0.97697 -1.00835 0.206426 1.67965 1.70729 0.229685
-0.97677 -1.0084 0 1.67931 1.70694 0.229685
-0.97656 -1.00867 -0.157 1.67896 1.70673 0.238407
-0.97636 -1.00867 -0.0465185 1.67861 1.70627 0.252944
-0.97615 -1.0082 0.261667 1.67826 1.70537 0.279111
-0.97594 -1.00756 0.357611 1.67792 1.70421 0.284926
-0.97574 -1.00721 0.229685 1.67757 1.7033 0.311093
-0.97553 -1.00727 0 1.67722 1.70284 0.316907
-0.97533 -1.00756 -0.174444 1.67687 1.70249 0.32563
-0.97512 -1.00753 0 1.67653 1.70188 0.316907
-0.97492 -1.00701 0.270389 1.67618 1.70077 0.343074
-0.97471 -1.00637 0.38087 1.67583 1.69947 0.357611
-0.97451 -1.00608 0.206426 1.67548 1.69845 0.389593
-0.9743 -1.0062 0 1.67513 1.69787 0.389593
-0.9741 -1.0064 -0.151185 1.67479 1.6974 0.389593
-0.97389 -1.00631 0 1.67444 1.69656 0.412852
-0.97369 -1.00576 0.270389 1.67409 1.69531 0.407037
-0.97348 -1.00518 0.348889 1.67374 1.69403 0.38087
-0.97328 -1.00486 0.206426 1.67339 1.69313 0.343074
-0.97307 -1.00489 0 1.67305 1.69261 0.316907
-0.97287 -1.00503 -0.110481 1.6727 1.69229 0.252944
-0.97266 -1.00497 0 1.67235 1.69179 0.238407
-0.97245 -1.00451 0.238407 1.672 1.69092 0.220963
-0.97225 -1.00401 0.311093 1.67165 1.69008 0.220963
-0.97204 -1.00372 0.174444 1.6713 1.68944 0.188981
-0.97184 -1.00369 0.014537 1.67095 1.68906 0.188981
-0.97163 -1.00369 0 1.67061 1.68877 0.174444
-0.97143 -1.00358 0 1.67026 1.68836 0.151185
-0.97122 -1.00323 0.206426 1.66991 1.68772 0.157
-0.97102 -1.00279 0.220963 1.66956 1.68702 0.133741
-0.97081 -1.00247 0.188981 1.66921 1.68644 0.165722
-0.97061 -1.00239 0.0552407 1.66886 1.68609 0.142463
-0.9704 -1.00227 0.0232593 1.66851 1.68574 0.125019
-0.97019 -1.00207 0.119204 1.66816 1.68534 0.125019
-0.96999 -1.00175 0.174444 1.66781 1.68481 0.125019
-0.96978 -1.00146 0.183167 1.66746 1.68432 0.110481
-0.96958 -1.00125 0.110481 1.66711 1.68397 0.0872222
-0.96937 -1.00111 0.0785 1.66676 1.68365 0.0697778
-0.96917 -1.00085 0.125019 1.66641 1.6833 0.0610556
-0.96896 -1.0005 0.188981 1.66607 1.68287 0.0697778
-0.96876 -1.00018 0.183167 1.66572 1.68249 0.0377963
-0.96855 -1 0.0785 1.66537 1.68223 0.0552407
-0.96834 -0.999944 0.0552407 1.66502 1.68214 0
-0.96814 -0.999712 0.110481 1.66467 1.68191 0
-0.96793 -0.999305 0.229685 1.66432 1.6815 0
-0.96773 -0.998868 0.270389 1.66397 1.68106 0
-0.96752 -0.998636 0.142463 1.66362 1.68083 0
-0.96732 -0.998636 0 1.66327 1.68083 0
-0.96711 -0.998636 0 1.66292 1.68083 0
-0.9669 -0.998403 0.110481 1.66257 1.6806 0
-0.9667 -0.997851 0.293648 1.66222 1.68005 0
-0.96649 -0.997357 0.30237 1.66187 1.67955 0
-0.96629 -0.997211 0.119204 1.66152 1.67941 0
-0.96608 -0.997298 0 1.66116 1.67949 0
-0.96588 -0.997386 -0.0465185 1.66081 1.67958 0
-0.96567 -0.997124 0.142463 1.66046 1.67932 0
-0.96546 -0.996601 0.284926 1.66011 1.67879 0
-0.96526 -0.996194 0.279111 1.65976 1.67839 0
-0.96505 -0.996106 0.0785 1.65941 1.6783 0
-0.96485 -0.996252 -0.0552407 1.65906 1.67845 0
-0.96464 -0.996281 -0.0465185 1.65871 1.67847 0
-0.96443 -0.99599 0.157 1.65836 1.67818 0
-0.96423 -0.995496 0.284926 1.65801 1.67769 0
-0.96402 -0.995147 0.220963 1.65766 1.67734 0
-0.96382 -0.995118 0.00581481 1.65731 1.67731 0
-0.96361 -0.995292 -0.110481 1.65695 1.67749 0
-0.9634 -0.995292 0 1.6566 1.67749 0
-0.9632 -0.994914 0.188981 1.65625 1.67711 0
-0.96299 -0.994478 0.261667 1.6559 1.67667 0
-0.96279 -0.994275 0.151185 1.65555 1.67647 0
-0.96258 -0.994275 0 1.6552 1.67647 0
-0.96237 -0.994362 -0.0697778 1.65485 1.67656 0
-0.96217 -0.994304 0 1.65449 1.6765 0
-0.96196 -0.993926 0.206426 1.65414 1.67612 0
-0.96176 -0.993519 0.238407 1.65379 1.67571 0
-0.96155 -0.993344 0.133741 1.65344 1.67551 0
-0.96134 -0.993344 0 1.65309 1.67551 0
-0.96114 -0.993403 -0.00581481 1.65273 1.67557 0
-0.96093 -0.993257 0.00581481 1.65238 1.67542 0
-0.96073 -0.992879 0.229685 1.65203 1.67502 0
-0.96052 -0.99253 0.215148 1.65168 1.67467 0
-0.96031 -0.992356 0.119204 1.65133 1.67449 0
-0.96011 -0.992356 0 1.65097 1.67446 0.00581481
-0.9599 -0.992356 0 1.65062 1.67446 0
-0.95969 -0.992123 0.119204 1.65027 1.67423 0
-0.95949 -0.991745 0.229685 1.64992 1.67385 0
-0.95928 -0.991426 0.188981 1.64956 1.67353 0
-0.95908 -0.991367 0.0552407 1.64921 1.67347 0
-0.95887 -0.991367 0 1.64886 1.67345 0.0610556
-0.95866 -0.991251 0.0290741 1.64851 1.67333 0
-0.95846 -0.990902 0.183167 1.64815 1.67298 0
-0.95825 -0.990524 0.220963 1.6478 1.6726 0
-0.95805 -0.990292 0.142463 1.64744 1.67237 0
-0.95785 -0.990292 0 1.64709 1.67234 0
-0.95766 -0.990292 0 1.64673 1.67234 0
-0.95746 -0.990059 0.110481 1.64637 1.67211 0
-0.95726 -0.989652 0.252944 1.64601 1.6717 0
-0.95707 -0.989332 0.206426 1.64565 1.67138 0
-0.95687 -0.989274 0.014537 1.64529 1.67129 0.0232593
-0.95667 -0.989332 -0.0465185 1.64493 1.67132 0
-0.95648 -0.989274 0 1.64457 1.67126 0
-0.95628 -0.988838 0.229685 1.64422 1.6708 0
-0.95609 -0.988373 0.284926 1.64386 1.67033 0
-0.95589 -0.988169 0.157 1.6435 1.67007 0.0465185
-0.95569 -0.988198 0 1.64314 1.67007 0.0232593
-0.9555 -0.988344 -0.0872222 1.64278 1.67019 0
-0.9553 -0.988198 0 1.64242 1.67001 0
-0.9551 -0.987704 0.270389 1.64206 1.66949 0.0610556
-0.95491 -0.98721 0.334352 1.6417 1.66897 0.0377963
-0.95471 -0.987006 0.133741 1.64134 1.66874 0.0465185
-0.95451 -0.987152 0 1.64098 1.66882 0
-0.95432 -0.987297 -0.119204 1.64062 1.66891 0.0552407
-0.95412 -0.987064 0.0610556 1.64026 1.66862 0
-0.95392 -0.98657 0.30237 1.6399 1.66807 0.0552407
-0.95373 -0.986047 0.30237 1.63954 1.66749 0.0552407
-0.95353 -0.985931 0.101759 1.63918 1.66728 0.0290741
-0.95333 -0.986105 -0.125019 1.63882 1.66737 0.0232593
-0.95314 -0.986163 -0.014537 1.63846 1.66734 0.0697778
-0.95294 -0.985669 0.215148 1.6381 1.66676 0.0610556
-0.95274 -0.985116 0.334352 1.63774 1.66612 0.0465185
-0.95255 -0.984826 0.206426 1.63738 1.66568 0.0872222
-0.95235 -0.984855 0 1.63702 1.6656 0.0697778
-0.95215 -0.985029 -0.119204 1.63666 1.66568 0.0465185
-0.95196 -0.984913 0 1.6363 1.66545 0.0872222
-0.95176 -0.984448 0.252944 1.63594 1.66484 0.0552407
-0.95156 -0.983866 0.293648 1.63558 1.66411 0.0697778
-0.95136 -0.983663 0.157 1.63522 1.66376 0.0610556
-0.95117 -0.983692 0 1.63486 1.66365 0.101759
-0.95097 -0.98375 -0.0290741 1.6345 1.66356 0.093037
-0.95077 -0.983576 0.093037 1.63414 1.66321 0.0697778
-0.95058 -0.983168 0.220963 1.63378 1.66266 0.110481
-0.95038 -0.982791 0.220963 1.63342 1.66208 0.101759
-0.95018 -0.982674 0.0872222 1.63306 1.66176 0.110481
-0.94999 -0.982674 0 1.63269 1.66155 0.125019
-0.94979 -0.982558 0 1.63233 1.66123 0.110481
-0.94959 -0.982238 0.165722 1.63197 1.66071 0.101759
-0.94939 -0.981831 0.238407 1.63161 1.66007 0.119204
-0.9492 -0.98154 0.165722 1.63125 1.65955 0.142463
-0.949 -0.981511 0.014537 1.63089 1.65929 0.133741
-0.9488 -0.981511 0 1.63053 1.65902 0.151185
-0.94861 -0.981337 0.093037 1.63016 1.65862 0.142463
-0.94841 -0.98093 0.215148 1.6298 1.65789 0.151185
-0.94821 -0.98061 0.188981 1.62944 1.65725 0.165722
-0.94801 -0.980523 0.0552407 1.62908 1.65684 0.174444
-0.94782 -0.980523 0 1.62872 1.6565 0.188981
-0.94762 -0.980377 0.0697778 1.62836 1.656 0.206426
-0.94742 -0.979999 0.220963 1.62799 1.65524 0.188981
-0.94722 -0.979563 0.252944 1.62763 1.65437 0.215148
-0.94703 -0.979418 0.093037 1.62727 1.65385 0.215148
-0.94683 -0.979476 0 1.62691 1.65344 0.229685
-0.94663 -0.979476 0 1.62655 1.65301 0.229685
-0.94643 -0.979098 0.197704 1.62618 1.65219 0.252944
-0.94624 -0.978633 0.279111 1.62582 1.65129 0.220963
-0.94604 -0.978313 0.188981 1.62546 1.65056 0.24713
-0.94584 -0.978284 0.0232593 1.6251 1.65007 0.252944
-0.94564 -0.9784 -0.093037 1.62473 1.64972 0.261667
-0.94545 -0.978197 0 1.62437 1.64896 0.229685
-0.94525 -0.977615 0.30237 1.62401 1.64786 0.270389
-0.94505 -0.976976 0.334352 1.62365 1.64667 0.279111
-0.94485 -0.97683 0.119204 1.62328 1.64597 0.284926
-0.94466 -0.977005 -0.110481 1.62292 1.64559 0.30237
-0.94446 -0.977092 -0.0552407 1.62256 1.64513 0.311093
-0.94426 -0.976772 0.183167 1.6222 1.64423 0.316907
-0.94406 -0.976133 0.348889 1.62183 1.64292 0.343074
-0.94387 -0.975696 0.24713 1.62147 1.64184 0.343074
-0.94367 -0.975667 0 1.62111 1.6412 0.348889
-0.94347 -0.975784 -0.0785 1.62074 1.64071 0.343074
-0.94327 -0.975638 0 1.62038 1.64001 0.32563
-0.94307 -0.975057 0.293648 1.62002 1.63882 0.316907
-0.94288 -0.974475 0.357611 1.61965 1.63768 0.316907
-0.94268 -0.974185 0.215148 1.61929 1.63678 0.32563
-0.94248 -0.974214 0 1.61893 1.63629 0.30237
-0.94228 -0.974301 -0.0872222 1.61856 1.63579 0.293648
-0.94209 -0.974126 0.014537 1.6182 1.6351 0.279111
-0.94189 -0.973574 0.311093 1.61783 1.63408 0.279111
-0.94169 -0.972963 0.343074 1.61747 1.633 0.279111
-0.94149 -0.972702 0.174444 1.61711 1.63231 0.252944
-0.94129 -0.972731 0 1.61674 1.6319 0.220963
-0.9411 -0.972789 -0.0552407 1.61638 1.63164 0.188981
-0.9409 -0.972469 0.165722 1.61601 1.631 0.174444
-0.9407 -0.971975 0.293648 1.61565 1.63021 0.133741
-0.9405 -0.971539 0.24713 1.61529 1.62951 0.119204
-0.9403 -0.971452 0.0697778 1.61492 1.62922 0.119204
-0.94011 -0.971452 0 1.61456 1.62902 0.0872222
-0.93991 -0.97119 0.119204 1.61419 1.62861 0.0785
-0.93971 -0.970725 0.238407 1.61383 1.62803 0.0785
-0.93951 -0.970347 0.252944 1.61346 1.62754 0.0552407
-0.93931 -0.970143 0.119204 1.6131 1.62722 0.0697778
-0.93911 -0.970114 0 1.61273 1.6271 0.0232593
-0.93892 -0.969911 0.093037 1.61237 1.62681 0.0552407
-0.93872 -0.969475 0.220963 1.61201 1.62635 0
-0.93852 -0.969009 0.229685 1.61164 1.62585 0.0377963
-0.93832 -0.968893 0.0377963 1.61128 1.62568 0
-0.93812 -0.968864 0 1.61091 1.62565 0
-0.93792 -0.968573 0.133741 1.61055 1.62536 0
-0.93773 -0.968108 0.284926 1.61018 1.62489 0
-0.93753 -0.96773 0.252944 1.60981 1.62451 0
-0.93733 -0.967643 0.0465185 1.60945 1.62443 0
-0.93713 -0.967759 -0.101759 1.60908 1.62454 0
-0.93693 -0.967643 0 1.60872 1.62443 0
-0.93673 -0.967032 0.284926 1.60835 1.62382 0
-0.93654 -0.966422 0.366333 1.60799 1.62321 0
-0.93634 -0.966218 0.151185 1.60762 1.623 0
-0.93614 -0.966393 -0.0232593 1.60726 1.62318 0
-0.93594 -0.966596 -0.125019 1.60689 1.62338 0
-0.93574 -0.966364 0.0232593 1.60652 1.62315 -0.0290741
-0.93554 -0.965666 0.32563 1.60616 1.62245 0
-0.93534 -0.965143 0.293648 1.60579 1.62193 0
-0.93515 -0.965055 0.0610556 1.60543 1.62184 0
-0.93495 -0.965346 -0.174444 1.60506 1.62213 0
-0.93475 -0.965433 -0.0552407 1.60469 1.62222 0
-0.93455 -0.964881 0.238407 1.60433 1.62166 0
-0.93435 -0.964183 0.334352 1.60396 1.62097 0
-0.93415 -0.964009 0.0697778 1.6036 1.62079 0
-0.93396 -0.964299 -0.165722 1.60322 1.62108 0
-0.93377 -0.964416 -0.101759 1.60285 1.6212 0
-0.93358 -0.964096 0.125019 1.60248 1.62088 0
-0.93339 -0.963427 0.357611 1.60211 1.62021 0
-0.9332 -0.963078 0.238407 1.60174 1.61986 0
-0.93301 -0.963107 0 1.60137 1.61989 0
-0.93282 -0.963369 -0.157 1.60099 1.62015 0
-0.93263 -0.963369 -0.0232593 1.60062 1.62015 0
-0.93244 -0.962875 0.220963 1.60025 1.61966 0
-0.93226 -0.962381 0.293648 1.59988 1.61916 0
-0.93207 -0.962206 0.119204 1.5995 1.61899 0
-0.93188 -0.962293 0 1.59913 1.61908 0
-0.93169 -0.96241 -0.0377963 1.59876 1.61919 0
-0.9315 -0.962148 0.133741 1.59839 1.61893 0
-0.93131 -0.961741 0.215148 1.59801 1.61852 0
-0.93112 -0.961508 0.133741 1.59764 1.61829 0
-0.93093 -0.961508 0 1.59727 1.61829 0
-0.93074 -0.961537 -0.0610556 1.5969 1.61832 0
-0.93055 -0.961392 0 1.59652 1.61818 0
-0.93036 -0.960898 0.24713 1.59615 1.61768 0
-0.93017 -0.960491 0.229685 1.59578 1.61727 0
-0.92998 -0.960462 0.014537 1.5954 1.61722 0.0465185
-0.92979 -0.960665 -0.110481 1.59503 1.61742 0
-0.9296 -0.960578 0 1.59466 1.61733 0
-0.92941 -0.960084 0.229685 1.59428 1.61684 0
-0.92922 -0.959677 0.229685 1.59391 1.6164 0.0232593
-0.92903 -0.959589 0.0290741 1.59354 1.61631 0
-0.92884 -0.959764 -0.093037 1.59316 1.61646 0
-0.92865 -0.959648 0 1.59279 1.61634 0
-0.92846 -0.95895 0.284926 1.59241 1.61565 0
-0.92827 -0.958514 0.220963 1.59204 1.61515 0
-0.92808 -0.958601 0 1.59167 1.61521 0
-0.92789 -0.958833 -0.157 1.59129 1.61544 0
-0.9277 -0.958688 0 1.59092 1.6153 0
-0.92751 -0.958136 0.261667 1.59055 1.61472 0
-0.92732 -0.957671 0.284926 1.59017 1.61422 0.0552407
-0.92713 -0.957496 0.0872222 1.5898 1.61399 0
-0.92694 -0.957729 -0.110481 1.58942 1.61419 0
-0.92675 -0.957758 0 1.58905 1.61419 0.00581481
-0.92656 -0.95738 0.215148 1.58867 1.61376 0.0552407
-0.92637 -0.956915 0.24713 1.5883 1.6132 0.0290741
-0.92618 -0.956769 0.0872222 1.58792 1.613 0.0552407
-0.92599 -0.956798 0 1.58755 1.61297 0.0232593
-0.92579 -0.956798 0 1.58718 1.61291 0.0610556
-0.9256 -0.956566 0.133741 1.5868 1.61262 0.0552407
-0.92541 -0.956304 0.174444 1.58643 1.61227 0.0552407
-0.92522 -0.956101 0.133741 1.58605 1.61201 0.0552407
-0.92503 -0.956071 0 1.58568 1.61187 0.0610556
-0.92484 -0.956071 0 1.5853 1.61181 0.0610556
-0.92465 -0.955897 0.0697778 1.58493 1.61155 0.0465185
-0.92446 -0.955606 0.188981 1.58455 1.61117 0.014537
-0.92427 -0.955316 0.188981 1.58417 1.61079 0.0465185
-0.92408 -0.955257 0.0697778 1.5838 1.61065 0.0785
-0.92389 -0.955286 0 1.58342 1.61059 0.0697778
-0.9237 -0.955316 -0.0610556 1.58305 1.6105 0.0785
-0.92351 -0.955112 0.125019 1.58267 1.61021 0.0697778
-0.92332 -0.954705 0.229685 1.5823 1.60948 0.0697778
-0.92313 -0.954298 0 1.58192 1.60893 0.0697778
-0.92293 -0.954327 -0.0465185 1.58155 1.60881 0.0785
-0.92274 -0.954182 0.00581481 1.58117 1.60855 0.0785
-0.92255 -0.953804 0.206426 1.58079 1.60809 0.0610556
-0.92236 -0.953397 0.270389 1.58042 1.60759 0.0552407
-0.92217 -0.953251 0.119204 1.58004 1.60733 0.0785
-0.92198 -0.95328 0 1.57967 1.60727 0.0785
-0.92179 -0.953397 -0.093037 1.57929 1.60727 0.0697778
-0.9216 -0.95328 0 1.57891 1.60707 0.0697778
-0.92141 -0.951827 0.279111 1.57854 1.60527 0.0610556
-0.92122 -0.951565 0.151185 1.57816 1.60489 0.0610556
-0.92102 -0.951449 0.0872222 1.57778 1.60466 0.0785
-0.92083 -0.951478 0 1.57741 1.60457 0.0697778
-0.92064 -0.951507 -0.0232593 1.57703 1.60451 0.0697778
-0.92045 -0.951361 0.0290741 1.57665 1.60425 0.0465185
-0.92026 -0.950983 0.206426 1.57628 1.60378 0.0465185
-0.92007 -0.950606 0.229685 1.5759 1.60329 0.0785
-0.91988 -0.950344 0.165722 1.57552 1.60291 0.0697778
-0.91968 -0.950257 0.0697778 1.57515 1.60274 0.0697778
-0.91949 -0.950169 0.014537 1.57477 1.60256 0.0697778
-0.9193 -0.949995 0.101759 1.57439 1.6023 0.0785
-0.91911 -0.949675 0.157 1.57402 1.60186 0.0872222
-0.91892 -0.949326 0.220963 1.57364 1.60137 0.0872222
-0.91873 -0.949065 0.174444 1.57326 1.60099 0.0697778
-0.91854 -0.948919 0.101759 1.57288 1.6007 0.0872222
-0.91834 -0.948832 0.0552407 1.57251 1.6005 0.0552407
-0.91815 -0.948774 0.0377963 1.57213 1.60029 0.0552407
-0.91796 -0.948628 0.0872222 1.57175 1.6 0.0610556
-0.91777 -0.948367 0.133741 1.57137 1.5996 0.0785
-0.91758 -0.947989 0.183167 1.57099 1.59904 0.093037
-0.91739 -0.947698 0.151185 1.57062 1.59861 0.093037
-0.91719 -0.947524 0.119204 1.57024 1.59826 0.0872222
-0.917 -0.947495 0.0697778 1.56986 1.59806 0.101759
-0.91681 -0.947495 0 1.56948 1.59788 0.110481
-0.91662 -0.947436 0.0377963 1.5691 1.59765 0.110481
-0.91643 -0.947233 0.093037 1.56873 1.59724 0.125019
-0.91624 -0.946913 0.183167 1.56835 1.59672 0.133741
-0.91604 -0.946593 0.220963 1.56797 1.5962 0.125019
-0.91585 -0.946419 0.125019 1.56759 1.59582 0.125019
-0.91566 -0.94639 0.0232593 1.56721 1.59556 0.142463
-0.91547 -0.946419 0 1.56683 1.59538 0.151185
-0.91528 -0.946419 0 1.56646 1.59512 0.133741
-0.91508 -0.946157 0.151185 1.56608 1.5946 0.174444
-0.91489 -0.945779 0.220963 1.5657 1.59396 0.151185
-0.9147 -0.945459 0.188981 1.56532 1.59332 0.183167
-0.91451 -0.94543 0.00581481 1.56494 1.59297 0.165722
-0.91431 -0.945518 -0.0610556 1.56456 1.59274 0.165722
-0.91412 -0.945518 0 1.56418 1.59244 0.183167
-0.91393 -0.945169 0.188981 1.5638 1.59175 0.165722
-0.91374 -0.944733 0.252944 1.56342 1.59102 0.183167
-0.91355 -0.944442 0.188981 1.56304 1.59038 0.183167
-0.91335 -0.944442 0 1.56266 1.59 0.197704
-0.91316 -0.944587 -0.0872222 1.56228 1.5898 0.188981
-0.91297 -0.944558 0 1.5619 1.58942 0.197704
-0.91278 -0.944151 0.206426 1.56152 1.58861 0.220963
-0.91259 -0.943686 0.270389 1.56114 1.58776 0.220963
-0.9124 -0.943453 0.151185 1.56076 1.5871 0.220963
-0.91221 -0.943453 0 1.56038 1.58666 0.229685
-0.91202 -0.94357 -0.0872222 1.56 1.58634 0.238407
-0.91183 -0.943541 0 1.55962 1.58584 0.252944
-0.91163 -0.943192 0.183167 1.55924 1.585 0.284926
-0.91144 -0.942814 0.24713 1.55886 1.58416 0.293648
-0.91125 -0.942581 0.165722 1.55848 1.5834 0.293648
-0.91106 -0.942552 0.0290741 1.5581 1.58282 0.311093
-0.91087 -0.942639 -0.0697778 1.55771 1.58239 0.30237
-0.91068 -0.94261 0 1.55733 1.58186 0.32563
-0.91049 -0.94229 0.157 1.55695 1.58096 0.334352
-0.9103 -0.941912 0.220963 1.55657 1.58003 0.311093
-0.9101 -0.94168 0.157 1.55619 1.57927 0.293648
-0.90991 -0.941651 0.0377963 1.55581 1.57869 0.270389
-0.90972 -0.941651 0 1.55543 1.57826 0.252944
-0.90953 -0.941622 0 1.55504 1.57782 0.229685
-0.90934 -0.941389 0.133741 1.55466 1.57724 0.220963
-0.90915 -0.941011 0.183167 1.55428 1.57637 0.206426
-0.90895 -0.940837 0.110481 1.5539 1.5759 0.188981
-0.90876 -0.940778 0.0552407 1.55352 1.57555 0.188981
-0.90857 -0.940749 0.0232593 1.55313 1.57526 0.151185
-0.90838 -0.940604 0.0610556 1.55275 1.57483 0.174444
-0.90819 -0.940459 0.0872222 1.55237 1.57442 0.151185
-0.908 -0.940284 0.110481 1.55199 1.57398 0.174444
-0.9078 -0.94011 0.101759 1.5516 1.57352 0.174444
-0.90761 -0.939964 0.101759 1.55122 1.57311 0.174444
-0.90742 -0.939819 0.0872222 1.55084 1.5727 0.165722
-0.90723 -0.939703 0.0610556 1.55046 1.5723 0.157
-0.90704 -0.939586 0.0610556 1.55007 1.57192 0.157
-0.90684 -0.939499 0.0697778 1.54969 1.57151 0.165722
-0.90665 -0.939383 0.0872222 1.54931 1.57116 0.157
-0.90646 -0.939179 0.101759 1.54893 1.57076 0.142463
-0.90627 -0.938976 0.125019 1.54854 1.57032 0.133741
-0.90608 -0.938772 0.125019 1.54816 1.56994 0.093037
-0.90588 -0.938685 0.0785 1.54778 1.56968 0.101759
-0.90569 -0.938656 0.0290741 1.54739 1.56953 0.0785
-0.9055 -0.938656 0 1.54701 1.56939 0.0872222
-0.90531 -0.938482 0.0697778 1.54663 1.5691 0.0697778
-0.90512 -0.938162 0.183167 1.54624 1.56872 0.0552407
-0.90492 -0.937842 0.215148 1.54586 1.56834 0.0290741
-0.90473 -0.937697 0.125019 1.54548 1.56811 0.0552407
-0.90454 -0.937697 0 1.54509 1.56808 0.0552407
-0.90435 -0.937813 -0.0785 1.54471 1.56814 0
-0.90415 -0.937726 0 1.54432 1.56802 0.0552407
-0.90396 -0.937377 0.188981 1.54394 1.56764 0.0290741
-0.90377 -0.93697 0.261667 1.54356 1.56721 0.0610556
-0.90358 -0.936766 0.188981 1.54317 1.56695 0.0377963
-0.90338 -0.936766 0 1.54279 1.56695 0.0290741
-0.90319 -0.936941 -0.125019 1.5424 1.56709 0.0610556
-0.903 -0.936941 0 1.54202 1.56703 0.0377963
-0.90281 -0.936563 0.206426 1.54164 1.56663 0
-0.90261 -0.936156 0.293648 1.54125 1.56619 0
-0.90242 -0.935923 0.157 1.54087 1.5659 0
-0.90223 -0.935981 0 1.54048 1.56596 0
-0.90204 -0.936156 -0.101759 1.5401 1.5661 0
-0.90184 -0.936098 0 1.53971 1.56602 0.0465185
-0.90165 -0.935749 0.206426 1.53933 1.56567 0
-0.90146 -0.935371 0.252944 1.53894 1.56526 0.0465185
-0.90126 -0.935167 0.157 1.53856 1.56503 0
-0.90107 -0.935196 0 1.53817 1.56506 0
-0.90088 -0.935283 -0.0872222 1.53779 1.56514 0
-0.90069 -0.935225 0 1.5374 1.56509 0
-0.90049 -0.934906 0.174444 1.53702 1.56474 0.0232593
-0.9003 -0.934557 0.252944 1.53663 1.56439 0
-0.90011 -0.934382 0.133741 1.53625 1.56418 0
-0.89991 -0.934382 0 1.53586 1.56418 0
-0.89972 -0.93444 -0.0465185 1.53547 1.56418 0.014537
-0.89953 -0.934382 0 1.53509 1.5641 0.00581481
-0.89933 -0.934062 0.188981 1.5347 1.56378 0
-0.89914 -0.933743 0.197704 1.53432 1.5634 0
-0.89895 -0.933597 0.133741 1.53393 1.56323 0.0377963
-0.89875 -0.933597 0 1.53355 1.5632 0.014537
-0.89856 -0.933626 -0.0552407 1.53316 1.56317 0.0377963
-0.89837 -0.93351 0 1.53277 1.56302 0
-0.89817 -0.933161 0.188981 1.53239 1.56261 0.0377963
-0.89798 -0.932812 0.220963 1.532 1.56221 0.0290741
-0.89779 -0.932667 0.125019 1.53161 1.562 0.0465185
-0.89759 -0.932667 0 1.53123 1.56195 0.0697778
-0.8974 -0.932725 -0.0785 1.53084 1.56195 0.0610556
-0.89721 -0.93258 0.00581481 1.53045 1.56174 0.0610556
-0.89701 -0.932173 0.215148 1.53007 1.56125 0.0552407
-0.89682 -0.931795 0.252944 1.52968 1.56078 0.0465185
-0.89663 -0.931649 0.125019 1.52929 1.56055 0.0697778
-0.89643 -0.931678 0 1.52891 1.56052 0.0290741
-0.89624 -0.931766 -0.0610556 1.52852 1.56049 0.0610556
-0.89604 -0.931591 0.0290741 1.52813 1.56026 0.0697778
-0.89585 -0.931184 0.252944 1.52775 1.55977 0.0377963
-0.89566 -0.930806 0.270389 1.52736 1.55927 0.0465185
-0.89546 -0.930661 0.142463 1.52697 1.55904 0.0552407
-0.89527 -0.930748 0 1.52658 1.55904 0.0377963
-0.89508 -0.930835 -0.101759 1.5262 1.55901 0.0610556
-0.89488 -0.93069 0 1.52581 1.55875 0.0872222
-0.89469 -0.930225 0.270389 1.52542 1.5582 0.0465185
-0.89449 -0.929759 0.311093 1.52503 1.55761 0.0785
-0.8943 -0.929556 0.157 1.52464 1.55727 0.093037
-0.89411 -0.929672 0 1.52426 1.55724 0.0785
-0.89391 -0.929818 -0.101759 1.52387 1.55724 0.0697778
-0.89372 -0.929701 0 1.52348 1.55697 0.0872222
-0.89352 -0.929236 0.270389 1.52309 1.55636 0.0785
-0.89333 -0.928771 0.311093 1.5227 1.55575 0.101759
-0.89313 -0.928596 0.174444 1.52232 1.5554 0.093037
-0.89294 -0.928713 0 1.52193 1.55535 0.110481
-0.89275 -0.928858 -0.110481 1.52154 1.55532 0.110481
-0.89255 -0.928713 0 1.52115 1.55503 0.093037
-0.89236 -0.928248 0.270389 1.52076 1.55436 0.110481
-0.89216 -0.927753 0.316907 1.52037 1.55369 0.119204
-0.89197 -0.92755 0.183167 1.51998 1.55328 0.110481
-0.89177 -0.927666 0 1.5196 1.55317 0.125019
-0.89158 -0.927811 -0.119204 1.51921 1.55311 0.101759
-0.89138 -0.927695 0 1.51882 1.55279 0.133741
-0.89119 -0.927259 0.270389 1.51843 1.55215 0.125019
-0.891 -0.926736 0.316907 1.51804 1.55139 0.142463
-0.8908 -0.926532 0.183167 1.51765 1.55093 0.157
-0.89061 -0.926619 0 1.51726 1.55078 0.165722
-0.89042 -0.926765 -0.119204 1.51687 1.55067 0.165722
-0.89023 -0.926648 0 1.51648 1.55026 0.157
-0.89003 -0.926154 0.261667 1.51608 1.54953 0.157
-0.88984 -0.925631 0.348889 1.51569 1.54869 0.165722
-0.88965 -0.925369 0.188981 1.5153 1.54808 0.206426
-0.88946 -0.925456 0 1.51491 1.54785 0.206426
-0.88926 -0.925602 -0.125019 1.51452 1.54764 0.215148
-0.88907 -0.925486 0 1.51413 1.54715 0.197704
-0.88888 -0.924991 0.293648 1.51374 1.54633 0.229685
-0.88869 -0.924439 0.348889 1.51334 1.5454 0.252944
-0.88849 -0.924177 0.206426 1.51295 1.54473 0.238407
-0.8883 -0.924206 0 1.51256 1.54436 0.229685
-0.88811 -0.924381 -0.125019 1.51217 1.54412 0.252944
-0.88792 -0.924264 0 1.51178 1.5436 0.252944
-0.88772 -0.923741 0.30237 1.51139 1.5427 0.220963
-0.88753 -0.923131 0.38087 1.51099 1.54165 0.24713
-0.88734 -0.92284 0.238407 1.5106 1.54093 0.252944
-0.88714 -0.922869 0 1.51021 1.54049 0.284926
-0.88695 -0.923043 -0.133741 1.50982 1.5402 0.270389
-0.88676 -0.922956 0 1.50942 1.53965 0.284926
-0.88657 -0.922433 0.30237 1.50903 1.53863 0.30237
-0.88637 -0.921764 0.430296 1.50864 1.53741 0.316907
-0.88618 -0.921415 0.284926 1.50825 1.53648 0.343074
-0.88599 -0.921415 0 1.50785 1.5359 0.348889
-0.88579 -0.921648 -0.157 1.50746 1.53552 0.357611
-0.8856 -0.92159 0 1.50707 1.53482 0.375056
-0.88541 -0.921008 0.32563 1.50667 1.5336 0.38087
-0.88521 -0.920281 0.462278 1.50628 1.53223 0.375056
-0.88502 -0.919874 0.293648 1.50589 1.53119 0.398315
-0.88483 -0.919961 0 1.50549 1.53058 0.38087
-0.88463 -0.920223 -0.188981 1.5051 1.53023 0.375056
-0.88444 -0.920194 -0.0232593 1.50471 1.52962 0.375056
-0.88425 -0.919583 0.334352 1.50431 1.52842 0.348889
-0.88405 -0.918798 0.444833 1.50392 1.52709 0.357611
-0.88386 -0.918362 0.334352 1.50353 1.5261 0.32563
-0.88367 -0.918391 0 1.50313 1.52563 0.334352
-0.88347 -0.918682 -0.197704 1.50274 1.52543 0.279111
-0.88328 -0.918682 0 1.50234 1.52502 0.252944
-0.88309 -0.918101 0.32563 1.50195 1.524 0.252944
-0.88289 -0.917345 0.502981 1.50156 1.52284 0.252944
-0.8827 -0.916938 0.293648 1.50116 1.52203 0.252944
-0.88251 -0.916967 0.00581481 1.50077 1.52168 0.220963
-0.88231 -0.917258 -0.188981 1.50037 1.52162 0.206426
-0.88212 -0.917258 -0.014537 1.49998 1.52127 0.215148
-0.88192 -0.916647 0.316907 1.49958 1.52034 0.197704
-0.88173 -0.915891 0.508796 1.49919 1.51927 0.183167
-0.88154 -0.915455 0.311093 1.49879 1.51854 0.183167
-0.88134 -0.915513 0 1.4984 1.51831 0.174444
-0.88115 -0.915833 -0.206426 1.49801 1.51836 0.165722
-0.88095 -0.915833 -0.014537 1.49761 1.51813 0.142463
-0.88076 -0.915281 0.311093 1.49722 1.51738 0.133741
-0.88057 -0.914525 0.453556 1.49682 1.51642 0.110481
-0.88037 -0.914118 0.311093 1.49642 1.51583 0.110481
-0.88018 -0.914176 0.014537 1.49603 1.51575 0.0785
-0.87998 -0.914496 -0.220963 1.49563 1.51592 0.093037
-0.87979 -0.914525 -0.0552407 1.49524 1.51586 0.0785
-0.8796 -0.913885 0.32563 1.49484 1.51514 0.0697778
-0.8794 -0.913158 0.494259 1.49445 1.51435 0.0697778
-0.87921 -0.912751 0.316907 1.49405 1.51389 0.0610556
-0.87901 -0.912867 0 1.49366 1.51394 0.0552407
-0.87882 -0.913245 -0.252944 1.49326 1.51432 0.0290741
-0.87862 -0.913333 -0.0552407 1.49286 1.51441 0
-0.87843 -0.912751 0.32563 1.49247 1.5138 0
-0.87824 -0.912024 0.494259 1.49207 1.51307 0.0290741
-0.87804 -0.911675 0.293648 1.49167 1.51272 0
-0.87785 -0.911821 0 1.49128 1.51287 0
-0.87765 -0.912228 -0.270389 1.49088 1.51328 0
-0.87746 -0.912257 -0.0610556 1.49049 1.51331 0
-0.87726 -0.911646 0.316907 1.49009 1.51269 0
-0.87707 -0.910948 0.453556 1.48969 1.512 0
-0.87687 -0.9106 0.24713 1.4893 1.51165 0
-0.87668 -0.910803 -0.00581481 1.4889 1.51185 0
-0.87648 -0.91121 -0.252944 1.4885 1.51226 0
-0.87629 -0.911239 -0.0872222 1.4881 1.51229 0
-0.87609 -0.910745 0.284926 1.48771 1.51179 0
-0.8759 -0.910076 0.407037 1.48731 1.51112 0
-0.8757 -0.909786 0.24713 1.48691 1.51083 0
-0.87551 -0.90996 0 1.48652 1.51101 0
-0.87531 -0.910309 -0.220963 1.48612 1.51136 0
-0.87512 -0.910396 -0.0785 1.48572 1.51144 0
-0.87492 -0.909931 0.261667 1.48532 1.51098 0
-0.87473 -0.90932 0.412852 1.48492 1.51037 0
-0.87453 -0.90903 0.238407 1.48453 1.51008 0
-0.87434 -0.909204 0 1.48413 1.51025 0
-0.87414 -0.909582 -0.229685 1.48373 1.51063 0
-0.87395 -0.90964 -0.0465185 1.48333 1.51069 0
-0.87375 -0.909175 0.252944 1.48293 1.51022 0
-0.87356 -0.908593 0.375056 1.48254 1.50964 0
-0.87336 -0.908361 0.197704 1.48214 1.50941 0
-0.87317 -0.908506 0 1.48174 1.50955 0
-0.87297 -0.908826 -0.215148 1.48134 1.50985 0.0377963
-0.87277 -0.908826 -0.00581481 1.48094 1.50985 0
-0.87258 -0.908361 0.261667 1.48054 1.50938 0
-0.87238 -0.907808 0.343074 1.48015 1.50883 0
-0.87219 -0.907576 0.188981 1.47975 1.50857 0.0290741
-0.87199 -0.90775 0 1.47935 1.50868 0.0465185
-0.8718 -0.908041 -0.206426 1.47895 1.50894 0.0465185
-0.8716 -0.908041 0 1.47855 1.50892 0.0465185
-0.8714 -0.907547 0.279111 1.47815 1.50836 0.0552407
-0.87121 -0.906994 0.366333 1.47775 1.50775 0.0232593
-0.87101 -0.906762 0.206426 1.47735 1.50746 0.0377963
-0.87082 -0.906936 0 1.47695 1.50755 0.0697778
-0.87062 -0.907227 -0.197704 1.47655 1.50778 0.0232593
-0.87042 -0.907227 -0.0610556 1.47615 1.50772 0.00581481
-0.87023 -0.906733 0.24713 1.47575 1.50714 0.0377963
-0.87003 -0.906122 0.389593 1.47535 1.50647 0.0697778
-0.86984 -0.905802 0.24713 1.47495 1.50607 0
-0.86964 -0.90589 0 1.47455 1.50607 0.0697778
-0.86944 -0.906209 -0.197704 1.47415 1.5063 0.0377963
-0.86925 -0.906238 -0.0232593 1.47375 1.50627 0.0552407
-0.86905 -0.905802 0.238407 1.47335 1.50575 0.0377963
-0.86885 -0.905192 0.398315 1.47295 1.50505 0.0232593
-0.86866 -0.904872 0.252944 1.47255 1.50464 0.0785
-0.86846 -0.90493 0 1.47215 1.50461 0.0610556
-0.86827 -0.905221 -0.188981 1.47175 1.50482 0.0785
-0.86807 -0.90525 -0.0465185 1.47135 1.50476 0.0610556
-0.86787 -0.904727 0.284926 1.47095 1.50415 0.014537
-0.86768 -0.904058 0.412852 1.47055 1.50336 0.0785
-0.86748 -0.90368 0.279111 1.47015 1.5029 0.0552407
-0.86728 -0.903767 0 1.46975 1.50287 0.0377963
-0.86709 -0.904116 -0.197704 1.46934 1.5031 0.0610556
-0.86689 -0.904174 -0.0785 1.46894 1.50307 0.0465185
-0.86669 -0.90368 0.252944 1.46854 1.50246 0.0552407
-0.8665 -0.902982 0.412852 1.46814 1.50162 0.0872222
-0.8663 -0.902546 0.30237 1.46774 1.50106 0.0872222
-0.8661 -0.902633 0 1.46734 1.50098 0.101759
-0.8659 -0.902953 -0.215148 1.46694 1.50115 0.093037
-0.86571 -0.903011 -0.0610556 1.46653 1.50104 0.093037
-0.86551 -0.902488 0.261667 1.46613 1.50031 0.125019
-0.86531 -0.90179 0.462278 1.46573 1.49944 0.119204
-0.86512 -0.901412 0.316907 1.46533 1.49886 0.119204
-0.86492 -0.901499 0 1.46493 1.49871 0.142463
-0.86472 -0.901877 -0.229685 1.46452 1.49886 0.151185
-0.86453 -0.901965 -0.101759 1.46412 1.49871 0.151185
-0.86433 -0.901441 0.284926 1.46372 1.49795 0.142463
-0.86413 -0.900685 0.471 1.46332 1.49691 0.165722
-0.86393 -0.900249 0.316907 1.46291 1.49621 0.165722
-0.86374 -0.900336 0 1.46251 1.49601 0.183167
-0.86354 -0.900685 -0.238407 1.46211 1.49604 0.197704
-0.86334 -0.900743 -0.0872222 1.4617 1.49577 0.197704
-0.86314 -0.900249 0.252944 1.4613 1.49496 0.183167
-0.86295 -0.899493 0.462278 1.4609 1.49385 0.220963
-0.86275 -0.899086 0.30237 1.4605 1.49307 0.206426
-0.86255 -0.899144 0 1.46009 1.49275 0.220963
-0.86235 -0.899493 -0.238407 1.45969 1.49272 0.238407
-0.86216 -0.899581 -0.0785 1.45929 1.49243 0.238407
-0.86196 -0.898999 0.30237 1.45888 1.49141 0.24713
-0.86176 -0.898243 0.453556 1.45848 1.49025 0.252944
-0.86156 -0.897836 0.32563 1.45807 1.48938 0.284926
-0.86136 -0.897923 0.0232593 1.45767 1.48894 0.293648
-0.86117 -0.898301 -0.252944 1.45727 1.4888 0.311093
-0.86097 -0.898388 -0.0697778 1.45686 1.48839 0.30237
-0.86077 -0.897865 0.279111 1.45646 1.48728 0.32563
-0.86057 -0.897109 0.494259 1.45605 1.48598 0.348889
-0.86037 -0.896644 0.343074 1.45565 1.4849 0.366333
-0.86018 -0.896644 0 1.45525 1.48426 0.389593
-0.85998 -0.896993 -0.220963 1.45484 1.48397 0.398315
-0.85978 -0.897051 -0.0697778 1.45444 1.48339 0.398315
-0.85958 -0.896528 0.270389 1.45403 1.48222 0.389593
-0.85938 -0.895743 0.471 1.45363 1.4808 0.398315
-0.85919 -0.895278 0.343074 1.45322 1.4797 0.38087
-0.85899 -0.895278 0 1.45282 1.47911 0.366333
-0.85879 -0.895626 -0.220963 1.45241 1.47888 0.348889
-0.85859 -0.895714 -0.0785 1.45201 1.47847 0.30237
-0.85839 -0.895161 0.293648 1.4516 1.47749 0.252944
-0.85819 -0.894347 0.502981 1.4512 1.47624 0.252944
-0.85799 -0.893882 0.357611 1.45079 1.47536 0.252944
-0.8578 -0.893911 0.00581481 1.45039 1.47501 0.220963
-0.8576 -0.894289 -0.238407 1.44998 1.47504 0.220963
-0.8574 -0.894376 -0.0785 1.44957 1.47481 0.183167
-0.8572 -0.893824 0.284926 1.44917 1.47397 0.183167
-0.857 -0.892952 0.508796 1.44876 1.47278 0.188981
-0.8568 -0.892457 0.38087 1.44836 1.47199 0.174444
-0.8566 -0.892486 0 1.44795 1.47176 0.174444
-0.85641 -0.892835 -0.220963 1.44755 1.47185 0.165722
-0.85621 -0.892952 -0.101759 1.44714 1.47176 0.133741
-0.85601 -0.892428 0.284926 1.44673 1.471 0.133741
-0.85581 -0.891614 0.476815 1.44633 1.46998 0.119204
-0.85561 -0.891062 0.407037 1.44592 1.46923 0.133741
-0.85541 -0.891062 0.0377963 1.44551 1.469 0.125019
-0.85521 -0.89144 -0.220963 1.44511 1.4692 0.110481
-0.85501 -0.891585 -0.142463 1.4447 1.4692 0.110481
-0.85481 -0.891149 0.229685 1.44429 1.46865 0.0785
-0.85461 -0.890335 0.508796 1.44389 1.46769 0.0872222
-0.85441 -0.889753 0.421574 1.44348 1.46699 0.0872222
-0.85421 -0.889724 0.0872222 1.44307 1.46684 0.0872222
-0.85402 -0.890102 -0.220963 1.44266 1.46714 0.0377963
-0.85382 -0.890277 -0.165722 1.44226 1.46725 0.0610556
-0.85362 -0.889928 0.0785 1.44185 1.46684 0
-0.85342 -0.889114 0.453556 1.44144 1.466 0.0232593
-0.85322 -0.888474 0.453556 1.44103 1.46533 0.0377963
-0.85302 -0.888358 0.133741 1.44063 1.46519 0.00581481
-0.85282 -0.888678 -0.206426 1.44022 1.46551 0
-0.85262 -0.888968 -0.252944 1.43981 1.46577 0
-0.85242 -0.888736 0 1.4394 1.46554 0
-0.85222 -0.888038 0.421574 1.43899 1.46484 0
-0.85202 -0.887311 0.430296 1.43859 1.46411 0
-0.85182 -0.887137 0.151185 1.43818 1.46394 0
-0.85162 -0.887486 -0.188981 1.43777 1.46429 0
-0.85142 -0.887835 -0.279111 1.43736 1.46464 0
-0.85122 -0.887631 0 1.43695 1.46443 0
-0.85102 -0.886933 0.407037 1.43654 1.46373 0
-0.85082 -0.886294 0.444833 1.43613 1.46307 0
-0.85062 -0.886119 0.165722 1.43573 1.46289 0
-0.85042 -0.886468 -0.215148 1.43532 1.46324 0
-0.85022 -0.886846 -0.279111 1.43491 1.46362 0
-0.85002 -0.886701 0 1.4345 1.46347 0
-0.84982 -0.886003 0.407037 1.43409 1.46277 0
-0.84962 -0.885363 0.439019 1.43368 1.46211 0
-0.84942 -0.885218 0.151185 1.43327 1.46196 0
-0.84922 -0.885567 -0.215148 1.43286 1.46228 0.0610556
-0.84902 -0.885974 -0.284926 1.43245 1.46269 0
-0.84882 -0.885858 0 1.43204 1.46257 0
-0.84862 -0.88516 0.430296 1.43163 1.46187 0
-0.84842 -0.884491 0.444833 1.43122 1.46118 0
-0.84822 -0.884346 0.119204 1.43081 1.46097 0
-0.84802 -0.884811 -0.279111 1.4304 1.46141 0
-0.84781 -0.885218 -0.293648 1.42999 1.46179 0
-0.84761 -0.885043 0 1.42958 1.46161 0
-0.84741 -0.884346 0.407037 1.42917 1.46086 0
-0.84721 -0.883677 0.453556 1.42876 1.46016 0.0552407
-0.84701 -0.883503 0.174444 1.42835 1.45993 0.014537
-0.84681 -0.883881 -0.238407 1.42794 1.46022 0.014537
-0.84662 -0.884346 -0.311093 1.42752 1.46062 0
-0.84642 -0.884258 -0.00581481 1.42711 1.46048 0.0232593
-0.84622 -0.883561 0.398315 1.4267 1.45969 0.0465185
-0.84603 -0.882892 0.462278 1.42628 1.45894 0.0377963
-0.84583 -0.882688 0.197704 1.42587 1.45862 0.0232593
-0.84563 -0.883037 -0.188981 1.42545 1.45885 0.0610556
-0.84544 -0.883444 -0.284926 1.42504 1.45917 0.0552407
-0.84524 -0.883386 0 1.42463 1.45897 0.0785
-0.84504 -0.882718 0.375056 1.42421 1.45818 0.0697778
-0.84484 -0.881991 0.453556 1.4238 1.45731 0.0697778
-0.84465 -0.881787 0.197704 1.42338 1.45696 0.0872222
-0.84445 -0.882049 -0.0610556 1.42297 1.45708 0.0872222
-0.84425 -0.882456 -0.261667 1.42255 1.45731 0.101759
-0.84405 -0.882427 -0.0377963 1.42214 1.4571 0.110481
-0.84386 -0.881787 0.366333 1.42172 1.45629 0.101759
-0.84366 -0.881089 0.453556 1.42131 1.45539 0.151185
-0.84346 -0.880799 0.220963 1.42089 1.4549 0.119204
-0.84326 -0.881031 -0.00581481 1.42048 1.45492 0.119204
-0.84307 -0.881438 -0.252944 1.42006 1.45513 0.119204
-0.84287 -0.881438 -0.0697778 1.41965 1.45495 0.110481
-0.84267 -0.880886 0.32563 1.41923 1.4542 0.110481
-0.84247 -0.880188 0.444833 1.41882 1.45327 0.133741
-0.84227 -0.879839 0.270389 1.4184 1.45274 0.119204
-0.84208 -0.879985 0 1.41799 1.45266 0.133741
-0.84188 -0.880363 -0.252944 1.41757 1.4528 0.142463
-0.84168 -0.88045 -0.0785 1.41715 1.45269 0.125019
-0.84148 -0.879926 0.261667 1.41674 1.45193 0.119204
-0.84128 -0.879229 0.430296 1.41632 1.45097 0.142463
-0.84109 -0.878851 0.30237 1.41591 1.45036 0.157
-0.84089 -0.878909 0 1.41549 1.45016 0.165722
-0.84069 -0.879287 -0.252944 1.41507 1.45024 0.165722
-0.84049 -0.879374 -0.0697778 1.41466 1.45007 0.174444
-0.84029 -0.878909 0.252944 1.41424 1.44931 0.165722
-0.84009 -0.87824 0.439019 1.41382 1.44835 0.174444
-0.8399 -0.877862 0.293648 1.41341 1.44766 0.188981
-0.8397 -0.87792 0 1.41299 1.44737 0.215148
-0.8395 -0.87824 -0.229685 1.41257 1.44737 0.206426
-0.8393 -0.878327 -0.0872222 1.41216 1.4471 0.197704
-0.8391 -0.877833 0.279111 1.41174 1.44626 0.215148
-0.8389 -0.877106 0.444833 1.41132 1.44518 0.197704
-0.8387 -0.876699 0.334352 1.4109 1.4444 0.220963
-0.83851 -0.876757 0 1.41049 1.44408 0.229685
-0.83831 -0.877135 -0.252944 1.41007 1.44408 0.206426
-0.83811 -0.877252 -0.119204 1.40965 1.44382 0.229685
-0.83791 -0.876786 0.238407 1.40923 1.44298 0.24713
-0.83771 -0.876001 0.502981 1.40881 1.44178 0.229685
-0.83751 -0.875478 0.366333 1.4084 1.44085 0.252944
-0.83731 -0.875507 0.0232593 1.40798 1.44045 0.261667
-0.83711 -0.875914 -0.261667 1.40756 1.44039 0.284926
-0.83691 -0.876089 -0.151185 1.40714 1.4401 0.261667
-0.83671 -0.875653 0.220963 1.40672 1.43917 0.293648
-0.83652 -0.87478 0.462278 1.4063 1.43771 0.316907
-0.83632 -0.874228 0.412852 1.40589 1.43658 0.375056
-0.83612 -0.87417 0.0785 1.40547 1.43591 0.38087
-0.83592 -0.874548 -0.238407 1.40505 1.43565 0.366333
-0.83572 -0.874751 -0.174444 1.40463 1.43518 0.398315
-0.83552 -0.874431 0.0872222 1.40421 1.43422 0.412852
-0.83532 -0.873646 0.471 1.40379 1.4328 0.421574
-0.83512 -0.872978 0.476815 1.40337 1.43149 0.389593
-0.83492 -0.872774 0.174444 1.40295 1.43065 0.398315
-0.83472 -0.873065 -0.197704 1.40253 1.43033 0.389593
-0.83452 -0.873356 -0.215148 1.40211 1.43004 0.348889
-0.83432 -0.873152 0 1.40169 1.42928 0.32563
-0.83412 -0.872396 0.421574 1.40127 1.42803 0.316907
-0.83392 -0.87164 0.471 1.40085 1.42672 0.32563
-0.83372 -0.87135 0.261667 1.40043 1.42594 0.316907
-0.83352 -0.871524 0 1.40001 1.42565 0.279111
-0.83332 -0.871786 -0.188981 1.39959 1.42544 0.279111
-0.83312 -0.871728 0 1.39917 1.42495 0.261667
-0.83292 -0.871088 0.348889 1.39875 1.42387 0.252944
-0.83272 -0.870303 0.462278 1.39833 1.42265 0.252944
-0.83252 -0.869925 0.261667 1.39791 1.4219 0.24713
-0.83232 -0.870041 0 1.39749 1.42163 0.220963
-0.83212 -0.870274 -0.188981 1.39707 1.42155 0.188981
-0.83192 -0.870158 0 1.39665 1.42114 0.174444
-0.83172 -0.869547 0.375056 1.39623 1.42024 0.157
-0.83152 -0.868849 0.462278 1.39581 1.41928 0.183167
-0.83132 -0.868529 0.270389 1.39539 1.4187 0.188981
-0.83112 -0.868646 0 1.39496 1.41858 0.133741
-0.83092 -0.868878 -0.183167 1.39454 1.41864 0.093037
-0.83072 -0.868762 0 1.39412 1.41832 0.101759
-0.83052 -0.868151 0.348889 1.3937 1.41759 0.093037
-0.83031 -0.867425 0.462278 1.39328 1.41675 0.0872222
-0.83011 -0.867105 0.261667 1.39286 1.41631 0.0872222
-0.82991 -0.867221 0 1.39243 1.41631 0.0377963
-0.82971 -0.867483 -0.183167 1.39201 1.41652 0.0290741
-0.82951 -0.867396 0 1.39159 1.41634 0.0610556
-0.82931 -0.866785 0.348889 1.39117 1.4157 0
-0.82911 -0.866058 0.471 1.39074 1.41492 0.0377963
-0.82891 -0.865738 0.279111 1.39032 1.41454 0
-0.82871 -0.865913 0 1.3899 1.41469 0
-0.82851 -0.866203 -0.197704 1.38948 1.41498 0
-0.8283 -0.866145 0 1.38905 1.41492 0
-0.8281 -0.865535 0.348889 1.38863 1.41428 0
-0.8279 -0.864779 0.494259 1.38821 1.41352 0
-0.8277 -0.86443 0.261667 1.38778 1.41317 0
-0.8275 -0.864575 0 1.38736 1.41332 0
-0.8273 -0.864924 -0.238407 1.38694 1.41367 0
-0.8271 -0.864895 0 1.38651 1.41364 0
-0.82689 -0.864314 0.311093 1.38609 1.41306 0
-0.82669 -0.863529 0.444833 1.38567 1.41227 0
-0.82649 -0.863209 0.270389 1.38524 1.41195 0
-0.82629 -0.863325 0 1.38482 1.41207 0
-0.82609 -0.863645 -0.220963 1.38439 1.41239 0
-0.82589 -0.863645 -0.014537 1.38397 1.41239 0
-0.82568 -0.863093 0.311093 1.38355 1.41184 0
-0.82548 -0.862395 0.453556 1.38312 1.41114 0
-0.82528 -0.862075 0.229685 1.3827 1.41082 0
-0.82508 -0.862249 0 1.38227 1.41099 0
-0.82488 -0.862569 -0.238407 1.38185 1.41131 0
-0.82468 -0.86254 0 1.38142 1.41128 0
-0.82448 -0.862017 0.30237 1.38099 1.41076 0
-0.82428 -0.861319 0.439019 1.38057 1.41006 0
-0.82408 -0.861028 0.215148 1.38014 1.40977 0
-0.82388 -0.861203 0 1.37971 1.40995 0
-0.82368 -0.861523 -0.229685 1.37929 1.41024 0
-0.82348 -0.861493 -0.00581481 1.37886 1.41021 0
-0.82327 -0.86097 0.284926 1.37843 1.40969 0
-0.82307 -0.86036 0.389593 1.37801 1.40907 0
-0.82287 -0.860098 0.206426 1.37758 1.40878 0.0290741
-0.82267 -0.860243 0 1.37715 1.4089 0
-0.82247 -0.860505 -0.197704 1.37673 1.40913 0.0465185
-0.82227 -0.860476 0 1.3763 1.40907 0.0465185
-0.82207 -0.859953 0.293648 1.37587 1.40852 0.0552407
-0.82187 -0.859313 0.38087 1.37544 1.40782 0.014537
-0.82167 -0.85908 0.188981 1.37502 1.4075 0.0552407
-0.82147 -0.859284 -0.00581481 1.37459 1.40765 0.00581481
-0.82126 -0.859516 -0.188981 1.37416 1.40782 0
-0.82106 -0.859458 0 1.37373 1.40768 0.0290741
-0.82086 -0.858906 0.30237 1.3733 1.40704 0.0465185
-0.82066 -0.858295 0.389593 1.37288 1.40634 0.014537
-0.82046 -0.858092 0.174444 1.37245 1.40605 0.0697778
-0.82026 -0.858266 -0.0232593 1.37202 1.40614 0.0697778
-0.82006 -0.858499 -0.188981 1.37159 1.40628 0.0697778
-0.81985 -0.858383 0 1.37116 1.40605 0.0697778
-0.81965 -0.85783 0.316907 1.37073 1.40541 0.0697778
-0.81945 -0.857278 0.389593 1.3703 1.40474 0.0785
-0.81925 -0.857045 0.188981 1.36988 1.40439 0.0697778
-0.81905 -0.857249 -0.014537 1.36945 1.40448 0.0465185
-0.81885 -0.857481 -0.174444 1.36902 1.4046 0.0610556
-0.81864 -0.857394 0 1.36859 1.40436 0.0785
-0.81844 -0.856842 0.32563 1.36816 1.4037 0.0785
-0.81824 -0.85626 0.38087 1.36773 1.40294 0.110481
-0.81804 -0.856057 0.183167 1.3673 1.40256 0.119204
-0.81784 -0.856231 -0.014537 1.36687 1.40256 0.119204
-0.81763 -0.856464 -0.165722 1.36644 1.40259 0.110481
-0.81743 -0.856318 0 1.36601 1.40224 0.125019
-0.81723 -0.855766 0.311093 1.36558 1.40149 0.133741
-0.81703 -0.855184 0.375056 1.36515 1.40064 0.142463
-0.81682 -0.854952 0.188981 1.36472 1.40015 0.151185
-0.81662 -0.855126 -0.00581481 1.36429 1.40003 0.165722
-0.81642 -0.855359 -0.157 1.36386 1.39997 0.174444
-0.81622 -0.855243 0 1.36343 1.39957 0.188981
-0.81601 -0.854719 0.30237 1.363 1.3987 0.188981
-0.81581 -0.854138 0.366333 1.36256 1.39779 0.206426
-0.81561 -0.853905 0.188981 1.36213 1.39718 0.220963
-0.81541 -0.854021 0 1.3617 1.39692 0.220963
-0.8152 -0.854225 -0.133741 1.36127 1.39675 0.229685
-0.815 -0.854109 0 1.36084 1.39622 0.252944
-0.8148 -0.853585 0.30237 1.36041 1.39532 0.220963
-0.81459 -0.852975 0.38087 1.35998 1.39428 0.252944
-0.81439 -0.852742 0.206426 1.35954 1.39361 0.252944
-0.81419 -0.852829 0 1.35911 1.39329 0.252944
-0.81399 -0.853004 -0.125019 1.35868 1.39303 0.279111
-0.81378 -0.852946 0 1.35825 1.3925 0.261667
-0.81358 -0.852364 0.30237 1.35782 1.39146 0.293648
-0.81338 -0.851754 0.389593 1.35738 1.39032 0.311093
-0.81317 -0.851463 0.229685 1.35695 1.38948 0.343074
-0.81297 -0.85155 0 1.35652 1.38898 0.343074
-0.81277 -0.851754 -0.165722 1.35609 1.38861 0.366333
-0.81256 -0.851666 0 1.35565 1.38791 0.375056
-0.81236 -0.851056 0.334352 1.35522 1.38657 0.398315
-0.81216 -0.850329 0.439019 1.35479 1.38512 0.412852
-0.81195 -0.850038 0.24713 1.35435 1.3841 0.444833
-0.81175 -0.850184 0 1.35392 1.38352 0.444833
-0.81154 -0.850445 -0.165722 1.35349 1.383 0.453556
-0.81134 -0.850358 0 1.35305 1.38221 0.421574
-0.81114 -0.849748 0.348889 1.35262 1.38093 0.412852
-0.81093 -0.848963 0.494259 1.35219 1.37945 0.389593
-0.81073 -0.848643 0.261667 1.35175 1.37852 0.366333
-0.81052 -0.848759 0 1.35132 1.37808 0.348889
-0.81032 -0.84905 -0.188981 1.35089 1.37788 0.311093
-0.81012 -0.848963 0 1.35045 1.37733 0.279111
-0.80991 -0.848323 0.343074 1.35002 1.37628 0.261667
-0.80971 -0.847596 0.471 1.34958 1.37515 0.238407
-0.8095 -0.847189 0.252944 1.34915 1.37433 0.229685
-0.8093 -0.847305 0 1.34871 1.37413 0.197704
-0.80909 -0.847538 -0.174444 1.34828 1.37407 0.174444
-0.80889 -0.847451 0 1.34784 1.37369 0.165722
-0.80869 -0.84684 0.334352 1.34741 1.37285 0.157
-0.80848 -0.846055 0.462278 1.34697 1.37177 0.165722
-0.80828 -0.845706 0.311093 1.34654 1.37116 0.151185
-0.80807 -0.845793 0 1.3461 1.37102 0.142463
-0.80787 -0.846026 -0.174444 1.34567 1.37099 0.165722
-0.80766 -0.845968 0 1.34523 1.37073 0.125019
-0.80746 -0.845386 0.316907 1.3448 1.36994 0.119204
-0.80725 -0.84466 0.462278 1.34436 1.36901 0.119204
-0.80705 -0.844253 0.311093 1.34392 1.36843 0.125019
-0.80684 -0.844311 0 1.34349 1.36828 0.119204
-0.80664 -0.844543 -0.174444 1.34305 1.36834 0.110481
-0.80643 -0.844485 0 1.34262 1.36814 0.0872222
-0.80623 -0.843875 0.343074 1.34218 1.36735 0.093037
-0.80602 -0.843119 0.471 1.34174 1.36645 0.093037
-0.80582 -0.842741 0.30237 1.34131 1.36593 0.101759
-0.80561 -0.842828 0 1.34087 1.36593 0.0377963
-0.80541 -0.84309 -0.215148 1.34043 1.36607 0.0785
-0.8052 -0.842973 0 1.33999 1.36584 0.0232593
-0.80499 -0.842246 0.398315 1.33956 1.36506 0.0552407
-0.80479 -0.841461 0.508796 1.33912 1.36418 0.00581481
-0.80458 -0.841142 0.284926 1.33868 1.36384 0
-0.80438 -0.841374 -0.0377963 1.33825 1.36404 0.0377963
-0.80417 -0.841665 -0.229685 1.33781 1.3643 0.0610556
-0.80397 -0.841549 0 1.33737 1.36418 0
-0.80376 -0.84088 0.375056 1.33693 1.36352 0
-0.80355 -0.840066 0.471 1.33649 1.36267 0.0377963
-0.80335 -0.839804 0.252944 1.33606 1.36241 0
-0.80314 -0.83995 0 1.33562 1.36256 0
-0.80294 -0.84024 -0.197704 1.33518 1.36285 0
-0.80273 -0.840153 0 1.33474 1.36276 0
-0.80253 -0.839572 0.32563 1.3343 1.36218 0
-0.80232 -0.838903 0.412852 1.33386 1.36151 0
-0.80212 -0.838641 0.238407 1.33342 1.36119 0.0290741
-0.80192 -0.838816 0 1.33298 1.36136 0
-0.80172 -0.839077 -0.183167 1.33253 1.3616 0.00581481
-0.80151 -0.839019 -0.00581481 1.33209 1.36154 0
-0.80131 -0.838467 0.316907 1.33165 1.36099 0
-0.80111 -0.837856 0.38087 1.33121 1.36035 0.0232593
-0.8009 -0.837624 0.206426 1.33077 1.36008 0.0377963
-0.8007 -0.837798 0 1.33032 1.3602 0
-0.8005 -0.838031 -0.183167 1.32988 1.3604 0.0465185
-0.80029 -0.838002 0 1.32944 1.36032 0.0377963
-0.80009 -0.83742 0.311093 1.329 1.35971 0
-0.79989 -0.836897 0.343074 1.32855 1.35913 0.0465185
-0.79968 -0.836722 0.142463 1.32811 1.35886 0.0552407
-0.79948 -0.836955 -0.151185 1.32767 1.35901 0.0377963
-0.79928 -0.837188 -0.165722 1.32722 1.35915 0.0290741
-0.79907 -0.836839 0.133741 1.32678 1.35872 0.0232593
-0.79887 -0.83617 0.407037 1.32634 1.35796 0.0697778
-0.79867 -0.835647 0.293648 1.32589 1.35732 0.0785
-0.79846 -0.835705 0 1.32545 1.35726 0.0785
-0.79826 -0.836112 -0.220963 1.32501 1.35753 0.0697778
-0.79805 -0.83617 -0.0232593 1.32456 1.3575 0.0610556
-0.79785 -0.835618 0.252944 1.32412 1.3568 0.0610556
-0.79765 -0.834978 0.407037 1.32367 1.35601 0.0872222
-0.79744 -0.834716 0.220963 1.32323 1.35564 0.0872222
-0.79724 -0.834833 0 1.32279 1.35561 0.0872222
-0.79703 -0.835123 -0.183167 1.32234 1.35575 0.0697778
-0.79683 -0.835036 -0.0377963 1.3219 1.35555 0.0872222
-0.79663 -0.834513 0.293648 1.32145 1.35488 0.0785
-0.79642 -0.833844 0.430296 1.32101 1.35407 0.093037
-0.79622 -0.833524 0.261667 1.32056 1.35357 0.101759
-0.79601 -0.83367 0 1.32012 1.35354 0.101759
-0.79581 -0.834018 -0.229685 1.31967 1.35372 0.110481
-0.7956 -0.834048 -0.0610556 1.31923 1.35354 0.101759
-0.7954 -0.833495 0.284926 1.31878 1.35282 0.119204
-0.79519 -0.832797 0.444833 1.31833 1.35189 0.119204
-0.79499 -0.832448 0.311093 1.31789 1.35133 0.142463
-0.79478 -0.832594 0 1.31744 1.35119 0.151185
-0.79458 -0.832943 -0.238407 1.317 1.35128 0.157
-0.79437 -0.832972 -0.0552407 1.31655 1.35104 0.174444
-0.79417 -0.832419 0.30237 1.3161 1.35017 0.188981
-0.79396 -0.831722 0.453556 1.31566 1.34915 0.215148
-0.79376 -0.831402 0.24713 1.31521 1.34843 0.229685
-0.79355 -0.831547 0 1.31476 1.34819 0.252944
-0.79335 -0.831838 -0.206426 1.31432 1.34805 0.252944
-0.79314 -0.831809 -0.0465185 1.31387 1.34761 0.252944
-0.79294 -0.831256 0.293648 1.31342 1.34662 0.252944
-0.79273 -0.830588 0.444833 1.31298 1.34549 0.279111
-0.79253 -0.830268 0.261667 1.31253 1.3447 0.293648
-0.79232 -0.830413 0 1.31208 1.34438 0.30237
-0.79212 -0.830675 -0.206426 1.31163 1.34415 0.311093
-0.79191 -0.830675 -0.0290741 1.31119 1.34369 0.284926
-0.7917 -0.830152 0.293648 1.31074 1.34267 0.311093
-0.7915 -0.829454 0.439019 1.31029 1.34145 0.32563
-0.79129 -0.829134 0.24713 1.30984 1.34061 0.334352
-0.79109 -0.82925 0 1.30939 1.34014 0.348889
-0.79088 -0.829512 -0.188981 1.30895 1.33973 0.357611
-0.79067 -0.829425 0 1.3085 1.33904 0.38087
-0.79047 -0.828843 0.32563 1.30805 1.33781 0.407037
-0.79026 -0.828116 0.439019 1.3076 1.33636 0.412852
-0.79006 -0.827826 0.229685 1.30715 1.33537 0.444833
-0.78985 -0.827971 0 1.3067 1.33479 0.430296
-0.78964 -0.828233 -0.197704 1.30625 1.33435 0.439019
-0.78944 -0.828175 0 1.3058 1.3336 0.444833
-0.78923 -0.827564 0.32563 1.30535 1.33229 0.412852
-0.78902 -0.826866 0.462278 1.3049 1.33089 0.412852
-0.78882 -0.826517 0.261667 1.30445 1.32988 0.439019
-0.78861 -0.826634 0 1.304 1.32935 0.389593
-0.7884 -0.826924 -0.206426 1.30355 1.329 0.398315
-0.7882 -0.826866 0 1.3031 1.32836 0.366333
-0.78799 -0.826256 0.334352 1.30265 1.32723 0.316907
-0.78778 -0.825558 0.453556 1.3022 1.32601 0.334352
-0.78758 -0.825151 0.316907 1.30175 1.32514 0.293648
-0.78737 -0.825238 0 1.3013 1.32479 0.279111
-0.78716 -0.825529 -0.183167 1.30085 1.3247 0.24713
-0.78696 -0.825529 0 1.3004 1.32435 0.215148
-0.78675 -0.82486 0.348889 1.29995 1.32336 0.165722
-0.78654 -0.824104 0.453556 1.2995 1.32232 0.174444
-0.78633 -0.823755 0.279111 1.29905 1.32171 0.165722
-0.78613 -0.823843 0 1.2986 1.32159 0.133741
-0.78592 -0.824133 -0.197704 1.29814 1.32168 0.110481
-0.78571 -0.824104 0 1.29769 1.3215 0.110481
-0.7855 -0.823523 0.32563 1.29724 1.32078 0.0872222
-0.7853 -0.822796 0.462278 1.29679 1.3199 0.093037
-0.78509 -0.822418 0.284926 1.29634 1.31938 0.101759
-0.78488 -0.822534 0 1.29588 1.31938 0.0785
-0.78467 -0.822854 -0.206426 1.29543 1.31958 0.093037
-0.78446 -0.822825 0 1.29498 1.31944 0.0377963
-0.78426 -0.822243 0.316907 1.29453 1.3188 0.0465185
-0.78405 -0.821517 0.508796 1.29407 1.31796 0.0697778
-0.78384 -0.821139 0.293648 1.29362 1.31752 0.0465185
-0.78363 -0.821226 0 1.29317 1.31752 0.0552407
-0.78342 -0.821546 -0.215148 1.29271 1.31781 0.0610556
-0.78322 -0.821546 -0.00581481 1.29226 1.31778 0
-0.78301 -0.820906 0.334352 1.29181 1.31711 0.014537
-0.7828 -0.820092 0.453556 1.29135 1.3163 0
-0.78259 -0.819714 0.293648 1.2909 1.31589 0.00581481
-0.78238 -0.819801 0 1.29044 1.31598 0
-0.78217 -0.820063 -0.174444 1.28999 1.31624 0
-0.78197 -0.820034 -0.014537 1.28954 1.31621 0
-0.78176 -0.819278 0.32563 1.28908 1.31546 0
-0.78155 -0.818464 0.494259 1.28863 1.31464 0
-0.78134 -0.818086 0.270389 1.28817 1.31426 0
-0.78113 -0.818173 0 1.28772 1.31435 0
-0.78092 -0.818464 -0.188981 1.28726 1.31464 0
-0.78071 -0.818406 0 1.28681 1.31458 0
-0.78051 -0.817766 0.348889 1.28635 1.31394 0
-0.7803 -0.816952 0.476815 1.2859 1.31313 0
-0.78009 -0.816603 0.279111 1.28544 1.31278 0
-0.77988 -0.81669 0 1.28498 1.31287 0
-0.77967 -0.81701 -0.188981 1.28453 1.31319 0
-0.77946 -0.816865 0 1.28407 1.31304 0
-0.77925 -0.81608 0.407037 1.28362 1.31223 0
-0.77904 -0.815295 0.508796 1.28316 1.31144 0
-0.77883 -0.815033 0.206426 1.2827 1.31112 0.0377963
-0.77862 -0.815353 -0.183167 1.28225 1.31141 0
-0.77841 -0.815615 -0.188981 1.28179 1.31159 0
-0.7782 -0.815237 0.0785 1.28133 1.31115 0.0552407
-0.77799 -0.814306 0.508796 1.28088 1.31014 0.00581481
-0.77778 -0.813667 0.471 1.28042 1.30944 0.00581481
-0.77757 -0.813579 0.0872222 1.27996 1.30926 0.0552407
-0.77736 -0.814045 -0.252944 1.2795 1.30967 0.0552407
-0.77715 -0.814277 -0.206426 1.27905 1.30982 0.0552407
-0.77694 -0.813957 0.0377963 1.27859 1.30941 0.0697778
-0.77673 -0.813231 0.471 1.27813 1.30859 0.0785
-0.77652 -0.812591 0.430296 1.27767 1.30784 0.0610556
-0.77631 -0.812475 0.125019 1.27722 1.30761 0.0610556
-0.7761 -0.812823 -0.220963 1.27676 1.30784 0.0610556
-0.77589 -0.813085 -0.206426 1.2763 1.30798 0.0872222
-0.77568 -0.812823 0 1.27584 1.30761 0.0697778
-0.77547 -0.812009 0.462278 1.27538 1.30665 0.093037
-0.77526 -0.81137 0.444833 1.27492 1.30589 0.0872222
-0.77505 -0.811195 0.151185 1.27446 1.30554 0.0872222
-0.77484 -0.811631 -0.220963 1.274 1.3058 0.110481
-0.77463 -0.811893 -0.197704 1.27355 1.30592 0.093037
-0.77442 -0.811486 0.0232593 1.27309 1.30534 0.0872222
-0.77421 -0.810701 0.494259 1.27263 1.30438 0.110481
-0.774 -0.810032 0.421574 1.27217 1.30351 0.101759
-0.77379 -0.809945 0.0610556 1.27171 1.30324 0.125019
-0.77357 -0.810439 -0.293648 1.27125 1.30354 0.093037
-0.77336 -0.810614 -0.157 1.27079 1.30351 0.093037
-0.77315 -0.810236 0.183167 1.27033 1.30295 0.133741
-0.77294 -0.809422 0.508796 1.26987 1.30197 0.110481
-0.77273 -0.808869 0.407037 1.26941 1.30115 0.142463
-0.77252 -0.808898 0 1.26895 1.30101 0.125019
-0.77231 -0.809364 -0.293648 1.26848 1.30124 0.125019
-0.77209 -0.809538 -0.165722 1.26802 1.30124 0.119204
-0.77188 -0.809015 0.24713 1.26756 1.30045 0.142463
-0.77167 -0.808084 0.517519 1.2671 1.29932 0.125019
-0.77146 -0.807503 0.421574 1.26664 1.29848 0.157
-0.77125 -0.80759 0 1.26618 1.29833 0.142463
-0.77104 -0.808143 -0.334352 1.26572 1.29862 0.174444
-0.77082 -0.808375 -0.174444 1.26525 1.29859 0.133741
-0.77061 -0.807823 0.293648 1.26479 1.29775 0.157
-0.7704 -0.80698 0.508796 1.26433 1.29662 0.174444
-0.77019 -0.806456 0.366333 1.26387 1.2958 0.174444
-0.76998 -0.806631 0 1.26341 1.29566 0.197704
-0.76976 -0.807183 -0.334352 1.26294 1.29586 0.197704
-0.76955 -0.807328 -0.125019 1.26248 1.29566 0.215148
-0.76934 -0.806747 0.316907 1.26202 1.29467 0.229685
-0.76913 -0.805904 0.508796 1.26155 1.29342 0.252944
-0.76891 -0.80541 0.343074 1.26109 1.29246 0.252944
-0.7687 -0.805613 0 1.26063 1.29217 0.279111
-0.76849 -0.806136 -0.343074 1.26017 1.2922 0.311093
-0.76827 -0.806282 -0.125019 1.2597 1.29176 0.32563
-0.76806 -0.8057 0.284926 1.25924 1.29057 0.343074
-0.76785 -0.804915 0.508796 1.25877 1.2892 0.375056
-0.76764 -0.804421 0.32563 1.25831 1.28804 0.375056
-0.76742 -0.804566 0 1.25785 1.28754 0.389593
-0.76721 -0.805032 -0.284926 1.25738 1.28737 0.389593
-0.767 -0.805177 -0.119204 1.25692 1.28685 0.407037
-0.76678 -0.804741 0.229685 1.25645 1.28577 0.389593
-0.76657 -0.803985 0.471 1.25599 1.28441 0.389593
-0.76636 -0.80352 0.348889 1.25552 1.2833 0.38087
-0.76615 -0.803549 0.0552407 1.25505 1.28272 0.366333
-0.76594 -0.803927 -0.252944 1.25459 1.28257 0.343074
-0.76573 -0.804072 -0.119204 1.25412 1.2822 0.293648
-0.76552 -0.803694 0.188981 1.25365 1.28135 0.284926
-0.76531 -0.802938 0.453556 1.25318 1.28016 0.261667
-0.7651 -0.802415 0.38087 1.25271 1.27923 0.238407
-0.76489 -0.802386 0.0290741 1.25224 1.27876 0.252944
-0.76468 -0.802764 -0.238407 1.25178 1.27876 0.229685
-0.76446 -0.802938 -0.151185 1.25131 1.27859 0.220963
-0.76425 -0.80256 0.165722 1.25084 1.27783 0.220963
-0.76404 -0.801804 0.444833 1.25037 1.27676 0.206426
-0.76383 -0.801223 0.439019 1.2499 1.27583 0.215148
-0.76362 -0.801165 0.0872222 1.24943 1.27542 0.206426
-0.76341 -0.801572 -0.24713 1.24896 1.27551 0.183167
-0.7632 -0.801833 -0.215148 1.24849 1.27545 0.188981
-0.76299 -0.801572 0.00581481 1.24802 1.2749 0.174444
-0.76278 -0.800845 0.439019 1.24755 1.27391 0.165722
-0.76256 -0.800147 0.453556 1.24708 1.27292 0.183167
-0.76235 -0.799944 0.183167 1.24661 1.27246 0.157
-0.76214 -0.800293 -0.206426 1.24614 1.27254 0.142463
-0.76193 -0.800612 -0.24713 1.24567 1.27266 0.133741
-0.76172 -0.800438 0 1.2452 1.27228 0.119204
-0.76151 -0.799711 0.407037 1.24473 1.27138 0.101759
-0.76129 -0.798984 0.502981 1.24426 1.27051 0.093037
-0.76108 -0.798723 0.24713 1.24378 1.2701 0.093037
-0.76087 -0.798984 -0.110481 1.24331 1.27025 0.0872222
-0.76066 -0.799362 -0.279111 1.24284 1.27051 0.0465185
-0.76045 -0.799246 -0.0465185 1.24237 1.2703 0.0377963
-0.76023 -0.798577 0.38087 1.2419 1.26958 0.0610556
-0.76002 -0.797734 0.508796 1.24143 1.26865 0.0552407
-0.75981 -0.797414 0.30237 1.24095 1.26827 0.0552407
-0.7596 -0.797618 0 1.24048 1.26841 0.0610556
-0.75938 -0.797967 -0.252944 1.24001 1.2687 0.0290741
-0.75917 -0.797938 0 1.23954 1.26862 0
-0.75896 -0.797298 0.357611 1.23906 1.26792 0.0290741
-0.75875 -0.796542 0.453556 1.23859 1.26713 0
-0.75853 -0.79628 0.229685 1.23812 1.26684 0.0552407
-0.75832 -0.796455 -0.00581481 1.23764 1.26696 0.00581481
-0.75811 -0.796687 -0.174444 1.23717 1.26716 0.014537
-0.75789 -0.796571 0 1.2367 1.26699 0.0377963
-0.75768 -0.795931 0.348889 1.23622 1.26629 0.00581481
-0.75747 -0.795263 0.444833 1.23575 1.26559 0.0232593
-0.75725 -0.795001 0.183167 1.23528 1.26527 0.014537
-0.75704 -0.795263 -0.157 1.2348 1.26548 0.014537
-0.75683 -0.795495 -0.165722 1.23433 1.26565 0.0377963
-0.75661 -0.795205 0.0465185 1.23385 1.2653 0
-0.7564 -0.794361 0.453556 1.23338 1.2644 0
-0.75619 -0.793751 0.412852 1.2329 1.26373 0.0232593
-0.75597 -0.793635 0.093037 1.23243 1.26353 0.0232593
-0.75576 -0.794071 -0.261667 1.23195 1.26388 0.0552407
-0.75555 -0.794274 -0.125019 1.23148 1.26399 0.0552407
-0.75533 -0.793867 0.206426 1.231 1.26347 0.0610556
-0.75512 -0.793082 0.439019 1.23053 1.2626 0.0465185
-0.7549 -0.792617 0.343074 1.23005 1.26199 0.0465185
-0.75469 -0.792704 0 1.22957 1.26196 0.0785
-0.75447 -0.793111 -0.220963 1.2291 1.26222 0.0697778
-0.75426 -0.793111 -0.0232593 1.22862 1.26208 0.0785
-0.75405 -0.792443 0.32563 1.22815 1.26123 0.0872222
