3.300000000000000000e+01 1.050000000000000000e+02
3.400000000000000000e+01 1.020000000000000000e+02
3.400000000000000000e+01 1.010000000000000000e+02
3.400000000000000000e+01 9.600000000000000000e+01
3.400000000000000000e+01 9.500000000000000000e+01
3.500000000000000000e+01 9.000000000000000000e+01
3.500000000000000000e+01 8.900000000000000000e+01
3.500000000000000000e+01 8.500000000000000000e+01
3.500000000000000000e+01 8.400000000000000000e+01
3.500000000000000000e+01 7.900000000000000000e+01
3.500000000000000000e+01 7.800000000000000000e+01
3.500000000000000000e+01 7.300000000000000000e+01
3.500000000000000000e+01 7.200000000000000000e+01
3.400000000000000000e+01 6.700000000000000000e+01
3.400000000000000000e+01 6.600000000000000000e+01
3.300000000000000000e+01 6.400000000000000000e+01
