torque_1,torque_1_t,torque_2,torque_2_t
-0.1484,-0.2625,-0.910032,-0.109375
-0.15335,0.0875,-0.900732,-0.415625
-0.15785,0.109375,-0.891432,-0.56875
-0.1628,0.109375,-0.880388,-0.6125
-0.16775,0.0875,-0.88388,-0.809375
-0.17225,0.0875,-0.918482,-0.809375
-0.1772,0.196875,-0.892029,-1.05
-0.18215,0.196875,-0.918771,-0.9625
-0.1871,0.109375,-0.918775,-1.09375
-0.1916,0.21875,-0.895519,-1.07187
-0.19655,0.196875,-0.911223,-1.1375
-0.2015,0.328125,-0.872558,-1.1375
-0.0174685,0.153125,-0.897856,-1.15938
-0.21095,0.328125,-0.881579,-1.18125
-0.2159,0.13125,-0.842614,-1.18125
-0.219542,0.284375,-0.833895,-1.1375
-0.224492,0.196875,-0.796103,-1.20312
-0.110079,0.2625,-0.768777,-1.1375
-0.228708,0.196875,-0.74901,-1.1375
0.0438537,0.284375,-0.674003,-1.15938
0.040212,0.175,-0.649293,-1.07187
-0.239633,0.175,-0.640566,-1.00625
-0.242825,0.153125,-0.632138,-0.9625
-0.101096,0.21875,-0.586786,-0.91875
0.0274037,0.175,-0.617027,-0.875
-0.134837,0.21875,-0.609471,-0.875
-0.180331,0.153125,-0.601916,-0.83125
-0.256658,0.30625,-0.593188,-0.7875
-0.258992,0.175,-0.585632,-0.83125
-0.262633,0.328125,-0.577204,-0.7875
0.0403111,0.196875,-0.569649,-0.7875
-0.0778685,0.284375,-0.562093,-0.7875
0.00702037,0.065625,-0.554538,-0.7875
-0.272825,0.2625,-0.517608,-0.74375
-0.277775,0.240625,-0.537382,-0.7
-0.281417,0.240625,-0.528954,-0.7
-0.0960769,0.240625,-0.520527,-0.765625
-0.286942,0.35,-0.512971,-0.721875
-0.143905,0.240625,-0.505116,-0.74375
-0.292917,0.35,-0.496688,-0.7
0.00871944,0.2625,-0.48826,-0.7
-0.3002,0.30625,-0.479832,-0.678125
-0.30515,0.284375,-0.470532,-0.6125
-0.30965,0.2625,-0.461804,-0.634375
-0.311983,0.196875,-0.454249,-0.65625
-0.0394213,0.30625,-0.445821,-0.6125
-0.201662,0.153125,-0.438266,-0.6125
-0.17623,0.2625,-0.429838,-0.56875
-0.32655,0.175,-0.42111,-0.590625
-0.3315,0.30625,-0.41181,-0.590625
-0.33645,0.284375,-0.40251,-0.634375
-0.338333,0.328125,-0.394954,-0.546875
-0.341975,0.35,-0.386227,-0.65625
-0.069413,0.39375,-0.378671,-0.56875
-0.0439806,0.30625,-0.370243,-0.56875
-0.322068,0.240625,-0.362688,-0.546875
-0.356092,0.35,-0.353088,-0.48125
-0.360592,0.30625,-0.315586,-0.503125
-0.0880296,0.35,-0.336232,-0.459375
-0.366117,0.4375,-0.329549,-0.4375
-0.369758,0.328125,-0.320821,-0.39375
-0.374258,0.48125,-0.313266,-0.39375
-0.376592,0.371875,-0.30571,-0.39375
-0.379783,0.48125,-0.298154,-0.371875
-0.383425,0.4375,-0.289427,-0.39375
-0.196327,0.525,-0.259484,-0.39375
-0.359876,0.39375,-0.274316,-0.35
-0.391283,0.525,-0.238258,-0.35
-0.395783,0.4375,-0.258032,-0.35
-0.398117,0.56875,-0.22809,-0.35
-0.255938,0.48125,-0.242921,-0.30625
-0.374568,0.56875,-0.174882,-0.30625
-0.261463,0.4375,-0.22751,-0.328125
-0.134271,0.525,-0.158899,-0.284375
-0.0634694,0.2625,-0.212971,-0.30625
-0.416,0.30625,-0.204543,-0.30625
-0.42095,0.39375,-0.158319,-0.196875
-0.395068,0.48125,-0.18856,-0.2625
-0.150271,0.48125,-0.180704,-0.2625
-0.123081,0.39375,-0.174021,-0.21875
-0.285321,0.196875,-0.167338,-0.2625
-0.435642,0.48125,-0.0975544,-0.2625
-0.440142,0.415625,-0.14931,-0.196875
-0.443783,0.525,-0.0865137,-0.196875
-0.330679,0.459375,-0.133899,-0.196875
-0.259019,0.525,-0.128088,-0.196875
-0.175438,0.415625,-0.120532,-0.196875
-0.454833,0.48125,-0.0524933,-0.196875
-0.269494,0.4375,-0.105121,-0.240625
-0.462975,0.48125,-0.0975656,-0.153125
-0.466617,0.459375,-0.0527859,-0.175
-0.471567,0.590625,-0.0588952,-0.13125
-0.240857,0.48125,-0.0530841,-0.13125
-0.286802,0.525,-0.0411581,-0.109375
-0.289135,0.4375,-0.0266248,-0.13125
-0.335938,0.525,-0.00249704,-0.0875
-0.486258,0.4375,-0.0274952,0.196875
-0.491208,0.6125,-0.0286619,-0.0875
-0.4944,0.48125,-0.031573,0.21875
-0.307752,0.721875,0.0239641,0.21875
-0.266474,0.48125,0.0347178,0.196875
-0.196981,0.590625,-0.0187822,0.153125
-0.433215,0.415625,-0.0117989,-0.065625
-0.51085,0.590625,0.0431474,-0.13125
-0.51535,0.48125,0.00448444,0.196875
-0.517683,0.546875,0.0576863,-0.0875
-0.489634,0.525,0.0219215,0.21875
-0.373913,0.7,0.0678641,0.153125
-0.333944,0.56875,0.0280289,0.196875
-0.408962,0.634375,0.089953,-0.0875
-0.413462,0.48125,0.0571048,0.21875
-0.534708,0.634375,0.0501233,0.196875
-0.53835,0.546875,0.0803659,-0.065625
-0.234956,0.7,0.06379,0.21875
-0.192369,0.48125,0.128912,0.328125
-0.267388,0.65625,0.135896,0.196875
-0.548542,0.459375,0.0823956,-0.065625
-0.553042,0.65625,0.104788,-0.065625
-0.557992,0.546875,0.113216,-0.065625
-0.255047,0.721875,0.151881,-0.065625
-0.488665,0.48125,0.148397,0.240625
-0.330641,0.721875,0.116412,0.21875
-0.566875,0.503125,0.179509,0.196875
-0.571375,0.721875,0.187936,0.240625
-0.575017,0.634375,0.139679,0.240625
-0.302005,0.765625,0.147234,0.240625
-0.390252,0.503125,0.181247,0.2625
-0.437055,0.7,0.159157,0.21875
-0.353474,0.590625,0.16584,0.21875
-0.590567,0.65625,0.212364,0.175
-0.360307,0.634375,0.180379,0.284375
-0.596092,0.65625,0.217309,0.21875
-0.599733,0.678125,0.194918,0.2625
-0.457555,0.7875,0.21701,0.2625
-0.255061,0.590625,0.230099,0.2625
-0.576759,0.634375,0.250447,0.2625
-0.304197,0.634375,0.274875,0.2625
-0.613975,0.65625,0.264114,0.30625
-0.618925,0.65625,0.280692,0.328125
-0.475438,0.83125,0.300168,0.35
-0.476463,0.48125,0.26761,0.328125
-0.478796,0.721875,0.310346,0.35
-0.351155,0.65625,0.27866,0.328125
-0.354796,0.7,0.322268,0.328125
-0.6355,0.56875,0.329251,0.371875
-0.64045,0.765625,0.353379,0.35
-0.570956,0.678125,0.341173,0.459375
-0.367155,0.83125,0.306571,0.39375
-0.616168,0.56875,0.34292,0.35
-0.532587,0.853125,0.363268,0.39375
-0.652525,0.678125,0.327803,0.371875
-0.423124,0.853125,0.319077,0.39375
-0.65805,0.678125,0.370834,0.39375
-0.355964,0.875,0.384496,0.415625
-0.664883,0.65625,0.366475,0.415625
-0.666767,0.853125,0.362692,0.415625
-0.671717,0.765625,0.360081,0.415625
-0.323853,0.940625,0.403979,0.459375
-0.529255,0.6125,0.385959,0.459375
-0.532896,0.875,0.422879,0.48125
-0.682767,0.7,0.388286,0.4375
-0.687717,0.875,0.415612,0.48125
-0.413846,0.809375,0.438296,0.56875
-0.385347,0.765625,0.432768,0.48125
-0.620273,0.6125,0.452834,0.525
-0.697458,0.853125,0.46446,0.525
-0.702408,0.809375,0.445568,0.546875
-0.428538,0.940625,0.472021,0.525
-0.401347,0.721875,0.474644,0.56875
-0.476366,0.83125,0.476966,0.590625
-0.713908,0.634375,0.481333,0.56875
-0.718408,0.853125,0.494421,0.65625
-0.723358,0.765625,0.497616,0.525
-0.695309,0.984375,0.498494,0.6125
-0.419681,0.875,0.490349,0.6125
-0.7286,0.765625,0.524953,0.503125
-0.54326,0.765625,0.535997,0.65625
-0.736742,0.809375,0.51536,0.65625
-0.507791,0.91875,0.525833,0.65625
-0.438747,0.7875,0.558392,0.65625
-0.441939,0.7875,0.560142,0.678125
-0.752167,0.678125,0.566534,0.65625
-0.757117,0.83125,0.553747,0.7
-0.760308,0.896875,0.576712,0.678125
-0.645037,0.91875,0.574101,0.721875
-0.531074,0.91875,0.589807,0.721875
-0.76555,0.875,0.59271,0.721875
-0.7705,0.984375,0.608416,0.74375
-0.77545,0.940625,0.621786,0.721875
-0.748709,0.984375,0.625281,0.765625
-0.547074,0.984375,0.620925,0.7875
-0.709315,0.896875,0.638657,0.809375
-0.78695,0.940625,0.651746,0.7875
-0.79145,0.984375,0.660755,0.809375
-0.518888,0.984375,0.653783,0.634375
-0.796975,0.875,0.677047,0.875
-0.727931,0.940625,0.676753,0.7875
-0.805117,0.853125,0.685481,0.809375
-0.810067,1.02812,0.690429,0.809375
-0.813258,1.02812,0.69624,0.875
-0.62661,1.11563,0.697699,0.7875
-0.820092,0.984375,0.693916,0.896875
-0.54753,1.18125,0.719797,0.74375
-0.828683,0.940625,0.719512,0.940625
-0.833183,0.984375,0.71224,0.7875
-0.838133,1.09375,0.695673,0.91875
-0.842633,1.1375,0.732603,0.765625
-0.847583,1.11563,0.730564,0.91875
-0.852533,1.11563,0.733768,0.7875
-0.857033,1.15938,0.736971,0.940625
-0.861983,1.24687,0.715744,0.875
-0.866483,1.18125,0.717203,1.02812
-0.871433,1.1375,0.641907,0.83125
-0.875933,1.18125,0.622423,1.00625
-0.880883,1.24687,0.573003,1.02812
-0.885833,1.20312,0.548586,1.09375
-0.890333,1.15938,0.465431,0.896875
-0.895283,1.20312,0.421244,1.00625
-0.900233,1.20312,0.385488,0.83125
-0.904733,1.225,0.322975,0.875
-0.909683,1.20312,0.277044,0.7
-0.914183,1.24687,0.204655,0.7875
-0.919133,1.24687,0.179066,0.634375
-0.924083,1.20312,0.157557,0.678125
-0.928583,1.225,0.106683,0.503125
-0.933533,1.29062,0.0886622,0.634375
-0.938483,1.24687,0.0857511,0.415625
-0.942983,1.26875,0.0927344,0.4375
-0.947933,1.24687,0.0909956,0.328125
-0.952883,1.20312,0.0735474,0.196875
-0.956075,1.37813,0.0709363,0.284375
-0.958408,1.20312,0.0761752,0.196875
-0.96205,1.37813,0.0735641,0.196875
-0.732649,1.29062,0.0959474,0.175
-0.778594,1.26875,0.133168,0.196875
-0.782235,1.1375,0.0985752,0.21875
-0.975717,1.20312,0.0674622,0.196875
-0.980667,1.15938,0.144223,0.21875
-0.706796,1.3125,0.0863715,0.196875
-0.793285,1.11563,0.0907381,0.175
-0.590792,1.20312,0.136381,-0.13125
-0.797952,0.940625,0.09859,0.196875
-0.87297,1.1375,0.152092,-0.109375
-0.992458,1.05,0.114301,0.240625
-0.644594,1.15938,0.120984,0.021875
-0.6007,0.984375,0.127096,0.196875
-0.599967,0.896875,0.133207,0.196875
-0.848121,1.00625,0.14019,0.2625
-0.995825,1.11563,0.147746,0.328125
-0.60435,1.11563,0.154729,0.196875
-0.689531,1.02812,0.159968,0.196875
-0.555797,0.984375,0.164334,0.21875
-0.555514,0.896875,0.171318,0.328125
-0.553922,0.853125,0.176257,0.21875
-0.802935,0.83125,0.138466,0.30625
-0.642744,0.91875,0.168709,0.196875
-0.553931,0.853125,0.137896,0.21875
-0.521956,0.809375,0.204762,0.2625
-0.474995,0.940625,0.15476,0.328125
-0.676922,0.765625,0.217857,0.240625
-0.674022,0.83125,0.194894,0.35
-0.512523,0.875,0.169896,0.240625
-0.626778,0.809375,0.177451,0.371875
-0.668797,0.83125,0.216416,0.240625
-0.462379,0.853125,0.191418,0.35
-0.415868,0.74375,0.24492,0.21875
-0.498881,0.7,0.204512,0.371875
-0.570833,0.74375,0.195796,0.240625
-0.686846,0.721875,0.213818,0.196875
-0.773785,0.809375,0.223418,0.30625
-0.45107,0.853125,0.24581,0.328125
-0.358331,0.74375,0.21994,0.284375
-0.397284,0.721875,0.253962,0.284375
-0.513297,0.678125,0.264434,0.284375
-0.76276,0.7875,0.275479,0.30625
-0.676563,0.765625,0.292638,0.35
-0.559983,0.853125,0.301366,0.328125
-0.439029,0.809375,0.325794,0.328125
-0.391209,0.74375,0.299923,0.415625
-0.549525,0.678125,0.338888,0.371875
-0.593711,0.678125,0.324357,0.35
-0.943625,0.7875,0.392968,0.371875
-0.597069,0.940625,0.400823,0.371875
-0.550108,0.853125,0.383675,0.371875
-0.548517,0.809375,0.412173,0.415625
-0.503314,0.853125,0.417412,0.4375
-0.635172,0.7875,0.424396,0.4375
-0.66613,0.853125,0.432251,0.56875
-0.669771,0.875,0.440979,0.39375
-0.830704,0.896875,0.447662,0.6125
-0.948883,0.91875,0.455518,0.503125
-0.5561,1.05,0.460757,0.546875
-0.480515,0.91875,0.465123,0.6125
-0.480231,0.853125,0.471234,0.6125
-0.875923,0.896875,0.479962,0.546875
-0.953558,1.02812,0.48869,0.6125
-0.958508,1.11563,0.49829,0.546875
-0.931318,1.07187,0.506146,0.74375
-0.5663,1.1375,0.510512,0.74375
-0.448412,0.984375,0.515451,0.634375
-0.726949,0.940625,0.568953,0.65625
-0.964042,1.05,0.560236,0.7
-0.968992,1.07187,0.563149,0.678125
-0.972633,1.1375,0.575947,0.7875
-0.667072,1.1375,0.55124,0.721875
-0.534197,1.05,0.616662,0.809375
-0.577525,0.9625,0.559973,0.74375
-0.973667,0.940625,0.596031,0.721875
-0.977308,1.1375,0.634996,0.721875
-0.982258,1.1375,0.581796,0.809375
-0.676247,1.20312,0.641403,0.721875
-0.586125,1.00625,0.635303,0.809375
-0.468237,0.984375,0.630947,0.896875
-0.833996,0.83125,0.599262,0.809375
-0.953934,1.05,0.63532,0.940625
-0.984892,1.1375,0.658575,0.809375
-0.840546,1.1375,0.617296,0.853125
-0.47422,1.09375,0.667309,0.809375
-0.381481,0.940625,0.621668,0.91875
-0.510723,0.83125,0.672553,0.875
-0.78881,0.83125,0.670814,0.853125
-0.982742,0.984375,0.640873,0.896875
-0.987692,1.00625,0.649601,0.853125
-0.549989,1.07187,0.653096,0.853125
-0.268269,0.896875,0.654846,0.875
-0.262752,0.765625,0.657468,0.875
-0.625444,0.721875,0.700503,0.896875
-0.979283,0.83125,0.672307,0.896875
-0.984233,0.9625,0.704294,0.896875
-0.956184,1.02812,0.688018,0.940625
-0.472254,1.02812,0.745881,0.91875
-0.189225,0.875,0.746759,0.940625
-0.300863,0.74375,0.69414,0.940625
-0.737999,0.74375,0.700251,0.940625
-0.974233,0.853125,0.713921,0.940625
-0.979183,0.91875,0.716834,0.940625
-0.980208,1.00625,0.722946,0.940625
-0.262377,1.05,0.725568,1.02812
-0.210632,0.678125,0.725573,0.940625
-0.366331,0.678125,0.729068,0.9625
-0.617103,0.678125,0.737223,1.05
-0.970492,0.74375,0.746823,1.02812
-0.975442,1.00625,0.756423,0.9625
-0.626269,0.984375,0.762534,1.02812
-0.256019,0.875,0.801209,1.02812
-0.247885,0.721875,0.76429,1.00625
-0.493423,0.721875,0.769529,1.11563
-0.728349,0.7875,0.776512,1.00625
-0.965892,0.853125,0.78524,1.11563
-0.970842,0.9625,0.79484,1.02812
-0.574133,1.00625,0.803277,1.07187
-0.248802,0.896875,0.854453,1.15938
-0.241527,0.74375,0.837014,1.11563
-0.443454,0.765625,0.803584,1.07187
-0.955892,0.765625,0.870751,1.07187
-0.960842,0.91875,0.887329,0.83125
-0.964483,0.984375,0.88589,1.18125
-0.407868,1.05,0.872231,1.20312
-0.167142,0.809375,0.878342,1.07187
-0.235619,0.721875,0.870497,1.18125
-0.950267,0.74375,0.889401,1.15938
-0.955217,0.940625,0.880975,1.18125
-0.960167,0.984375,0.901623,1.1375
-0.610994,1.05,0.898431,1.15938
-0.285663,0.875,0.903379,1.33438
-0.194232,0.7875,0.896697,1.15938
-0.600986,0.721875,0.936544,1.3125
-0.954825,0.809375,0.918523,1.26875
-0.959775,0.9625,0.940334,1.11563
-0.962108,1.3125,0.949644,1.225
-0.331499,1.07187,0.972327,1.26875
-0.325982,0.809375,0.951399,1.24687
-0.440687,0.809375,0.982514,1.24687
-0.720082,0.875,0.975542,1.24687
-0.957625,0.853125,0.987186,1.29062
-0.962575,0.9625,0.988936,1.26875
-0.966217,1.11563,1,1.29062
-0.614428,1.11563,1,1.26875
-0.493923,0.984375,1,1.3125
-0.44872,0.91875,1,1.26875
-0.684955,0.896875,1,1.29062
-0.965658,0.91875,1,1.24687
-1,1.09375,1,1.26875
-0.97425,1.1375,1,1.24687
-0.507473,1.11563,1,1.3125
-0.504573,1.00625,1,1.26875
-0.855795,0.984375,1,1.26875
-0.977042,1.11563,1,1.26875
-0.9833,1.11563,1,1.29062
-0.986942,1.20312,1,1.29062
-0.681381,1.20312,1,1.3125
-0.755091,1.11563,1,1.29062
-0.802344,1.11563,1,1.29062
-0.995825,1.1375,1,1.24687
-1,1.24687,1,1.33438
-1,1.24687,1,1.33438
-0.731855,1.26875,1,1.33438
-0.734188,1.15938,1,1.37813
-0.823744,1.15938,1,1.37813
-1,1.15938,1,1.44375
-1,1.26875,0.996671,1.44375
-1,1.29062,0.964996,1.44375
-1,1.44375,0.946684,1.42188
-1,1.33438,0.914709,1.44375
-1,1.44375,0.898142,1.4
-1,1.37813,0.869955,1.33438
-1,1.37813,0.851062,1.3125
-1,1.37813,0.821412,1.29062
-1,1.37813,0.812114,1.225
-1,1.33438,0.761249,1.225
-1,1.37813,0.752533,1.15938
-0.885477,1.33438,0.751666,1.09375
-1,1.29062,0.721434,1.07187
-1,1.29062,0.731334,1.05
-1,1.3125,0.72349,1.00625
-1,1.37813,0.73309,0.9625
-1,1.37813,0.724373,0.74375
-1,1.37813,0.742996,0.940625
-0.830288,1.37813,0.755794,0.9625
-1,1.26875,0.771499,0.984375
-1,0.896875,0.79332,1.02812
-1,1.33438,0.781114,1.00625
-1,1.3125,0.80874,1.00625
-1,1.3125,0.79857,1.00625
-1,1.44375,0.79684,1.07187
-1,1.35625,0.791612,0.7875
-0.989396,1.35625,0.811679,1.02812
-0.860896,1.3125,0.836116,1.11563
-1,1.26875,0.809083,1.15938
-0.910482,1.3125,0.811705,1.18125
-1,1.26875,0.803288,1.00625
-1,1.26875,0.803294,1.15938
-0.844797,1.37813,0.786727,1.02812
-0.874896,1.18125,0.78616,1.02812
-0.848156,1.18125,0.783259,1.05
-1,1.20312,0.74256,1.02812
-1,1.29062,0.75246,1.05
-1,1.3125,0.735021,1.02812
-0.857939,1.3125,0.713512,1.05
-0.814044,1.24687,0.697246,1.11563
-0.974977,1.24687,0.70481,0.984375
-1,1.3125,0.668473,1.09375
-1,1.4,0.664418,1.07187
-1,1.3125,0.644653,1.11563
-0.897088,1.33438,0.616166,0.91875
-0.985335,1.3125,0.626647,0.984375
-1,1.37813,0.599905,0.984375
-0.875464,1.3125,0.54467,0.875
-1,1.26875,0.549918,0.896875
-0.880131,1.15938,0.550796,0.83125
-0.912846,1.3125,0.508071,0.83125
-0.916488,1.26875,0.519416,0.809375
-1,1.26875,0.473484,0.809375
-0.847161,1.33438,0.464486,0.721875
-1,1.24687,0.48339,0.83125
-1,1.3125,0.482523,0.721875
-0.899531,1.33438,0.430496,0.721875
-0.858253,1.3125,0.466553,0.65625
-1,1.26875,0.444762,0.6125
-0.934296,1.26875,0.452618,0.74375
-1,1.29062,0.48316,0.56875
-1,1.33438,0.466884,0.853125
-0.866444,1.4,0.50207,0.678125
-0.823858,1.29062,0.525925,0.74375
-1,1.20312,0.49831,0.6125
-1,1.3125,0.513444,0.634375
-1,1.3125,0.500366,0.634375
-1,1.26875,0.505905,0.678125
-0.988032,1.3125,0.582084,0.6125
-0.944138,1.33438,0.530338,0.678125
-0.942546,1.33438,0.571057,0.853125
-0.912331,1.33438,0.581529,0.678125
-1,1.37813,0.562936,0.809375
-0.985757,1.33438,0.60539,0.678125
-1,1.3125,0.582146,0.74375
-0.781672,1.3125,0.615877,0.765625
-0.662476,1.225,0.553964,0.721875
-0.865711,1.11563,0.606012,0.74375
-0.910347,1.1375,0.617657,0.765625
-1,1.1375,0.613301,0.765625
-0.823867,1.225,0.606629,0.853125
-0.70467,1.1375,0.624079,0.721875
-0.745381,1.09375,0.593847,0.875
-0.861394,1.09375,0.58892,0.74375
-0.980024,1.15938,0.607823,0.896875
-1,1.07187,0.62034,0.7875
-0.81955,1.18125,0.601447,0.896875
-0.743965,1.11563,0.60437,0.809375
-0.771447,1.11563,0.600014,1.02812
-0.93283,1.09375,0.567757,0.809375
-1,1.20312,0.573296,0.875
-1,1.26875,0.633775,0.765625
-0.814375,1.3125,0.584073,0.853125
-0.812783,1.18125,0.643681,0.7875
-0.767581,1.15938,0.593979,0.853125
-0.854519,1.1375,0.60009,0.83125
-1,1.20312,0.606501,0.7875
-0.92533,1.225,0.625405,1.00625
-0.692904,1.18125,0.617279,0.809375
-0.690004,1.09375,0.621646,0.809375
-0.730715,1.05,0.648699,0.765625
-0.846728,0.984375,0.631551,0.83125
-0.845136,1.07187,0.636218,0.91875
-0.756322,1.09375,0.640884,0.896875
-0.798342,1.05,0.645251,0.940625
-0.913496,1.09375,0.649918,0.83125
-0.795608,1.1375,0.691209,1.00625
-0.675104,1.09375,0.685409,0.853125
-0.554599,1.02812,0.658084,0.853125
-0.712915,0.875,0.684266,0.91875
-0.947841,0.940625,0.736896,0.853125
-1,1.07187,0.686321,1.00625
-0.789125,1.09375,0.736634,0.940625
-0.463794,1.00625,0.729081,1.00625
-0.50058,0.896875,0.743051,0.875
-0.732889,0.896875,0.736951,1.00625
-1,1.02812,0.773599,0.940625
-1,1.11563,0.762857,1.09375
-0.737722,1.07187,0.755012,0.940625
-0.500921,1.02812,0.762296,1.09375
-0.539016,0.940625,0.782944,0.984375
-0.771325,0.91875,0.775399,1.09375
-1,1.00625,0.804488,1.02812
-1,1.11563,0.798388,1.15938
-0.731239,1.15938,0.780377,1.02812
-0.567123,1.07187,0.78766,1.15938
-0.695056,0.91875,0.786794,1.02812
-0.769217,1.07187,0.788844,1.15938
-1,1.05,0.791766,1.07187
-0.888871,1.225,0.793516,1.24687
-0.727372,1.1375,0.785099,1.11563
-0.857064,1.11563,0.77144,1.20312
-0.769558,1.1375,0.788027,1.07187
-0.929182,1.07187,0.78339,1.18125
-0.725381,1.20312,0.790955,1.00625
-0.722931,1.07187,0.759279,1.20312
-0.811178,1.11563,0.779646,1.05
-0.97211,1.11563,0.774418,1.225
-0.858147,1.18125,0.787807,1.05
-0.814703,1.11563,0.758747,1.15938
-0.563365,1.05,0.77329,0.984375
-0.720372,1.00625,0.791912,1.18125
-0.765458,1.11563,0.77332,1.02812
-0.972619,1.1375,0.778859,1.15938
-0.974952,1.18125,0.784097,0.984375
-0.929749,1.11563,0.759981,1.11563
-0.693398,1.15938,0.810584,1.00625
-0.484363,1.02812,0.786459,1.1375
-0.684981,0.984375,0.802173,1.05
-1,1.02812,0.775731,1.15938
-1,1.18125,0.768177,0.9625
-0.765117,1.20312,0.82634,1.20312
-0.55784,1.00625,0.818796,1.05
-0.523249,0.984375,0.826951,1.1375
-0.710639,0.940625,0.79672,1.09375
-0.916941,0.984375,0.816796,1.18125
-1,1.02812,0.838907,1.1375
-0.714164,1.20312,0.81857,1.20312
-0.592801,0.984375,0.808981,1.02812
-0.544981,0.91875,0.832546,1.18125
-0.674223,0.91875,0.84419,1.09375
-1,0.984375,0.817747,1.24687
-0.909316,1.09375,0.843629,1.05
-0.673823,1.07187,0.837829,1.18125
-0.508849,1.00625,0.822725,1.1375
-0.578634,0.896875,0.840184,1.225
-0.780561,0.896875,0.842807,1.09375
-0.898332,0.984375,0.816364,1.24687
-0.780444,1.02812,0.820159,1.07187
-0.65994,1.02812,0.847503,1.15938
-0.497132,0.9625,0.851297,1.11563
-0.684522,0.853125,0.814088,1.24687
-0.771911,0.91875,0.860331,1.07187
-0.728017,0.940625,0.809757,1.15938
-0.652431,0.940625,0.813551,1.07187
-0.562309,0.896875,0.840605,1.15938
-0.64839,0.896875,0.821712,1.09375
-0.809322,0.896875,0.828123,1.225
-0.720508,0.896875,0.888031,1.11563
-0.673997,0.91875,0.837457,1.225
-0.481257,0.91875,0.840379,1.11563
-0.506123,0.83125,0.843001,1.24687
-0.797889,0.809375,0.910468,0.9625
-0.989204,0.940625,0.856696,1.29062
-0.873074,1.00625,0.862234,1.15938
-0.475057,0.984375,0.864284,1.24687
-0.308325,0.853125,0.865462,1.1375
-0.331882,0.7875,0.867212,1.20312
-0.945221,0.7,0.873623,1.1375
-0.861641,0.91875,0.881779,1.26875
-0.70145,0.896875,0.948373,1.1375
-0.376119,0.809375,0.944609,1.29062
-0.297058,0.74375,0.945786,1.20312
-0.526751,0.7,0.893468,1.3125
-0.80398,0.74375,0.913544,1.20312
-0.936288,0.896875,0.909188,1.3125
-0.687567,0.940625,0.912983,1.20312
-0.449457,0.896875,0.963586,1.3125
-0.40078,0.7875,0.964764,1.24687
-0.630472,0.7875,0.967686,1.35625
-0.877319,0.809375,0.940371,1.24687
-0.672658,0.9625,0.975275,1.35625
-0.553462,0.91875,1,1.24687
-0.432957,0.809375,0.969781,1.42188
-0.546804,0.765625,0.985196,1.18125
-0.662817,0.83125,0.982303,1.4
-0.86736,0.7875,1,1.29062
-0.588706,0.91875,0.992218,1.37813
-0.378363,0.853125,0.998629,1.20312
-0.419074,0.721875,1,1.24687
-0.694136,0.721875,1,1.29062
-0.856377,0.83125,1,1.37813
-0.812482,0.853125,1,1.29062
-0.44399,0.896875,1,1.4
-0.36448,0.74375,1,1.29062
-0.477876,0.721875,1,1.3125
-0.915462,0.765625,1,1.3125
-1,0.940625,1,1.44375
-0.686678,0.984375,1,1.35625
-0.360038,0.91875,1,1.42188
-0.267299,0.7875,1,1.3125
-0.630892,0.678125,1,1.4
-1,0.809375,1,1.33438
-1,0.984375,1,1.37813
-0.637033,1.02812,1,1.33438
-0.311702,0.896875,1,1.33438
-0.351555,0.765625,1,1.33438
-0.716006,0.634375,1,1.29062
-1,0.853125,1,1.29062
-0.842652,0.9625,1,1.3125
-0.520387,0.940625,1,1.33438
-0.428956,0.875,1,1.3125
-0.588581,0.809375,1,1.29062
-1,0.896875,1,1.3125
-1,1.05,1,1.33438
-0.799999,1.11563,1,1.26875
-0.520895,1.05,1,1.3125
-0.591131,0.984375,1,1.33438
-0.914587,0.896875,1,1.3125
-1,1.07187,1,1.3125
-1,1.09375,1,1.35625
-0.570981,1.09375,1,1.33438
-0.43594,1.00625,1,1.3125
-0.684094,0.91875,1,1.3125
-1,0.9625,1,1.3125
-1,1.09375,1,1.37813
-1,1.09375,1,1.4
-0.576723,1.20312,1,1.37813
-0.575581,0.984375,1,1.4
-0.765588,1.02812,1,1.4
-1,1.07187,0.973375,1.44375
-1,1.1375,0.96176,1.44375
-0.777413,1.11563,0.928049,1.53125
-0.499618,1.07187,0.913818,1.33438
-0.616081,0.940625,0.86557,1.37813
-1,0.984375,0.876051,1.33438
-1,1.11563,0.842931,1.3125
-1,1.20312,0.818233,1.3125
-0.627622,1.225,0.790918,1.24687
-0.625172,1.05,0.809249,1.15938
-1,1.02812,0.776701,1.1375
-1,1.225,0.770029,1.05
-1,1.11563,0.767136,1.11563
-0.725244,1.225,0.756975,1.09375
-0.635572,1.11563,0.763386,1.05
-0.680658,1.1375,0.754397,1.05
-1,0.984375,0.740747,1.02812
-1,1.1375,0.752392,1.05
-1,1.1375,0.775957,1.00625
-0.690033,1.20312,0.756492,1.05
-0.527676,1.15938,0.753309,0.9625
-0.848966,0.984375,0.761464,0.9625
-1,1.15938,0.75422,1.00625
-1,1.15938,0.769934,1.02812
-0.697408,1.24687,0.753086,1.02812
-0.578212,1.05,0.763568,1.09375
-0.575762,1.07187,0.753697,1.05
-0.693533,0.940625,0.736559,1.05
-1,1.07187,0.747331,1.05
-0.948846,1.09375,0.740086,0.9625
-0.699267,1.18125,0.737775,1.00625
-0.490681,1.00625,0.719183,1.00625
-0.575454,1.00625,0.701171,1.02812
-0.81083,0.896875,0.711944,1.02812
-0.814921,1.07187,0.692779,1.02812
-1,1.00625,0.696573,1.02812
-0.69765,1.20312,0.664897,1.00625
-0.533984,0.984375,0.697184,0.984375
-0.575145,1.05,0.67394,1.00625
-0.649306,0.853125,0.617851,1.00625
-0.854299,1.02812,0.679503,0.9625
-0.810405,0.9625,0.630673,1.02812
-0.737886,1.15938,0.642027,0.91875
-0.61914,1.00625,0.640879,0.91875
-0.734294,1.09375,0.646718,0.896875
-0.689542,0.9625,0.652257,0.896875
-0.776931,1.07187,0.658668,0.875
-0.57227,0.896875,0.664207,0.940625
-0.687425,0.984375,0.670046,0.853125
-0.687592,0.940625,0.676457,0.940625
-0.937505,1.02812,0.684612,0.940625
-0.89406,1.00625,0.691023,0.940625
-0.483265,1.20312,0.695118,0.91875
-0.316982,0.875,0.697168,0.940625
-0.518051,0.875,0.701834,0.940625
-0.798346,0.83125,0.710862,0.91875
-1,0.984375,0.721062,0.91875
-1,0.940625,0.73009,1.00625
-0.453882,1.11563,0.733884,1.00625
-0.197761,0.83125,0.73449,0.984375
-0.397521,0.809375,0.738284,1.02812
-0.836416,0.74375,0.74644,1.00625
-1,1.02812,0.75634,1.00625
-1,1.00625,0.76654,1.02812
-0.524093,1.09375,0.770334,1.00625
-0.283817,0.83125,0.771512,1.05
-0.351435,0.83125,0.774734,1.07187
-0.759947,0.678125,0.782018,1.07187
-1,0.984375,0.791918,1.07187
-1,0.984375,0.802118,1.07187
-0.724686,1.18125,0.806784,1.09375
-0.473798,0.940625,0.810579,1.07187
-0.512343,0.91875,0.813801,1.07187
-0.628806,0.809375,0.857136,1.02812
-0.791496,0.9625,0.827496,1.09375
-0.880194,0.940625,0.835079,1.11563
-0.766681,1.18125,0.842362,1.11563
-0.796371,0.9625,0.848773,1.11563
-0.635322,1.09375,0.852868,1.11563
-0.721403,0.809375,0.872071,1.11563
-0.471823,1.02812,0.860457,1.1375
-0.556595,0.853125,0.886066,1.1375
-0.762897,0.984375,0.914864,1.1375
-1,0.9625,0.944534,1.1375
-1,1.15938,0.959968,1.18125
-0.80163,1.02812,0.969868,1.225
-0.401446,0.984375,0.979777,1.26875
-0.309607,0.875,0.985316,1.225
-0.671892,0.83125,1,1.33438
-1,0.9625,1,1.29062
-1,1.07187,1,1.24687
-1,1.05,1,1.26875
-0.479506,1.15938,1,1.46562
-0.401755,0.984375,1,1.24687
-0.603273,0.91875,1,1.33438
-0.956704,0.7875,1,1.24687
-1,1.07187,1,1.4875
-1,1.09375,1,1.26875
-0.647447,1.24687,1,1.42188
-0.571454,1.02812,1,1.26875
-0.730219,0.853125,1,1.44375
-0.89336,1.07187,1,1.29062
-0.81068,1.15938,1,1.4
-0.858382,1.11563,1,1.24687
-0.860307,1.1375,1,1.4
-0.81993,1.15938,1,1.26875
-0.909077,1.1375,1,1.37813
-0.82333,1.11563,1,1.26875
-0.985162,1.18125,1,1.35625
-0.870791,1.33438,1,1.20312
-0.830413,1.26875,1,1.37813
-1,1.20312,1,1.24687
-0.998954,1.33438,1,1.4
-1,1.24687,1,1.29062
-0.771519,1.26875,1,1.46562
-0.889741,1.225,1,1.33438
-0.893832,1.29062,1,1.53125
-1,1.24687,0.984718,1.37813
-1,1.29062,0.993173,1.53125
-1,1.29062,0.965568,1.37813
-0.999221,1.29062,0.923725,1.50937
-0.840789,1.33438,0.923159,1.29062
-1,1.26875,0.891783,1.46562
-0.921249,1.33438,0.854001,1.1375
-1,1.29062,0.841523,1.42188
-0.886721,1.35625,0.788042,1.225
-1,1.26875,0.770621,1.3125
-1,1.24687,0.759588,1.15938
-0.895971,1.35625,0.736062,1.3125
-0.942816,1.24687,0.712236,1.09375
-0.873364,1.33438,0.727379,1.15938
-0.992894,1.24687,0.712275,0.940625
-1,1.35625,0.704159,1.09375
-0.912996,1.33438,0.728896,1.00625
-0.885847,1.33438,0.70507,1.1375
-0.918155,1.18125,0.735912,0.9625
-0.963691,1.26875,0.733601,1.02812
-1,1.26875,0.746999,0.940625
-1,1.33438,0.737129,1.05
-0.926713,1.26875,0.756633,0.9625
-0.809725,1.3125,0.77352,0.984375
-0.855261,1.20312,0.766847,0.83125
-0.929871,1.20312,0.778792,1.00625
-1,1.225,0.785784,0.9625
-1,1.24687,0.801799,1.07187
-0.817592,1.29062,0.810255,0.9625
-0.744215,1.20312,0.782649,1.00625
-0.932505,1.11563,0.829192,0.984375
-0.93443,1.225,0.801586,1.09375
-1,1.20312,0.830684,0.984375
-0.905281,1.20312,0.825184,1.00625
-0.816058,1.24687,0.824327,1.07187
-0.697762,1.18125,0.799638,1.05
-0.769756,1.07187,0.809538,1.09375
-0.856286,1.07187,0.808109,1.15938
-0.81415,1.09375,0.786036,1.15938
-0.974674,1.05,0.756977,1.15938
-0.769156,1.18125,0.73316,1.1375
-0.812075,1.05,0.705273,1.11563
-0.69247,1.11563,0.65092,1.1375
-0.851686,1.02812,0.609077,1.09375
-0.691087,1.11563,0.561129,1.11563
-0.806692,1.02812,0.50096,1.05
-0.807308,1.09375,0.445453,1.00625
-0.92553,1.09375,0.384712,1.00625
-0.764931,1.1375,0.307099,0.875
-0.806542,1.02812,0.305379,0.809375
-0.601023,1.15938,0.244057,0.74375
-0.686245,0.984375,0.25919,0.6125
-0.759097,1.02812,0.27346,0.56875
-1,1.02812,0.31477,0.546875
-0.924163,1.09375,0.34067,0.48125
-0.73449,1.09375,0.352023,0.39375
-0.571274,1.02812,0.356118,0.525
-0.59704,0.984375,0.360212,0.48125
-0.844786,0.984375,0.366623,0.546875
-1,1.07187,0.374207,0.459375
-0.892247,1.11563,0.38179,0.56875
-0.759414,1.11563,0.386757,0.48125
-0.522205,1.05,0.389679,0.4375
-0.561199,0.984375,0.392901,0.525
-0.721723,0.896875,0.399612,0.525
-1,1.00625,0.407196,0.525
-0.884172,1.1375,0.413607,0.48125
-0.751339,1.07187,0.418573,0.48125
-0.586815,0.9625,0.421796,0.56875
-0.465902,0.91875,0.425018,0.590625
-0.66742,0.896875,0.429684,0.546875
-0.739414,0.940625,0.435523,0.590625
-0.899938,0.9625,0.442234,0.56875
-0.826561,1.09375,0.448073,0.590625
-0.663345,1.02812,0.452168,0.6125
-0.498821,0.940625,0.45509,0.634375
-0.405674,0.875,0.45744,0.6125
-0.607193,0.853125,0.462407,0.6125
-0.722797,0.91875,0.468246,0.590625
-0.971852,0.896875,0.475829,0.6125
-0.76895,1.07187,0.48224,0.6125
-0.648037,0.984375,0.485462,0.634375
-0.439044,0.896875,0.487812,0.6125
-0.389507,0.809375,0.490162,0.65625
-0.591026,0.809375,0.495129,0.525
-0.867846,0.875,0.50184,0.65625
-0.842006,1.00625,0.509996,0.65625
-0.7554,1.02812,0.516707,0.65625
-0.590876,0.809375,0.519929,0.65625
-0.381432,0.91875,0.522279,0.65625
-0.420427,0.896875,0.525501,0.678125
-0.623254,0.83125,0.53134,0.678125
-1,0.853125,0.539796,0.74375
-0.862313,1.07187,0.547951,0.590625
-0.788936,0.940625,0.55379,0.765625
-0.419585,0.984375,0.55614,0.809375
-0.457721,0.853125,0.55849,0.74375
-0.498024,0.853125,0.562584,0.7
-0.98098,0.875,0.57104,0.765625
-1,1.00625,0.579496,0.765625
-0.824922,1.11563,0.586207,0.634375
-0.574484,1.00625,0.590001,0.809375
-0.40996,0.896875,0.593223,0.7875
-0.492566,0.853125,0.596446,0.7875
-0.770694,0.896875,0.604029,0.721875
-1,0.984375,0.612484,0.74375
-1,1.09375,0.621812,0.853125
-0.734617,1.07187,0.627651,0.809375
-0.453796,1.02812,0.630873,0.896875
-0.406877,0.896875,0.634968,0.83125
-0.769611,0.853125,0.640807,0.853125
-0.932752,0.853125,0.649262,0.875
-1,1.225,0.65859,0.896875
-0.851138,1.15938,0.665301,0.896875
-0.777761,1.11563,0.670268,0.853125
-0.454638,1.09375,0.674362,0.875
-0.568934,1.02812,0.707231,0.875
-0.890674,0.9625,0.68574,0.940625
-1,1.09375,0.72327,0.91875
-1,1.15938,0.730853,1.02812
-0.742225,1.26875,0.70849,0.9625
-0.785144,1.07187,0.759103,0.940625
-0.579626,1.07187,0.715807,1.00625
-0.900057,1.00625,0.767292,0.9625
-0.786136,1.24687,0.782725,1.00625
-0.950585,1.11563,0.789436,0.875
-0.866596,1.20312,0.796147,1.00625
-0.840756,1.15938,0.769133,1.09375
-0.752842,1.18125,0.826723,0.9625
-0.708539,1.11563,0.797964,1.09375
-0.869513,1.07187,0.832296,1.02812
-0.872746,1.18125,0.837262,1.09375
-1,1.18125,0.840484,1.20312
-1,1.24687,0.858544,1.1375
-0.925199,1.225,0.847229,1.11563
-0.851822,1.225,0.893481,1.11563
-0.720297,1.225,0.85629,1.18125
-0.764525,1.18125,0.863583,1.09375
-0.884505,1.15938,0.874655,1.18125
-1,1.20312,0.895321,1.15938
-1,1.20312,0.899416,1.24687
-0.77705,1.24687,0.890427,1.26875
-0.703673,1.11563,0.898883,1.26875
-0.70429,1.11563,0.899488,1.20312
-1,1.09375,0.900966,1.225
-1,1.24687,0.887616,1.26875
-1,1.225,0.89956,1.18125
-0.790808,1.225,0.891444,1.225
-0.746506,1.18125,0.892349,1.29062
-0.834794,1.11563,0.885105,1.225
-1,1.20312,0.889199,1.29062
-0.915255,1.26875,0.878757,1.24687
-1,1.225,0.873257,1.24687
-1,1.26875,0.893923,1.20312
-0.847936,1.29062,0.871851,1.24687
-1,1.20312,0.861409,1.225
-0.850928,1.3125,0.905334,1.18125
-0.852853,1.26875,0.87862,1.18125
-1,1.225,0.898123,1.225
-1,1.29062,0.903962,1.18125
-1,1.35625,0.895264,1.26875
-0.981674,1.37813,0.899359,1.18125
-0.822383,1.3125,0.92584,1.24687
-0.778081,1.18125,0.927318,1.24687
-0.867678,1.20312,0.914268,1.225
-1,1.225,0.944529,1.225
-1,1.26875,0.942518,1.26875
-1,1.26875,0.936146,1.24687
-0.835283,1.26875,0.968733,1.18125
-0.761906,1.20312,0.955973,1.29062
-0.953263,1.225,0.981583,1.29062
-0.956496,1.1375,0.952823,1.29062
-1,1.24687,0.971455,1.29062
-1,1.24687,0.992121,1.3125
-0.805431,1.18125,0.975583,1.33438
-0.8488,1.15938,0.98491,1.33438
-0.849417,1.20312,0.978538,1.35625
-1,1.20312,0.999205,1.33438
-1,1.29062,0.98004,1.35625
-1,1.29062,0.981818,1.3125
-1,1.29062,0.98911,1.3125
-0.904003,1.29062,0.990588,1.35625
-0.977305,1.15938,0.987123,1.35625
-0.97968,1.29062,0.99646,1.35625
-0.864,1.33438,0.966829,1.37813
-1,1.29062,0.996218,1.37813
-0.954214,1.29062,0.989846,1.35625
-1,1.24687,0.971853,1.35625
-0.871292,1.29062,0.980018,1.35625
-0.915969,1.24687,0.969575,1.35625
-0.916586,1.29062,0.972797,1.4
-1,1.29062,0.977192,1.33438
-0.993571,1.35625,0.975181,1.35625
-1,1.33438,0.956016,1.33438
-0.966631,1.29062,1,1.35625
-0.967247,1.24687,0.998231,1.37813
-0.836172,1.29062,0.955807,1.37813
-0.836789,1.24687,1,1.33438
-0.881467,1.24687,0.966912,1.4
-0.971922,1.24687,0.98031,1.35625
-0.974297,1.24687,0.987321,1.37813
-1,1.225,1,1.4
-0.975981,1.29062,1,1.37813
-0.726851,1.26875,0.996707,1.37813
-0.813831,1.18125,1,1.37813
-0.931194,1.24687,1,1.33438
-1,1.26875,1,1.35625
-1,1.26875,1,1.3125
-0.8925,1.29062,1,1.33438
-0.935869,1.24687,1,1.35625
-0.890708,1.225,1,1.37813
-0.77372,1.24687,1,1.35625
-0.891083,1.26875,1,1.35625
-0.848089,1.225,1,1.35625
-1,1.225,1,1.35625
-0.894692,1.3125,1,1.35625
-0.981672,1.225,1,1.35625
-0.821523,1.24687,1,1.35625
-0.77722,1.225,1,1.35625
-0.77567,1.1375,1,1.4
-0.893033,1.15938,1,1.37813
-0.982181,1.20312,1,1.37813
-1,1.3125,1,1.35625
-0.779037,1.24687,1,1.35625
-0.659432,1.18125,1,1.35625
-0.81689,1.05,1,1.37813
-0.933353,1.20312,1,1.37813
-1,1.18125,1,1.35625
-0.977297,1.3125,1,1.26875
-0.772637,1.225,1,1.35625
-0.607663,1.18125,1,1.35625
-0.837806,1.02812,1,1.35625
-0.839281,1.225,1,1.35625
-0.970281,1.15938,1,1.35625
-0.881917,1.15938,1,1.44375
-0.835856,1.18125,1,1.35625
-0.599955,1.24687,1,1.42188
-0.67019,1.02812,1,1.37813
-0.827647,0.875,1,1.35625
-0.827814,1.07187,1,1.35625
-0.8729,1.15938,1,1.4
-0.797765,1.00625,1,1.37813
-0.664481,1.05,1,1.42188
-0.792865,1.05,1,1.33438
-0.701884,1.11563,1,1.4
-0.787965,0.9625,1,1.29062
-0.787273,1.05,1,1.37813
-0.784823,1.02812,1,1.4
-0.783681,1.05,1,1.4
-0.73762,1.09375,1,1.24687
-0.733862,0.853125,1,1.4
-0.642881,0.984375,1,1.26875
-0.682734,1.07187,1,1.37813
-0.724345,0.9625,1,1.3125
-0.840808,1.05,1,1.4
-0.839667,1.00625,1,1.3125
-0.719612,1.02812,1,1.33438
-0.467416,0.91875,1,1.3125
-0.504652,0.875,1,1.4
-0.70617,0.875,1,1.26875
-0.864936,0.9625,1,1.37813
-0.981399,0.984375,1,1.26875
-0.614215,1.1375,1,1.44375
-0.330328,0.91875,1,1.225
-0.249959,0.74375,1,1.44375
-0.726373,0.7,1,1.26875
-0.844144,0.875,1,1.37813
-0.960607,0.91875,1,1.26875
-0.680645,0.984375,1,1.37813
-0.353147,0.853125,1,1.24687
-0.257383,0.74375,1,1.37813
-0.572131,0.678125,1,1.26875
-0.775817,0.809375,1,1.37813
-1,0.83125,1,1.24687
-0.730372,0.9625,1,1.37813
-0.491405,0.875,1,1.225
-0.367425,0.809375,1,1.35625
-0.36105,0.721875,1,1.20312
-0.635254,0.7,1,1.37813
-0.706797,0.74375,1,1.225
-0.706964,0.83125,1,1.4
-0.704514,0.853125,1,1.35625
-0.467305,0.83125,1,1.44375
-0.505849,0.721875,1,1.33438
-0.499474,0.678125,1,1.46562
-0.495716,0.74375,1,1.35625
-0.682697,0.74375,1,1.53125
-0.84408,0.809375,1,1.42188
-0.726642,0.896875,1,1.575
-0.608345,0.809375,1,1.42188
-0.397144,0.809375,1,1.55313
-0.347157,0.7,1,1.4
-0.472924,0.721875,1,1.50937
-0.707442,0.765625,1,1.33438
-0.957355,0.721875,1,1.50937
-0.797614,0.91875,1,1.33438
-0.428263,0.875,1,1.46562
-0.143068,0.74375,1,1.35625
-0.252989,0.590625,1,1.46562
-0.646106,0.590625,0.985299,1.33438
-1,0.765625,0.99201,1.44375
-1,0.9625,0.999021,1.33438
-0.532068,0.91875,0.983355,1.44375
-0.15965,0.7875,0.973794,1.35625
-0.122034,0.6125,0.964233,1.42188
-0.512534,0.590625,0.98142,1.29062
-0.762447,0.678125,0.972721,1.37813
-1,0.765625,0.976825,1.3125
-0.795371,0.875,0.970753,1.4
-0.354644,0.875,0.987359,1.26875
-0.142583,0.721875,0.99844,1.37813
-0.223431,0.590625,1,1.26875
-0.660158,0.590625,0.992983,1.37813
-0.86691,0.74375,1,1.26875
-0.782921,0.875,1,1.33438
-0.59194,0.809375,1,1.29062
-0.45604,0.7875,0.997759,1.29062
-0.261133,0.7,1,1.26875
-0.374121,0.7,1,1.24687
-0.533337,0.7,0.993207,1.26875
-0.695169,0.74375,0.995566,1.29062
-1,0.765625,0.992983,1.29062
-0.773871,0.9625,0.987783,1.37813
-0.610656,0.875,0.985781,1.35625
-0.0946259,0.875,0.956731,1.35625
-0.322602,0.6125,0.946297,1.35625
-0.599422,0.74375,0.931503,1.37813
-1,0.765625,0.918453,1.3125
-1,0.9625,0.924592,1.20312
-1,0.9625,0.901075,1.35625
-0.448073,1.09375,0.860405,1.3125
-0.163328,0.809375,0.801418,1.26875
-0.321235,0.83125,0.771796,1.29062
-1,0.809375,0.696818,1.24687
-1,1.02812,0.646553,1.225
-1,1.02812,0.607627,1.18125
-0.583915,1.02812,0.542825,1.07187
-0.449773,0.940625,0.519599,1.05
-0.536304,0.91875,0.452181,1.05
-0.901205,0.896875,0.43099,0.896875
-1,1.09375,0.442362,0.83125
-1,1.1375,0.454607,0.7875
-0.666392,1.18125,0.46249,0.74375
-0.591706,0.984375,0.467757,0.678125
-0.6637,0.940625,0.473896,0.65625
-1,0.940625,0.481779,0.765625
-1,1.15938,0.489662,0.7
-0.919221,1.20312,0.496673,0.678125
-0.629097,1.20312,0.503684,0.7
-0.672017,1.00625,0.55547,0.678125
-0.833849,1.02812,0.515962,0.721875
-0.880694,1.07187,0.523846,0.721875
-0.92623,1.1375,0.531157,0.721875
-0.839624,1.1375,0.583814,0.765625
-0.840241,1.1375,0.543434,0.7875
-1,1.20312,0.550446,0.74375
-0.727344,1.18125,0.562399,0.765625
-0.727961,1.05,0.562723,0.74375
-0.609665,1.05,0.596192,0.765625
-0.842874,0.940625,0.579071,0.7875
-0.934638,1.07187,0.582012,0.7875
-1,1.1375,0.590768,0.7875
-0.808963,1.15938,0.598079,0.83125
-0.413155,1.05,0.639397,0.83125
-0.453457,0.896875,0.605123,0.765625
-0.802963,0.91875,0.612134,0.83125
-1,1.02812,0.621762,0.875
-1,1.07187,0.669186,0.809375
-0.698983,1.11563,0.639273,0.853125
-0.536218,0.984375,0.643668,0.875
-0.460224,0.875,0.648362,0.91875
-0.780656,0.896875,0.655373,0.940625
-0.857882,1.11563,0.665001,0.875
-0.862424,1.00625,0.674629,0.91875
-0.951571,1.05,0.682512,0.896875
-0.658831,1.07187,0.688079,0.940625
-0.627756,0.984375,0.693346,0.940625
-0.627065,0.9625,0.699484,0.9625
-0.655447,0.9625,0.705623,0.940625
-1,0.940625,0.715251,0.940625
-0.953963,1.11563,0.724307,0.91875
-0.795981,1.09375,0.73219,0.940625
-0.634073,1.07187,0.737457,0.984375
-0.587154,0.984375,0.741851,1.02812
-0.659147,0.91875,0.74799,1.02812
-0.863282,0.984375,0.755301,1.02812
-1,0.9625,0.764057,1.02812
-0.707675,1.09375,0.771068,1.09375
-0.794206,0.984375,0.777207,1.07187
-0.472391,1.05,0.782773,1.05
-0.630298,0.853125,0.78804,1.11563
-0.658681,0.91875,0.794179,1.11563
-0.864124,0.940625,0.802062,1.15938
-0.749753,1.07187,0.810246,1.07187
-0.750369,1.02812,0.817257,1.11563
-0.661597,1.00625,0.822523,1.20312
-0.703208,0.940625,0.82809,1.20312
-0.627215,1.02812,0.832484,1.15938
-0.655597,0.940625,0.838623,1.15938
-0.698967,1.09375,0.844762,1.15938
-0.860799,0.940625,0.852946,1.15938
-0.906335,1.09375,0.859957,1.15938
-0.702575,1.05,0.866096,1.225
-0.421755,1.00625,0.923414,1.18125
-0.417138,0.809375,0.876638,1.20312
-0.6931,0.809375,0.913886,1.20312
-0.784864,0.940625,0.897938,1.20312
-0.860782,1.00625,0.928209,1.20312
-0.745553,0.940625,0.956734,1.225
-0.655022,0.984375,0.966662,1.24687
-0.374202,0.853125,0.957101,1.33438
-0.531251,0.875,0.989116,1.26875
-0.80938,0.853125,0.992066,1.26875
-0.943896,0.940625,1,1.3125
-0.974895,1.02812,1,1.3125
-0.624006,1.07187,1,1.3125
-0.415013,0.896875,1,1.35625
-0.454007,0.83125,1,1.29062
-0.687667,0.809375,1,1.3125
-1,0.91875,1,1.37813
-0.852732,1.07187,1,1.37813
-0.692583,1.02812,1,1.35625
-0.484448,0.9625,1,1.3125
-0.480281,0.875,1,1.4
-0.610423,0.809375,1,1.33438
-0.800021,0.875,1,1.37813
-0.728403,0.940625,0.976588,1.37813
-0.6841,0.940625,0.986516,1.24687
-0.566254,0.896875,0.986549,1.37813
-0.564254,0.809375,0.986883,1.33438
-0.561395,0.809375,0.977321,1.4
-0.514476,0.83125,0.985505,1.33438
-0.601456,0.809375,0.977688,1.35625
-0.629839,0.853125,0.979766,1.3125
-0.675375,0.83125,0.990266,1.26875
-0.762356,0.853125,0.990599,1.29062
-0.601756,0.853125,1,1.3125
-0.437682,0.875,0.997944,1.33438
-0.302232,0.809375,1,1.33438
-0.504201,0.7,1,1.33438
-0.709644,0.765625,1,1.33438
-1,0.83125,1,1.33438
-0.626722,0.9625,1,1.33438
-0.432266,0.853125,1,1.26875
-0.294199,0.7875,1,1.35625
-0.422174,0.7,1,1.37813
-0.655383,0.765625,1,1.33438
-1,0.809375,1,1.35625
-0.86451,0.984375,1,1.35625
-0.540529,0.984375,1,1.33438
-0.169869,0.853125,1,1.37813
-0.250308,0.7,1,1.42188
-0.527129,0.7,1,1.33438
-1,0.74375,1,1.37813
-0.969298,0.91875,1,1.33438
-0.486268,1.00625,1,1.3125
-0.203281,0.765625,1,1.44375
-0.197356,0.678125,1,1.3125
-0.557923,0.6125,1,1.37813
-0.719756,0.74375,1,1.3125
-0.998334,0.7875,1,1.29062
-0.589297,0.984375,1,1.33438
-0.397457,0.809375,1,1.3125
-0.261149,0.721875,1,1.15938
-0.387366,0.65625,1,1.33438
-0.708247,0.65625,1,1.33438
-0.621642,0.809375,1,1.3125
-0.781307,0.7875,1,1.29062
-0.664319,0.91875,1,1.3125
-0.576856,0.83125,1,1.29062
-0.412781,0.7875,1,1.3125
-0.409473,0.765625,1,1.29062
-0.33393,0.74375,1,1.24687
-0.771966,0.7,1,1.26875
-1,0.875,1,1.29062
-1,0.940625,1,1.26875
-0.501129,0.984375,0.996549,1.3125
-0.086,0.74375,0.976821,1.33438
-0.122828,0.7,0.932671,1.35625
-0.604475,0.6125,0.920494,1.33438
-1,0.765625,0.888846,1.35625
-1,0.896875,0.85807,1.37813
-1,0.940625,0.827866,1.42188
-0.33863,1.00625,0.776157,1.20312
-0.127878,0.7875,0.718342,1.3125
-0.401223,0.74375,0.675646,1.26875
-1,0.765625,0.62887,1.3125
-1,0.984375,0.611177,1.09375
-1,1.00625,0.578657,1.11563
-0.547648,1.07187,0.560092,1.00625
-0.412648,0.809375,0.517396,0.940625
-0.454709,0.875,0.522662,0.853125
-0.776899,0.853125,0.530846,0.809375
-1,0.9625,0.540773,0.765625
-1,1.09375,0.551573,0.765625
-0.905104,1.09375,0.612953,0.765625
-0.554665,1.11563,0.561534,0.765625
-0.509504,0.9625,0.62147,0.721875
-0.625558,1.00625,0.617442,0.765625
-0.745538,0.984375,0.632603,0.765625
-1,0.9625,0.662301,0.809375
-1,1.11563,0.646053,0.83125
-0.845119,1.18125,0.66354,0.853125
-0.568223,1.02812,0.683062,0.853125
-0.434531,0.91875,0.674673,0.853125
-0.563815,0.896875,0.658434,0.940625
-0.95869,0.896875,0.662257,0.7875
-1,1.11563,0.67799,0.984375
-1,1.20312,0.694023,0.91875
-0.534937,1.18125,0.689123,1.02812
-0.487159,0.91875,0.626366,0.91875
-0.44069,0.896875,0.66217,1.02812
-0.806491,0.984375,0.668609,0.940625
-1,1.02812,0.64074,1.02812
-1,1.1375,0.650668,0.875
-0.817541,1.1375,0.657979,1.00625
-0.451256,1.09375,0.662673,0.875
-0.373096,0.875,0.665323,0.984375
-0.650367,0.853125,0.672634,0.875
-1,0.9625,0.68169,0.984375
-1,1.18125,0.69249,0.809375
-1,1.09375,0.701546,1.02812
-0.545737,1.1375,0.707112,0.875
-0.423966,0.896875,0.710934,1.02812
-0.45149,0.875,0.716501,0.940625
-0.815982,0.875,0.723812,1.02812
-1,1.09375,0.734612,0.9625
-1,1.05,0.745412,1.15938
-0.754347,1.07187,0.751851,0.984375
-0.460748,1.02812,0.756546,1.11563
-0.341594,0.853125,0.724316,0.9625
-0.616697,0.7875,0.767679,1.07187
-0.911121,0.91875,0.73981,0.940625
-0.87381,1.02812,0.789279,1.09375
-1,1.00625,0.798334,1.00625
-0.672425,1.11563,0.804773,1.1375
-0.392055,0.9625,0.808596,1.02812
-0.301974,0.74375,0.81329,1.18125
-0.708769,0.765625,0.819729,1.02812
-1,0.896875,0.829657,1.20312
-1,1.05,0.840457,1.02812
-0.766047,1.07187,0.84864,1.225
-0.55967,0.984375,0.853334,1.11563
-0.395596,0.896875,0.857157,1.24687
-0.597565,0.83125,0.862723,1.07187
-0.877452,0.91875,0.871779,1.24687
-1,1.05,0.882879,1.15938
-0.843824,1.11563,0.891934,1.225
-0.887194,1.02812,0.898373,1.15938
-0.478606,1.07187,0.90394,1.37813
-0.519809,0.9625,0.908634,1.24687
-0.680783,0.940625,0.915946,1.3125
-0.800763,0.9625,0.925001,1.20312
-1,1.02812,0.935801,1.33438
-0.809438,1.1375,0.943112,1.24687
-0.695517,1.02812,0.951596,1.4
-0.576362,1.00625,0.955418,1.24687
-0.647497,0.940625,0.960112,1.4
-0.853391,1.00625,0.967423,1.24687
-1,1.11563,0.975607,1.29062
-1,1.15938,0.98379,1.24687
-0.82128,1.20312,1,1.4
-0.630748,1.09375,0.994351,1.24687
-0.539359,0.984375,1,1.18125
-0.745253,0.984375,1,1.29062
-1,1.05,1,1.29062
-0.914285,1.18125,1,1.3125
-0.71445,1.1375,1,1.35625
-0.714208,1.00625,1,1.3125
-0.552751,1.00625,1,1.35625
-0.713725,0.91875,1,1.29062
-0.993612,1.02812,1,1.33438
-1,1.15938,1,1.29062
-0.998812,1.18125,1,1.4
-0.678756,1.225,1,1.35625
-0.559601,1.02812,1,1.35625
-0.674347,1.07187,1,1.42188
-0.720783,1.02812,1,1.37813
-0.812997,1.07187,1,1.33438
-1,1.07187,1,1.37813
-0.819506,1.11563,1,1.35625
-0.658048,1.09375,1,1.29062
-0.569726,0.940625,1,1.3125
-0.685781,0.940625,1,1.35625
-0.890366,1.02812,1,1.37813
-0.98303,1.09375,1,1.3125
-1,1.15938,1,1.35625
-0.738033,1.20312,1,1.37813
-0.575718,1.09375,1,1.35625
-0.572859,0.9625,1,1.35625
-0.66029,1.00625,1,1.35625
-0.822572,0.9625,1,1.33438
-0.987471,1.07187,1,1.4
-0.830389,1.09375,1,1.33438
-0.742925,1.1375,1,1.37813
-0.579301,1.00625,1,1.35625
-0.532831,0.984375,1,1.26875
-0.619812,0.91875,1,1.3125
-1,0.83125,1,1.26875
-1,1.11563,1,1.26875
-0.99388,1.18125,1,1.3125
-0.540373,0.984375,1,1.26875
-0.257836,1.00625,1,1.3125
-0.414885,0.74375,1,1.29062
-0.781136,0.7875,1,1.3125
-1,0.896875,1,1.29062
-1,1.07187,1,1.3125
-0.705414,1.07187,1,1.33438
-0.423735,0.875,1,1.33438
-0.420019,0.853125,1,1.3125
-0.621987,0.875,1,1.29062
-1,0.875,1,1.35625
-1,1.1375,1,1.37813
-0.952444,1.07187,1,1.37813
-0.586159,1.18125,1,1.42188
-0.377616,0.91875,1,1.33438
-0.504282,0.853125,1,1.4875
-0.694781,0.765625,1,1.42188
-0.989205,1.00625,1,1.35625
-0.949727,1.05,1,1.42188
-0.863571,0.984375,1,1.42188
-0.62857,1.02812,1,1.4
-0.419577,1.02812,1,1.4
-0.504391,0.7875,0.989875,1.3125
-0.693131,0.91875,0.973927,1.37813
-0.857171,0.896875,0.981247,1.35625
-1,1.00625,0.944366,1.35625
-0.703772,1.07187,0.936277,1.3125
-0.466155,0.984375,0.90144,1.24687
-0.417069,0.765625,0.904099,1.225
-0.501882,0.875,0.879729,1.24687
-0.779153,0.7875,0.885877,1.20312
-1,1.02812,0.888255,1.18125
-1,1.00625,0.899927,1.24687
-0.699956,1.18125,0.871777,1.18125
-0.419585,0.91875,0.907881,1.09375
-0.370949,0.984375,0.88292,1.18125
-0.573368,0.74375,0.916116,1.20312
-0.851946,0.9625,0.921683,1.18125
-1,0.9625,0.949936,1.24687
-0.830689,1.20312,0.92702,1.1375
-0.697447,0.940625,0.929679,1.15938
-0.343533,1.11563,0.907634,1.09375
-0.455663,0.83125,0.940831,1.15938
-0.65939,1.00625,0.920231,1.18125
-1,0.875,0.902547,1.20312
-0.987021,1.05,0.883692,1.18125
-0.856396,1.09375,0.918923,1.15938
-0.503341,1.18125,0.88554,1.15938
-0.411094,0.809375,0.867557,1.18125
-0.494599,0.896875,0.802192,1.1375
-0.773178,0.7875,0.797301,1.18125
-1,1.00625,0.732227,1.11563
-0.821989,1.05,0.684879,1.18125
-0.659673,1.05,0.604105,1.15938
-0.334833,0.83125,0.548334,1.1375
-0.329808,0.809375,0.489938,1.11563
-0.559993,0.65625,0.393464,1.00625
-0.882632,0.853125,0.338857,0.9625
-0.843155,0.896875,0.279016,0.853125
-0.886524,1.00625,0.22847,0.765625
-0.52069,0.984375,0.186946,0.634375
-0.325375,0.875,0.190196,0.525
-0.321658,0.65625,0.135007,0.503125
-0.641681,0.83125,0.156855,0.415625
-1,0.809375,0.183655,0.39375
-1,1.09375,0.222957,0.35
-0.679231,0.984375,0.229696,0.2625
-0.441613,0.9625,0.232646,0.35
-0.275372,0.74375,0.234151,0.459375
-0.475174,0.83125,0.238273,0.371875
-0.710142,0.721875,0.246757,0.328125
-0.991787,1.00625,0.25524,0.371875
-0.836013,0.940625,0.264296,0.371875
-0.645931,1.02812,0.270162,0.328125
-0.482307,0.7875,0.274284,0.371875
-0.433671,0.853125,0.277534,0.415625
-0.547559,0.765625,0.282529,0.371875
-0.664064,0.875,0.289268,0.328125
-0.755419,0.83125,0.298323,0.459375
-0.83093,0.984375,0.306807,0.371875
-0.552318,0.875,0.311801,0.39375
-0.506298,0.7875,0.316796,0.415625
-0.383669,0.74375,0.319173,0.415625
-0.379952,0.765625,0.323296,0.415625
-0.657672,0.65625,0.330907,0.415625
-0.864016,0.875,0.33939,0.415625
-0.705625,0.91875,0.347001,0.459375
-0.544618,0.940625,0.330181,0.4375
-0.218469,0.74375,0.355818,0.4375
-0.257056,0.721875,0.359068,0.4375
-0.619381,0.6125,0.364934,0.4375
-0.782114,0.83125,0.37429,0.4375
-0.815321,0.809375,0.383646,0.4375
-0.581629,0.91875,0.389512,0.4375
-0.418005,0.721875,0.393634,0.503125
-0.253072,0.809375,0.396884,0.48125
-0.481948,0.590625,0.35536,0.415625
-0.730594,0.7875,0.40949,0.48125
-0.851024,0.7875,0.419718,0.546875
-0.894844,1.00625,0.427329,0.503125
-0.529009,0.896875,0.433196,0.546875
-0.365385,0.896875,0.378007,0.459375
-0.287675,0.65625,0.444057,0.503125
-0.562779,0.765625,0.38974,0.503125
-0.770431,0.765625,0.401712,0.525
-0.80233,0.875,0.466309,0.525
-0.642631,0.7875,0.480607,0.590625
-0.641531,0.940625,0.483275,0.590625
-0.36206,0.7875,0.494084,0.590625
-0.358344,0.7875,0.498207,0.590625
-0.560762,0.65625,0.499131,0.6125
-0.723494,0.875,0.513429,0.634375
-0.96022,0.91875,0.48586,0.721875
-0.684225,1.11563,0.530396,0.6125
-0.566829,0.809375,0.536262,0.678125
-0.358285,0.91875,0.539512,0.590625
-0.399488,0.74375,0.544807,0.765625
-0.603215,0.853125,0.551546,0.7
-0.841249,0.74375,0.561773,0.7
-0.889444,0.9625,0.571129,0.7
-0.803738,0.896875,0.57874,0.765625
-0.452441,1.00625,0.583734,0.74375
-0.360194,0.765625,0.586984,0.765625
-0.519001,0.875,0.592851,0.765625
-0.841641,0.7875,0.601634,0.765625
-1,0.9625,0.612734,0.809375
-0.967962,1.02812,0.620346,0.765625
-0.529443,1.07187,0.62534,0.896875
-0.483873,0.875,0.675981,0.7875
-0.480156,0.875,0.633584,0.91875
-0.93408,0.853125,0.67027,0.809375
-1,1.07187,0.706964,0.984375
-0.812821,1.18125,0.704981,0.896875
-0.62319,0.91875,0.663457,0.896875
-0.651164,1.07187,0.72282,1.05
-0.62144,0.984375,0.685366,0.9625
-0.698258,1.05,0.747646,0.9625
-0.700225,0.765625,0.761362,0.9625
-0.864266,1.02812,0.749784,0.9625
-0.795714,1.11563,0.740242,0.940625
-0.913977,0.984375,0.784496,0.9625
-0.797889,1.09375,0.778151,1.1375
-0.548801,1.05,0.792449,0.984375
-0.591312,0.984375,0.800933,0.9625
-0.870791,0.940625,0.80361,1.02812
-1,1.11563,0.846692,1.20312
-1,1.24687,0.831625,1.07187
-0.808339,1.11563,0.840109,1.09375
-0.560559,1.1375,0.846275,1.11563
-0.485466,1.00625,0.857084,1.1375
-0.762328,1.02812,0.851031,1.15938
-1,1.02812,0.853709,1.18125
-1,1.29062,0.848236,1.24687
-1,1.20312,0.847125,1.09375
-0.499632,1.18125,0.853292,1.29062
-0.52499,1.02812,0.832992,1.1375
-0.61287,0.91875,0.819088,1.15938
-1,0.9625,0.82351,1.15938
-1,1.05,0.81106,1.18125
-1,1.11563,0.801518,1.24687
-0.626379,1.15938,0.776284,1.20312
-0.506366,1.02812,0.771103,1.225
-0.62332,0.896875,0.78889,1.11563
-0.988263,0.940625,0.761331,1.20312
-1,1.15938,0.730273,1.05
-1,1.29062,0.792553,1.15938
-0.750508,1.18125,0.803362,1.00625
-0.589501,1.07187,0.784225,1.20312
-0.676073,0.9625,0.773238,1.07187
-0.749417,1.09375,0.823879,1.15938
-0.912149,1.15938,0.820451,1.07187
-1,1.09375,0.811781,1.1375
-0.758342,1.225,0.856907,1.1375
-0.844914,1.02812,0.864227,1.11563
-0.553073,1.1375,0.873883,1.18125
-0.638337,0.940625,0.864921,1.15938
-0.682606,1.00625,0.891721,1.20312
-0.919332,1.05,0.908936,1.18125
-1,1.02812,0.911314,1.11563
-0.926741,1.11563,0.903525,1.26875
-0.560048,1.11563,0.91637,1.15938
-0.395566,0.940625,0.926607,1.33438
-0.479521,0.765625,0.930729,1.18125
-0.802611,0.83125,0.929918,1.26875
-1,1.00625,0.931423,1.24687
-0.857556,1.02812,0.962594,1.29062
-0.768375,1.00625,0.956549,1.33438
-0.369992,0.940625,0.94846,1.24687
-0.365417,0.74375,0.958988,1.33438
-0.553748,0.74375,0.929094,1.3125
-1,0.7875,0.944855,1.35625
-1,1.02812,0.935894,1.225
-0.884696,1.02812,0.940316,1.26875
-0.487621,1.00625,0.924377,1.26875
-0.2333,0.83125,0.915716,1.29062
-0.432244,0.7,0.899205,1.24687
-0.841247,0.765625,0.921644,1.225
-1,0.91875,0.903388,1.225
-0.876871,1.00625,0.909255,1.20312
-0.55379,0.9625,0.925597,1.3125
-0.315314,0.83125,0.901527,1.24687
-0.265819,0.74375,0.914953,1.225
-0.540065,0.678125,0.921701,1.225
-0.789161,0.765625,0.909842,1.225
-1,0.853125,0.909312,1.26875
-0.705872,0.984375,0.942227,1.225
-0.512316,0.809375,0.921355,1.26875
-0.213075,0.896875,0.93071,1.24687
-0.205883,0.65625,0.928736,1.26875
-0.567351,0.65625,0.933159,1.24687
-0.845521,0.74375,0.93699,1.15938
-1,0.853125,0.927457,1.225
-0.660473,0.9625,0.924029,1.20312
-0.363849,0.83125,0.897623,1.26875
-0.0329176,0.721875,0.856109,1.29062
-0.112948,0.48125,0.823897,1.35625
-0.590712,0.6125,0.806805,1.24687
-0.872807,0.721875,0.776038,1.20312
-1,0.7875,0.715625,1.225
-0.50984,0.896875,0.69737,1.11563
-0.152451,0.74375,0.703536,1.1375
0.0185731,0.6125,0.652127,1.1375
-0.253056,0.56875,0.63736,1.05
-0.778356,0.590625,0.604568,1.02812
-0.900544,0.74375,0.607246,0.984375
-1,0.809375,0.593342,0.896875
-0.418213,0.984375,0.558805,0.896875
-0.0449787,0.721875,0.553633,0.875
0.0362065,0.56875,0.517351,0.853125
-0.397946,0.525,0.549394,0.765625
-1,0.6125,0.529684,0.83125
-1,0.7875,0.518979,0.74375
-0.803338,0.896875,0.553638,0.765625
-0.319041,0.875,0.543233,0.765625
-0.0779481,0.721875,0.547655,0.678125
-0.304657,0.56875,0.530562,0.809375
-0.626439,0.65625,0.524518,0.721875
-0.995756,0.721875,0.569644,0.721875
-1,0.940625,0.565916,0.7875
-0.770614,1.07187,0.53574,0.765625
-0.402613,0.896875,0.557316,0.678125
-0.235964,0.765625,0.553888,0.74375
-0.307141,0.9625,0.540284,0.7875
-0.672533,0.74375,0.517668,0.765625
-1,0.9625,0.511914,0.765625
-1,0.940625,0.502381,0.74375
-0.647497,0.9625,0.541401,0.74375
-0.293175,0.875,0.483023,0.74375
-0.127834,0.809375,0.499066,0.765625
-0.563295,0.634375,0.490696,0.678125
-0.889452,0.7875,0.501223,0.7
-1,0.809375,0.512623,0.634375
-1,0.9625,0.523151,0.7
-0.625281,1.05,0.528446,0.7
-0.329107,0.83125,0.531123,0.765625
-0.206928,0.7875,0.533801,0.7
-0.731369,0.721875,0.486471,0.74375
-1,0.91875,0.553112,0.721875
-1,1.00625,0.564512,0.765625
-0.705025,0.984375,0.526777,0.7
-0.49869,0.896875,0.57859,0.7875
-0.333349,0.853125,0.581268,0.765625
-0.491298,0.7875,0.587434,0.765625
-0.697233,0.809375,0.595346,0.7875
-1,0.940625,0.606746,0.7875
-1,0.940625,0.579477,0.7875
-0.665656,1.02812,0.62374,0.765625
-0.385327,0.896875,0.62729,0.83125
-0.308517,0.765625,0.63084,0.83125
-0.58452,0.678125,0.637007,0.7875
-0.908919,0.875,0.646662,0.875
-1,0.9625,0.658062,0.83125
-0.759078,1.05,0.665973,0.875
-0.597662,0.896875,0.671268,0.875
-0.391327,0.896875,0.67569,0.875
-0.505665,0.678125,0.680984,0.875
-0.667989,0.83125,0.689196,0.875
-0.834238,0.896875,0.699723,0.853125
-0.926494,0.984375,0.709379,0.9625
-0.927152,1.07187,0.716418,0.9625
-0.562218,1.02812,0.721712,0.940625
-0.324192,0.91875,0.72439,0.9625
