torque_1,torque_1_t,torque_2,torque_2_t
-1.1709,-0.175,0.0657178,-0.109375
-1.18215,0.459375,0.0726178,0.153125
-1.19385,0.65625,0.0798178,0.175
-0.807817,0.809375,0.0835289,0.153125
-0.769364,0.853125,0.0863678,0.04375
-0.774522,0.91875,0.0892067,0.04375
-0.913131,0.984375,0.09349,-0.021875
-0.878603,1.11563,0.0989456,0.13125
-1.00398,1.24687,0.104401,0.175
-0.937764,1.20312,0.108112,0.21875
-0.8557,1.18125,0.110951,0.021875
-0.743254,1.15938,0.112918,0.065625
-0.747104,1.1375,0.114584,0.21875
-0.913478,1.225,0.118296,0.196875
-0.876333,1.33438,0.122007,0.196875
-1.04402,1.24687,0.12659,0.175
-0.845656,1.35625,0.129429,0.021875
-0.733209,1.33438,0.131396,0.065625
-0.530924,1.09375,0.117953,0.13125
-0.693373,1.09375,0.133584,0.04375
-0.945211,1.15938,0.136123,0.065625
-0.952986,1.11563,0.140707,0.0875
-0.84054,1.11563,0.142673,0.0875
-0.681866,1.18125,0.142896,0.04375
-0.523192,1.20312,0.0974715,0.065625
-0.684741,0.984375,0.145384,0.109375
-0.848456,1.1375,0.148523,0.240625
-0.970319,1.33438,0.152234,0.240625
-1.01819,1.11563,0.155373,0.0875
-0.773559,1.29062,0.15764,0.240625
-0.612677,1.26875,0.0971067,0.109375
-0.569399,1.1375,0.158684,0.04375
-0.731806,1.07187,0.160951,0.109375
-1.02681,1.07187,0.16409,0.0875
-0.9447,1.3125,0.167801,0.04375
-0.874965,1.15938,0.170068,0.109375
-0.555033,1.18125,0.17059,0.153125
-0.584441,1.00625,0.171112,0.109375
-0.673305,1.05,0.172507,0.240625
-0.996928,1.09375,0.175646,0.240625
-1.00249,1.20312,0.179657,0.240625
-0.756556,1.1375,0.181051,0.284375
-0.684205,1.09375,0.181273,0.21875
-0.567792,0.9625,0.181796,0.284375
-0.800718,0.984375,0.182318,0.284375
-0.803668,1.09375,0.184584,0.21875
-0.75994,1.24687,0.185107,0.284375
-0.643977,1.3125,0.185629,0.2625
-0.527564,1.00625,0.186151,0.284375
-0.642885,1.09375,0.185801,0.30625
-0.731299,1.20312,0.187196,0.109375
-0.803009,1.11563,0.186846,0.39375
-0.731516,1.07187,0.18824,0.30625
-0.525714,1.1375,0.187018,0.30625
-0.479369,0.896875,0.185796,0.284375
-0.683221,0.896875,0.186318,0.30625
-0.757098,1.26875,0.187412,0.284375
-0.728357,1.20312,0.187934,0.0875
-0.593482,1.09375,0.18584,0.13125
-0.270076,1.02812,0.183746,0.284375
-0.396868,0.678125,0.181651,0.175
-0.557108,0.984375,0.182173,0.284375
-0.790443,1.00625,0.183868,0.21875
-0.67403,1.02812,0.18439,0.284375
-0.393784,0.853125,0.182296,0.2625
-0.227219,0.7,0.178457,0.284375
-0.250943,0.590625,0.17579,0.175
-0.497956,0.6125,0.176312,0.284375
-0.775351,0.896875,0.177707,0.21875
-0.821012,1.02812,0.179973,0.30625
-0.376934,0.940625,0.175562,0.30625
-0.210369,0.678125,0.171723,0.328125
-0.20371,0.678125,0.167884,0.175
-0.391267,0.721875,0.167534,0.328125
-0.683199,0.634375,0.169229,0.175
-0.713465,0.721875,0.170623,0.196875
-0.595294,0.678125,0.170273,0.109375
-0.26882,0.765625,0.166734,0.153125
-0.145866,0.525,0.162896,0.13125
-0.301731,0.415625,0.160801,0.328125
-0.62143,0.503125,0.161623,0.2625
-0.696165,0.765625,0.16389,0.2625
-0.578444,0.765625,0.16354,0.2625
-0.415803,0.65625,0.162318,0.21875
-0.24662,0.678125,0.157034,0.30625
-0.287498,0.65625,0.155812,0.13125
-0.516907,0.48125,0.15459,0.284375
-0.678006,0.678125,0.156284,0.240625
-0.561594,0.678125,0.156807,0.13125
-0.396336,0.83125,0.15384,0.2625
-0.320918,0.74375,0.152918,0.284375
-0.348117,0.765625,0.152568,0.284375
-0.640049,0.7,0.153962,0.284375
-0.669006,0.875,0.154784,0.240625
-0.552594,0.875,0.155307,0.04375
-0.476725,1.00625,0.154384,0.240625
-0.472683,0.809375,0.15229,0.153125
-0.543944,0.875,0.15194,0.109375
-0.545135,0.853125,0.153634,0.284375
-0.54371,0.875,0.153284,0.328125
-0.541835,0.7875,0.152934,0.109375
-0.466417,0.984375,0.152012,0.284375
-0.582146,0.74375,0.152534,0.13125
-0.653815,0.940625,0.153357,0.2625
-0.698168,0.7875,0.155051,0.21875
-0.46325,0.91875,0.155301,0.109375
-0.299709,1.00625,0.154379,0.0875
-0.454675,0.875,0.152584,0.240625
-0.690176,0.765625,0.156023,0.240625
-0.8543,0.7875,0.160334,0.109375
-0.736987,1.15938,0.161157,0.0875
-0.414847,0.765625,0.161107,0.240625
-0.205079,0.7875,0.15844,0.109375
-0.406272,0.940625,0.15839,0.0875
-0.771298,0.83125,0.160957,0.153125
-0.965805,1.15938,0.16614,0.04375
-0.940089,1.1375,0.169579,0.240625
-0.458042,1.26875,0.169529,0.30625
-0.291884,0.74375,0.166862,0.153125
-0.24464,0.74375,0.16624,0.284375
-0.682351,0.896875,0.168807,0.04375
-0.935006,0.853125,0.17399,0.240625
-1.01452,1.18125,0.180046,0.30625
-0.812606,1.15938,0.182612,0.21875
-0.412547,1.26875,0.179073,0.30625
-0.247698,0.809375,0.177279,0.175
-0.318058,0.875,0.177229,0.153125
-0.772923,0.984375,0.18184,0.0875
-0.939664,0.984375,0.187896,0.284375
-0.900269,0.875,0.192207,0.328125
-0.653431,1.20312,0.193901,0.328125
-0.489891,1.00625,0.192979,0.30625
-0.32635,1.02812,0.192057,0.30625
-0.485241,0.83125,0.192879,0.30625
-0.77889,0.940625,0.196618,0.284375
-0.813489,1.00625,0.201801,0.175
-0.976305,1.15938,0.20524,0.30625
-0.700393,1.07187,0.206934,0.284375
-0.53816,1.00625,0.206884,0.30625
-0.301934,1.02812,0.205962,0.175
-0.53351,0.940625,0.207084,0.284375
-0.622782,0.940625,0.209651,0.175
-0.815981,0.853125,0.213962,0.30625
-0.8625,0.91875,0.217401,0.371875
-0.746495,1.05,0.219096,0.328125
-0.629182,1.07187,0.219918,0.30625
-0.379728,1.00625,0.220168,0.175
-0.376094,0.91875,0.219246,0.30625
-0.65214,0.875,0.22094,0.371875
-0.785881,0.896875,0.224379,0.30625
-1.1403,1.02812,0.229562,0.30625
-0.910611,1.11563,0.233301,0.284375
-0.46825,0.940625,0.230634,0.35
-0.171259,0.91875,0.227968,0.328125
-0.209929,0.809375,0.226173,0.30625
-0.689943,0.634375,0.228168,0.35
-0.945214,0.809375,0.235096,0.328125
-0.863067,0.984375,0.240579,0.328125
-0.585396,0.984375,0.241401,0.240625
-0.302493,0.83125,0.239034,0.35
-0.326175,0.74375,0.23724,0.35
-0.322092,0.83125,0.236618,0.35
-0.687118,0.7,0.239184,0.39375
-0.939322,0.590625,0.244668,0.30625
-0.970855,1.02812,0.248407,0.21875
-0.488357,1.09375,0.248357,0.39375
-0.205454,0.809375,0.24599,0.35
-0.155143,0.721875,0.243323,0.35
-0.399497,0.765625,0.243573,0.284375
-0.793597,0.7,0.24644,0.35
-1.0458,0.83125,0.251623,0.35
-0.885736,1.00625,0.253618,0.35
-0.403239,0.896875,0.253568,0.415625
-0.0304963,0.83125,0.249457,0.35
-0.0674074,0.7,0.24709,0.2625
-0.50336,0.678125,0.248784,0.39375
-0.871003,0.809375,0.253396,0.39375
-0.992374,0.809375,0.258579,0.371875
-0.627481,1.11563,0.259701,0.415625
-0.300967,0.809375,0.257334,0.240625
0.0559306,0.721875,0.253796,0.371875
-0.17127,0.678125,0.252301,0.39375
-0.490927,0.7875,0.253996,0.39375
-0.814508,0.7,0.258607,0.35
-1.02355,0.765625,0.26409,0.371875
-0.703579,0.896875,0.265784,0.39375
-0.336069,0.765625,0.265162,0.35
-0.0518574,0.853125,0.261923,0.35
-0.0464657,0.56875,0.260129,0.30625
-0.247209,0.503125,0.260379,0.415625
-0.802075,0.65625,0.264118,0.371875
-0.852069,0.6125,0.270173,0.2625
-0.927213,0.7,0.273912,0.35
-0.490085,0.875,0.275034,0.39375
-0.16357,0.74375,0.272368,0.415625
0.0479565,0.634375,0.269129,0.371875
-0.267775,0.634375,0.268507,0.371875
-0.559666,0.7875,0.271073,0.371875
-1.00085,0.809375,0.276557,0.39375
-1.04954,0.9625,0.28204,0.415625
-0.730873,1.05,0.284607,0.39375
-0.113618,1.00625,0.28224,0.371875
-0.0303074,0.765625,0.277257,0.39375
-0.0976009,0.678125,0.275762,0.39375
-0.711065,0.634375,0.279201,0.2625
-1.10995,0.91875,0.285557,0.4375
-1.18902,0.940625,0.291912,0.39375
-0.51623,1.24687,0.29099,0.39375
-0.0734185,0.896875,0.288623,0.39375
0.0971139,0.809375,0.28364,0.39375
-0.176315,0.459375,0.28389,0.4375
-0.864631,0.634375,0.289073,0.196875
-0.901396,0.853125,0.296301,0.39375
-0.833786,0.9625,0.301784,0.39375
-0.509438,0.896875,0.301162,0.39375
-0.0657269,0.7,0.358107,0.284375
-0.131262,0.546875,0.294984,0.39375
-0.377783,0.546875,0.296979,0.4375
-0.729989,0.6125,0.30159,0.39375
-1.14427,0.74375,0.308818,0.35
-0.900455,0.940625,0.313429,0.371875
-0.506896,0.875,0.314851,0.459375
-0.224851,0.765625,0.313357,0.4375
-0.131787,0.678125,0.311862,0.415625
-0.377,0.634375,0.312984,0.415625
-0.729206,0.721875,0.346097,0.4375
-1.05581,0.896875,0.324251,0.459375
-0.986444,0.984375,0.328862,0.415625
-0.66602,0.9625,0.330857,0.459375
-0.341672,0.940625,0.329662,0.459375
-0.132312,0.721875,0.328168,0.48125
-0.215001,0.634375,0.327546,0.459375
-0.725356,0.546875,0.330712,0.415625
-0.818511,0.809375,0.337068,0.4375
-1.17464,0.896875,0.344296,0.459375
-0.737922,1.05,0.34629,0.525
-0.297278,0.875,0.400336,0.48125
-0.0121657,0.74375,0.341857,0.525
-0.12262,0.65625,0.340362,0.459375
-0.721956,0.56875,0.39092,0.48125
-0.889105,0.74375,0.351629,0.459375
-1.17255,0.91875,0.358857,0.503125
-0.781608,1.00625,0.39952,0.48125
-0.455952,0.91875,0.360529,0.459375
-0.0126907,0.875,0.358162,0.546875
-0.166756,0.56875,0.356668,0.546875
-0.561265,0.7875,0.360707,0.525
-0.931482,0.809375,0.367934,0.546875
-1.17132,0.984375,0.375162,0.525
-0.942041,1.15938,0.380073,0.503125
-0.386408,1.02812,0.380323,0.459375
0.103081,0.809375,0.37534,0.503125
-0.0796093,0.65625,0.374146,0.48125
-0.604951,0.678125,0.377884,0.56875
-1.16591,0.7875,0.385984,0.503125
-1.17446,1.05,0.394384,0.503125
-0.943424,1.18125,0.398123,0.546875
-0.25565,1.00625,0.397501,0.503125
0.0739315,0.853125,0.39369,0.525
-0.0814426,0.678125,0.393068,0.503125
-0.768,0.590625,0.397679,0.503125
-1.1686,0.984375,0.406079,0.503125
-1.17715,1.15938,0.414179,0.56875
-0.828961,1.26875,0.417046,0.546875
-0.13857,1.05,0.414979,0.56875
-0.0569769,0.721875,0.41174,0.56875
-0.286344,0.7875,0.41229,0.546875
-0.770692,0.721875,0.417773,0.56875
-1.17174,0.91875,0.425873,0.56875
-1.17723,1.15938,0.432529,0.546875
-0.71274,1.15938,0.435396,0.546875
-0.225868,1.02812,0.433329,0.56875
-0.0588102,0.678125,0.43009,0.56875
-0.37495,0.809375,0.43034,0.56875
-0.728464,0.7875,0.436123,0.56875
-1.17182,1.05,0.443351,0.56875
-0.901546,1.02812,0.450007,0.6125
-0.624284,0.940625,0.505497,0.590625
-0.225943,1.07187,0.448762,0.65625
-0.132879,0.809375,0.447568,0.634375
-0.290869,0.546875,0.494336,0.56875
-0.700773,0.65625,0.475116,0.634375
-0.866614,0.83125,0.458212,0.634375
-1.17652,0.853125,0.50092,0.634375
-0.741964,1.225,0.495064,0.634375
-0.462535,0.83125,0.511886,0.65625
-0.13557,0.83125,0.468244,0.65625
-0.174198,0.65625,0.507453,0.65625
-0.493405,0.56875,0.52254,0.65625
-1.09536,0.7,0.466968,0.678125
-1.17483,1.15938,0.510547,0.525
-0.989169,1.05,0.531731,0.678125
-0.417691,1.11563,0.474423,0.678125
-0.0889676,0.83125,0.516831,0.721875
0.107164,0.721875,0.504297,0.678125
-0.443327,0.525,0.466751,0.7
-1.04614,0.678125,0.528647,0.678125
-1.17098,1.02812,0.526281,0.678125
-1.17823,1.3125,0.485546,0.7
-0.344631,1.1375,0.484051,0.678125
0.102556,0.6125,0.533736,0.678125
0.244464,0.590625,0.471768,0.721875
-0.276503,0.56875,0.472318,0.678125
-0.923374,0.525,0.478673,0.721875
-1.16407,0.91875,0.486201,0.678125
-1.17262,0.875,0.499244,0.65625
-0.544299,1.11563,0.493107,0.634375
0.108164,0.74375,0.486679,0.678125
0.250072,0.6125,0.480823,0.678125
-0.152431,0.415625,0.540684,0.678125
-0.797544,0.6125,0.546168,0.7
-1.15498,0.721875,0.529564,0.678125
-1.16308,0.83125,0.498996,0.678125
-0.56384,1.05,0.54432,0.678125
-0.00297407,0.765625,0.530614,0.678125
0.329674,0.56875,0.500055,0.678125
-0.0569843,0.35,0.497116,0.678125
-0.625937,0.4375,0.545629,0.721875
-0.865321,0.721875,0.536875,0.721875
-1.14877,0.7875,0.49584,0.721875
-0.712906,0.83125,0.526336,0.678125
-0.227342,0.721875,0.523097,0.721875
0.221153,0.525,0.492538,0.721875
0.115073,0.39375,0.518964,0.678125
-0.291356,0.371875,0.536659,0.721875
-0.98053,0.6125,0.531975,0.65625
-1.134,0.7875,0.539203,0.74375
-0.743508,0.809375,0.494979,0.65625
-0.301106,0.678125,0.528964,0.7
0.189692,0.721875,0.522236,0.74375
0.243069,0.56875,0.479757,0.678125
-0.232978,0.284375,0.538446,0.7
-0.673714,0.459375,0.542484,0.65625
-1.11793,0.721875,0.517159,0.74375
-0.846346,0.809375,0.547064,0.721875
-0.405702,0.678125,0.544997,0.678125
0.0829287,0.56875,0.539142,0.7
0.253911,0.546875,0.49201,0.7
-0.148143,0.240625,0.521053,0.7
-0.58757,0.48125,0.482344,0.765625
-1.10361,0.678125,0.505571,0.65625
-0.992795,0.853125,0.541592,0.7
-0.554768,0.765625,0.564229,0.721875
0.167764,0.74375,0.541229,0.7
0.340055,0.415625,0.542651,0.65625
-0.207819,0.35,0.475449,0.7
-0.693025,0.634375,0.474546,0.65625
-1.09407,0.590625,0.486144,0.678125
-1.10087,0.809375,0.55559,0.721875
-0.501623,0.83125,0.531136,0.7
0.0160815,0.65625,0.479934,0.721875
0.187064,0.503125,0.487744,0.65625
-0.245372,0.56875,0.518531,0.678125
-0.845116,0.56875,0.49931,0.678125
-1.08536,0.721875,0.520803,0.678125
-1.0917,0.984375,0.526586,0.678125
-0.462482,1.09375,0.565223,0.7
0.15874,0.678125,0.536709,0.721875
0.16679,0.6125,0.538712,0.7
-0.237431,0.56875,0.499721,0.7
-0.767106,0.525,0.536914,0.678125
-1.08003,0.678125,0.534847,0.721875
-1.08723,0.896875,0.563018,0.721875
-0.532009,0.9625,0.552529,0.74375
-0.000625926,0.65625,0.556568,0.721875
0.0378065,0.6125,0.528053,0.74375
-0.279192,0.503125,0.549246,0.721875
-0.878935,0.65625,0.55939,0.678125
-1.07557,0.765625,0.547157,0.721875
-1.08191,1.00625,0.559046,0.765625
-0.527993,0.896875,0.580238,0.7875
-0.157825,0.7,0.575855,0.74375
0.0101324,0.721875,0.56274,0.765625
-0.232872,0.590625,0.572594,0.7
-0.759931,0.83125,0.573444,0.765625
-1.07241,0.809375,0.585333,0.765625
-1.08006,1.02812,0.587927,0.7875
-0.643747,1.00625,0.584988,0.74375
-0.290733,0.7875,0.593097,0.7875
0.00805741,0.721875,0.60267,0.809375
-0.191336,0.678125,0.618629,0.83125
-0.672167,0.65625,0.606396,0.7875
-1.07232,0.91875,0.606946,0.74375
-1.07997,0.984375,0.646455,0.74375
-0.688575,1.11563,0.649049,0.809375
-0.364635,0.83125,0.662392,0.765625
0.00814907,0.765625,0.670801,0.721875
-0.118109,0.6125,0.658268,0.83125
-0.600248,0.678125,0.706799,0.875
-1.04401,0.896875,0.701244,0.809375
-1.08073,0.940625,0.707609,0.809375
-1.08446,1.18125,0.729101,0.7
-0.324407,1.11563,0.720057,0.91875
0.00345741,0.765625,0.71451,0.853125
-0.0783315,0.56875,0.720294,0.809375
-0.604081,0.721875,0.727831,0.809375
-1.07692,0.984375,0.72809,0.940625
-1.15987,1.00625,0.75626,0.896875
-1.09177,1.05,0.715534,0.83125
-0.331716,1.20312,0.737309,0.91875
-0.00385093,0.940625,0.708503,0.875
-0.0869481,0.634375,0.714868,0.853125
-0.731611,0.721875,0.681992,0.91875
-1.09077,0.9625,0.644455,1.02812
-1.33232,1.02812,0.636292,0.9625
-1.10345,1.33438,0.573751,0.9625
-0.388319,1.20312,0.505114,0.9625
-0.179367,0.853125,0.493453,1.00625
-0.381377,0.896875,0.432957,0.91875
-0.792997,0.7875,0.365764,0.809375
-1.10593,1.11563,0.336377,0.765625
-1.11488,1.26875,0.291862,0.875
-1.11861,1.15938,0.24881,0.678125
-0.492007,1.26875,0.24151,0.65625
-0.327975,1.02812,0.200784,0.590625
-0.326467,0.896875,0.163247,0.525
-0.764994,0.984375,0.130371,0.56875
-1.12153,0.940625,0.138481,0.415625
-1.12918,1.1375,0.12741,0.415625
-1.13422,1.225,0.111388,0.503125
-0.53624,1.3125,0.109621,0.371875
-0.298214,0.940625,0.104938,0.284375
-0.249169,0.853125,0.0860178,0.30625
-0.613704,0.7875,0.0944178,0.328125
-0.896249,0.91875,0.0987567,0.2625
-1.13649,1.1375,0.102796,0.240625
-1.14283,1.11563,0.0888178,0.2625
-0.588918,1.20312,0.0789011,0.284375
-0.21875,0.984375,0.0919622,0.153125
-0.139323,0.7,0.100071,0.153125
-0.414019,0.809375,0.115749,0.13125
-1.13047,0.7875,0.100899,0.30625
-1.13722,1.11563,0.11396,0.196875
-1.14311,1.11563,0.0863178,0.175
-0.425769,1.1375,0.106938,0.109375
0.0201509,0.83125,0.0778511,0.2625
0.0304093,0.56875,0.0717233,0.153125
-0.403294,0.634375,0.0318696,0.109375
-0.888907,0.7,0.0690622,0.153125
-1.12825,0.896875,0.0536307,0.2625
-0.941235,0.984375,0.0201733,0.175
-0.412877,0.896875,0.0582474,-0.065625
0.122023,0.853125,0.01694,-0.0875
0.160906,0.546875,0.0143011,0.2625
-0.345482,0.503125,0.0168956,-0.109375
-0.988387,0.634375,0.0229789,-0.153125
-0.833921,0.83125,0.0308067,-0.0875
-0.764061,0.853125,0.03719,-0.065625
-0.439671,0.765625,0.03804,0.153125
-0.110906,0.765625,0.0362733,0.153125
-0.0601037,0.6125,0.0362511,-0.109375
-0.140993,0.56875,0.0371011,-0.065625
-0.577312,0.6125,0.0426122,0.196875
-0.698192,0.65625,-0.00887111,0
-0.788239,0.721875,0.00477148,-0.065625
-0.788897,0.74375,0.00504,-0.0875
-0.30415,0.765625,-0.000215556,0.21875
-0.164367,0.56875,0.00965667,0
-0.0408787,0.678125,0.00265667,0
-0.400588,0.634375,-0.000854444,-0.0875
-0.680067,0.809375,0.00871778,0
-0.887719,0.678125,0.0424215,-0.04375
-0.686167,0.853125,0.0514215,0.196875
-0.523851,0.721875,0.0351178,0
-0.0774815,0.7,0.0135807,0
0.0182407,0.525,0.0394344,0
-0.180253,0.7,0.0213863,-0.021875
-0.617022,0.590625,0.0614956,-0.04375
-0.824674,0.634375,0.0408307,0.021875
-0.827499,0.809375,0.0832567,-0.021875
-0.507034,0.875,0.0678252,0.35
-0.106893,0.634375,0.0948511,0.21875
0.0615148,0.546875,0.0741863,0.021875
-0.0484481,0.48125,0.101784,0.21875
-0.440298,0.503125,0.10089,0.328125
-0.85016,0.503125,0.10204,0.2625
-0.693078,0.7875,0.137779,0.175
-0.605206,0.65625,0.136012,0.21875
-0.280366,0.7,0.122034,0.284375
-0.0841926,0.590625,0.133651,0.021875
-0.194156,0.503125,0.168227,0.175
-0.395716,0.546875,0.163844,0.240625
-0.74743,0.678125,0.157434,0.328125
-0.837477,0.634375,0.234168,0.21875
-0.680844,0.875,0.212049,0.196875
-0.429998,0.678125,0.188477,0.240625
-0.310435,0.634375,0.217538,0.35
-0.30541,0.6125,0.247462,0.240625
-0.391982,0.678125,0.250929,0.240625
-0.552098,0.590625,0.255568,0.153125
-0.627608,0.65625,0.261651,0.284375
-0.718106,0.678125,0.267734,0.240625
-0.558406,0.7875,0.272073,0.284375
-0.557756,0.7,0.27584,0.4375
-0.35183,0.7,0.278434,0.328125
-0.422556,0.65625,0.281029,0.4375
-0.55229,0.678125,0.284796,0.30625
-0.715022,0.809375,0.290879,0.30625
-0.74868,0.809375,0.297834,0.371875
-0.632592,0.7875,0.302473,0.503125
-0.560565,0.765625,0.306812,0.328125
-0.309719,0.809375,0.355053,0.328125
-0.424056,0.634375,0.311429,0.328125
-0.584172,0.765625,0.314896,0.503125
-0.675978,0.765625,0.34511,0.415625
-0.999926,0.7875,0.329107,0.30625
-0.725239,0.9625,0.36252,0.415625
-0.592447,0.875,0.33604,0.4375
-0.311219,0.83125,0.36452,0.503125
-0.307952,0.7,0.337168,0.503125
-0.512987,0.7,0.388325,0.415625
-1.02592,0.74375,0.348762,0.459375
-1.03005,1.02812,0.392942,0.546875
-0.682678,1.02812,0.388559,0.48125
-0.270616,0.853125,0.360634,0.459375
-0.147986,0.7,0.358868,0.48125
-0.42309,0.6125,0.361762,0.48125
-0.74573,0.721875,0.422214,0.459375
-1.02737,0.74375,0.412025,0.56875
-1.0302,0.91875,0.385255,0.459375
-0.520304,1.02812,0.381462,0.459375
-0.105625,0.7875,0.379696,0.503125
-0.144661,0.678125,0.385788,0.634375
-0.506987,0.65625,0.382568,0.48125
-0.672336,0.721875,0.390696,0.459375
-0.836377,0.74375,0.397079,0.503125
-0.839202,0.853125,0.416827,0.525
-0.56059,0.875,0.405184,0.503125
-0.234442,0.721875,0.450809,0.65625
-0.187114,0.65625,0.40544,0.503125
-0.388224,0.6125,0.408034,0.503125
-0.73863,0.678125,0.459192,0.74375
-0.874905,0.809375,0.419629,0.6125
-0.834119,0.896875,0.426012,0.56875
-0.557265,0.809375,0.428034,0.634375
-0.261499,0.765625,0.428884,0.546875
-0.300085,0.678125,0.430034,0.546875
-0.341288,0.65625,0.478275,0.56875
-0.575397,0.678125,0.437268,0.590625
-0.899345,0.765625,0.444523,0.56875
-0.900862,1.00625,0.509918,0.678125
-0.582564,0.91875,0.454373,0.6125
-0.300027,0.7875,0.454351,0.56875
-0.0611009,0.721875,0.453757,0.7
-0.172372,0.6125,0.454607,0.6125
-0.537765,0.6125,0.460118,0.634375
-1.00839,0.678125,0.468246,0.590625
-1.01514,0.896875,0.476946,0.721875
-0.62285,0.91875,0.481584,0.6125
-0.179097,0.721875,0.48099,0.6125
0.0782907,0.83125,0.478351,0.721875
-0.0475176,0.590625,0.479501,0.6125
-0.528756,0.503125,0.484712,0.6125
-0.926698,0.74375,0.49284,0.74375
-1.00613,0.74375,0.50184,0.6125
-0.891804,0.853125,0.507051,0.6125
-0.173156,0.83125,0.507329,0.590625
0.156918,0.65625,0.50499,0.74375
0.164559,0.525,0.504096,0.721875
-0.476587,0.4375,0.509607,0.634375
-0.961751,0.7,0.577918,0.503125
-0.997575,0.940625,0.525562,0.7875
-1.00302,0.853125,0.53369,0.721875
-0.285677,0.853125,0.53454,0.65625
0.117081,0.590625,0.554588,0.765625
0.124273,0.56875,0.530734,0.765625
-0.383423,0.459375,0.533329,0.721875
-0.986192,0.525,0.542329,0.2625
-0.992942,0.7875,0.605697,0.721875
-0.997075,0.875,0.557412,0.765625
-0.281044,0.853125,0.587636,0.721875
0.046413,0.7,0.557096,0.765625
0.0104435,0.546875,0.555629,0.765625
-0.381406,0.48125,0.558223,0.721875
-0.981558,0.56875,0.579144,0.721875
-0.988308,1.00625,0.572734,0.83125
-0.992442,0.83125,0.602077,0.634375
-0.524848,0.875,0.641896,0.721875
-0.153781,0.7875,0.639557,0.896875
0.102299,0.6125,0.575862,0.765625
-0.258719,0.546875,0.638068,0.634375
-0.624111,0.590625,0.594444,0.7875
-0.97975,0.853125,0.641531,0.83125
-0.9865,1.09375,0.638892,0.809375
-0.595517,0.809375,0.651381,0.74375
-0.110769,0.634375,0.649914,0.853125
0.0593963,0.678125,0.667046,0.896875
0.0208102,0.525,0.64232,0.875
-0.460879,0.4375,0.63562,0.809375
-0.976425,0.721875,0.65624,0.83125
-0.983625,0.853125,0.647214,0.9625
-0.988208,0.83125,0.690512,0.853125
-0.271319,0.83125,0.687301,0.853125
0.13099,0.590625,0.655007,0.853125
0.0218852,0.56875,0.67679,0.9625
-0.369965,0.459375,0.667473,0.853125
-0.782444,0.56875,0.653496,0.853125
-0.978625,0.853125,0.690116,0.896875
-0.984517,0.875,0.702305,0.875
-0.430151,0.83125,0.686301,0.896875
0.0580713,0.634375,0.685116,0.896875
0.182868,0.678125,0.673473,0.9625
-0.177292,0.503125,0.66124,0.9625
-0.662906,0.48125,0.695244,0.896875
-0.974933,0.590625,0.689988,0.83125
-0.982133,0.91875,0.711199,0.9625
-0.517606,0.809375,0.709433,0.91875
-0.103378,0.721875,0.716397,0.809375
0.107332,0.459375,0.708525,0.896875
-0.135222,0.525,0.725084,0.940625
-0.530997,0.503125,0.723318,0.896875
-0.974308,0.48125,0.755577,0.91875
-0.981508,0.74375,0.763405,0.896875
-0.545606,0.91875,0.766299,1.00625
-0.221216,0.65625,0.770347,0.940625
0.0185685,0.48125,0.789523,0.853125
-0.254369,0.459375,0.786012,0.896875
-0.531231,0.503125,0.808677,0.9625
-0.827863,0.634375,0.824064,0.9625
-0.979125,0.721875,0.824342,0.91875
-0.704888,0.853125,0.85194,0.91875
-0.382665,0.875,0.867627,1.00625
-0.144189,0.56875,0.861509,1.00625
-0.257219,0.525,0.882129,1.02812
-0.503698,0.56875,0.87194,1.05
-0.740874,0.7875,0.886455,1.09375
-0.980667,0.721875,0.884697,1.11563
-0.837263,0.91875,0.920146,1.11563
-0.516798,1.05,0.896873,1.15938
-0.192408,0.74375,0.876499,1.20312
-0.187383,0.590625,0.817757,1.20312
-0.420634,0.590625,0.822396,1.18125
-0.862637,0.83125,0.745909,1.15938
-0.986133,0.896875,0.730486,1.225
-0.992025,0.896875,0.651673,1.20312
-0.52619,0.9625,0.58886,1.20312
-0.200492,0.853125,0.553077,1.07187
-0.110003,0.590625,0.500731,1.09375
-0.430476,0.6125,0.459433,1.02812
-0.71388,0.65625,0.366664,0.984375
-0.996833,0.7875,0.312573,0.896875
-1.00403,0.91875,0.273592,0.7875
-0.655803,1.02812,0.241888,0.721875
-0.376332,0.809375,0.203497,0.7
-0.169547,0.809375,0.176436,0.6125
-0.49002,0.65625,0.174388,0.525
-0.728505,0.809375,0.157212,0.459375
-1.01191,0.853125,0.220581,0.4375
-1.01911,1.07187,0.20167,0.4375
-0.94839,1.02812,0.237118,0.39375
-0.392266,0.9625,0.189133,0.39375
-0.09695,0.809375,0.234184,0.35
-0.342121,0.853125,0.259457,0.35
-0.739205,0.721875,0.267294,0.328125
-1.02261,0.853125,0.288205,0.240625
-1.02981,1.11563,0.283249,0.328125
-1.03308,1.05,0.305914,0.328125
-0.359805,1.05,0.308509,0.35
-0.151711,0.74375,0.320125,0.371875
-0.308352,0.875,0.328834,0.371875
-0.631442,0.74375,0.349455,0.371875
-1.03069,0.7875,0.335196,0.30625
-1.0392,0.984375,0.344196,0.415625
-1.04248,1.15938,0.341557,0.328125
-0.283732,1.07187,0.333984,0.39375
-0.116633,0.74375,0.316818,0.39375
-0.199281,0.634375,0.308946,0.415625
-0.756271,0.74375,0.290907,0.415625
-1.03967,0.875,0.26937,0.459375
-1.04687,1.09375,0.288836,0.4375
-0.977465,1.02812,0.24841,0.415625
-0.420482,1.1375,0.227455,0.415625
-0.0934759,0.809375,0.222499,0.459375
-0.250117,0.634375,0.166664,0.4375
-0.644583,0.678125,0.20124,0.35
-1.04428,0.9625,0.154127,0.415625
-1.05193,1.00625,0.14829,0.371875
-1.05521,0.9625,0.154673,0.328125
-0.178411,1.00625,0.155823,0.328125
0.0322991,0.7875,0.154929,0.30625
-0.123033,0.56875,0.156079,0.30625
-0.809549,0.546875,0.162462,0.284375
-1.04934,0.809375,0.171162,0.284375
-1.05654,1.11563,0.181034,0.2625
-0.751922,0.984375,0.185673,0.2625
-0.222706,0.875,0.185651,0.30625
-0.128292,0.678125,0.185929,0.2625
-0.168636,0.678125,0.187951,0.328125
-0.652083,0.6125,0.15711,0.2625
-1.05047,0.721875,0.18152,0.30625
-1.05768,0.940625,0.214651,0.21875
-0.706828,1.02812,0.163749,0.284375
-0.340135,0.765625,0.222757,0.30625
-0.0131287,0.678125,0.177388,0.2625
-0.212072,0.525,0.17156,0.2625
-0.488934,0.765625,0.177644,0.30625
-0.77103,0.678125,0.187516,0.21875
-1.05443,0.765625,0.206983,0.2625
-0.709269,0.875,0.255514,0.2625
-0.386188,0.853125,0.218577,0.21875
-0.133175,0.590625,0.229321,0.284375
-0.0982176,0.525,0.267396,0.240625
-0.327544,0.634375,0.208934,0.240625
-0.768238,0.678125,0.277246,0.284375
-1.05033,0.765625,0.280431,0.2625
-1.05492,0.940625,0.293201,0.30625
-0.661767,1.00625,0.296968,0.284375
-0.174853,0.875,0.296373,0.240625
0.0657898,0.634375,0.294907,0.328125
-0.117308,0.4375,0.294884,0.328125
-0.645225,0.503125,0.30214,0.371875
-1.04493,0.74375,0.31114,0.35
-1.05213,0.9625,0.32014,0.35
-0.77658,0.875,0.324479,0.328125
-0.131067,0.7875,0.324757,0.4375
0.154945,0.678125,0.322418,0.35
-0.0876093,0.546875,0.323568,0.415625
-0.760038,0.525,0.329951,0.4375
-1.04344,0.74375,0.338651,0.459375
-1.05064,1.07187,0.347651,0.415625
-0.907238,0.940625,0.353162,0.459375
-0.100509,0.875,0.352568,0.4375
0.0401324,0.6125,0.349929,0.4375
-0.201114,0.525,0.350207,0.459375
-0.6405,0.546875,0.370255,0.4375
-1.0402,0.765625,0.364718,0.459375
-1.04785,0.984375,0.373718,0.459375
-0.582015,0.940625,0.376312,0.4375
-0.170403,0.721875,0.377462,0.459375
-0.0469148,0.590625,0.422514,0.503125
-0.245858,0.525,0.375401,0.503125
-0.730164,0.56875,0.382657,0.48125
-0.76513,0.7,0.427709,0.48125
-0.928312,0.74375,0.43292,0.503125
-0.652767,0.896875,0.445409,0.503125
-0.330135,0.765625,0.461096,0.503125
-0.164344,0.634375,0.459629,0.56875
-0.159769,0.590625,0.398851,0.590625
-0.362638,0.56875,0.43867,0.590625
-0.643425,0.6125,0.461325,0.590625
-0.966515,0.678125,0.449392,0.503125
-0.651283,0.83125,0.417107,0.6125
-0.533029,0.7,0.442388,0.6125
-0.120108,0.634375,0.465053,0.6125
-0.0415398,0.546875,0.478996,0.6125
-0.312719,0.459375,0.417346,0.6125
-0.6345,0.503125,0.444371,0.56875
-1.03289,0.678125,0.442905,0.590625
-1.03572,0.809375,0.433007,0.56875
-0.481351,0.875,0.449566,0.6125
-0.155653,0.678125,0.494618,0.6125
0.129051,0.634375,0.491407,0.590625
-0.0972083,0.525,0.435571,0.590625
-0.578897,0.525,0.470447,0.634375
-1.0209,0.590625,0.439034,0.6125
-1.02548,0.896875,0.47362,0.6125
-0.515587,0.853125,0.507051,0.634375
-0.0273648,0.74375,0.50384,0.65625
0.258647,0.56875,0.475625,0.65625
-0.0103648,0.459375,0.504396,0.634375
-0.491604,0.48125,0.460771,0.678125
-0.860921,0.678125,0.513673,0.634375
-1.01088,0.721875,0.502903,0.65625
-0.50012,0.83125,0.485736,0.678125
-0.0114481,0.634375,0.514507,0.678125
0.274564,0.546875,0.45431,0.65625
0.049163,0.2625,0.483081,0.6125
-0.515823,0.39375,0.435968,0.678125
-0.985142,0.546875,0.502534,0.6125
-0.712213,0.7,0.446418,0.678125
-0.47897,0.74375,0.447568,0.65625
-0.108353,0.56875,0.49262,0.721875
0.103666,0.459375,0.44289,0.6125
0.0227769,0.371875,0.442296,0.6125
-0.337382,0.39375,0.443446,0.634375
-0.615553,0.48125,0.448957,0.6125
-0.618828,0.56875,0.515523,0.678125
-0.530506,0.546875,0.458234,0.634375
-0.204807,0.525,0.45794,0.678125
0.0349769,0.4375,0.457346,0.634375
0.087088,0.48125,0.455007,0.634375
-0.156325,0.39375,0.457029,0.65625
-0.433187,0.39375,0.459923,0.678125
-0.801196,0.48125,0.467179,0.6125
-0.804471,0.6125,0.495949,0.65625
-0.438637,0.546875,0.475884,0.634375
-0.0680194,0.721875,0.497677,0.678125
0.305215,0.4375,0.472079,0.634375
-0.00871667,0.328125,0.471484,0.634375
-0.32919,0.39375,0.504325,0.634375
-0.741669,0.415625,0.511581,0.678125
-0.744944,0.503125,0.511577,0.65625
-0.542083,0.459375,0.514471,0.634375
-0.142392,0.459375,0.489746,0.65625
0.0277741,0.39375,0.532181,0.74375
0.0336574,0.371875,0.484196,0.65625
-0.285507,0.30625,0.532736,0.74375
-0.682591,0.415625,0.491157,0.634375
-0.642255,0.525,0.551036,0.678125
-0.729685,0.525,0.526892,0.765625
-0.248005,0.56875,0.567873,0.7
0.00631667,0.4375,0.56379,0.721875
-0.0301028,0.35,0.568729,0.7
-0.231663,0.39375,0.544875,0.721875
-0.554303,0.35,0.553584,0.74375
-0.602497,0.503125,0.550664,0.74375
-0.633538,0.546875,0.584096,0.74375
-0.472981,0.546875,0.597166,0.7875
-0.23798,0.590625,0.613144,0.7875
-0.188485,0.503125,0.598594,0.7875
-0.230138,0.503125,0.603233,0.7875
-0.390704,0.48125,0.607881,0.765625
-0.713794,0.459375,0.623859,0.7875
-0.761538,0.546875,0.654373,0.678125
-0.674974,0.65625,0.65029,0.721875
-0.396812,0.65625,0.666277,0.765625
-0.188719,0.6125,0.66481,0.721875
-0.111008,0.546875,0.662471,0.7875
-0.38787,0.525,0.661014,0.765625
-0.596831,0.6125,0.706357,0.853125
-0.877618,0.6125,0.682212,0.7875
-0.912583,0.721875,0.716516,0.74375
-0.446298,0.809375,0.727842,0.7875
-0.0782972,0.678125,0.728992,0.83125
-0.0719639,0.4375,0.751084,0.83125
-0.392437,0.590625,0.749327,0.74375
-0.905817,0.634375,0.79904,0.7875
-0.912567,0.7875,0.77664,0.896875
-0.918458,0.853125,0.757147,1.00625
-0.481247,0.875,0.752201,0.896875
-0.0392528,0.74375,0.737651,1.02812
-0.239505,0.525,0.707701,0.9625
-0.44454,0.546875,0.67687,0.91875
-0.915617,0.678125,0.664064,0.940625
-0.922367,0.875,0.628009,1.11563
-0.928258,0.91875,0.593688,0.984375
-0.418812,0.940625,0.548329,0.9625
-0.211577,0.765625,0.520114,0.809375
-0.25323,0.590625,0.482886,1.02812
-0.647246,0.634375,0.436946,0.91875
-0.93065,0.765625,0.385181,0.83125
-0.93785,0.940625,0.375292,0.765625
-0.796613,0.984375,0.336029,0.525
-0.505222,0.896875,0.315373,0.7
-0.387826,0.809375,0.265071,0.65625
-0.385868,0.74375,0.231623,0.56875
-0.665346,0.74375,0.257205,0.525
-0.917918,0.875,0.211546,0.634375
-0.952883,0.9625,0.216484,0.48125
-0.767177,1.05,0.236823,0.39375
-0.518947,0.91875,0.214142,0.415625
-0.329316,0.853125,0.238551,0.503125
-0.488123,0.74375,0.237957,0.35
-0.840287,0.809375,0.232429,0.35
-0.962475,0.9625,0.25364,0.371875
-0.967917,0.984375,0.226597,0.415625
-0.69368,1.11563,0.264671,0.328125
-0.504048,0.940625,0.250712,0.35
-0.343041,0.896875,0.282099,0.459375
-0.532681,0.7875,0.273083,0.371875
-0.624036,0.83125,0.267255,0.196875
-0.978817,0.875,0.287894,0.328125
-0.9834,1.07187,0.282066,0.328125
-0.637336,1.07187,0.283516,0.328125
-0.476779,0.91875,0.267512,0.415625
-0.357216,0.875,0.265473,0.371875
-0.428801,0.74375,0.264007,0.30625
-0.679206,0.765625,0.279994,0.328125
-0.990375,0.853125,0.275038,0.35
-0.995817,1.02812,0.256718,0.39375
-0.605283,1.05,0.249146,0.415625
-0.325813,0.853125,0.233442,0.35
-0.07235,0.721875,0.239825,0.35
-0.27391,0.6125,0.190977,0.4375
-0.714155,0.678125,0.191546,0.35
-0.997558,0.765625,0.261029,0.328125
-1.00476,0.940625,0.209273,0.4375
-0.611158,0.984375,0.21304,0.35
-0.0528676,0.853125,0.213618,0.30625
-0.00206481,0.634375,0.213023,0.39375
-0.363082,0.525,0.216218,0.30625
-0.848696,0.678125,0.224346,0.371875
-1.00127,0.83125,0.233646,0.284375
-1.0054,1.05,0.240901,0.39375
-0.243591,0.940625,0.241479,0.328125
-0.120103,0.678125,0.212983,0.153125
0.0910574,0.590625,0.242334,0.284375
-0.432934,0.525,0.247273,0.415625
-0.757332,0.65625,0.201033,0.328125
-0.996675,0.7,0.252781,0.240625
-1.00257,0.91875,0.238521,0.415625
-0.32798,0.896875,0.264103,0.284375
0.000785185,0.65625,0.279218,0.284375
0.0965074,0.546875,0.21844,0.328125
-0.30943,0.525,0.230066,0.328125
-0.748366,0.590625,0.238494,0.30625
-0.987708,0.65625,0.249538,0.328125
-0.99315,0.634375,0.309136,0.30625
-0.393415,0.896875,0.319018,0.371875
0.167943,0.590625,0.290521,0.30625
0.179509,0.525,0.29517,0.415625
-0.207966,0.371875,0.320451,0.30625
-0.619136,0.56875,0.314342,0.4375
-0.974775,0.56875,0.28381,0.371875
-0.980217,0.65625,0.347479,0.35
-0.586617,0.721875,0.351546,0.371875
0.0183519,0.721875,0.350379,0.503125
0.349733,0.4375,0.347468,0.39375
0.0811713,0.415625,0.347173,0.35
-0.44237,0.39375,0.352112,0.415625
-0.957917,0.459375,0.361412,0.503125
-0.964667,0.56875,0.370712,0.39375
-0.615986,0.65625,0.375651,0.4375
-0.04095,0.74375,0.375357,0.546875
0.201901,0.415625,0.373318,0.503125
0.210851,0.21875,0.372151,0.39375
-0.267771,0.35,0.376218,0.503125
-0.9393,0.503125,0.382901,0.525
-0.94605,0.56875,0.429125,0.459375
-0.716282,0.590625,0.398012,0.503125
-0.157542,0.74375,0.39859,0.590625
0.217451,0.415625,0.395679,0.459375
0.27132,0.459375,0.430564,0.590625
-0.130692,0.30625,0.394218,0.56875
-0.643621,0.328125,0.415438,0.503125
-0.925267,0.525,0.409329,0.525
-0.651888,0.678125,0.416012,0.634375
-0.255671,0.503125,0.417462,0.525
0.0717852,0.371875,0.417168,0.525
0.167957,0.30625,0.415129,0.503125
0.0143833,0.109375,0.415707,0.503125
-0.392862,0.13125,0.475014,0.590625
-0.876718,0.525,0.427329,0.634375
-0.633721,0.48125,0.457271,0.525
-0.39872,0.56875,0.491575,0.525
-0.0289611,0.4375,0.441855,0.590625
0.139896,0.153125,0.470925,0.546875
0.0299333,0.371875,0.431962,0.6125
-0.420923,0.21875,0.441844,0.65625
-0.656341,0.328125,0.455505,0.56875
-0.542869,0.459375,0.446779,0.6125
-0.543078,0.459375,0.450846,0.590625
-0.131016,0.35,0.451423,0.546875
0.035225,0.459375,0.497947,0.721875
-0.000744444,0.2625,0.448518,0.590625
-0.27499,0.2625,0.497359,0.590625
-0.596321,0.4375,0.454907,0.765625
-0.600455,0.39375,0.515959,0.590625
-0.440756,0.415625,0.470599,0.6125
-0.277131,0.415625,0.46449,0.6125
0.0780907,0.459375,0.463323,0.678125
0.0104306,0.2625,0.486288,0.6125
-0.0281556,0.2625,0.467677,0.590625
-0.509394,0.35,0.526984,0.721875
-0.629824,0.415625,0.517686,0.65625
-0.674952,0.4375,0.521753,0.678125
-0.352729,0.4375,0.554312,0.74375
-0.0278889,0.525,0.489183,0.809375
0.13966,0.371875,0.517381,0.634375
-0.0601417,0.21875,0.531623,0.65625
-0.336554,0.30625,0.550518,0.721875
-0.544206,0.371875,0.522603,0.7
-0.780931,0.4375,0.558079,0.65625
-0.460017,0.525,0.567379,0.7
-0.0928741,0.56875,0.566212,0.83125
0.0310639,0.35,0.544112,0.7
-0.0511333,0.328125,0.558646,0.765625
-0.399781,0.30625,0.549929,0.809375
-0.606982,0.4375,0.561846,0.765625
-0.494819,0.48125,0.579005,0.7
-0.612182,0.459375,0.597027,0.721875
-0.245898,0.634375,0.586566,0.7875
-0.124127,0.35,0.58191,0.765625
-0.12041,0.546875,0.592964,0.809375
-0.36599,0.4375,0.606625,0.7875
-0.483353,0.4375,0.604886,0.74375
-0.443425,0.590625,0.620001,0.809375
-0.604849,0.503125,0.618262,0.7875
-0.4447,0.503125,0.614779,0.765625
-0.399539,0.503125,0.619718,0.765625
-0.120927,0.56875,0.61449,0.809375
-0.234365,0.4375,0.624662,0.7875
-0.364956,0.48125,0.643566,0.7875
-0.441325,0.6125,0.631933,0.7875
-0.839267,0.48125,0.646766,0.74375
-0.811259,0.765625,0.663625,0.809375
-0.491203,0.7,0.695612,0.7875
-0.0483083,0.6125,0.682534,0.83125
-0.160888,0.56875,0.670029,0.809375
-0.438158,0.590625,0.692421,0.809375
-0.603057,0.590625,0.690092,0.83125
-0.8424,0.6125,0.699692,0.83125
-0.847392,0.809375,0.731379,0.896875
-0.45465,0.83125,0.723244,0.940625
-0.17473,0.590625,0.706677,0.940625
-0.0833407,0.56875,0.72092,0.91875
-0.565438,0.634375,0.716564,0.91875
-0.847942,0.678125,0.714525,0.9625
-0.854692,0.74375,0.695342,1.02812
-0.859683,0.809375,0.683136,1.00625
-0.349337,0.9625,0.654349,0.91875
-0.259706,0.678125,0.607546,1.05
-0.303076,0.634375,0.563931,0.9625
-0.786481,0.6125,0.524977,0.91875
-0.865917,0.940625,0.489512,0.896875
-0.872217,0.91875,0.45462,0.853125
-0.59708,0.896875,0.42497,0.853125
-0.363387,0.809375,0.374096,0.809375
-0.408065,0.853125,0.340947,0.7
-0.60073,0.6125,0.333975,0.721875
-0.881067,0.74375,0.312466,0.65625
-0.886058,1.02812,0.299088,0.634375
-0.539544,0.896875,0.263914,0.590625
-0.452531,0.853125,0.271479,0.721875
-0.498517,0.7875,0.299968,0.4375
-0.8947,0.74375,0.29474,0.48125
-0.71116,1.05,0.306957,0.4375
-0.757146,0.896875,0.332538,0.459375
-0.598306,0.91875,0.324694,0.48125
-0.468989,0.896875,0.342144,0.459375
-0.633888,0.853125,0.344466,0.4375
-0.682491,0.853125,0.338366,0.35
-0.920525,0.896875,0.34971,0.4375
-0.646696,1.00625,0.363953,0.4375
-0.530608,0.853125,0.362214,0.459375
-0.530367,0.853125,0.361347,0.459375
-0.621272,0.940625,0.370647,0.459375
-0.9333,0.940625,0.364547,0.459375
-0.9396,0.940625,0.368042,0.48125
-0.665771,0.984375,0.368047,0.503125
-0.432079,0.984375,0.372986,0.503125
-0.476756,0.83125,0.37212,0.546875
-0.637731,0.7875,0.371253,0.503125
-0.877073,0.940625,0.373003,0.546875
-0.956058,0.984375,0.375325,0.4375
-0.565075,0.984375,0.374459,0.48125
-0.448537,0.83125,0.36487,0.48125
-0.329382,0.875,0.361086,0.459375
-0.608411,0.74375,0.347427,0.503125
-0.657014,0.809375,0.342199,0.48125
-0.969042,0.83125,0.361103,0.503125
-0.695213,1.09375,0.331744,0.503125
-0.533756,0.853125,0.326507,0.56875
-0.413743,0.875,0.309068,0.503125
-0.529797,0.634375,0.257321,0.503125
-0.737449,0.809375,0.309951,0.503125
-0.828355,0.875,0.255579,0.503125
-0.83073,1.02812,0.262562,0.459375
-0.539747,0.9625,0.267801,0.459375
-0.347907,0.853125,0.271296,0.415625
-0.463962,0.721875,0.230016,0.415625
-0.668547,0.7,0.282646,0.39375
-0.673539,0.7875,0.291373,0.371875
-0.910265,0.853125,0.299229,0.415625
-0.472604,0.984375,0.304468,0.415625
-0.426134,0.74375,0.307962,0.4375
-0.380973,0.721875,0.312329,0.39375
-0.541947,0.678125,0.31844,0.39375
-0.907748,0.721875,0.271927,0.371875
-0.795135,0.896875,0.335023,0.39375
-0.517381,0.91875,0.285021,0.4375
-0.309696,0.74375,0.343757,0.371875
-0.261919,0.7,0.346379,0.415625
-0.58325,0.6125,0.353362,0.415625
-0.672847,0.721875,0.360346,0.415625
-0.791519,0.74375,0.368201,0.459375
-0.470154,0.853125,0.372568,0.459375
-0.378765,0.678125,0.37519,0.459375
-0.258302,0.634375,0.378684,0.48125
-0.374356,0.6125,0.322868,0.503125
-0.737541,0.590625,0.389162,0.48125
-0.580008,0.7,0.396146,0.459375
-0.417693,0.678125,0.39964,0.459375
-0.208699,0.65625,0.40139,0.48125
-0.293063,0.525,0.404884,0.503125
-0.45142,0.6125,0.409251,0.503125
-0.568783,0.65625,0.415362,0.503125
-0.524931,0.590625,0.420601,0.503125
-0.362165,0.590625,0.424096,0.48125
-0.329374,0.546875,0.426718,0.590625
-0.399201,0.56875,0.430212,0.546875
-0.44257,0.56875,0.435451,0.56875
-0.48594,0.56875,0.44069,0.590625
-0.483081,0.56875,0.444184,0.65625
-0.320316,0.590625,0.447679,0.56875
-0.228927,0.48125,0.450301,0.56875
-0.27013,0.503125,0.453796,0.590625
-0.473406,0.503125,0.459334,0.6125
-0.547158,0.56875,0.465446,0.590625
-0.472923,0.546875,0.469812,0.634375
-0.310157,0.546875,0.473307,0.590625
-0.173849,0.48125,0.475057,0.634375
-0.171441,0.503125,0.478551,0.634375
-0.374718,0.415625,0.48379,0.6125
-0.490772,0.503125,0.488157,0.634375
-0.579061,0.546875,0.493396,0.634375
-0.330381,0.546875,0.497762,0.634375
-0.210369,0.525,0.500684,0.65625
-0.206202,0.39375,0.525694,0.678125
-0.405554,0.459375,0.505057,0.678125
-0.405312,0.546875,0.510296,0.678125
-0.479064,0.590625,0.515534,0.678125
-0.40352,0.56875,0.573397,0.74375
-0.312581,0.525,0.520779,0.721875
-0.192119,0.525,0.569047,0.678125
-0.276482,0.459375,0.530394,0.765625
-0.391229,0.48125,0.528073,0.7
-0.391437,0.4375,0.578959,0.74375
-0.389887,0.503125,0.582453,0.721875
-0.299806,0.48125,0.536812,0.74375
-0.224263,0.525,0.561821,0.721875
-0.337701,0.525,0.608646,0.721875
-0.452897,0.48125,0.596731,0.7875
-0.450039,0.546875,0.57057,0.721875
-0.418106,0.546875,0.565633,0.765625
-0.16681,0.546875,0.611284,0.74375
-0.162644,0.4375,0.618268,0.809375
-0.27784,0.4375,0.596186,0.7875
-0.437506,0.4375,0.629046,0.7875
-0.437264,0.459375,0.635738,0.809375
-0.363029,0.48125,0.635744,0.809375
-0.244324,0.48125,0.650577,0.83125
-0.269231,0.48125,0.630821,0.83125
-0.353595,0.48125,0.668042,0.765625
-0.352045,0.48125,0.682003,0.83125
-0.352254,0.56875,0.693929,0.83125
-0.423389,0.503125,0.680279,0.896875
-0.347845,0.503125,0.699473,0.83125
-0.302684,0.503125,0.724483,0.853125
-0.227591,0.415625,0.753562,0.875
-0.415022,0.459375,0.769568,0.940625
-0.414781,0.459375,0.774516,0.984375
-0.385465,0.459375,0.795164,0.875
-0.458358,0.459375,0.802147,0.853125
-0.382815,0.525,0.792568,0.9625
-0.451333,0.56875,0.789084,1.02812
-0.377548,0.525,0.780077,0.9625
-0.449992,0.56875,0.75944,1.11563
-0.332145,0.56875,0.735323,1.02812
-0.404589,0.525,0.746377,0.984375
-0.449717,0.56875,0.710912,1.07187
-0.450783,0.590625,0.711499,0.984375
-0.568146,0.546875,0.684184,1.09375
-0.452058,0.56875,0.678084,0.9625
-0.406897,0.56875,0.648434,0.91875
-0.406656,0.546875,0.621992,0.940625
-0.538556,0.56875,0.612403,0.875
-0.499078,0.634375,0.571705,0.853125
-0.660052,0.590625,0.545844,0.853125
-0.706038,0.678125,0.525207,0.83125
-0.34282,0.765625,0.522305,0.765625
-0.457567,0.65625,0.476092,0.875
-0.341029,0.7,0.46912,0.74375
-0.46015,0.634375,0.44732,0.721875
-0.578821,0.65625,0.451686,0.65625
-0.553431,0.678125,0.426116,0.7875
-0.628941,0.678125,0.40606,0.7
-0.512403,0.7,0.409855,0.6125
-0.513469,0.7,0.388927,0.590625
-0.514536,0.7,0.386316,0.678125
-0.633657,0.7,0.37819,0.65625
-0.636032,0.765625,0.367729,0.459375
-0.682019,0.7875,0.36599,0.7875
-0.524936,0.853125,0.373273,0.459375
-0.482392,0.7875,0.344496,0.525
-0.688735,0.7875,0.368923,0.65625
-0.853634,0.7,0.33812,0.503125
-0.651182,0.9625,0.350918,0.503125
-0.537711,0.875,0.335814,0.546875
-0.538778,0.765625,0.340762,0.371875
-0.584764,0.853125,0.325359,0.56875
-0.662891,0.853125,0.310836,0.525
-0.900475,0.809375,0.305899,0.503125
-0.905467,0.984375,0.300971,0.56875
-0.63078,0.896875,0.315514,0.459375
-0.514242,0.940625,0.29226,0.48125
-0.471697,0.896875,0.279773,0.459375
-0.679349,0.809375,0.28821,0.39375
-0.918242,0.91875,0.287934,0.459375
-0.924992,1.00625,0.275729,0.525
-0.928675,1.00625,0.296968,0.39375
-0.46194,1.07187,0.265864,0.56875
-0.534833,0.83125,0.259192,0.415625
-0.5359,0.896875,0.262686,0.4375
-0.933392,0.875,0.27752,0.503125
-0.940142,1.05,0.275209,0.503125
-0.945133,1.05,0.305451,0.4375
-0.641372,1.09375,0.241212,0.39375
-0.510297,0.984375,0.245579,0.503125
-0.554975,0.940625,0.25199,0.525
-0.762627,0.875,0.259846,0.39375
-0.651322,1.07187,0.268873,0.459375
-0.962042,0.91875,0.277601,0.35
-0.964417,1.05,0.284884,0.371875
-0.572983,1.11563,0.290996,0.459375
-0.530889,0.940625,0.297407,0.39375
-0.457962,0.91875,0.302646,0.328125
-0.620694,0.765625,0.309929,0.371875
-0.974575,0.7875,0.318657,0.459375
-0.979567,1.02812,0.327684,0.371875
-0.837021,1.07187,0.334668,0.371875
-0.544731,0.9625,0.31782,0.39375
-0.514556,0.853125,0.346318,0.371875
-0.543389,0.91875,0.351857,0.39375
-0.634744,0.875,0.33151,0.525
-0.869712,0.853125,0.339666,0.39375
-0.757099,0.9625,0.322527,0.415625
-0.600017,0.896875,0.385623,0.4375
-0.599775,0.896875,0.391162,0.4375
-0.526848,0.83125,0.350755,0.503125
-0.483445,0.83125,0.403684,0.4375
-0.555889,0.765625,0.409223,0.590625
-0.718171,0.83125,0.379283,0.4375
-0.85138,0.875,0.424362,0.4375
-0.92689,0.9625,0.431646,0.590625
-0.563222,1.00625,0.39996,0.525
-0.399148,0.853125,0.440679,0.48125
-0.324055,0.74375,0.444173,0.503125
-0.48372,0.721875,0.449712,0.74375
-0.9962,0.721875,0.457868,0.48125
-1.00295,1.05,0.467468,0.590625
-0.656436,1.07187,0.474751,0.634375
-0.404281,0.896875,0.476801,0.546875
-0.283819,0.7875,0.479423,0.525
-0.369491,0.7875,0.48409,0.678125
-0.852038,0.74375,0.491373,0.634375
-1.00371,0.940625,0.500973,0.590625
-0.934706,1.07187,0.509129,0.634375
-0.498804,1.05,0.514668,0.721875
-0.28981,0.83125,0.516718,0.590625
-0.242032,0.809375,0.51934,0.678125
-0.48937,0.678125,0.524879,0.721875
-0.812869,0.721875,0.533034,0.65625
-1.00815,0.83125,0.542634,0.65625
-0.864296,0.984375,0.549046,0.7875
-0.570697,1.00625,0.55284,0.721875
-0.216783,0.765625,0.55489,0.65625
-0.211308,0.7,0.611881,0.721875
-0.48727,0.65625,0.562179,0.765625
-1.0002,0.74375,0.615981,0.721875
-1.0065,1.00625,0.57849,0.74375
-0.701431,0.984375,0.582857,0.853125
-0.290227,0.875,0.584907,0.765625
-0.079925,0.765625,0.58434,0.83125
-0.368257,0.65625,0.587262,0.809375
-0.763132,0.590625,0.63117,0.74375
-1.00117,0.7875,0.648047,0.765625
-0.696956,0.984375,0.662309,0.91875
-0.608183,0.853125,0.639064,0.83125
-0.168356,0.7875,0.671923,0.7875
-0.238182,0.65625,0.640247,0.9625
-0.440601,0.590625,0.673407,0.809375
-0.646494,0.634375,0.703368,0.853125
-0.810085,0.765625,0.708034,0.940625
-0.606775,0.853125,0.70019,0.896875
-0.490237,0.721875,0.741199,0.896875
-0.370224,0.853125,0.720571,1.00625
-0.368674,0.65625,0.750242,0.940625
-0.440259,0.6125,0.765375,0.896875
-0.48232,0.678125,0.793001,0.940625
-0.80451,0.678125,0.79069,0.9625
-0.923631,0.853125,0.801171,0.984375
-0.690797,0.875,0.84974,0.940625
-0.367266,0.896875,0.856151,1.00625
-0.112044,0.678125,0.855294,1.00625
-0.223316,0.6125,0.882047,1.02812
-0.544197,0.721875,0.879736,1.09375
-0.98575,0.721875,0.902429,0.984375
-0.99205,0.83125,0.925121,1.00625
-0.641611,0.875,0.923392,1.00625
-0.0683333,0.83125,0.933873,1.07187
0.100974,0.56875,0.97372,1.07187
-0.0975194,0.590625,0.947859,1.09375
-0.695913,0.4375,0.926059,1.15938
-0.977558,0.634375,0.971138,1.20312
-0.98255,0.896875,0.96621,1.18125
-0.426426,0.809375,0.961864,1.24687
0.0177769,0.6125,0.931642,1.24687
0.141715,0.546875,0.923807,1.18125
-0.29068,0.415625,0.893584,1.24687
-0.685555,0.48125,0.827592,1.20312
-0.938126,0.590625,0.794171,1.29062
-0.664297,0.678125,0.718303,1.24687
-0.250927,0.74375,0.67587,1.24687
0.0329185,0.525,0.584592,1.29062
-0.00260093,0.371875,0.516283,1.15938
-0.232785,0.415625,0.463673,1.09375
-0.480123,0.48125,0.385179,1.00625
-0.643714,0.503125,0.33257,0.91875
-0.511781,0.65625,0.256701,0.7875
-0.437995,0.525,0.217466,0.765625
-0.156317,0.459375,0.183173,0.6125
-0.179057,0.525,0.149753,0.56875
-0.101347,0.4375,0.156746,0.525
-0.303316,0.35,0.137281,0.48125
-0.624647,0.48125,0.128283,0.4375
-0.700157,0.678125,0.140509,0.371875
-0.657613,0.56875,0.129466,0.371875
-0.33539,0.56875,0.178034,0.328125
-0.0951556,0.56875,0.174851,0.196875
0.0292324,0.371875,0.196962,0.328125
-0.288174,0.240625,0.21006,0.284375
-0.567203,0.56875,0.229555,0.284375
-0.921083,0.546875,0.223755,0.21875
-0.619939,0.65625,0.241214,0.21875
-0.414012,0.590625,0.254603,0.196875
-0.0015,0.634375,0.249675,0.284375
-0.0387778,0.39375,0.25754,0.2625
-0.241196,0.415625,0.24767,0.284375
-0.797737,0.459375,0.270362,0.284375
-0.919025,0.525,0.27939,0.284375
-0.528042,0.809375,0.258762,0.284375
-0.20451,0.503125,0.270407,0.30625
-0.0378194,0.39375,0.262862,0.240625
-0.150399,0.39375,0.271599,0.30625
-0.397737,0.503125,0.267544,0.35
-0.561778,0.525,0.253312,0.35
-0.91435,0.546875,0.252746,0.328125
-0.479756,0.7,0.219325,0.35
-0.287057,0.678125,0.221084,0.39375
-0.0344528,0.503125,0.192025,0.35
-0.279174,0.39375,0.189714,0.328125
-0.468364,0.525,0.149316,0.328125
-0.763238,0.634375,0.138573,0.35
-0.562094,0.65625,0.142368,0.284375
-0.516075,0.590625,0.102842,0.328125
-0.282382,0.6125,0.06884,0.30625
-0.146524,0.546875,0.0700178,0.284375
-0.392104,0.546875,0.0746844,0.13125
-0.392312,0.525,0.0802233,0.2625
-0.510125,0.546875,0.0866344,0.175
-0.671549,0.678125,0.0930456,0.240625
-0.467789,0.65625,0.0985844,0.196875
-0.467997,0.525,0.104996,0.175
-0.188077,0.56875,0.107918,0.196875
-0.303273,0.590625,0.113757,0.0875
-0.345334,0.56875,0.118423,0.196875
-0.461839,0.525,0.0870381,0.196875
-0.756713,0.65625,0.133862,0.0875
-0.788612,0.765625,0.142018,0.2625
-0.436865,0.721875,0.13302,0.196875
-0.228321,0.65625,0.122277,0.196875
-0.0620806,0.525,0.0923456,0.175
-0.294881,0.590625,0.146147,0.240625
-0.617521,0.525,0.16477,0.196875
-0.900025,0.65625,0.153455,0.175
-0.668949,0.765625,0.16161,0.175
-0.274041,0.74375,0.196223,0.0875
-0.0205778,0.525,0.193331,0.175
0.0571324,0.4375,0.165144,0.175
-0.450114,0.39375,0.208479,0.240625
-0.701377,0.634375,0.216634,0.2625
-0.8958,0.590625,0.203575,0.240625
-0.548428,0.74375,0.234118,0.240625
-0.137674,0.721875,0.222503,0.175
-0.0145944,0.503125,0.238218,0.240625
-0.0967917,0.459375,0.240568,0.2625
-0.417673,0.39375,0.246979,0.284375
-0.741621,0.546875,0.255134,0.328125
-0.77307,0.678125,0.262718,0.2625
-0.497933,0.7,0.269129,0.328125
-0.260316,0.678125,0.271479,0.328125
-0.0962417,0.503125,0.274401,0.30625
-0.251982,0.48125,0.277323,0.30625
-0.369795,0.590625,0.284034,0.415625
-0.647066,0.503125,0.290446,0.30625
-0.693502,0.6125,0.298029,0.371875
-0.607346,0.721875,0.30444,0.371875
-0.286431,0.634375,0.309107,0.35
-0.20958,0.525,0.312329,0.415625
-0.249024,0.48125,0.315251,0.371875
-0.278306,0.634375,0.382146,0.2625
-0.4842,0.525,0.328373,0.415625
-0.646932,0.56875,0.335957,0.415625
-0.810523,0.6125,0.34324,0.48125
-0.448164,0.721875,0.349951,0.371875
-0.28454,0.56875,0.352001,0.35
-0.0913917,0.503125,0.355223,0.4375
-0.279273,0.503125,0.35989,0.4375
-0.440247,0.503125,0.403525,0.4375
-0.8818,0.56875,0.373012,0.459375
-0.886792,0.74375,0.381468,0.459375
-0.539419,0.74375,0.392821,0.459375
-0.259049,0.721875,0.418431,0.459375
-0.0500556,0.6125,0.427459,0.48125
-0.208863,0.503125,0.417016,0.48125
-0.531053,0.525,0.41296,0.48125
-0.886692,0.678125,0.406879,0.546875
-0.892992,0.74375,0.475218,0.503125
-0.545619,0.809375,0.47437,0.525
-0.265249,0.7875,0.48049,0.590625
0.0292083,0.6125,0.456964,0.525
-0.332668,0.4375,0.482273,0.503125
-0.74253,0.546875,0.49509,0.56875
-0.8942,0.809375,0.518073,0.65625
-0.899642,0.83125,0.505596,0.56875
-0.550511,0.853125,0.546905,0.56875
-0.271899,0.809375,0.544594,0.721875
-0.179202,0.678125,0.554503,0.590625
-0.294398,0.590625,0.577486,0.6125
-0.617896,0.678125,0.591757,0.678125
-0.90085,0.7,0.609507,0.634375
-0.597947,0.74375,0.62901,0.721875
-0.510933,0.765625,0.669157,0.634375
-0.349476,0.7,0.66859,0.678125
-0.143549,0.678125,0.699433,0.875
-0.38782,0.525,0.709042,0.74375
-0.711769,0.6125,0.732034,0.721875
-0.71676,0.7875,0.75241,0.74375
-0.601981,0.74375,0.759403,0.765625
-0.472214,0.721875,0.824844,0.7875
-0.398429,0.678125,0.818181,0.91875
-0.308348,0.590625,0.826918,0.809375
-0.349551,0.6125,0.849038,0.853125
-0.62813,0.525,0.849053,0.896875
-0.601881,0.7,0.855473,0.940625
-0.72186,0.7,0.823807,1.02812
-0.723377,0.765625,0.784281,1.09375
-0.358851,0.765625,0.742147,1.11563
-0.193469,0.678125,0.69071,1.15938
-0.278282,0.6125,0.596525,1.24687
-0.439256,0.6125,0.579686,1.15938
-0.83589,0.634375,0.497431,1.05
-0.636055,0.7875,0.422434,1.18125
-0.564886,0.7,0.351227,0.984375
-0.358509,0.65625,0.271297,0.896875
-0.148657,0.6125,0.200962,0.875
-0.275774,0.503125,0.118116,0.7
-0.346909,0.634375,0.0437104,0.56875
-0.627246,0.56875,0.0376289,0.503125
-0.600547,0.65625,0.0449122,0.415625
-0.631138,0.634375,0.0466807,0.35
-0.279391,0.590625,0.05659,0.415625
-0.0708472,0.525,0.05894,0.284375
-0.138507,0.4375,0.06099,0.2625
-0.340476,0.459375,0.0941585,0.30625
-0.663116,0.546875,0.125292,0.21875
-0.592806,0.590625,0.131131,0.2625
-0.550711,0.590625,0.126203,0.30625
-0.432006,0.590625,0.142218,0.153125
-0.224321,0.590625,0.141951,0.109375
-0.220605,0.546875,0.167851,0.109375
-0.335351,0.503125,0.151012,0.2625
-0.541694,0.525,0.185916,0.109375
-0.704427,0.634375,0.188266,0.153125
-0.751721,0.65625,0.183638,0.153125
-0.5048,0.7,0.183371,0.196875
-0.22443,0.634375,0.175246,0.284375
-0.222021,0.525,0.197366,0.284375
-0.335909,0.503125,0.17791,0.2625
-0.498192,0.503125,0.21137,0.371875
-0.589547,0.56875,0.21372,0.240625
-0.750971,0.65625,0.20066,0.196875
-0.461297,0.721875,0.201838,0.35
-0.429815,0.65625,0.200699,0.2625
-0.266191,0.721875,0.176301,0.21875
-0.336018,0.590625,0.167312,0.240625
-0.42214,0.590625,0.169662,0.328125
-0.496342,0.65625,0.164162,0.240625
-0.615013,0.634375,0.137147,0.240625
-0.617838,0.65625,0.160131,0.240625
-0.427306,0.721875,0.109857,0.240625
-0.263682,0.65625,0.113079,0.196875
-0.129132,0.6125,0.116301,0.30625
-0.331101,0.525,0.121268,0.196875
-0.491217,0.590625,0.127107,0.196875
-0.610338,0.6125,0.13469,0.2625
-0.656774,0.634375,0.142273,0.196875
-0.451706,0.678125,0.14724,0.196875
-0.215396,0.6125,0.150162,0.196875
-0.16676,0.546875,0.153384,0.196875
-0.280198,0.503125,0.157479,0.2625
-0.441622,0.546875,0.16419,0.328125
-0.735188,0.56875,0.143571,0.196875
-0.605421,0.7,0.134583,0.2625
-0.41534,0.6125,0.187812,0.196875
-0.120882,0.56875,0.163705,0.30625
-0.201321,0.503125,0.149483,0.13125
-0.198913,0.525,0.155321,0.196875
-0.40264,0.56875,0.162905,0.240625
-0.638057,0.503125,0.195492,0.328125
-0.566439,0.56875,0.18156,0.371875
-0.360512,0.56875,0.187399,0.21875
-0.109666,0.503125,0.192366,0.240625
-0.0315056,0.459375,0.206055,0.371875
-0.144085,0.4375,0.193577,0.21875
-0.419189,0.4375,0.226455,0.21875
-0.464317,0.525,0.208744,0.21875
-0.551297,0.525,0.264881,0.153125
-0.346679,0.525,0.238738,0.35
-0.138135,0.459375,0.224516,0.21875
-0.0155056,0.39375,0.23646,0.371875
-0.127635,0.35,0.286201,0.196875
-0.286443,0.284375,0.29204,0.240625
-0.446558,0.48125,0.297879,0.30625
-0.609291,0.415625,0.305462,0.371875
-0.332845,0.48125,0.311301,0.35
-0.212832,0.415625,0.314523,0.30625
-0.00428889,0.39375,0.316873,0.30625
-0.0441833,0.35,0.320096,0.48125
-0.230306,0.35,0.32419,0.35
-0.522564,0.35,0.330901,0.371875
-0.598074,0.4375,0.338484,0.459375
-0.36569,0.2625,0.344323,0.2625
-0.232448,0.415625,0.348418,0.371875
-0.0379917,0.415625,0.351068,0.415625
-0.0633491,0.35,0.35429,0.415625
-0.265318,0.30625,0.359257,0.459375
-0.426292,0.371875,0.365096,0.39375
-0.70532,0.415625,0.372979,0.415625
-0.547788,0.48125,0.380562,0.503125
-0.357256,0.459375,0.385529,0.4375
-0.0627991,0.4375,0.411438,0.415625
-0.102244,0.48125,0.391401,0.546875
-0.348273,0.39375,0.395496,0.415625
-0.626852,0.459375,0.402507,0.48125
-0.70322,0.525,0.416777,0.546875
-0.63336,0.590625,0.473214,0.503125
-0.355606,0.56875,0.459864,0.525
-0.14968,0.525,0.448549,0.634375
-0.263118,0.459375,0.482309,0.546875
-0.350098,0.525,0.432034,0.546875
-0.585516,0.525,0.437873,0.634375
-0.821792,0.590625,0.482681,0.525
-0.70832,0.678125,0.46526,0.56875
-0.31427,0.7,0.47576,0.678125
-0.196874,0.503125,0.525501,0.546875
-0.22309,0.546875,0.48046,0.6125
-0.353681,0.546875,0.531373,0.721875
-0.548105,0.459375,0.496509,0.65625
-0.594091,0.6125,0.51922,0.590625
-0.525539,0.6125,0.507614,0.6125
-0.482994,0.7,0.542818,0.678125
-0.394672,0.6125,0.570762,0.634375
-0.364048,0.503125,0.522814,0.7
-0.275726,0.6125,0.555701,0.765625
-0.552996,0.590625,0.566773,0.634375
-0.55668,0.56875,0.57989,0.7
-0.604424,0.56875,0.605499,0.721875
-0.532806,0.6125,0.620942,0.721875
-0.4471,0.6125,0.620675,0.65625
-0.211649,0.634375,0.634664,0.7
-0.371765,0.525,0.663762,0.809375
-0.400597,0.546875,0.661179,0.765625
-0.65186,0.546875,0.674577,0.74375
-0.655544,0.721875,0.703975,0.765625
-0.498461,0.678125,0.725514,0.7875
-0.454608,0.678125,0.723512,0.809375
-0.292293,0.678125,0.77587,0.74375
-0.335662,0.590625,0.759621,0.809375
-0.569771,0.56875,0.78087,0.7875
-0.704288,0.678125,0.80736,0.853125
-0.736187,0.721875,0.844309,0.853125
-0.577346,0.74375,0.868473,0.91875
-0.300043,0.74375,0.840296,0.940625
-0.224499,0.56875,0.865914,0.984375
-0.413689,0.56875,0.893268,1.02812
-0.663194,0.721875,0.886905,0.984375
-0.857617,0.721875,0.915131,1.05
-0.743695,0.7875,0.912257,1.07187
-0.350095,0.7875,0.925083,1.1375
-0.18733,0.678125,0.901847,1.225
-0.301218,0.590625,0.834429,1.26875
-0.551172,0.590625,0.762931,1.26875
-0.78614,0.678125,0.703362,1.29062
-0.557681,0.765625,0.677229,1.26875
-0.556131,0.678125,0.561829,1.225
-0.235216,0.678125,0.483071,1.15938
-0.231049,0.56875,0.428146,1.05
-0.391165,0.56875,0.348516,1.00625
-0.419997,0.56875,0.257838,0.896875
-0.625032,0.590625,0.185759,0.83125
-0.466642,0.678125,0.142762,0.7
-0.392406,0.6125,0.115175,0.6125
-0.347695,0.634375,0.0736233,0.525
-0.257615,0.546875,0.0780178,0.459375
-0.343737,0.525,0.0832844,0.35
-0.416181,0.525,0.0891233,0.30625
-0.461308,0.56875,0.133059,0.21875
-0.550047,0.634375,0.128731,0.196875
-0.625107,0.6125,0.14272,0.21875
-0.420897,0.6125,0.131705,0.175
-0.390273,0.634375,0.170407,0.21875
-0.301501,0.546875,0.197479,0.21875
-0.546631,0.65625,0.203327,0.13125
-0.66661,0.65625,0.232144,0.21875
-0.787898,0.7875,0.249331,0.240625
-0.558989,0.765625,0.259259,0.21875
-0.471075,0.7,0.265397,0.240625
-0.310926,0.7,0.286946,0.240625
-0.515511,0.65625,0.284362,0.2625
-0.562806,0.721875,0.30591,0.284375
-0.873933,0.765625,0.328631,0.2625
-0.573647,0.875,0.32692,0.30625
-0.60248,0.721875,0.32957,0.328125
-0.369645,0.83125,0.313903,0.39375
-0.528861,0.7,0.339812,0.371875
-0.532544,0.765625,0.336657,0.35
-0.579839,0.7875,0.348901,0.371875
-0.772504,0.721875,0.321314,0.371875
-0.892033,0.853125,0.332396,0.39375
-0.821723,1.02812,0.319646,0.4375
-0.384062,0.9625,0.338868,0.415625
-0.338901,0.7875,0.29122,0.4375
-0.454956,0.809375,0.267703,0.48125
-0.706627,0.74375,0.275014,0.4375
-0.901908,0.940625,0.265453,0.459375
-0.9069,0.940625,0.26287,0.328125
-0.514158,1.02812,0.243433,0.503125
-0.306473,0.809375,0.228638,0.284375
-0.23048,0.721875,0.231288,0.328125
-0.50775,0.74375,0.196723,0.48125
-0.90655,0.765625,0.213338,0.39375
-0.882468,0.853125,0.190984,0.371875
-0.563719,0.896875,0.181423,0.30625
-0.445873,0.809375,0.164603,0.35
-0.355343,0.721875,0.152425,0.30625
-0.398712,0.65625,0.152459,0.30625
-0.471156,0.74375,0.139127,0.30625
-0.605672,0.721875,0.117355,0.284375
-0.797029,0.721875,0.0888956,0.328125
-0.566811,0.875,0.0624807,0.371875
-0.522958,0.721875,0.116301,0.21875
-0.404662,0.7,0.0424956,0.2625
-0.285507,0.678125,0.0750919,0.21875
-0.400254,0.6125,0.0512844,0.21875
-0.561228,0.765625,0.0594678,0.2625
-0.912492,0.678125,0.0673511,-0.0875
-0.567286,1.02812,0.0761067,0.2625
-0.477206,0.7,0.0808011,0.109375
-0.284057,0.853125,0.0843233,0.2625
-0.192219,0.56875,0.0881456,0.109375
-0.349268,0.56875,0.09254,0.153125
-0.671457,0.56875,0.100723,0.13125
-0.628913,0.634375,0.107734,0.153125
-0.674899,0.765625,0.115618,0.284375
-0.307306,0.7,0.11944,0.196875
-0.11285,0.459375,0.12209,0.196875
-0.0637639,0.503125,0.12504,0.175
-0.264424,0.39375,0.128562,0.13125
-0.498083,0.634375,0.135873,0.196875
-0.660366,0.503125,0.143757,0.196875
-0.457464,0.56875,0.151068,0.284375
-0.263007,0.503125,0.152846,0.240625
-0.0527056,0.415625,0.154923,0.13125
-0.00361944,0.503125,0.156701,0.284375
-0.247891,0.30625,0.161396,0.04375
-0.408865,0.415625,0.168407,0.175
-0.598913,0.503125,0.174846,0.30625
-0.438764,0.459375,0.180984,0.175
-0.245616,0.39375,0.184807,0.21875
-0.154227,0.39375,0.187457,0.196875
-0.0311472,0.35,0.189534,0.175
-0.188196,0.415625,0.193929,0.30625
-0.390165,0.371875,0.199496,0.39375
-0.463917,0.371875,0.206507,0.21875
-0.420064,0.415625,0.212946,0.240625
-0.345829,0.39375,0.218212,0.2625
-0.225366,0.39375,0.222034,0.21875
-0.0612917,0.2625,0.225857,0.240625
-0.215724,0.328125,0.228507,0.284375
-0.24194,0.4375,0.233201,0.371875
-0.489686,0.371875,0.240512,0.284375
-0.402222,0.415625,0.246951,0.284375
-0.327537,0.546875,0.252218,0.415625
-0.163463,0.39375,0.269705,0.30625
-0.0703157,0.30625,0.258118,0.21875
-0.15468,0.371875,0.262812,0.56875
-0.224506,0.30625,0.289894,0.35
-0.354648,0.328125,0.272201,0.30625
-0.470703,0.328125,0.277768,0.30625
-0.353715,0.459375,0.282462,0.415625
-0.263634,0.415625,0.309244,0.39375
-0.0238083,0.371875,0.286318,0.30625
-0.0923269,0.30625,0.349451,0.30625
-0.174932,0.240625,0.327397,0.35
-0.494506,0.30625,0.363201,0.459375
-0.568257,0.39375,0.32632,0.39375
-0.333665,0.525,0.360379,0.48125
-0.0797519,0.39375,0.37554,0.39375
-0.0302157,0.371875,0.388666,0.4375
-0.113271,0.2625,0.372718,0.503125
-0.31524,0.196875,0.387588,0.459375
-0.344931,0.39375,0.414088,0.459375
-0.345997,0.35,0.421109,0.415625
-0.271312,0.4375,0.42057,0.503125
-0.149541,0.35,0.41567,0.415625
-0.0581519,0.459375,0.444496,0.56875
-0.214751,0.371875,0.435525,0.459375
-0.25812,0.415625,0.426264,0.590625
-0.419094,0.30625,0.438518,0.4375
-0.331181,0.39375,0.437107,0.525
-0.329631,0.503125,0.459246,0.6125
-0.208718,0.371875,0.459288,0.503125
-0.16094,0.48125,0.460494,0.56875
-0.290223,0.328125,0.455594,0.525
-0.317297,0.503125,0.468138,0.590625
-0.318364,0.371875,0.478647,0.590625
-0.406653,0.371875,0.45136,0.503125
-0.36235,0.7,0.470592,0.7
-0.317189,0.415625,0.463075,0.56875
-0.199343,0.39375,0.480562,0.56875
-0.196484,0.371875,0.466359,0.590625
-0.239404,0.39375,0.44227,0.6125
-0.443989,0.525,0.460629,0.7
-0.475438,0.503125,0.420849,0.6125
-0.474746,0.590625,0.408099,0.7
-0.285523,0.459375,0.387499,0.634375
-0.196751,0.459375,0.384344,0.6125
-0.311047,0.415625,0.335542,0.65625
-0.354417,0.459375,0.335003,0.6125
-0.473088,0.415625,0.305971,0.6125
-0.562685,0.459375,0.299327,0.525
-0.519691,0.56875,0.28019,0.459375
-0.286856,0.525,0.259881,0.459375
-0.285306,0.590625,0.285218,0.590625
-0.315447,0.503125,0.234671,0.459375
-0.359675,0.590625,0.261753,0.503125
-0.449272,0.503125,0.298429,0.503125
-0.452956,0.459375,0.294701,0.39375
-0.689231,0.634375,0.285731,0.503125
-0.48633,0.65625,0.312812,0.39375
-0.413403,0.83125,0.306168,0.503125
-0.325939,0.6125,0.308246,0.371875
-0.371925,0.525,0.329812,0.371875
-0.767658,0.721875,0.340321,0.503125
-0.77265,0.678125,0.339201,0.415625
-0.704956,0.809375,0.344768,0.525
-0.472122,0.765625,0.347146,0.4375
-0.341047,0.74375,0.349223,0.39375
-0.383967,0.6125,0.325134,0.415625
-0.431261,0.721875,0.338551,0.415625
-0.64108,0.634375,0.34529,0.459375
-0.79275,0.74375,0.361323,0.459375
-0.796433,0.875,0.36689,0.546875
-0.40455,0.83125,0.322159,0.415625
-0.360247,0.809375,0.334131,0.525
-0.521221,0.678125,0.302201,0.525
-0.800658,0.809375,0.386268,0.459375
-0.806508,0.875,0.378179,0.48125
-0.81105,0.984375,0.325607,0.4375
-0.622685,0.896875,0.377992,0.39375
-0.462086,0.875,0.33704,0.48125
-0.419092,0.765625,0.343779,0.459375
-0.624535,0.765625,0.35139,0.4375
-0.819817,0.853125,0.36219,0.459375
-0.824358,0.984375,0.418064,0.48125
-0.827592,1.18125,0.380901,0.525
-0.550696,1.00625,0.38764,0.503125
-0.477319,0.9625,0.394079,0.525
-0.434325,0.546875,0.40169,0.48125
-0.641527,0.7875,0.411046,0.503125
-0.836358,0.940625,0.422146,0.634375
-0.8409,0.896875,0.432373,0.525
-0.77014,0.9625,0.440557,0.546875
-0.333337,0.9625,0.447296,0.525
-0.37364,0.74375,0.45229,0.590625
-0.374706,0.721875,0.459901,0.546875
-0.844433,0.7875,0.470129,0.503125
-0.850283,0.896875,0.480929,0.590625
-0.853517,0.940625,0.490284,0.634375
-0.459467,1.05,0.496151,0.678125
-0.25264,0.74375,0.501146,0.590625
-0.220257,0.74375,0.50614,0.721875
-0.499694,0.6125,0.515496,0.590625
-0.664144,0.721875,0.525723,0.634375
-0.859425,0.721875,0.535651,0.546875
-0.746362,0.809375,0.545007,0.678125
-0.306943,0.875,0.550001,0.809375
-0.187338,0.634375,0.554996,0.721875
-0.257165,0.56875,0.55999,0.678125
-0.417689,0.546875,0.62197,0.7875
-0.85965,0.6125,0.577829,0.721875
-0.864642,0.853125,0.624981,0.83125
-0.517678,0.83125,0.599738,0.7875
-0.236857,0.678125,0.61956,0.765625
-0.100099,0.56875,0.627453,0.7875
-0.228074,0.525,0.647275,0.809375
-0.578888,0.525,0.635697,0.7875
-0.860942,0.634375,0.660753,0.7
-0.748329,0.74375,0.698601,0.765625
-0.426514,0.74375,0.67772,0.7875
-0.102082,0.6125,0.683296,0.896875
-0.140219,0.48125,0.714166,0.809375
-0.254515,0.48125,0.708984,0.809375
-0.824693,0.525,0.734621,0.896875
-0.552172,0.74375,0.761131,0.853125
-0.510486,0.6125,0.761764,0.875
-0.349887,0.634375,0.792634,0.896875
-0.226807,0.590625,0.793268,1.07187
-0.134969,0.525,0.80146,0.9625
-0.381406,0.39375,0.814305,1.05
-0.411547,0.503125,0.824242,0.9625
-0.66191,0.503125,0.876918,1.02812
-0.575305,0.590625,0.861851,1.05
-0.415156,0.590625,0.868299,1.05
-0.0881074,0.546875,0.900342,1.00625
-0.172471,0.415625,0.888764,0.7
-0.167855,0.35,0.895212,1.09375
-0.605891,0.4375,0.923466,1.07187
-0.843475,0.525,0.926425,1.11563
-0.653802,0.65625,0.927059,1.09375
-0.24129,0.634375,0.905014,1.09375
0.0421472,0.503125,0.947805,1.11563
-0.0378417,0.39375,0.892034,1.15938
-0.270193,0.4375,0.966807,1.15938
-0.548321,0.48125,0.955529,1.18125
-0.755523,0.503125,0.936973,1.20312
-0.478628,0.56875,0.940514,1.15938
-0.0648074,0.525,0.936786,1.225
0.134024,0.371875,0.910962,1.24687
0.141257,0.30625,0.858681,1.33438
-0.204773,0.328125,0.796523,1.24687
-0.4076,0.30625,0.725925,1.29062
-0.495439,0.328125,0.696903,1.29062
-0.289062,0.4375,0.676603,1.20312
-0.00300833,0.48125,0.627238,1.1375
0.165441,0.196875,0.535125,1.05
0.0999889,0.284375,0.479946,0.940625
-0.099363,0.13125,0.41022,0.875
-0.30219,0.065625,0.366079,0.83125
-0.461406,0.30625,0.329797,0.765625
-0.329881,0.39375,0.285366,0.7
-0.133666,0.39375,0.236573,0.634375
0.00395093,0.328125,0.221807,0.525
0.0402583,0.0875,0.193947,0.503125
-0.190334,0.30625,0.201859,0.4375
-0.34955,0.35,0.207725,0.4375
-0.629437,0.39375,0.209531,0.328125
-0.471455,0.459375,0.215107,0.459375
-0.353158,0.4375,0.242488,0.30625
0.0157426,0.415625,0.236444,0.328125
-0.139548,0.35,0.259464,0.35
-0.430906,0.39375,0.255164,0.35
-0.464521,0.4375,0.28429,0.328125
-0.747025,0.39375,0.26022,0.39375
-0.677573,0.634375,0.298068,0.328125
-0.358375,0.590625,0.274579,0.35
-0.196918,0.525,0.299344,0.371875
-0.312522,0.48125,0.300277,0.328125
-0.445281,0.525,0.29306,0.4375
-0.756858,0.590625,0.350107,0.30625
-0.762708,0.678125,0.320503,0.30625
-0.76725,0.984375,0.336846,0.371875
-0.535724,0.74375,0.325268,0.30625
-0.331514,0.7,0.345971,0.30625
-0.332131,0.7,0.338755,0.35
-0.464031,0.634375,0.339397,0.415625
-0.775158,0.678125,0.355159,0.35
-0.781458,0.74375,0.336603,0.30625
-0.712006,0.809375,0.336373,0.2625
-0.3915,0.83125,0.356777,0.4375
-0.318573,0.74375,0.347244,0.35
-0.551782,0.678125,0.287984,0.48125
-0.714923,0.721875,0.267112,0.371875
-0.7926,0.83125,0.239553,0.415625
-0.649155,0.875,0.178549,0.39375
-0.519388,0.7875,0.13529,0.371875
-0.284795,0.7875,0.0626659,0.371875
-0.285862,0.634375,0.0278289,0.56875
-0.402775,0.634375,-0.0514822,0.39375
-0.564607,0.634375,-0.0973581,0.328125
-0.525988,0.634375,-0.176969,0.4375
-0.805425,0.678125,-0.182723,0.196875
-0.413992,0.765625,-0.198071,0.109375
-0.339306,0.7,-0.219534,0.021875
-0.294145,0.65625,-0.184293,0.021875
-0.40975,0.6125,-0.177254,-0.196875
-0.574649,0.56875,-0.167027,-0.2625
-0.622802,0.590625,-0.156499,-0.240625
-0.669646,0.74375,-0.146843,-0.2625
-0.468503,0.74375,-0.13806,-0.021875
-0.306595,0.7,-0.132193,-0.2625
-0.305045,0.6125,-0.126027,-0.2625
-0.581866,0.6125,-0.118116,0.021875
-0.818142,0.721875,-0.10876,-0.2625
-0.54648,0.83125,-0.0999767,-0.2625
-0.797293,0.74375,-0.0903211,-0.240625
-0.594391,0.875,-0.08241,-0.2625
-0.390631,0.74375,-0.0753711,-0.240625
-0.391247,0.721875,-0.0395581,-0.21875
-0.479536,0.721875,-0.0607211,0.021875
-0.528139,0.721875,-0.0510656,0
-0.838367,0.74375,-0.0393656,0.0875
-0.768465,0.83125,-0.0302822,-0.021875
-0.448817,0.83125,-0.0223711,0.065625
-0.242848,0.74375,-0.0159044,-0.021875
-0.32762,0.678125,-0.00943778,-0.240625
-0.562996,0.678125,0.000517778,0
-0.814218,0.765625,0.0113456,0.0875
-0.848692,0.853125,0.0227456,0.021875
-0.617574,0.896875,0.0318289,0.065625
-0.33892,0.853125,0.0382956,0.021875
-0.249248,0.721875,0.0447622,0
-0.497853,0.65625,0.0538456,0.021875
-0.820451,0.721875,0.0638011,0.0875
-0.854925,0.7875,0.0752011,0.196875
-0.581505,0.896875,0.0851567,0.04375
-0.34777,0.765625,0.0924956,0.0875
-0.258098,0.7,0.0989622,0.0875
-0.505394,0.65625,0.107173,0.153125
-0.858375,0.7,0.118001,0.0875
-0.586263,0.875,0.128829,0.065625
-0.426522,0.74375,0.13704,0.0875
-0.557522,0.7,0.145251,0.240625
-0.632132,0.853125,0.154334,0.0875
-0.472392,0.74375,0.162546,0.153125
-0.516169,0.7,0.170757,0.175
-0.429114,0.721875,0.178968,0.153125
-0.560114,0.678125,0.187179,0.21875
-0.794181,0.74375,0.195962,0.21875
-0.593446,0.853125,0.205918,0.284375
-0.564539,0.7875,0.214129,0.2625
-0.402181,0.74375,0.220596,0.153125
-0.472417,0.721875,0.227362,0.2625
-0.473033,0.7,0.235573,0.240625
-0.563039,0.74375,0.245529,0.2625
-0.638507,0.721875,0.255484,0.2625
-0.596371,0.721875,0.264568,0.371875
-0.522544,0.7,0.271907,0.2625
-0.360187,0.678125,0.278373,0.39375
-0.314126,0.65625,0.28484,0.2625
-0.357045,0.6125,0.292179,0.4375
-0.79594,0.525,0.302134,0.240625
-0.683735,0.74375,0.312962,0.2625
-0.640291,0.721875,0.349375,0.30625
-0.318026,0.721875,0.326768,0.39375
-0.242032,0.525,0.33149,0.30625
-0.39949,0.525,0.337384,0.30625
-0.560872,0.546875,0.345596,0.39375
-0.637649,0.6125,0.355551,0.459375
-0.681427,0.6125,0.422201,0.415625
-0.594821,0.678125,0.406281,0.4375
-0.271248,0.65625,0.372334,0.546875
-0.268798,0.546875,0.44509,0.415625
-0.472483,0.590625,0.450984,0.6125
-0.590705,0.6125,0.442042,0.503125
-0.564414,0.7,0.453451,0.6125
-0.724488,0.65625,0.482596,0.459375
-0.521136,0.721875,0.486446,0.65625
-0.431914,0.7,0.502516,0.6125
-0.240482,0.74375,0.504621,0.56875
-0.428322,0.56875,0.514577,0.6125
-0.677377,0.678125,0.518427,0.634375
-0.592938,0.74375,0.521705,0.6125
-0.638024,0.721875,0.538347,0.634375
-0.434672,0.74375,0.533766,0.65625
-0.403598,0.678125,0.548664,0.65625
-0.357537,0.65625,0.533916,0.7
-0.472692,0.634375,0.548814,0.634375
-0.518228,0.678125,0.55092,0.678125
-0.871208,0.65625,0.55507,0.721875
-0.727313,0.853125,0.549325,0.7875
-0.479492,0.809375,0.535149,0.765625
-0.315826,0.721875,0.549475,0.721875
-0.239832,0.678125,0.543149,0.74375
-0.471283,0.65625,0.526938,0.7
-0.722505,0.678125,0.518296,0.721875
-0.873725,0.765625,0.531449,0.7
-0.8752,0.853125,0.529784,0.721875
-0.362195,0.91875,0.537133,0.74375
-0.15316,0.721875,0.537794,0.678125
-0.236174,0.65625,0.540199,0.83125
-0.672002,0.634375,0.520218,0.7
-0.866383,0.809375,0.537451,0.809375
-0.871333,0.875,0.527946,0.721875
-0.522161,0.875,0.54954,0.7
-0.19683,0.74375,0.558923,0.74375
-0.191763,0.6125,0.564527,0.678125
-0.465067,0.6125,0.566933,0.809375
-0.861208,0.65625,0.582721,0.74375
-0.866158,0.875,0.59821,0.809375
-0.518744,0.853125,0.579101,0.765625
-0.400856,0.74375,0.604766,0.721875
-0.19313,0.678125,0.613577,0.7875
-0.423272,0.590625,0.619181,0.721875
-0.512828,0.65625,0.632053,0.853125
-0.560081,0.7,0.627781,0.7875
-0.519253,0.678125,0.648503,0.7875
-0.592963,0.678125,0.650036,0.853125
-0.476383,0.7,0.665534,0.765625
-0.563772,0.65625,0.681896,0.853125
-0.431347,0.678125,0.67994,0.83125
-0.473367,0.721875,0.710266,0.875
-0.473533,0.7,0.699588,0.896875
-0.869675,0.721875,0.716821,0.940625
-0.874625,0.853125,0.722725,0.896875
-0.802106,0.9625,0.704488,0.9625
-0.318176,0.91875,0.742946,0.875
-0.196813,0.7,0.761351,0.875
-0.266598,0.678125,0.754162,0.896875
-0.866258,0.678125,0.764427,0.9625
-0.871658,0.875,0.776427,0.91875
-0.876608,0.875,0.795414,0.91875
-0.320443,0.875,0.791714,0.91875
-0.15371,0.721875,0.807784,0.940625
-0.104582,0.48125,0.829097,0.984375
-0.746995,0.39375,0.82627,1.02812
-0.868242,0.765625,0.854851,1.00625
-0.873642,0.853125,0.887203,1.05
-0.478242,0.7,0.868103,1.07187
-0.108441,0.7,0.84347,1.11563
-0.0289306,0.590625,0.851118,1.07187
-0.391215,0.503125,0.855268,1.11563
-0.830968,0.56875,0.837912,1.15938
-0.58793,0.721875,0.780425,1.18125
-0.587646,0.678125,0.744753,1.18125
-0.264073,0.678125,0.694544,1.20312
-0.184563,0.56875,0.64229,1.11563
-0.223107,0.48125,0.602547,1.15938
-0.380115,0.503125,0.519184,1.00625
-0.409356,0.525,0.464905,1.11563
-0.408214,0.503125,0.419057,0.9625
-0.450233,0.39375,0.375525,0.83125
-0.375098,0.503125,0.304092,0.7875
-0.209674,0.459375,0.262305,0.678125
-0.0724657,0.4375,0.238262,0.6125
-0.198232,0.371875,0.191542,0.56875
-0.269326,0.56875,0.182027,0.503125
-0.545696,0.415625,0.188221,0.415625
-0.54803,0.56875,0.195288,0.459375
-0.4319,0.48125,0.224442,0.39375
-0.268234,0.678125,0.267851,0.35
-0.101502,0.415625,0.26794,0.371875
-0.184966,0.415625,0.283438,0.35
-0.461336,0.503125,0.308231,0.35
-0.815175,0.459375,0.33972,0.30625
-0.819267,0.65625,0.333703,0.30625
-0.705754,0.65625,0.358796,0.35
-0.352656,0.83125,0.371668,0.371875
-0.144071,0.546875,0.372338,0.371875
-0.419992,0.6125,0.379405,0.371875
-0.743898,0.56875,0.388216,0.371875
-0.821533,0.853125,0.402842,0.459375
-0.826483,0.83125,0.411953,0.4375
-0.756131,0.853125,0.41117,0.4375
-0.391114,0.9625,0.40777,0.459375
-0.520356,0.765625,0.426757,0.459375
-0.521381,0.7875,0.424529,0.459375
-0.831608,0.940625,0.409209,0.503125
-0.837008,0.896875,0.400575,0.503125
-0.534064,1.07187,0.415492,0.6125
-0.650077,0.809375,0.417334,0.525
-0.446275,0.940625,0.381953,0.525
-0.563596,0.7875,0.410534,0.634375
-0.537306,0.74375,0.385047,0.6125
-0.539639,0.853125,0.406651,0.546875
-0.572355,0.74375,0.373014,0.35
-0.8522,0.74375,0.39957,0.525
-0.854533,0.91875,0.397042,0.525
-0.550731,1.02812,0.36922,0.56875
-0.344312,0.809375,0.37397,0.678125
-0.415406,0.721875,0.33161,0.6125
-0.578955,0.721875,0.319207,0.525
-0.860558,0.765625,0.306212,0.503125
-0.865508,0.91875,0.319384,0.56875
-0.866533,1.02812,0.252321,0.590625
-0.357904,1.00625,0.282066,0.503125
-0.266473,0.7875,0.221109,0.4375
-0.471017,0.7,0.220325,0.459375
-0.868467,0.7,0.184662,0.525
-0.873867,0.721875,0.196962,0.39375
-0.878817,0.875,0.209562,0.35
-0.484725,1.07187,0.217501,0.459375
-0.36467,0.7875,0.223996,0.35
-0.479375,0.678125,0.231934,0.35
-0.481708,0.7875,0.24279,0.4375
-0.8783,0.74375,0.253346,0.35
-0.881942,0.853125,0.270016,0.35
-0.649516,0.896875,0.273012,0.35
-0.325493,0.83125,0.279507,0.35
-0.20368,0.7,0.313331,0.35
-0.435131,0.65625,0.291323,0.35
-0.59868,0.678125,0.348697,0.35
-0.880283,0.83125,0.367975,0.48125
-0.735938,0.83125,0.321846,0.35
-0.487217,0.896875,0.383581,0.503125
-0.250866,0.678125,0.36012,0.35
-0.246657,0.590625,0.396851,0.503125
-0.434497,0.4375,0.419046,0.35
-0.68396,0.6125,0.394131,0.503125
-0.644441,0.678125,0.393647,0.39375
-0.529169,0.809375,0.448696,0.525
-0.569022,0.6125,0.450529,0.415625
-0.362604,0.634375,0.452662,0.459375
-0.271623,0.7,0.46061,0.590625
-0.313643,0.590625,0.472038,0.48125
-0.678544,0.56875,0.498303,0.503125
-0.724488,0.7,0.480666,0.525
-0.567364,0.721875,0.501988,0.525
-0.404556,0.65625,0.547723,0.6125
-0.312268,0.6125,0.522236,0.590625
-0.191763,0.56875,0.535418,0.590625
-0.39414,0.546875,0.566044,0.6125
-0.513219,0.590625,0.567305,0.7
-0.836676,0.590625,0.554601,0.6125
-0.74962,0.765625,0.576505,0.678125
-0.266998,0.7,0.582127,0.634375
-0.0994074,0.634375,0.558094,0.7875
-0.0639583,0.415625,0.578544,0.634375
-0.412564,0.56875,0.608297,0.74375
-0.662477,0.48125,0.544723,0.7
-0.8551,0.65625,0.559649,0.809375
-0.417847,0.65625,0.574566,0.634375
-0.13396,0.678125,0.559255,0.853125
0.0776917,0.459375,0.521557,0.74375
-0.237056,0.39375,0.525434,0.74375
-0.44205,0.371875,0.510123,0.7875
-0.691513,0.503125,0.529701,0.74375
-0.445858,0.6125,0.491131,0.765625
-0.325354,0.525,0.512162,0.7
-0.0713991,0.48125,0.509362,0.74375
-0.108185,0.39375,0.492025,0.7
-0.192507,0.415625,0.483692,0.7
-0.583416,0.39375,0.484381,0.6125
-0.54083,0.65625,0.478664,0.7875
-0.42425,0.48125,0.488947,0.6125
-0.303745,0.590625,0.510851,0.7875
-0.13963,0.459375,0.486536,0.65625
-0.0891935,0.503125,0.492159,0.74375
-0.20259,0.328125,0.50564,0.6125
-0.405825,0.503125,0.507201,0.765625
-0.612127,0.415625,0.508462,0.590625
-0.655455,0.6125,0.509151,0.83125
-0.406733,0.525,0.508096,0.590625
-0.197698,0.634375,0.52244,0.765625
-0.0758852,0.4375,0.486786,0.765625
-0.19059,0.546875,0.502012,0.7875
-0.483664,0.415625,0.494551,0.634375
-0.559991,0.634375,0.492914,0.765625
-0.796225,0.525,0.48837,0.7
-0.51888,0.74375,0.480036,0.7875
-0.165782,0.56875,0.471131,0.590625
-0.116655,0.6125,0.470947,0.7875
-0.393883,0.525,0.460588,0.634375
-0.759643,0.56875,0.46621,0.74375
-0.793667,0.678125,0.473005,0.7
-0.799067,0.809375,0.44869,0.721875
-0.403667,0.7875,0.459846,0.6125
-0.197248,0.765625,0.464023,0.721875
-0.486397,0.590625,0.459179,0.6125
-0.606785,0.721875,0.475568,0.590625
-0.800717,0.7875,0.484107,0.65625
-0.805667,0.7875,0.483923,0.65625
-0.459111,0.896875,0.490718,0.65625
-0.414358,0.765625,0.503618,0.6125
-0.573982,0.74375,0.508668,0.65625
-0.664846,0.809375,0.529999,0.590625
-0.815167,0.853125,0.523701,0.7
-0.541746,0.91875,0.535438,0.678125
-0.542771,0.83125,0.565783,0.7
-0.472419,0.7875,0.562983,0.65625
-0.752715,0.721875,0.568905,0.7
-0.829042,0.875,0.583549,0.65625
-0.526097,1.00625,0.593542,0.7875
-0.44035,0.853125,0.591905,0.721875
-0.529906,0.721875,0.628064,0.765625
-0.838825,0.809375,0.624392,0.7875
-0.844225,0.91875,0.642234,0.83125
-0.847867,0.940625,0.646412,0.809375
-0.410614,0.9625,0.632564,0.809375
-0.381256,0.91875,0.665234,0.83125
-0.543497,0.765625,0.666796,0.809375
-0.854175,0.853125,0.670973,0.875
-0.859125,0.875,0.674579,0.809375
-0.861908,1.02812,0.690677,0.896875
-0.555039,1.02812,0.706194,0.853125
-0.424372,0.7875,0.687694,0.853125
-0.583996,0.83125,0.712805,0.896875
-0.8656,0.875,0.705644,0.896875
-0.87055,0.984375,0.721742,0.896875
-0.566747,0.896875,0.736686,0.91875
-0.40394,0.896875,0.746679,0.940625
-0.404106,0.809375,0.742134,0.940625
-0.637724,0.809375,0.763757,0.940625
-0.758112,0.809375,0.774621,0.9625
-0.689069,0.896875,0.787821,0.9625
-0.485717,0.809375,0.81177,1.00625
-0.482817,0.765625,0.831357,1.02812
-0.481675,0.765625,0.842221,1.00625
-0.527619,0.765625,0.846409,1.05
-0.689002,0.721875,0.860181,1.07187
-0.806773,0.809375,0.869301,1.05
-0.443064,0.83125,0.844696,1.05
-0.367929,0.7875,0.884353,1.00625
-0.409948,0.74375,0.86847,1.11563
-0.570022,0.765625,0.789496,1.20312
-0.689102,0.65625,0.785251,1.15938
-0.571214,0.83125,0.747853,1.225
-0.437481,0.7,0.711627,1.18125
-0.272915,0.74375,0.672794,1.1375
-0.39954,0.56875,0.638312,1.09375
-0.559164,0.678125,0.585805,1.11563
-0.586646,0.634375,0.548707,1.05
-0.350704,0.765625,0.495909,0.91875
-0.346495,0.590625,0.446018,0.896875
-0.255065,0.634375,0.403686,0.875
-0.340695,0.546875,0.397125,0.7875
-0.411339,0.546875,0.377471,0.721875
-0.498278,0.56875,0.359562,0.7
-0.379081,0.56875,0.363168,0.590625
-0.33257,0.56875,0.359223,0.525
-0.32967,0.56875,0.362829,0.525
-0.489294,0.56875,0.398416,0.48125
-0.693388,0.6125,0.395044,0.48125
-0.560963,0.678125,0.420464,0.525
-0.399464,0.65625,0.422325,0.525
-0.323879,0.65625,0.439886,0.503125
-0.601107,0.634375,0.481879,0.503125
-0.532064,0.721875,0.47589,0.525
-0.650694,0.678125,0.507988,0.590625
-0.493119,0.7875,0.508405,0.590625
-0.491528,0.7,0.537014,0.503125
-0.696071,0.74375,0.548479,0.6125
-0.845942,0.7875,0.556446,0.546875
-0.820509,0.91875,0.577205,0.634375
-0.661627,0.940625,0.58896,0.678125
-0.456517,0.940625,0.595764,0.65625
-0.456233,0.853125,0.636012,0.74375
-0.852375,0.809375,0.66026,0.809375
-0.857325,1.00625,0.674342,0.678125
-0.862275,1.05,0.695973,0.721875
-0.425881,1.02812,0.698134,0.721875
-0.4679,0.809375,0.718603,0.7875
-0.470233,0.853125,0.734429,0.809375
-0.868133,0.7875,0.718846,0.875
-0.873083,1.00625,0.721007,0.853125
-0.876725,0.9625,0.717344,0.875
-0.59893,1.00625,0.705549,0.853125
-0.481042,0.896875,0.683288,0.765625
-0.480758,0.83125,0.671194,0.853125
-0.730221,0.875,0.622184,0.940625
-0.880542,0.896875,0.55922,0.984375
-0.882875,1.00625,0.543636,1.05
-0.490092,0.984375,0.476601,0.940625
-0.326426,0.7875,0.400844,1.09375
-0.279915,0.7875,0.327403,0.83125
-0.528069,0.721875,0.25339,1.00625
-0.807915,0.721875,0.187518,0.765625
-0.767945,0.853125,0.121055,0.83125
-0.4906,0.83125,0.0179678,0.56875
-0.370095,0.74375,0.0253622,0.459375
-0.252207,0.634375,0.00717148,0.459375
-0.571739,0.56875,-0.00666741,0.328125
-0.572764,0.678125,0.0138104,0.284375
-0.735455,0.634375,0.0720844,0.13125
-0.647949,0.809375,0.0820956,0.2625
-0.48645,0.74375,0.104027,0.0875
-0.441247,0.7,0.158812,0.21875
-0.366112,0.65625,0.150497,0.0875
-0.437206,0.65625,0.14132,0.13125
-0.68536,0.7,0.121384,0.0875
-0.760829,0.809375,0.185764,0.04375
-0.734088,0.7875,0.195775,0.0875
-0.487983,0.853125,0.18747,0.21875
-0.531761,0.765625,0.180327,0.21875
-0.486558,0.7875,0.209236,0.30625
-0.488892,0.7875,0.242507,0.196875
-0.76657,0.7875,0.241179,0.35
-0.887817,0.896875,0.236653,0.2625
-0.892767,0.9625,0.255386,0.35
-0.703952,1.00625,0.276446,0.240625
-0.498842,0.91875,0.241392,0.415625
-0.425015,0.896875,0.29734,0.284375
-0.498725,0.83125,0.28729,0.459375
-0.896625,0.853125,0.291486,0.175
-0.901575,0.940625,0.30237,0.39375
-0.906975,0.984375,0.295809,0.39375
-0.469272,1.05,0.320647,0.48125
-0.467681,0.83125,0.310597,0.30625
-0.557686,0.853125,0.338053,0.48125
-0.911525,0.83125,0.294568,0.371875
-0.916475,0.940625,0.308368,0.503125
-0.921425,1.02812,0.321296,0.371875
-0.484581,1.09375,0.331607,0.503125
-0.529217,0.875,0.34279,0.39375
-0.646538,0.853125,0.353973,0.503125
-0.927242,0.91875,0.367773,0.371875
-0.932192,0.984375,0.381573,0.459375
-0.744235,1.05,0.392757,0.39375
-0.539983,1.00625,0.403068,0.503125
-0.494781,0.91875,0.412507,0.415625
-0.699324,0.7875,0.42369,0.546875
-0.935558,0.9625,0.436618,0.48125
-0.937442,1.07187,0.448673,0.678125
-0.704566,1.1375,0.459284,0.48125
-0.380543,0.984375,0.466979,0.678125
-0.495247,0.875,0.476418,0.525
-0.742952,0.83125,0.487601,0.634375
-0.861581,0.9625,0.499657,0.546875
-0.74631,0.984375,0.51084,0.7
-0.497589,0.9625,0.520279,0.56875
-0.493381,0.875,0.528273,0.83125
-0.492647,0.83125,0.538584,0.65625
-0.535975,0.809375,0.548896,0.74375
-0.695599,0.7875,0.559207,0.65625
-0.490489,0.853125,0.597147,0.7875
-0.490206,0.765625,0.578384,0.7
-0.532225,0.765625,0.615153,0.83125
-0.457948,0.765625,0.594646,0.546875
-0.486739,0.809375,0.650031,0.896875
-0.455623,0.7,0.666447,0.765625
-0.570328,0.74375,0.67327,0.940625
-0.481514,0.74375,0.654225,0.7875
-0.613372,0.765625,0.703496,0.853125
-0.525867,0.74375,0.696081,0.875
-0.480664,0.678125,0.715696,0.984375
-0.44869,0.721875,0.719901,0.875
-0.474864,0.721875,0.741851,0.984375
-0.604106,0.721875,0.746929,0.91875
-0.605131,0.765625,0.759866,1.00625
-0.559928,0.74375,0.758257,0.940625
-0.44204,0.74375,0.763634,1.09375
-0.395529,0.678125,0.750396,1.00625
-0.349018,0.678125,0.772346,1.11563
-0.507783,0.634375,0.759979,0.91875
-0.667407,0.65625,0.752564,1.11563
-0.552136,0.74375,0.783518,0.984375
-0.550544,0.678125,0.758659,1.20312
-0.299206,0.65625,0.795146,1.05
-0.294998,0.634375,0.776092,1.15938
-0.380629,0.6125,0.797751,1.00625
-0.541561,0.634375,0.823762,1.1375
-0.659332,0.65625,0.80559,1.02812
-0.497833,0.7,0.798175,1.18125
-0.451322,0.65625,0.82564,1.00625
-0.330818,0.65625,0.790314,1.15938
-0.372837,0.6125,0.859655,1.02812
-0.487992,0.6125,0.832179,1.20312
-0.532628,0.65625,0.856446,1.05
-0.575956,0.56875,0.893805,1.20312
-0.530753,0.678125,0.874179,1.11563
-0.442389,0.65625,0.915609,1.18125
-0.324501,0.634375,0.91807,1.09375
-0.482817,0.634375,0.945253,1.24687
-0.568447,0.65625,0.952084,1.1375
-0.4827,0.65625,0.979268,1.225
-0.569639,0.678125,1.01634,1.24687
-0.524436,0.765625,1.04585,1.3125
-0.523294,0.65625,1.07244,1.24687
-0.405406,0.7,1.07607,1.35625
-0.402506,0.65625,1.08988,1.26875
-0.475358,0.65625,1.1316,1.29062
-0.634982,0.634375,1.13756,1.33438
-0.839976,0.7,1.16009,1.29062
-0.476267,0.809375,1.17332,1.37813
-0.429756,0.721875,1.19643,1.35625
-0.193405,0.7,1.15413,1.44375
-0.511628,0.56875,1.21562,1.42188
-0.424572,0.678125,1.26374,1.46562
-0.585055,0.590625,1.29093,1.53125
-0.512086,0.678125,1.303,1.59688
-0.508736,0.65625,1.30577,1.53125
-0.302318,0.678125,1.30098,1.61875
-0.224116,0.6125,1.29678,1.68437
-0.293451,0.590625,1.25623,1.77188
-0.290551,0.503125,1.21742,1.79375
-0.493336,0.634375,1.18908,1.77188
-0.243306,0.546875,1.12876,1.70625
-0.327629,0.459375,1.04693,1.59688
-0.204057,0.48125,0.971779,1.6625
-0.0386333,0.4375,0.88849,1.6625
-0.0608824,0.35,0.765079,1.59688
-0.185749,0.175,0.741101,1.44375
-0.211923,0.196875,0.635134,1.42188
-0.293629,0.153125,0.586453,1.24687
-0.127755,0.371875,0.533401,1.18125
-0.00463333,0.13125,0.487909,1.02812
0.0907222,0.13125,0.442416,0.940625
-0.0200574,0.240625,0.435301,0.853125
-0.220676,0.21875,0.404064,0.765625
-0.305856,0.153125,0.42864,0.678125
-0.215734,0.153125,0.41949,0.634375
-0.137532,0.175,0.426912,0.634375
-0.24962,0.2625,0.448299,0.590625
-0.24672,0.21875,0.469386,0.503125
-0.24337,0.328125,0.497451,0.546875
-0.359383,0.328125,0.520873,0.56875
-0.360408,0.328125,0.530621,0.525
-0.447347,0.39375,0.577884,0.525
-0.682273,0.39375,0.619033,0.56875
-0.363483,0.48125,0.653784,0.56875
-0.3632,0.48125,0.70192,0.503125
-0.407836,0.503125,0.747138,0.56875
-0.759058,0.56875,0.798762,0.525
-0.764008,0.678125,0.83962,0.6125
-0.578669,0.721875,0.867694,0.65625
-0.739151,0.721875,0.878314,0.7875
-0.622571,0.853125,0.885746,0.896875
-0.464997,0.809375,0.876305,0.9625
-0.539157,0.74375,0.850883,1.02812
-0.630021,0.7875,0.801038,1.1375
-0.662737,0.809375,0.746823,1.15938
-0.782675,0.83125,0.695525,1.18125
-0.667404,0.896875,0.596246,1.225
-0.505905,0.83125,0.49901,1.18125
-0.315331,0.7875,0.399449,1.11563
-0.431344,0.7,0.301914,0.984375
-0.782567,0.7,0.243929,0.91875
-0.786208,0.875,0.165883,0.809375
-0.394733,0.875,0.0584715,0.721875
-0.348672,0.678125,0.0176307,0.6125
-0.345772,0.678125,-0.06216,0.48125
-0.506705,0.6125,-0.0960137,0.48125
-0.785242,0.74375,-0.165047,0.371875
-0.554982,0.853125,-0.201227,0.30625
-0.554699,0.765625,-0.167929,0.175
-0.482181,0.765625,-0.179977,0.0875
-0.438286,0.765625,-0.169638,0.0875
-0.484231,0.721875,-0.156682,-0.39375
-0.645163,0.721875,-0.144599,0.109375
-0.794625,0.83125,-0.0764026,-0.30625
-0.769193,0.91875,-0.11956,0.109375
-0.611619,0.984375,-0.0539804,-0.371875
-0.803383,0.940625,-0.0378267,-0.240625
-0.807025,1.05,-0.0178933,0.021875
-0.811975,1.02812,-0.0162767,0.065625
-0.670696,1.09375,0.0193567,0.021875
-0.821017,1.02812,0.0355104,-0.21875
-0.825967,1.15938,0.0391622,0.021875
-0.831367,1.07187,0.0553159,0.04375
-0.836317,1.1375,0.05984,0.065625
-0.841717,1.11563,0.0693067,0.065625
-0.846667,1.1375,0.0936104,0.04375
-0.851617,1.15938,0.104249,0.04375
-0.856117,1.20312,0.0907567,0.04375
-0.861067,1.18125,0.132505,0.0875
-0.865567,1.20312,0.133549,0.109375
-0.870517,1.15938,0.129651,0.109375
-0.875467,1.20312,0.162677,0.04375
-0.879967,1.225,0.181166,0.153125
-0.884917,1.20312,0.190933,0.196875
-0.889867,1.225,0.174833,0.21875
-0.894367,1.225,0.202044,0.13125
-0.899317,1.26875,0.194366,0.196875
-0.904267,1.20312,0.205005,0.196875
-0.908767,1.20312,0.215944,0.2625
-0.913717,1.24687,0.212046,0.175
-0.918667,1.29062,0.206112,0.284375
-0.923617,1.26875,0.204259,0.328125
-0.926808,1.225,0.198325,0.284375
-0.93045,1.26875,0.236875,0.21875
-0.817795,1.3125,0.241709,0.284375
-0.748752,1.225,0.209318,0.240625
-0.708782,1.11563,0.223746,0.284375
-0.945875,1.09375,0.238746,0.284375
-0.949517,1.26875,0.253173,0.30625
-0.953158,1.20312,0.267301,0.30625
-0.721591,1.20312,0.279984,0.284375
-0.764919,1.11563,0.291496,0.21875
-0.810863,1.1375,0.305051,0.35
-0.958567,1.15938,0.318307,0.240625
-0.684696,1.1375,0.331862,0.39375
-0.728024,1.07187,0.343373,0.30625
-0.524222,1.02812,0.355184,0.39375
-0.525247,0.9625,0.367868,0.415625
-0.934618,0.853125,0.381123,0.459375
-0.777044,1.09375,0.393807,0.415625
-0.778069,0.984375,0.40649,0.415625
-0.498965,1.02812,0.416257,0.459375
-0.526447,0.940625,0.46412,0.525
-0.613386,0.896875,0.483781,0.525
-0.964608,0.91875,0.504314,0.525
-0.77796,1.05,0.521068,0.56875
-0.689146,0.940625,0.492166,0.546875
-0.247519,1.00625,0.528981,0.56875
-0.493056,0.7,0.541373,0.590625
-0.566767,0.853125,0.580805,0.634375
-0.685846,0.7875,0.597849,0.678125
-0.819013,0.896875,0.614021,0.634375
-0.570292,0.940625,0.658686,0.678125
-0.407484,0.83125,0.666718,0.74375
-0.404584,0.765625,0.66719,0.74375
-0.521047,0.7,0.71011,0.765625
-0.726899,0.7875,0.720177,0.7875
-0.568017,0.853125,0.766296,0.875
-0.566425,0.721875,0.789446,0.765625
-0.448987,0.721875,0.790499,0.853125
-0.518772,0.721875,0.801438,0.940625
-0.517181,0.7,0.819064,0.984375
-0.560958,0.765625,0.822153,1.00625
-0.558058,0.765625,0.792388,1.07187
-0.514164,0.74375,0.771055,1.09375
-0.48264,0.765625,0.752057,1.02812
-0.640956,0.809375,0.732468,1.1375
-0.435845,0.765625,0.699214,1.24687
-0.389784,0.678125,0.667705,1.15938
-0.385576,0.678125,0.627773,1.07187
-0.339515,0.634375,0.608475,1.1375
-0.541442,0.6125,0.591794,1.05
-0.583461,0.65625,0.567562,0.984375
-0.582319,0.7,0.544775,1.00625
-0.330981,0.525,0.506879,0.91875
-0.164249,0.56875,0.514329,0.765625
-0.246405,0.56875,0.522951,0.765625
-0.448331,0.525,0.533018,0.765625
-0.724702,0.590625,0.545129,0.765625
-0.724419,0.678125,0.555496,0.765625
-0.400845,0.7,0.56876,0.74375
-0.0292861,0.634375,0.63524,0.721875
-0.184127,0.48125,0.600242,0.74375
-0.458739,0.48125,0.633286,0.74375
-0.592356,0.56875,0.688427,0.765625
-0.899967,0.634375,0.713321,0.83125
-0.709844,0.809375,0.72427,0.83125
-0.38627,0.721875,0.743359,0.853125
-0.220846,0.634375,0.751981,0.853125
-0.289773,0.56875,0.789377,0.875
-0.537928,0.634375,0.81806,0.91875
-0.701927,0.678125,0.835986,1.00625
-0.893692,0.721875,0.823094,0.9625
-0.545828,0.83125,0.854975,0.9625
-0.38347,0.765625,0.857201,1.02812
-0.291181,0.765625,0.869312,1.05
-0.493558,0.6125,0.87996,1.05
-0.655799,0.7875,0.878116,1.11563
-0.892483,0.721875,0.885866,1.09375
-0.588681,0.875,0.920364,1.1375
-0.499008,0.896875,0.884794,1.225
-0.451189,0.7,0.908825,1.15938
-0.451356,0.7875,0.917157,1.24687
-0.540053,0.678125,0.902529,1.18125
-0.700127,0.853125,0.896323,1.3125
-0.586614,0.74375,0.916284,1.20312
-0.588089,0.83125,0.915021,1.24687
-0.586497,0.7,0.899512,1.18125
-0.42414,0.83125,0.895633,1.24687
-0.42169,0.678125,0.885938,1.18125
-0.376937,0.721875,0.872473,1.26875
-0.535703,0.6125,0.869466,1.1375
-0.611171,0.7875,0.841746,1.29062
-0.654949,0.65625,0.833796,1.11563
-0.419906,0.678125,0.846788,1.1375
-0.0487972,0.56875,0.828662,1.11563
-0.116416,0.48125,0.83961,1.11563
-0.317484,0.328125,0.821494,1.07187
-0.566089,0.48125,0.829244,1.18125
-0.640249,0.525,0.80066,1.05
-0.358979,0.56875,0.795327,1.02812
-0.0764,0.4375,0.795809,1.00625
0.0198139,0.284375,0.771877,1.00625
-0.294934,0.2625,0.781081,1.02812
-0.497761,0.415625,0.771686,1.00625
-0.499236,0.459375,0.770714,1.05
-0.336879,0.459375,0.733409,0.74375
-0.126985,0.371875,0.712966,1.09375
-0.00210556,0.39375,0.682066,1.07187
-0.112885,0.30625,0.669783,1.02812
-0.313504,0.371875,0.630451,1.15938
-0.429517,0.328125,0.633568,0.984375
-0.544221,0.459375,0.566044,1.1375
-0.308729,0.415625,0.538051,0.83125
-0.142855,0.415625,0.507451,0.896875
-0.0924185,0.328125,0.473353,1.00625
-0.176741,0.284375,0.450021,0.65625
-0.407742,0.4375,0.429007,0.896875
-0.495989,0.371875,0.411781,0.765625
-0.495706,0.503125,0.40007,0.721875
-0.450503,0.415625,0.391566,0.590625
-0.245393,0.546875,0.389449,0.721875
-0.357481,0.39375,0.385016,0.678125
-0.283204,0.459375,0.377384,0.590625
-0.647655,0.503125,0.401144,0.371875
-0.796667,0.634375,0.389151,0.590625
-0.567716,0.721875,0.408268,0.503125
-0.656413,0.765625,0.432027,0.678125
-0.409,0.74375,0.431955,0.525
-0.408717,0.678125,0.448455,0.6125
-0.61326,0.65625,0.44751,0.546875
-0.807192,0.875,0.476221,0.634375
-0.812142,0.853125,0.486616,0.525
-0.817542,0.984375,0.518525,0.6125
-0.789493,0.984375,0.525131,0.56875
-0.701987,0.984375,0.530292,0.634375
-0.588024,1.09375,0.568307,0.634375
-0.752023,0.984375,0.57434,0.6125
-0.829658,0.984375,0.59869,0.678125
-0.834608,1.02812,0.610538,0.678125
-0.840008,1.07187,0.611629,0.7
-0.844958,1.15938,0.640349,0.7
-0.616007,1.07187,0.657431,0.765625
-0.854,1.02812,0.675675,0.74375
-0.85895,1.07187,0.67037,0.7875
-0.8639,1.07187,0.704023,0.74375
-0.8693,1.11563,0.728955,0.7875
-0.872942,1.11563,0.730055,0.809375
-0.878342,1.18125,0.757021,0.875
-0.883292,1.35625,0.770614,0.91875
-0.698402,1.15938,0.784797,0.940625
-0.613513,1.18125,0.772514,1.02812
-0.895117,0.984375,0.801807,1.00625
-0.900067,1.18125,0.81221,1.00625
-0.905467,1.11563,0.80109,1.09375
-0.630738,1.15938,0.826021,1.05
-0.559528,0.984375,0.799783,1.09375
-0.880818,0.9625,0.801455,1.09375
-0.681391,1.07187,0.796149,1.1375
-0.918075,0.940625,0.760607,1.11563
-0.685649,1.18125,0.724192,1.15938
-0.480989,0.940625,0.696499,1.1375
-0.449465,0.853125,0.685088,1.11563
-0.565928,0.809375,0.606225,1.1375
-0.685007,0.765625,0.56604,1.07187
-0.614247,0.9625,0.548814,1.02812
-0.527192,0.809375,0.498444,0.9625
-0.408445,0.7875,0.48239,0.896875
-0.449606,0.678125,0.482318,0.875
-0.564761,0.7875,0.492712,0.853125
-0.681224,0.765625,0.443223,0.7875
-0.521483,0.7875,0.455362,0.7
-0.359576,0.74375,0.526812,0.634375
-0.474731,0.678125,0.476451,0.7
-0.518508,0.721875,0.533364,0.7
-0.519983,0.721875,0.56819,0.65625
-0.725427,0.678125,0.563175,0.74375
-0.681982,0.83125,0.609921,0.678125
-0.638538,0.83125,0.617699,0.721875
-0.52155,0.83125,0.640605,0.7875
-0.639321,0.9625,0.67107,0.765625
-0.640796,0.940625,0.676231,0.765625
-0.921542,0.91875,0.725012,0.809375
-0.693041,1.05,0.740068,0.809375
-0.898484,0.940625,0.748727,0.809375
-0.783663,1.24687,0.769588,0.896875
-0.625681,0.9625,0.772433,0.91875
-0.788371,1.11563,0.789814,0.9625
-0.936525,1.18125,0.817953,1.00625
-0.942375,1.20312,0.82167,1.05
-0.872923,1.1375,0.81462,1.05
-0.669571,1.225,0.824442,1.05
-0.553892,1.1375,0.792688,1.09375
-0.672971,0.896875,0.797277,1.05
-0.954575,1.02812,0.794316,1.07187
-0.959525,1.1375,0.77799,1.15938
-0.685655,1.20312,0.790738,1.11563
-0.773044,0.984375,0.78169,1.07187
-0.729149,1.02812,0.778157,1.09375
-0.658797,0.875,0.771425,1.11563
-0.661131,1.02812,0.780103,1.1375
-0.663914,0.984375,0.771336,1.02812
-0.974142,0.984375,0.758499,1.11563
-0.977783,1.09375,0.752649,1.05
-0.703913,1.11563,0.762199,1.11563
-0.586475,1.07187,0.801986,1.09375
-0.586192,0.940625,0.77811,1.11563
-0.981475,1.05,0.797255,1.00625
-0.986425,1.1375,0.808849,1.09375
-0.991375,1.1375,0.829738,1.09375
-0.643961,1.29062,0.847438,1.1375
-0.643678,0.984375,0.854371,1.09375
-0.848671,1.1375,0.885736,1.11563
-0.997683,1.09375,0.895286,1.11563
-1.00308,1.29062,0.927523,1.15938
-0.858738,1.15938,0.924862,1.11563
-0.771682,1.20312,0.955646,0.853125
-0.655553,1.07187,0.980905,1.15938
-0.932781,1.1375,1.00704,1.26875
-0.732046,1.1375,1.03897,1.24687
-1.01189,1.09375,1.08865,1.18125
-0.780774,1.24687,1.09298,1.20312
-0.709564,1.11563,1.12086,1.26875
