torque_1 torque_1_t torque_2 torque_2_t
-2 0.021875 -0.440376 0.021875
-2 0.284375 -0.430716 -0.371875
-2 0.065625 -0.420636 -0.371875
-2 -0.04375 -0.410556 -0.39375
-2 0.065625 -0.400476 -0.459375
-2 -0.04375 -0.390396 -0.459375
-2 -0.175 -0.380736 -0.48125
-2 -0.021875 -0.370656 -0.4375
-2 0.04375 -0.360576 -0.459375
-2 0.21875 -0.350496 -0.48125
-2 0.04375 -0.340416 -0.459375
-2 -0.21875 -0.330336 -0.459375
-2 -0.021875 -0.320676 -0.459375
-2 0 -0.310596 -0.503125
-2 0.04375 -0.300516 -0.48125
-2 0.284375 -0.290436 -0.4375
-2 0.065625 -0.280356 -0.415625
-2 0.284375 -0.270276 -0.48125
-2 0.04375 -0.260196 -0.4375
-2 -0.284375 -0.250116 -0.39375
-2 0.065625 -0.240456 -0.39375
-2 0.2625 -0.230376 -0.4375
-2 0.065625 -0.220296 -0.35
-2 0.2625 -0.210216 -0.35
-2 -0.196875 -0.200136 -0.35
-2 -0.240625 -0.189636 -0.35
-2 0.30625 -0.179136 -0.35
-2 0.04375 -0.169056 -0.35
-2 0 -0.158556 0.021875
-2 0.065625 -0.148056 -0.0875
-2 0.2625 -0.137556 -0.30625
-2 0.065625 -0.127056 -0.0875
-2 -0.021875 -0.116556 -0.2625
-2 -0.153125 -0.106056 -0.109375
-2 -0.328125 -0.0959762 -0.2625
-2 -0.175 -0.0854762 -0.284375
-2 -0.04375 -0.0749762 0.13125
-2 0.065625 -0.0644762 0.021875
-2 -0.284375 -0.0539762 -0.2625
-2 0.04375 -0.0434762 0
-2 0.284375 -0.0329762 -0.2625
-2 0.2625 -0.0224762 -0.04375
-2 0.284375 -0.0123962 0.065625
-2 -0.153125 -0.00189622 0
-2 0.2625 0.00860378 0.13125
-2 0.065625 0.0191038 -0.04375
-2 0.2625 0.0296038 0
-2 0.065625 0.0401038 0.04375
-2 0.284375 0.0506038 0.13125
-2 -0.196875 0.0611038 0.021875
-2 0.284375 0.0716038 0.13125
-2 0.04375 0.0821038 -0.021875
-2 0 0.0926038 0.175
-2 0.04375 0.103104 0.021875
-2 0.284375 0.112383 0.175
-2 -0.2625 0.122883 0.0875
-2 0.284375 0.132963 0.21875
-2 0.04375 0.143463 0.13125
-2 0.284375 0.153963 0.065625
-2 -0.21875 0.181558 0.109375
-2 0.2625 0.17252 0.109375
-2 -0.21875 0.18302 0.109375
-2 0.240625 0.206675 0.153125
-2 -0.196875 0.202522 0.153125
-2 0.284375 0.208835 0.196875
-2 -0.21875 0.218114 0.153125
-2 0.284375 0.229557 0.196875
-2 0.04375 0.249826 0.196875
-2 0.021875 0.245149 0.240625
-2 0.065625 0.268384 0.240625
-2 0.328125 0.275466 0.2625
-2 0.065625 0.279163 0.2625
-2 0.284375 0.280243 0.2625
-2 -0.196875 0.30086 0.30625
-2 -0.240625 0.30236 0.328125
-2 0.021875 0.324374 0.328125
-2 0.2625 0.315336 0.371875
-2 0.04375 0.324337 0.35
-2 0.04375 0.339373 0.371875
-2 -0.196875 0.358246 0.39375
-2 0.2625 0.348407 0.371875
-2 -0.21875 0.358209 0.35
-2 0.04375 0.382839 0.415625
-2 0.284375 0.387932 0.459375
-2 0.021875 0.391176 0.39375
-2 -0.153125 0.393652 0.459375
-2 0.021875 0.408687 0.459375
-2 0.04375 0.413327 0.48125
-2 -0.240625 0.432375 0.48125
-2 0.021875 0.432234 0.546875
-2 0.021875 0.441235 0.525
-2 -0.175 0.449467 0.48125
-2 -0.21875 0.457699 0.546875
-2 0.04375 0.450128 0.56875
-2 0.021875 0.465338 0.546875
-2 -0.175 0.464396 0.634375
-2 -0.21875 0.482223 0.590625
-2 -0.196875 0.485222 0.634375
-2 -0.153125 0.488117 0.6125
-2 0.04375 0.50071 0.65625
-2 0.284375 0.508943 0.634375
-2 0.284375 0.507128 0.634375
-2 -0.196875 0.512744 0.65625
-2 0.04375 0.511802 0.634375
-2 0.2625 0.52307 0.65625
-2 -0.153125 0.53127 0.7
-2 -0.21875 0.541144 0.7
-2 0.2625 0.541597 0.7
-2 0.021875 0.545016 0.7
-2 0.284375 0.549656 0.7
-2 0.021875 0.560925 0.765625
-2 -0.196875 0.568705 0.765625
-2 -0.240625 0.578578 0.765625
-2 0.021875 0.579032 0.721875
-2 0.284375 0.589428 0.765625
-2 0.065625 0.594243 0.765625
-2 -0.240625 0.597662 0.7875
-2 0.04375 0.600732 0.765625
-2 -0.196875 0.622118 0.765625
-2 0.2625 0.617758 0.765625
-2 0.021875 0.623794 0.7
-2 -0.196875 0.622154 0.809375
-2 -0.21875 0.636039 0.809375
-2 0.021875 0.63562 0.83125
-2 -0.153125 0.643052 0.83125
-2 0.04375 0.651704 0.83125
-2 -0.240625 0.648668 0.83125
-2 -0.21875 0.655124 0.853125
-2 0.04375 0.661159 0.853125
-2 -0.21875 0.662834 0.853125
-2 -0.21875 0.666253 1.00625
-2 -0.196875 0.677522 0.853125
-2 0.021875 0.68408 0.896875
-2 0.021875 0.688372 0.896875
-2 -0.196875 0.696572 0.896875
-2 0.284375 0.701386 0.896875
-2 0.021875 0.704456 0.940625
-2 0.04375 0.720086 0.984375
-2 0.021875 0.7249 0.9625
-2 -0.175 0.724482 0.9625
-2 0.284375 0.736694 0.9625
-2 -0.196875 0.739764 0.91875
-2 -0.240625 0.743357 0.9625
-2 0.04375 0.748172 0.9625
-2 0.021875 0.756126 1.00625
-2 -0.196875 0.755358 0.984375
-2 -0.240625 0.762337 1.00625
-2 0.021875 0.768547 1.07187
-2 0.04375 0.77214 0.984375
-2 -0.21875 0.771896 0.984375
-2 0.04375 0.780723 1.02812
-2 0.30625 0.787353 1.00625
-2 -0.153125 0.791469 0.984375
-2 0.021875 0.79262 1.00625
-2 -0.196875 0.789236 1.02812
-2 -0.21875 0.79918 1.07187
-2 0.065625 0.800332 1.09375
-2 -0.240625 0.806438 1.02812
-2 0.065625 0.81038 1.05
-2 -0.175 0.806893 1.02812
-2 -0.284375 0.80438 1.1375
-2 0.04375 0.810662 0.9625
-2 -0.021875 0.808324 1.07187
-2 0.04375 0.806406 1.02812
-2 -0.284375 0.807628 1.11563
-2 0.04375 0.802848 1.00625
-2 0.021875 0.795174 1.02812
-2 0.328125 0.789347 1.07187
-2 -0.153125 0.782545 0.984375
-2 0 0.777662 1.07187
-2 0.065625 0.769742 0.940625
-2 -0.284375 0.763288 0.940625
-2 0.04375 0.754322 0.875
-2 0.284375 0.738972 0.896875
-2 -0.153125 0.729378 0.91875
-2 0.2625 0.718144 0.91875
-2 0.04375 0.714482 0.896875
-2 0.2625 0.677778 0.91875
-2 -0.153125 0.659288 0.896875
-2 0.328125 0.643589 0.91875
-2 0.065625 0.616655 0.896875
-2 0.2625 0.59014 0.875
-2 -0.175 0.564427 0.9625
-2 -0.371875 0.534598 0.896875
-2 -0.109375 0.499536 0.83125
-2 -0.284375 0.478184 0.809375
-2 -0.21875 0.448006 0.83125
-2 0.328125 0.42027 0.83125
-2 0.04375 0.404152 0.74375
-2 -0.021875 0.381475 0.765625
-2 -0.175 0.363857 0.678125
-2 0.021875 0.349657 0.6125
-2 0.04375 0.333609 0.6125
-2 0.021875 0.322272 0.6125
-2 0.04375 0.316096 0.6125
-2 0.021875 0.305107 0.503125
-2 0.04375 0.300573 0.503125
-2 -0.04375 0.292478 0.39375
-2 0.196875 0.285502 0.459375
-2 0.4375 0.282188 0.415625
-2 -0.021875 0.277234 0.4375
-2 0.284375 0.275316 0.39375
-2 0.284375 0.273922 0.415625
-2 -0.153125 0.273399 0.39375
-2 -0.284375 0.263386 0.371875
-2 -0.153125 0.260247 0.371875
-2 0.284375 0.252049 0.371875
-2 -0.175 0.245874 0.371875
-2 -0.021875 0.237676 0.415625
-2 0.04375 0.226687 0.371875
-2 0.2625 0.220932 0.4375
-2 0.04375 0.206383 0.371875
-2 0.284375 0.200453 0.415625
-2 -0.196875 0.193825 0.415625
-2 -0.04375 0.185802 0.4375
-2 -0.175 0.182837 0.328125
-2 0.328125 0.171919 0.415625
-2 -0.240625 0.165466 0.328125
-2 -0.284375 0.176806 0.35
-2 0.065625 0.188146 0.35
-2 -0.021875 0.184135 0.503125
-2 0.021875 0.212467 0.35
-2 0.2625 0.223807 0.371875
-2 0.021875 0.235147 0.30625
-2 0 0.246487 0.328125
-2 -0.196875 0.258247 0.30625
-2 -0.021875 0.269587 0.371875
-2 0.04375 0.280927 0.284375
-2 -0.284375 0.292267 0.415625
-2 0.04375 0.304027 0.35
-2 0.284375 0.315367 0.4375
-2 -0.153125 0.326707 0.459375
-2 -0.0875 0.338467 0.48125
-2 -0.175 0.349807 0.30625
-2 0.284375 0.361147 0.4375
-2 -0.284375 0.372487 0.48125
-2 0.04375 0.384247 0.371875
-2 -0.196875 0.395587 0.48125
-2 -0.109375 0.406927 0.503125
-2 0.284375 0.418687 0.525
-2 -0.153125 0.430027 0.48125
-2 0.2625 0.441367 0.4375
-2 -0.175 0.452707 0.525
-2 -0.2625 0.463246 0.590625
-2 -0.109375 0.474586 0.48125
-2 0.2625 0.485926 0.91875
-2 0.39375 0.497686 0.56875
-2 0.021875 0.507805 0.765625
-2 -0.196875 0.517924 0.56875
-2 0.021875 0.527242 0.590625
-2 0.2625 0.543117 0.590625
-2 0.284375 0.545037 0.7
-2 -0.109375 0.570229 0.6125
-2 0.065625 0.568486 0.65625
-2 0.328125 0.580175 0.74375
-2 0.328125 0.584608 0.7
-2 -0.196875 0.603798 0.678125
-2 -0.021875 0.60659 0.875
-2 0.04375 0.619397 0.721875
-2 -0.175 0.622364 0.721875
-2 0.04375 0.621493 0.896875
-2 0.04375 0.625403 0.7
-2 0.284375 0.62488 0.7875
-2 0.04375 0.624184 0.74375
-2 -0.21875 0.627047 0.765625
-2 -0.2625 0.613093 0.525
-2 0.109375 0.621887 0.35
-2 0.04375 0.616829 0.7875
-2 -0.240625 0.611248 0.74375
-2 0.065625 0.608006 0.7
-2 0.30625 0.602599 0.74375
-2 0.04375 0.592554 0.74375
-2 0.2625 0.59081 0.7875
-2 0.065625 0.571797 0.65625
-2 0.065625 0.55582 0.7
-2 -0.175 0.531399 0.7
-2 0.04375 0.510015 0.721875
-2 0.04375 0.490129 0.678125
-2 0.2625 0.475652 0.765625
-2 -0.153125 0.458628 0.7
-2 -0.21875 0.437696 0.678125
-2 0.2625 0.428872 0.7
-2 0.021875 0.403578 0.74375
-2 0.459375 0.3958 0.809375
-2 -0.175 0.384463 0.634375
-2 0.021875 0.369113 0.56875
-2 0.021875 0.371976 0.6125
-2 0.30625 0.360464 0.590625
-2 -0.196875 0.354954 0.525
-2 0.021875 0.35164 0.546875
-2 0.284375 0.350143 0.525
-2 -0.196875 0.342817 0.525
-2 0.04375 0.338179 0.459375
-2 0.2625 0.337832 0.503125
-2 0.021875 0.336159 0.503125
-2 -0.0875 0.335463 0.503125
-2 -0.21875 0.325417 0.459375
-2 0.2625 0.325942 0.525
-2 -0.021875 0.324269 0.503125
-2 0.04375 0.318339 0.48125
-2 -0.0875 0.312306 0.415625
-2 0.065625 0.310737 0.48125
-2 -0.153125 0.30575 0.503125
-2 0.065625 0.303484 0.153125
-2 0.021875 0.301114 0.590625
-2 -0.284375 0.301289 0.546875
-2 0.04375 0.295954 0.459375
-2 -0.021875 0.299689 0.546875
-2 0.04375 0.311727 0.4375
-2 -0.175 0.30517 0.153125
-2 -0.021875 0.315289 0.590625
-2 0.04375 0.327049 0.328125
-2 -0.30625 0.338389 0.590625
-2 -0.13125 0.350149 0.503125
-2 -0.284375 0.361489 0.546875
-2 -0.175 0.373249 0.328125
-2 -0.021875 0.385009 0.56875
-2 -0.175 0.396349 0.459375
-2 0 0.408109 0.4375
-2 0.284375 0.419449 0.48125
-2 0.35 0.43243 0.590625
-2 -0.2625 0.427198 0.459375
-2 -0.328125 0.45553 0.6125
-2 -0.175 0.46729 0.678125
-2 0.328125 0.47863 0.546875
-2 -0.2625 0.49039 0.525
-2 -0.30625 0.50173 0.678125
-2 0.065625 0.51349 0.6125
-2 0.284375 0.52525 0.74375
-2 -0.196875 0.53659 0.65625
-2 0.04375 0.54835 0.634375
-2 -0.175 0.55969 0.678125
-2 0.284375 0.57145 0.809375
-2 -0.175 0.590188 0.7
-2 0.021875 0.59455 0.721875
-2 -0.175 0.605089 0.809375
-2 0.284375 0.615208 0.765625
-2 -0.196875 0.625747 0.74375
-2 -0.196875 0.646404 0.7875
-2 0.04375 0.643963 0.83125
-2 -0.240625 0.663398 0.853125
-2 0.04375 0.681089 0.91875
-2 0.4375 0.690162 0.896875
-2 0.30625 0.690583 0.74375
-2 0.04375 0.702866 0.875
-2 0 0.706879 0.9625
-2 0.04375 0.715848 0.853125
-2 0.371875 0.71906 1.00625
-2 0.021875 0.721853 0.940625
-2 -0.175 0.729426 0.896875
-2 0.35 0.730196 1.00625
-2 0.04375 0.731767 0.940625
-2 0.30625 0.738992 0.984375
-2 0.021875 0.739762 0.9625
-2 0.240625 0.743568 1.05
-2 -0.153125 0.750095 0.940625
-2 0.284375 0.738828 0.984375
-2 -0.153125 0.74717 0.984375
-2 -0.196875 0.744103 0.984375
-2 0.2625 0.746966 1.00625
-2 -0.196875 0.743969 0.9625
-2 0.284375 0.74282 0.984375
-2 0.04375 0.74516 0.940625
-2 0.04375 0.739024 0.91875
-2 0.284375 0.73927 0.940625
-2 -0.175 0.73575 0.91875
-2 0.021875 0.734427 0.91875
-2 -0.21875 0.728394 0.91875
-2 0.021875 0.726444 0.91875
-2 -0.153125 0.720585 1.00625
-2 0.328125 0.716122 0.896875
-2 0.04375 0.703879 0.940625
-2 0.35 0.700812 0.896875
-2 -0.2625 0.689719 0.940625
-2 0.284375 0.669104 0.875
-2 0.021875 0.65208 1.07187
-2 0.021875 0.650479 0.853125
-2 0.04375 0.625432 0.853125
-2 0.021875 0.598639 0.875
-2 -0.153125 0.569127 0.9625
-2 -0.153125 0.538672 0.7875
-2 0.065625 0.507066 0.896875
-2 0.0875 0.477483 0.809375
-2 0.04375 0.447725 0.721875
-2 -0.153125 0.428505 0.809375
-2 0.284375 0.411656 0.7
-2 0.065625 0.398716 0.7
-2 0.196875 0.385182 0.7
-2 0.065625 0.373637 0.65625
-2 0.2625 0.370918 0.590625
-2 0.04375 0.362443 0.6125
-2 0.284375 0.354736 0.546875
-2 0.04375 0.354459 0.546875
-2 0.284375 0.354603 0.459375
-2 0.04375 0.346476 0.503125
-2 0.2625 0.349236 0.4375
-2 0.065625 0.345122 0.459375
-2 -0.284375 0.342752 0.503125
-2 -0.175 0.343069 0.4375
-2 0.284375 0.335117 0.48125
-2 0.04375 0.338575 0.546875
-2 0.021875 0.321203 0.634375
-2 0.04375 0.317683 0.503125
-2 0.04375 0.313045 0.459375
-2 -0.240625 0.306385 0.48125
-2 -0.196875 0.294595 0.459375
-2 0.240625 0.286539 0.459375
-2 -0.196875 0.281029 0.48125
-2 0.065625 0.272799 0.39375
-2 -0.021875 0.263975 0.590625
-2 0.065625 0.263769 0.415625
-2 0.2625 0.257387 0.546875
-2 0.2625 0.256484 0.459375
-2 0 0.259347 0.525
-2 0.065625 0.249896 0.459375
-2 0.2625 0.259912 0.48125
-2 -0.175 0.272092 0.415625
-2 0.284375 0.283852 0.503125
-2 0.065625 0.296032 0.2625
-2 0.04375 0.307792 0.415625
-2 0.04375 0.319972 0.415625
-2 0.04375 0.331732 0.4375
-2 0.2625 0.343912 0.678125
-2 -0.175 0.355672 0.415625
-2 -0.196875 0.367852 0.415625
-2 -0.175 0.379612 0.415625
-2 0.021875 0.391792 0.525
-2 -0.21875 0.403552 0.503125
-2 -0.196875 0.415732 0.4375
-2 -0.196875 0.427492 0.65625
-2 0.021875 0.439672 0.546875
-2 -0.153125 0.451852 0.503125
-2 -0.21875 0.464032 0.546875
-2 0.04375 0.476212 0.590625
-2 0.021875 0.488392 0.590625
-2 0.04375 0.500992 0.6125
-2 0.021875 0.513172 0.503125
-2 0.065625 0.525352 0.6125
-2 0.04375 0.553406 0.634375
-2 0.284375 0.553026 0.74375
-2 0.04375 0.555786 0.678125
-2 0.2625 0.576062 0.678125
-2 -0.284375 0.584578 0.74375
-2 0.065625 0.604085 0.765625
-2 -0.21875 0.603705 0.2625
-2 -0.196875 0.616408 0.7
-2 0.04375 0.62318 0.875
-2 -0.240625 0.629849 0.678125
-2 -0.13125 0.632958 0.546875
-2 0.284375 0.639382 0.896875
-2 -0.153125 0.648945 0.7
-2 0.04375 0.647693 0.809375
-2 0.04375 0.647733 1.00625
-2 0.2625 0.649272 0.875
-2 -0.240625 0.651334 0.721875
-2 0.196875 0.647814 0.765625
-2 0.284375 0.641154 0.809375
-2 0.04375 0.64381 0.809375
-2 0.021875 0.63087 0.83125
-2 0.04375 0.622815 0.415625
-2 -0.240625 0.614062 0.853125
-2 0.04375 0.598679 0.7875
-2 -0.39375 0.591218 0.7875
-2 0.2625 0.577755 0.74375
-2 -0.153125 0.558884 0.83125
-2 0.065625 0.545944 0.721875
-2 0.175 0.537539 0.809375
-2 0.04375 0.524322 0.721875
-2 0.2625 0.511556 0.7
-2 -0.196875 0.49565 0.721875
-2 0.04375 0.484629 0.678125
-2 0.30625 0.47333 0.7
-2 0.2625 0.459344 0.7
-2 0.021875 0.440647 0.7
-2 -0.196875 0.427707 0.7
-2 0.04375 0.419548 0.678125
-2 -0.21875 0.403294 0.65625
-2 0.04375 0.390877 0.546875
-2 0.04375 0.382298 0.765625
-2 0.240625 0.366987 0.65625
-2 0.04375 0.363642 0.503125
-2 0.2625 0.35419 0.65625
-2 -0.153125 0.341322 0.415625
-2 0.30625 0.340593 0.7875
-2 -0.240625 0.340736 0.546875
-2 -0.13125 0.336867 0.56875
-2 -0.175 0.334814 0.48125
-2 0.284375 0.3292 0.634375
-2 0.175 0.328646 0.503125
-2 0.04375 0.32415 0.459375
-2 0.2625 0.321677 0.56875
-2 -0.0875 0.317459 0.503125
-2 -0.21875 0.321964 0.48125
-2 0.065625 0.313456 0.4375
-2 -0.30625 0.307843 0.503125
-2 0.4375 0.307986 0.328125
-2 -0.153125 0.30192 0.459375
-2 -0.371875 0.296133 0.415625
-2 0.04375 0.295927 0.48125
-2 0.30625 0.290559 0.503125
-2 0.2625 0.295413 0.459375
-2 0 0.286659 0.415625
-2 0.065625 0.30205 0.634375
-2 -0.153125 0.310567 0.415625
-2 -0.21875 0.297976 0.48125
-2 -0.109375 0.310576 0.39375
-2 0.04375 0.322756 0.48125
-2 0.04375 0.334936 0.525
-2 -0.153125 0.347536 0.48125
-2 0.065625 0.359716 0.48125
-2 0.021875 0.372316 0.48125
-2 0.30625 0.384496 0.503125
-2 -0.175 0.397096 0.4375
-2 0.04375 0.409276 0.48125
-2 0.021875 0.421876 0.328125
-2 0.04375 0.434056 0.56875
-2 -0.240625 0.446656 0.546875
-2 -0.196875 0.458836 0.525
-2 -0.240625 0.471436 0.65625
-2 -0.196875 0.483616 0.634375
-2 0.04375 0.496216 0.6125
-2 0 0.508396 0.6125
-2 0.04375 0.520996 0.65625
-2 0.284375 0.533176 0.721875
-2 0.021875 0.544555 0.634375
-2 0.240625 0.557155 0.74375
-2 0.240625 0.566893 0.765625
-2 0.284375 0.584028 0.65625
-2 0.30625 0.585567 0.7
-2 0.284375 0.61282 0.721875
-2 0.284375 0.618372 0.7
-2 0.04375 0.631844 0.65625
-2 0.2625 0.639314 0.809375
-2 -0.196875 0.654705 0.721875
-2 0.0875 0.657013 0.721875
-2 0.284375 0.659947 0.74375
-2 -0.21875 0.672547 0.765625
-2 0.021875 0.67269 0.83125
-2 0.284375 0.677789 0.83125
-2 0.065625 0.680272 0.7875
-2 0.284375 0.675356 0.853125
-2 0.2625 0.676617 0.83125
-2 0.2625 0.671876 0.83125
-2 -0.175 0.66895 0.83125
-2 0.2625 0.660372 0.853125
-2 0.065625 0.649596 0.853125
-2 0.13125 0.644577 0.875
-2 0.284375 0.633033 0.91875
-2 0.284375 0.63063 0.875
-2 -0.153125 0.62125 0.896875
-2 0.284375 0.614067 0.896875
-2 -0.109375 0.60207 0.875
-2 0.284375 0.59227 0.875
-2 0.04375 0.577657 0.896875
-2 0.30625 0.572115 0.875
-2 0.04375 0.563536 0.853125
-2 0.284375 0.54962 0.83125
-2 0.065625 0.53867 0.83125
-2 0.2625 0.532534 0.765625
-2 0.284375 0.52106 0.853125
-2 0.284375 0.512204 0.809375
-2 0.04375 0.50973 0.74375
-2 -0.2625 0.502618 0.721875
-2 0.04375 0.498924 0.7
-2 0.284375 0.498266 0.7
-2 -0.196875 0.498132 0.678125
-2 0.2625 0.497228 0.7
-2 -0.153125 0.488895 0.634375
-2 0.284375 0.492773 0.721875
-2 0.065625 0.480182 0.634375
-2 0.284375 0.473244 0.634375
-2 0.04375 0.465085 0.6125
-2 0.284375 0.465997 0.65625
-2 0.04375 0.45201 0.65625
-2 -0.284375 0.446294 0.6125
-2 -0.175 0.430983 0.6125
-2 0.284375 0.437057 0.525
-2 -0.175 0.421572 0.590625
-2 -0.04375 0.416553 0.634375
-2 0.04375 0.40745 0.6125
-2 0.284375 0.404874 0.65625
-2 -0.109375 0.400029 0.6125
-2 -0.04375 0.397802 0.6125
-2 0.065625 0.398992 0.56875
-2 -0.240625 0.393624 0.590625
-2 -0.175 0.393838 0.6125
-2 -0.30625 0.393109 0.525
-2 -0.196875 0.400302 0.56875
-2 0 0.402435 0.6125
-2 -0.13125 0.404672 0.6125
-2 0.2625 0.407328 0.634375
-2 0.04375 0.405029 0.634375
-2 0.284375 0.417978 0.634375
-2 0.04375 0.4169 0.6125
-2 0 0.430999 0.65625
-2 -0.175 0.441157 0.56875
-2 0.2625 0.445138 0.634375
-2 -0.175 0.446399 0.634375
-2 0.2625 0.458579 0.65625
-2 0.284375 0.471179 0.6125
-2 0.284375 0.483359 0.6125
-2 0.04375 0.495959 0.6125
-2 -0.35 0.508139 0.678125
-2 -0.196875 0.520739 0.634375
-2 0.284375 0.532919 0.7
-2 0.065625 0.545519 0.7
-2 0.240625 0.557699 0.7
-2 -0.196875 0.570299 0.765625
-2 0.284375 0.582479 0.678125
-2 -0.196875 0.595079 0.65625
-2 0.2625 0.607259 0.809375
-2 0.04375 0.619859 0.7875
-2 -0.30625 0.635179 0.83125
-2 0.04375 0.643418 0.809375
-2 0.284375 0.655598 0.853125
-2 -0.175 0.671338 0.853125
-2 0.2625 0.694508 0.853125
-2 0.04375 0.688094 0.875
-2 0.284375 0.700972 0.875
-2 0.284375 0.72648 0.875
-2 0.284375 0.736393 0.9625
-2 0.04375 0.745504 0.91875
-2 0.284375 0.755138 0.9625
-2 -0.196875 0.761387 0.91875
-2 0.284375 0.768579 0.91875
-2 -0.175 0.772386 0.940625
-2 -0.021875 0.781148 1.00625
-2 0.04375 0.785129 0.940625
-2 -0.021875 0.786216 1.07187
-2 0.30625 0.786534 0.91875
-2 0.2625 0.783783 1.02812
-2 -0.13125 0.786439 0.984375
-2 0.2625 0.78571 1.09375
-2 -0.196875 0.780517 0.91875
-2 0.2625 0.77595 1.09375
-2 -0.196875 0.765175 0.940625
-2 -0.328125 0.752758 1.09375
-2 -0.175 0.748612 0.940625
-2 -0.021875 0.740627 1.07187
-2 -0.196875 0.73135 0.9625
-2 0.2625 0.719528 1.02812
-2 0.065625 0.713915 0.853125
-2 -0.196875 0.702616 1.00625
-2 -0.109375 0.690968 0.896875
-2 0.284375 0.680296 0.984375
-2 -0.153125 0.669172 0.7875
-2 0.284375 0.654662 0.940625
-2 0.04375 0.639874 0.7875
-2 -0.2625 0.631017 0.875
-2 0.2625 0.606215 0.7875
-2 0.284375 0.592299 0.875
-2 -0.175 0.57315 0.7875
-2 0.2625 0.553582 0.91875
-2 0.04375 0.533037 0.7875
-2 0.284375 0.510852 0.984375
-2 -0.153125 0.487342 0.765625
-2 0.284375 0.470635 0.875
-2 0.04375 0.448275 0.7
-2 0.2625 0.431568 0.7875
-2 -0.153125 0.411722 0.678125
-2 -0.2625 0.398782 0.765625
-2 -0.13125 0.377539 0.6125
-2 -0.35 0.361356 0.721875
-2 0.065625 0.347893 0.590625
-2 0.284375 0.327697 0.678125
-2 -0.153125 0.3157 0.56875
-2 -0.04375 0.311657 0.65625
-2 -0.175 0.28553 0.525
-2 -0.021875 0.278173 0.56875
-2 -0.153125 0.276992 0.525
-2 -0.021875 0.260459 0.48125
-2 0.04375 0.262173 0.459375
-2 0.284375 0.255235 0.503125
-2 -0.21875 0.248297 0.415625
-2 0.2625 0.240242 0.415625
-2 0.065625 0.233478 0.30625
-2 0.284375 0.221062 0.328125
-2 0.04375 0.21831 0.30625
-2 0.284375 0.21207 0.30625
-2 0.065625 0.199828 0.328125
-2 0.284375 0.193239 0.2625
-2 0.04375 0.180196 0.328125
-2 -0.021875 0.160104 0.35
-2 0.0875 0.156655 0.30625
-2 -0.021875 0.141867 0.30625
-2 -0.153125 0.125613 0.30625
-2 -0.021875 0.111872 0.30625
-2 -0.175 0.0972582 0.30625
-2 -0.021875 0.0855393 0.2625
-2 0.065625 0.0731938 0.30625
-2 -0.021875 0.0533471 0.175
-2 0.021875 0.0451171 0.21875
-2 0.2625 0.0357371 0.21875
-2 -0.153125 0.031416 0.109375
-2 0.328125 0.0263971 -0.021875
-2 0.04375 0.0265404 0.109375
-2 -0.021875 0.0309416 0.021875
-2 0.065625 0.0435416 0.2625
-2 -0.371875 0.0569427 -0.04375
-2 0.065625 0.0695427 0.065625
-2 -0.328125 0.0821427 -0.065625
-2 0.04375 0.0947427 0.021875
-2 -0.021875 0.106923 -0.065625
-2 0.065625 0.119523 0.04375
-2 0.284375 0.132123 -0.065625
-2 0.04375 0.144303 0.04375
-2 -0.371875 0.156903 0.284375
-2 -0.175 0.168282 0.065625
-2 -0.30625 0.180882 0.35
-2 -0.153125 0.193062 0.284375
-2 0.2625 0.205662 0.2625
-2 0.065625 0.218262 0.284375
-2 -0.021875 0.230862 0.30625
-2 0.04375 0.243042 0.2625
-2 -0.021875 0.255642 0.328125
-2 0.04375 0.268242 0.30625
-2 0.30625 0.280842 0.371875
-2 -0.065625 0.293442 0.35
-2 0.284375 0.305622 0.35
-2 -0.153125 0.318222 0.415625
-2 -0.021875 0.330822 0.35
-2 0.284375 0.343422 0.371875
-2 -0.04375 0.355602 0.415625
-2 0.2625 0.368202 0.415625
-2 0.2625 0.380802 0.503125
-2 0.04375 0.393402 0.4375
-2 0.240625 0.418736 0.459375
-2 -0.196875 0.41696 0.48125
-2 -0.30625 0.427118 0.503125
-2 0.04375 0.438497 0.503125
-2 0.284375 0.459994 0.503125
-2 0.04375 0.461953 0.56875
-2 0.21875 0.487462 0.56875
-2 0.021875 0.497374 0.634375
-2 0.2625 0.506485 0.56875
-2 0.04375 0.510363 0.56875
-2 0.284375 0.522614 0.546875
-2 0.04375 0.53312 0.525
-2 0 0.537173 0.634375
-2 -0.175 0.542549 0.678125
-2 0.30625 0.547997 0.65625
-2 -0.175 0.550828 0.634375
-2 0.284375 0.549822 0.721875
-2 0.328125 0.552653 0.7
-2 0.284375 0.556879 0.6125
-2 0.04375 0.562327 0.74375
-2 0.284375 0.56132 0.74375
-2 0.04375 0.561535 0.7875
-2 -0.328125 0.569599 0.765625
-2 -0.175 0.568418 0.7875
-2 0.284375 0.571249 0.7875
-2 0.04375 0.573557 0.7875
-2 0.284375 0.572376 0.765625
-2 0.04375 0.580266 0.7875
-2 -0.2625 0.584318 0.853125
-2 0.04375 0.584358 0.853125
-2 0.021875 0.58883 0.765625
-2 -0.153125 0.594104 0.83125
-2 0.284375 0.603215 0.765625
-2 -0.13125 0.60151 0.91875
-2 0.328125 0.618995 0.83125
-2 0.284375 0.621652 0.7875
-2 -0.284375 0.623087 0.809375
-2 -0.21875 0.633594 0.765625
-2 0.328125 0.635029 0.83125
-2 0.065625 0.640303 0.875
-2 -0.021875 0.647495 0.853125
-2 0.04375 0.648582 0.896875
-2 0.2625 0.655774 0.896875
-2 0.284375 0.656408 0.853125
-2 -0.196875 0.657495 0.853125
-2 0.04375 0.660326 0.896875
-2 -0.21875 0.664902 0.83125
-2 -0.196875 0.669128 0.875
-2 0.021875 0.671959 0.875
-2 -0.196875 0.678803 0.875
-2 0.2625 0.679017 0.875
-2 0.2625 0.683244 0.853125
-2 0.021875 0.685274 0.853125
-2 0.2625 0.686884 0.91875
-2 0.30625 0.689017 0.91875
-2 -0.39375 0.689406 0.896875
-2 0.021875 0.697645 0.9625
-2 0.284375 0.699953 0.984375
-2 0.021875 0.692317 1.07187
-2 0.30625 0.688067 0.9625
-2 0.2625 0.687409 0.91875
-2 0.284375 0.6871 0.984375
-2 0.2625 0.686443 0.940625
-2 0.109375 0.677237 0.7875
-2 0.328125 0.679022 0.91875
-2 -0.240625 0.680005 0.940625
-2 0.48125 0.675335 0.984375
-2 0.328125 0.674503 0.9625
-2 -0.196875 0.671054 0.678125
-2 0.2625 0.670396 1.02812
-2 0.04375 0.674623 0.896875
-2 -0.328125 0.668977 0.853125
-2 0.109375 0.676344 0.875
-2 0.284375 0.675512 0.940625
-2 -0.196875 0.673458 0.83125
-2 0.2625 0.675417 0.896875
-2 0.021875 0.673958 0.853125
-2 0.04375 0.67958 0.83125
-2 -0.30625 0.673864 0.896875
-2 -0.021875 0.672334 1.1375
-2 0.328125 0.66285 0.721875
-2 0.196875 0.652598 0.83125
-2 0.04375 0.654732 0.875
-2 -0.109375 0.640642 0.74375
-2 -0.021875 0.627773 0.896875
-2 -0.196875 0.622825 0.74375
-2 0.284375 0.612049 0.83125
-2 0.04375 0.589935 0.7
-2 0.240625 0.584916 0.503125
-2 -0.2625 0.558686 0.765625
-2 0.065625 0.527675 0.65625
-2 0.30625 0.496489 0.590625
-2 0.04375 0.483692 0.74375
-2 -0.196875 0.456344 0.809375
-2 0.284375 0.426205 0.765625
-2 -0.21875 0.403464 0.74375
-2 0.04375 0.374023 0.765625
-2 -0.30625 0.359584 0.809375
-2 0.021875 0.343646 0.74375
-2 0.04375 0.320659 0.74375
-2 -0.196875 0.305768 0.7
-2 -0.196875 0.290457 0.56875
-2 0.240625 0.28788 0.6125
-2 0.284375 0.287992 0.48125
-2 0.021875 0.284194 0.021875
-2 -0.30625 0.277153 0.546875
-2 0.04375 0.271785 0.56875
-2 0.30625 0.267115 0.546875
-2 0.021875 0.266179 0.48125
-2 0.04375 0.269534 0.48125
-2 0.021875 0.278018 0.371875
-2 -0.21875 0.278407 0.415625
-2 -0.21875 0.276179 0.284375
-2 -0.153125 0.280826 0.39375
-2 -0.196875 0.284355 0.328125
-2 -0.196875 0.27836 0.503125
-2 0.065625 0.28311 0.21875
-2 0.2625 0.280359 0.459375
-2 0.04375 0.279773 0.30625
-2 0.021875 0.278766 0.590625
-2 -0.153125 0.278877 0.371875
-2 0.2625 0.280313 0.35
-2 0.04375 0.278854 0.196875
-2 0.284375 0.28465 0.13125
-2 0.04375 0.281098 0.39375
-2 -0.196875 0.293698 0.371875
-2 0.065625 0.306298 0.415625
-2 0.328125 0.319318 0.503125
-2 0.109375 0.331918 0.415625
-2 0.284375 0.344938 0.56875
-2 -0.153125 0.357538 0.459375
-2 0.021875 0.370558 0.459375
-2 -0.153125 0.383158 0.4375
-2 -0.196875 0.396178 0.525
-2 0.04375 0.408778 0.48125
-2 0.04375 0.421798 0.546875
-2 -0.196875 0.434398 0.503125
-2 0.021875 0.447418 0.503125
-2 0.04375 0.460018 0.459375
-2 -0.21875 0.473038 0.6125
-2 -0.196875 0.485638 0.56875
-2 0.021875 0.498658 0.6125
-2 -0.196875 0.511258 0.503125
-2 0.04375 0.524278 0.6125
-2 0.065625 0.536878 0.678125
-2 0.065625 0.549898 0.678125
-2 -0.30625 0.562498 0.74375
-2 0.065625 0.575518 0.7
-2 0.284375 0.595794 0.7875
-2 -0.2625 0.611605 0.765625
-2 0.04375 0.610669 0.765625
-2 0.371875 0.631992 0.83125
-2 0.39375 0.637685 0.83125
-2 0.2625 0.646098 0.853125
-2 0.04375 0.654583 0.83125
-2 0.2625 0.668404 0.809375
-2 0.021875 0.674795 0.809375
-2 0.021875 0.673963 0.83125
-2 -0.196875 0.680528 0.7875
-2 -0.153125 0.684128 0.765625
-2 0.328125 0.680854 0.853125
-2 0.065625 0.679395 0.853125
-2 0.2625 0.674899 0.896875
-2 -0.109375 0.675185 0.7875
-2 0.284375 0.676446 0.896875
-2 -0.175 0.670626 0.875
-2 0.284375 0.662713 0.875
-2 -0.175 0.662578 0.875
-2 0.284375 0.653618 0.896875
-2 -0.240625 0.640995 0.91875
-2 0.284375 0.634477 0.896875
-2 0.284375 0.630925 0.896875
-2 0.065625 0.622663 0.875
-2 -0.240625 0.60655 0.853125
-2 0.065625 0.599858 0.809375
-2 0 0.582803 0.809375
-2 0.021875 0.570354 0.809375
-2 -0.35 0.567325 0.765625
-2 0.021875 0.543014 0.809375
-2 -0.2625 0.53039 0.809375
-2 0.284375 0.512708 0.721875
-2 -0.0875 0.502004 0.678125
-2 -0.153125 0.485194 0.74375
-2 0.04375 0.461755 0.721875
-2 -0.175 0.446515 0.721875
-2 -0.196875 0.435113 0.634375
-2 0.284375 0.418477 0.678125
-2 0.021875 0.402714 0.721875
-2 0.021875 0.382764 0.284375
-2 0.04375 0.378688 0.6125
-2 -0.153125 0.370775 0.56875
-2 -0.109375 0.365653 0.590625
-2 -0.21875 0.351983 0.546875
-2 0 0.345465 0.546875
-2 0.04375 0.34261 0.459375
-2 0.04375 0.339756 0.459375
-2 0.04375 0.338123 0.525
-2 -0.175 0.330209 0.48125
-2 0.04375 0.321773 0.459375
-2 0.284375 0.322756 0.4375
-2 0.065625 0.325484 0.415625
-2 0.415625 0.326467 0.459375
-2 0.065625 0.31646 0.415625
-2 0.04375 0.317444 0.634375
-2 0.284375 0.313019 0.503125
-2 0.04375 0.309467 0.503125
-2 0.2625 0.306264 0.525
-2 0.065625 0.301142 0.525
-2 0.2625 0.305439 0.546875
-2 0.4375 0.310609 0.328125
-2 0.04375 0.317349 0.503125
-2 0.328125 0.308738 0.56875
-2 0.2625 0.330132 0.590625
-2 0.04375 0.329196 0.48125
-2 -0.240625 0.342216 0.4375
-2 0.04375 0.355236 0.6125
-2 0.021875 0.368256 0.525
-2 0.284375 0.381696 0.678125
-2 0.021875 0.394716 0.503125
-2 -0.39375 0.407736 0.503125
-2 -0.2625 0.420756 0.48125
-2 0.284375 0.433776 0.459375
-2 -0.153125 0.446796 0.39375
-2 -0.021875 0.459816 0.503125
-2 0.04375 0.472836 0.525
-2 -0.021875 0.474517 0.6125
-2 0.065625 0.498876 0.525
-2 0.2625 0.511896 0.678125
-2 0.021875 0.525336 0.634375
-2 0.284375 0.538356 0.678125
-2 0.04375 0.551376 0.7
-2 -0.175 0.564396 0.65625
-2 0.30625 0.577416 0.678125
-2 0.021875 0.590436 0.74375
-2 0.04375 0.603456 0.7875
-2 0 0.618395 0.74375
-2 0.109375 0.63637 0.765625
-2 0.021875 0.643808 0.765625
-2 0.284375 0.665899 0.74375
-2 0.2625 0.675256 0.83125
-2 -0.240625 0.680949 0.7875
-2 0.04375 0.692819 0.7875
-2 0.021875 0.705142 0.853125
-2 0.284375 0.715965 0.83125
-2 0.284375 0.725147 0.91875
-2 -0.196875 0.72341 0.875
-2 0.04375 0.733465 0.940625
-2 0.04375 0.732077 0.853125
-2 0.021875 0.730967 0.875
-2 -0.175 0.721729 0.83125
-2 0.284375 0.712944 0.875
-2 -0.2625 0.704753 0.9625
-2 -0.0875 0.699702 0.896875
-2 0.021875 0.67382 0.896875
-2 0.2625 0.66371 1.05
-2 0.284375 0.65004 0.984375
-2 0.04375 0.63051 1.07187
-2 0.04375 0.60899 0.91875
-2 -0.196875 0.597136 0.809375
-2 0.284375 0.583815 0.91875
-2 -0.196875 0.564808 0.74375
-2 0.2625 0.551384 0.875
-2 0.04375 0.53876 0.721875
-2 0.2625 0.52394 0.83125
-2 -0.153125 0.5087 0.7
-2 0.2625 0.497893 0.7875
-2 -0.196875 0.482653 0.7
-2 -0.2625 0.468705 0.765625
-2 -0.13125 0.460863 0.65625
-2 -0.021875 0.443878 0.809375
-2 0.04375 0.432896 0.634375
-2 -0.284375 0.42725 0.765625
-2 -0.175 0.40144 0.634375
-2 -0.021875 0.396913 0.765625
-2 -0.175 0.382894 0.634375
-2 0.284375 0.367376 0.7
-2 0.04375 0.358416 0.56875
-2 0.284375 0.344643 0.678125
-2 0.04375 0.335579 0.503125
-2 0.284375 0.330806 0.634375
-2 0.065625 0.322964 0.503125
-2 0.240625 0.309016 0.6125
-2 0.065625 0.299358 0.525
-2 0.284375 0.291865 0.525
-2 0.065625 0.289605 0.459375
-2 0.284375 0.286925 0.503125
-2 -0.196875 0.279432 0.4375
-2 0.284375 0.277172 0.459375
-2 0.04375 0.266642 0.4375
-2 0.284375 0.268743 0.503125
-2 0.109375 0.258109 0.39375
-2 -0.328125 0.254034 0.459375
-2 0.065625 0.255612 0.39375
-2 0.2625 0.240966 0.371875
-2 0.04375 0.241949 0.371875
-2 0.284375 0.234107 0.459375
-2 0.04375 0.23237 0.371875
-2 -0.021875 0.220968 0.39375
-2 -0.13125 0.222023 0.35
-2 0.284375 0.229706 0.35
-2 0.021875 0.220746 0.35
-2 -0.196875 0.226859 0.35
-2 0.284375 0.224599 0.371875
-2 0.284375 0.229317 0.35
-2 -0.153125 0.230475 0.35
-2 -0.21875 0.22804 0.371875
-2 -0.21875 0.238515 0.48125
-2 0.284375 0.263468 0.175
-2 -0.196875 0.262533 0.371875
-2 0.04375 0.275973 0.371875
-2 -0.175 0.289413 0.371875
-2 -0.21875 0.302433 0.371875
-2 -0.153125 0.315873 0.328125
-2 0.35 0.329313 0.371875
-2 0 0.342753 0.4375
-2 -0.284375 0.356193 0.39375
-2 -0.30625 0.369213 0.415625
-2 0.30625 0.382653 0.4375
-2 0.04375 0.396093 0.48125
-2 0.04375 0.409533 0.48125
-2 -0.21875 0.425693 0.48125
-2 -0.175 0.43355 0.503125
-2 -0.196875 0.459725 0.503125
-2 0.04375 0.464268 0.525
-2 0.021875 0.487477 0.525
-2 0.30625 0.489055 0.546875
-2 0.30625 0.497785 0.546875
-2 0.04375 0.52047 0.56875
-2 0.284375 0.52292 0.590625
-2 0 0.529732 0.590625
-2 -0.196875 0.533577 0.634375
-2 0.284375 0.54597 0.65625
-2 0.196875 0.543536 0.721875
-2 0.2625 0.549475 0.678125
-2 -0.30625 0.544598 0.721875
-2 -0.196875 0.541466 0.721875
-2 0.284375 0.536066 0.721875
-2 0.04375 0.53241 0.74375
-2 0.021875 0.533116 0.721875
-2 -0.175 0.531903 0.74375
-2 0.04375 0.524409 0.809375
-2 -0.175 0.518835 0.765625
-2 0.04375 0.509946 0.7875
-2 0.04375 0.510128 0.765625
-2 -0.175 0.504554 0.74375
-2 -0.196875 0.500724 0.35
-2 0.065625 0.498115 0.765625
-2 -0.2625 0.49568 0.721875
-2 -0.2625 0.495688 0.7
-2 0.48125 0.497092 0.65625
-2 -0.065625 0.496925 0.65625
-2 -0.30625 0.499724 0.7
-2 -0.153125 0.49851 0.6125
-2 0.284375 0.493459 0.7
-2 0.284375 0.499224 0.6125
-2 -0.196875 0.49173 0.678125
-2 0.021875 0.490692 0.678125
-2 0.021875 0.487036 0.6125
-2 -0.21875 0.485997 0.7
-2 0.021875 0.478504 0.678125
-2 0.2625 0.476069 0.721875
-2 0.021875 0.468298 0.721875
-2 0.04375 0.468306 0.6125
-2 0.284375 0.466918 0.678125
-2 0.328125 0.46553 0.678125
-2 0.284375 0.461003 0.6125
-2 0.04375 0.466069 0.7
-2 0.04375 0.465728 0.7
-2 0.04375 0.463643 0.65625
-2 0.0875 0.469756 0.65625
-2 -0.196875 0.466275 0.7
-2 0.021875 0.472634 0.7
-2 0.04375 0.486423 0.678125
-2 0.04375 0.481372 0.6125
-2 -0.30625 0.497777 0.7
-2 0.2625 0.49918 0.634375
-2 0.021875 0.5032 0.65625
-2 0.4375 0.525537 0.65625
-2 0.21875 0.525196 0.7
-2 0.284375 0.55493 0.74375
-2 0.284375 0.547612 0.74375
-2 -0.13125 0.561052 0.678125
-2 0.04375 0.57327 0.74375
-2 0.021875 0.58671 0.65625
-2 0.021875 0.598929 0.721875
-2 0 0.612789 0.7875
-2 -0.196875 0.626229 0.809375
-2 0.021875 0.639669 0.809375
-2 0.04375 0.651888 0.809375
-2 0.328125 0.665328 0.875
-2 0.284375 0.678768 0.853125
-2 0.328125 0.691407 0.875
-2 0.284375 0.703626 0.875
-2 0.284375 0.715845 0.853125
-2 -0.196875 0.735042 0.896875
-2 0.04375 0.73784 0.91875
-2 0.284375 0.751003 0.940625
-2 0.2625 0.77613 0.984375
-2 -0.415625 0.789919 1.00625
-2 0 0.795858 0.896875
-2 -0.175 0.806229 0.984375
-2 0.021875 0.814959 1.05
-2 -0.109375 0.824213 1.02812
-2 0.240625 0.834338 1.05
-2 0.30625 0.837034 1.11563
-2 -0.109375 0.846462 1.05
-2 -0.2625 0.854145 1.07187
-2 0.328125 0.857118 1.07187
-2 0.284375 0.861384 1.1375
-2 0.328125 0.866625 1.1375
-2 0.04375 0.869773 1.1375
-2 0.284375 0.868559 1.15938
-2 0.021875 0.86794 1.18125
-2 0.04375 0.868646 1.11563
-2 -0.175 0.873364 1.18125
-2 0.04375 0.863079 1.1375
-2 0.065625 0.857925 1.20312
-2 -0.175 0.856537 1.09375
-2 -0.2625 0.846776 1.1375
-2 0.065625 0.847029 1.05
-2 0.30625 0.832384 1.07187
-2 0.30625 0.821925 1.05
-2 0.284375 0.807525 1.00625
-2 0.04375 0.800032 1.02812
-2 0.284375 0.788003 1.00625
-2 0.04375 0.783895 0.984375
-2 0.35 0.773436 0.940625
-2 0.04375 0.762803 0.91875
-2 0.021875 0.751995 0.875
-2 -0.196875 0.736548 0.853125
-2 0.284375 0.715972 0.853125
-2 0.04375 0.68465 0.853125
-2 0.021875 0.66198 0.809375
-2 0.04375 0.625006 0.853125
-2 0.021875 0.598918 0.875
-2 0.04375 0.568398 0.896875
-2 -0.196875 0.526888 0.853125
-2 -0.196875 0.49609 0.853125
-2 0.021875 0.45301 0.809375
-2 -0.175 0.423712 0.721875
-2 0.021875 0.380005 0.809375
-2 0.328125 0.354544 0.721875
-2 0.284375 0.337527 0.74375
-2 0.284375 0.318172 0.7
-2 0.065625 0.302828 0.65625
-2 0.2625 0.283893 0.590625
-2 0.109375 0.274132 0.590625
-2 0.021875 0.263395 0.459375
-2 0.04375 0.24997 0.48125
-2 0.04375 0.243524 0.459375
-2 -0.21875 0.226682 0.4375
-2 0.04375 0.218665 0.371875
-2 0.04375 0.21037 0.4375
-2 0.284375 0.204098 0.30625
-2 -0.196875 0.190745 0.2625
-2 0.284375 0.17575 0.196875
-2 0.065625 0.169549 0.240625
-2 0.13125 0.159963 0.2625
-2 0.109375 0.12543 0.30625
-2 -0.153125 0.106669 0.328125
-2 0.021875 0.0539949 -0.284375
-2 0.04375 0.0190104 0.284375
-2 -0.196875 -0.0176151 0.284375
-2 0.284375 -0.0532973 0.284375
-2 0.2625 -0.0857362 0.459375
-2 0.284375 -0.115487 0.30625
-2 -0.153125 -0.144786 0.2625
-2 0.284375 -0.168083 -0.04375
-2 0.04375 -0.184473 0
-2 0.196875 -0.194163 -0.065625
-2 0.04375 -0.184037 -0.021875
-2 0.065625 -0.167735 -0.153125
-2 0.284375 -0.14662 -0.196875
-2 0.284375 -0.131015 -0.240625
-2 0.04375 -0.117575 -0.109375
-2 0.021875 -0.103715 -0.175
-2 0.39375 -0.0914962 -0.240625
-2 0.04375 -0.0776362 -0.0875
-2 0.328125 -0.0641962 -0.240625
-2 -0.153125 -0.0503362 -0.065625
-2 0.284375 -0.0364762 -0.240625
-2 0.109375 -0.0230362 -0.13125
-2 0.109375 -0.00917622 -0.0875
-2 -0.196875 0.00426378 -0.021875
-2 0 0.0181238 -0.196875
-2 -0.153125 0.0319838 -0.109375
-2 0.240625 0.0454238 -0.04375
-2 -0.21875 0.0592838 -0.021875
-2 0.04375 0.0731438 0.284375
-2 0.4375 0.0865838 0.21875
-2 0.284375 0.100444 0.30625
-2 -0.196875 0.113884 0
-2 0.04375 0.127744 0.328125
-2 0.2625 0.141604 -0.021875
-2 -0.21875 0.155044 0
-2 0.04375 0.168904 0
-2 -0.2625 0.182764 0.328125
-2 0.284375 0.196204 0.13125
-2 0.35 0.210064 0.284375
-2 -0.13125 0.223924 0.30625
-2 0.284375 0.237364 0.30625
-2 -0.109375 0.251224 0.30625
-2 -0.04375 0.265084 -0.04375
-2 0 0.278944 0.39375
-2 -0.153125 0.292384 0.39375
-2 -0.175 0.306244 0.39375
-2 0.04375 0.320104 0.371875
-2 -0.21875 0.333544 0.415625
-2 0.021875 0.347404 0.415625
-2 0.04375 0.361264 0.4375
-2 0.021875 0.392219 0.459375
-2 0.328125 0.387343 0.459375
-2 0.021875 0.401203 0.503125
-2 0.04375 0.413842 0.371875
-2 0.04375 0.427702 0.503125
-2 -0.153125 0.441142 0.525
-2 0.021875 0.455525 0.503125
-2 -0.240625 0.46764 0.83125
-2 0.2625 0.491618 0.590625
-2 0.04375 0.494243 0.721875
-2 0.04375 0.516476 0.546875
-2 0.284375 0.517776 0.6125
-2 0.021875 0.530415 0.74375
-2 0.284375 0.543855 0.65625
-2 -0.153125 0.573066 0.721875
-2 0.021875 0.569656 0.74375
-2 0.284375 0.579329 0.74375
-2 -0.21875 0.60854 0.721875
-2 0.04375 0.602966 0.74375
-2 -0.30625 0.62014 0.765625
-2 0.04375 0.629116 0.7
-2 -0.153125 0.641057 0.940625
-2 0.065625 0.659104 0.765625
-2 0.284375 0.676033 0.875
-2 0.065625 0.68117 0.83125
-2 0.04375 0.691542 0.896875
-2 0.284375 0.699819 0.896875
-2 0.021875 0.706353 0.940625
-2 0.04375 0.715503 0.940625
-2 0.04375 0.72179 0.896875
-2 0.284375 0.725882 0.91875
-2 0.284375 0.732589 0.984375
-2 0.04375 0.735459 0.984375
-2 0.459375 0.738155 1.07187
-2 0.240625 0.743642 1.00625
-2 0.04375 0.753315 1.00625
-2 0.2625 0.757406 1.00625
-2 0.04375 0.757937 1.11563
-2 0.021875 0.760807 1.00625
-2 0.04375 0.762282 1.05
-2 -0.153125 0.770734 1.05
-2 0.021875 0.77308 0.984375
-2 0.284375 0.778916 1.00625
-2 0.04375 0.779867 1.05
-2 -0.196875 0.782317 1.07187
-2 0.284375 0.790246 1.02812
-2 0.04375 0.79172 0.9625
-2 0.04375 0.795812 0.984375
-2 0.04375 0.805659 1.00625
-2 0.284375 0.805389 0.984375
-2 0.30625 0.815412 1.11563
-2 0.284375 0.817164 1.05
-2 0.525 0.822825 1.02812
-2 -0.196875 0.827614 1.07187
-2 0.2625 0.825076 1.07187
-2 -0.13125 0.83126 0.984375
-2 -0.175 0.82942 1.18125
-2 0.2625 0.828627 1.11563
-2 0.065625 0.829753 1.11563
-2 -0.328125 0.826517 1.11563
-2 0.284375 0.823456 1.11563
-2 0.2625 0.82294 1.15938
-2 -0.153125 0.818833 1.07187
-2 0.30625 0.805654 1.3125
-2 -0.196875 0.808349 1.09375
-2 0.021875 0.801625 1.1375
-2 0.2625 0.788446 1.11563
-2 0.021875 0.788699 1.00625
-2 0.284375 0.781975 1.11563
-2 0.065625 0.774029 0.984375
-2 -0.240625 0.755792 1.02812
-2 -0.21875 0.752382 0.984375
-2 0.284375 0.743389 0.9625
-2 -0.196875 0.733699 0.940625
-2 0.021875 0.725405 0.809375
-2 -0.30625 0.711005 0.9625
-2 0 0.686836 0.809375
-2 0.04375 0.678193 0.875
-2 0.021875 0.654198 0.809375
-2 0.284375 0.630204 0.809375
-2 0.021875 0.604988 0.7875
-2 0.021875 0.577505 0.809375
-2 0.04375 0.553685 0.83125
-2 -0.175 0.542425 0.83125
-2 0.04375 0.49802 0.83125
-2 0.04375 0.477689 0.83125
-2 0.2625 0.446019 0.853125
-2 -0.196875 0.414524 0.809375
-2 0.021875 0.392099 0.765625
-2 -0.175 0.366709 0.7875
-2 -0.196875 0.349169 0.765625
-2 0.04375 0.332676 0.65625
-2 0.284375 0.314787 0.634375
-2 0.328125 0.311552 0.6125
-2 0.021875 0.301338 0.590625
-2 -0.196875 0.294963 0.590625
-2 0.35 0.294169 0.546875
-2 0.04375 0.292155 0.546875
-2 0.284375 0.287524 0.48125
-2 0.04375 0.287325 0.4375
-2 0.04375 0.285834 0.459375
-2 -0.2625 0.295158 0.4375
-2 0.04375 0.282852 0.4375
-2 0.2625 0.283803 0.39375
-2 -0.21875 0.28266 0.39375
-2 0.021875 0.27454 0.328125
-2 0.04375 0.265199 0.371875
-2 -0.240625 0.262836 0.371875
-2 0.021875 0.249657 0.35
-2 0.284375 0.248586 0.35
-2 0.065625 0.228429 0.35
-2 0.021875 0.215076 0.371875
-2 -0.196875 0.202595 0.35
-2 -0.196875 0.1943 0.35
-2 0.04375 0.18461 0.415625
-2 0.04375 0.173002 0.39375
-2 0.04375 0.16565 0.459375
-2 0.021875 0.160322 0.30625
-2 0.04375 0.150806 0.39375
-2 -0.240625 0.146 0.284375
-2 0.021875 0.140568 0.39375
-2 -0.21875 0.155824 0.240625
-2 0.04375 0.155728 0.30625
-2 -0.153125 0.170008 0.240625
-2 -0.175 0.183868 0.240625
-2 -0.240625 0.198148 0.240625
-2 -0.153125 0.212008 0.240625
-2 0.2625 0.225868 0.240625
-2 -0.196875 0.240148 0.240625
-2 0.021875 0.254008 0.240625
-2 0.240625 0.268288 0.2625
-2 0.021875 0.282148 0.2625
-2 0.284375 0.296008 0.4375
-2 0.284375 0.310288 0.35
-2 0.284375 0.324148 0.2625
-2 -0.175 0.338428 0.284375
-2 0.284375 0.352288 0.284375
-2 0.065625 0.366568 0.4375
-2 0.021875 0.380428 0.4375
-2 0.04375 0.394708 0.4375
-2 0.2625 0.407347 0.4375
-2 0.284375 0.421627 0.546875
-2 0.2625 0.435487 0.503125
-2 -0.175 0.465118 0.546875
-2 0.2625 0.461185 0.546875
-2 -0.175 0.475988 0.6125
-2 0.284375 0.505199 0.590625
-2 -0.175 0.497499 0.590625
-2 0.284375 0.508917 0.590625
-2 -0.109375 0.540467 0.634375
-2 0.2625 0.543686 0.634375
-2 0.04375 0.562676 0.634375
-2 0.284375 0.565197 0.65625
-2 0.04375 0.584362 0.678125
-2 0.2625 0.583917 0.721875
-2 -0.2625 0.60186 0.74375
-2 0.2625 0.610313 0.74375
-2 0.04375 0.616219 0.721875
-2 0.2625 0.630079 0.7875
-2 0.04375 0.629532 0.853125
-2 0.2625 0.631775 0.7875
-2 0.04375 0.637959 0.83125
-2 0.284375 0.641947 0.7875
-2 0.284375 0.636967 0.896875
-2 -0.021875 0.63136 0.853125
-2 0.04375 0.631963 0.721875
-2 0 0.630194 0.875
-2 0.04375 0.62982 0.875
-2 0.284375 0.618037 0.896875
-2 -0.153125 0.627956 0.91875
-2 0.30625 0.621755 0.875
-2 -0.175 0.627662 0.896875
-2 0.284375 0.62659 0.875
-2 -0.196875 0.629984 0.875
-2 0.284375 0.634669 0.853125
-2 0.04375 0.628365 0.9625
-2 0.284375 0.645365 0.853125
-2 0.0875 0.646213 0.853125
-2 0.284375 0.639663 0.765625
-2 -0.196875 0.650279 0.809375
-2 0.284375 0.642928 0.875
-2 -0.196875 0.650508 0.7875
-2 0.284375 0.647693 0.83125
-2 -0.13125 0.649238 0.83125
-2 0.284375 0.648619 0.853125
-2 -0.175 0.640047 0.91875
-2 0.2625 0.637232 0.875
-2 -0.21875 0.635217 0.83125
-2 0.284375 0.639379 0.875
-2 0.04375 0.630633 0.875
-2 0.284375 0.626422 0.809375
-2 0.021875 0.614115 0.853125
-2 0.284375 0.628918 0.875
-2 0.04375 0.618776 0.875
-2 0.284375 0.623042 0.875
-2 0.065625 0.622494 0.853125
-2 0.284375 0.624563 0.853125
-2 0.021875 0.635703 0.875
-2 0.328125 0.630723 0.896875
-2 0.04375 0.632792 0.875
-2 -0.109375 0.629278 0.896875
-2 0.30625 0.632743 0.940625
-2 0.04375 0.636136 0.7
-2 -0.2625 0.640822 0.875
-2 -0.021875 0.635913 0.7875
-2 0.371875 0.63676 0.940625
-2 0.328125 0.640748 0.875
-2 0.2625 0.643618 1.11563
-2 0.2625 0.645164 0.83125
-2 -0.196875 0.640604 0.91875
-2 0.2625 0.645289 0.83125
-2 0.284375 0.655137 0.853125
-2 -0.196875 0.649007 0.853125
-2 -0.153125 0.654914 0.9625
-2 0.284375 0.65297 0.940625
-2 0.065625 0.662715 0.875
-2 -0.153125 0.662167 0.875
-2 0.328125 0.664863 0.9625
-2 -0.153125 0.674607 1.00625
-2 0.21875 0.675106 1.00625
-2 -0.175 0.679617 0.875
-2 0.2625 0.684128 1.00625
-2 -0.21875 0.691256 0.875
-2 0.284375 0.697163 1.00625
-2 0.04375 0.698637 0.853125
-2 0.175 0.711522 0.984375
-2 0.021875 0.716207 0.853125
-2 0.2625 0.712519 1.02812
-2 0.065625 0.722962 0.83125
-2 0.284375 0.718576 1.02812
-2 0.04375 0.724657 0.91875
-2 0.284375 0.726028 0.984375
-2 0.04375 0.72705 0.9625
-2 0.2625 0.726257 0.9625
-2 0.04375 0.729896 0.984375
-2 -0.284375 0.730046 0.940625
-2 0.065625 0.72723 0.9625
-2 0.021875 0.725636 0.9625
-2 0.04375 0.725437 0.9625
-2 -0.21875 0.71826 0.984375
-2 0.284375 0.716666 0.91875
-2 -0.240625 0.712455 0.984375
-2 0.04375 0.715222 0.984375
-2 0 0.713104 0.940625
-2 -0.109375 0.707497 0.984375
-2 0.284375 0.706949 0.9625
-2 0.04375 0.697679 0.984375
-2 0 0.701493 0.984375
-2 0.021875 0.703562 0.9625
-2 -0.21875 0.701095 0.940625
-2 -0.175 0.708223 0.940625
-2 0.2625 0.705582 0.984375
-2 0.04375 0.712535 0.9625
-2 -0.196875 0.714255 1.05
-2 0.04375 0.720685 0.984375
-2 0.04375 0.728859 1.05
-2 0.328125 0.733022 0.984375
-2 0.04375 0.735439 1.00625
-2 0.021875 0.748673 0.984375
-2 0.021875 0.742717 1.00625
-2 0.2625 0.76851 1.05
-2 0.021875 0.777732 1.05
-2 0.04375 0.793407 1.05
-2 0.021875 0.799488 1.05
-2 0.04375 0.805569 1.05
-2 -0.2625 0.82735 1.05
-2 0.2625 0.836048 1.05
-2 0.284375 0.845967 1.02812
-2 -0.175 0.863387 1.09375
-2 0.021875 0.873726 1.18125
-2 -0.196875 0.886785 1.15938
-2 -0.240625 0.901065 1.1375
-2 0.04375 0.921102 1.15938
-2 0.2625 0.940337 1.18125
-2 -0.153125 0.946942 1.18125
-2 -0.240625 0.969595 1.24687
-2 0.021875 0.962315 1.24687
-2 0.021875 0.982875 1.35625
-2 0.04375 0.99227 1.24687
-2 0.021875 1.00331 1.33438
-2 -0.175 1.02491 1.3125
-2 0.2625 1.03211 1.33438
-2 0.04375 1.04814 1.35625
-2 -0.21875 1.05683 1.42188
-2 -0.153125 1.06543 1.35625
-2 -0.153125 1.07639 1.42188
-2 0.021875 1.08474 1.44375
-2 0.2625 1.08967 1.44375
-2 0.284375 1.09715 1.55313
-2 0.284375 1.10086 1.44375
-2 0.328125 1.10694 1.55313
-2 -0.109375 1.11023 1.46562
-2 0.04375 1.12668 1.53125
-2 0.021875 1.11915 1.50937
-2 0.021875 1.12949 1.59688
-2 -0.30625 1.1265 1.53125
-2 -0.021875 1.13049 1.6625
-2 -0.196875 1.13176 1.55313
-2 0.065625 1.13539 1.4875
-2 0.2625 1.12968 1.72812
-2 0.04375 1.13053 1.55313
-2 -0.021875 1.12395 1.50937
-2 -0.021875 1.12724 1.68437
-2 0.065625 1.12519 1.53125
-2 0.2625 1.12779 1.68437
-2 0.04375 1.12731 1.575
-2 0.2625 1.1367 1.70625
-2 0.065625 1.14216 1.53125
-2 0.2625 1.15016 1.72812
-2 0.04375 1.15021 1.59688
-2 -0.04375 1.15454 1.6625
-2 -0.153125 1.16924 1.59688
-2 0.240625 1.1823 1.68437
-2 0.04375 1.197 1.59688
-2 0.284375 1.21128 1.72812
-2 0.021875 1.22598 1.59688
-2 -0.328125 1.24026 1.79375
-2 -0.2625 1.25374 1.61875
-2 0.284375 1.26802 1.81563
-2 -0.21875 1.29982 1.61875
-2 0.284375 1.29508 1.81563
-2 0.30625 1.30559 1.68437
-2 0.284375 1.32441 1.88125
-2 0.065625 1.3494 1.81563
-2 0.284375 1.34823 1.42188
-2 0.021875 1.36547 1.90312
-2 0.04375 1.37145 1.8375
-2 0.04375 1.38521 1.46562
-2 0.021875 1.40218 1.99063
-2 0.30625 1.40379 1.94687
-2 0.04375 1.4172 1.81563
-2 0.065625 1.4251 1.925
-2 0.021875 1.43728 1.99063
-2 0.284375 1.44099 1.55313
-2 0.21875 1.45691 1.99063
-2 0.04375 1.44921 1.96875
-2 -0.196875 1.45729 2.16562
-2 0.04375 1.47059 1.99063
-2 0.109375 1.46952 1.96875
-2 0.2625 1.47916 2.0125
-2 0.284375 1.48182 2.03437
-2 0.196875 1.48721 1.99063
-2 0.30625 1.48621 2.03437
-2 -0.196875 1.48573 1.90312
-2 0.065625 1.48229 1.96875
-2 0.065625 1.48059 1.96875
-2 -0.2625 1.48099 2.07812
-2 -0.175 1.47754 1.94687
-2 0.04375 1.46503 1.925
-2 0.04375 1.4649 1.925
-2 -0.196875 1.45326 1.94687
-2 -0.21875 1.4457 1.96875
-2 0.284375 1.43598 1.94687
-2 0.21875 1.43027 1.925
-2 0.2625 1.42125 1.925
-2 0.30625 1.41693 1.88125
-2 0.2625 1.41094 1.94687
-2 -0.240625 1.40018 1.99063
-2 0 1.38295 1.99063
-2 0.04375 1.3741 1.925
-2 0.4375 1.35269 1.96875
-2 -0.21875 1.32891 1.99063
-2 0.2625 1.3089 1.99063
-2 -0.284375 1.28487 1.99063
-2 -0.2625 1.26834 1.99063
-2 0.021875 1.25852 1.96875
-2 0.04375 1.25368 2.0125
-2 0.2625 1.24989 1.88125
-2 0.328125 1.24383 1.94687
-2 -0.109375 1.25895 1.96875
-2 0.30625 1.27365 1.77188
-2 -0.109375 1.28835 1.75
-2 0.328125 1.30347 1.75
-2 0.065625 1.31817 1.77188
-2 0.2625 1.33287 1.77188
-2 -0.153125 1.34513 1.77188
-2 0.2625 1.36025 1.85938
-2 0.065625 1.38245 1.8375
-2 0.2625 1.38895 1.88125
-2 -0.175 1.40111 1.88125
-2 0.2625 1.41581 1.96875
-2 0.04375 1.42928 1.94687
-2 0.284375 1.4444 1.96875
-2 0.04375 1.4591 2.0125
-2 0.284375 1.4738 1.94687
-2 0.04375 1.48892 2.03437
-2 0.284375 1.50362 2.05625
-2 0.065625 1.51874 2.05625
-2 0.284375 1.53344 2.12188
-2 0.065625 1.54814 2.1
-2 0.2625 1.56326 2.12188
-2 -0.21875 1.57796 2.12188
-2 0.2625 1.59266 2.1875
-2 -0.196875 1.60778 2.20938
-2 0.2625 1.62248 2.1875
-2 -0.153125 1.63638 2.14375
-2 0.2625 1.64986 2.20938
-2 0.04375 1.66376 2.25312
-2 0.2625 1.69259 2.23125
-2 0.04375 1.70101 2.23125
-2 -0.284375 1.71125 2.25312
-2 0.04375 1.72804 2.25312
-2 0.2625 1.74665 2.34063
-2 -0.196875 1.75542 2.31875
-2 -0.021875 1.76199 2.31875
-2 0.04375 1.7739 2.38437
-2 -0.284375 1.78762 2.40625
-2 0.065625 1.78697 2.42813
-2 0 1.79686 2.47187
-2 0.065625 1.79673 2.47187
-2 -0.284375 1.79964 2.47187
-2 -0.175 1.80858 2.47187
-2 0.2625 1.80312 2.47187
-2 -0.196875 1.80421 2.5375
-2 0.2625 1.81078 2.55938
-2 0.065625 1.8117 2.58125
-2 0.2625 1.80938 2.49375
-2 0.04375 1.81972 2.58125
-2 0.2625 1.82106 2.55938
-2 -0.196875 1.83785 2.58125
-2 0.240625 1.84233 2.64688
-2 0.284375 1.83924 2.60312
-2 -0.021875 1.86447 2.55938
-2 -0.175 1.88361 2.58125
-2 0.284375 1.88051 2.5375
-2 -0.175 1.89441 2.55938
-2 0 1.90831 2.55938
-2 -0.175 1.92099 2.55938
-2 -0.328125 1.94842 2.625
-2 -0.196875 1.96424 2.58125
-2 0.240625 1.97134 2.60312
-2 0.04375 1.99239 2.7125
-2 -0.240625 2 2.69062
-2 0.175 2 2.82187
-2 -0.175 2 2.45
-2 -0.21875 2 2.69062
-2 0.065625 2 2.69062
-2 0.240625 2 2.73438
-2 0.459375 2 2.75625
-2 -0.13125 2 2.73438
-2 0.04375 2 2.73438
-2 -0.153125 2 2.75625
-2 0.04375 2 2.7125
-2 0.04375 2 2.75625
-2 -0.21875 2 2.66875
-2 0.30625 2 2.66875
-2 0.240625 2 2.90937
-2 0.04375 2 2.66875
-2 -0.2625 2 2.73438
-2 0.48125 2 2.73438
-2 0.284375 2 2.75625
-2 -0.196875 2 2.73438
-2 -0.021875 2 2.73438
-2 -0.175 2 2.75625
-2 0.0875 2 2.66875
-2 -0.2625 2 2.7125
-2 -0.175 2 2.73438
-2 -0.2625 2 2.77813
-2 -0.196875 2 2.73438
-2 -0.240625 2 2.73438
-2 -0.175 2 2.75625
-2 0.196875 2 2.75625
-2 -0.21875 2 2.73438
-2 0.04375 2 2.73438
-2 0.04375 2 2.73438
-2 0.021875 2 2.77813
-2 0.04375 2 2.73438
-2 -0.2625 2 2.73438
-2 -0.175 2 2.73438
-2 0.04375 2 2.77813
-2 0.04375 2 2.77813
-2 -0.21875 2 2.77813
-2 -0.196875 2 2.75625
-2 0.04375 2 2.75625
-2 0.065625 2 2.73438
-2 -0.284375 2 2.77813
-2 0.04375 2 2.75625
-2 -0.21875 2 2.73438
-2 -0.196875 2 2.73438
-2 -0.153125 2 2.75625
-2 0.240625 2 2.75625
-2 0.4375 2 2.73438
-2 0.04375 2 2.75625
-2 -0.13125 2 2.75625
-2 0.065625 2 2.75625
-2 -0.196875 2 2.75625
-2 -0.153125 2 2.75625
-2 0.04375 2 2.8
-2 -0.284375 2 2.75625
-2 -0.196875 2 2.75625
-2 0.04375 2 2.73438
-2 0.065625 2 2.75625
-2 0.065625 2 2.73438
-2 -0.196875 2 2.77813
-2 0.2625 2 2.73438
-2 -0.175 2 2.73438
-2 -0.21875 2 2.77813
-2 0.065625 2 2.73438
-2 -0.196875 2 2.75625
-2 -0.153125 2 2.75625
-2 -0.196875 2 2.75625
-2 -0.175 2 2.7125
-2 -0.21875 2 2.8
-2 0.0875 2 2.75625
-2 0.284375 2 2.75625
-2 -0.284375 2 2.7125
-2 0.04375 2 2.7125
-2 -0.175 2 2.75625
-2 0.04375 2 2.77813
-2 -0.175 2 2.75625
-2 -0.196875 2 2.77813
-2 0.04375 2 2.77813
-2 0.284375 2 2.77813
-2 -0.196875 2 2.7125
-2 -0.21875 2 2.77813
-2 -0.196875 2 2.73438
-2 -0.21875 2 2.73438
-2 -0.21875 2 2.69062
-2 0.04375 2 2.75625
-2 0.065625 2 2.7125
-2 0.503125 2 2.73438
-2 -0.065625 2 2.77813
-2 -0.196875 2 2.8
-2 -0.13125 2 2.82187
-2 -0.21875 2 2.77813
-2 -0.30625 2 2.69062
-2 0.04375 2 2.75625
-2 0.04375 2 2.75625
-2 0.04375 2 2.77813
-2 0.30625 2 2.58125
-2 0.065625 2 2.7125
-2 0.109375 2 2.55938
-2 0.065625 2 2.75625
-2 0.065625 2 2.75625
-2 -0.065625 2 2.73438
-2 0.065625 2 2.7125
-2 0.284375 2 2.69062
-2 0.065625 2 2.73438
-2 0.04375 2 2.75625
-2 -0.371875 2 2.77813
-2 0.065625 2 2.73438
-2 0.459375 2 2.73438
-2 -0.240625 2 2.75625
-2 -0.21875 2 2.77813
-2 -0.21875 2 2.75625
-2 0.284375 2 2.77813
-2 -0.175 2 2.77813
-2 0.04375 2 2.73438
-2 0.04375 2 2.75625
-2 -0.175 2 2.77813
-2 0.04375 2 2.77813
-2 0.2625 2 2.73438
-2 0.065625 2 2.75625
-2 -0.153125 2 2.75625
-2 -0.13125 2 2.73438
-2 -0.175 2 2.7125
-2 0.2625 2 2.77813
-2 -0.153125 2 2.82187
-2 -0.21875 2 2.77813
-2 -0.13125 2 2.75625
-2 0.284375 2 2.75625
-2 0.04375 2 2.75625
-2 0.065625 2 2.73438
-2 0.065625 2 2.73438
-2 -0.175 2 2.75625
-2 0.04375 2 2.7125
-2 0.065625 2 2.73438
-2 -0.196875 2 2.75625
-2 0.04375 2 2.73438
-2 0.04375 2 2.73438
-2 -0.196875 2 2.73438
-2 -0.196875 2 2.75625
-2 0.065625 2 2.75625
-2 0.021875 2 2.75625
-2 -0.196875 2 2.75625
-2 -0.196875 2 2.75625
-2 0.065625 2 2.73438
-2 -0.196875 2 2.77813
-2 -0.13125 2 2.73438
-2 0.0875 2 2.73438
-2 -0.13125 2 2.75625
-2 0.2625 2 2.73438
-2 -0.196875 2 2.73438
-2 -0.175 2 2.77813
-2 -0.153125 2 2.75625
-2 -0.196875 2 2.75625
-2 -0.196875 2 2.75625
-2 0.065625 2 2.75625
-2 0.0875 2 2.75625
-2 -0.196875 2 2.75625
-2 -0.175 2 2.73438
-2 -0.328125 2 2.75625
-2 0.04375 2 2.75625
-2 0.284375 2 2.75625
-2 -0.153125 2 2.75625
-2 0.2625 2 2.75625
-2 0.04375 2 2.73438
-2 0.04375 2 2.8
-2 0.065625 2 2.73438
-2 -0.21875 2 2.75625
-2 -0.175 2 2.73438
-2 -0.196875 2 2.75625
-2 0.04375 2 2.75625
-2 -0.109375 2 2.75625
-2 -0.153125 2 2.75625
-2 0.04375 2 2.75625
-2 -0.175 2 2.75625
-2 0.04375 2 2.75625
-2 0.04375 2 2.75625
-2 -0.240625 2 2.73438
-2 -0.196875 2 2.75625
-2 0.065625 2 2.77813
-2 -0.175 2 2.7125
-2 0.30625 2 2.77813
-2 0.065625 2 2.7125
-2 0 2 2.77813
-2 -0.153125 2 2.77813
-2 0 2 2.77813
-2 -0.153125 2 2.75625
-2 0.2625 2 2.77813
-2 0.065625 2 2.73438
-2 0.30625 2 2.8
-2 -0.153125 2 2.75625
-2 0.2625 2 2.7125
-2 -0.175 2 2.77813
-2 0.2625 2 2.75625
-2 0.065625 2 2.64688
-2 0.284375 2 2.75625
-2 -0.175 2 2.77813
-2 0.240625 2 2.84375
-2 0.065625 2 2.75625
-2 0.021875 2 2.69062
-2 -0.13125 2 2.77813
-2 0 2 2.77813
-2 -0.196875 2 2.75625
-2 0.2625 2 2.69062
-2 0.04375 2 2.7125
-2 0.240625 2 2.7125
-2 -0.4375 2 2.73438
-2 0.04375 2 2.66875
-2 0.196875 2 2.7125
-2 0.04375 2 2.73438
-2 0.35 2 2.73438
-2 0.04375 2 2.82187
-2 0.04375 2 2.75625
-2 0.2625 2 2.75625
-2 -0.153125 2 2.75625
-2 0.284375 2 2.75625
-2 -0.153125 2 2.75625
-2 0.04375 2 2.73438
-2 0.284375 2 2.7125
-2 0.240625 2 2.73438
-2 0.04375 2 2.75625
-2 0.065625 2 2.75625
-2 0.04375 2 2.8
-2 0.065625 2 2.75625
-2 -0.21875 2 2.75625
-2 0.065625 2 2.75625
-2 -0.21875 2 2.69062
-2 0.04375 2 2.75625
-2 0.240625 2 2.73438
-2 -0.175 2 2.75625
-2 0.04375 2 2.77813
-2 -0.175 2 2.8
-2 -0.175 2 2.75625
-2 0.04375 2 2.73438
-2 -0.175 2 2.75625
-2 0.04375 2 2.69062
-2 0.284375 2 2.75625
-2 0.04375 2 2.73438
-2 -0.240625 2 2.75625
-2 -0.175 2 2.73438
-2 0.284375 2 2.7125
-2 -0.175 2 2.75625
-2 0.04375 2 2.7125
-2 0.04375 2 2.75625
-2 -0.21875 2 2.75625
-2 -0.175 2 2.82187
-2 0.04375 2 2.8
-2 -0.153125 2 2.75625
-2 -0.21875 2 2.75625
-2 0.13125 2 2.73438
-2 0.04375 2 2.8
-2 0.04375 2 2.75625
-2 -0.196875 2 2.86563
-2 -0.196875 2 2.8
-2 0.04375 2 2.75625
-2 -0.196875 2 2.77813
-2 -0.240625 2 2.77813
-2 0.240625 2 2.7125
-2 0.065625 2 2.7125
-2 0.04375 2 2.7125
-2 -0.196875 2 2.75625
-2 0.284375 2 2.8
-2 -0.196875 2 2.40625
-2 0.240625 2 2.58125
-2 -0.284375 2 2.82187
-2 -0.35 2 2.77813
-2 0.284375 2 2.73438
-2 0.284375 2 2.7125
-2 -0.284375 2 2.75625
-2 -0.2625 2 2.77813
-2 0.065625 2 2.7125
-2 0.04375 2 2.82187
-2 -0.21875 2 2.7125
-2 0 2 2.77813
-2 0.04375 2 2.73438
-2 -0.415625 2 2.7125
-2 0.04375 2 2.8
-2 0 2 2.77813
-2 0.065625 2 2.7125
-2 0.04375 2 2.7125
-2 0.065625 2 2.7125
-2 -0.175 2 2.7125
-2 0.284375 2 2.73438
-2 -0.415625 2 2.86563
-2 0.04375 2 2.7125
-2 -0.196875 2 2.73438
-2 0.04375 2 2.73438
-2 0.284375 2 2.66875
-2 0.04375 2 2.73438
-2 0.2625 2 2.73438
-2 -0.153125 2 2.73438
-2 -0.21875 2 2.73438
-2 0.04375 2 2.7125
-2 -0.328125 2 2.73438
-2 0.021875 2 2.77813
-2 0.021875 2 2.75625
-2 0.284375 2 2.75625
-2 0.284375 2 2.73438
-2 0.35 2 2.73438
-2 0.04375 2 2.73438
-2 -0.175 2 2.75625
-2 -0.196875 2 2.73438
-2 0.04375 2 2.7125
-2 -0.21875 2 2.75625
-2 0.021875 2 2.75625
-2 -0.175 2 2.75625
-2 -0.21875 2 2.75625
-2 0.04375 2 2.75625
-2 0.021875 2 2.75625
-2 -0.13125 2 2.75625
-2 0.2625 2 2.75625
-2 -0.175 2 2.73438
-2 0.284375 2 2.77813
-2 -0.175 2 2.75625
-2 0.2625 2 2.77813
-2 0.04375 2 2.75625
-2 0.2625 2 2.77813
-2 0.04375 2 2.75625
-2 -0.196875 2 2.77813
-2 0.021875 2 2.77813
-2 0.2625 2 2.77813
-2 0.240625 2 2.77813
-2 -0.175 2 2.75625
-2 -0.21875 2 2.77813
-2 0.04375 2 2.7125
-2 0.2625 2 2.75625
-2 0.04375 2 2.7125
-2 0.021875 2 2.75625
-2 -0.175 2 2.77813
-2 0.021875 2 2.73438
-2 0.065625 2 2.77813
-2 -0.240625 2 2.77813
-2 0.04375 2 2.75625
-2 -0.21875 2 2.77813
-2 0.04375 2 2.75625
-2 -0.21875 2 2.75625
-2 0.04375 2 2.7125
-2 -0.21875 2 2.75625
-2 -0.196875 2 2.75625
-2 -0.30625 2 2.75625
-2 -0.13125 2 2.69062
-2 -0.175 2 2.77813
-2 -0.2625 2 2.75625
-2 0.04375 2 2.77813
-2 -0.109375 2 2.73438
-2 0.04375 2 2.7125
-2 -0.240625 2 2.73438
-2 -0.196875 2 2.77813
-2 -0.21875 2 2.8
-2 0.04375 2 2.69062
-2 0.2625 2 2.77813
-2 0.04375 2 2.7125
-2 0.2625 2 2.82187
-2 -0.21875 2 2.75625
-2 0.240625 2 2.8
-2 -0.153125 2 2.7125
-2 -0.30625 2 2.8
-2 -0.175 2 2.77813
-2 0.2625 2 2.8
-2 -0.175 2 2.69062
-2 0.30625 2 2.82187
-2 0.04375 2 2.77813
-2 0.2625 2 2.8
-2 -0.196875 2 2.73438
-2 0.284375 2 2.8
-2 0.065625 2 2.77813
-2 0.2625 2 2.8
-2 0.065625 2 2.75625
-2 0.240625 2 2.75625
-2 0.284375 2 2.8
-2 -0.21875 2 2.73438
-2 -0.196875 2 2.77813
-2 -0.21875 2 2.75625
-2 -0.175 2 2.75625
-2 0.065625 2 2.73438
-2 0.04375 2 2.77813
-2 0.04375 2 2.75625
-2 0.2625 2 2.73438
-2 -0.21875 2 2.75625
-2 -0.240625 2 2.82187
-2 0.284375 2 2.69062
-2 0.2625 2 2.73438
-2 0.04375 2 2.75625
-2 -0.175 2 2.69062
-2 0.2625 2 2.7125
-2 -0.284375 2 2.7125
-2 -0.2625 2 2.73438
-2 -0.175 2 2.75625
-2 0.065625 2 2.73438
-2 -0.175 2 2.7125
-2 0.021875 2 2.75625
-2 -0.21875 2 2.75625
-2 0.2625 2 2.75625
-2 0.04375 2 2.75625
-2 0.240625 2 2.77813
-2 -0.196875 2 2.69062
-2 -0.21875 2 2.75625
-2 0.065625 2 2.69062
-2 0.240625 2 2.73438
-2 -0.175 2 2.8
-2 -0.21875 2 2.73438
-2 0.04375 2 2.75625
-2 -0.240625 2 2.69062
-2 -0.175 2 2.75625
-2 -0.21875 2 2.75625
-2 0.04375 2 2.75625
-2 -0.21875 2 2.75625
-2 -0.284375 2 2.73438
-2 0.2625 2 2.75625
-2 -0.175 2 2.73438
-2 0.021875 2 2.7125
-2 -0.196875 2 2.77813
-2 0.04375 2 2.75625
-2 -0.175 2 2.75625
-2 0.240625 2 2.77813
-2 -0.0875 2 2.73438
-2 0.240625 2 2.82187
-2 0.04375 2 2.75625
-2 0.284375 2 2.82187
-2 -0.175 2 2.73438
-2 -0.240625 2 2.73438
-2 0.284375 2 2.75625
-2 0.065625 2 2.73438
-2 0.240625 2 2.75625
-2 0.04375 2 2.73438
-2 0.240625 2 2.77813
-2 -0.284375 2 2.77813
-2 -0.13125 2 2.75625
-2 0.2625 2 2.75625
-2 0.2625 2 2.73438
-2 0.2625 2 2.75625
-2 0.021875 2 2.75625
-2 -0.175 2 2.77813
-2 0.04375 2 2.75625
-2 -0.175 2 2.77813
-2 0.284375 2 2.8
-2 -0.0875 2 2.75625
-2 0.284375 2 2.82187
-2 0.04375 2 2.75625
-2 0.284375 2 2.73438
-2 0.284375 2 2.75625
-2 0.065625 2 2.73438
-2 -0.175 2 2.73438
-2 0.459375 2 2.8
-2 -0.196875 2 2.75625
-2 0.04375 2 2.73438
-2 0.39375 2 2.8
-2 0.284375 2 2.8
-2 0.04375 2 2.75625
-2 -0.175 2 2.73438
-2 0.04375 2 2.75625
-2 0.065625 2 2.75625
-2 0.35 2 2.7125
-2 -0.21875 2 2.73438
-2 0.065625 2 2.42813
-2 0.35 2 2.77813
-2 0.04375 2 2.73438
-2 0.2625 2 2.8875
-2 -0.415625 2 2.75625
-2 -0.284375 2 2.82187
-2 -0.175 2 2.75625
-2 0.240625 2 2.8
-2 0.04375 2 2.75625
-2 0.284375 2 2.82187
-2 -0.196875 2 2.75625
-2 0.284375 2 2.77813
-2 -0.175 2 2.75625
-2 -0.284375 2 2.69062
-2 -0.153125 2 2.73438
-2 0.2625 2 2.86563
-2 0.065625 2 2.73438
-2 -0.240625 2 2.64688
-2 0.065625 2 2.73438
-2 0.021875 2 2.77813
-2 -0.196875 2 2.75625
-2 0.240625 2 2.73438
-2 -0.196875 2 2.75625
-2 0.021875 2 2.77813
-2 0.065625 2 2.84375
-2 0.2625 2 2.73438
-2 0.35 2 2.82187
-2 0.065625 2 2.73438
-2 -0.196875 2 2.73438
-2 -0.021875 2 2.82187
-2 0.284375 2 2.77813
-2 -0.2625 2 2.8
-2 0 2 2.84375
-2 0.2625 2 2.975
-2 0.04375 2 2.75625
-2 0.021875 2 2.75625
-2 0.459375 2 2.77813
-2 0.284375 2 2.8
-2 0.459375 2 2.7125
-2 0.2625 2 2.73438
-2 0.2625 2 2.82187
-2 0.240625 2 2.82187
-2 -0.153125 2 2.73438
-2 0.284375 2 2.73438
-2 0.065625 2 2.8
-2 -0.284375 2 2.84375
-2 -0.175 2 2.73438
-2 -0.2625 2 2.73438
-2 0.240625 2 2.86563
-2 -0.284375 2 2.73438
-2 0.04375 2 2.69062
-2 -0.2625 2 2.75625
-2 0.04375 2 2.7125
-2 0.284375 2 2.7125
-2 -0.21875 2 2.77813
-2 0.04375 2 2.75625
-2 -0.284375 2 2.8
-2 0.021875 2 2.77813
-2 0.04375 2 2.7125
-2 0.2625 2 2.75625
-2 0.240625 2 2.75625
-2 0.04375 2 2.7125
-2 0.284375 2 2.77813
-2 0.240625 2 2.75625
-2 -0.196875 2 2.84375
-2 0.284375 2 2.73438
-2 0.240625 2 2.8
-2 -0.021875 2 2.66875
-2 0.2625 2 2.7125
-2 0.21875 2 2.82187
-2 0.065625 2 2.73438
-2 0.30625 2 2.69062
-2 -0.196875 2 2.73438
-2 0.21875 2 2.75625
-2 0 2 2.73438
-2 0.04375 2 2.77813
-2 0.04375 2 2.73438
-2 -0.415625 2 2.58125
-2 -0.21875 2 2.73438
-2 -0.240625 2 2.73438
-2 -0.240625 2 2.73438
-2 -0.13125 2 2.75625
-2 -0.30625 2 2.73438
-2 0.021875 2 2.75625
-2 -0.240625 2 2.64688
-2 -0.2625 2 2.73438
-2 -0.196875 2 2.73438
-2 0.175 2 2.73438
-2 -0.175 2 2.75625
-2 0.04375 2 2.75625
-2 0.04375 2 2.77813
-2 -0.240625 2 2.77813
-2 -0.021875 2 2.73438
-2 -0.021875 2 2.73438
-2 -0.21875 2 2.75625
-2 0.04375 2 2.8
-2 0.04375 2 2.8
-2 -0.196875 2 2.7125
-2 0.284375 2 2.77813
-2 -0.459375 2 2.7125
-2 0.240625 2 2.64688
-2 0.284375 2 2.75625
-2 0.109375 2 2.75625
-2 0.284375 2 2.75625
-2 -0.13125 2 2.75625
-2 0.240625 2 2.73438
-2 0.065625 2 2.64688
-2 0.04375 2 2.75625
-2 -0.284375 2 2.75625
-2 -0.175 2 2.75625
-2 0.065625 2 2.8
-2 0.328125 2 2.75625
-2 0.065625 2 2.75625
-2 0.04375 2 2.75625
-2 -0.284375 2 2.77813
-2 0.240625 2 2.75625
-2 -0.284375 2 2.8
-2 0.284375 2 2.8
-2 -0.2625 2 2.7125
-2 -0.196875 2 2.75625
-2 0.065625 2 2.75625
-2 0 2 2.75625
-2 0.240625 2 2.75625
-2 -0.196875 2 2.75625
-2 0.39375 2 2.73438
-2 0.35 2 2.82187
-2 -0.35 2 2.75625
-2 0.2625 2 2.8
-2 0.04375 2 2.73438
-2 -0.21875 2 2.7125
-2 -0.196875 2 2.64688
-2 -0.240625 2 2.84375
-2 -0.21875 2 2.8875
-2 0.065625 2 2.7125
-2 0.153125 2 2.93125
-2 0.153125 2 2.7125
-2 -0.175 2 2.73438
-2 -0.175 2 2.64688
-2 -0.30625 2 2.77813
-2 -0.240625 2 2.66875
-2 -0.21875 2 2.7125
-2 0.284375 2 2.82187
-2 -0.2625 2 2.75625
-2 0.04375 2 2.8
-2 -0.13125 2 2.77813
-2 0.30625 2 2.77813
-2 -0.196875 2 2.7125
-2 -0.2625 2 2.7125
-2 0.021875 2 2.75625
-2 0.30625 2 2.8
-2 0.065625 2 2.75625
-2 -0.13125 2 2.77813
-2 0.175 2 2.7125
-2 -0.21875 2 2.75625
-2 0.021875 2 2.75625
-2 0.48125 2 2.7125
-2 0.371875 2 2.8
-2 -0.13125 2 2.75625
-2 0.284375 2 2.8
-2 -0.175 2 2.75625
-2 -0.04375 2 2.77813
-2 -0.021875 2 2.8
-2 0.35 2 2.77813
-2 -0.196875 2 2.75625
-2 -0.21875 2 2.73438
-2 0.284375 2 2.75625
-2 0.065625 2 2.75625
-2 0.284375 2 2.77813
-2 0.04375 2 2.73438
-2 0.04375 2 2.75625
-2 -0.196875 2 2.75625
-2 -0.175 2 2.7125
-2 0.04375 2 2.75625
-2 0.2625 2 2.7125
-2 0.04375 2 2.7125
-2 0.153125 2 2.77813
-2 0.065625 2 2.7125
-2 0.240625 2 2.77813
-2 -0.30625 2 2.77813
-2 -0.39375 2 2.7125
-2 0.2625 2 2.7125
-2 0.459375 2 2.75625
-2 -0.21875 2 2.7125
-2 -0.175 2 2.69062
-2 0.284375 2 2.77813
-2 0.240625 2 2.75625
-2 0.2625 2 2.8
-2 0.240625 2 2.8875
-2 0 2 2.8
-2 -0.196875 2 2.73438
-2 0.175 2 2.75625
-2 0.021875 2 2.73438
-2 0.196875 2 2.90937
-2 -0.2625 2 2.8
-2 0.48125 2 2.77813
-2 -0.240625 2 2.8
-2 -0.240625 2 2.8
-2 0.04375 2 2.82187
-2 0.240625 2 2.69062
-2 0.328125 2 2.82187
-2 0 2 2.77813
-2 0.328125 2 2.73438
-2 0.065625 2 2.93125
-2 0.240625 2 2.82187
-2 0.21875 2 2.86563
-2 0.284375 2 2.8
-2 0.48125 2 2.7125
-2 0.240625 2 2.8
-2 0.284375 2 2.73438
-2 -0.175 2 2.8
-2 0.04375 2 2.95312
-2 0.240625 2 2.82187
-2 0.04375 2 2.69062
-2 0.04375 2 2.82187
-2 0.065625 2 2.73438
-2 -0.30625 2 2.8
-2 -0.175 2 2.77813
-2 0 2 2.73438
-2 -0.13125 2 2.64688
-2 0.328125 2 2.75625
-2 0.240625 2 2.8875
-2 -0.196875 2 2.84375
-2 -0.175 2 2.73438
-2 -0.13125 2 2.73438
-2 -0.284375 2 2.73438
-2 0.065625 2 2.73438
-2 -0.175 2 2.75625
-2 0.04375 2 2.73438
-2 -0.153125 2 2.73438
-2 -0.175 2 2.7125
-2 0.065625 2 2.66875
-2 -0.284375 2 2.77813
-2 0.065625 2 2.75625
-2 0.284375 2 2.73438
-2 -0.240625 2 2.7125
-2 0.284375 2 2.7125
-2 -0.21875 2 2.7125
-2 0.04375 2 2.64688
-2 -0.284375 2 2.60312
-2 -0.240625 2 2.47187
-2 -0.13125 2 2.49375
-2 -0.284375 2 2.38437
-2 0 2 2.38437
-2 0.065625 2 2.29688
-2 -0.175 2 2.25312
-2 0 2 2.20938
-2 0.2625 2 2.25312
-2 -0.196875 2 2.05625
-2 0 2 2.1
-2 -0.196875 2 2.03437
-2 0.2625 2 2.23125
-2 0.284375 2 2.25312
-2 -0.175 2 2.34063
-2 0.021875 2 2.45
-2 -0.175 2 2.45
-2 -0.240625 2 2.5375
-2 0.065625 2 2.42813
-2 0.2625 2 2.40625
-2 -0.13125 2 2.40625
-2 0.240625 2 2.42813
-2 -0.175 2 2.58125
-2 0.240625 2 2.55938
-2 -0.153125 2 2.58125
-2 -0.21875 2 2.45
-2 0.065625 2 2.49375
-2 0.109375 2 2.275
-2 0.2625 2 2.38437
-2 0.04375 2 2.38437
-2 0.04375 2 2.49375
-2 -0.196875 2 2.3625
-2 0.30625 2 2.29688
-2 0.04375 2 2.31875
-2 0.065625 2 2.38437
-2 0.04375 2 2.40625
-2 -0.175 2 2.275
-2 0.04375 2 2.14375
-2 0.04375 2 2.3625
-2 -0.153125 2 2.47187
-2 0.065625 2 2.31875
-2 0.065625 2 2.29688
-2 0.04375 2 2.45
-2 -0.021875 2 2.625
-2 -0.2625 2 2.25312
-2 -0.021875 2 2.34063
-2 0.04375 2 2.73438
-2 0.065625 2 2.47187
-2 0.2625 2 2.34063
-2 0.284375 2 2.40625
-2 0.240625 2 2.55938
-2 0.196875 2 2.20938
-2 -0.109375 2 2.29688
-2 0.109375 2 2.625
-2 0.065625 2 2.40625
-2 -0.175 2 2.45
-2 0.04375 2 2.5375
-2 -0.196875 2 2.29688
-2 0.04375 2 2.3625
-2 -0.196875 2 2.49375
-2 0.065625 2 2.49375
-2 0.04375 2 2.42813
-2 -0.196875 2 2.40625
-2 0.04375 2 2.25312
-2 -0.175 2 2.42813
-2 -0.35 1.92002 2.40625
-2 -0.175 1.55847 2.3625
-2 -0.240625 1.12504 2.0125
-2 0.196875 0.656373 1.68437
-2 0.065625 0.204628 1.575
-2 0.021875 -0.27747 1.05
-2 -0.240625 -0.734098 0.765625
-2 -0.21875 -1.17879 0.240625
-2 0.021875 -1.626 0.284375
-2 0.04375 -2 0.04375
-2 -0.196875 -2 -0.30625
-2 -0.175 -2 -0.853125
-2 0.30625 -2 -0.984375
-2 0.065625 -2 -1.02812
-2 -0.13125 -2 -1.33438
-2 -0.196875 -2 -1.26875
-2 0.0875 -2 -1.18125
-2 0.021875 -2 -1.24687
-2 0.065625 -2 -1.29062
-2 0.2625 -2 -1.59688
-2 0.240625 -2 -1.61875
-2 0.30625 -2 -1.79375
-2 0.065625 -2 -2.25312
-2 0.30625 -2 -2.47187
-2 -0.153125 -2 -2.77813
-2 -0.196875 -2 -3.04062
-2 0.30625 -2 -3.15
-2 0.35 -2 -3.39062
-2 0.196875 -2 -3.5875
-2 0.30625 -2 -3.675
-2 -0.153125 -2 -2.90937
-2 -0.4375 -2 -3.28125
-2 -0.39375 -2 -2.90937
-2 -0.2625 -2 -3.12812
-2 -0.175 -2 -2.77813
-2 -0.175 -2 -2.64688
-2 -0.48125 -2 -2.34063
-2 0.21875 -2 -1.90312
-2 0.175 -2 -2.0125
-2 0.175 -2 -1.68437
-2 0.175 -2 -1.90312
-2 0.109375 -2 -1.53125
-2 0.109375 -2 -1.3125
-2 0.065625 -2 -1.33438
-2 0.0875 -2 -1.35625
-2 -0.0875 -2 -1.42188
-2 0.109375 -2 -1.59688
-2 0.196875 -2 -1.46562
-2 -0.284375 -2 -1.90312
-2 0.13125 -2 -2.25312
-2 0.153125 -2 -2.14375
-2 0.13125 -2 -2.275
-2 0.13125 -2 -2.40625
-2 -0.021875 -2 -2.34063
-2 0.328125 -2 -2.45
-2 -0.196875 -2 -2.47187
-2 0.153125 -2 -2.49375
-2 0.153125 -2 -2.47187
-2 -0.284375 -2 -2.51562
-2 0.153125 -2 -2.45
-2 0.153125 -2 -2.51562
-2 -0.284375 -2 -2.8
-2 -0.35 -2 -2.86563
-2 0.153125 -2 -2.8875
-2 0.109375 -2 -2.64688
-2 0.153125 -2 -2.49375
-2 0.153125 -2 -2.34063
-2 -0.240625 -2 -2.31875
-2 0.153125 -2 -2.31875
-2 -0.21875 -2 -2.40625
-2 0.196875 -2 -2.25312
-2 -0.04375 -2 -2.25312
-2 -0.30625 -2 -2.0125
-2 0.153125 -2 -1.8375
-2 0.2625 -2 -2.07812
-2 0.13125 -2 -2.34063
-2 0.13125 -2 -2.1875
-2 0.153125 -2 -2.1875
-2 -0.21875 -2 -2.20938
-2 0.153125 -2 -2.42813
-2 0.175 -2 -2.40625
-2 0.153125 -2 -2.20938
-2 0.153125 -2 -2.40625
-2 -0.13125 -2 -2.58125
-2 0.13125 -2 -2.45
-2 -0.240625 -2 -2.40625
-2 -0.284375 -2 -2.64688
-2 -0.175 -1.88826 -2.625
-2 -0.39375 -1.55242 -2.23125
-2 0.0875 -1.28259 -2.0125
-2 0.153125 -0.979372 -2.1
-2 0.13125 -0.632542 -1.81563
-2 -0.21875 -0.313448 -1.44375
-2 0.13125 -0.0210451 -1.15938
-2 0.153125 0.312004 -0.984375
-2 -0.35 0.634237 -0.678125
-2 0.13125 0.938923 -0.21875
-2 -0.284375 1.24511 -0.109375
-2 0.13125 1.52617 -0.240625
-2 -0.284375 1.83968 0.065625
-2 0.109375 2 0.503125
-2 -0.284375 2 1.05
-2 0.109375 2 0.875
-2 -0.2625 2 1.225
-2 0.153125 2 1.1375
-2 0.109375 2 1.05
-2 0.153125 2 1.225
-2 -0.21875 2 1.6625
-2 0.13125 2 1.575
-2 0.153125 2 1.6625
-2 0.153125 2 1.81563
-2 0.13125 2 2.14375
-2 -0.240625 2 2.45
-2 0.13125 2 2.77813
-2 -0.196875 2 3.01875
-2 -0.21875 2 3.28125
-2 0.13125 2 3.52188
-2 -0.0875 2 3.65313
-2 0.13125 2 3.5875
-2 0.0875 2 3.43438
-2 -0.30625 2 3.5
-2 0.109375 2 3.30313
-2 0.021875 2 3.17188
-2 0 2 3.25937
-2 -0.04375 2 3.04062
-2 0.04375 2 2.8875
-2 0.065625 2 2.84375
-2 0.021875 2 2.47187
-2 0.196875 2 2.25312
-2 0.30625 2 1.96875
-2 0.109375 2 1.72812
-2 0.196875 2 2.12188
-2 0.240625 2 1.85938
-2 0.2625 2 1.81563
-2 0.175 2 1.20312
-2 -0.415625 2 1.575
-2 0.196875 2 1.88125
-2 -0.196875 2 1.70625
-2 0.196875 2 1.64062
-2 0.153125 2 1.68437
-2 0.240625 2 1.61875
-2 0.21875 2 1.75
-2 0.21875 2 1.59688
-2 -0.2625 2 1.6625
-2 0.196875 2 1.96875
-2 -0.175 2 2.20938
-2 -0.065625 2 2.29688
-2 -0.153125 2 2.23125
-2 0.04375 2 2.47187
-2 0.153125 2 2.42813
-2 -0.2625 2 2.58125
-2 -0.284375 2 2.73438
-2 -0.35 2 2.75625
-2 0.153125 2 2.77813
-2 0.109375 2 2.625
-2 0.196875 2 2.60312
-2 -0.04375 2 2.73438
-2 -0.284375 2 2.95312
-2 -0.240625 2 2.73438
-2 -0.240625 2 2.7125
-2 -0.21875 2 2.60312
-2 -0.240625 2 2.625
-2 0.109375 2 2.58125
-2 -0.175 2 2.7125
-2 0.153125 2 2.84375
-2 -0.2625 2 2.20938
-2 -0.240625 2 2.20938
-2 0.13125 2 2.34063
-2 -0.196875 2 2.31875
-2 0.196875 2 2.12188
-2 0.13125 2 2.1
-2 -0.415625 2 2.12188
-2 0.109375 2 2.47187
-2 -0.175 2 1.8375
-2 -0.2625 1.8624 2.03437
-2 0.153125 1.62436 2.14375
-2 0.196875 1.36364 1.925
-2 0.196875 1.04246 1.79375
-2 -0.30625 0.739173 1.70625
-2 0.175 0.380414 1.50937
-2 0.153125 0.0761527 0.9625
-2 0.13125 -0.230971 0.940625
-2 -0.35 -0.623921 0.721875
-2 0.13125 -0.970921 0.459375
-2 0.13125 -1.31171 0.328125
-2 0.153125 -1.61168 0.175
-2 0.13125 -1.91507 -0.0875
-2 0.13125 -2 -0.590625
-2 0.2625 -2 -0.91875
-2 -0.21875 -2 -1.55313
-2 -0.328125 -2 -0.940625
-2 0.175 -2 -1.15938
-2 0.21875 -2 -1.1375
-2 -0.240625 -2 -1.20312
-2 -0.065625 -2 -1.55313
-2 0.153125 -2 -1.55313
-2 -0.21875 -2 -1.79375
-2 -0.175 -2 -1.94687
-2 0.240625 -2 -2.45
-2 -0.21875 -2 -2.64688
-2 -0.21875 -2 -3.0625
-2 -0.196875 -2 -3.25937
-2 -0.065625 -2 -3.28125
-2 -0.021875 -2 -3.4125
-2 0.2625 -2 -3.325
-2 0.371875 -2 -3.28125
-2 0.13125 -2 -3.01875
-2 -0.21875 -2 -3.12812
-2 0.0875 -2 -3.19375
-2 -0.21875 -2 -2.84375
-2 0.065625 -2 -2.66875
-2 0.021875 -2 -2.8
-2 0.196875 -2 -2.42813
-2 0 -2 -2.23125
-2 0.175 -2 -2.31875
-2 0.021875 -2 -1.94687
-2 0.175 -2 -1.70625
-2 0.153125 -2 -1.68437
-2 0.371875 -2 -1.46562
-2 0.153125 -2 -1.59688
-2 0.021875 -2 -1.72812
-2 -0.065625 -2 -1.72812
-2 0.109375 -2 -1.79375
-2 0.065625 -2 -1.50937
-2 0.153125 -2 -1.46562
-2 0.175 -2 -1.99063
-2 0.30625 -2 -1.90312
-2 0.0875 -2 -1.99063
-2 0.240625 -2 -1.925
-2 -0.328125 -2 -1.925
-2 -0.39375 -2 -1.94687
-2 0.175 -2 -2.1
-2 0.04375 -2 -2.40625
-2 0.109375 -2 -2.625
-2 -0.153125 -2 -2.45
-2 -0.21875 -2 -2.47187
