torque_1 torque_1_t torque_2 torque_2_t
-2 -0.240625 0.285337 -0.109375
-2 0.459375 0.298357 0.153125
-2 -0.109375 0.311377 0.240625
-2 -0.175 0.324397 0.35
-2 -0.0875 0.337417 0.35
-2 0.525 0.350437 0.371875
-2 0.459375 0.363457 0.371875
-2 -0.13125 0.376897 0.371875
-2 0.109375 0.389917 0.546875
-2 0.415625 0.402937 0.415625
-2 0 0.415957 0.459375
-2 -0.065625 0.428977 0.328125
-2 0.021875 0.441997 0.48125
-2 -0.175 0.455017 0.503125
-2 -0.196875 0.468457 0.503125
-2 0.109375 0.480256 0.48125
-2 -0.021875 0.493276 0.56875
-2 -0.153125 0.503854 0.6125
-2 -0.021875 0.516874 0.503125
-2 -0.04375 0.530417 0.48125
-2 -0.065625 0.541693 0.503125
-2 -0.30625 0.553912 0.7
-2 -0.109375 0.574433 0.678125
-2 -0.065625 0.591465 0.678125
-2 -0.109375 0.588087 0.6125
-2 -0.196875 0.599886 0.721875
-2 0.56875 0.618663 0.634375
-2 -0.0875 0.630184 0.721875
-2 -0.2625 0.655589 0.809375
-2 -0.0875 0.66355 0.590625
-2 -0.21875 0.660696 0.678125
-2 -0.04375 0.68488 0.765625
-2 -0.284375 0.694237 0.83125
-2 -0.0875 0.701572 0.83125
-2 -0.065625 0.709707 0.809375
-2 -0.328125 0.719238 0.83125
-2 -0.065625 0.726153 0.896875
-2 -0.109375 0.740219 0.83125
-2 -0.284375 0.743716 0.91875
-2 -0.0875 0.752026 0.940625
-2 -0.196875 0.764872 0.91875
-2 -0.328125 0.765506 0.91875
-2 -0.0875 0.780968 0.896875
-2 -0.065625 0.782197 0.896875
-2 -0.0875 0.780389 0.91875
-2 -0.065625 0.789572 0.91875
-2 -0.21875 0.787938 0.9625
-2 0.546875 0.790143 0.940625
-2 -0.2625 0.800268 1.00625
-2 -0.0875 0.801426 0.940625
-2 -0.021875 0.805724 0.940625
-2 -0.196875 0.803044 0.940625
-2 -0.065625 0.804098 1.00625
-2 -0.240625 0.793743 0.875
-2 -0.109375 0.792633 0.91875
-2 -0.0875 0.782626 0.896875
-2 -0.175 0.780017 0.91875
-2 -0.109375 0.77315 0.74375
-2 -0.065625 0.755817 1.00625
-2 -0.284375 0.732029 0.940625
-2 -0.2625 0.72 0.9625
-2 -0.196875 0.720286 0.875
-2 -0.2625 0.692312 0.940625
-2 -0.240625 0.680386 1.02812
-2 0.04375 0.656669 0.940625
-2 -0.109375 0.627997 0.91875
-2 -0.13125 0.609792 0.809375
-2 -0.13125 0.594972 0.940625
-2 -0.2625 0.580953 0.940625
-2 -0.21875 0.556118 0.940625
-2 -0.13125 0.538262 0.940625
-2 0.590625 0.524314 0.91875
-2 -0.13125 0.513435 0.875
-2 -0.13125 0.508138 0.809375
-2 0.415625 0.499249 0.74375
-2 -0.04375 0.483137 0.721875
-2 -0.2625 0.486912 0.74375
-2 -0.065625 0.478824 0.74375
-2 -0.153125 0.473773 0.678125
-2 -0.109375 0.469697 0.7
-2 -0.13125 0.465098 0.65625
-2 -0.153125 0.456035 0.634375
-2 -0.109375 0.45475 0.546875
-2 0.546875 0.454513 0.634375
-2 -0.13125 0.460452 0.6125
-2 -0.21875 0.447305 0.56875
-2 -0.153125 0.437124 0.48125
-2 0.590625 0.444633 0.525
-2 0.503125 0.440732 0.546875
-2 -0.109375 0.432993 0.503125
-2 -0.240625 0.424976 0.525
-2 -0.175 0.424389 0.525
-2 0.525 0.413162 0.459375
-2 0.503125 0.406017 0.56875
-2 0.065625 0.397232 0.546875
-2 -0.21875 0.387923 0.503125
-2 -0.240625 0.375719 0.503125
-2 -0.13125 0.355769 0.525
-2 -0.153125 0.348903 0.546875
-2 0.459375 0.333559 0.48125
-2 -0.21875 0.320238 0.459375
-2 -0.109375 0.307615 0.371875
-2 -0.175 0.287562 0.415625
-2 -0.175 0.274938 0.459375
-2 -0.0875 0.258723 0.415625
-2 -0.13125 0.250112 0.459375
-2 -0.065625 0.233476 0.328125
-2 -0.21875 0.216737 0.39375
-2 -0.109375 0.206556 0.371875
-2 -0.2625 0.185385 0.546875
-2 -0.21875 0.173705 0.284375
-2 -0.21875 0.163 0.284375
-2 -0.2625 0.14661 0.153125
-2 -0.21875 0.136604 0.284375
-2 -0.240625 0.125027 0.30625
-2 -0.2625 0.123116 0.415625
-2 -0.284375 0.119215 0.328125
-2 -0.153125 0.118176 0.328125
-2 -0.153125 0.128928 0.328125
-2 -0.2625 0.119096 0.328125
-2 -0.109375 0.138467 0.2625
-2 -0.13125 0.157418 0.153125
-2 -0.21875 0.150972 0.328125
-2 -0.175 0.176552 0.21875
-2 -0.13125 0.181095 0.21875
-2 0 0.195685 0.196875
-2 -0.240625 0.199983 0.196875
-2 -0.13125 0.211678 0.175
-2 0.546875 0.218069 0.21875
-2 0.525 0.227148 0.196875
-2 -0.109375 0.239296 0.21875
-2 0.459375 0.248026 0.175
-2 0.525 0.251103 0.240625
-2 -0.13125 0.258192 0.240625
-2 -0.240625 0.262909 0.284375
-2 -0.109375 0.263369 0.35
-2 -0.153125 0.272099 0.328125
-2 -0.284375 0.279014 0.39375
-2 -0.30625 0.283208 0.328125
-2 -0.2625 0.288727 0.328125
-2 -0.21875 0.292049 0.39375
-2 0.546875 0.295649 0.39375
-2 0.48125 0.313625 0.328125
-2 -0.13125 0.30763 0.371875
-2 -0.13125 0.336422 0.39375
-2 0.48125 0.329904 0.415625
-2 0.4375 0.343344 0.35
-2 0.459375 0.356364 0.415625
-2 -0.153125 0.369804 0.48125
-2 -0.2625 0.382824 0.525
-2 -0.175 0.396264 0.415625
-2 -0.175 0.409284 0.4375
-2 -0.175 0.422724 0.459375
-2 0.415625 0.435744 0.525
-2 -0.2625 0.459302 0.590625
-2 -0.109375 0.460983 0.503125
-2 -0.065625 0.474423 0.56875
-2 -0.240625 0.498956 0.546875
-2 -0.35 0.511175 0.503125
-2 0.415625 0.526114 0.56875
-2 -0.065625 0.535367 0.6125
-2 -0.21875 0.547689 0.6125
-2 -0.153125 0.549267 0.65625
-2 -0.13125 0.568218 0.765625
-2 -0.153125 0.57939 0.765625
-2 -0.04375 0.586305 0.634375
-2 -0.2625 0.596779 0.65625
-2 -0.13125 0.604915 0.7
-2 -0.284375 0.612424 0.809375
-2 -0.153125 0.620734 0.83125
-2 -0.04375 0.626847 0.74375
-2 0.56875 0.634356 0.809375
-2 0.525 0.636212 0.809375
-2 0.590625 0.64372 0.809375
-2 -0.0875 0.649414 0.984375
-2 -0.0875 0.659888 0.809375
-2 0.48125 0.660523 0.853125
-2 -0.109375 0.662275 0.853125
-2 -0.2625 0.667167 0.984375
-2 0.503125 0.67286 1.00625
-2 0.525 0.678974 0.9625
-2 -0.153125 0.68205 1.00625
-2 -0.153125 0.694618 1.05
-2 -0.2625 0.693683 1.05
-2 -0.13125 0.707646 0.984375
-2 -0.175 0.709747 0.940625
-2 -0.196875 0.719278 0.9625
-2 -0.35 0.720158 0.896875
-2 0.525 0.732306 1.00625
-2 -0.21875 0.735803 0.91875
-2 0.503125 0.743137 0.984375
-2 -0.35 0.755285 0.875
-2 0.48125 0.753548 0.984375
-2 0.30625 0.768313 0.984375
-2 -0.30625 0.77617 0.91875
-2 0.56875 0.782284 0.9625
-2 0.39375 0.786756 0.984375
-2 0.503125 0.796882 0.984375
-2 0.546875 0.803169 1.05
-2 -0.153125 0.810782 1.07187
-2 -0.2625 0.810615 1.11563
-2 -0.13125 0.816483 0.984375
-2 -0.30625 0.820328 1.15938
-2 0.48125 0.825918 1.18125
-2 0.546875 0.826902 1.07187
-2 -0.21875 0.829526 1.02812
-2 -0.13125 0.833895 1.3125
-2 0.546875 0.837669 1.02812
-2 0.415625 0.831397 1.05
-2 -0.153125 0.833324 1.1375
-2 0.678125 0.837622 1.05
-2 0.48125 0.840595 1.07187
-2 -0.109375 0.822984 1.05
-2 0.4375 0.824316 1.02812
-2 -0.153125 0.820137 0.9625
-2 -0.2625 0.814388 0.91875
-2 -0.2625 0.802812 0.9625
-2 -0.109375 0.802122 0.984375
-2 -0.2625 0.785732 0.984375
-2 -0.04375 0.784447 0.984375
-2 -0.175 0.776256 0.984375
-2 -0.153125 0.765448 1.00625
-2 -0.153125 0.751255 0.984375
-2 -0.2625 0.730155 1.02812
-2 0.021875 0.732256 0.940625
-2 -0.13125 0.707842 0.875
-2 -0.2625 0.68667 0.896875
-2 -0.2625 0.671153 0.875
-2 -0.04375 0.662613 0.853125
-2 -0.153125 0.631847 0.91875
-2 -0.153125 0.608479 0.896875
-2 -0.196875 0.583716 0.875
-2 -0.153125 0.552673 0.875
-2 -0.240625 0.539003 0.940625
-2 -0.13125 0.513367 0.896875
-2 -0.2625 0.492267 0.875
-2 -0.153125 0.470747 0.896875
-2 -0.04375 0.452613 0.7875
-2 -0.240625 0.442852 0.853125
-2 -0.240625 0.424543 0.721875
-2 -0.240625 0.410349 0.6125
-2 -0.175 0.406694 0.765625
-2 -0.109375 0.394665 0.634375
-2 0.546875 0.3938 0.634375
-2 -0.153125 0.385713 0.546875
-2 -0.2625 0.379615 0.525
-2 -0.240625 0.375959 0.525
-2 0.30625 0.380154 0.525
-2 -0.284375 0.372415 0.48125
-2 -0.35 0.374516 0.48125
-2 0.546875 0.369116 0.459375
-2 -0.21875 0.360053 0.459375
-2 -0.21875 0.359712 0.48125
-2 0.525 0.352845 0.4375
-2 0.48125 0.3457 0.48125
-2 -0.2625 0.338033 0.4375
-2 -0.153125 0.327225 0.459375
-2 0.459375 0.318963 0.4375
-2 0.546875 0.305887 0.4375
-2 0.590625 0.296998 0.4375
-2 -0.109375 0.277468 0.39375
-2 0.13125 0.258462 0.35
-2 -0.109375 0.24514 0.371875
-2 -0.21875 0.23189 0.35
-2 -0.13125 0.214628 0.30625
-2 -0.109375 0.196319 0.284375
-2 -0.13125 0.18429 0.328125
-2 0.546875 0.162493 0.30625
-2 -0.175 0.142892 0.30625
-2 -0.175 0.126676 0.2625
-2 -0.065625 0.109763 0.30625
-2 -0.13125 0.0911049 0.240625
-2 -0.2625 0.0809949 0.175
-2 -0.153125 0.0675704 0.196875
-2 -0.240625 0.0532027 0.196875
-2 -0.109375 0.0491982 0.284375
-2 -0.21875 0.0408327 0.328125
-2 -0.240625 0.0373516 0.30625
-2 -0.175 0.0377082 0.30625
-2 -0.153125 0.0406816 0.30625
-2 -0.13125 0.0490627 0.2625
-2 -0.13125 0.053186 0.175
-2 -0.21875 0.0584271 0.175
-2 0.0875 0.0668082 0.109375
-2 0.415625 0.0790271 0.065625
-2 -0.153125 0.0952582 0.0875
-2 -0.21875 0.0923004 0.0875
-2 -0.2625 0.11987 0.065625
-2 -0.30625 0.135229 0.109375
-2 -0.13125 0.133596 0.109375
-2 -0.109375 0.136395 0.04375
-2 0.328125 0.167977 0.109375
-2 -0.21875 0.171299 0.109375
-2 -0.153125 0.185088 0.153125
-2 -0.21875 0.184049 0.153125
-2 -0.21875 0.195222 0.0875
-2 -0.109375 0.211976 0.153125
-2 0.4375 0.220532 0.240625
-2 -0.240625 0.218097 0.175
-2 -0.13125 0.227454 0.175
-2 -0.21875 0.232869 0.175
-2 -0.2625 0.259218 0.30625
-2 -0.284375 0.251027 0.371875
-2 -0.175 0.266386 0.39375
-2 -0.153125 0.269883 0.2625
-2 -0.2625 0.282102 0.284375
-2 -0.153125 0.303043 0.2625
-2 0.7 0.30776 0.30625
-2 -0.175 0.3212 0.284375
-2 0.328125 0.33464 0.328125
-2 0.546875 0.34808 0.328125
-2 0.525 0.360299 0.328125
-2 -0.328125 0.373739 0.371875
-2 -0.13125 0.387179 0.39375
-2 -0.21875 0.399398 0.39375
-2 0.546875 0.412418 0.39375
-2 0.503125 0.423416 0.415625
-2 -0.13125 0.45273 0.4375
-2 -0.109375 0.446633 0.48125
-2 0.13125 0.474203 0.459375
-2 -0.175 0.485724 0.525
-2 -0.13125 0.481545 0.48125
-2 -0.109375 0.503533 0.525
-2 -0.109375 0.509472 0.503125
-2 -0.21875 0.530238 0.56875
-2 0 0.537573 0.546875
-2 -0.109375 0.549268 0.6125
-2 -0.109375 0.556603 0.6125
-2 -0.109375 0.566554 0.65625
-2 -0.13125 0.575807 0.634375
-2 -0.13125 0.574943 0.65625
-2 -0.21875 0.588034 0.721875
-2 -0.065625 0.596938 0.65625
-2 -0.2625 0.596074 0.74375
-2 -0.109375 0.60271 0.74375
-2 -0.153125 0.610219 0.74375
-2 -0.21875 0.615112 0.7875
-2 -0.04375 0.618608 0.765625
-2 -0.13125 0.6235 0.83125
-2 -0.21875 0.629614 0.765625
-2 -0.109375 0.633182 0.809375
-2 -0.065625 0.641039 0.809375
-2 -0.04375 0.642792 0.83125
-2 -0.109375 0.650126 0.896875
-2 -0.109375 0.657635 0.853125
-2 -0.065625 0.657119 0.83125
-2 -0.21875 0.671083 0.809375
-2 -0.175 0.670567 0.83125
-2 -0.0875 0.677902 1.09375
-2 -0.13125 0.685236 0.83125
-2 -0.109375 0.696583 0.896875
-2 -0.065625 0.698684 0.853125
-2 -0.065625 0.714392 0.940625
-2 0.35 0.716144 0.83125
-2 -0.065625 0.726618 0.853125
-2 -0.109375 0.727149 0.9625
-2 -0.153125 0.736299 0.984375
-2 -0.109375 0.744157 0.875
-2 0.065625 0.750445 0.853125
-2 -0.109375 0.756733 0.940625
-2 -0.109375 0.771219 0.7875
-2 -0.240625 0.771053 0.875
-2 0.328125 0.776119 0.896875
-2 0.196875 0.785547 1.00625
-2 0.503125 0.781194 0.83125
-2 -0.35 0.7894 1.02812
-2 0.35 0.787212 0.940625
-2 0.30625 0.792976 1.05
-2 0.328125 0.799613 0.896875
-2 -0.109375 0.797702 0.984375
-2 0.503125 0.801896 1.00625
-2 -0.240625 0.798764 0.9625
-2 0.328125 0.796504 1.00625
-2 0.459375 0.794942 1.00625
-2 0.56875 0.790659 0.940625
-2 0.196875 0.791714 0.984375
-2 0.48125 0.783174 1.00625
-2 -0.109375 0.774983 0.9625
-2 0.35 0.768362 0.9625
-2 0.525 0.754763 0.9625
-2 0.415625 0.748213 0.91875
-2 0.371875 0.741766 0.940625
-2 -0.13125 0.733575 0.940625
-2 -0.2625 0.722069 0.984375
-2 -0.13125 0.708819 0.984375
-2 -0.175 0.69993 0.9625
-2 -0.0875 0.673668 0.91875
-2 0.525 0.67071 0.940625
-2 -0.175 0.650657 1.02812
-2 -0.13125 0.632872 0.940625
-2 0.546875 0.603224 1.02812
-2 -0.2625 0.596254 0.896875
-2 -0.065625 0.580807 0.875
-2 -0.2625 0.548368 0.875
-2 -0.109375 0.532327 0.875
-2 0.284375 0.507389 0.853125
-2 -0.153125 0.491594 0.809375
-2 -0.153125 0.481833 0.83125
-2 0.590625 0.470327 0.74375
-2 -0.2625 0.446959 0.7875
-2 -0.240625 0.43964 0.74375
-2 0.503125 0.433963 0.65625
-2 -0.0875 0.41513 0.65625
-2 0.525 0.411998 0.6125
-2 -0.2625 0.403982 0.6125
-2 -0.109375 0.403363 0.65625
-2 -0.153125 0.393078 0.6125
-2 0.56875 0.390644 0.503125
-2 0.590625 0.387686 0.56875
-2 -0.240625 0.387416 0.503125
-2 0.459375 0.38062 0.525
-2 0.328125 0.380803 0.525
-2 0.153125 0.380113 0.546875
-2 0.503125 0.38211 0.56875
-2 -0.109375 0.381072 0.48125
-2 0.2625 0.380556 0.546875
-2 -0.109375 0.377075 0.371875
-2 -0.021875 0.372793 0.503125
-2 -0.153125 0.372452 0.48125
-2 -0.109375 0.365133 0.415625
-2 0.30625 0.36399 0.503125
-2 -0.065625 0.359463 0.590625
-2 -0.175 0.347085 0.503125
-2 -0.21875 0.338719 0.525
-2 -0.2625 0.331123 0.56875
-2 0.525 0.32014 0.525
-2 -0.065625 0.315613 0.546875
-2 -0.2625 0.295456 0.459375
-2 0.021875 0.290056 0.4375
-2 0.503125 0.275934 0.459375
-2 -0.2625 0.265197 0.4375
-2 -0.175 0.257878 0.459375
-2 -0.0875 0.239744 0.459375
-2 0.109375 0.229705 0.503125
-2 -0.153125 0.226573 0.4375
-2 -0.109375 0.211578 0.39375
-2 -0.153125 0.203109 0.415625
-2 0.21875 0.189685 0.415625
-2 -0.284375 0.189693 0.415625
-2 -0.21875 0.184364 0.415625
-2 -0.0875 0.177045 0.459375
-2 -0.175 0.177576 0.48125
-2 -0.0875 0.173119 0.459375
-2 -0.0875 0.173476 0.39375
-2 -0.284375 0.185869 0.39375
-2 0.525 0.187693 0.39375
-2 -0.153125 0.182118 0.2625
-2 0.48125 0.195558 0.39375
-2 -0.13125 0.208197 0.39375
-2 -0.0875 0.236988 0.39375
-2 -0.153125 0.233055 0.371875
-2 -0.153125 0.245274 0.371875
-2 0.415625 0.257493 0.39375
-2 -0.2625 0.286006 0.2625
-2 -0.153125 0.297004 0.2625
-2 -0.13125 0.297186 0.39375
-2 -0.04375 0.315233 0.39375
-2 -0.2625 0.328149 0.39375
-2 -0.284375 0.341137 0.371875
-2 -0.153125 0.345855 0.4375
-2 0.546875 0.359366 0.328125
-2 -0.065625 0.370713 0.459375
-2 -0.0875 0.37857 0.39375
-2 -0.153125 0.386499 0.503125
-2 -0.13125 0.396625 0.459375
-2 0.39375 0.392866 0.39375
-2 -0.109375 0.404387 0.459375
-2 -0.153125 0.412839 0.503125
-2 -0.153125 0.413894 0.503125
-2 -0.2625 0.414599 0.525
-2 -0.2625 0.423052 0.56875
-2 0.328125 0.422362 0.56875
-2 -0.0875 0.421219 0.590625
-2 -0.153125 0.428728 0.634375
-2 -0.21875 0.431424 0.634375
-2 -0.175 0.431955 0.7
-2 0.56875 0.438488 0.634375
-2 -0.175 0.437973 0.7
-2 -0.284375 0.449565 0.634375
-2 -0.13125 0.448526 0.7
-2 0.328125 0.460118 0.7
-2 -0.153125 0.461696 0.74375
-2 -0.153125 0.472694 0.634375
-2 0.503125 0.489868 0.7
-2 0.065625 0.487434 0.7
-2 0.328125 0.49449 0.721875
-2 -0.13125 0.515606 0.721875
-2 -0.0875 0.520046 0.721875
-2 0.525 0.538196 0.7
-2 -0.13125 0.552405 0.765625
-2 -0.21875 0.553007 0.765625
-2 0.56875 0.57168 0.74375
-2 -0.328125 0.579435 0.765625
-2 -0.30625 0.592003 0.809375
-2 -0.35 0.601153 0.7875
-2 -0.153125 0.610406 0.853125
-2 -0.13125 0.617114 0.809375
-2 0.525 0.622006 0.896875
-2 -0.153125 0.63447 0.7875
-2 -0.284375 0.63692 0.853125
-2 -0.21875 0.645547 0.853125
-2 -0.153125 0.642938 0.875
-2 0.56875 0.648599 0.896875
-2 -0.153125 0.651644 0.896875
-2 0.590625 0.651652 0.896875
-2 -0.21875 0.653824 0.9625
-2 0.328125 0.65261 0.91875
-2 -0.109375 0.651294 0.984375
-2 0.503125 0.648685 0.91875
-2 0.0875 0.647717 0.896875
-2 0.39375 0.644585 0.9625
-2 -0.21875 0.648676 0.9625
-2 -0.284375 0.648929 0.940625
-2 0.503125 0.645623 0.984375
-2 -0.240625 0.645702 0.984375
-2 -0.065625 0.650594 0.940625
-2 -0.0875 0.651545 0.984375
-2 -0.153125 0.659823 0.984375
-2 0.525 0.658958 0.940625
-2 -0.0875 0.672469 0.984375
-2 0.546875 0.679978 1.00625
-2 -0.2625 0.682674 0.91875
-2 0.503125 0.689207 0.9625
-2 0.2625 0.699333 0.984375
-2 0.459375 0.700807 1.00625
-2 -0.153125 0.710132 1.05
-2 -0.0875 0.718164 0.91875
-2 0.503125 0.72679 0.940625
-2 -0.0875 0.735068 0.940625
-2 -0.240625 0.73682 0.9625
-2 -0.13125 0.738644 0.940625
-2 -0.0875 0.744583 0.875
-2 -0.13125 0.74658 0.853125
-2 0.065625 0.746485 0.940625
-2 -0.2625 0.751377 0.940625
-2 -0.0875 0.741862 0.875
-2 -0.153125 0.744732 0.853125
-2 -0.0875 0.737587 0.896875
-2 -0.065625 0.734003 0.875
-2 -0.240625 0.724836 0.875
-2 0.4375 0.718389 0.853125
-2 -0.109375 0.70678 0.853125
-2 -0.04375 0.699707 0.875
-2 -0.065625 0.693855 0.91875
-2 -0.2625 0.676069 0.809375
-2 -0.175 0.656959 0.875
-2 -0.153125 0.637849 0.896875
-2 -0.153125 0.619715 0.875
-2 0.4375 0.607583 0.896875
-2 -0.2625 0.578878 0.875
-2 -0.109375 0.560569 0.853125
-2 -0.13125 0.525934 0.853125
-2 -0.30625 0.51572 0.83125
-2 0.525 0.487888 0.83125
-2 0.525 0.46609 0.83125
-2 -0.0875 0.456226 0.809375
-2 -0.153125 0.431883 0.896875
-2 -0.0875 0.423065 0.809375
-2 0.590625 0.409815 0.809375
-2 -0.153125 0.39681 0.721875
-2 -0.153125 0.394098 0.74375
-2 -0.153125 0.383362 0.678125
-2 0.04375 0.383195 0.721875
-2 0.546875 0.386763 0.7
-2 -0.109375 0.385446 0.590625
-2 0.459375 0.390758 0.6125
-2 -0.04375 0.394429 0.525
-2 -0.2625 0.403754 0.546875
-2 -0.2625 0.407845 0.525
-2 -0.13125 0.42153 0.48125
-2 -0.04375 0.4244 0.39375
-2 -0.04375 0.429467 0.459375
-2 0.13125 0.438268 0.459375
-2 -0.0875 0.439219 0.48125
-2 -0.109375 0.445055 0.4375
-2 -0.109375 0.450193 0.48125
-2 -0.13125 0.451073 0.4375
-2 -0.21875 0.456908 0.459375
-2 -0.21875 0.44181 0.503125
-2 -0.13125 0.445902 0.48125
-2 -0.153125 0.4397 0.48125
-2 -0.21875 0.429939 0.4375
-2 -0.153125 0.421994 0.48125
-2 -0.04375 0.405675 0.525
-2 -0.13125 0.395113 0.525
-2 -0.13125 0.381759 0.459375
-2 -0.0875 0.378873 0.546875
-2 -0.13125 0.363878 0.546875
-2 -0.065625 0.350002 0.328125
-2 -0.153125 0.341707 0.503125
-2 -0.109375 0.335506 0.546875
-2 -0.04375 0.325816 0.4375
-2 -0.13125 0.316998 0.503125
-2 -0.109375 0.307134 0.459375
-2 -0.153125 0.304596 0.459375
-2 -0.109375 0.294312 0.48125
-2 -0.0875 0.291599 0.503125
-2 0.04375 0.287492 0.415625
-2 -0.109375 0.287745 0.4375
-2 -0.21875 0.283463 0.459375
-2 -0.065625 0.284763 0.459375
-2 -0.04375 0.285539 0.415625
-2 -0.153125 0.286316 0.415625
-2 -0.2625 0.296513 0.459375
-2 0.0875 0.303673 0.459375
-2 -0.175 0.312474 0.39375
-2 -0.153125 0.316914 0.4375
-2 -0.13125 0.333565 0.415625
-2 -0.2625 0.343587 0.371875
-2 -0.04375 0.344189 0.30625
-2 -0.153125 0.370784 0.459375
-2 -0.065625 0.37784 0.39375
-2 -0.04375 0.395015 0.39375
-2 -0.021875 0.406607 0.35
-2 -0.109375 0.416804 0.371875
-2 0.328125 0.43014 0.371875
-2 -0.04375 0.43929 0.415625
-2 -0.153125 0.456814 0.39375
-2 -0.109375 0.448519 0.415625
-2 -0.109375 0.468239 0.415625
-2 0.065625 0.480704 0.459375
-2 -0.2625 0.484969 0.4375
-2 -0.175 0.482606 0.459375
-2 -0.13125 0.501002 0.48125
-2 -0.175 0.498813 0.48125
-2 -0.13125 0.500636 0.415625
-2 -0.109375 0.495482 0.4375
-2 -0.21875 0.504806 0.546875
-2 0.13125 0.504013 0.4375
-2 -0.21875 0.491183 0.546875
-2 -0.13125 0.508357 0.525
-2 0.13125 0.493608 0.525
-2 -0.0875 0.486535 0.56875
-2 0.109375 0.491498 0.7
-2 0.284375 0.482506 0.634375
-2 -0.109375 0.481713 0.65625
-2 0.13125 0.476558 0.65625
-2 -0.153125 0.473148 0.678125
-2 0.065625 0.469564 0.7
-2 -0.109375 0.464235 0.7
-2 -0.175 0.473559 0.634375
-2 0.109375 0.472837 0.65625
-2 -0.0875 0.46995 0.65625
-2 0.0875 0.470029 0.7
-2 0.109375 0.476737 0.721875
-2 0.13125 0.476293 0.6125
-2 -0.0875 0.485966 0.634375
-2 -0.2625 0.489534 0.7
-2 0.109375 0.49345 0.7
-2 -0.04375 0.504519 0.6125
-2 -0.109375 0.508436 0.634375
-2 0.04375 0.516365 0.6125
-2 -0.04375 0.53005 0.65625
-2 -0.04375 0.52978 0.634375
-2 -0.13125 0.535616 0.65625
-2 -0.21875 0.538486 0.7
-2 -0.109375 0.540032 0.678125
-2 -0.109375 0.552496 0.678125
-2 0.04375 0.554145 0.721875
-2 -0.21875 0.556317 0.721875
-2 -0.109375 0.557966 0.678125
-2 0.0875 0.560836 0.721875
-2 -0.109375 0.56074 0.590625
-2 -0.153125 0.560994 0.765625
-2 -0.04375 0.563864 0.65625
-2 0.459375 0.564537 0.74375
-2 -0.04375 0.56479 0.83125
-2 0.328125 0.568882 0.7875
-2 -0.2625 0.570007 0.765625
-2 -0.175 0.572703 0.765625
-2 -0.109375 0.580632 0.74375
-2 0.0875 0.584723 0.765625
-2 0.546875 0.585222 0.809375
-2 -0.109375 0.59315 0.765625
-2 -0.065625 0.599858 0.7
-2 -0.065625 0.602554 0.7875
-2 0.065625 0.610483 0.809375
-2 0.0875 0.615097 0.7
-2 0.153125 0.621805 0.809375
-2 -0.21875 0.620734 0.721875
-2 -0.153125 0.624127 0.91875
-2 0.153125 0.625253 0.7875
-2 0.284375 0.631263 0.853125
-2 0.284375 0.635528 0.83125
-2 0.503125 0.640214 0.875
-2 0.525 0.643084 0.853125
-2 0.525 0.649094 0.875
-2 0.284375 0.648126 0.7875
-2 0.2625 0.652392 0.7875
-2 0.546875 0.65446 0.875
-2 0.284375 0.656109 0.875
-2 0.021875 0.655142 0.853125
-2 -0.021875 0.655569 0.875
-2 0.56875 0.658614 0.896875
-2 0.503125 0.660683 0.83125
-2 -0.04375 0.658494 0.7875
-2 -0.04375 0.664155 0.83125
-2 -0.04375 0.670339 0.809375
-2 0.0875 0.664384 0.83125
-2 0.0875 0.669347 0.853125
-2 0.525 0.670473 0.853125
-2 0.109375 0.671249 0.853125
-2 -0.153125 0.668608 0.853125
-2 0.13125 0.668513 0.853125
-2 0.39375 0.66737 0.875
-2 -0.021875 0.665879 0.809375
-2 0.13125 0.662715 0.74375
-2 0.0875 0.650932 0.809375
-2 0.2625 0.650138 0.809375
-2 0.2625 0.633542 0.875
-2 0.4375 0.626294 0.83125
-2 0.371875 0.618523 0.809375
-2 0.525 0.608658 0.765625
-2 0.0875 0.594853 0.853125
-2 0 0.581848 0.765625
-2 -0.153125 0.561866 0.875
-2 0.328125 0.547886 0.896875
-2 0.546875 0.530346 0.83125
-2 0.503125 0.514027 0.853125
-2 -0.065625 0.506327 0.7875
-2 0.503125 0.4846 0.83125
-2 0 0.474562 0.809375
-2 0.546875 0.464768 0.74375
-2 0.371875 0.456299 0.809375
-2 0.35 0.451668 0.6125
-2 0.13125 0.448329 0.678125
-2 0.153125 0.448059 0.6125
-2 0.196875 0.429298 0.7
-2 0.2625 0.432937 0.65625
-2 0.2625 0.433365 0.65625
-2 0.153125 0.431176 0.525
-2 -0.0875 0.430803 0.590625
-2 -0.0875 0.435243 0.546875
-2 -0.153125 0.43881 0.590625
-2 -0.13125 0.434076 0.525
-2 -0.13125 0.444622 0.590625
-2 -0.065625 0.441806 0.525
-2 -0.109375 0.447642 0.503125
-2 0.04375 0.444406 0.56875
-2 -0.04375 0.440369 0.503125
-2 -0.21875 0.437657 0.56875
-2 0.13125 0.432399 0.525
-2 0.04375 0.428117 0.503125
-2 -0.13125 0.419997 0.503125
-2 0.153125 0.416309 0.503125
-2 -0.13125 0.416563 0.503125
-2 -0.13125 0.413398 0.415625
-2 -0.13125 0.404232 0.459375
-2 0.284375 0.389832 0.503125
-2 0.065625 0.384225 0.525
-2 0.021875 0.376454 0.4375
-2 -0.30625 0.360032 0.459375
-2 0.13125 0.349644 0.590625
-2 0.13125 0.333047 0.459375
-2 -0.04375 0.318822 0.415625
-2 0.0875 0.292107 0.503125
-2 0.13125 0.285383 0.48125
-2 0.065625 0.275867 0.371875
-2 0.153125 0.263632 0.371875
-2 0.196875 0.250104 0.525
-2 0.13125 0.245544 0.415625
-2 -0.21875 0.226085 0.415625
-2 0.0875 0.226409 0.415625
-2 -0.021875 0.217068 0.39375
-2 -0.109375 0.215125 0.48125
-2 0.065625 0.219216 0.4375
-2 -0.109375 0.210993 0.371875
-2 -0.240625 0.218747 0.328125
-2 -0.0875 0.2257 0.30625
-2 -0.109375 0.228222 0.30625
-2 0.021875 0.236396 0.284375
-2 -0.109375 0.241185 0.30625
-2 0.153125 0.25372 0.240625
-2 0.109375 0.26601 0.2625
-2 -0.21875 0.271219 0.284375
-2 -0.2625 0.280893 0.2625
-2 -0.2625 0.289242 0.2625
-2 -0.0875 0.294728 0.284375
-2 -0.2625 0.308834 0.240625
-2 -0.04375 0.305249 0.2625
-2 -0.21875 0.314296 0.2625
-2 -0.21875 0.322399 0.284375
-2 -0.109375 0.32063 0.284375
-2 -0.153125 0.326712 0.284375
-2 -0.04375 0.328884 0.35
-2 -0.04375 0.323975 0.371875
-2 0.109375 0.324403 0.35
-2 -0.21875 0.323855 0.371875
-2 0.328125 0.326725 0.415625
-2 -0.021875 0.323037 0.415625
-2 -0.0875 0.327548 0.415625
-2 0.065625 0.322045 0.39375
-2 -0.065625 0.328998 0.459375
-2 -0.153125 0.328554 0.459375
-2 0.065625 0.331495 0.459375
-2 -0.240625 0.331296 0.459375
-2 0.04375 0.334515 0.503125
-2 -0.153125 0.351586 0.459375
-2 -0.109375 0.363004 0.459375
-2 0.065625 0.376063 0.4375
-2 -0.065625 0.374294 0.459375
-2 -0.13125 0.383967 0.459375
-2 0.0875 0.398247 0.328125
-2 -0.2625 0.410886 0.503125
-2 -0.13125 0.425166 0.459375
-2 0.065625 0.438225 0.503125
-2 -0.109375 0.462203 0.525
-2 -0.153125 0.465144 0.503125
-2 -0.109375 0.478203 0.546875
-2 -0.153125 0.48962 0.503125
-2 -0.2625 0.502679 0.590625
-2 -0.175 0.529694 0.590625
-2 -0.2625 0.530296 0.634375
-2 -0.153125 0.55731 0.634375
-2 -0.065625 0.564787 0.65625
-2 -0.13125 0.568006 0.65625
-2 -0.065625 0.577227 0.65625
-2 0.371875 0.594822 0.7
-2 0.371875 0.611473 0.7875
-2 -0.153125 0.616856 0.7875
-2 0.371875 0.632706 0.7875
-2 0.415625 0.636868 0.809375
-2 0.04375 0.648286 0.7875
-2 0.109375 0.669893 0.9625
-2 0.21875 0.678067 0.809375
-2 0.109375 0.681286 0.83125
-2 0.196875 0.695043 0.896875
-2 0.04375 0.705834 0.9625
-2 0.153125 0.715229 0.91875
-2 -0.109375 0.718972 0.9625
-2 -0.109375 0.729763 0.984375
-2 -0.21875 0.744392 0.896875
-2 -0.21875 0.752566 0.91875
-2 -0.175 0.76032 1.00625
-2 0.109375 0.768495 1.00625
-2 0.503125 0.776669 1.05
-2 -0.04375 0.789205 1.09375
-2 0.13125 0.800972 1.00625
-2 0.21875 0.804087 0.984375
-2 0 0.813657 1.00625
-2 0.590625 0.82061 1.09375
-2 0.503125 0.828087 1.09375
-2 0.328125 0.838633 1.11563
-2 0.371875 0.844365 1.18125
-2 0.284375 0.850097 1.1375
-2 -0.0875 0.857225 1.11563
-2 -0.109375 0.868888 1.24687
-2 -0.153125 0.863385 1.24687
-2 -0.021875 0.878014 1.20312
-2 -0.175 0.880083 1.24687
-2 -0.109375 0.881628 1.18125
-2 -0.284375 0.892594 1.225
-2 -0.284375 0.896058 1.225
-2 0.21875 0.892823 1.11563
-2 -0.065625 0.896985 1.07187
-2 0.109375 0.889983 1.07187
-2 0.109375 0.889086 1.24687
-2 0.153125 0.892202 1.1375
-2 -0.04375 0.893049 1.18125
-2 0.328125 0.88657 1.15938
-2 0.109375 0.87845 1.1375
-2 0.525 0.873367 1.11563
-2 0 0.875785 1.07187
-2 0.04375 0.864422 1.07187
-2 0.065625 0.861432 1.07187
-2 0.48125 0.85722 1.07187
-2 0.109375 0.843589 1.05
-2 0.4375 0.841472 1.05
-2 0.109375 0.840329 1.02812
-2 0.196875 0.815534 1.00625
-2 0.109375 0.79475 1.05
-2 0.153125 0.779549 0.984375
-2 -0.109375 0.756498 0.984375
-2 -0.065625 0.734319 1.05
-2 -0.13125 0.705163 0.984375
-2 -0.21875 0.670773 1.07187
-2 -0.109375 0.650164 1.02812
-2 0.56875 0.623275 1.09375
-2 0.065625 0.599003 1.00625
-2 -0.153125 0.566706 1.02812
-2 0.13125 0.544702 1.02812
-2 -0.04375 0.515719 0.9625
-2 -0.04375 0.495983 0.896875
-2 0.109375 0.480187 0.809375
-2 0.153125 0.455915 0.7875
-2 0.065625 0.452053 0.809375
-2 -0.13125 0.441562 0.721875
-2 0.04375 0.429326 0.7
-2 0.109375 0.423894 0.678125
-2 0.065625 0.418636 0.678125
-2 -0.13125 0.417216 0.634375
-2 -0.04375 0.411958 0.6125
-2 -0.109375 0.40984 0.590625
-2 -0.240625 0.405978 0.459375
-2 0.04375 0.404733 0.56875
-2 -0.13125 0.405406 0.525
-2 -0.065625 0.40102 0.525
-2 -0.04375 0.391053 0.459375
-2 -0.109375 0.391203 0.459375
-2 -0.065625 0.374955 0.4375
-2 0.503125 0.373257 0.48125
-2 -0.240625 0.365557 0.39375
-2 -0.04375 0.350182 0.371875
-2 0.21875 0.333585 0.35
-2 0.065625 0.316639 0.30625
-2 0.109375 0.298996 0.328125
-2 -0.109375 0.276294 0.21875
-2 -0.109375 0.256208 0.2625
-2 -0.04375 0.226703 0.2625
-2 0.109375 0.197546 0.240625
-2 -0.21875 0.160888 0.240625
-2 -0.153125 0.124056 0.30625
-2 0.04375 0.089666 0.30625
-2 -0.109375 0.0507404 0.328125
-2 -0.328125 0.0102449 0.328125
-2 0.459375 -0.0228529 0.371875
-2 0.35 -0.053754 0.328125
-2 0.04375 -0.0815151 0.2625
-2 -0.284375 -0.102647 0.328125
-2 0.546875 -0.12064 0.35
-2 -0.21875 -0.140551 0.35
-2 -0.04375 -0.126271 0.109375
-2 0.13125 -0.109548 0.240625
-2 0.35 -0.111143 0.21875
-2 0.328125 -0.0812662 -0.021875
-2 0.39375 -0.0753596 -0.04375
-2 0.371875 -0.0516596 0.13125
-2 0.328125 -0.0304018 -0.0875
-2 0.48125 -0.0161218 0.196875
-2 0 -0.00306289 0.04375
-2 0.546875 0.0169738 0.109375
-2 0.39375 0.0234749 0.109375
-2 0.525 0.0377549 0.109375
-2 0.459375 0.0520349 -0.0875
-2 -0.065625 0.0650938 0.109375
-2 0.371875 0.095946 0.109375
-2 -0.04375 0.0940738 0.109375
-2 0.35 0.108354 0.0875
-2 0.065625 0.121413 -0.04375
-2 0.021875 0.135693 -0.04375
-2 0.459375 0.149973 -0.021875
-2 0.546875 0.164673 0.021875
-2 0.13125 0.178953 0.021875
-2 0.04375 0.193233 0.021875
-2 0.459375 0.207513 0.021875
-2 0.634375 0.221793 0.04375
-2 -0.04375 0.236493 0.0875
-2 0.196875 0.250773 0.109375
-2 -0.109375 0.265053 0.240625
-2 0.546875 0.279333 0.13125
-2 0.328125 0.294033 0.35
-2 0 0.308313 0.35
-2 0.13125 0.322593 0.30625
-2 -0.04375 0.336873 0.240625
-2 0.39375 0.351573 0.371875
-2 -0.0875 0.365853 0.371875
-2 0.04375 0.381354 0.35
-2 0.415625 0.395634 0.503125
-2 -0.065625 0.410334 0.415625
-2 -0.13125 0.424614 0.328125
-2 0.109375 0.438894 0.546875
-2 0.04375 0.453594 0.590625
-2 0.196875 0.467874 0.590625
-2 -0.04375 0.482154 0.65625
-2 -0.153125 0.496854 0.634375
-2 0.04375 0.511134 0.74375
-2 -0.04375 0.525414 0.634375
-2 0.109375 0.540114 0.74375
-2 0.13125 0.553173 0.65625
-2 0.13125 0.57443 0.7
-2 0.153125 0.598027 0.65625
-2 -0.109375 0.593293 0.83125
-2 -0.04375 0.624319 0.74375
-2 -0.065625 0.623145 0.74375
-2 -0.109375 0.651206 0.74375
-2 -0.0875 0.65938 0.7875
-2 0.153125 0.672336 0.7875
-2 0.065625 0.686267 0.7875
-2 0.328125 0.691476 0.765625
-2 0.0875 0.703385 0.765625
-2 -0.109375 0.713653 0.83125
-2 -0.109375 0.719979 0.83125
-2 0.13125 0.72763 0.875
-2 0.459375 0.726734 0.896875
-2 0.371875 0.729223 0.9625
-2 0.328125 0.735653 0.91875
-2 0.13125 0.735525 0.940625
-2 0.0875 0.741606 0.896875
-2 0 0.741058 0.91875
-2 0.328125 0.743547 0.9625
-2 -0.04375 0.738638 1.05
-2 -0.0875 0.743744 1.09375
-2 -0.13125 0.745813 1.02812
-2 -0.109375 0.745685 1.11563
-2 -0.153125 0.748975 1.07187
-2 0 0.755825 1.07187
-2 0.065625 0.759115 1.11563
-2 -0.0875 0.761604 1.07187
-2 -0.109375 0.763673 1.1375
-2 0.546875 0.766162 1.11563
-2 -0.0875 0.774859 1.05
-2 0.328125 0.776127 1.05
-2 -0.240625 0.775754 1.09375
-2 0.30625 0.782778 1.05
-2 0.0875 0.784324 1.02812
-2 0.109375 0.778788 1.00625
-2 0.065625 0.792545 1.00625
-2 0.0875 0.784567 0.984375
-2 0.0875 0.790648 1.02812
-2 -0.065625 0.78581 0.9625
-2 0.065625 0.783764 0.91875
-2 -0.153125 0.78182 0.91875
-2 -0.021875 0.775936 0.940625
-2 0.04375 0.775563 0.940625
-2 -0.175 0.764619 0.984375
-2 0.13125 0.760408 0.984375
-2 0.109375 0.75714 0.984375
-2 0.109375 0.733114 0.984375
-2 -0.04375 0.715645 0.875
-2 0.13125 0.713947 0.940625
-2 -0.13125 0.704852 0.940625
-2 -0.065625 0.688152 0.940625
-2 -0.021875 0.667439 0.940625
-2 0.065625 0.646307 0.91875
-2 0.284375 0.621583 0.984375
-2 0.30625 0.602092 0.984375
-2 -0.0875 0.575028 0.9625
-2 0.109375 0.546466 0.940625
-2 0.0875 0.526904 0.940625
-2 -0.04375 0.506366 0.984375
-2 0.153125 0.479897 0.83125
-2 0.04375 0.470802 0.896875
-2 0.0875 0.46073 0.853125
-2 -0.153125 0.446996 0.875
-2 -0.04375 0.437552 0.74375
-2 -0.04375 0.43062 0.74375
-2 -0.240625 0.428748 0.678125
-2 0.04375 0.427399 0.65625
-2 -0.065625 0.426852 0.634375
-2 -0.153125 0.428119 0.590625
-2 0.153125 0.427468 0.56875
-2 -0.065625 0.43791 0.6125
-2 0.065625 0.439702 0.65625
-2 0.109375 0.442365 0.590625
-2 -0.2625 0.446004 0.546875
-2 -0.2625 0.450586 0.56875
-2 -0.2625 0.452552 0.56875
-2 0 0.455564 0.634375
-2 0.0875 0.453446 0.546875
-2 0.109375 0.446166 0.634375
-2 0.065625 0.445864 0.590625
-2 0.065625 0.442596 0.546875
-2 0.065625 0.43507 0.6125
-2 -0.04375 0.431105 0.65625
-2 0.109375 0.420162 0.634375
-2 0.0875 0.416196 0.634375
-2 0.021875 0.40239 0.503125
-2 0.13125 0.394238 0.415625
-2 0.04375 0.378236 0.503125
-2 -0.021875 0.360315 0.546875
-2 0.109375 0.347976 0.525
-2 0.459375 0.339229 0.56875
-2 0.065625 0.318692 0.6125
-2 -0.0875 0.306178 0.590625
-2 -0.153125 0.296282 0.415625
-2 0.109375 0.281849 0.525
-2 -0.04375 0.271255 0.525
-2 0.021875 0.260066 0.415625
-2 0.13125 0.249297 0.459375
-2 0.04375 0.236435 0.284375
-2 -0.153125 0.236133 0.48125
-2 0.13125 0.233912 0.459375
-2 -0.109375 0.232388 0.4375
-2 -0.065625 0.23341 0.39375
-2 0.065625 0.234853 0.4375
-2 0.13125 0.240133 0.284375
-2 -0.109375 0.271928 0.284375
-2 0.04375 0.26709 0.2625
-2 0.153125 0.279348 0.35
-2 0.04375 0.305562 0.39375
-2 0.284375 0.309026 0.35
-2 -0.153125 0.328436 0.328125
-2 -0.153125 0.342089 0.48125
-2 -0.04375 0.358883 0.371875
-2 0.0875 0.371838 0.35
-2 -0.04375 0.383049 0.371875
-2 -0.0875 0.396179 0.503125
-2 0.4375 0.406169 0.459375
-2 0.0875 0.419474 0.525
-2 0.153125 0.427196 0.415625
-2 0 0.43265 0.35
-2 0.153125 0.438732 0.4375
-2 0.0875 0.44436 0.459375
-2 -0.04375 0.441267 0.459375
-2 -0.109375 0.441314 0.48125
-2 0.13125 0.448338 0.503125
-2 0.153125 0.448385 0.546875
-2 -0.065625 0.442675 0.590625
-2 0.13125 0.448304 0.56875
-2 -0.04375 0.443815 0.56875
-2 0.109375 0.443164 0.6125
-2 -0.109375 0.446874 0.6125
-2 0.065625 0.440815 0.65625
-2 0.13125 0.442955 0.65625
-2 -0.175 0.445967 0.65625
-2 -0.021875 0.448805 0.65625
-2 0.04375 0.450247 0.7
-2 0.04375 0.451689 0.7
-2 0.13125 0.45819 0.7
-2 -0.065625 0.47917 0.7
-2 0.065625 0.482706 0.65625
-2 0.0875 0.504907 0.6125
-2 0 0.518386 0.6125
-2 0.2625 0.530644 0.7
-2 -0.13125 0.548135 0.678125
-2 0.04375 0.564754 0.809375
-2 0.065625 0.570208 0.7875
-2 -0.175 0.589618 0.809375
-2 -0.0875 0.596817 0.83125
-2 -0.109375 0.608448 0.83125
-2 -0.13125 0.626637 0.940625
-2 0.04375 0.629998 0.853125
-2 -0.065625 0.645222 0.940625
-2 0.153125 0.654514 0.809375
-2 -0.13125 0.663283 0.7875
-2 -0.13125 0.665597 0.83125
-2 -0.0875 0.673145 0.809375
-2 0.04375 0.679297 0.7875
-2 -0.175 0.684228 0.875
-2 0.04375 0.689579 0.875
-2 0.13125 0.695732 0.896875
-2 0.153125 0.7045 0.875
-2 0.109375 0.702803 0.91875
-2 0.13125 0.711572 0.875
-2 0.284375 0.717724 1.00625
-2 0.0875 0.718119 0.91875
-2 -0.153125 0.726714 0.9625
-2 -0.04375 0.737124 0.940625
-2 0.065625 0.74188 0.984375
-2 -0.04375 0.742102 0.984375
-2 -0.0875 0.755057 1.09375
-2 0.13125 0.757895 1.15938
-2 -0.13125 0.76813 1.11563
-2 0.109375 0.779342 0.940625
-2 0.0875 0.785319 1.11563
-2 -0.065625 0.800892 1.15938
-2 -0.021875 0.809486 1.18125
-2 -0.175 0.821117 1.15938
-2 -0.0875 0.831107 1.15938
-2 -0.13125 0.84162 1.15938
-2 -0.065625 0.847249 1.18125
-2 -0.0875 0.863519 1.18125
-2 -0.021875 0.86887 1.18125
-2 -0.04375 0.877814 1.18125
-2 0.065625 0.888502 1.225
-2 -0.153125 0.889769 1.24687
-2 0.109375 0.894074 1.225
-2 -0.065625 0.89726 1.24687
-2 -0.153125 0.908297 1.26875
-2 0.109375 0.911658 1.20312
-2 -0.065625 0.908462 1.18125
-2 -0.109375 0.911474 1.18125
-2 -0.109375 0.912393 1.20312
-2 0.04375 0.904312 1.225
-2 0.109375 0.906626 1.1375
-2 0.065625 0.903882 1.1375
-2 0.0875 0.899916 1.11563
-2 0.109375 0.889393 1.07187
-2 0.503125 0.877228 1.11563
-2 0.065625 0.876054 1.1375
-2 -0.0875 0.85925 1.15938
-2 0.13125 0.862612 1.15938
-2 0.328125 0.845563 1.09375
-2 0.503125 0.835563 1.11563
-2 0.0875 0.81485 1.20312
-2 -0.04375 0.803733 1.02812
-2 0.196875 0.789197 1.09375
-2 0.240625 0.766043 1.09375
-2 0.153125 0.742888 1.1375
-2 0.109375 0.718758 1.05
-2 0.13125 0.692464 1.07187
-2 0.065625 0.669555 1.02812
-2 0.065625 0.636457 1.05
-2 -0.13125 0.615745 1.02812
-2 0.175 0.588998 0.9625
-2 0.021875 0.571775 0.9625
-2 0.0875 0.546598 0.91875
-2 0.04375 0.528677 0.940625
-2 -0.0875 0.516338 0.875
-2 -0.109375 0.497267 0.853125
-2 0.04375 0.479869 0.74375
-2 -0.153125 0.476673 0.7875
-2 0.0875 0.467823 0.765625
-2 0.0875 0.464206 0.765625
-2 -0.0875 0.456648 0.74375
-2 -0.175 0.457393 0.721875
-2 0.21875 0.454196 0.721875
-2 0.04375 0.454592 0.7
-2 0.109375 0.448953 0.721875
-2 0.13125 0.449872 0.678125
-2 -0.04375 0.448594 0.65625
-2 -0.153125 0.438872 0.6125
-2 0.109375 0.433407 0.48125
-2 0.13125 0.434675 0.6125
-2 -0.21875 0.425373 0.546875
-2 -0.04375 0.421407 0.590625
-2 -0.04375 0.410884 0.546875
-2 0.13125 0.396103 0.590625
-2 0.153125 0.381218 0.6125
-2 0.196875 0.366263 0.590625
-2 0.13125 0.356437 0.6125
-2 0.04375 0.336946 0.546875
-2 -0.04375 0.327295 0.48125
-2 0.153125 0.314084 0.56875
-2 0.13125 0.303212 0.6125
-2 0.21875 0.296629 0.634375
-2 0.065625 0.284013 0.65625
-2 0.2625 0.27785 0.74375
-2 0.0875 0.263942 0.634375
-2 0.13125 0.272084 0.56875
-2 0.04375 0.288005 0.56875
-2 0.13125 0.294228 0.56875
-2 0.153125 0.318348 0.525
-2 0.196875 0.330328 0.48125
-2 -0.065625 0.348414 0.48125
-2 0.153125 0.370092 0.48125
-2 0.0875 0.385212 0.459375
-2 -0.04375 0.400332 0.459375
-2 -0.04375 0.415032 0.525
-2 -0.109375 0.430152 0.6125
-2 -0.21875 0.444852 0.56875
-2 0.109375 0.459972 0.56875
-2 0.109375 0.475092 0.6125
-2 0.109375 0.489792 0.546875
-2 0.13125 0.504912 0.590625
-2 0.459375 0.520032 0.634375
-2 0.153125 0.534732 0.634375
-2 -0.04375 0.549852 0.65625
-2 0.240625 0.564972 0.7875
-2 0.284375 0.579672 0.83125
-2 -0.153125 0.594792 0.7875
-2 -0.175 0.609912 0.896875
-2 -0.109375 0.62339 0.74375
-2 0.13125 0.63851 0.91875
-2 0.13125 0.65363 0.853125
-2 0.04375 0.673286 0.853125
-2 0.13125 0.681008 0.853125
-2 -0.04375 0.696128 0.91875
-2 0.21875 0.714388 0.875
-2 -0.04375 0.724727 0.896875
-2 -0.21875 0.752582 0.91875
-2 0.153125 0.752525 0.9625
-2 -0.109375 0.767645 0.875
-2 0.196875 0.789846 0.9625
-2 0.153125 0.810374 0.984375
-2 -0.21875 0.8077 0.984375
-2 0.109375 0.841312 1.02812
-2 0.109375 0.852768 1.07187
-2 0.153125 0.865026 1.09375
-2 0.109375 0.857294 1.09375
-2 -0.13125 0.885323 1.02812
-2 0.0875 0.903408 1.02812
-2 0.13125 0.909386 1.15938
-2 0 0.925378 1.09375
-2 0.153125 0.935788 1.11563
-2 0.13125 0.946198 1.18125
-2 0.13125 0.957132 1.07187
-2 0.153125 0.96632 1.09375
-2 -0.109375 0.971252 1.15938
-2 0.109375 0.986197 1.20312
-2 0.153125 0.989106 1.18125
-2 0.13125 0.996376 1.20312
-2 0.13125 1.0033 1.18125
-2 0.109375 1.00498 1.225
-2 0.13125 1.01899 1.225
-2 0.13125 1.01823 1.18125
-2 -0.065625 1.01626 1.225
-2 0.13125 1.02265 1.24687
-2 0.13125 1.02469 1.24687
-2 0.196875 1.02341 1.37813
-2 0.065625 1.02423 1.29062
-2 0.0875 1.01214 1.33438
-2 0.0875 1.01487 1.42188
-2 -0.13125 0.999637 1.37813
-2 -0.065625 1.00317 1.37813
-2 -0.196875 0.993173 1.4
-2 -0.04375 0.9823 1.4
-2 -0.13125 0.968288 1.4
-2 0.109375 0.972942 1.42188
-2 -0.0875 0.964512 1.4
-2 -0.175 0.954337 1.37813
-2 0.0875 0.945209 1.44375
-2 -0.04375 0.943059 1.35625
-2 0.13125 0.93899 1.4
-2 0.13125 0.937887 1.4
-2 0.065625 0.930504 1.46562
-2 0.109375 0.920329 1.35625
-2 -0.065625 0.922192 1.42188
-2 0.153125 0.93609 1.4
-2 0.04375 0.94179 1.4
-2 -0.065625 0.949933 1.4
-2 -0.0875 0.965053 1.46562
-2 -0.175 0.981394 1.4
-2 0.13125 0.996514 1.37813
-2 0.13125 1.01163 1.33438
-2 0.415625 1.02675 1.37813
-2 0.196875 1.04187 1.37813
-2 0.04375 1.05699 1.37813
-2 0.04375 1.07211 1.29062
-2 0.13125 1.08723 1.44375
-2 0.021875 1.10235 1.44375
-2 0.284375 1.11747 1.44375
-2 -0.196875 1.13259 1.50937
-2 0.065625 1.14813 1.4875
-2 -0.240625 1.16325 1.575
-2 -0.04375 1.17837 1.575
-2 0.2625 1.19227 1.575
-2 0.0875 1.20739 1.64062
-2 0.04375 1.22129 1.53125
-2 -0.2625 1.23641 1.59688
-2 -0.153125 1.26165 1.64062
-2 0.065625 1.27293 1.70625
-2 0.04375 1.28306 1.79375
-2 0.153125 1.29312 1.77188
-2 0.13125 1.32255 1.68437
-2 0.196875 1.32755 1.75
-2 0.13125 1.34564 1.72812
-2 0.153125 1.35901 1.77188
-2 0.153125 1.36681 1.85938
-2 0.153125 1.37764 1.79375
-2 0.153125 1.38857 1.79375
-2 0.2625 1.39514 1.88125
-2 0.13125 1.40695 1.99063
-2 0.153125 1.41369 1.85938
-2 -0.04375 1.41824 1.85938
-2 0.153125 1.43075 1.88125
-2 0.196875 1.4354 1.96875
-2 0.153125 1.43656 1.94687
-2 -0.0875 1.44383 1.94687
-2 -0.13125 1.44716 1.94687
-2 0.109375 1.456 1.925
-2 -0.04375 1.4617 1.94687
-2 0.153125 1.46932 1.94687
-2 -0.04375 1.47213 1.94687
-2 0.109375 1.46457 1.90312
-2 0.065625 1.46591 1.90312
-2 0.13125 1.46986 1.925
-2 0.04375 1.46604 1.85938
-2 0.021875 1.46354 1.85938
-2 0.503125 1.4504 1.85938
-2 0.109375 1.45111 1.925
-2 -0.021875 1.44443 1.90312
-2 -0.04375 1.43129 1.925
-2 -0.04375 1.43298 1.90312
-2 0.415625 1.42287 1.94687
-2 0.328125 1.41497 1.90312
-2 0.415625 1.40514 1.94687
-2 0.284375 1.3926 1.925
-2 -0.13125 1.38486 1.96875
-2 0.328125 1.36928 1.96875
-2 0.328125 1.3536 2.0125
-2 0.065625 1.33051 2.0125
-2 -0.109375 1.31667 1.96875
-2 0.284375 1.2968 1.8375
-2 0.328125 1.27843 1.99063
-2 0.328125 1.26588 1.96875
-2 0.065625 1.25292 1.96875
-2 -0.109375 1.23646 1.96875
-2 -0.109375 1.2377 2.05625
-2 0 1.23276 1.85938
-2 -0.04375 1.22799 1.90312
-2 -0.0875 1.24754 1.90312
-2 -0.065625 1.24871 1.8375
-2 -0.0875 1.26425 1.8375
-2 0.065625 1.27937 1.70625
-2 0.153125 1.29491 1.79375
-2 0.04375 1.31003 1.77188
-2 -0.04375 1.32393 1.79375
-2 0.13125 1.33825 1.79375
-2 0.503125 1.35092 1.81563
-2 -0.0875 1.37222 1.81563
-2 0 1.38228 1.85938
-2 -0.175 1.41317 1.925
-2 0.13125 1.40614 1.90312
-2 -0.13125 1.4236 1.925
-2 -0.04375 1.44325 1.99063
-2 -0.175 1.44501 1.90312
-2 0.04375 1.47723 2.03437
-2 0.13125 1.49416 2.05625
-2 0.459375 1.49149 2.07812
-2 0.503125 1.50267 2.05625
-2 0.153125 1.51779 2.07812
-2 -0.04375 1.53333 1.94687
-2 0.04375 1.54845 2.34063
-2 -0.04375 1.56399 2.1
-2 -0.021875 1.57953 2.1
-2 0.065625 1.59343 2.12188
-2 0.065625 1.61594 2.16562
-2 0.175 1.62409 2.07812
-2 0.065625 1.63963 2.16562
-2 0.109375 1.65353 2.20938
-2 0.13125 1.66784 2.20938
-2 -0.21875 1.6949 2.25312
-2 -0.04375 1.70496 2.42813
-2 0.175 1.72643 2.275
-2 0.04375 1.74242 2.23125
-2 -0.109375 1.75064 2.25312
-2 0.0875 1.76722 2.31875
-2 0.153125 1.77641 2.275
-2 0.109375 1.79335 2.38437
-2 0.04375 1.79964 2.3625
-2 0.0875 1.80272 2.38437
-2 0.065625 1.81443 2.40625
-2 0 1.82187 2.34063
-2 0 1.82293 2.49375
-2 -0.21875 1.82521 2.42813
-2 -0.13125 1.81556 2.45
-2 0.13125 1.81523 2.49375
-2 0.04375 1.81489 2.47187
-2 0.065625 1.81334 2.40625
-2 0.0875 1.80543 2.5375
-2 0.065625 1.79934 2.47187
-2 0.35 1.80529 2.49375
-2 0.13125 1.79843 2.51562
-2 0.13125 1.80176 2.66875
-2 -0.153125 1.80037 2.47187
-2 0.153125 1.80876 2.60312
-2 -0.04375 1.81132 2.51562
-2 0.065625 1.8164 2.51562
-2 -0.04375 1.81938 2.49375
-2 0.0875 1.83143 2.49375
-2 0.065625 1.83608 2.49375
-2 -0.04375 1.84429 2.45
-2 -0.021875 1.85495 2.51562
-2 0.153125 1.85479 2.51562
-2 -0.175 1.87514 2.51562
-2 0.04375 1.88841 2.5375
-2 0.065625 1.89523 2.55938
-2 0.35 1.90606 2.55938
-2 -0.196875 1.91951 2.625
-2 0.065625 1.92608 2.55938
-2 0.0875 1.94267 2.55938
-2 -0.04375 1.95559 2.51562
-2 0.04375 1.96904 2.47187
-2 0.13125 1.97708 2.49375
-2 0.175 1.99244 2.47187
-2 0.04375 1.99797 2.55938
-2 -0.109375 2 2.38437
-2 0.065625 2 2.29688
-2 0.0875 2 2.23125
-2 0.30625 2 2.16562
-2 -0.04375 1.99316 2.14375
-2 0.328125 1.96892 2.275
-2 -0.109375 1.9494 1.70625
-2 0.35 1.91749 1.94687
-2 -0.04375 1.87208 2.03437
-2 0.04375 1.8072 2.12188
-2 0.065625 1.74406 2.1875
-2 0.153125 1.67029 2.1875
-2 0.065625 1.59896 2.1875
-2 -0.109375 1.49762 2.16562
-2 -0.175 1.42437 2.0125
-2 -0.175 1.34082 1.99063
-2 -0.04375 1.25379 1.85938
-2 0.153125 1.15489 1.79375
-2 0.109375 1.06925 1.68437
-2 -0.065625 0.983966 1.64062
-2 -0.109375 0.880012 1.61875
-2 -0.109375 0.790885 1.29062
-2 0.0875 0.652216 1.42188
-2 0.13125 0.563787 1.3125
-2 0.284375 0.487046 1.15938
-2 0.21875 0.393035 0.940625
-2 -0.13125 0.32362 0.7875
-2 0.175 0.236587 0.6125
-2 0.065625 0.164033 0.415625
-2 -0.2625 0.0738593 0.39375
-2 0.153125 -0.00828956 0.30625
-2 0.13125 -0.0825884 0.30625
-2 0.2625 -0.16875 0.371875
-2 0.0875 -0.250898 0.35
-2 0.30625 -0.336362 0.30625
-2 0.109375 -0.417115 0.21875
-2 -0.13125 -0.507463 0.153125
-2 0.0875 -0.582912 0.04375
-2 0.13125 -0.652326 -0.04375
-2 0.48125 -0.706564 -0.0875
-2 -0.021875 -0.769698 -0.196875
-2 0.065625 -0.843997 -0.30625
-2 0.13125 -0.901724 -0.35
-2 -0.13125 -0.971487 -0.39375
-2 0.30625 -1.03305 -0.65625
-2 0.021875 -1.09926 -0.721875
-2 -0.04375 -1.13867 -0.765625
-2 0.4375 -1.18697 -0.83125
-2 0.0875 -1.2276 -0.875
-2 0.35 -1.25341 -0.9625
-2 -0.13125 -1.27799 -1.05
-2 -0.153125 -1.28705 -1.20312
-2 -0.13125 -1.27405 -1.225
-2 0.0875 -1.26305 -1.26875
-2 0.30625 -1.24123 -1.4875
-2 -0.021875 -1.20493 -1.55313
-2 -0.04375 -1.18014 -1.61875
-2 0.065625 -1.14761 -1.72812
-2 0.109375 -1.1066 -1.70625
-2 0.0875 -1.0539 -1.75
-2 -0.109375 -1.00853 -1.8375
-2 0 -0.969024 -1.77188
-2 -0.04375 -0.934644 -1.6625
-2 -0.109375 -0.912301 -1.575
-2 0.371875 -0.895016 -1.50937
-2 0.175 -0.884115 -1.50937
-2 -0.04375 -0.877821 -1.4
-2 0.153125 -0.86891 -1.33438
-2 -0.13125 -0.878141 -1.24687
-2 0.30625 -0.879276 -1.18125
-2 -0.04375 -0.897404 -1.1375
-2 -0.04375 -0.899657 -1.05
-2 0.065625 -0.906898 -1.05
-2 0.153125 -0.921188 -0.9625
-2 0.109375 -0.931815 -0.984375
-2 0.13125 -0.929287 -0.91875
-2 0.13125 -0.927005 -0.940625
-2 -0.328125 -0.908848 -0.984375
-2 -0.021875 -0.885213 -1.09375
-2 -0.13125 -0.868626 -1.11563
-2 0.13125 -0.848725 -0.984375
-2 0.0875 -0.82823 -0.896875
-2 0.04375 -0.797164 -0.896875
-2 0.196875 -0.76261 -0.875
-2 0.13125 -0.728158 -0.9625
-2 0.35 -0.696918 -1.1375
-2 0.065625 -0.647988 -1.00625
-2 0.13125 -0.59599 -0.809375
-2 0.196875 -0.559865 -0.83125
-2 -0.04375 -0.507272 -0.896875
-2 0.13125 -0.450737 -0.875
-2 0.109375 -0.398144 -0.7875
-2 -0.04375 -0.342482 -0.634375
-2 -0.21875 -0.284306 -0.65625
-2 0 -0.225504 -0.83125
-2 0.13125 -0.171864 -0.546875
-2 0.109375 -0.117772 -0.48125
-2 -0.21875 -0.0739718 -0.4375
-2 0.065625 -0.0116096 -0.35
-2 0.13125 0.0297482 -0.35
-2 0.284375 0.100833 -0.240625
-2 0.35 0.133119 -0.21875
-2 0.0875 0.204204 -0.153125
-2 -0.109375 0.25533 -0.109375
-2 -0.0875 0.301818 -0.284375
-2 0.065625 0.368122 -0.0875
-2 -0.04375 0.424029 -0.109375
-2 0.0875 0.488659 0.153125
-2 0.04375 0.547462 0.371875
-2 0.371875 0.583832 0.153125
-2 -0.175 0.637924 0.35
-2 -0.04375 0.676213 0.328125
-2 0.065625 0.720885 0.546875
-2 0.04375 0.735624 0.546875
-2 0.0875 0.769829 0.74375
-2 0.175 0.776893 0.765625
-2 0.0875 0.795818 0.91875
-2 0 0.809788 0.765625
-2 0.175 0.822783 0.853125
-2 -0.065625 0.83117 1.02812
-2 0.065625 0.843118 1.02812
-2 0.065625 0.855938 1.20312
-2 -0.04375 0.858744 1.07187
-2 -0.04375 0.863888 1.05
-2 -0.021875 0.869556 1.20312
-2 0.13125 0.874455 1.24687
-2 0.0875 0.868784 1.24687
-2 -0.109375 0.877243 1.11563
-2 0.0875 0.876908 1.20312
-2 -0.021875 0.869842 1.33438
-2 0.109375 0.871148 1.29062
-2 0.0875 0.875 1.33438
-2 -0.04375 0.859735 1.18125
-2 0.13125 0.870462 1.18125
-2 -0.153125 0.88164 1.33438
-2 0.13125 0.875097 1.3125
-2 0.065625 0.880067 1.33438
-2 0.109375 0.878234 1.20312
-2 0.153125 0.885924 1.18125
-2 -0.2625 0.892289 1.29062
-2 0.109375 0.893596 1.26875
-2 -0.175 0.901357 1.24687
-2 0.13125 0.901546 1.20312
-2 0.175 0.908086 1.20312
-2 -0.153125 0.90695 1.26875
-2 0.065625 0.914363 1.15938
-2 0.065625 0.918564 1.225
-2 0.0875 0.912718 1.1375
-2 0.13125 0.924666 1.05
-2 -0.0875 0.926322 1.07187
-2 -0.04375 0.917685 1.05
-2 0.21875 0.90835 1.05
-2 0.284375 0.89877 1.05
-2 0.021875 0.895542 1.07187
-2 -0.0875 0.884986 1.07187
-2 -0.04375 0.871814 1.07187
-2 0.13125 0.846256 1.11563
-2 0.13125 0.822268 1.11563
-2 0.065625 0.800897 1.02812
-2 0.35 0.771256 1.1375
-2 0.153125 0.730696 1.11563
-2 -0.21875 0.696939 1.15938
-2 0.065625 0.656903 1.1375
-2 0.13125 0.624193 1.1375
-2 -0.153125 0.59375 1.09375
-2 0.13125 0.551446 1.02812
-2 0.13125 0.524144 1.00625
-2 0.065625 0.499982 0.9625
-2 0.13125 0.476168 0.9625
-2 -0.065625 0.461355 0.896875
-2 0.153125 0.43789 0.809375
-2 0.13125 0.430998 0.809375
-2 0.175 0.421838 0.7875
-2 -0.04375 0.421749 0.765625
-2 -0.175 0.420439 0.7
-2 0.175 0.417908 0.678125
-2 -0.0875 0.419215 0.678125
-2 -0.021875 0.423313 0.6125
-2 0.13125 0.427759 0.590625
-2 -0.13125 0.434997 0.6125
-2 0.109375 0.427233 0.590625
-2 -0.0875 0.434994 0.590625
-2 0.153125 0.431939 0.525
-2 0.13125 0.436212 0.503125
-2 -0.0875 0.431064 0.546875
-2 0.04375 0.42609 0.546875
-2 0.109375 0.416756 0.546875
-2 0.13125 0.410458 0.4375
-2 0.0875 0.394844 0.415625
-2 -0.0875 0.395976 0.48125
-2 0.109375 0.373733 0.415625
-2 0.065625 0.356374 0.503125
-2 0.153125 0.329246 0.371875
-2 0.13125 0.314678 0.30625
-2 -0.065625 0.280922 0.459375
-2 0.153125 0.237047 0.459375
-2 0.065625 0.20957 0.4375
-2 0.0875 0.173617 0.39375
-2 0.13125 0.151374 0.39375
-2 -0.153125 0.109244 0.56875
-2 0.065625 0.0749638 0.56875
-2 0.153125 0.0443471 0.525
-2 -0.240625 0.0184404 0.459375
