9.100000000000000000e+01 1.100000000000000000e+02
9.100000000000000000e+01 1.080000000000000000e+02
9.000000000000000000e+01 1.070000000000000000e+02
9.000000000000000000e+01 1.050000000000000000e+02
9.000000000000000000e+01 1.040000000000000000e+02
9.000000000000000000e+01 9.900000000000000000e+01
9.000000000000000000e+01 9.800000000000000000e+01
9.100000000000000000e+01 9.300000000000000000e+01
9.100000000000000000e+01 9.200000000000000000e+01
9.100000000000000000e+01 8.700000000000000000e+01
9.100000000000000000e+01 8.600000000000000000e+01
9.100000000000000000e+01 8.100000000000000000e+01
9.100000000000000000e+01 8.000000000000000000e+01
9.100000000000000000e+01 7.500000000000000000e+01
9.100000000000000000e+01 7.400000000000000000e+01
9.100000000000000000e+01 6.900000000000000000e+01
9.100000000000000000e+01 6.800000000000000000e+01
9.100000000000000000e+01 6.300000000000000000e+01
9.100000000000000000e+01 6.200000000000000000e+01
9.100000000000000000e+01 5.700000000000000000e+01
9.100000000000000000e+01 5.600000000000000000e+01
9.100000000000000000e+01 5.100000000000000000e+01
9.100000000000000000e+01 5.000000000000000000e+01
9.100000000000000000e+01 4.500000000000000000e+01
9.100000000000000000e+01 4.400000000000000000e+01
9.100000000000000000e+01 3.900000000000000000e+01
9.100000000000000000e+01 3.800000000000000000e+01
9.100000000000000000e+01 3.300000000000000000e+01
9.100000000000000000e+01 3.200000000000000000e+01
9.100000000000000000e+01 2.700000000000000000e+01
9.100000000000000000e+01 2.600000000000000000e+01
9.000000000000000000e+01 2.100000000000000000e+01
9.000000000000000000e+01 2.000000000000000000e+01
8.900000000000000000e+01 1.900000000000000000e+01
8.800000000000000000e+01 1.700000000000000000e+01
8.700000000000000000e+01 1.800000000000000000e+01
